  0.00000E+00 -0.26845E-10  0.21464E-09  0.65573E-10
  0.30000E+00 -0.75608E-10  0.60463E-09  0.18489E-09
  0.60000E+00 -0.17103E-09  0.13679E-08  0.41853E-09
  0.90000E+00 -0.33364E-09  0.26687E-08  0.81686E-09
  0.12000E+01 -0.58519E-09  0.46808E-08  0.14332E-08
  0.15000E+01 -0.94744E-09  0.75786E-08  0.23210E-08
  0.18000E+01 -0.14412E-08  0.11527E-07  0.35307E-08
  0.21000E+01 -0.20848E-08  0.16674E-07  0.51076E-08
  0.24000E+01 -0.28937E-08  0.23141E-07  0.70892E-08
  0.27000E+01 -0.38792E-08  0.31019E-07  0.95031E-08
  0.30000E+01 -0.50480E-08  0.40359E-07  0.12366E-07
  0.33000E+01 -0.64011E-08  0.51173E-07  0.15679E-07
  0.36000E+01 -0.79355E-08  0.63425E-07  0.19434E-07
  0.39000E+01 -0.96391E-08  0.77030E-07  0.23604E-07
  0.42000E+01 -0.11496E-07  0.91860E-07  0.28149E-07
  0.45000E+01 -0.13485E-07  0.10773E-06  0.33013E-07
  0.48000E+01 -0.15576E-07  0.12442E-06  0.38130E-07
  0.51000E+01 -0.17738E-07  0.14165E-06  0.43412E-07
  0.54000E+01 -0.19929E-07  0.15913E-06  0.48769E-07
  0.57000E+01 -0.22108E-07  0.17650E-06  0.54093E-07
  0.60000E+01 -0.24228E-07  0.19338E-06  0.59270E-07
  0.63000E+01 -0.26234E-07  0.20939E-06  0.64177E-07
  0.66000E+01 -0.28092E-07  0.22410E-06  0.68690E-07
  0.69000E+01 -0.29726E-07  0.23711E-06  0.72678E-07
  0.72000E+01 -0.31095E-07  0.24798E-06  0.76012E-07
  0.75000E+01 -0.32149E-07  0.25631E-06  0.78566E-07
  0.78000E+01 -0.32837E-07  0.26168E-06  0.80218E-07
  0.81000E+01 -0.33107E-07  0.26374E-06  0.80853E-07
  0.84000E+01 -0.32920E-07  0.26215E-06  0.80366E-07
  0.87000E+01 -0.32237E-07  0.25659E-06  0.78667E-07
  0.90000E+01 -0.31042E-07  0.24681E-06  0.75661E-07
  0.93000E+01 -0.28991E-07  0.23254E-06  0.71825E-07
  0.96000E+01 -0.24144E-07  0.21313E-06  0.69955E-07
  0.99000E+01 -0.11281E-07  0.18721E-06  0.75820E-07
  0.10200E+02  0.18100E-07  0.15270E-06  0.95798E-07
  0.10500E+02  0.73853E-07  0.10736E-06  0.13426E-06
  0.10800E+02  0.16524E-06  0.49338E-07  0.19341E-06
  0.11100E+02  0.29996E-06 -0.22639E-07  0.27434E-06
  0.11400E+02  0.48398E-06 -0.10923E-06  0.37727E-06
  0.11700E+02  0.72145E-06 -0.21045E-06  0.50093E-06
  0.12000E+02  0.10145E-05 -0.32565E-06  0.64243E-06
  0.12300E+02  0.13629E-05 -0.45351E-06  0.79748E-06
  0.12600E+02  0.17643E-05 -0.59205E-06  0.96073E-06
  0.12900E+02  0.22144E-05 -0.73874E-06  0.11261E-05
  0.13200E+02  0.27066E-05 -0.89047E-06  0.12868E-05
  0.13500E+02  0.32322E-05 -0.10436E-05  0.14356E-05
  0.13800E+02  0.37806E-05 -0.11940E-05  0.15654E-05
  0.14100E+02  0.43399E-05 -0.13375E-05  0.16691E-05
  0.14400E+02  0.48969E-05 -0.14698E-05  0.17396E-05
  0.14700E+02  0.54387E-05 -0.15865E-05  0.17712E-05
  0.15000E+02  0.59525E-05 -0.16837E-05  0.17584E-05
  0.15300E+02  0.64263E-05 -0.17579E-05  0.16978E-05
  0.15600E+02  0.68490E-05 -0.18060E-05  0.15868E-05
  0.15900E+02  0.72108E-05 -0.18256E-05  0.14242E-05
  0.16200E+02  0.75027E-05 -0.18142E-05  0.12093E-05
  0.16500E+02  0.77158E-05 -0.17704E-05  0.94242E-06
  0.16800E+02  0.78407E-05 -0.16936E-05  0.62415E-06
  0.17100E+02  0.78676E-05 -0.15871E-05  0.25547E-06
  0.17400E+02  0.77868E-05 -0.14582E-05 -0.16247E-06
  0.17700E+02  0.75875E-05 -0.13158E-05 -0.62807E-06
  0.18000E+02  0.72566E-05 -0.11676E-05 -0.11382E-05
  0.18300E+02  0.67806E-05 -0.10193E-05 -0.16863E-05
  0.18600E+02  0.61470E-05 -0.87568E-06 -0.22624E-05
  0.18900E+02  0.53471E-05 -0.74094E-06 -0.28529E-05
  0.19200E+02  0.43765E-05 -0.61923E-06 -0.34429E-05
  0.19500E+02  0.32354E-05 -0.51449E-06 -0.40178E-05
  0.19800E+02  0.19277E-05 -0.42984E-06 -0.45650E-05
  0.20100E+02  0.46091E-06 -0.36692E-06 -0.50738E-05
  0.20400E+02 -0.11561E-05 -0.32556E-06 -0.55349E-05
  0.20700E+02 -0.29119E-05 -0.30388E-06 -0.59404E-05
  0.21000E+02 -0.47931E-05 -0.29865E-06 -0.62821E-05
  0.21300E+02 -0.67822E-05 -0.30566E-06 -0.65527E-05
  0.21600E+02 -0.88583E-05 -0.31989E-06 -0.67453E-05
  0.21900E+02 -0.10997E-04 -0.33579E-06 -0.68540E-05
  0.22200E+02 -0.13172E-04 -0.34704E-06 -0.68746E-05
  0.22500E+02 -0.15353E-04 -0.34746E-06 -0.68042E-05
  0.22800E+02 -0.17508E-04 -0.33064E-06 -0.66409E-05
  0.23100E+02 -0.19606E-04 -0.29038E-06 -0.63839E-05
  0.23400E+02 -0.21613E-04 -0.22116E-06 -0.60332E-05
  0.23700E+02 -0.23494E-04 -0.11793E-06 -0.55896E-05
  0.24000E+02 -0.25217E-04  0.23690E-07 -0.50549E-05
  0.24300E+02 -0.26748E-04  0.20678E-06 -0.44320E-05
  0.24600E+02 -0.28058E-04  0.43375E-06 -0.37248E-05
  0.24900E+02 -0.29119E-04  0.70580E-06 -0.29385E-05
  0.25200E+02 -0.29906E-04  0.10231E-05 -0.20791E-05
  0.25500E+02 -0.30396E-04  0.13844E-05 -0.11536E-05
  0.25800E+02 -0.30571E-04  0.17876E-05 -0.17003E-06
  0.26100E+02 -0.30417E-04  0.22298E-05  0.86263E-06
  0.26400E+02 -0.29922E-04  0.27071E-05  0.19345E-05
  0.26700E+02 -0.29080E-04  0.32142E-05  0.30348E-05
  0.27000E+02 -0.27889E-04  0.37439E-05  0.41521E-05
  0.27300E+02 -0.26352E-04  0.42917E-05  0.52745E-05
  0.27600E+02 -0.24476E-04  0.48488E-05  0.63895E-05
  0.27900E+02 -0.22272E-04  0.54076E-05  0.74842E-05
  0.28200E+02 -0.19757E-04  0.59597E-05  0.85456E-05
  0.28500E+02 -0.16953E-04  0.64965E-05  0.95605E-05
  0.28800E+02 -0.13883E-04  0.70090E-05  0.10516E-04
  0.29100E+02 -0.10576E-04  0.74884E-05  0.11398E-04
  0.29400E+02 -0.70616E-05  0.79259E-05  0.12195E-04
  0.29700E+02 -0.33751E-05  0.83130E-05  0.12895E-04
  0.30000E+02  0.44820E-06  0.86412E-05  0.13484E-04
  0.30300E+02  0.43730E-05  0.89029E-05  0.13954E-04
  0.30600E+02  0.83577E-05  0.90901E-05  0.14293E-04
  0.30900E+02  0.12363E-04  0.91961E-05  0.14494E-04
  0.31200E+02  0.16349E-04  0.92141E-05  0.14550E-04
  0.31500E+02  0.20273E-04  0.91403E-05  0.14455E-04
  0.31800E+02  0.24097E-04  0.89675E-05  0.14204E-04
  0.32100E+02  0.27779E-04  0.86948E-05  0.13796E-04
  0.32400E+02  0.31283E-04  0.83178E-05  0.13231E-04
  0.32700E+02  0.34570E-04  0.78366E-05  0.12508E-04
  0.33000E+02  0.37607E-04  0.72509E-05  0.11633E-04
  0.33300E+02  0.40363E-04  0.65628E-05  0.10610E-04
  0.33600E+02  0.42808E-04  0.57729E-05  0.94460E-05
  0.33900E+02  0.44915E-04  0.48877E-05  0.81499E-05
  0.34200E+02  0.46664E-04  0.39100E-05  0.67324E-05
  0.34500E+02  0.48036E-04  0.28483E-05  0.52057E-05
  0.34800E+02  0.49014E-04  0.17086E-05  0.35835E-05
  0.35100E+02  0.49590E-04  0.50080E-06  0.18808E-05
  0.35400E+02  0.49755E-04 -0.76590E-06  0.11415E-06
  0.35700E+02  0.49508E-04 -0.20808E-05 -0.16992E-05
  0.36000E+02  0.48849E-04 -0.34330E-05 -0.35408E-05
  0.36300E+02  0.47785E-04 -0.48084E-05 -0.53922E-05
  0.36600E+02  0.46325E-04 -0.61959E-05 -0.72337E-05
  0.36900E+02  0.44483E-04 -0.75814E-05 -0.90461E-05
  0.37200E+02  0.42275E-04 -0.89525E-05 -0.10810E-04
  0.37500E+02  0.39721E-04 -0.10293E-04 -0.12505E-04
  0.37800E+02  0.36847E-04 -0.11591E-04 -0.14114E-04
  0.38100E+02  0.33677E-04 -0.12833E-04 -0.15619E-04
  0.38400E+02  0.30243E-04 -0.14005E-04 -0.17001E-04
  0.38700E+02  0.26573E-04 -0.15094E-04 -0.18246E-04
  0.39000E+02  0.22704E-04 -0.16088E-04 -0.19337E-04
  0.39300E+02  0.18668E-04 -0.16976E-04 -0.20263E-04
  0.39600E+02  0.14503E-04 -0.17747E-04 -0.21012E-04
  0.39900E+02  0.10245E-04 -0.18391E-04 -0.21573E-04
  0.40200E+02  0.59321E-05 -0.18900E-04 -0.21939E-04
  0.40500E+02  0.16011E-05 -0.19267E-04 -0.22105E-04
  0.40800E+02 -0.27108E-05 -0.19485E-04 -0.22066E-04
  0.41100E+02 -0.69679E-05 -0.19551E-04 -0.21820E-04
  0.41400E+02 -0.11134E-04 -0.19460E-04 -0.21368E-04
  0.41700E+02 -0.15177E-04 -0.19212E-04 -0.20713E-04
  0.42000E+02 -0.19064E-04 -0.18806E-04 -0.19860E-04
  0.42300E+02 -0.22764E-04 -0.18243E-04 -0.18815E-04
  0.42600E+02 -0.26250E-04 -0.17526E-04 -0.17587E-04
  0.42900E+02 -0.29496E-04 -0.16661E-04 -0.16187E-04
  0.43200E+02 -0.32480E-04 -0.15652E-04 -0.14628E-04
  0.43500E+02 -0.35183E-04 -0.14507E-04 -0.12924E-04
  0.43800E+02 -0.37586E-04 -0.13233E-04 -0.11091E-04
  0.44100E+02 -0.39678E-04 -0.11842E-04 -0.91451E-05
  0.44400E+02 -0.41446E-04 -0.10345E-04 -0.71057E-05
  0.44700E+02 -0.42883E-04 -0.87520E-05 -0.49914E-05
  0.45000E+02 -0.43985E-04 -0.70766E-05 -0.28226E-05
  0.45300E+02 -0.44751E-04 -0.53324E-05 -0.61954E-06
  0.45600E+02 -0.45183E-04 -0.35342E-05  0.15967E-05
  0.45900E+02 -0.45285E-04 -0.16957E-05  0.38060E-05
  0.46200E+02 -0.45065E-04  0.16660E-06  0.59857E-05
  0.46500E+02 -0.44534E-04  0.20370E-05  0.81176E-05
  0.46800E+02 -0.43703E-04  0.39014E-05  0.10180E-04
  0.47100E+02 -0.42588E-04  0.57443E-05  0.12155E-04
  0.47400E+02 -0.41207E-04  0.75497E-05  0.14022E-04
  0.47700E+02 -0.39577E-04  0.93032E-05  0.15767E-04
  0.48000E+02 -0.37721E-04  0.10991E-04  0.17374E-04
  0.48300E+02 -0.35659E-04  0.12599E-04  0.18827E-04
  0.48600E+02 -0.33414E-04  0.14115E-04  0.20114E-04
  0.48900E+02 -0.31011E-04  0.15526E-04  0.21223E-04
  0.49200E+02 -0.28473E-04  0.16823E-04  0.22148E-04
  0.49500E+02 -0.25827E-04  0.17994E-04  0.22879E-04
  0.49800E+02 -0.23095E-04  0.19033E-04  0.23410E-04
  0.50100E+02 -0.20303E-04  0.19930E-04  0.23739E-04
  0.50400E+02 -0.17475E-04  0.20679E-04  0.23866E-04
  0.50700E+02 -0.14634E-04  0.21278E-04  0.23789E-04
  0.51000E+02 -0.11803E-04  0.21721E-04  0.23512E-04
  0.51300E+02 -0.90045E-05  0.22007E-04  0.23039E-04
  0.51600E+02 -0.62576E-05  0.22135E-04  0.22377E-04
  0.51900E+02 -0.35818E-05  0.22107E-04  0.21534E-04
  0.52200E+02 -0.99360E-06  0.21923E-04  0.20518E-04
  0.52500E+02  0.14888E-05  0.21587E-04  0.19342E-04
  0.52800E+02  0.38536E-05  0.21105E-04  0.18018E-04
  0.53100E+02  0.60875E-05  0.20480E-04  0.16560E-04
  0.53400E+02  0.81789E-05  0.19722E-04  0.14983E-04
  0.53700E+02  0.10121E-04  0.18838E-04  0.13302E-04
  0.54000E+02  0.11906E-04  0.17836E-04  0.11534E-04
  0.54300E+02  0.13528E-04  0.16726E-04  0.96963E-05
  0.54600E+02  0.14984E-04  0.15517E-04  0.78061E-05
  0.54900E+02  0.16274E-04  0.14223E-04  0.58813E-05
  0.55200E+02  0.17397E-04  0.12855E-04  0.39393E-05
  0.55500E+02  0.18354E-04  0.11422E-04  0.19977E-05
  0.55800E+02  0.19149E-04  0.99393E-05  0.73720E-07
  0.56100E+02  0.19787E-04  0.84172E-05 -0.18160E-05
  0.56400E+02  0.20273E-04  0.68694E-05 -0.36554E-05
  0.56700E+02  0.20614E-04  0.53077E-05 -0.54294E-05
  0.57000E+02  0.20818E-04  0.37443E-05 -0.71237E-05
  0.57300E+02  0.20894E-04  0.21911E-05 -0.87247E-05
  0.57600E+02  0.20851E-04  0.65904E-06 -0.10221E-04
  0.57900E+02  0.20699E-04 -0.84069E-06 -0.11602E-04
  0.58200E+02  0.20448E-04 -0.22977E-05 -0.12858E-04
  0.58500E+02  0.20108E-04 -0.37025E-05 -0.13980E-04
  0.58800E+02  0.19691E-04 -0.50458E-05 -0.14963E-04
  0.59100E+02  0.19207E-04 -0.63197E-05 -0.15801E-04
  0.59400E+02  0.18665E-04 -0.75167E-05 -0.16490E-04
  0.59700E+02  0.18077E-04 -0.86304E-05 -0.17029E-04
  0.60000E+02  0.17453E-04 -0.96552E-05 -0.17417E-04
  0.60300E+02  0.16800E-04 -0.10586E-04 -0.17655E-04
  0.60600E+02  0.16128E-04 -0.11420E-04 -0.17744E-04
  0.60900E+02  0.15445E-04 -0.12154E-04 -0.17690E-04
  0.61200E+02  0.14758E-04 -0.12787E-04 -0.17495E-04
  0.61500E+02  0.14074E-04 -0.13316E-04 -0.17167E-04
  0.61800E+02  0.13398E-04 -0.13743E-04 -0.16713E-04
  0.62100E+02  0.12735E-04 -0.14068E-04 -0.16140E-04
  0.62400E+02  0.12090E-04 -0.14292E-04 -0.15458E-04
  0.62700E+02  0.11464E-04 -0.14420E-04 -0.14676E-04
  0.63000E+02  0.10862E-04 -0.14453E-04 -0.13805E-04
  0.63300E+02  0.10284E-04 -0.14394E-04 -0.12855E-04
  0.63600E+02  0.97303E-05 -0.14250E-04 -0.11838E-04
  0.63900E+02  0.92020E-05 -0.14024E-04 -0.10766E-04
  0.64200E+02  0.86979E-05 -0.13722E-04 -0.96488E-05
  0.64500E+02  0.82168E-05 -0.13350E-04 -0.84996E-05
  0.64800E+02  0.77569E-05 -0.12915E-04 -0.73295E-05
  0.65100E+02  0.73157E-05 -0.12422E-04 -0.61499E-05
  0.65400E+02  0.68906E-05 -0.11877E-04 -0.49716E-05
  0.65700E+02  0.64785E-05 -0.11289E-04 -0.38052E-05
  0.66000E+02  0.60760E-05 -0.10663E-04 -0.26608E-05
  0.66300E+02  0.56795E-05 -0.10005E-04 -0.15477E-05
  0.66600E+02  0.52856E-05 -0.93230E-05 -0.47464E-06
  0.66900E+02  0.48906E-05 -0.86229E-05  0.55050E-06
  0.67200E+02  0.44909E-05 -0.79106E-05  0.15205E-05
  0.67500E+02  0.40832E-05 -0.71923E-05  0.24291E-05
  0.67800E+02  0.36641E-05 -0.64734E-05  0.32710E-05
  0.68100E+02  0.32308E-05 -0.57591E-05  0.40415E-05
  0.68400E+02  0.27807E-05 -0.50544E-05  0.47372E-05
  0.68700E+02  0.23115E-05 -0.43637E-05  0.53555E-05
  0.69000E+02  0.18215E-05 -0.36907E-05  0.58946E-05
  0.69300E+02  0.13093E-05 -0.30393E-05  0.63537E-05
  0.69600E+02  0.77401E-06 -0.24124E-05  0.67329E-05
  0.69900E+02  0.21538E-06 -0.18126E-05  0.70331E-05
  0.70200E+02 -0.36641E-06 -0.12420E-05  0.72559E-05
  0.70500E+02 -0.97068E-06 -0.70243E-06  0.74038E-05
  0.70800E+02 -0.15961E-05 -0.19497E-06  0.74798E-05
  0.71100E+02 -0.22410E-05  0.27962E-06  0.74875E-05
  0.71400E+02 -0.29030E-05  0.72088E-06  0.74314E-05
  0.71700E+02 -0.35795E-05  0.11289E-05  0.73161E-05
  0.72000E+02 -0.42671E-05  0.15039E-05  0.71467E-05
  0.72300E+02 -0.49625E-05  0.18467E-05  0.69288E-05
  0.72600E+02 -0.56615E-05  0.21584E-05  0.66679E-05
  0.72900E+02 -0.63598E-05  0.24400E-05  0.63699E-05
  0.73200E+02 -0.70531E-05  0.26932E-05  0.60409E-05
  0.73500E+02 -0.77366E-05  0.29196E-05  0.56868E-05
  0.73800E+02 -0.84053E-05  0.31211E-05  0.53134E-05
  0.74100E+02 -0.90543E-05  0.32995E-05  0.49267E-05
  0.74400E+02 -0.96786E-05  0.34569E-05  0.45322E-05
  0.74700E+02 -0.10273E-04  0.35952E-05  0.41353E-05
  0.75000E+02 -0.10833E-04  0.37167E-05  0.37412E-05
  0.75300E+02 -0.11354E-04  0.38233E-05  0.33545E-05
  0.75600E+02 -0.11831E-04  0.39169E-05  0.29794E-05
  0.75900E+02 -0.12260E-04  0.39995E-05  0.26201E-05
  0.76200E+02 -0.12637E-04  0.40727E-05  0.22800E-05
  0.76500E+02 -0.12958E-04  0.41382E-05  0.19620E-05
  0.76800E+02 -0.13221E-04  0.41975E-05  0.16687E-05
  0.77100E+02 -0.13422E-04  0.42518E-05  0.14021E-05
  0.77400E+02 -0.13559E-04  0.43023E-05  0.11636E-05
  0.77700E+02 -0.13631E-04  0.43499E-05  0.95418E-06
  0.78000E+02 -0.13635E-04  0.43952E-05  0.77443E-06
  0.78300E+02 -0.13572E-04  0.44389E-05  0.62436E-06
  0.78600E+02 -0.13441E-04  0.44810E-05  0.50355E-06
  0.78900E+02 -0.13243E-04  0.45218E-05  0.41112E-06
  0.79200E+02 -0.12978E-04  0.45613E-05  0.34585E-06
  0.79500E+02 -0.12648E-04  0.45991E-05  0.30611E-06
  0.79800E+02 -0.12254E-04  0.46347E-05  0.28998E-06
  0.80100E+02 -0.11800E-04  0.46676E-05  0.29523E-06
  0.80400E+02 -0.11288E-04  0.46969E-05  0.31936E-06
  0.80700E+02 -0.10721E-04  0.47220E-05  0.35980E-06
  0.81000E+02 -0.10103E-04  0.47418E-05  0.41370E-06
  0.81300E+02 -0.94381E-05  0.47552E-05  0.47812E-06
  0.81600E+02 -0.87312E-05  0.47612E-05  0.55012E-06
  0.81900E+02 -0.79866E-05  0.47586E-05  0.62658E-06
  0.82200E+02 -0.72094E-05  0.47463E-05  0.70471E-06
  0.82500E+02 -0.64048E-05  0.47230E-05  0.78155E-06
  0.82800E+02 -0.55779E-05  0.46879E-05  0.85425E-06
  0.83100E+02 -0.47343E-05  0.46397E-05  0.92026E-06
  0.83400E+02 -0.38794E-05  0.45775E-05  0.97716E-06
  0.83700E+02 -0.30186E-05  0.45003E-05  0.10226E-05
  0.84000E+02 -0.21573E-05  0.44074E-05  0.10544E-05
  0.84300E+02 -0.13008E-05  0.42981E-05  0.10712E-05
  0.84600E+02 -0.45418E-06  0.41720E-05  0.10712E-05
  0.84900E+02  0.37744E-06  0.40286E-05  0.10534E-05
  0.85200E+02  0.11894E-05  0.38677E-05  0.10168E-05
  0.85500E+02  0.19773E-05  0.36892E-05  0.96106E-06
  0.85800E+02  0.27369E-05  0.34933E-05  0.88556E-06
  0.86100E+02  0.34643E-05  0.32804E-05  0.79062E-06
  0.86400E+02  0.41560E-05  0.30508E-05  0.67646E-06
  0.86700E+02  0.48088E-05  0.28052E-05  0.54392E-06
  0.87000E+02  0.54200E-05  0.25444E-05  0.39366E-06
  0.87300E+02  0.59873E-05  0.22696E-05  0.22703E-06
  0.87600E+02  0.65085E-05  0.19817E-05  0.45370E-07
  0.87900E+02  0.69821E-05  0.16821E-05 -0.14953E-06
  0.88200E+02  0.74070E-05  0.13722E-05 -0.35600E-06
  0.88500E+02  0.77824E-05  0.10536E-05 -0.57189E-06
  0.88800E+02  0.81079E-05  0.72786E-06 -0.79510E-06
  0.89100E+02  0.83836E-05  0.39695E-06 -0.10234E-05
  0.89400E+02  0.86098E-05  0.62510E-07 -0.12543E-05
  0.89700E+02  0.87872E-05 -0.27350E-06 -0.14856E-05
  0.90000E+02  0.89168E-05 -0.60914E-06 -0.17148E-05
  0.90300E+02  0.90001E-05 -0.94259E-06 -0.19393E-05
  0.90600E+02  0.90386E-05 -0.12717E-05 -0.21571E-05
  0.90900E+02  0.90342E-05 -0.15945E-05 -0.23657E-05
  0.91200E+02  0.89890E-05 -0.19094E-05 -0.25629E-05
  0.91500E+02  0.89052E-05 -0.22141E-05 -0.27467E-05
  0.91800E+02  0.87854E-05 -0.25072E-05 -0.29151E-05
  0.92100E+02  0.86320E-05 -0.27868E-05 -0.30663E-05
  0.92400E+02  0.84478E-05 -0.30513E-05 -0.31989E-05
  0.92700E+02  0.82354E-05 -0.32993E-05 -0.33113E-05
  0.93000E+02  0.79977E-05 -0.35294E-05 -0.34023E-05
  0.93300E+02  0.77374E-05 -0.37403E-05 -0.34712E-05
  0.93600E+02  0.74573E-05 -0.39310E-05 -0.35172E-05
  0.93900E+02  0.71600E-05 -0.41005E-05 -0.35397E-05
  0.94200E+02  0.68483E-05 -0.42482E-05 -0.35385E-05
  0.94500E+02  0.65246E-05 -0.43733E-05 -0.35137E-05
  0.94800E+02  0.61914E-05 -0.44755E-05 -0.34655E-05
  0.95100E+02  0.58511E-05 -0.45545E-05 -0.33944E-05
  0.95400E+02  0.55058E-05 -0.46101E-05 -0.33009E-05
  0.95700E+02  0.51575E-05 -0.46425E-05 -0.31861E-05
  0.96000E+02  0.48081E-05 -0.46518E-05 -0.30511E-05
  0.96300E+02  0.44592E-05 -0.46386E-05 -0.28970E-05
  0.96600E+02  0.41124E-05 -0.46034E-05 -0.27254E-05
  0.96900E+02  0.37691E-05 -0.45467E-05 -0.25378E-05
  0.97200E+02  0.34302E-05 -0.44694E-05 -0.23358E-05
  0.97500E+02  0.30969E-05 -0.43726E-05 -0.21215E-05
  0.97800E+02  0.27699E-05 -0.42571E-05 -0.18966E-05
  0.98100E+02  0.24498E-05 -0.41243E-05 -0.16630E-05
  0.98400E+02  0.21372E-05 -0.39752E-05 -0.14229E-05
  0.98700E+02  0.18324E-05 -0.38113E-05 -0.11781E-05
  0.99000E+02  0.15356E-05 -0.36339E-05 -0.93079E-06
  0.99300E+02  0.12467E-05 -0.34443E-05 -0.68290E-06
  0.99600E+02  0.96595E-06 -0.32443E-05 -0.43639E-06
  0.99900E+02  0.69306E-06 -0.30350E-05 -0.19314E-06
  0.10020E+03  0.42786E-06 -0.28180E-05  0.45034E-07
  0.10050E+03  0.17007E-06 -0.25950E-05  0.27643E-06
  0.10080E+03 -0.80590E-07 -0.23672E-05  0.49943E-06
  0.10110E+03 -0.32450E-06 -0.21360E-05  0.71261E-06
  0.10140E+03 -0.56194E-06 -0.19031E-05  0.91448E-06
  0.10170E+03 -0.79340E-06 -0.16695E-05  0.11040E-05
  0.10200E+03 -0.10192E-05 -0.14367E-05  0.12801E-05
  0.10230E+03 -0.12396E-05 -0.12058E-05  0.14418E-05
  0.10260E+03 -0.14550E-05 -0.97799E-06  0.15886E-05
  0.10290E+03 -0.16656E-05 -0.75431E-06  0.17196E-05
  0.10320E+03 -0.18716E-05 -0.53575E-06  0.18348E-05
  0.10350E+03 -0.20732E-05 -0.32318E-06  0.19337E-05
  0.10380E+03 -0.22703E-05 -0.11741E-06  0.20163E-05
  0.10410E+03 -0.24631E-05  0.80900E-07  0.20828E-05
  0.10440E+03 -0.26514E-05  0.27112E-06  0.21333E-05
  0.10470E+03 -0.28351E-05  0.45275E-06  0.21682E-05
  0.10500E+03 -0.30139E-05  0.62538E-06  0.21881E-05
  0.10530E+03 -0.31875E-05  0.78868E-06  0.21935E-05
  0.10560E+03 -0.33556E-05  0.94241E-06  0.21852E-05
  0.10590E+03 -0.35175E-05  0.10865E-05  0.21641E-05
  0.10620E+03 -0.36728E-05  0.12207E-05  0.21310E-05
  0.10650E+03 -0.38211E-05  0.13451E-05  0.20869E-05
  0.10680E+03 -0.39615E-05  0.14598E-05  0.20329E-05
  0.10710E+03 -0.40933E-05  0.15649E-05  0.19700E-05
  0.10740E+03 -0.42160E-05  0.16607E-05  0.18994E-05
  0.10770E+03 -0.43286E-05  0.17471E-05  0.18222E-05
  0.10800E+03 -0.44305E-05  0.18247E-05  0.17394E-05
  0.10830E+03 -0.45210E-05  0.18938E-05  0.16523E-05
  0.10860E+03 -0.45992E-05  0.19545E-05  0.15618E-05
  0.10890E+03 -0.46644E-05  0.20074E-05  0.14690E-05
  0.10920E+03 -0.47159E-05  0.20527E-05  0.13750E-05
  0.10950E+03 -0.47530E-05  0.20909E-05  0.12807E-05
  0.10980E+03 -0.47752E-05  0.21223E-05  0.11870E-05
  0.11010E+03 -0.47819E-05  0.21473E-05  0.10946E-05
  0.11040E+03 -0.47726E-05  0.21662E-05  0.10043E-05
  0.11070E+03 -0.47469E-05  0.21795E-05  0.91675E-06
  0.11100E+03 -0.47045E-05  0.21874E-05  0.83254E-06
  0.11130E+03 -0.46452E-05  0.21903E-05  0.75213E-06
  0.11160E+03 -0.45688E-05  0.21885E-05  0.67590E-06
  0.11190E+03 -0.44754E-05  0.21821E-05  0.60414E-06
  0.11220E+03 -0.43650E-05  0.21716E-05  0.53706E-06
  0.11250E+03 -0.42379E-05  0.21570E-05  0.47479E-06
  0.11280E+03 -0.40944E-05  0.21385E-05  0.41736E-06
  0.11310E+03 -0.39348E-05  0.21164E-05  0.36470E-06
  0.11340E+03 -0.37598E-05  0.20906E-05  0.31673E-06
  0.11370E+03 -0.35700E-05  0.20614E-05  0.27324E-06
  0.11400E+03 -0.33661E-05  0.20287E-05  0.23400E-06
  0.11430E+03 -0.31490E-05  0.19926E-05  0.19869E-06
  0.11460E+03 -0.29197E-05  0.19532E-05  0.16692E-06
  0.11490E+03 -0.26790E-05  0.19105E-05  0.13841E-06
  0.11520E+03 -0.24283E-05  0.18643E-05  0.11263E-06
  0.11550E+03 -0.21687E-05  0.18148E-05  0.89210E-07
  0.11580E+03 -0.19013E-05  0.17619E-05  0.67600E-07
  0.11610E+03 -0.16275E-05  0.17055E-05  0.47440E-07
  0.11640E+03 -0.13487E-05  0.16457E-05  0.28170E-07
  0.11670E+03 -0.10662E-05  0.15824E-05  0.93200E-08
  0.11700E+03 -0.78144E-06  0.15155E-05 -0.94300E-08
  0.11730E+03 -0.49586E-06  0.14451E-05 -0.28490E-07
  0.11760E+03 -0.21070E-06  0.13712E-05 -0.48390E-07
  0.11790E+03  0.72390E-07  0.12938E-05 -0.69500E-07
  0.11820E+03  0.35222E-06  0.12129E-05 -0.91950E-07
  0.11850E+03  0.62741E-06  0.11287E-05 -0.11603E-06
  0.11880E+03  0.89658E-06  0.10411E-05 -0.14211E-06
  0.11910E+03  0.11585E-05  0.95031E-06 -0.17031E-06
  0.11940E+03  0.14120E-05  0.85648E-06 -0.20067E-06
  0.11970E+03  0.16559E-05  0.75977E-06 -0.23329E-06
  0.12000E+03  0.18892E-05  0.66039E-06 -0.26818E-06
  0.12030E+03  0.21107E-05  0.55857E-06 -0.30529E-06
  0.12060E+03  0.23198E-05  0.45455E-06 -0.34451E-06
  0.12090E+03  0.25156E-05  0.34866E-06 -0.38570E-06
  0.12120E+03  0.26973E-05  0.24119E-06 -0.42864E-06
  0.12150E+03  0.28644E-05  0.13251E-06 -0.47309E-06
  0.12180E+03  0.30163E-05  0.22960E-07 -0.51875E-06
  0.12210E+03  0.31526E-05 -0.87064E-07 -0.56530E-06
  0.12240E+03  0.32730E-05 -0.19709E-06 -0.61239E-06
  0.12270E+03  0.33772E-05 -0.30674E-06 -0.65960E-06
  0.12300E+03  0.34653E-05 -0.41560E-06 -0.70653E-06
  0.12330E+03  0.35371E-05 -0.52311E-06 -0.75276E-06
  0.12360E+03  0.35927E-05 -0.62898E-06 -0.79782E-06
  0.12390E+03  0.36324E-05 -0.73257E-06 -0.84128E-06
  0.12420E+03  0.36564E-05 -0.83345E-06 -0.88272E-06
  0.12450E+03  0.36649E-05 -0.93127E-06 -0.92160E-06
  0.12480E+03  0.36585E-05 -0.10255E-05 -0.95767E-06
  0.12510E+03  0.36374E-05 -0.11157E-05 -0.99028E-06
  0.12540E+03  0.36025E-05 -0.12014E-05 -0.10193E-05
  0.12570E+03  0.35543E-05 -0.12823E-05 -0.10441E-05
  0.12600E+03  0.34934E-05 -0.13579E-05 -0.10645E-05
  0.12630E+03  0.34203E-05 -0.14279E-05 -0.10802E-05
  0.12660E+03  0.33361E-05 -0.14920E-05 -0.10908E-05
  0.12690E+03  0.32414E-05 -0.15499E-05 -0.10963E-05
  0.12720E+03  0.31369E-05 -0.16012E-05 -0.10964E-05
  0.12750E+03  0.30236E-05 -0.16459E-05 -0.10910E-05
  0.12780E+03  0.29021E-05 -0.16836E-05 -0.10802E-05
  0.12810E+03  0.27733E-05 -0.17143E-05 -0.10635E-05
  0.12840E+03  0.26382E-05 -0.17377E-05 -0.10415E-05
  0.12870E+03  0.24973E-05 -0.17540E-05 -0.10138E-05
  0.12900E+03  0.23517E-05 -0.17629E-05 -0.98078E-06
  0.12930E+03  0.22018E-05 -0.17646E-05 -0.94257E-06
  0.12960E+03  0.20487E-05 -0.17591E-05 -0.89936E-06
  0.12990E+03  0.18929E-05 -0.17464E-05 -0.85138E-06
  0.13020E+03  0.17352E-05 -0.17268E-05 -0.79890E-06
  0.13050E+03  0.15763E-05 -0.17003E-05 -0.74232E-06
  0.13080E+03  0.14167E-05 -0.16673E-05 -0.68199E-06
  0.13110E+03  0.12571E-05 -0.16278E-05 -0.61830E-06
  0.13140E+03  0.10981E-05 -0.15823E-05 -0.55165E-06
  0.13170E+03  0.94004E-06 -0.15310E-05 -0.48251E-06
  0.13200E+03  0.78353E-06 -0.14743E-05 -0.41133E-06
  0.13230E+03  0.62897E-06 -0.14125E-05 -0.33857E-06
  0.13260E+03  0.47677E-06 -0.13460E-05 -0.26473E-06
  0.13290E+03  0.32729E-06 -0.12752E-05 -0.19028E-06
  0.13320E+03  0.18085E-06 -0.12004E-05 -0.11571E-06
  0.13350E+03  0.37760E-07 -0.11222E-05 -0.41488E-07
  0.13380E+03 -0.10172E-06 -0.10410E-05  0.31925E-07
  0.13410E+03 -0.23738E-06 -0.95712E-06  0.10406E-06
  0.13440E+03 -0.36899E-06 -0.87116E-06  0.17450E-06
  0.13470E+03 -0.49642E-06 -0.78345E-06  0.24281E-06
  0.13500E+03 -0.61945E-06 -0.69451E-06  0.30863E-06
  0.13530E+03 -0.73798E-06 -0.60469E-06  0.37159E-06
  0.13560E+03 -0.85191E-06 -0.51451E-06  0.43134E-06
  0.13590E+03 -0.96107E-06 -0.42434E-06  0.48760E-06
  0.13620E+03 -0.10655E-05 -0.33457E-06  0.54010E-06
  0.13650E+03 -0.11650E-05 -0.24559E-06  0.58862E-06
  0.13680E+03 -0.12596E-05 -0.15779E-06  0.63297E-06
  0.13710E+03 -0.13492E-05 -0.71492E-07  0.67298E-06
  0.13740E+03 -0.14337E-05  0.12974E-07  0.70855E-06
  0.13770E+03 -0.15132E-05  0.95292E-07  0.73957E-06
  0.13800E+03 -0.15875E-05  0.17518E-06  0.76604E-06
  0.13830E+03 -0.16566E-05  0.25238E-06  0.78793E-06
  0.13860E+03 -0.17204E-05  0.32668E-06  0.80526E-06
  0.13890E+03 -0.17790E-05  0.39785E-06  0.81811E-06
  0.13920E+03 -0.18323E-05  0.46571E-06  0.82656E-06
  0.13950E+03 -0.18802E-05  0.53010E-06  0.83073E-06
  0.13980E+03 -0.19226E-05  0.59089E-06  0.83077E-06
  0.14010E+03 -0.19596E-05  0.64796E-06  0.82686E-06
  0.14040E+03 -0.19911E-05  0.70123E-06  0.81919E-06
  0.14070E+03 -0.20170E-05  0.75064E-06  0.80798E-06
  0.14100E+03 -0.20372E-05  0.79613E-06  0.79345E-06
  0.14130E+03 -0.20518E-05  0.83770E-06  0.77585E-06
  0.14160E+03 -0.20607E-05  0.87531E-06  0.75544E-06
  0.14190E+03 -0.20639E-05  0.90900E-06  0.73247E-06
  0.14220E+03 -0.20613E-05  0.93879E-06  0.70721E-06
  0.14250E+03 -0.20530E-05  0.96471E-06  0.67992E-06
  0.14280E+03 -0.20388E-05  0.98685E-06  0.65088E-06
  0.14310E+03 -0.20189E-05  0.10053E-05  0.62036E-06
  0.14340E+03 -0.19932E-05  0.10200E-05  0.58859E-06
  0.14370E+03 -0.19618E-05  0.10312E-05  0.55585E-06
  0.14400E+03 -0.19247E-05  0.10389E-05  0.52237E-06
  0.14430E+03 -0.18820E-05  0.10432E-05  0.48837E-06
  0.14460E+03 -0.18337E-05  0.10443E-05  0.45407E-06
  0.14490E+03 -0.17801E-05  0.10423E-05  0.41968E-06
  0.14520E+03 -0.17211E-05  0.10372E-05  0.38537E-06
  0.14550E+03 -0.16570E-05  0.10292E-05  0.35132E-06
  0.14580E+03 -0.15880E-05  0.10184E-05  0.31769E-06
  0.14610E+03 -0.15141E-05  0.10049E-05  0.28459E-06
  0.14640E+03 -0.14357E-05  0.98884E-06  0.25213E-06
  0.14670E+03 -0.13530E-05  0.97035E-06  0.22045E-06
  0.14700E+03 -0.12661E-05  0.94952E-06  0.18960E-06
  0.14730E+03 -0.11755E-05  0.92648E-06  0.15964E-06
  0.14760E+03 -0.10815E-05  0.90133E-06  0.13064E-06
  0.14790E+03 -0.98423E-06  0.87419E-06  0.10262E-06
  0.14820E+03 -0.88417E-06  0.84514E-06  0.75598E-07
  0.14850E+03 -0.78164E-06  0.81431E-06  0.49582E-07
  0.14880E+03 -0.67703E-06  0.78180E-06  0.24567E-07
  0.14910E+03 -0.57072E-06  0.74770E-06  0.54199E-09
  0.14940E+03 -0.46310E-06  0.71211E-06 -0.22538E-07
  0.14970E+03 -0.35458E-06  0.67514E-06 -0.44680E-07
  0.15000E+03 -0.24560E-06  0.63688E-06 -0.65933E-07
  0.15030E+03 -0.13656E-06  0.59741E-06 -0.86348E-07
  0.15060E+03 -0.27882E-07  0.55686E-06 -0.10597E-06
  0.15090E+03  0.80010E-07  0.51529E-06 -0.12484E-06
  0.15120E+03  0.18667E-06  0.47282E-06 -0.14301E-06
  0.15150E+03  0.29172E-06  0.42953E-06 -0.16052E-06
  0.15180E+03  0.39470E-06  0.38554E-06 -0.17742E-06
  0.15210E+03  0.49526E-06  0.34093E-06 -0.19376E-06
  0.15240E+03  0.59298E-06  0.29582E-06 -0.20957E-06
  0.15270E+03  0.68748E-06  0.25030E-06 -0.22488E-06
  0.15300E+03  0.77842E-06  0.20449E-06 -0.23972E-06
  0.15330E+03  0.86547E-06  0.15848E-06 -0.25409E-06
  0.15360E+03  0.94824E-06  0.11240E-06 -0.26803E-06
  0.15390E+03  0.10265E-05  0.66359E-07 -0.28153E-06
  0.15420E+03  0.11000E-05  0.20473E-07 -0.29458E-06
  0.15450E+03  0.11685E-05 -0.25138E-07 -0.30718E-06
  0.15480E+03  0.12316E-05 -0.70349E-07 -0.31931E-06
  0.15510E+03  0.12893E-05 -0.11504E-06 -0.33093E-06
  0.15540E+03  0.13413E-05 -0.15909E-06 -0.34203E-06
  0.15570E+03  0.13876E-05 -0.20236E-06 -0.35254E-06
  0.15600E+03  0.14280E-05 -0.24474E-06 -0.36245E-06
  0.15630E+03  0.14624E-05 -0.28607E-06 -0.37167E-06
  0.15660E+03  0.14908E-05 -0.32627E-06 -0.38018E-06
  0.15690E+03  0.15132E-05 -0.36517E-06 -0.38789E-06
  0.15720E+03  0.15295E-05 -0.40268E-06 -0.39476E-06
  0.15750E+03  0.15399E-05 -0.43864E-06 -0.40072E-06
  0.15780E+03  0.15443E-05 -0.47297E-06 -0.40572E-06
  0.15810E+03  0.15429E-05 -0.50555E-06 -0.40966E-06
  0.15840E+03  0.15357E-05 -0.53620E-06 -0.41251E-06
  0.15870E+03  0.15230E-05 -0.56493E-06 -0.41421E-06
  0.15900E+03  0.15049E-05 -0.59155E-06 -0.41469E-06
  0.15930E+03  0.14815E-05 -0.61598E-06 -0.41391E-06
  0.15960E+03  0.14530E-05 -0.63819E-06 -0.41181E-06
  0.15990E+03  0.14198E-05 -0.65806E-06 -0.40837E-06
  0.16020E+03  0.13820E-05 -0.67551E-06 -0.40353E-06
  0.16050E+03  0.13398E-05 -0.69050E-06 -0.39731E-06
  0.16080E+03  0.12936E-05 -0.70297E-06 -0.38965E-06
  0.16110E+03  0.12437E-05 -0.71290E-06 -0.38057E-06
  0.16140E+03  0.11902E-05 -0.72023E-06 -0.37004E-06
  0.16170E+03  0.11335E-05 -0.72496E-06 -0.35812E-06
  0.16200E+03  0.10739E-05 -0.72708E-06 -0.34479E-06
  0.16230E+03  0.10116E-05 -0.72659E-06 -0.33011E-06
  0.16260E+03  0.94708E-06 -0.72352E-06 -0.31410E-06
  0.16290E+03  0.88057E-06 -0.71787E-06 -0.29682E-06
  0.16320E+03  0.81222E-06 -0.70970E-06 -0.27834E-06
  0.16350E+03  0.74255E-06 -0.69905E-06 -0.25872E-06
  0.16380E+03  0.67180E-06 -0.68599E-06 -0.23804E-06
  0.16410E+03  0.60014E-06 -0.67056E-06 -0.21640E-06
  0.16440E+03  0.52795E-06 -0.65288E-06 -0.19387E-06
  0.16470E+03  0.45539E-06 -0.63302E-06 -0.17058E-06
  0.16500E+03  0.38298E-06 -0.61107E-06 -0.14663E-06
  0.16530E+03  0.31073E-06 -0.58716E-06 -0.12212E-06
  0.16560E+03  0.23891E-06 -0.56138E-06 -0.97175E-07
  0.16590E+03  0.16783E-06 -0.53389E-06 -0.71926E-07
  0.16620E+03  0.97780E-07 -0.50475E-06 -0.46502E-07
  0.16650E+03  0.28771E-07 -0.47421E-06 -0.21006E-07
  0.16680E+03 -0.38839E-07 -0.44236E-06  0.44150E-08
  0.16710E+03 -0.10493E-06 -0.40931E-06  0.29646E-07
  0.16740E+03 -0.16929E-06 -0.37517E-06  0.54554E-07
  0.16770E+03 -0.23179E-06 -0.34020E-06  0.79025E-07
  0.16800E+03 -0.29226E-06 -0.30450E-06  0.10290E-06
  0.16830E+03 -0.35057E-06 -0.26823E-06  0.12615E-06
  0.16860E+03 -0.40660E-06 -0.23154E-06  0.14861E-06
  0.16890E+03 -0.46022E-06 -0.19459E-06  0.17015E-06
  0.16920E+03 -0.51134E-06 -0.15752E-06  0.19072E-06
  0.16950E+03 -0.55987E-06 -0.12049E-06  0.21020E-06
  0.16980E+03 -0.60572E-06 -0.83636E-07  0.22851E-06
  0.17010E+03 -0.64882E-06 -0.47111E-07  0.24560E-06
  0.17040E+03 -0.68911E-06 -0.11040E-07  0.26137E-06
  0.17070E+03 -0.72658E-06  0.24433E-07  0.27578E-06
  0.17100E+03 -0.76102E-06  0.59188E-07  0.28878E-06
  0.17130E+03 -0.79260E-06  0.93107E-07  0.30034E-06
  0.17160E+03 -0.82122E-06  0.12606E-06  0.31040E-06
  0.17190E+03 -0.84686E-06  0.15796E-06  0.31898E-06
  0.17220E+03 -0.86950E-06  0.18870E-06  0.32604E-06
  0.17250E+03 -0.88916E-06  0.21818E-06  0.33159E-06
  0.17280E+03 -0.90574E-06  0.24633E-06  0.33564E-06
  0.17310E+03 -0.91942E-06  0.27306E-06  0.33821E-06
  0.17340E+03 -0.93007E-06  0.29830E-06  0.33930E-06
  0.17370E+03 -0.93770E-06  0.32201E-06  0.33897E-06
  0.17400E+03 -0.94252E-06  0.34412E-06  0.33725E-06
  0.17430E+03 -0.94437E-06  0.36460E-06  0.33419E-06
  0.17460E+03 -0.94334E-06  0.38340E-06  0.32982E-06
  0.17490E+03 -0.93956E-06  0.40048E-06  0.32423E-06
  0.17520E+03 -0.93297E-06  0.41586E-06  0.31747E-06
  0.17550E+03 -0.92363E-06  0.42950E-06  0.30961E-06
  0.17580E+03 -0.91171E-06  0.44139E-06  0.30072E-06
  0.17610E+03 -0.89712E-06  0.45154E-06  0.29086E-06
  0.17640E+03 -0.87999E-06  0.45995E-06  0.28013E-06
  0.17670E+03 -0.86052E-06  0.46665E-06  0.26859E-06
  0.17700E+03 -0.83857E-06  0.47165E-06  0.25633E-06
  0.17730E+03 -0.81434E-06  0.47497E-06  0.24344E-06
  0.17760E+03 -0.78791E-06  0.47664E-06  0.22997E-06
  0.17790E+03 -0.75937E-06  0.47671E-06  0.21602E-06
  0.17820E+03 -0.72883E-06  0.47521E-06  0.20166E-06
  0.17850E+03 -0.69637E-06  0.47218E-06  0.18698E-06
  0.17880E+03 -0.66210E-06  0.46767E-06  0.17203E-06
  0.17910E+03 -0.62615E-06  0.46172E-06  0.15690E-06
  0.17940E+03 -0.58863E-06  0.45441E-06  0.14166E-06
  0.17970E+03 -0.54967E-06  0.44577E-06  0.12636E-06
  0.18000E+03 -0.50938E-06  0.43588E-06  0.11107E-06
  0.18030E+03 -0.46790E-06  0.42478E-06  0.95847E-07
  0.18060E+03 -0.42537E-06  0.41254E-06  0.80740E-07
  0.18090E+03 -0.38192E-06  0.39923E-06  0.65807E-07
  0.18120E+03 -0.33769E-06  0.38491E-06  0.51096E-07
  0.18150E+03 -0.29283E-06  0.36963E-06  0.36636E-07
  0.18180E+03 -0.24748E-06  0.35348E-06  0.22486E-07
  0.18210E+03 -0.20180E-06  0.33651E-06  0.86620E-08
  0.18240E+03 -0.15593E-06  0.31880E-06 -0.48010E-08
  0.18270E+03 -0.11002E-06  0.30039E-06 -0.17872E-07
  0.18300E+03 -0.64219E-07  0.28142E-06 -0.30535E-07
  0.18330E+03 -0.18686E-07  0.26187E-06 -0.42757E-07
  0.18360E+03  0.26439E-07  0.24180E-06 -0.54530E-07
  0.18390E+03  0.70995E-07  0.22140E-06 -0.65830E-07
  0.18420E+03  0.11485E-06  0.20052E-06 -0.76658E-07
  0.18450E+03  0.15784E-06  0.17947E-06 -0.87000E-07
  0.18480E+03  0.19984E-06  0.15817E-06 -0.96848E-07
  0.18510E+03  0.24070E-06  0.13670E-06 -0.10620E-06
  0.18540E+03  0.28033E-06  0.11514E-06 -0.11504E-06
  0.18570E+03  0.31853E-06  0.93545E-07 -0.12338E-06
  0.18600E+03  0.35516E-06  0.71985E-07 -0.13121E-06
  0.18630E+03  0.39022E-06  0.50507E-07 -0.13853E-06
  0.18660E+03  0.42359E-06  0.29182E-07 -0.14534E-06
  0.18690E+03  0.45501E-06  0.80620E-08 -0.15164E-06
  0.18720E+03  0.48458E-06 -0.12792E-07 -0.15744E-06
  0.18750E+03  0.51209E-06 -0.33331E-07 -0.16273E-06
  0.18780E+03  0.53742E-06 -0.53502E-07 -0.16752E-06
  0.18810E+03  0.56065E-06 -0.73241E-07 -0.17181E-06
  0.18840E+03  0.58160E-06 -0.92505E-07 -0.17558E-06
  0.18870E+03  0.60030E-06 -0.11123E-06 -0.17886E-06
  0.18900E+03  0.61657E-06 -0.12939E-06 -0.18164E-06
  0.18930E+03  0.63050E-06 -0.14692E-06 -0.18392E-06
  0.18960E+03  0.64212E-06 -0.16377E-06 -0.18570E-06
  0.18990E+03  0.65131E-06 -0.17993E-06 -0.18697E-06
  0.19020E+03  0.65797E-06 -0.19531E-06 -0.18775E-06
  0.19050E+03  0.66233E-06 -0.20990E-06 -0.18803E-06
  0.19080E+03  0.66427E-06 -0.22367E-06 -0.18782E-06
  0.19110E+03  0.66388E-06 -0.23653E-06 -0.18710E-06
  0.19140E+03  0.66114E-06 -0.24858E-06 -0.18589E-06
  0.19170E+03  0.65610E-06 -0.25965E-06 -0.18418E-06
  0.19200E+03  0.64883E-06 -0.26971E-06 -0.18198E-06
  0.19230E+03  0.63938E-06 -0.27883E-06 -0.17930E-06
  0.19260E+03  0.62781E-06 -0.28704E-06 -0.17612E-06
  0.19290E+03  0.61422E-06 -0.29411E-06 -0.17247E-06
  0.19320E+03  0.59867E-06 -0.30014E-06 -0.16833E-06
  0.19350E+03  0.58125E-06 -0.30520E-06 -0.16374E-06
  0.19380E+03  0.56206E-06 -0.30918E-06 -0.15868E-06
  0.19410E+03  0.54120E-06 -0.31210E-06 -0.15318E-06
  0.19440E+03  0.51877E-06 -0.31394E-06 -0.14724E-06
  0.19470E+03  0.49489E-06 -0.31474E-06 -0.14088E-06
  0.19500E+03  0.46965E-06 -0.31448E-06 -0.13411E-06
  0.19530E+03  0.44319E-06 -0.31317E-06 -0.12696E-06
  0.19560E+03  0.41561E-06 -0.31084E-06 -0.11943E-06
  0.19590E+03  0.38705E-06 -0.30749E-06 -0.11156E-06
  0.19620E+03  0.35761E-06 -0.30315E-06 -0.10336E-06
  0.19650E+03  0.32743E-06 -0.29782E-06 -0.94869E-07
  0.19680E+03  0.29662E-06 -0.29156E-06 -0.86095E-07
  0.19710E+03  0.26530E-06 -0.28438E-06 -0.77077E-07
  0.19740E+03  0.23361E-06 -0.27633E-06 -0.67848E-07
  0.19770E+03  0.20165E-06 -0.26742E-06 -0.58434E-07
  0.19800E+03  0.16953E-06 -0.25771E-06 -0.48869E-07
  0.19830E+03  0.13740E-06 -0.24724E-06 -0.39180E-07
  0.19860E+03  0.10538E-06 -0.23604E-06 -0.29418E-07
  0.19890E+03  0.73530E-07 -0.22418E-06 -0.19601E-07
  0.19920E+03  0.42050E-07 -0.21169E-06 -0.97816E-08
  0.19950E+03  0.10900E-07 -0.19862E-06  0.12697E-10
  0.19980E+03 -0.19670E-07 -0.18504E-06  0.97460E-08
  0.20010E+03 -0.49660E-07 -0.17100E-06  0.19365E-07
  0.20040E+03 -0.79010E-07 -0.15654E-06  0.28855E-07
  0.20070E+03 -0.10756E-06 -0.14173E-06  0.38163E-07
  0.20100E+03 -0.13518E-06 -0.12663E-06  0.47270E-07
  0.20130E+03 -0.16188E-06 -0.11129E-06  0.56119E-07
  0.20160E+03 -0.18760E-06 -0.95777E-07  0.64682E-07
  0.20190E+03 -0.21221E-06 -0.80143E-07  0.72944E-07
  0.20220E+03 -0.23575E-06 -0.64448E-07  0.80847E-07
  0.20250E+03 -0.25805E-06 -0.48749E-07  0.88380E-07
  0.20280E+03 -0.27907E-06 -0.33104E-07  0.95499E-07
  0.20310E+03 -0.29887E-06 -0.17568E-07  0.10220E-06
  0.20340E+03 -0.31732E-06 -0.21983E-08  0.10844E-06
  0.20370E+03 -0.33441E-06  0.12953E-07  0.11420E-06
  0.20400E+03 -0.35007E-06  0.27835E-07  0.11948E-06
  0.20430E+03 -0.36445E-06  0.42396E-07  0.12423E-06
  0.20460E+03 -0.37727E-06  0.56589E-07  0.12846E-06
  0.20490E+03 -0.38868E-06  0.70369E-07  0.13215E-06
  0.20520E+03 -0.39865E-06  0.83691E-07  0.13530E-06
  0.20550E+03 -0.40716E-06  0.96514E-07  0.13789E-06
  0.20580E+03 -0.41421E-06  0.10880E-06  0.13992E-06
  0.20610E+03 -0.41981E-06  0.12052E-06  0.14141E-06
  0.20640E+03 -0.42397E-06  0.13163E-06  0.14233E-06
  0.20670E+03 -0.42670E-06  0.14211E-06  0.14270E-06
  0.20700E+03 -0.42801E-06  0.15192E-06  0.14254E-06
  0.20730E+03 -0.42793E-06  0.16105E-06  0.14183E-06
  0.20760E+03 -0.42644E-06  0.16947E-06  0.14061E-06
  0.20790E+03 -0.42372E-06  0.17718E-06  0.13887E-06
  0.20820E+03 -0.41964E-06  0.18414E-06  0.13666E-06
  0.20850E+03 -0.41425E-06  0.19036E-06  0.13396E-06
  0.20880E+03 -0.40766E-06  0.19582E-06  0.13081E-06
  0.20910E+03 -0.39986E-06  0.20051E-06  0.12723E-06
  0.20940E+03 -0.39091E-06  0.20445E-06  0.12324E-06
  0.20970E+03 -0.38080E-06  0.20766E-06  0.11887E-06
  0.21000E+03 -0.36967E-06  0.20998E-06  0.11414E-06
  0.21030E+03 -0.35752E-06  0.21170E-06  0.10908E-06
  0.21060E+03 -0.34447E-06  0.21262E-06  0.10372E-06
  0.21090E+03 -0.33046E-06  0.21280E-06  0.98084E-07
  0.21120E+03 -0.31556E-06  0.21220E-06  0.92200E-07
  0.21150E+03 -0.29995E-06  0.21096E-06  0.86099E-07
  0.21180E+03 -0.28351E-06  0.20901E-06  0.79808E-07
  0.21210E+03 -0.26652E-06  0.20641E-06  0.73356E-07
  0.21240E+03 -0.24884E-06  0.20312E-06  0.66772E-07
  0.21270E+03 -0.23066E-06  0.19926E-06  0.60087E-07
  0.21300E+03 -0.21187E-06  0.19473E-06  0.53334E-07
  0.21330E+03 -0.19280E-06  0.18970E-06  0.46525E-07
  0.21360E+03 -0.17327E-06  0.18417E-06  0.39692E-07
  0.21390E+03 -0.15356E-06  0.17801E-06  0.32876E-07
  0.21420E+03 -0.13348E-06  0.17142E-06  0.26083E-07
  0.21450E+03 -0.11334E-06  0.16437E-06  0.19343E-07
  0.21480E+03 -0.93072E-07  0.15690E-06  0.12675E-07
  0.21510E+03 -0.72778E-07  0.14904E-06  0.61180E-08
  0.21540E+03 -0.52508E-07  0.14082E-06 -0.32799E-09
  0.21570E+03 -0.32328E-07  0.13229E-06 -0.66390E-08
  0.21600E+03 -0.12306E-07  0.12346E-06 -0.12787E-07
  0.21630E+03  0.74902E-08  0.11437E-06 -0.18772E-07
  0.21660E+03  0.27012E-07  0.10506E-06 -0.24558E-07
  0.21690E+03  0.46182E-07  0.95573E-07 -0.30144E-07
  0.21720E+03  0.64960E-07  0.85927E-07 -0.35515E-07
  0.21750E+03  0.83291E-07  0.76156E-07 -0.40652E-07
  0.21780E+03  0.10111E-06  0.66291E-07 -0.45555E-07
  0.21810E+03  0.11836E-06  0.56383E-07 -0.50217E-07
  0.21840E+03  0.13500E-06  0.46451E-07 -0.54611E-07
  0.21870E+03  0.15101E-06  0.36520E-07 -0.58755E-07
  0.21900E+03  0.16625E-06  0.26640E-07 -0.62623E-07
  0.21930E+03  0.18082E-06  0.16840E-07 -0.66213E-07
  0.21960E+03  0.19456E-06  0.71200E-08 -0.69529E-07
  0.21990E+03  0.20746E-06 -0.24800E-08 -0.72562E-07
  0.22020E+03  0.21950E-06 -0.11980E-07 -0.75313E-07
  0.22050E+03  0.23072E-06 -0.21180E-07 -0.77779E-07
  0.22080E+03  0.24097E-06 -0.30280E-07 -0.79961E-07
  0.22110E+03  0.25031E-06 -0.39080E-07 -0.81849E-07
  0.22140E+03  0.25867E-06 -0.47640E-07 -0.83463E-07
  0.22170E+03  0.26606E-06 -0.55880E-07 -0.84796E-07
  0.22200E+03  0.27238E-06 -0.63840E-07 -0.85844E-07
  0.22230E+03  0.27780E-06 -0.71450E-07 -0.86608E-07
  0.22260E+03  0.28218E-06 -0.78820E-07 -0.87110E-07
  0.22290E+03  0.28555E-06 -0.85740E-07 -0.87329E-07
  0.22320E+03  0.28790E-06 -0.92310E-07 -0.87285E-07
  0.22350E+03  0.28926E-06 -0.98540E-07 -0.86988E-07
  0.22380E+03  0.28961E-06 -0.10432E-06 -0.86429E-07
  0.22410E+03  0.28898E-06 -0.10971E-06 -0.85622E-07
  0.22440E+03  0.28738E-06 -0.11464E-06 -0.84564E-07
  0.22470E+03  0.28482E-06 -0.11916E-06 -0.83271E-07
  0.22500E+03  0.28133E-06 -0.12316E-06 -0.81751E-07
  0.22530E+03  0.27693E-06 -0.12677E-06 -0.80005E-07
  0.22560E+03  0.27164E-06 -0.12994E-06 -0.78041E-07
  0.22590E+03  0.26552E-06 -0.13259E-06 -0.75866E-07
  0.22620E+03  0.25857E-06 -0.13481E-06 -0.73502E-07
  0.22650E+03  0.25084E-06 -0.13655E-06 -0.70934E-07
  0.22680E+03  0.24236E-06 -0.13783E-06 -0.68188E-07
  0.22710E+03  0.23318E-06 -0.13863E-06 -0.65273E-07
  0.22740E+03  0.22333E-06 -0.13898E-06 -0.62194E-07
  0.22770E+03  0.21287E-06 -0.13888E-06 -0.58960E-07
  0.22800E+03  0.20183E-06 -0.13832E-06 -0.55584E-07
  0.22830E+03  0.19028E-06 -0.13731E-06 -0.52078E-07
  0.22860E+03  0.17824E-06 -0.13586E-06 -0.48450E-07
  0.22890E+03  0.16577E-06 -0.13400E-06 -0.44712E-07
  0.22920E+03  0.15292E-06 -0.13172E-06 -0.40870E-07
  0.22950E+03  0.13974E-06 -0.12903E-06 -0.36951E-07
  0.22980E+03  0.12630E-06 -0.12595E-06 -0.32948E-07
  0.23010E+03  0.11262E-06 -0.12249E-06 -0.28896E-07
  0.23040E+03  0.98761E-07 -0.11867E-06 -0.24792E-07
  0.23070E+03  0.84781E-07 -0.11453E-06 -0.20647E-07
  0.23100E+03  0.70723E-07 -0.11004E-06 -0.16481E-07
  0.23130E+03  0.56652E-07 -0.10528E-06 -0.12302E-07
  0.23160E+03  0.42604E-07 -0.10020E-06 -0.81290E-08
  0.23190E+03  0.28624E-07 -0.94870E-07 -0.39780E-08
  0.23220E+03  0.14768E-07 -0.89260E-07  0.14899E-09
  0.23250E+03  0.10750E-08 -0.83400E-07  0.42390E-08
  0.23280E+03 -0.12402E-07 -0.77410E-07  0.82590E-08
  0.23310E+03 -0.25619E-07 -0.71230E-07  0.12220E-07
  0.23340E+03 -0.38548E-07 -0.64910E-07  0.16105E-07
  0.23370E+03 -0.51148E-07 -0.58350E-07  0.19881E-07
  0.23400E+03 -0.63365E-07 -0.51790E-07  0.23570E-07
  0.23430E+03 -0.75181E-07 -0.45140E-07  0.27123E-07
  0.23460E+03 -0.86560E-07 -0.38380E-07  0.30562E-07
  0.23490E+03 -0.97460E-07 -0.31630E-07  0.33853E-07
  0.23520E+03 -0.10785E-06 -0.24810E-07  0.36997E-07
  0.23550E+03 -0.11772E-06 -0.18090E-07  0.39981E-07
  0.23580E+03 -0.12705E-06 -0.11340E-07  0.42795E-07
  0.23610E+03 -0.13579E-06 -0.45900E-08  0.45431E-07
  0.23640E+03 -0.14394E-06  0.19700E-08  0.47879E-07
  0.23670E+03 -0.15148E-06  0.84600E-08  0.50144E-07
  0.23700E+03 -0.15840E-06  0.14860E-07  0.52198E-07
  0.23730E+03 -0.16467E-06  0.21140E-07  0.54051E-07
  0.23760E+03 -0.17030E-06  0.27290E-07  0.55704E-07
  0.23790E+03 -0.17528E-06  0.33130E-07  0.57132E-07
  0.23820E+03 -0.17958E-06  0.38864E-07  0.58350E-07
  0.23850E+03 -0.18323E-06  0.44377E-07  0.59345E-07
  0.23880E+03 -0.18621E-06  0.49649E-07  0.60127E-07
  0.23910E+03 -0.18853E-06  0.54675E-07  0.60678E-07
  0.23940E+03 -0.19019E-06  0.59442E-07  0.61012E-07
  0.23970E+03 -0.19120E-06  0.63934E-07  0.61137E-07
  0.24000E+03 -0.19155E-06  0.68142E-07  0.61033E-07
  0.24030E+03 -0.19128E-06  0.72064E-07  0.60728E-07
  0.24060E+03 -0.19037E-06  0.75681E-07  0.60210E-07
  0.24090E+03 -0.18886E-06  0.78980E-07  0.59479E-07
  0.24120E+03 -0.18675E-06  0.81965E-07  0.58556E-07
  0.24150E+03 -0.18406E-06  0.84629E-07  0.57437E-07
  0.24180E+03 -0.18080E-06  0.86962E-07  0.56137E-07
  0.24210E+03 -0.17702E-06  0.88973E-07  0.54656E-07
  0.24240E+03 -0.17270E-06  0.90644E-07  0.52999E-07
  0.24270E+03 -0.16789E-06  0.91982E-07  0.51186E-07
  0.24300E+03 -0.16256E-06  0.92984E-07  0.49213E-07
  0.24330E+03 -0.15689E-06  0.93662E-07  0.47104E-07
  0.24360E+03 -0.15072E-06  0.94040E-07  0.44859E-07
  0.24390E+03 -0.14416E-06  0.94070E-07  0.42492E-07
  0.24420E+03 -0.13722E-06  0.93750E-07  0.40013E-07
  0.24450E+03 -0.13000E-06  0.93150E-07  0.37434E-07
  0.24480E+03 -0.12242E-06  0.92280E-07  0.34766E-07
  0.24510E+03 -0.11454E-06  0.91030E-07  0.32008E-07
  0.24540E+03 -0.10637E-06  0.89560E-07  0.29196E-07
  0.24570E+03 -0.98010E-07  0.87750E-07  0.26326E-07
  0.24600E+03 -0.89500E-07  0.85750E-07  0.23406E-07
  0.24630E+03 -0.80820E-07  0.83480E-07  0.20457E-07
  0.24660E+03 -0.71920E-07  0.80890E-07  0.17495E-07
  0.24690E+03 -0.63030E-07  0.78130E-07  0.14505E-07
  0.24720E+03 -0.53930E-07  0.75190E-07  0.11528E-07
  0.24750E+03 -0.44870E-07  0.72010E-07  0.85600E-08
  0.24780E+03 -0.35820E-07  0.68630E-07  0.56150E-08
  0.24810E+03 -0.26750E-07  0.65020E-07  0.26930E-08
  0.24840E+03 -0.17731E-07  0.61290E-07 -0.17999E-09
  0.24870E+03 -0.87900E-08  0.57510E-07 -0.30020E-08
  0.24900E+03  0.63949E-10  0.53530E-07 -0.57690E-08
  0.24930E+03  0.87800E-08  0.49440E-07 -0.84750E-08
  0.24960E+03  0.17354E-07  0.45190E-07 -0.11093E-07
  0.24990E+03  0.25745E-07  0.40898E-07 -0.13631E-07
  0.25020E+03  0.33927E-07  0.36553E-07 -0.16080E-07
  0.25050E+03  0.41884E-07  0.32143E-07 -0.18431E-07
  0.25080E+03  0.49592E-07  0.27701E-07 -0.20679E-07
  0.25110E+03  0.57027E-07  0.23237E-07 -0.22818E-07
  0.25140E+03  0.64178E-07  0.18774E-07 -0.24843E-07
  0.25170E+03  0.71007E-07  0.14308E-07 -0.26750E-07
  0.25200E+03  0.77513E-07  0.98696E-08 -0.28534E-07
  0.25230E+03  0.83671E-07  0.54630E-08 -0.30193E-07
  0.25260E+03  0.89461E-07  0.11130E-08 -0.31722E-07
  0.25290E+03  0.94888E-07 -0.31670E-08 -0.33122E-07
  0.25320E+03  0.99910E-07 -0.73790E-08 -0.34387E-07
  0.25350E+03  0.10450E-06 -0.11501E-07 -0.35511E-07
  0.25380E+03  0.10879E-06 -0.15521E-07 -0.36503E-07
  0.25410E+03  0.11256E-06 -0.19429E-07 -0.37367E-07
  0.25440E+03  0.11592E-06 -0.23210E-07 -0.38083E-07
  0.25470E+03  0.11885E-06 -0.26820E-07 -0.38669E-07
  0.25500E+03  0.12140E-06 -0.30360E-07 -0.39117E-07
  0.25530E+03  0.12351E-06 -0.33680E-07 -0.39432E-07
  0.25560E+03  0.12516E-06 -0.36950E-07 -0.39613E-07
  0.25590E+03  0.12626E-06 -0.39940E-07 -0.39663E-07
  0.25620E+03  0.12711E-06 -0.42770E-07 -0.39585E-07
  0.25650E+03  0.12736E-06 -0.45420E-07 -0.39380E-07
  0.25680E+03  0.12725E-06 -0.47900E-07 -0.39053E-07
  0.25710E+03  0.12680E-06 -0.50140E-07 -0.38605E-07
  0.25740E+03  0.12584E-06 -0.52220E-07 -0.38042E-07
  0.25770E+03  0.12444E-06 -0.54130E-07 -0.37366E-07
  0.25800E+03  0.12269E-06 -0.55800E-07 -0.36580E-07
  0.25830E+03  0.12062E-06 -0.57230E-07 -0.35687E-07
  0.25860E+03  0.11808E-06 -0.58541E-07 -0.34701E-07
  0.25890E+03  0.11522E-06 -0.59589E-07 -0.33622E-07
  0.25920E+03  0.11201E-06 -0.60422E-07 -0.32445E-07
  0.25950E+03  0.10846E-06 -0.61048E-07 -0.31185E-07
  0.25980E+03  0.10462E-06 -0.61472E-07 -0.29849E-07
  0.26010E+03  0.10047E-06 -0.61682E-07 -0.28435E-07
  0.26040E+03  0.96034E-07 -0.61682E-07 -0.26948E-07
  0.26070E+03  0.91348E-07 -0.61489E-07 -0.25404E-07
  0.26100E+03  0.86421E-07 -0.61085E-07 -0.23797E-07
  0.26130E+03  0.81272E-07 -0.60493E-07 -0.22145E-07
  0.26160E+03  0.75925E-07 -0.59716E-07 -0.20442E-07
  0.26190E+03  0.70401E-07 -0.58749E-07 -0.18691E-07
  0.26220E+03  0.64717E-07 -0.57608E-07 -0.16915E-07
  0.26250E+03  0.58907E-07 -0.56288E-07 -0.15108E-07
  0.26280E+03  0.52969E-07 -0.54795E-07 -0.13279E-07
  0.26310E+03  0.46945E-07 -0.53157E-07 -0.11434E-07
  0.26340E+03  0.40854E-07 -0.51361E-07 -0.95660E-08
  0.26370E+03  0.34718E-07 -0.49416E-07 -0.77020E-08
  0.26400E+03  0.28547E-07 -0.47336E-07 -0.58430E-08
  0.26430E+03  0.22374E-07 -0.45141E-07 -0.39820E-08
  0.26460E+03  0.16216E-07 -0.42817E-07 -0.21353E-08
  0.26490E+03  0.10050E-07 -0.40389E-07 -0.30640E-09
  0.26520E+03  0.39900E-08 -0.37856E-07  0.14992E-08
  0.26550E+03 -0.20000E-08 -0.35239E-07  0.32765E-08
  0.26580E+03 -0.78101E-08 -0.32535E-07  0.50207E-08
  0.26610E+03 -0.13590E-07 -0.29769E-07  0.67266E-08
  0.26640E+03 -0.19280E-07 -0.26946E-07  0.83920E-08
  0.26670E+03 -0.24810E-07 -0.24065E-07  0.10005E-07
  0.26700E+03 -0.30120E-07 -0.21145E-07  0.11559E-07
  0.26730E+03 -0.35250E-07 -0.18202E-07  0.13061E-07
  0.26760E+03 -0.40280E-07 -0.15240E-07  0.14507E-07
  0.26790E+03 -0.45010E-07 -0.12268E-07  0.15878E-07
  0.26820E+03 -0.49550E-07 -0.92920E-08  0.17181E-07
  0.26850E+03 -0.53800E-07 -0.63340E-08  0.18421E-07
  0.26880E+03 -0.57851E-07 -0.33860E-08  0.19575E-07
  0.26910E+03 -0.61642E-07 -0.48101E-09  0.20653E-07
  0.26940E+03 -0.65172E-07  0.23880E-08  0.21642E-07
  0.26970E+03 -0.68430E-07  0.52150E-08  0.22557E-07
  0.27000E+03 -0.71412E-07  0.79780E-08  0.23376E-07
  0.27030E+03 -0.74117E-07  0.10682E-07  0.24114E-07
  0.27060E+03 -0.76518E-07  0.13305E-07  0.24759E-07
  0.27090E+03 -0.78641E-07  0.15849E-07  0.25314E-07
  0.27120E+03 -0.80466E-07  0.18303E-07  0.25778E-07
  0.27150E+03 -0.81989E-07  0.20662E-07  0.26144E-07
  0.27180E+03 -0.83220E-07  0.22918E-07  0.26427E-07
  0.27210E+03 -0.84159E-07  0.25065E-07  0.26616E-07
  0.27240E+03 -0.84801E-07  0.27098E-07  0.26705E-07
  0.27270E+03 -0.85150E-07  0.29011E-07  0.26707E-07
  0.27300E+03 -0.85210E-07  0.30798E-07  0.26619E-07
  0.27330E+03 -0.84989E-07  0.32459E-07  0.26439E-07
  0.27360E+03 -0.84478E-07  0.33988E-07  0.26173E-07
  0.27390E+03 -0.83707E-07  0.35380E-07  0.25826E-07
  0.27420E+03 -0.82669E-07  0.36636E-07  0.25398E-07
  0.27450E+03 -0.81373E-07  0.37747E-07  0.24884E-07
  0.27480E+03 -0.79825E-07  0.38714E-07  0.24290E-07
  0.27510E+03 -0.78034E-07  0.39544E-07  0.23626E-07
  0.27540E+03 -0.76019E-07  0.40226E-07  0.22889E-07
  0.27570E+03 -0.73775E-07  0.40765E-07  0.22084E-07
  0.27600E+03 -0.71332E-07  0.41159E-07  0.21219E-07
  0.27630E+03 -0.68676E-07  0.41409E-07  0.20285E-07
  0.27660E+03 -0.65845E-07  0.41518E-07  0.19303E-07
  0.27690E+03 -0.62832E-07  0.41486E-07  0.18264E-07
  0.27720E+03 -0.59665E-07  0.41315E-07  0.17173E-07
  0.27750E+03 -0.56338E-07  0.41010E-07  0.16045E-07
  0.27780E+03 -0.52890E-07  0.40571E-07  0.14882E-07
  0.27810E+03 -0.49307E-07  0.40005E-07  0.13678E-07
  0.27840E+03 -0.45617E-07  0.39316E-07  0.12444E-07
  0.27870E+03 -0.41839E-07  0.38494E-07  0.11189E-07
  0.27900E+03 -0.37972E-07  0.37572E-07  0.99110E-08
  0.27930E+03 -0.34050E-07  0.36529E-07  0.86210E-08
  0.27960E+03 -0.30067E-07  0.35374E-07  0.73190E-08
  0.27990E+03 -0.26038E-07  0.34128E-07  0.60160E-08
  0.28020E+03 -0.21989E-07  0.32785E-07  0.47070E-08
  0.28050E+03 -0.17931E-07  0.31352E-07  0.33990E-08
  0.28080E+03 -0.13875E-07  0.29832E-07  0.21050E-08
  0.28110E+03 -0.98331E-08  0.28238E-07  0.81803E-09
  0.28140E+03 -0.58187E-08  0.26577E-07 -0.44901E-09
  0.28170E+03 -0.18410E-08  0.24850E-07 -0.17040E-08
  0.28200E+03  0.20760E-08  0.23066E-07 -0.29240E-08
  0.28230E+03  0.59360E-08  0.21239E-07 -0.41170E-08
  0.28260E+03  0.97160E-08  0.19362E-07 -0.52750E-08
  0.28290E+03  0.13406E-07  0.17448E-07 -0.64010E-08
  0.28320E+03  0.16998E-07  0.15503E-07 -0.74900E-08
  0.28350E+03  0.20475E-07  0.13539E-07 -0.85350E-08
  0.28380E+03  0.23836E-07  0.11560E-07 -0.95360E-08
  0.28410E+03  0.27071E-07  0.95730E-08 -0.10484E-07
  0.28440E+03  0.30175E-07  0.75830E-08 -0.11384E-07
  0.28470E+03  0.33125E-07  0.55970E-08 -0.12231E-07
  0.28500E+03  0.35927E-07  0.36213E-08 -0.13026E-07
  0.28530E+03  0.38568E-07  0.16647E-08 -0.13756E-07
  0.28560E+03  0.41035E-07 -0.26730E-09 -0.14433E-07
  0.28590E+03  0.43337E-07 -0.21710E-08 -0.15056E-07
  0.28620E+03  0.45460E-07 -0.40350E-08 -0.15617E-07
  0.28650E+03  0.47401E-07 -0.58640E-08 -0.16114E-07
  0.28680E+03  0.49159E-07 -0.76370E-08 -0.16545E-07
  0.28710E+03  0.50727E-07 -0.93610E-08 -0.16917E-07
  0.28740E+03  0.52104E-07 -0.11035E-07 -0.17231E-07
  0.28770E+03  0.53286E-07 -0.12640E-07 -0.17471E-07
  0.28800E+03  0.54283E-07 -0.14179E-07 -0.17657E-07
  0.28830E+03  0.55079E-07 -0.15651E-07 -0.17781E-07
  0.28860E+03  0.55678E-07 -0.17048E-07 -0.17838E-07
  0.28890E+03  0.56086E-07 -0.18365E-07 -0.17841E-07
  0.28920E+03  0.56300E-07 -0.19603E-07 -0.17788E-07
  0.28950E+03  0.56323E-07 -0.20757E-07 -0.17668E-07
  0.28980E+03  0.56157E-07 -0.21820E-07 -0.17493E-07
  0.29010E+03  0.55811E-07 -0.22801E-07 -0.17270E-07
  0.29040E+03  0.55278E-07 -0.23686E-07 -0.16981E-07
  0.29070E+03  0.54577E-07 -0.24487E-07 -0.16655E-07
  0.29100E+03  0.53705E-07 -0.25191E-07 -0.16265E-07
  0.29130E+03  0.52659E-07 -0.25797E-07 -0.15836E-07
  0.29160E+03  0.51459E-07 -0.26312E-07 -0.15367E-07
  0.29190E+03  0.50099E-07 -0.26735E-07 -0.14843E-07
  0.29220E+03  0.48596E-07 -0.27061E-07 -0.14289E-07
  0.29250E+03  0.46951E-07 -0.27292E-07 -0.13686E-07
  0.29280E+03  0.45174E-07 -0.27423E-07 -0.13052E-07
  0.29310E+03  0.43271E-07 -0.27471E-07 -0.12387E-07
  0.29340E+03  0.41250E-07 -0.27419E-07 -0.11682E-07
  0.29370E+03  0.39127E-07 -0.27287E-07 -0.10960E-07
  0.29400E+03  0.36897E-07 -0.27057E-07 -0.10215E-07
  0.29430E+03  0.34577E-07 -0.26745E-07 -0.94480E-08
  0.29460E+03  0.32184E-07 -0.26344E-07 -0.86570E-08
  0.29490E+03  0.29703E-07 -0.25866E-07 -0.78502E-08
  0.29520E+03  0.27172E-07 -0.25308E-07 -0.70330E-08
  0.29550E+03  0.24583E-07 -0.24678E-07 -0.62034E-08
  0.29580E+03  0.21939E-07 -0.23967E-07 -0.53648E-08
  0.29610E+03  0.19275E-07 -0.23194E-07 -0.45222E-08
  0.29640E+03  0.16576E-07 -0.22349E-07 -0.36774E-08
  0.29670E+03  0.13870E-07 -0.21453E-07 -0.28310E-08
  0.29700E+03  0.11150E-07 -0.20486E-07 -0.19970E-08
  0.29730E+03  0.84360E-08 -0.19472E-07 -0.11630E-08
  0.29760E+03  0.57310E-08 -0.18409E-07 -0.33599E-09
  0.29790E+03  0.30460E-08 -0.17295E-07  0.47001E-09
  0.29820E+03  0.38601E-09 -0.16149E-07  0.12760E-08
  0.29850E+03 -0.22383E-08 -0.14958E-07  0.20540E-08
  0.29880E+03 -0.48137E-08 -0.13690E-07  0.28280E-08
  0.29910E+03 -0.73335E-08 -0.12540E-07  0.35670E-08
  0.29940E+03 -0.97920E-08 -0.11260E-07  0.42960E-08
  0.29970E+03 -0.12183E-07 -0.99400E-08  0.49910E-08
  0.30000E+03 -0.14498E-07 -0.85799E-08  0.56590E-08
  0.30030E+03 -0.16728E-07 -0.73400E-08  0.63010E-08
  0.30060E+03 -0.18874E-07 -0.60201E-08  0.69080E-08
  0.30090E+03 -0.20929E-07 -0.46650E-08  0.74840E-08
  0.30120E+03 -0.22877E-07 -0.33560E-08  0.80370E-08
  0.30150E+03 -0.24730E-07 -0.20420E-08  0.85540E-08
  0.30180E+03 -0.26467E-07 -0.74999E-09  0.90330E-08
  0.30210E+03 -0.28090E-07  0.52796E-09  0.94710E-08
  0.30240E+03 -0.29590E-07  0.17890E-08  0.98730E-08
  0.30270E+03 -0.31030E-07  0.30270E-08  0.10237E-07
  0.30300E+03 -0.32250E-07  0.42330E-08  0.10561E-07
  0.30330E+03 -0.33410E-07  0.54120E-08  0.10847E-07
  0.30360E+03 -0.34360E-07  0.65530E-08  0.11088E-07
  0.30390E+03 -0.35300E-07  0.76490E-08  0.11291E-07
  0.30420E+03 -0.36060E-07  0.87121E-08  0.11460E-07
  0.30450E+03 -0.36640E-07  0.97313E-08  0.11581E-07
  0.30480E+03 -0.37090E-07  0.10697E-07  0.11666E-07
  0.30510E+03 -0.37490E-07  0.11613E-07  0.11711E-07
  0.30540E+03 -0.37710E-07  0.12486E-07  0.11720E-07
  0.30570E+03 -0.37830E-07  0.13299E-07  0.11686E-07
  0.30600E+03 -0.37796E-07  0.14056E-07  0.11614E-07
  0.30630E+03 -0.37644E-07  0.14758E-07  0.11505E-07
  0.30660E+03  0.96634E-12  0.00000E+00 -0.39968E-12
  0.30690E+03 -0.19895E-11  0.00000E+00  0.19895E-12
