  0.00000E+00 -0.23087E-11 -0.11327E-11 -0.66796E-11
  0.30000E+00 -0.64173E-11 -0.27349E-11 -0.17865E-10
  0.60000E+00 -0.14341E-10 -0.46952E-11 -0.36802E-10
  0.90000E+00 -0.27867E-10 -0.60473E-11 -0.63216E-10
  0.12000E+01 -0.48990E-10 -0.63260E-11 -0.96830E-10
  0.15000E+01 -0.79598E-10 -0.76417E-11 -0.14076E-09
  0.18000E+01 -0.12213E-09 -0.17284E-10 -0.20450E-09
  0.21000E+01 -0.18174E-09 -0.49946E-10 -0.30571E-09
  0.24000E+01 -0.26920E-09 -0.12884E-09 -0.47065E-09
  0.27000E+01 -0.40311E-09 -0.28549E-09 -0.73300E-09
  0.30000E+01 -0.60980E-09 -0.55827E-09 -0.11316E-08
  0.33000E+01 -0.91994E-09 -0.99044E-09 -0.17078E-08
  0.36000E+01 -0.13631E-08 -0.16279E-08 -0.25030E-08
  0.39000E+01 -0.19627E-08 -0.25166E-08 -0.35559E-08
  0.42000E+01 -0.27324E-08 -0.36991E-08 -0.49002E-08
  0.45000E+01 -0.36749E-08 -0.52104E-08 -0.65617E-08
  0.48000E+01 -0.47817E-08 -0.70753E-08 -0.85571E-08
  0.51000E+01 -0.60339E-08 -0.93061E-08 -0.10894E-07
  0.54000E+01 -0.74031E-08 -0.11902E-07 -0.13570E-07
  0.57000E+01 -0.88535E-08 -0.14847E-07 -0.16576E-07
  0.60000E+01 -0.10344E-07 -0.18112E-07 -0.19892E-07
  0.63000E+01 -0.11831E-07 -0.21654E-07 -0.23491E-07
  0.66000E+01 -0.13264E-07 -0.25423E-07 -0.27337E-07
  0.69000E+01 -0.14592E-07 -0.29361E-07 -0.31387E-07
  0.72000E+01 -0.15763E-07 -0.33408E-07 -0.35591E-07
  0.75000E+01 -0.16723E-07 -0.37503E-07 -0.39892E-07
  0.78000E+01 -0.17419E-07 -0.41580E-07 -0.44225E-07
  0.81000E+01 -0.17800E-07 -0.45573E-07 -0.48518E-07
  0.84000E+01 -0.17813E-07 -0.49409E-07 -0.52694E-07
  0.87000E+01 -0.17408E-07 -0.53015E-07 -0.56668E-07
  0.90000E+01 -0.16539E-07 -0.56314E-07 -0.60354E-07
  0.93000E+01 -0.15166E-07 -0.59227E-07 -0.63665E-07
  0.96000E+01 -0.13257E-07 -0.61671E-07 -0.66511E-07
  0.99000E+01 -0.10789E-07 -0.63559E-07 -0.68805E-07
  0.10200E+02 -0.77498E-08 -0.64805E-07 -0.70461E-07
  0.10500E+02 -0.41374E-08 -0.65325E-07 -0.71395E-07
  0.10800E+02  0.37396E-10 -0.65042E-07 -0.71530E-07
  0.11100E+02  0.47498E-08 -0.63891E-07 -0.70793E-07
  0.11400E+02  0.99598E-08 -0.61818E-07 -0.69126E-07
  0.11700E+02  0.15614E-07 -0.58783E-07 -0.66481E-07
  0.12000E+02  0.21646E-07 -0.54764E-07 -0.62826E-07
  0.12300E+02  0.27980E-07 -0.49752E-07 -0.58143E-07
  0.12600E+02  0.34532E-07 -0.43752E-07 -0.52427E-07
  0.12900E+02  0.41206E-07 -0.36787E-07 -0.45692E-07
  0.13200E+02  0.47898E-07 -0.28891E-07 -0.37963E-07
  0.13500E+02  0.54501E-07 -0.20110E-07 -0.29281E-07
  0.13800E+02  0.60908E-07 -0.10503E-07 -0.19700E-07
  0.14100E+02  0.67014E-07 -0.13814E-09 -0.92902E-08
  0.14400E+02  0.72718E-07  0.10903E-07  0.18700E-08
  0.14700E+02  0.77920E-07  0.22530E-07  0.13688E-07
  0.15000E+02  0.82521E-07  0.34642E-07  0.26063E-07
  0.15300E+02  0.86430E-07  0.47126E-07  0.38882E-07
  0.15600E+02  0.89563E-07  0.59862E-07  0.52026E-07
  0.15900E+02  0.91844E-07  0.72716E-07  0.65372E-07
  0.16200E+02  0.93209E-07  0.85547E-07  0.78791E-07
  0.16500E+02  0.93599E-07  0.98206E-07  0.92154E-07
  0.16800E+02  0.92966E-07  0.11054E-06  0.10533E-06
  0.17100E+02  0.91268E-07  0.12239E-06  0.11819E-06
  0.17400E+02  0.88476E-07  0.13362E-06  0.13060E-06
  0.17700E+02  0.84569E-07  0.14407E-06  0.14244E-06
  0.18000E+02  0.79534E-07  0.15360E-06  0.15356E-06
  0.18300E+02  0.73374E-07  0.16208E-06  0.16384E-06
  0.18600E+02  0.66105E-07  0.16938E-06  0.17314E-06
  0.18900E+02  0.57757E-07  0.17538E-06  0.18137E-06
  0.19200E+02  0.48379E-07  0.17997E-06  0.18839E-06
  0.19500E+02  0.38031E-07  0.18308E-06  0.19411E-06
  0.19800E+02  0.26792E-07  0.18464E-06  0.19846E-06
  0.20100E+02  0.14750E-07  0.18461E-06  0.20137E-06
  0.20400E+02  0.20054E-08  0.18296E-06  0.20277E-06
  0.20700E+02 -0.11335E-07  0.17970E-06  0.20264E-06
  0.21000E+02 -0.25157E-07  0.17486E-06  0.20095E-06
  0.21300E+02 -0.39338E-07  0.16847E-06  0.19768E-06
  0.21600E+02 -0.53747E-07  0.16058E-06  0.19283E-06
  0.21900E+02 -0.68242E-07  0.15127E-06  0.18642E-06
  0.22200E+02 -0.82673E-07  0.14060E-06  0.17848E-06
  0.22500E+02 -0.96884E-07  0.12865E-06  0.16906E-06
  0.22800E+02 -0.11071E-06  0.11550E-06  0.15823E-06
  0.23100E+02 -0.12400E-06  0.10127E-06  0.14605E-06
  0.23400E+02 -0.13660E-06  0.86041E-07  0.13263E-06
  0.23700E+02 -0.14836E-06  0.69944E-07  0.11807E-06
  0.24000E+02 -0.15913E-06  0.53097E-07  0.10249E-06
  0.24300E+02 -0.16880E-06  0.35633E-07  0.86001E-07
  0.24600E+02 -0.17723E-06  0.17695E-07  0.68747E-07
  0.24900E+02 -0.18432E-06 -0.56576E-09  0.50859E-07
  0.25200E+02 -0.18995E-06 -0.18988E-07  0.32480E-07
  0.25500E+02 -0.19405E-06 -0.37407E-07  0.13751E-07
  0.25800E+02 -0.19655E-06 -0.55660E-07 -0.51867E-08
  0.26100E+02 -0.19741E-06 -0.73584E-07 -0.24192E-07
  0.26400E+02 -0.19661E-06 -0.91024E-07 -0.43127E-07
  0.26700E+02 -0.19414E-06 -0.10783E-06 -0.61858E-07
  0.27000E+02 -0.19002E-06 -0.12386E-06 -0.80250E-07
  0.27300E+02 -0.18428E-06 -0.13900E-06 -0.98175E-07
  0.27600E+02 -0.17697E-06 -0.15311E-06 -0.11551E-06
  0.27900E+02 -0.16816E-06 -0.16610E-06 -0.13212E-06
  0.28200E+02 -0.15792E-06 -0.17788E-06 -0.14790E-06
  0.28500E+02 -0.14634E-06 -0.18837E-06 -0.16273E-06
  0.28800E+02 -0.13353E-06 -0.19750E-06 -0.17652E-06
  0.29100E+02 -0.11962E-06 -0.20521E-06 -0.18917E-06
  0.29400E+02 -0.10474E-06 -0.21147E-06 -0.20061E-06
  0.29700E+02 -0.89032E-07 -0.21624E-06 -0.21077E-06
  0.30000E+02 -0.72646E-07 -0.21950E-06 -0.21959E-06
  0.30300E+02 -0.55729E-07 -0.22125E-06 -0.22702E-06
  0.30600E+02 -0.38429E-07 -0.22147E-06 -0.23303E-06
  0.30900E+02 -0.20891E-07 -0.22019E-06 -0.23760E-06
  0.31200E+02 -0.32596E-08 -0.21743E-06 -0.24071E-06
  0.31500E+02  0.14321E-07 -0.21324E-06 -0.24236E-06
  0.31800E+02  0.31708E-07 -0.20767E-06 -0.24256E-06
  0.32100E+02  0.48758E-07 -0.20079E-06 -0.24133E-06
  0.32400E+02  0.65329E-07 -0.19269E-06 -0.23870E-06
  0.32700E+02  0.81285E-07 -0.18344E-06 -0.23469E-06
  0.33000E+02  0.96501E-07 -0.17314E-06 -0.22935E-06
  0.33300E+02  0.11086E-06 -0.16187E-06 -0.22273E-06
  0.33600E+02  0.12427E-06 -0.14976E-06 -0.21490E-06
  0.33900E+02  0.13663E-06 -0.13688E-06 -0.20593E-06
  0.34200E+02  0.14785E-06 -0.12333E-06 -0.19601E-06
  0.34500E+02  0.15777E-06 -0.10908E-06 -0.18544E-06
  0.34800E+02  0.16617E-06 -0.94040E-07 -0.17464E-06
  0.35100E+02  0.17275E-06 -0.78007E-07 -0.16410E-06
  0.35400E+02  0.17718E-06 -0.60715E-07 -0.15429E-06
  0.35700E+02  0.17912E-06 -0.41879E-07 -0.14565E-06
  0.36000E+02  0.17826E-06 -0.21232E-07 -0.13852E-06
  0.36300E+02  0.17432E-06  0.14449E-08 -0.13319E-06
  0.36600E+02  0.16712E-06  0.26315E-07 -0.12986E-06
  0.36900E+02  0.15652E-06  0.53474E-07 -0.12862E-06
  0.37200E+02  0.14248E-06  0.82940E-07 -0.12948E-06
  0.37500E+02  0.12501E-06  0.11464E-06 -0.13232E-06
  0.37800E+02  0.10426E-06  0.14840E-06 -0.13689E-06
  0.38100E+02  0.80490E-07  0.18389E-06 -0.14273E-06
  0.38400E+02  0.54177E-07  0.22056E-06 -0.14912E-06
  0.38700E+02  0.26019E-07  0.25762E-06 -0.15508E-06
  0.39000E+02 -0.30139E-08  0.29399E-06 -0.15938E-06
  0.39300E+02 -0.31679E-07  0.32830E-06 -0.16057E-06
  0.39600E+02 -0.58527E-07  0.35899E-06 -0.15713E-06
  0.39900E+02 -0.82018E-07  0.38438E-06 -0.14770E-06
  0.40200E+02 -0.10066E-06  0.40288E-06 -0.13123E-06
  0.40500E+02 -0.11325E-06  0.41322E-06 -0.10722E-06
  0.40800E+02 -0.11911E-06  0.41470E-06 -0.76020E-07
  0.41100E+02 -0.11813E-06  0.40729E-06 -0.38358E-07
  0.41400E+02 -0.11053E-06  0.39125E-06  0.52339E-08
  0.41700E+02 -0.96400E-07  0.36672E-06  0.54716E-07
  0.42000E+02 -0.75561E-07  0.33350E-06  0.11028E-06
  0.42300E+02 -0.47635E-07  0.29120E-06  0.17181E-06
  0.42600E+02 -0.12384E-07  0.23958E-06  0.23866E-06
  0.42900E+02  0.30069E-07  0.17884E-06  0.30965E-06
  0.43200E+02  0.79190E-07  0.10958E-06  0.38336E-06
  0.43500E+02  0.13411E-06  0.32754E-07  0.45828E-06
  0.43800E+02  0.19378E-06 -0.50546E-07  0.53290E-06
  0.44100E+02  0.25709E-06 -0.13916E-06  0.60571E-06
  0.44400E+02  0.32299E-06 -0.23190E-06  0.67523E-06
  0.44700E+02  0.39046E-06 -0.32755E-06  0.74002E-06
  0.45000E+02  0.45844E-06 -0.42476E-06  0.79870E-06
  0.45300E+02  0.52575E-06 -0.52206E-06  0.84987E-06
  0.45600E+02  0.59106E-06 -0.61777E-06  0.89218E-06
  0.45900E+02  0.65293E-06 -0.71014E-06  0.92439E-06
  0.46200E+02  0.70993E-06 -0.79739E-06  0.94537E-06
  0.46500E+02  0.76062E-06 -0.87757E-06  0.95408E-06
  0.46800E+02  0.80342E-06 -0.94859E-06  0.94981E-06
  0.47100E+02  0.83670E-06 -0.10082E-05  0.93218E-06
  0.47400E+02  0.85885E-06 -0.10543E-05  0.90106E-06
  0.47700E+02  0.86840E-06 -0.10849E-05  0.85639E-06
  0.48000E+02  0.86400E-06 -0.10983E-05  0.79813E-06
  0.48300E+02  0.84449E-06 -0.10930E-05  0.72636E-06
  0.48600E+02  0.80882E-06 -0.10676E-05  0.64138E-06
  0.48900E+02  0.75620E-06 -0.10211E-05  0.54382E-06
  0.49200E+02  0.68612E-06 -0.95277E-06  0.43458E-06
  0.49500E+02  0.59843E-06 -0.86231E-06  0.31481E-06
  0.49800E+02  0.49331E-06 -0.75003E-06  0.18590E-06
  0.50100E+02  0.37136E-06 -0.61677E-06  0.49465E-07
  0.50400E+02  0.23364E-06 -0.46397E-06 -0.92656E-07
  0.50700E+02  0.81740E-07 -0.29363E-06 -0.23847E-06
  0.51000E+02 -0.82225E-07 -0.10826E-06 -0.38589E-06
  0.51300E+02 -0.25566E-06  0.89181E-07 -0.53269E-06
  0.51600E+02 -0.43561E-06  0.29544E-06 -0.67658E-06
  0.51900E+02 -0.61883E-06  0.50698E-06 -0.81530E-06
  0.52200E+02 -0.80194E-06  0.72010E-06 -0.94671E-06
  0.52500E+02 -0.98151E-06  0.93090E-06 -0.10688E-05
  0.52800E+02 -0.11542E-05  0.11354E-05 -0.11798E-05
  0.53100E+02 -0.13168E-05  0.13299E-05 -0.12779E-05
  0.53400E+02 -0.14663E-05  0.15105E-05 -0.13618E-05
  0.53700E+02 -0.16000E-05  0.16739E-05 -0.14301E-05
  0.54000E+02 -0.17154E-05  0.18172E-05 -0.14819E-05
  0.54300E+02 -0.18104E-05  0.19377E-05 -0.15163E-05
  0.54600E+02 -0.18830E-05  0.20331E-05 -0.15331E-05
  0.54900E+02 -0.19318E-05  0.21015E-05 -0.15318E-05
  0.55200E+02 -0.19559E-05  0.21418E-05 -0.15125E-05
  0.55500E+02 -0.19549E-05  0.21530E-05 -0.14755E-05
  0.55800E+02 -0.19290E-05  0.21349E-05 -0.14210E-05
  0.56100E+02 -0.18784E-05  0.20877E-05 -0.13496E-05
  0.56400E+02 -0.18042E-05  0.20121E-05 -0.12619E-05
  0.56700E+02 -0.17074E-05  0.19095E-05 -0.11584E-05
  0.57000E+02 -0.15895E-05  0.17814E-05 -0.10400E-05
  0.57300E+02 -0.14519E-05  0.16299E-05 -0.90773E-06
  0.57600E+02 -0.12965E-05  0.14571E-05 -0.76281E-06
  0.57900E+02 -0.11254E-05  0.12656E-05 -0.60665E-06
  0.58200E+02 -0.94074E-06  0.10580E-05 -0.44086E-06
  0.58500E+02 -0.74497E-06  0.83733E-06 -0.26723E-06
  0.58800E+02 -0.54077E-06  0.60660E-06 -0.87733E-07
  0.59100E+02 -0.33089E-06  0.36911E-06  0.95454E-07
  0.59400E+02 -0.11821E-06  0.12823E-06  0.28001E-06
  0.59700E+02  0.94353E-07 -0.11261E-06  0.46348E-06
  0.60000E+02  0.30377E-06 -0.34999E-06  0.64336E-06
  0.60300E+02  0.50695E-06 -0.58063E-06  0.81704E-06
  0.60600E+02  0.70084E-06 -0.80154E-06  0.98184E-06
  0.60900E+02  0.88266E-06 -0.10101E-05  0.11350E-05
  0.61200E+02  0.10499E-05 -0.12041E-05  0.12735E-05
  0.61500E+02  0.12005E-05 -0.13816E-05  0.13946E-05
  0.61800E+02  0.13326E-05 -0.15410E-05  0.14956E-05
  0.62100E+02  0.14450E-05 -0.16810E-05  0.15741E-05
  0.62400E+02  0.15366E-05 -0.18004E-05  0.16283E-05
  0.62700E+02  0.16072E-05 -0.18986E-05  0.16571E-05
  0.63000E+02  0.16570E-05 -0.19751E-05  0.16600E-05
  0.63300E+02  0.16867E-05 -0.20300E-05  0.16371E-05
  0.63600E+02  0.16975E-05 -0.20634E-05  0.15891E-05
  0.63900E+02  0.16908E-05 -0.20759E-05  0.15171E-05
  0.64200E+02  0.16680E-05 -0.20680E-05  0.14221E-05
  0.64500E+02  0.16306E-05 -0.20405E-05  0.13057E-05
  0.64800E+02  0.15798E-05 -0.19942E-05  0.11692E-05
  0.65100E+02  0.15169E-05 -0.19300E-05  0.10143E-05
  0.65400E+02  0.14434E-05 -0.18490E-05  0.84292E-06
  0.65700E+02  0.13607E-05 -0.17528E-05  0.65715E-06
  0.66000E+02  0.12705E-05 -0.16430E-05  0.45952E-06
  0.66300E+02  0.11750E-05 -0.15215E-05  0.25282E-06
  0.66600E+02  0.10760E-05 -0.13902E-05  0.40101E-07
  0.66900E+02  0.97570E-06 -0.12510E-05 -0.17542E-06
  0.67200E+02  0.87608E-06 -0.11057E-05 -0.39046E-06
  0.67500E+02  0.77897E-06 -0.95592E-06 -0.60174E-06
  0.67800E+02  0.68606E-06 -0.80315E-06 -0.80595E-06
  0.68100E+02  0.59874E-06 -0.64836E-06 -0.99975E-06
  0.68400E+02  0.51807E-06 -0.49232E-06 -0.11797E-05
  0.68700E+02  0.44483E-06 -0.33589E-06 -0.13423E-05
  0.69000E+02  0.37953E-06 -0.18035E-06 -0.14842E-05
  0.69300E+02  0.32228E-06 -0.27623E-07 -0.16020E-05
  0.69600E+02  0.27250E-06  0.11982E-06 -0.16929E-05
  0.69900E+02  0.22872E-06  0.25920E-06 -0.17547E-05
  0.70200E+02  0.18869E-06  0.38756E-06 -0.17857E-05
  0.70500E+02  0.14989E-06  0.50208E-06 -0.17856E-05
  0.70800E+02  0.11007E-06  0.60035E-06 -0.17545E-05
  0.71100E+02  0.67526E-07  0.68068E-06 -0.16932E-05
  0.71400E+02  0.21294E-07  0.74198E-06 -0.16029E-05
  0.71700E+02 -0.29137E-07  0.78365E-06 -0.14850E-05
  0.72000E+02 -0.84028E-07  0.80540E-06 -0.13405E-05
  0.72300E+02 -0.14328E-06  0.80723E-06 -0.11706E-05
  0.72600E+02 -0.20646E-06  0.78935E-06 -0.97671E-06
  0.72900E+02 -0.27311E-06  0.75233E-06 -0.76058E-06
  0.73200E+02 -0.34311E-06  0.69721E-06 -0.52418E-06
  0.73500E+02 -0.41656E-06  0.62549E-06 -0.26978E-06
  0.73800E+02 -0.49346E-06  0.53903E-06  0.90040E-10
  0.74100E+02 -0.57320E-06  0.43995E-06  0.28270E-06
  0.74400E+02 -0.65437E-06  0.33079E-06  0.57520E-06
  0.74700E+02 -0.73471E-06  0.21474E-06  0.87465E-06
  0.75000E+02 -0.81133E-06  0.95734E-07  0.11781E-05
  0.75300E+02 -0.88088E-06 -0.21523E-07  0.14828E-05
  0.75600E+02 -0.93984E-06 -0.13177E-06  0.17855E-05
  0.75900E+02 -0.98472E-06 -0.22944E-06  0.20833E-05
  0.76200E+02 -0.10123E-05 -0.30894E-06  0.23729E-05
  0.76500E+02 -0.10197E-05 -0.36496E-06  0.26508E-05
  0.76800E+02 -0.10047E-05 -0.39278E-06  0.29133E-05
  0.77100E+02 -0.96556E-06 -0.38848E-06  0.31567E-05
  0.77400E+02 -0.90161E-06 -0.34908E-06  0.33770E-05
  0.77700E+02 -0.81324E-06 -0.27279E-06  0.35703E-05
  0.78000E+02 -0.70197E-06 -0.15914E-06  0.37325E-05
  0.78300E+02 -0.57033E-06 -0.91134E-08  0.38599E-05
  0.78600E+02 -0.42177E-06  0.17494E-06  0.39484E-05
  0.78900E+02 -0.26047E-06  0.38940E-06  0.39948E-05
  0.79200E+02 -0.91232E-07  0.62961E-06  0.39961E-05
  0.79500E+02  0.80590E-07  0.89003E-06  0.39502E-05
  0.79800E+02  0.24929E-06  0.11645E-05  0.38558E-05
  0.80100E+02  0.40900E-06  0.14467E-05  0.37119E-05
  0.80400E+02  0.55398E-06  0.17301E-05  0.35182E-05
  0.80700E+02  0.67887E-06  0.20086E-05  0.32751E-05
  0.81000E+02  0.77909E-06  0.22762E-05  0.29833E-05
  0.81300E+02  0.85105E-06  0.25273E-05  0.26440E-05
  0.81600E+02  0.89233E-06  0.27566E-05  0.22589E-05
  0.81900E+02  0.90169E-06  0.29590E-05  0.18303E-05
  0.82200E+02  0.87886E-06  0.31298E-05  0.13610E-05
  0.82500E+02  0.82426E-06  0.32645E-05  0.85452E-06
  0.82800E+02  0.73876E-06  0.33591E-05  0.31507E-06
  0.83100E+02  0.62345E-06  0.34099E-05 -0.25257E-06
  0.83400E+02  0.47961E-06  0.34138E-05 -0.84290E-06
  0.83700E+02  0.30867E-06  0.33686E-05 -0.14498E-05
  0.84000E+02  0.11235E-06  0.32725E-05 -0.20666E-05
  0.84300E+02 -0.10713E-06  0.31251E-05 -0.26861E-05
  0.84600E+02 -0.34694E-06  0.29271E-05 -0.33012E-05
  0.84900E+02 -0.60359E-06  0.26803E-05 -0.39043E-05
  0.85200E+02 -0.87295E-06  0.23878E-05 -0.44884E-05
  0.85500E+02 -0.11505E-05  0.20538E-05 -0.50467E-05
  0.85800E+02 -0.14313E-05  0.16833E-05 -0.55728E-05
  0.86100E+02 -0.17105E-05  0.12819E-05 -0.60609E-05
  0.86400E+02 -0.19828E-05  0.85536E-06 -0.65061E-05
  0.86700E+02 -0.22430E-05  0.40941E-06 -0.69037E-05
  0.87000E+02 -0.24856E-05 -0.50618E-07 -0.72501E-05
  0.87300E+02 -0.27057E-05 -0.51997E-06 -0.75417E-05
  0.87600E+02 -0.28979E-05 -0.99443E-06 -0.77759E-05
  0.87900E+02 -0.30576E-05 -0.14701E-05 -0.79499E-05
  0.88200E+02 -0.31800E-05 -0.19434E-05 -0.80613E-05
  0.88500E+02 -0.32609E-05 -0.24104E-05 -0.81075E-05
  0.88800E+02 -0.32965E-05 -0.28675E-05 -0.80858E-05
  0.89100E+02 -0.32838E-05 -0.33104E-05 -0.79936E-05
  0.89400E+02 -0.32207E-05 -0.37348E-05 -0.78284E-05
  0.89700E+02 -0.31062E-05 -0.41359E-05 -0.75884E-05
  0.90000E+02 -0.29406E-05 -0.45084E-05 -0.72720E-05
  0.90300E+02 -0.27253E-05 -0.48472E-05 -0.68788E-05
  0.90600E+02 -0.24629E-05 -0.51473E-05 -0.64092E-05
  0.90900E+02 -0.21570E-05 -0.54039E-05 -0.58649E-05
  0.91200E+02 -0.18121E-05 -0.56128E-05 -0.52487E-05
  0.91500E+02 -0.14331E-05 -0.57702E-05 -0.45646E-05
  0.91800E+02 -0.10255E-05 -0.58730E-05 -0.38176E-05
  0.92100E+02 -0.59501E-06 -0.59186E-05 -0.30137E-05
  0.92400E+02 -0.14710E-06 -0.59051E-05 -0.21599E-05
  0.92700E+02  0.31265E-06 -0.58312E-05 -0.12634E-05
  0.93000E+02  0.77867E-06 -0.56963E-05 -0.33244E-06
  0.93300E+02  0.12453E-05 -0.55004E-05  0.62454E-06
  0.93600E+02  0.17069E-05 -0.52444E-05  0.15985E-05
  0.93900E+02  0.21576E-05 -0.49298E-05  0.25798E-05
  0.94200E+02  0.25914E-05 -0.45587E-05  0.35586E-05
  0.94500E+02  0.30025E-05 -0.41341E-05  0.45247E-05
  0.94800E+02  0.33853E-05 -0.36592E-05  0.54676E-05
  0.95100E+02  0.37344E-05 -0.31379E-05  0.63769E-05
  0.95400E+02  0.40453E-05 -0.25748E-05  0.72425E-05
  0.95700E+02  0.43143E-05 -0.19748E-05  0.80541E-05
  0.96000E+02  0.45386E-05 -0.13436E-05  0.88023E-05
  0.96300E+02  0.47164E-05 -0.68725E-06  0.94778E-05
  0.96600E+02  0.48470E-05 -0.12493E-07  0.10072E-04
  0.96900E+02  0.49301E-05  0.67354E-06  0.10578E-04
  0.97200E+02  0.49664E-05  0.13634E-05  0.10987E-04
  0.97500E+02  0.49569E-05  0.20494E-05  0.11295E-04
  0.97800E+02  0.49031E-05  0.27238E-05  0.11496E-04
  0.98100E+02  0.48068E-05  0.33787E-05  0.11588E-04
  0.98400E+02  0.46701E-05  0.40061E-05  0.11567E-04
  0.98700E+02  0.44955E-05  0.45981E-05  0.11433E-04
  0.99000E+02  0.42853E-05  0.51469E-05  0.11187E-04
  0.99300E+02  0.40420E-05  0.56447E-05  0.10833E-04
  0.99600E+02  0.37682E-05  0.60844E-05  0.10372E-04
  0.99900E+02  0.34662E-05  0.64598E-05  0.98126E-05
  0.10020E+03  0.31385E-05  0.67658E-05  0.91597E-05
  0.10050E+03  0.27877E-05  0.69984E-05  0.84216E-05
  0.10080E+03  0.24167E-05  0.71552E-05  0.76071E-05
  0.10110E+03  0.20287E-05  0.72346E-05  0.67258E-05
  0.10140E+03  0.16271E-05  0.72365E-05  0.57874E-05
  0.10170E+03  0.12157E-05  0.71615E-05  0.48024E-05
  0.10200E+03  0.79822E-06  0.70115E-05  0.37811E-05
  0.10230E+03  0.37866E-06  0.67888E-05  0.27338E-05
  0.10260E+03 -0.38671E-07  0.64966E-05  0.16710E-05
  0.10290E+03 -0.44931E-06  0.61389E-05  0.60301E-06
  0.10320E+03 -0.84872E-06  0.57199E-05 -0.45992E-06
  0.10350E+03 -0.12326E-05  0.52446E-05 -0.15076E-05
  0.10380E+03 -0.15968E-05  0.47185E-05 -0.25299E-05
  0.10410E+03 -0.19381E-05  0.41472E-05 -0.35173E-05
  0.10440E+03 -0.22539E-05  0.35367E-05 -0.44603E-05
  0.10470E+03 -0.25424E-05  0.28934E-05 -0.53502E-05
  0.10500E+03 -0.28024E-05  0.22239E-05 -0.61788E-05
  0.10530E+03 -0.30333E-05  0.15350E-05 -0.69388E-05
  0.10560E+03 -0.32350E-05  0.83364E-06 -0.76237E-05
  0.10590E+03 -0.34073E-05  0.12716E-06 -0.82278E-05
  0.10620E+03 -0.35502E-05 -0.57717E-06 -0.87463E-05
  0.10650E+03 -0.36638E-05 -0.12720E-05 -0.91752E-05
  0.10680E+03 -0.37485E-05 -0.19502E-05 -0.95117E-05
  0.10710E+03 -0.38046E-05 -0.26044E-05 -0.97536E-05
  0.10740E+03 -0.38327E-05 -0.32278E-05 -0.99000E-05
  0.10770E+03 -0.38333E-05 -0.38134E-05 -0.99509E-05
  0.10800E+03 -0.38074E-05 -0.43548E-05 -0.99074E-05
  0.10830E+03 -0.37557E-05 -0.48458E-05 -0.97715E-05
  0.10860E+03 -0.36796E-05 -0.52807E-05 -0.95462E-05
  0.10890E+03 -0.35805E-05 -0.56543E-05 -0.92353E-05
  0.10920E+03 -0.34603E-05 -0.59623E-05 -0.88438E-05
  0.10950E+03 -0.33210E-05 -0.62014E-05 -0.83773E-05
  0.10980E+03 -0.31652E-05 -0.63694E-05 -0.78428E-05
  0.11010E+03 -0.29953E-05 -0.64650E-05 -0.72476E-05
  0.11040E+03 -0.28137E-05 -0.64882E-05 -0.65999E-05
  0.11070E+03 -0.26229E-05 -0.64400E-05 -0.59082E-05
  0.11100E+03 -0.24249E-05 -0.63220E-05 -0.51812E-05
  0.11130E+03 -0.22219E-05 -0.61370E-05 -0.44275E-05
  0.11160E+03 -0.20157E-05 -0.58885E-05 -0.36557E-05
  0.11190E+03 -0.18078E-05 -0.55803E-05 -0.28743E-05
  0.11220E+03 -0.15996E-05 -0.52174E-05 -0.20913E-05
  0.11250E+03 -0.13921E-05 -0.48048E-05 -0.13141E-05
  0.11280E+03 -0.11863E-05 -0.43482E-05 -0.54993E-06
  0.11310E+03 -0.98272E-06 -0.38533E-05  0.19444E-06
  0.11340E+03 -0.78195E-06 -0.33263E-05  0.91258E-06
  0.11370E+03 -0.58433E-06 -0.27733E-05  0.15984E-05
  0.11400E+03 -0.39023E-06 -0.22005E-05  0.22460E-05
  0.11430E+03 -0.20016E-06 -0.16141E-05  0.28499E-05
  0.11460E+03 -0.14770E-07 -0.10206E-05  0.34050E-05
  0.11490E+03  0.16506E-06 -0.42649E-06  0.39068E-05
  0.11520E+03  0.33827E-06  0.16171E-06  0.43515E-05
  0.11550E+03  0.50363E-06  0.73740E-06  0.47356E-05
  0.11580E+03  0.65988E-06  0.12941E-05  0.50569E-05
  0.11610E+03  0.80586E-06  0.18256E-05  0.53138E-05
  0.11640E+03  0.94061E-06  0.23260E-05  0.55056E-05
  0.11670E+03  0.10635E-05  0.27900E-05  0.56324E-05
  0.11700E+03  0.11742E-05  0.32129E-05  0.56950E-05
  0.11730E+03  0.12730E-05  0.35908E-05  0.56951E-05
  0.11760E+03  0.13603E-05  0.39205E-05  0.56349E-05
  0.11790E+03  0.14370E-05  0.41993E-05  0.55170E-05
  0.11820E+03  0.15040E-05  0.44253E-05  0.53447E-05
  0.11850E+03  0.15623E-05  0.45969E-05  0.51215E-05
  0.11880E+03  0.16129E-05  0.47131E-05  0.48516E-05
  0.11910E+03  0.16565E-05  0.47735E-05  0.45391E-05
  0.11940E+03  0.16938E-05  0.47785E-05  0.41886E-05
  0.11970E+03  0.17255E-05  0.47287E-05  0.38050E-05
  0.12000E+03  0.17521E-05  0.46254E-05  0.33934E-05
  0.12030E+03  0.17742E-05  0.44702E-05  0.29587E-05
  0.12060E+03  0.17921E-05  0.42654E-05  0.25064E-05
  0.12090E+03  0.18060E-05  0.40138E-05  0.20418E-05
  0.12120E+03  0.18160E-05  0.37189E-05  0.15707E-05
  0.12150E+03  0.18218E-05  0.33847E-05  0.10986E-05
  0.12180E+03  0.18231E-05  0.30160E-05  0.63139E-06
  0.12210E+03  0.18193E-05  0.26184E-05  0.17449E-06
  0.12240E+03  0.18101E-05  0.21977E-05 -0.26674E-06
  0.12270E+03  0.17950E-05  0.17599E-05 -0.68733E-06
  0.12300E+03  0.17734E-05  0.13114E-05 -0.10828E-05
  0.12330E+03  0.17451E-05  0.85821E-06 -0.14490E-05
  0.12360E+03  0.17098E-05  0.40633E-06 -0.17825E-05
  0.12390E+03  0.16676E-05 -0.38537E-07 -0.20802E-05
  0.12420E+03  0.16184E-05 -0.47087E-06 -0.23397E-05
  0.12450E+03  0.15619E-05 -0.88533E-06 -0.25589E-05
  0.12480E+03  0.14979E-05 -0.12768E-05 -0.27362E-05
  0.12510E+03  0.14258E-05 -0.16405E-05 -0.28705E-05
  0.12540E+03  0.13447E-05 -0.19719E-05 -0.29611E-05
  0.12570E+03  0.12538E-05 -0.22669E-05 -0.30079E-05
  0.12600E+03  0.11521E-05 -0.25221E-05 -0.30112E-05
  0.12630E+03  0.10389E-05 -0.27344E-05 -0.29718E-05
  0.12660E+03  0.91419E-06 -0.29016E-05 -0.28916E-05
  0.12690E+03  0.77828E-06 -0.30221E-05 -0.27726E-05
  0.12720E+03  0.63231E-06 -0.30951E-05 -0.26176E-05
  0.12750E+03  0.47801E-06 -0.31206E-05 -0.24300E-05
  0.12780E+03  0.31765E-06 -0.30998E-05 -0.22136E-05
  0.12810E+03  0.15392E-06 -0.30346E-05 -0.19721E-05
  0.12840E+03 -0.10236E-07 -0.29279E-05 -0.17099E-05
  0.12870E+03 -0.17179E-06 -0.27831E-05 -0.14309E-05
  0.12900E+03 -0.32781E-06 -0.26041E-05 -0.11392E-05
  0.12930E+03 -0.47561E-06 -0.23952E-05 -0.83901E-06
  0.12960E+03 -0.61276E-06 -0.21608E-05 -0.53410E-06
  0.12990E+03 -0.73708E-06 -0.19054E-05 -0.22830E-06
  0.13020E+03 -0.84660E-06 -0.16335E-05  0.74748E-07
  0.13050E+03 -0.93959E-06 -0.13495E-05  0.37155E-06
  0.13080E+03 -0.10146E-05 -0.10577E-05  0.65883E-06
  0.13110E+03 -0.10706E-05 -0.76229E-06  0.93359E-06
  0.13140E+03 -0.11068E-05 -0.46763E-06  0.11931E-05
  0.13170E+03 -0.11230E-05 -0.17806E-06  0.14350E-05
  0.13200E+03 -0.11193E-05  0.10211E-06  0.16573E-05
  0.13230E+03 -0.10965E-05  0.36868E-06  0.18582E-05
  0.13260E+03 -0.10559E-05  0.61771E-06  0.20363E-05
  0.13290E+03 -0.99889E-06  0.84571E-06  0.21905E-05
  0.13320E+03 -0.92770E-06  0.10498E-05  0.23202E-05
  0.13350E+03 -0.84454E-06  0.12279E-05  0.24249E-05
  0.13380E+03 -0.75179E-06  0.13786E-05  0.25043E-05
  0.13410E+03 -0.65185E-06  0.15014E-05  0.25585E-05
  0.13440E+03 -0.54718E-06  0.15964E-05  0.25875E-05
  0.13470E+03 -0.44029E-06  0.16642E-05  0.25916E-05
  0.13500E+03 -0.33377E-06  0.17056E-05  0.25709E-05
  0.13530E+03 -0.23022E-06  0.17216E-05  0.25258E-05
  0.13560E+03 -0.13221E-06  0.17134E-05  0.24565E-05
  0.13590E+03 -0.42231E-07  0.16820E-05  0.23635E-05
  0.13620E+03  0.37426E-07  0.16283E-05  0.22476E-05
  0.13650E+03  0.10475E-06  0.15533E-05  0.21096E-05
  0.13680E+03  0.15815E-06  0.14582E-05  0.19506E-05
  0.13710E+03  0.19653E-06  0.13441E-05  0.17722E-05
  0.13740E+03  0.21929E-06  0.12126E-05  0.15762E-05
  0.13770E+03  0.22634E-06  0.10654E-05  0.13647E-05
  0.13800E+03  0.21803E-06  0.90474E-06  0.11402E-05
  0.13830E+03  0.19506E-06  0.73280E-06  0.90515E-06
  0.13860E+03  0.15844E-06  0.55219E-06  0.66239E-06
  0.13890E+03  0.10943E-06  0.36566E-06  0.41470E-06
  0.13920E+03  0.49439E-07  0.17612E-06  0.16481E-06
  0.13950E+03 -0.19966E-07 -0.13471E-07 -0.84632E-07
  0.13980E+03 -0.97187E-07 -0.20020E-06 -0.33117E-06
  0.14010E+03 -0.18065E-06 -0.38127E-06 -0.57256E-06
  0.14040E+03 -0.26889E-06 -0.55406E-06 -0.80677E-06
  0.14070E+03 -0.36054E-06 -0.71611E-06 -0.10320E-05
  0.14100E+03 -0.45436E-06 -0.86519E-06 -0.12468E-05
  0.14130E+03 -0.54910E-06 -0.99938E-06 -0.14495E-05
  0.14160E+03 -0.64350E-06 -0.11171E-05 -0.16390E-05
  0.14190E+03 -0.73625E-06 -0.12171E-05 -0.18139E-05
  0.14220E+03 -0.82598E-06 -0.12986E-05 -0.19730E-05
  0.14250E+03 -0.91133E-06 -0.13613E-05 -0.21153E-05
  0.14280E+03 -0.99094E-06 -0.14050E-05 -0.22396E-05
  0.14310E+03 -0.10635E-05 -0.14301E-05 -0.23449E-05
  0.14340E+03 -0.11276E-05 -0.14369E-05 -0.24302E-05
  0.14370E+03 -0.11820E-05 -0.14259E-05 -0.24947E-05
  0.14400E+03 -0.12254E-05 -0.13977E-05 -0.25377E-05
  0.14430E+03 -0.12565E-05 -0.13528E-05 -0.25588E-05
  0.14460E+03 -0.12745E-05 -0.12916E-05 -0.25576E-05
  0.14490E+03 -0.12784E-05 -0.12148E-05 -0.25342E-05
  0.14520E+03 -0.12679E-05 -0.11232E-05 -0.24886E-05
  0.14550E+03 -0.12428E-05 -0.10179E-05 -0.24214E-05
  0.14580E+03 -0.12031E-05 -0.89998E-06 -0.23335E-05
  0.14610E+03 -0.11492E-05 -0.77085E-06 -0.22261E-05
  0.14640E+03 -0.10818E-05 -0.63206E-06 -0.21006E-05
  0.14670E+03 -0.10017E-05 -0.48532E-06 -0.19585E-05
  0.14700E+03 -0.91012E-06 -0.33247E-06 -0.18017E-05
  0.14730E+03 -0.80843E-06 -0.17541E-06 -0.16318E-05
  0.14760E+03 -0.69813E-06 -0.16118E-07 -0.14510E-05
  0.14790E+03 -0.58083E-06  0.14343E-06 -0.12611E-05
  0.14820E+03 -0.45813E-06  0.30127E-06 -0.10644E-05
  0.14850E+03 -0.33153E-06  0.45547E-06 -0.86303E-06
  0.14880E+03 -0.20241E-06  0.60424E-06 -0.65928E-06
  0.14910E+03 -0.72092E-07  0.74592E-06 -0.45537E-06
  0.14940E+03  0.58210E-07  0.87906E-06 -0.25344E-06
  0.14970E+03  0.18730E-06  0.10025E-05 -0.55527E-07
  0.15000E+03  0.31401E-06  0.11152E-05  0.13653E-06
  0.15030E+03  0.43722E-06  0.12166E-05  0.32105E-06
  0.15060E+03  0.55593E-06  0.13063E-05  0.49657E-06
  0.15090E+03  0.66928E-06  0.13838E-05  0.66182E-06
  0.15120E+03  0.77660E-06  0.14490E-05  0.81569E-06
  0.15150E+03  0.87740E-06  0.15016E-05  0.95723E-06
  0.15180E+03  0.97133E-06  0.15415E-05  0.10856E-05
  0.15210E+03  0.10582E-05  0.15686E-05  0.11999E-05
  0.15240E+03  0.11378E-05  0.15829E-05  0.12996E-05
  0.15270E+03  0.12100E-05  0.15843E-05  0.13837E-05
  0.15300E+03  0.12747E-05  0.15728E-05  0.14518E-05
  0.15330E+03  0.13317E-05  0.15487E-05  0.15034E-05
  0.15360E+03  0.13806E-05  0.15118E-05  0.15380E-05
  0.15390E+03  0.14212E-05  0.14622E-05  0.15558E-05
  0.15420E+03  0.14531E-05  0.14003E-05  0.15571E-05
  0.15450E+03  0.14763E-05  0.13263E-05  0.15423E-05
  0.15480E+03  0.14906E-05  0.12408E-05  0.15123E-05
  0.15510E+03  0.14961E-05  0.11446E-05  0.14681E-05
  0.15540E+03  0.14930E-05  0.10386E-05  0.14108E-05
  0.15570E+03  0.14812E-05  0.92358E-06  0.13416E-05
  0.15600E+03  0.14608E-05  0.80031E-06  0.12619E-05
  0.15630E+03  0.14319E-05  0.66951E-06  0.11731E-05
  0.15660E+03  0.13945E-05  0.53189E-06  0.10765E-05
  0.15690E+03  0.13484E-05  0.38817E-06  0.97352E-06
  0.15720E+03  0.12937E-05  0.23922E-06  0.86548E-06
  0.15750E+03  0.12302E-05  0.86088E-07  0.75366E-06
  0.15780E+03  0.11580E-05 -0.70038E-07  0.63934E-06
  0.15810E+03  0.10771E-05 -0.22786E-06  0.52379E-06
  0.15840E+03  0.98776E-06 -0.38603E-06  0.40833E-06
  0.15870E+03  0.89049E-06 -0.54321E-06  0.29434E-06
  0.15900E+03  0.78595E-06 -0.69804E-06  0.18325E-06
  0.15930E+03  0.67494E-06 -0.84914E-06  0.76517E-07
  0.15960E+03  0.55843E-06 -0.99511E-06 -0.24374E-07
  0.15990E+03  0.43751E-06 -0.11346E-05 -0.11797E-06
  0.16020E+03  0.31340E-06 -0.12662E-05 -0.20290E-06
  0.16050E+03  0.18739E-06 -0.13887E-05 -0.27791E-06
  0.16080E+03  0.60826E-07 -0.15009E-05 -0.34196E-06
  0.16110E+03 -0.64984E-07 -0.16017E-05 -0.39422E-06
  0.16140E+03 -0.18884E-06 -0.16900E-05 -0.43408E-06
  0.16170E+03 -0.30968E-06 -0.17650E-05 -0.46116E-06
  0.16200E+03 -0.42661E-06 -0.18256E-05 -0.47530E-06
  0.16230E+03 -0.53881E-06 -0.18710E-05 -0.47659E-06
  0.16260E+03 -0.64554E-06 -0.19004E-05 -0.46538E-06
  0.16290E+03 -0.74607E-06 -0.19132E-05 -0.44226E-06
  0.16320E+03 -0.83968E-06 -0.19090E-05 -0.40811E-06
  0.16350E+03 -0.92562E-06 -0.18878E-05 -0.36403E-06
  0.16380E+03 -0.10032E-05 -0.18497E-05 -0.31136E-06
  0.16410E+03 -0.10717E-05 -0.17951E-05 -0.25161E-06
  0.16440E+03 -0.11306E-05 -0.17247E-05 -0.18642E-06
  0.16470E+03 -0.11793E-05 -0.16394E-05 -0.11752E-06
  0.16500E+03 -0.12175E-05 -0.15400E-05 -0.46609E-07
  0.16530E+03 -0.12450E-05 -0.14274E-05  0.24636E-07
  0.16560E+03 -0.12614E-05 -0.13028E-05  0.94616E-07
  0.16590E+03 -0.12664E-05 -0.11671E-05  0.16184E-06
  0.16620E+03 -0.12600E-05 -0.10212E-05  0.22494E-06
  0.16650E+03 -0.12421E-05 -0.86616E-06  0.28273E-06
  0.16680E+03 -0.12128E-05 -0.70284E-06  0.33421E-06
  0.16710E+03 -0.11724E-05 -0.53225E-06  0.37856E-06
  0.16740E+03 -0.11211E-05 -0.35545E-06  0.41515E-06
  0.16770E+03 -0.10596E-05 -0.17363E-06  0.44353E-06
  0.16800E+03 -0.98848E-06  0.11789E-07  0.46339E-06
  0.16830E+03 -0.90841E-06  0.19916E-06  0.47461E-06
  0.16860E+03 -0.82026E-06  0.38662E-06  0.47719E-06
  0.16890E+03 -0.72504E-06  0.57211E-06  0.47128E-06
  0.16920E+03 -0.62392E-06  0.75343E-06  0.45712E-06
  0.16950E+03 -0.51822E-06  0.92833E-06  0.43509E-06
  0.16980E+03 -0.40932E-06  0.10945E-05  0.40565E-06
  0.17010E+03 -0.29863E-06  0.12498E-05  0.36939E-06
  0.17040E+03 -0.18750E-06  0.13921E-05  0.32699E-06
  0.17070E+03 -0.77153E-07  0.15198E-05  0.27926E-06
  0.17100E+03  0.31272E-07  0.16313E-05  0.22710E-06
  0.17130E+03  0.13670E-06  0.17257E-05  0.17148E-06
  0.17160E+03  0.23806E-06  0.18021E-05  0.11344E-06
  0.17190E+03  0.33433E-06  0.18601E-05  0.54032E-07
  0.17220E+03  0.42445E-06  0.18996E-05 -0.57264E-08
  0.17250E+03  0.50737E-06  0.19205E-05 -0.64856E-07
  0.17280E+03  0.58208E-06  0.19230E-05 -0.12247E-06
  0.17310E+03  0.64762E-06  0.19076E-05 -0.17782E-06
  0.17340E+03  0.70309E-06  0.18746E-05 -0.23027E-06
  0.17370E+03  0.74766E-06  0.18245E-05 -0.27936E-06
  0.17400E+03  0.78064E-06  0.17581E-05 -0.32477E-06
  0.17430E+03  0.80143E-06  0.16759E-05 -0.36635E-06
  0.17460E+03  0.80960E-06  0.15786E-05 -0.40409E-06
  0.17490E+03  0.80493E-06  0.14671E-05 -0.43809E-06
  0.17520E+03  0.78741E-06  0.13422E-05 -0.46856E-06
  0.17550E+03  0.75734E-06  0.12048E-05 -0.49575E-06
  0.17580E+03  0.71526E-06  0.10559E-05 -0.51997E-06
  0.17610E+03  0.66196E-06  0.89663E-06 -0.54145E-06
  0.17640E+03  0.59845E-06  0.72827E-06 -0.56041E-06
  0.17670E+03  0.52586E-06  0.55223E-06 -0.57696E-06
  0.17700E+03  0.44547E-06  0.37009E-06 -0.59110E-06
  0.17730E+03  0.35864E-06  0.18353E-06 -0.60275E-06
  0.17760E+03  0.26680E-06 -0.56132E-08 -0.61171E-06
  0.17790E+03  0.17142E-06 -0.19539E-06 -0.61775E-06
  0.17820E+03  0.73928E-07 -0.38373E-06 -0.62057E-06
  0.17850E+03 -0.24239E-07 -0.56847E-06 -0.61986E-06
  0.17880E+03 -0.12169E-06 -0.74731E-06 -0.61530E-06
  0.17910E+03 -0.21703E-06 -0.91793E-06 -0.60656E-06
  0.17940E+03 -0.30890E-06 -0.10779E-05 -0.59334E-06
  0.17970E+03 -0.39599E-06 -0.12251E-05 -0.57543E-06
  0.18000E+03 -0.47708E-06 -0.13571E-05 -0.55273E-06
  0.18030E+03 -0.55107E-06 -0.14722E-05 -0.52530E-06
  0.18060E+03 -0.61699E-06 -0.15686E-05 -0.49335E-06
  0.18090E+03 -0.67405E-06 -0.16453E-05 -0.45722E-06
  0.18120E+03 -0.72160E-06 -0.17013E-05 -0.41734E-06
  0.18150E+03 -0.75913E-06 -0.17360E-05 -0.37412E-06
  0.18180E+03 -0.78629E-06 -0.17494E-05 -0.32801E-06
  0.18210E+03 -0.80286E-06 -0.17413E-05 -0.27940E-06
  0.18240E+03 -0.80884E-06 -0.17121E-05 -0.22868E-06
  0.18270E+03 -0.80437E-06 -0.16621E-05 -0.17623E-06
  0.18300E+03 -0.78971E-06 -0.15918E-05 -0.12249E-06
  0.18330E+03 -0.76521E-06 -0.15020E-05 -0.67912E-07
  0.18360E+03 -0.73123E-06 -0.13935E-05 -0.13040E-07
  0.18390E+03 -0.68809E-06 -0.12674E-05  0.41535E-07
  0.18420E+03 -0.63608E-06 -0.11252E-05  0.95177E-07
  0.18450E+03 -0.57543E-06 -0.96820E-06  0.14723E-06
  0.18480E+03 -0.50639E-06 -0.79838E-06  0.19703E-06
  0.18510E+03 -0.42926E-06 -0.61774E-06  0.24396E-06
  0.18540E+03 -0.34450E-06 -0.42852E-06  0.28745E-06
  0.18570E+03 -0.25277E-06 -0.23318E-06  0.32701E-06
  0.18600E+03 -0.15498E-06 -0.34330E-07  0.36223E-06
  0.18630E+03 -0.52317E-07  0.16530E-06  0.39279E-06
  0.18660E+03  0.53792E-07  0.36287E-06  0.41844E-06
  0.18690E+03  0.16169E-06  0.55559E-06  0.43903E-06
  0.18720E+03  0.26955E-06  0.74071E-06  0.45444E-06
  0.18750E+03  0.37553E-06  0.91563E-06  0.46465E-06
  0.18780E+03  0.47783E-06  0.10780E-05  0.46969E-06
  0.18810E+03  0.57485E-06  0.12256E-05  0.46964E-06
  0.18840E+03  0.66525E-06  0.13565E-05  0.46466E-06
  0.18870E+03  0.74800E-06  0.14693E-05  0.45493E-06
  0.18900E+03  0.82238E-06  0.15626E-05  0.44067E-06
  0.18930E+03  0.88793E-06  0.16355E-05  0.42210E-06
  0.18960E+03  0.94434E-06  0.16872E-05  0.39949E-06
  0.18990E+03  0.99144E-06  0.17176E-05  0.37314E-06
  0.19020E+03  0.10291E-05  0.17266E-05  0.34345E-06
  0.19050E+03  0.10572E-05  0.17145E-05  0.31085E-06
  0.19080E+03  0.10755E-05  0.16816E-05  0.27587E-06
  0.19110E+03  0.10840E-05  0.16287E-05  0.23909E-06
  0.19140E+03  0.10824E-05  0.15565E-05  0.20118E-06
  0.19170E+03  0.10707E-05  0.14659E-05  0.16283E-06
  0.19200E+03  0.10489E-05  0.13579E-05  0.12476E-06
  0.19230E+03  0.10172E-05  0.12337E-05  0.87710E-07
  0.19260E+03  0.97557E-06  0.10946E-05  0.52389E-07
  0.19290E+03  0.92429E-06  0.94203E-06  0.19474E-07
  0.19320E+03  0.86355E-06  0.77768E-06 -0.10414E-07
  0.19350E+03  0.79364E-06  0.60329E-06 -0.36738E-07
  0.19380E+03  0.71498E-06  0.42083E-06 -0.59064E-07
  0.19410E+03  0.62819E-06  0.23247E-06 -0.77078E-07
  0.19440E+03  0.53410E-06  0.40545E-07 -0.90586E-07
  0.19470E+03  0.43375E-06 -0.15252E-06 -0.99499E-07
  0.19500E+03  0.32839E-06 -0.34426E-06 -0.10382E-06
  0.19530E+03  0.21942E-06 -0.53220E-06 -0.10365E-06
  0.19560E+03  0.10833E-06 -0.71396E-06 -0.99180E-07
  0.19590E+03 -0.33451E-08 -0.88726E-06 -0.90723E-07
  0.19620E+03 -0.11411E-06 -0.10500E-05 -0.78696E-07
  0.19650E+03 -0.22253E-06 -0.12003E-05 -0.63586E-07
  0.19680E+03 -0.32734E-06 -0.13366E-05 -0.45915E-07
  0.19710E+03 -0.42734E-06 -0.14576E-05 -0.26190E-07
  0.19740E+03 -0.52151E-06 -0.15624E-05 -0.48873E-08
  0.19770E+03 -0.60891E-06 -0.16500E-05  0.17544E-07
  0.19800E+03 -0.68874E-06 -0.17198E-05  0.40662E-07
  0.19830E+03 -0.76027E-06 -0.17715E-05  0.64002E-07
  0.19860E+03 -0.82289E-06 -0.18045E-05  0.87059E-07
  0.19890E+03 -0.87609E-06 -0.18187E-05  0.10928E-06
  0.19920E+03 -0.91945E-06 -0.18138E-05  0.13006E-06
  0.19950E+03 -0.95265E-06 -0.17901E-05  0.14880E-06
  0.19980E+03 -0.97549E-06 -0.17479E-05  0.16492E-06
  0.20010E+03 -0.98789E-06 -0.16875E-05  0.17791E-06
  0.20040E+03 -0.98993E-06 -0.16100E-05  0.18737E-06
  0.20070E+03 -0.98182E-06 -0.15163E-05  0.19307E-06
  0.20100E+03 -0.96390E-06 -0.14077E-05  0.19489E-06
  0.20130E+03 -0.93666E-06 -0.12857E-05  0.19289E-06
  0.20160E+03 -0.90065E-06 -0.11520E-05  0.18728E-06
  0.20190E+03 -0.85644E-06 -0.10083E-05  0.17833E-06
  0.20220E+03 -0.80459E-06 -0.85633E-06  0.16640E-06
  0.20250E+03 -0.74567E-06 -0.69792E-06  0.15187E-06
  0.20280E+03 -0.68023E-06 -0.53490E-06  0.13512E-06
  0.20310E+03 -0.60894E-06 -0.36905E-06  0.11651E-06
  0.20340E+03 -0.53252E-06 -0.20214E-06  0.96370E-07
  0.20370E+03 -0.45185E-06 -0.35886E-07  0.75000E-07
  0.20400E+03 -0.36786E-06  0.12803E-06  0.52653E-07
  0.20430E+03 -0.28160E-06  0.28796E-06  0.29548E-07
  0.20460E+03 -0.19414E-06  0.44234E-06  0.58793E-08
  0.20490E+03 -0.10655E-06  0.58964E-06 -0.18174E-07
  0.20520E+03 -0.19912E-07  0.72840E-06 -0.42416E-07
  0.20550E+03  0.64724E-07  0.85726E-06 -0.66606E-07
  0.20580E+03  0.14635E-06  0.97491E-06 -0.90424E-07
  0.20610E+03  0.22399E-06  0.10802E-05 -0.11345E-06
  0.20640E+03  0.29674E-06  0.11722E-05 -0.13516E-06
  0.20670E+03  0.36374E-06  0.12500E-05 -0.15493E-06
  0.20700E+03  0.42419E-06  0.13134E-05 -0.17206E-06
  0.20730E+03  0.47738E-06  0.13621E-05 -0.18589E-06
  0.20760E+03  0.52266E-06  0.13964E-05 -0.19579E-06
  0.20790E+03  0.55950E-06  0.14169E-05 -0.20136E-06
  0.20820E+03  0.58745E-06  0.14243E-05 -0.20239E-06
  0.20850E+03  0.60617E-06  0.14197E-05 -0.19896E-06
  0.20880E+03  0.61548E-06  0.14039E-05 -0.19140E-06
  0.20910E+03  0.61536E-06  0.13781E-05 -0.18023E-06
  0.20940E+03  0.60602E-06  0.13432E-05 -0.16610E-06
  0.20970E+03  0.58791E-06  0.12999E-05 -0.14974E-06
  0.21000E+03  0.56170E-06  0.12492E-05 -0.13189E-06
  0.21030E+03  0.52824E-06  0.11918E-05 -0.11320E-06
  0.21060E+03  0.48855E-06  0.11283E-05 -0.94260E-07
  0.21090E+03  0.44370E-06  0.10594E-05 -0.75546E-07
  0.21120E+03  0.39479E-06  0.98586E-06 -0.57457E-07
  0.21150E+03  0.34291E-06  0.90819E-06 -0.40341E-07
  0.21180E+03  0.28904E-06  0.82710E-06 -0.24530E-07
  0.21210E+03  0.23408E-06  0.74325E-06 -0.10358E-07
  0.21240E+03  0.17888E-06  0.65735E-06  0.18367E-08
  0.21270E+03  0.12416E-06  0.57012E-06  0.11722E-07
  0.21300E+03  0.70635E-07  0.48228E-06  0.18994E-07
  0.21330E+03  0.18943E-07  0.39449E-06  0.23390E-07
  0.21360E+03 -0.30315E-07  0.30739E-06  0.24706E-07
  0.21390E+03 -0.76587E-07  0.22149E-06  0.22813E-07
  0.21420E+03 -0.11936E-06  0.13719E-06  0.17664E-07
  0.21450E+03 -0.15814E-06  0.54752E-07  0.93007E-08
  0.21480E+03 -0.19245E-06 -0.25682E-07 -0.21588E-08
  0.21510E+03 -0.22184E-06 -0.10402E-06 -0.16534E-07
  0.21540E+03 -0.24591E-06 -0.18016E-06 -0.33601E-07
  0.21570E+03 -0.26431E-06 -0.25395E-06 -0.53096E-07
  0.21600E+03 -0.27682E-06 -0.32513E-06 -0.74718E-07
  0.21630E+03 -0.28336E-06 -0.39335E-06 -0.98128E-07
  0.21660E+03 -0.28401E-06 -0.45820E-06 -0.12295E-06
  0.21690E+03 -0.27905E-06 -0.51923E-06 -0.14880E-06
  0.21720E+03 -0.26887E-06 -0.57606E-06 -0.17529E-06
  0.21750E+03 -0.25403E-06 -0.62836E-06 -0.20201E-06
  0.21780E+03 -0.23518E-06 -0.67596E-06 -0.22857E-06
  0.21810E+03 -0.21306E-06 -0.71877E-06 -0.25457E-06
  0.21840E+03 -0.18845E-06 -0.75683E-06 -0.27956E-06
  0.21870E+03 -0.16216E-06 -0.79024E-06 -0.30312E-06
  0.21900E+03 -0.13498E-06 -0.81912E-06 -0.32480E-06
  0.21930E+03 -0.10765E-06 -0.84355E-06 -0.34413E-06
  0.21960E+03 -0.80832E-07 -0.86353E-06 -0.36067E-06
  0.21990E+03 -0.55084E-07 -0.87898E-06 -0.37397E-06
  0.22020E+03 -0.30860E-07 -0.88970E-06 -0.38357E-06
  0.22050E+03 -0.85080E-08 -0.89543E-06 -0.38904E-06
  0.22080E+03  0.11714E-07 -0.89589E-06 -0.39001E-06
  0.22110E+03  0.29621E-07 -0.89083E-06 -0.38611E-06
  0.22140E+03  0.45077E-07 -0.88005E-06 -0.37705E-06
  0.22170E+03  0.57987E-07 -0.86350E-06 -0.36258E-06
  0.22200E+03  0.68293E-07 -0.84125E-06 -0.34255E-06
  0.22230E+03  0.75989E-07 -0.81351E-06 -0.31685E-06
  0.22260E+03  0.81135E-07 -0.78061E-06 -0.28552E-06
  0.22290E+03  0.83869E-07 -0.74297E-06 -0.24867E-06
  0.22320E+03  0.84417E-07 -0.70109E-06 -0.20650E-06
  0.22350E+03  0.83077E-07 -0.65546E-06 -0.15931E-06
  0.22380E+03  0.80204E-07 -0.60663E-06 -0.10752E-06
  0.22410E+03  0.76178E-07 -0.55512E-06 -0.51573E-07
  0.22440E+03  0.71353E-07 -0.50144E-06  0.79698E-08
  0.22470E+03  0.66020E-07 -0.44607E-06  0.70478E-07
  0.22500E+03  0.60363E-07 -0.38944E-06  0.13522E-06
  0.22530E+03  0.54441E-07 -0.33189E-06  0.20137E-06
  0.22560E+03  0.48193E-07 -0.27369E-06  0.26800E-06
  0.22590E+03  0.41471E-07 -0.21498E-06  0.33410E-06
  0.22620E+03  0.34077E-07 -0.15583E-06  0.39859E-06
  0.22650E+03  0.25808E-07 -0.96257E-07  0.46038E-06
  0.22680E+03  0.16491E-07 -0.36229E-07  0.51837E-06
  0.22710E+03  0.60216E-08  0.24255E-07  0.57153E-06
  0.22740E+03 -0.56005E-08  0.85146E-07  0.61894E-06
  0.22770E+03 -0.18244E-07  0.14631E-06  0.65982E-06
  0.22800E+03 -0.31630E-07  0.20754E-06  0.69356E-06
  0.22830E+03 -0.45338E-07  0.26851E-06  0.71973E-06
  0.22860E+03 -0.58834E-07  0.32885E-06  0.73808E-06
  0.22890E+03 -0.71519E-07  0.38810E-06  0.74855E-06
  0.22920E+03 -0.82793E-07  0.44577E-06  0.75125E-06
  0.22950E+03 -0.92110E-07  0.50132E-06  0.74646E-06
  0.22980E+03 -0.99018E-07  0.55421E-06  0.73459E-06
  0.23010E+03 -0.10316E-06  0.60389E-06  0.71611E-06
  0.23040E+03 -0.10427E-06  0.64987E-06  0.69155E-06
  0.23070E+03 -0.10214E-06  0.69169E-06  0.66143E-06
  0.23100E+03 -0.96580E-07  0.72897E-06  0.62622E-06
  0.23130E+03 -0.87438E-07  0.76140E-06  0.58635E-06
  0.23160E+03 -0.74575E-07  0.78874E-06  0.54223E-06
  0.23190E+03 -0.57891E-07  0.81082E-06  0.49426E-06
  0.23220E+03 -0.37341E-07  0.82750E-06  0.44289E-06
  0.23250E+03 -0.12950E-07  0.83862E-06  0.38858E-06
  0.23280E+03  0.15169E-07  0.84400E-06  0.33187E-06
  0.23310E+03  0.46816E-07  0.84337E-06  0.27333E-06
  0.23340E+03  0.81706E-07  0.83640E-06  0.21360E-06
  0.23370E+03  0.11948E-06  0.82272E-06  0.15333E-06
  0.23400E+03  0.15969E-06  0.80188E-06  0.93174E-07
  0.23430E+03  0.20179E-06  0.77349E-06  0.33730E-07
  0.23460E+03  0.24516E-06  0.73717E-06 -0.24463E-07
  0.23490E+03  0.28902E-06  0.69264E-06 -0.80955E-07
  0.23520E+03  0.33251E-06  0.63973E-06 -0.13539E-06
  0.23550E+03  0.37465E-06  0.57846E-06 -0.18749E-06
  0.23580E+03  0.41442E-06  0.50900E-06 -0.23705E-06
  0.23610E+03  0.45072E-06  0.43174E-06 -0.28391E-06
  0.23640E+03  0.48249E-06  0.34731E-06 -0.32794E-06
  0.23670E+03  0.50877E-06  0.25654E-06 -0.36904E-06
  0.23700E+03  0.52869E-06  0.16051E-06 -0.40714E-06
  0.23730E+03  0.54155E-06  0.60463E-07 -0.44218E-06
  0.23760E+03  0.54687E-06 -0.42182E-07 -0.47409E-06
  0.23790E+03  0.54430E-06 -0.14590E-06 -0.50281E-06
  0.23820E+03  0.53364E-06 -0.24912E-06 -0.52826E-06
  0.23850E+03  0.51480E-06 -0.35024E-06 -0.55033E-06
  0.23880E+03  0.48774E-06 -0.44770E-06 -0.56891E-06
  0.23910E+03  0.45248E-06 -0.54004E-06 -0.58388E-06
  0.23940E+03  0.40905E-06 -0.62589E-06 -0.59514E-06
  0.23970E+03  0.35754E-06 -0.70405E-06 -0.60261E-06
  0.24000E+03  0.29813E-06 -0.77348E-06 -0.60629E-06
  0.24030E+03  0.23109E-06 -0.83332E-06 -0.60623E-06
  0.24060E+03  0.15683E-06 -0.88291E-06 -0.60253E-06
  0.24090E+03  0.75898E-07 -0.92179E-06 -0.59535E-06
  0.24120E+03 -0.10957E-07 -0.94969E-06 -0.58488E-06
  0.24150E+03 -0.10281E-06 -0.96649E-06 -0.57133E-06
  0.24180E+03 -0.19857E-06 -0.97219E-06 -0.55488E-06
  0.24210E+03 -0.29695E-06 -0.96687E-06 -0.53572E-06
  0.24240E+03 -0.39646E-06 -0.95069E-06 -0.51402E-06
  0.24270E+03 -0.49544E-06 -0.92387E-06 -0.48990E-06
  0.24300E+03 -0.59210E-06 -0.88670E-06 -0.46348E-06
  0.24330E+03 -0.68451E-06 -0.83957E-06 -0.43485E-06
  0.24360E+03 -0.77075E-06 -0.78298E-06 -0.40409E-06
  0.24390E+03 -0.84896E-06 -0.71756E-06 -0.37125E-06
  0.24420E+03 -0.91745E-06 -0.64411E-06 -0.33640E-06
  0.24450E+03 -0.97475E-06 -0.56355E-06 -0.29960E-06
  0.24480E+03 -0.10197E-05 -0.47695E-06 -0.26094E-06
  0.24510E+03 -0.10514E-05 -0.38547E-06 -0.22051E-06
  0.24540E+03 -0.10693E-05 -0.29033E-06 -0.17845E-06
  0.24570E+03 -0.10731E-05 -0.19282E-06 -0.13495E-06
  0.24600E+03 -0.10628E-05 -0.94252E-07 -0.90221E-07
  0.24630E+03 -0.10389E-05  0.40330E-08 -0.44538E-07
  0.24660E+03 -0.10017E-05  0.10070E-06  0.18102E-08
  0.24690E+03 -0.95223E-06  0.19446E-06  0.48514E-07
  0.24720E+03 -0.89135E-06  0.28411E-06  0.95253E-07
  0.24750E+03 -0.82019E-06  0.36855E-06  0.14169E-06
  0.24780E+03 -0.73992E-06  0.44684E-06  0.18747E-06
  0.24810E+03 -0.65179E-06  0.51818E-06  0.23219E-06
  0.24840E+03 -0.55705E-06  0.58189E-06  0.27542E-06
  0.24870E+03 -0.45697E-06  0.63744E-06  0.31665E-06
  0.24900E+03 -0.35286E-06  0.68441E-06  0.35533E-06
  0.24930E+03 -0.24597E-06  0.72252E-06  0.39086E-06
  0.24960E+03 -0.13757E-06  0.75164E-06  0.42264E-06
  0.24990E+03 -0.28914E-07  0.77176E-06  0.45005E-06
  0.25020E+03  0.78797E-07  0.78303E-06  0.47256E-06
  0.25050E+03  0.18439E-06  0.78579E-06  0.48969E-06
  0.25080E+03  0.28673E-06  0.78050E-06  0.50111E-06
  0.25110E+03  0.38475E-06  0.76777E-06  0.50662E-06
  0.25140E+03  0.47746E-06  0.74833E-06  0.50621E-06
  0.25170E+03  0.56392E-06  0.72292E-06  0.50001E-06
  0.25200E+03  0.64328E-06  0.69232E-06  0.48833E-06
  0.25230E+03  0.71474E-06  0.65729E-06  0.47162E-06
  0.25260E+03  0.77763E-06  0.61851E-06  0.45045E-06
  0.25290E+03  0.83136E-06  0.57661E-06  0.42548E-06
  0.25320E+03  0.87546E-06  0.53213E-06  0.39747E-06
  0.25350E+03  0.90957E-06  0.48559E-06  0.36715E-06
  0.25380E+03  0.93349E-06  0.43743E-06  0.33530E-06
  0.25410E+03  0.94711E-06  0.38805E-06  0.30261E-06
  0.25440E+03  0.95043E-06  0.33786E-06  0.26972E-06
  0.25470E+03  0.94360E-06  0.28721E-06  0.23717E-06
  0.25500E+03  0.92683E-06  0.23642E-06  0.20536E-06
  0.25530E+03  0.90050E-06  0.18579E-06  0.17463E-06
  0.25560E+03  0.86509E-06  0.13557E-06  0.14519E-06
  0.25590E+03  0.82124E-06  0.85997E-07  0.11715E-06
  0.25620E+03  0.76973E-06  0.37297E-07  0.90578E-07
  0.25650E+03  0.71149E-06 -0.10290E-07  0.65505E-07
  0.25680E+03  0.64757E-06 -0.56501E-07  0.41924E-07
  0.25710E+03  0.57912E-06 -0.10105E-06  0.19824E-07
  0.25740E+03  0.50739E-06 -0.14365E-06 -0.81087E-09
  0.25770E+03  0.43360E-06 -0.18401E-06 -0.19985E-07
  0.25800E+03  0.35899E-06 -0.22190E-06 -0.37690E-07
  0.25830E+03  0.28467E-06 -0.25712E-06 -0.53900E-07
  0.25860E+03  0.21163E-06 -0.28954E-06 -0.68577E-07
  0.25890E+03  0.14071E-06 -0.31912E-06 -0.81674E-07
  0.25920E+03  0.72572E-07 -0.34591E-06 -0.93138E-07
  0.25950E+03  0.77043E-08 -0.37002E-06 -0.10292E-06
  0.25980E+03 -0.53555E-07 -0.39165E-06 -0.11098E-06
  0.26010E+03 -0.11098E-06 -0.41107E-06 -0.11729E-06
  0.26040E+03 -0.16444E-06 -0.42851E-06 -0.12184E-06
  0.26070E+03 -0.21381E-06 -0.44422E-06 -0.12464E-06
  0.26100E+03 -0.25899E-06 -0.45837E-06 -0.12573E-06
  0.26130E+03 -0.29988E-06 -0.47107E-06 -0.12513E-06
  0.26160E+03 -0.33636E-06 -0.48234E-06 -0.12287E-06
  0.26190E+03 -0.36829E-06 -0.49212E-06 -0.11899E-06
  0.26220E+03 -0.39553E-06 -0.50029E-06 -0.11352E-06
  0.26250E+03 -0.41792E-06 -0.50669E-06 -0.10652E-06
  0.26280E+03 -0.43529E-06 -0.51115E-06 -0.98071E-07
  0.26310E+03 -0.44752E-06 -0.51348E-06 -0.88298E-07
  0.26340E+03 -0.45452E-06 -0.51353E-06 -0.77385E-07
  0.26370E+03 -0.45632E-06 -0.51111E-06 -0.65572E-07
  0.26400E+03 -0.45304E-06 -0.50603E-06 -0.53152E-07
  0.26430E+03 -0.44496E-06 -0.49806E-06 -0.40474E-07
  0.26460E+03 -0.43249E-06 -0.48694E-06 -0.27925E-07
  0.26490E+03 -0.41619E-06 -0.47239E-06 -0.15930E-07
  0.26520E+03 -0.39668E-06 -0.45410E-06 -0.49266E-08
  0.26550E+03 -0.37462E-06 -0.43184E-06  0.46550E-08
  0.26580E+03 -0.35069E-06 -0.40540E-06  0.12419E-07
  0.26610E+03 -0.32552E-06 -0.37475E-06  0.18030E-07
  0.26640E+03 -0.29969E-06 -0.33995E-06  0.21235E-07
  0.26670E+03 -0.27375E-06 -0.30126E-06  0.21875E-07
  0.26700E+03 -0.24820E-06 -0.25904E-06  0.19894E-07
  0.26730E+03 -0.22350E-06 -0.21379E-06  0.15329E-07
  0.26760E+03 -0.20008E-06 -0.16605E-06  0.82965E-08
  0.26790E+03 -0.17830E-06 -0.11642E-06 -0.10296E-08
  0.26820E+03 -0.15847E-06 -0.65480E-07 -0.12441E-07
  0.26850E+03 -0.14078E-06 -0.13839E-07 -0.25719E-07
  0.26880E+03 -0.12530E-06  0.37914E-07 -0.40647E-07
  0.26910E+03 -0.11196E-06  0.89190E-07 -0.57025E-07
  0.26940E+03 -0.10059E-06  0.13941E-06 -0.74666E-07
  0.26970E+03 -0.90869E-07  0.18803E-06 -0.93392E-07
  0.27000E+03 -0.82447E-07  0.23452E-06 -0.11302E-06
  0.27030E+03 -0.74907E-07  0.27839E-06 -0.13336E-06
  0.27060E+03 -0.67818E-07  0.31918E-06 -0.15419E-06
  0.27090E+03 -0.60756E-07  0.35645E-06 -0.17524E-06
  0.27120E+03 -0.53317E-07  0.38976E-06 -0.19620E-06
  0.27150E+03 -0.45133E-07  0.41871E-06 -0.21671E-06
  0.27180E+03 -0.35885E-07  0.44291E-06 -0.23635E-06
  0.27210E+03 -0.25312E-07  0.46203E-06 -0.25467E-06
  0.27240E+03 -0.13222E-07  0.47586E-06 -0.27120E-06
  0.27270E+03  0.51437E-09  0.48431E-06 -0.28549E-06
  0.27300E+03  0.15969E-07  0.48744E-06 -0.29711E-06
  0.27330E+03  0.33166E-07  0.48547E-06 -0.30571E-06
  0.27360E+03  0.52096E-07  0.47872E-06 -0.31096E-06
  0.27390E+03  0.72723E-07  0.46760E-06 -0.31261E-06
  0.27420E+03  0.94989E-07  0.45257E-06 -0.31045E-06
  0.27450E+03  0.11882E-06  0.43406E-06 -0.30432E-06
  0.27480E+03  0.14410E-06  0.41248E-06 -0.29411E-06
  0.27510E+03  0.17068E-06  0.38820E-06 -0.27973E-06
  0.27540E+03  0.19837E-06  0.36155E-06 -0.26116E-06
  0.27570E+03  0.22689E-06  0.33282E-06 -0.23842E-06
  0.27600E+03  0.25587E-06  0.30228E-06 -0.21158E-06
  0.27630E+03  0.28486E-06  0.27017E-06 -0.18079E-06
  0.27660E+03  0.31332E-06  0.23673E-06 -0.14628E-06
  0.27690E+03  0.34061E-06  0.20221E-06 -0.10835E-06
  0.27720E+03  0.36602E-06  0.16692E-06 -0.67419E-07
  0.27750E+03  0.38883E-06  0.13122E-06 -0.23993E-07
  0.27780E+03  0.40825E-06  0.95536E-07  0.21308E-07
  0.27810E+03  0.42358E-06  0.60371E-07  0.67770E-07
  0.27840E+03  0.43415E-06  0.26269E-07  0.11461E-06
  0.27870E+03  0.43940E-06 -0.62140E-08  0.16099E-06
  0.27900E+03  0.43889E-06 -0.36535E-07  0.20610E-06
  0.27930E+03  0.43233E-06 -0.64197E-07  0.24915E-06
  0.27960E+03  0.41952E-06 -0.88775E-07  0.28944E-06
  0.27990E+03  0.40039E-06 -0.10994E-06  0.32638E-06
  0.28020E+03  0.37497E-06 -0.12749E-06  0.35946E-06
  0.28050E+03  0.34338E-06 -0.14134E-06  0.38830E-06
  0.28080E+03  0.30578E-06 -0.15157E-06  0.41259E-06
  0.28110E+03  0.26243E-06 -0.15836E-06  0.43211E-06
  0.28140E+03  0.21362E-06 -0.16205E-06  0.44668E-06
  0.28170E+03  0.15971E-06 -0.16305E-06  0.45615E-06
  0.28200E+03  0.10115E-06 -0.16182E-06  0.46043E-06
  0.28230E+03  0.38477E-07 -0.15885E-06  0.45946E-06
  0.28260E+03 -0.27687E-07 -0.15459E-06  0.45325E-06
  0.28290E+03 -0.96595E-07 -0.14945E-06  0.44188E-06
  0.28320E+03 -0.16739E-06 -0.14377E-06  0.42551E-06
  0.28350E+03 -0.23911E-06 -0.13780E-06  0.40442E-06
  0.28380E+03 -0.31070E-06 -0.13173E-06  0.37893E-06
  0.28410E+03 -0.38103E-06 -0.12568E-06  0.34945E-06
  0.28440E+03 -0.44890E-06 -0.11970E-06  0.31644E-06
  0.28470E+03 -0.51313E-06 -0.11384E-06  0.28039E-06
  0.28500E+03 -0.57251E-06 -0.10815E-06  0.24181E-06
  0.28530E+03 -0.62590E-06 -0.10270E-06  0.20123E-06
  0.28560E+03 -0.67221E-06 -0.97616E-07  0.15918E-06
  0.28590E+03 -0.71046E-06 -0.93082E-07  0.11621E-06
  0.28620E+03 -0.73980E-06 -0.89299E-07  0.72883E-07
  0.28650E+03 -0.75955E-06 -0.86475E-07  0.29784E-07
  0.28680E+03 -0.76923E-06 -0.84787E-07 -0.12502E-07
  0.28710E+03 -0.76859E-06 -0.84346E-07 -0.53390E-07
  0.28740E+03 -0.75761E-06 -0.85168E-07 -0.92307E-07
  0.28770E+03 -0.73646E-06 -0.87163E-07 -0.12871E-06
  0.28800E+03 -0.70557E-06 -0.90125E-07 -0.16211E-06
  0.28830E+03 -0.66550E-06 -0.93742E-07 -0.19206E-06
  0.28860E+03 -0.61698E-06 -0.97616E-07 -0.21821E-06
  0.28890E+03 -0.56085E-06 -0.10129E-06 -0.24028E-06
  0.28920E+03 -0.49800E-06 -0.10429E-06 -0.25809E-06
  0.28950E+03 -0.42938E-06 -0.10615E-06 -0.27154E-06
  0.28980E+03 -0.35592E-06 -0.10646E-06 -0.28062E-06
  0.29010E+03 -0.27860E-06 -0.10489E-06 -0.28543E-06
  0.29040E+03 -0.19834E-06 -0.10119E-06 -0.28614E-06
  0.29070E+03 -0.11608E-06 -0.95175E-07 -0.28303E-06
  0.29100E+03 -0.32744E-07 -0.86768E-07 -0.27646E-06
  0.29130E+03  0.50753E-07 -0.75961E-07 -0.26684E-06
  0.29160E+03  0.13351E-06 -0.62835E-07 -0.25470E-06
  0.29190E+03  0.21464E-06 -0.47554E-07 -0.24058E-06
  0.29220E+03  0.29326E-06 -0.30360E-07 -0.22507E-06
  0.29250E+03  0.36853E-06 -0.11562E-07 -0.20876E-06
  0.29280E+03  0.43961E-06  0.84672E-08 -0.19221E-06
  0.29310E+03  0.50572E-06  0.29309E-07 -0.17594E-06
  0.29340E+03  0.56613E-06  0.50503E-07 -0.16036E-06
  0.29370E+03  0.62021E-06  0.71559E-07 -0.14583E-06
  0.29400E+03  0.66739E-06  0.91971E-07 -0.13258E-06
  0.29430E+03  0.70727E-06  0.11123E-06 -0.12075E-06
  0.29460E+03  0.73953E-06  0.12885E-06 -0.11041E-06
  0.29490E+03  0.76402E-06  0.14440E-06 -0.10153E-06
  0.29520E+03  0.78065E-06  0.15751E-06 -0.94041E-07
  0.29550E+03  0.78946E-06  0.16788E-06 -0.87831E-07
  0.29580E+03  0.79053E-06  0.17532E-06 -0.82747E-07
  0.29610E+03  0.78403E-06  0.17972E-06 -0.78621E-07
  0.29640E+03  0.77016E-06  0.18104E-06 -0.75263E-07
  0.29670E+03  0.74920E-06  0.17931E-06 -0.72467E-07
  0.29700E+03  0.72147E-06  0.17464E-06 -0.70005E-07
  0.29730E+03  0.68737E-06  0.16719E-06 -0.67632E-07
  0.29760E+03  0.64738E-06  0.15717E-06 -0.65085E-07
  0.29790E+03  0.60201E-06  0.14485E-06 -0.62096E-07
  0.29820E+03  0.55186E-06  0.13053E-06 -0.58412E-07
  0.29850E+03  0.49754E-06  0.11451E-06 -0.53808E-07
  0.29880E+03  0.43969E-06  0.97109E-07 -0.48107E-07
  0.29910E+03  0.37895E-06  0.78604E-07 -0.41185E-07
  0.29940E+03  0.31589E-06  0.59250E-07 -0.32976E-07
  0.29970E+03  0.25107E-06  0.39268E-07 -0.23465E-07
  0.30000E+03  0.18498E-06  0.18861E-07 -0.12672E-07
  0.30030E+03  0.11804E-06 -0.17607E-08 -0.64390E-09
  0.30060E+03  0.50638E-07 -0.22352E-07  0.12556E-07
  0.30090E+03 -0.16850E-07 -0.42617E-07  0.26850E-07
  0.30120E+03 -0.84051E-07 -0.62210E-07  0.42151E-07
  0.30150E+03 -0.15055E-06 -0.80743E-07  0.58353E-07
  0.30180E+03 -0.21589E-06 -0.97816E-07  0.75330E-07
  0.30210E+03 -0.27954E-06 -0.11304E-06  0.92931E-07
  0.30240E+03 -0.34091E-06 -0.12607E-06  0.11097E-06
  0.30270E+03 -0.39935E-06 -0.13662E-06  0.12925E-06
  0.30300E+03 -0.45421E-06 -0.14447E-06  0.14751E-06
  0.30330E+03 -0.50479E-06 -0.14950E-06  0.16548E-06
  0.30360E+03 -0.55043E-06 -0.15166E-06  0.18287E-06
  0.30390E+03 -0.59048E-06 -0.15100E-06  0.19937E-06
  0.30420E+03 -0.62436E-06 -0.14766E-06  0.21468E-06
  0.30450E+03 -0.65156E-06 -0.14189E-06  0.22854E-06
  0.30480E+03 -0.67164E-06 -0.13403E-06  0.24071E-06
  0.30510E+03 -0.68428E-06 -0.12450E-06  0.25101E-06
  0.30540E+03 -0.68926E-06 -0.11378E-06  0.25935E-06
  0.30570E+03 -0.68645E-06 -0.10240E-06  0.26569E-06
  0.30600E+03 -0.67586E-06 -0.90898E-07  0.27004E-06
  0.30630E+03 -0.65759E-06 -0.79819E-07  0.27242E-06
  0.30660E+03 -0.59987E-06 -0.78482E-07  0.27067E-06
  0.30690E+03 -0.56732E-06 -0.70714E-07  0.27085E-06
