  0.00000E+00  0.23257E-11  0.12035E-11  0.68032E-11
  0.30000E+00  0.65575E-11  0.33942E-11  0.19172E-10
  0.60000E+00  0.14845E-10  0.76868E-11  0.43388E-10
  0.90000E+00  0.28971E-10  0.15008E-10  0.84662E-10
  0.12000E+01  0.50829E-10  0.26340E-10  0.14852E-09
  0.15000E+01  0.82311E-10  0.42663E-10  0.24049E-09
  0.18000E+01  0.12522E-09  0.64909E-10  0.36582E-09
  0.21000E+01  0.18115E-09  0.93908E-10  0.52919E-09
  0.24000E+01  0.25145E-09  0.13034E-09  0.73449E-09
  0.27000E+01  0.33709E-09  0.17472E-09  0.98456E-09
  0.30000E+01  0.43866E-09  0.22733E-09  0.12811E-08
  0.33000E+01  0.55628E-09  0.28823E-09  0.16244E-08
  0.36000E+01  0.68952E-09  0.35721E-09  0.20134E-08
  0.39000E+01  0.83756E-09  0.43380E-09  0.24454E-08
  0.42000E+01  0.99893E-09  0.51731E-09  0.29164E-08
  0.45000E+01  0.11717E-08  0.60657E-09  0.34207E-08
  0.48000E+01  0.13533E-08  0.70043E-09  0.39511E-08
  0.51000E+01  0.15410E-08  0.79737E-09  0.44994E-08
  0.54000E+01  0.17313E-08  0.89590E-09  0.50549E-08
  0.57000E+01  0.19205E-08  0.99340E-09  0.56080E-08
  0.60000E+01  0.21041E-08  0.10884E-08  0.61458E-08
  0.63000E+01  0.22790E-08  0.11778E-08  0.66565E-08
  0.66000E+01  0.24392E-08  0.12606E-08  0.71266E-08
  0.69000E+01  0.25806E-08  0.13334E-08  0.75427E-08
  0.72000E+01  0.26996E-08  0.13936E-08  0.78914E-08
  0.75000E+01  0.27905E-08  0.14399E-08  0.81598E-08
  0.78000E+01  0.28486E-08  0.14686E-08  0.83350E-08
  0.81000E+01  0.28713E-08  0.14794E-08  0.84048E-08
  0.84000E+01  0.28538E-08  0.14687E-08  0.83596E-08
  0.87000E+01  0.27927E-08  0.14355E-08  0.81881E-08
  0.90000E+01  0.26855E-08  0.13778E-08  0.78825E-08
  0.93000E+01  0.25301E-08  0.12949E-08  0.74377E-08
  0.96000E+01  0.23251E-08  0.11866E-08  0.68471E-08
  0.99000E+01  0.20691E-08  0.10517E-08  0.61086E-08
  0.10200E+02  0.17623E-08  0.89060E-09  0.52214E-08
  0.10500E+02  0.14047E-08  0.70310E-09  0.41867E-08
  0.10800E+02  0.99814E-09  0.48940E-09  0.30096E-08
  0.11100E+02  0.54453E-09  0.25230E-09  0.16942E-08
  0.11400E+02  0.46900E-10 -0.74039E-11  0.25050E-09
  0.11700E+02 -0.49150E-09 -0.28880E-09 -0.13124E-08
  0.12000E+02 -0.10656E-08 -0.58780E-09 -0.29812E-08
  0.12300E+02 -0.16699E-08 -0.90240E-09 -0.47412E-08
  0.12600E+02 -0.23005E-08 -0.12309E-08 -0.65773E-08
  0.12900E+02 -0.29500E-08 -0.15680E-08 -0.84687E-08
  0.13200E+02 -0.36111E-08 -0.19106E-08 -0.10397E-07
  0.13500E+02 -0.42771E-08 -0.22557E-08 -0.12343E-07
  0.13800E+02 -0.49404E-08 -0.25985E-08 -0.14283E-07
  0.14100E+02 -0.55926E-08 -0.29358E-08 -0.16193E-07
  0.14400E+02 -0.62266E-08 -0.32622E-08 -0.18052E-07
  0.14700E+02 -0.68347E-08 -0.35744E-08 -0.19835E-07
  0.15000E+02 -0.74072E-08 -0.38687E-08 -0.21520E-07
  0.15300E+02 -0.79373E-08 -0.41393E-08 -0.23083E-07
  0.15600E+02 -0.84173E-08 -0.43839E-08 -0.24502E-07
  0.15900E+02 -0.88389E-08 -0.45973E-08 -0.25756E-07
  0.16200E+02 -0.91972E-08 -0.47771E-08 -0.26825E-07
  0.16500E+02 -0.94844E-08 -0.49202E-08 -0.27690E-07
  0.16800E+02 -0.96959E-08 -0.50240E-08 -0.28333E-07
  0.17100E+02 -0.98249E-08 -0.50790E-08 -0.28743E-07
  0.17400E+02 -0.98692E-08 -0.50990E-08 -0.28902E-07
  0.17700E+02 -0.98256E-08 -0.50680E-08 -0.28814E-07
  0.18000E+02 -0.96896E-08 -0.49860E-08 -0.28452E-07
  0.18300E+02 -0.94612E-08 -0.48600E-08 -0.27823E-07
  0.18600E+02 -0.91398E-08 -0.46880E-08 -0.26910E-07
  0.18900E+02 -0.87245E-08 -0.44670E-08 -0.25746E-07
  0.19200E+02 -0.82191E-08 -0.41900E-08 -0.24303E-07
  0.19500E+02 -0.76238E-08 -0.38740E-08 -0.22594E-07
  0.19800E+02 -0.69438E-08 -0.35140E-08 -0.20641E-07
  0.20100E+02 -0.61818E-08 -0.31150E-08 -0.18454E-07
  0.20400E+02 -0.53439E-08 -0.26710E-08 -0.16032E-07
  0.20700E+02 -0.44360E-08 -0.21910E-08 -0.13409E-07
  0.21000E+02 -0.34652E-08 -0.16850E-08 -0.10603E-07
  0.21300E+02 -0.24394E-08 -0.11460E-08 -0.76280E-08
  0.21600E+02 -0.13663E-08 -0.57800E-09 -0.45080E-08
  0.21900E+02 -0.25560E-09  0.00000E+00 -0.12740E-08
  0.22200E+02  0.88369E-09  0.59100E-09  0.20490E-08
  0.22500E+02  0.20428E-08  0.11920E-08  0.54300E-08
  0.22800E+02  0.32070E-08  0.18050E-08  0.88350E-08
  0.23100E+02  0.43730E-08  0.24020E-08  0.12253E-07
  0.23400E+02  0.55310E-08  0.30047E-08  0.15636E-07
  0.23700E+02  0.66680E-08  0.35897E-08  0.18961E-07
  0.24000E+02  0.77600E-08  0.41572E-08  0.22191E-07
  0.24300E+02  0.88210E-08  0.47015E-08  0.25312E-07
  0.24600E+02  0.98240E-08  0.52172E-08  0.28284E-07
  0.24900E+02  0.10774E-07  0.57008E-08  0.31083E-07
  0.25200E+02  0.11646E-07  0.61471E-08  0.33683E-07
  0.25500E+02  0.12446E-07  0.65514E-08  0.36061E-07
  0.25800E+02  0.13159E-07  0.69117E-08  0.38195E-07
  0.26100E+02  0.13782E-07  0.72230E-08  0.40065E-07
  0.26400E+02  0.14311E-07  0.74833E-08  0.41654E-07
  0.26700E+02  0.14734E-07  0.76890E-08  0.42948E-07
  0.27000E+02  0.15051E-07  0.78360E-08  0.43934E-07
  0.27300E+02  0.15257E-07  0.79380E-08  0.44603E-07
  0.27600E+02  0.15350E-07  0.79680E-08  0.44953E-07
  0.27900E+02  0.15338E-07  0.79420E-08  0.44969E-07
  0.28200E+02  0.15211E-07  0.78600E-08  0.44663E-07
  0.28500E+02  0.14969E-07  0.77240E-08  0.44027E-07
  0.28800E+02  0.14617E-07  0.75310E-08  0.43077E-07
  0.29100E+02  0.14164E-07  0.72770E-08  0.41809E-07
  0.29400E+02  0.13609E-07  0.69760E-08  0.40243E-07
  0.29700E+02  0.12955E-07  0.66200E-08  0.38389E-07
  0.30000E+02  0.12210E-07  0.62150E-08  0.36263E-07
  0.30300E+02  0.11378E-07  0.57760E-08  0.33879E-07
  0.30600E+02  0.10467E-07  0.52860E-08  0.31264E-07
  0.30900E+02  0.94852E-08  0.47670E-08  0.28442E-07
  0.31200E+02  0.84403E-08  0.42130E-08  0.25428E-07
  0.31500E+02  0.73415E-08  0.36350E-08  0.22247E-07
  0.31800E+02  0.61971E-08  0.30300E-08  0.18926E-07
  0.32100E+02  0.50163E-08  0.24040E-08  0.15495E-07
  0.32400E+02  0.38090E-08  0.17750E-08  0.11986E-07
  0.32700E+02  0.25850E-08  0.11350E-08  0.84140E-08
  0.33000E+02  0.13528E-08  0.49600E-09  0.48150E-08
  0.33300E+02  0.12600E-09 -0.15200E-09  0.12160E-08
  0.33600E+02 -0.10940E-08 -0.77800E-09 -0.23450E-08
  0.33900E+02 -0.22810E-08 -0.14150E-08 -0.58430E-08
  0.34200E+02 -0.34020E-08 -0.20670E-08 -0.91420E-08
  0.34500E+02 -0.43410E-08 -0.28700E-08 -0.12006E-07
  0.34800E+02 -0.49040E-08 -0.40172E-08 -0.14089E-07
  0.35100E+02 -0.48060E-08 -0.58128E-08 -0.14981E-07
  0.35400E+02 -0.37210E-08 -0.86232E-08 -0.14297E-07
  0.35700E+02 -0.13020E-08 -0.12835E-07 -0.11681E-07
  0.36000E+02  0.27760E-08 -0.18820E-07 -0.68730E-08
  0.36300E+02  0.88210E-08 -0.26908E-07  0.34299E-09
  0.36600E+02  0.17052E-07 -0.37378E-07  0.10097E-07
  0.36900E+02  0.27660E-07 -0.50446E-07  0.22413E-07
  0.37200E+02  0.40744E-07 -0.66255E-07  0.37247E-07
  0.37500E+02  0.56365E-07 -0.84870E-07  0.54434E-07
  0.37800E+02  0.74462E-07 -0.10627E-06  0.73705E-07
  0.38100E+02  0.94898E-07 -0.13031E-06  0.94621E-07
  0.38400E+02  0.11737E-06 -0.15668E-06  0.11655E-06
  0.38700E+02  0.14142E-06 -0.18490E-06  0.13868E-06
  0.39000E+02  0.16642E-06 -0.21427E-06  0.16003E-06
  0.39300E+02  0.19154E-06 -0.24390E-06  0.17945E-06
  0.39600E+02  0.21585E-06 -0.27275E-06  0.19576E-06
  0.39900E+02  0.23836E-06 -0.29971E-06  0.20790E-06
  0.40200E+02  0.25814E-06 -0.32376E-06  0.21511E-06
  0.40500E+02  0.27454E-06 -0.34415E-06  0.21705E-06
  0.40800E+02  0.28737E-06 -0.36064E-06  0.21415E-06
  0.41100E+02  0.29693E-06 -0.37356E-06  0.20716E-06
  0.41400E+02  0.30374E-06 -0.38346E-06  0.19656E-06
  0.41700E+02  0.30814E-06 -0.39069E-06  0.18226E-06
  0.42000E+02  0.31007E-06 -0.39517E-06  0.16383E-06
  0.42300E+02  0.30919E-06 -0.39648E-06  0.14095E-06
  0.42600E+02  0.30506E-06 -0.39411E-06  0.11356E-06
  0.42900E+02  0.29738E-06 -0.38767E-06  0.81869E-07
  0.43200E+02  0.28596E-06 -0.37691E-06  0.46155E-07
  0.43500E+02  0.27071E-06 -0.36171E-06  0.67150E-08
  0.43800E+02  0.25156E-06 -0.34193E-06 -0.36130E-07
  0.44100E+02  0.22845E-06 -0.31744E-06 -0.82000E-07
  0.44400E+02  0.20122E-06 -0.28805E-06 -0.13051E-06
  0.44700E+02  0.16965E-06 -0.25345E-06 -0.18131E-06
  0.45000E+02  0.13347E-06 -0.21329E-06 -0.23417E-06
  0.45300E+02  0.92383E-07 -0.16717E-06 -0.28887E-06
  0.45600E+02  0.46124E-07 -0.11477E-06 -0.34523E-06
  0.45900E+02 -0.55360E-08 -0.55780E-07 -0.40309E-06
  0.46200E+02 -0.62862E-07  0.10172E-07 -0.46227E-06
  0.46500E+02 -0.12610E-06  0.83359E-07 -0.52243E-06
  0.46800E+02 -0.19533E-06  0.16396E-06 -0.58328E-06
  0.47100E+02 -0.27055E-06  0.25200E-06 -0.64461E-06
  0.47400E+02 -0.35171E-06  0.34749E-06 -0.70618E-06
  0.47700E+02 -0.43874E-06  0.45033E-06 -0.76758E-06
  0.48000E+02 -0.53144E-06  0.56035E-06 -0.82814E-06
  0.48300E+02 -0.62947E-06  0.67717E-06 -0.88701E-06
  0.48600E+02 -0.73214E-06  0.80000E-06 -0.94318E-06
  0.48900E+02 -0.83856E-06  0.92795E-06 -0.99564E-06
  0.49200E+02 -0.94762E-06  0.10598E-05 -0.10433E-05
  0.49500E+02 -0.10581E-05  0.11939E-05 -0.10849E-05
  0.49800E+02 -0.11685E-05  0.13289E-05 -0.11194E-05
  0.50100E+02 -0.12773E-05  0.14628E-05 -0.11455E-05
  0.50400E+02 -0.13828E-05  0.15938E-05 -0.11622E-05
  0.50700E+02 -0.14834E-05  0.17199E-05 -0.11682E-05
  0.51000E+02 -0.15772E-05  0.18389E-05 -0.11625E-05
  0.51300E+02 -0.16623E-05  0.19488E-05 -0.11440E-05
  0.51600E+02 -0.17369E-05  0.20472E-05 -0.11119E-05
  0.51900E+02 -0.17991E-05  0.21321E-05 -0.10656E-05
  0.52200E+02 -0.18471E-05  0.22011E-05 -0.10044E-05
  0.52500E+02 -0.18792E-05  0.22525E-05 -0.92790E-06
  0.52800E+02 -0.18938E-05  0.22841E-05 -0.83587E-06
  0.53100E+02 -0.18893E-05  0.22940E-05 -0.72831E-06
  0.53400E+02 -0.18644E-05  0.22807E-05 -0.60515E-06
  0.53700E+02 -0.18178E-05  0.22424E-05 -0.46686E-06
  0.54000E+02 -0.17483E-05  0.21778E-05 -0.31383E-06
  0.54300E+02 -0.16550E-05  0.20857E-05 -0.14696E-06
  0.54600E+02 -0.15374E-05  0.19652E-05  0.33110E-07
  0.54900E+02 -0.13952E-05  0.18160E-05  0.22494E-06
  0.55200E+02 -0.12281E-05  0.16374E-05  0.42720E-06
  0.55500E+02 -0.10365E-05  0.14299E-05  0.63832E-06
  0.55800E+02 -0.82086E-06  0.11937E-05  0.85620E-06
  0.56100E+02 -0.58236E-06  0.92997E-06  0.10787E-05
  0.56400E+02 -0.32206E-06  0.63996E-06  0.13035E-05
  0.56700E+02 -0.41800E-07  0.32534E-06  0.15275E-05
  0.57000E+02  0.25638E-06 -0.11450E-07  0.17480E-05
  0.57300E+02  0.56971E-06 -0.36771E-06  0.19620E-05
  0.57600E+02  0.89528E-06 -0.74002E-06  0.21665E-05
  0.57900E+02  0.12298E-05 -0.11248E-05  0.23586E-05
  0.58200E+02  0.15697E-05 -0.15180E-05  0.25354E-05
  0.58500E+02  0.19110E-05 -0.19155E-05  0.26941E-05
  0.58800E+02  0.22501E-05 -0.23127E-05  0.28322E-05
  0.59100E+02  0.25830E-05 -0.27055E-05  0.29472E-05
  0.59400E+02  0.29058E-05 -0.30893E-05  0.30371E-05
  0.59700E+02  0.32149E-05 -0.34600E-05  0.31000E-05
  0.60000E+02  0.35068E-05 -0.38134E-05  0.31342E-05
  0.60300E+02  0.37782E-05 -0.41454E-05  0.31388E-05
  0.60600E+02  0.40261E-05 -0.44522E-05  0.31129E-05
  0.60900E+02  0.42476E-05 -0.47296E-05  0.30562E-05
  0.61200E+02  0.44402E-05 -0.49736E-05  0.29693E-05
  0.61500E+02  0.46013E-05 -0.51805E-05  0.28526E-05
  0.61800E+02  0.47289E-05 -0.53466E-05  0.27075E-05
  0.62100E+02  0.48209E-05 -0.54689E-05  0.25354E-05
  0.62400E+02  0.48759E-05 -0.55447E-05  0.23384E-05
  0.62700E+02  0.48927E-05 -0.55718E-05  0.21184E-05
  0.63000E+02  0.48700E-05 -0.55485E-05  0.18777E-05
  0.63300E+02  0.48072E-05 -0.54734E-05  0.16186E-05
  0.63600E+02  0.47036E-05 -0.53457E-05  0.13438E-05
  0.63900E+02  0.45588E-05 -0.51651E-05  0.10558E-05
  0.64200E+02  0.43732E-05 -0.49322E-05  0.75789E-06
  0.64500E+02  0.41473E-05 -0.46482E-05  0.45284E-06
  0.64800E+02  0.38822E-05 -0.43149E-05  0.14390E-06
  0.65100E+02  0.35795E-05 -0.39350E-05 -0.16593E-06
  0.65400E+02  0.32410E-05 -0.35118E-05 -0.47383E-06
  0.65700E+02  0.28689E-05 -0.30487E-05 -0.77702E-06
  0.66000E+02  0.24656E-05 -0.25498E-05 -0.10731E-05
  0.66300E+02  0.20334E-05 -0.20193E-05 -0.13596E-05
  0.66600E+02  0.15750E-05 -0.14621E-05 -0.16345E-05
  0.66900E+02  0.10932E-05 -0.88295E-06 -0.18957E-05
  0.67200E+02  0.59094E-06 -0.28728E-06 -0.21412E-05
  0.67500E+02  0.71820E-07  0.31933E-06 -0.23691E-05
  0.67800E+02 -0.46043E-06  0.93112E-06 -0.25779E-05
  0.68100E+02 -0.10016E-05  0.15418E-05 -0.27661E-05
  0.68400E+02 -0.15471E-05  0.21451E-05 -0.29326E-05
  0.68700E+02 -0.20920E-05  0.27347E-05 -0.30767E-05
  0.69000E+02 -0.26317E-05  0.33046E-05 -0.31978E-05
  0.69300E+02 -0.31611E-05  0.38498E-05 -0.32957E-05
  0.69600E+02 -0.36757E-05  0.43657E-05 -0.33700E-05
  0.69900E+02 -0.41704E-05  0.48483E-05 -0.34202E-05
  0.70200E+02 -0.46403E-05  0.52944E-05 -0.34463E-05
  0.70500E+02 -0.50808E-05  0.57009E-05 -0.34473E-05
  0.70800E+02 -0.54877E-05  0.60655E-05 -0.34230E-05
  0.71100E+02 -0.58575E-05  0.63853E-05 -0.33732E-05
  0.71400E+02 -0.61874E-05  0.66575E-05 -0.32985E-05
  0.71700E+02 -0.64751E-05  0.68793E-05 -0.31993E-05
  0.72000E+02 -0.67192E-05  0.70480E-05 -0.30772E-05
  0.72300E+02 -0.69188E-05  0.71614E-05 -0.29339E-05
  0.72600E+02 -0.70742E-05  0.72176E-05 -0.27711E-05
  0.72900E+02 -0.71860E-05  0.72151E-05 -0.25905E-05
  0.73200E+02 -0.72552E-05  0.71527E-05 -0.23935E-05
  0.73500E+02 -0.72824E-05  0.70299E-05 -0.21819E-05
  0.73800E+02 -0.72686E-05  0.68469E-05 -0.19572E-05
  0.74100E+02 -0.72149E-05  0.66047E-05 -0.17213E-05
  0.74400E+02 -0.71228E-05  0.63051E-05 -0.14762E-05
  0.74700E+02 -0.69938E-05  0.59507E-05 -0.12243E-05
  0.75000E+02 -0.68298E-05  0.55444E-05 -0.96797E-06
  0.75300E+02 -0.66323E-05  0.50899E-05 -0.70992E-06
  0.75600E+02 -0.64031E-05  0.45913E-05 -0.45240E-06
  0.75900E+02 -0.61439E-05  0.40532E-05 -0.19797E-06
  0.76200E+02 -0.58561E-05  0.34806E-05  0.51160E-07
  0.76500E+02 -0.55413E-05  0.28793E-05  0.29293E-06
  0.76800E+02 -0.52007E-05  0.22554E-05  0.52525E-06
  0.77100E+02 -0.48358E-05  0.16153E-05  0.74583E-06
  0.77400E+02 -0.44476E-05  0.96594E-06  0.95255E-06
  0.77700E+02 -0.40370E-05  0.31436E-06  0.11433E-05
  0.78000E+02 -0.36047E-05 -0.33221E-06  0.13161E-05
  0.78300E+02 -0.31515E-05 -0.96643E-06  0.14690E-05
  0.78600E+02 -0.26780E-05 -0.15810E-05  0.16008E-05
  0.78900E+02 -0.21845E-05 -0.21688E-05  0.17098E-05
  0.79200E+02 -0.16716E-05 -0.27230E-05  0.17950E-05
  0.79500E+02 -0.11397E-05 -0.32370E-05  0.18551E-05
  0.79800E+02 -0.58923E-06 -0.37048E-05  0.18891E-05
  0.80100E+02 -0.20826E-07 -0.41212E-05  0.18965E-05
  0.80400E+02  0.56469E-06 -0.44813E-05  0.18770E-05
  0.80700E+02  0.11664E-05 -0.47816E-05  0.18303E-05
  0.81000E+02  0.17830E-05 -0.50191E-05  0.17568E-05
  0.81300E+02  0.24130E-05 -0.51922E-05  0.16571E-05
  0.81600E+02  0.30544E-05 -0.52999E-05  0.15322E-05
  0.81900E+02  0.37048E-05 -0.53425E-05  0.13832E-05
  0.82200E+02  0.43612E-05 -0.53213E-05  0.12120E-05
  0.82500E+02  0.50203E-05 -0.52385E-05  0.10209E-05
  0.82800E+02  0.56782E-05 -0.50975E-05  0.81253E-06
  0.83100E+02  0.63308E-05 -0.49027E-05  0.58997E-06
  0.83400E+02  0.69733E-05 -0.46590E-05  0.35674E-06
  0.83700E+02  0.76009E-05 -0.43728E-05  0.11666E-06
  0.84000E+02  0.82081E-05 -0.40500E-05 -0.12613E-06
  0.84300E+02  0.87893E-05 -0.36975E-05 -0.36737E-06
  0.84600E+02  0.93385E-05 -0.33223E-05 -0.60224E-06
  0.84900E+02  0.98497E-05 -0.29313E-05 -0.82628E-06
  0.85200E+02  0.10317E-04 -0.25314E-05 -0.10345E-05
  0.85500E+02  0.10734E-04 -0.21294E-05 -0.12223E-05
  0.85800E+02  0.11095E-04 -0.17318E-05 -0.13852E-05
  0.86100E+02  0.11394E-04 -0.13444E-05 -0.15191E-05
  0.86400E+02  0.11627E-04 -0.97267E-06 -0.16202E-05
  0.86700E+02  0.11787E-04 -0.62144E-06 -0.16854E-05
  0.87000E+02  0.11871E-04 -0.29487E-06 -0.17120E-05
  0.87300E+02  0.11874E-04  0.35240E-08 -0.16986E-05
  0.87600E+02  0.11793E-04  0.27085E-06 -0.16437E-05
  0.87900E+02  0.11625E-04  0.50477E-06 -0.15472E-05
  0.88200E+02  0.11368E-04  0.70367E-06 -0.14095E-05
  0.88500E+02  0.11022E-04  0.86610E-06 -0.12318E-05
  0.88800E+02  0.10585E-04  0.99154E-06 -0.10163E-05
  0.89100E+02  0.10060E-04  0.10795E-05 -0.76578E-06
  0.89400E+02  0.94467E-05  0.11302E-05 -0.48356E-06
  0.89700E+02  0.87491E-05  0.11443E-05 -0.17334E-06
  0.90000E+02  0.79710E-05  0.11224E-05  0.16036E-06
  0.90300E+02  0.71169E-05  0.10661E-05  0.51303E-06
  0.90600E+02  0.61926E-05  0.97697E-06  0.87969E-06
  0.90900E+02  0.52049E-05  0.85704E-06  0.12553E-05
  0.91200E+02  0.41613E-05  0.70883E-06  0.16349E-05
  0.91500E+02  0.30699E-05  0.53508E-06  0.20133E-05
  0.91800E+02  0.19396E-05  0.33901E-06  0.23855E-05
  0.92100E+02  0.77986E-06  0.12404E-06  0.27466E-05
  0.92400E+02 -0.39958E-06 -0.10603E-06  0.30920E-05
  0.92700E+02 -0.15886E-05 -0.34723E-06  0.34172E-05
  0.93000E+02 -0.27769E-05 -0.59542E-06  0.37182E-05
  0.93300E+02 -0.39540E-05 -0.84644E-06  0.39909E-05
  0.93600E+02 -0.51099E-05 -0.10959E-05  0.42319E-05
  0.93900E+02 -0.62344E-05 -0.13396E-05  0.44383E-05
  0.94200E+02 -0.73176E-05 -0.15735E-05  0.46072E-05
  0.94500E+02 -0.83501E-05 -0.17933E-05  0.47364E-05
  0.94800E+02 -0.93232E-05 -0.19954E-05  0.48242E-05
  0.95100E+02 -0.10228E-04 -0.21763E-05  0.48692E-05
  0.95400E+02 -0.11058E-04 -0.23324E-05  0.48706E-05
  0.95700E+02 -0.11805E-04 -0.24609E-05  0.48283E-05
  0.96000E+02 -0.12463E-04 -0.25590E-05  0.47422E-05
  0.96300E+02 -0.13027E-04 -0.26245E-05  0.46130E-05
  0.96600E+02 -0.13493E-04 -0.26554E-05  0.44420E-05
  0.96900E+02 -0.13858E-04 -0.26502E-05  0.42296E-05
  0.97200E+02 -0.14117E-04 -0.26078E-05  0.39798E-05
  0.97500E+02 -0.14272E-04 -0.25274E-05  0.36927E-05
  0.97800E+02 -0.14319E-04 -0.24090E-05  0.33723E-05
  0.98100E+02 -0.14261E-04 -0.22528E-05  0.30198E-05
  0.98400E+02 -0.14098E-04 -0.20595E-05  0.26400E-05
  0.98700E+02 -0.13834E-04 -0.18303E-05  0.22359E-05
  0.99000E+02 -0.13470E-04 -0.15670E-05  0.18107E-05
  0.99300E+02 -0.13011E-04 -0.12715E-05  0.13668E-05
  0.99600E+02 -0.12463E-04 -0.94657E-06  0.91100E-06
  0.99900E+02 -0.11831E-04 -0.59502E-06  0.44380E-06
  0.10020E+03 -0.11122E-04 -0.22018E-06 -0.28940E-07
  0.10050E+03 -0.10342E-04  0.17449E-06 -0.50390E-06
  0.10080E+03 -0.94983E-05  0.58492E-06 -0.97730E-06
  0.10110E+03 -0.85999E-05  0.10072E-05 -0.14455E-05
  0.10140E+03 -0.76545E-05  0.14371E-05 -0.19048E-05
  0.10170E+03 -0.66709E-05  0.18701E-05 -0.23518E-05
  0.10200E+03 -0.56577E-05  0.23018E-05 -0.27833E-05
  0.10230E+03 -0.46236E-05  0.27277E-05 -0.31960E-05
  0.10260E+03 -0.35773E-05  0.31435E-05 -0.35872E-05
  0.10290E+03 -0.25276E-05  0.35444E-05 -0.39543E-05
  0.10320E+03 -0.14830E-05  0.39264E-05 -0.42947E-05
  0.10350E+03 -0.45152E-06  0.42854E-05 -0.46064E-05
  0.10380E+03  0.55860E-06  0.46172E-05 -0.48876E-05
  0.10410E+03  0.15400E-05  0.49182E-05 -0.51365E-05
  0.10440E+03  0.24857E-05  0.51851E-05 -0.53519E-05
  0.10470E+03  0.33890E-05  0.54148E-05 -0.55328E-05
  0.10500E+03  0.42439E-05  0.56044E-05 -0.56785E-05
  0.10530E+03  0.50449E-05  0.57517E-05 -0.57884E-05
  0.10560E+03  0.57876E-05  0.58550E-05 -0.58624E-05
  0.10590E+03  0.64676E-05  0.59125E-05 -0.59005E-05
  0.10620E+03  0.70817E-05  0.59234E-05 -0.59031E-05
  0.10650E+03  0.76271E-05  0.58870E-05 -0.58709E-05
  0.10680E+03  0.81019E-05  0.58035E-05 -0.58044E-05
  0.10710E+03  0.85048E-05  0.56730E-05 -0.57048E-05
  0.10740E+03  0.88353E-05  0.54965E-05 -0.55733E-05
  0.10770E+03  0.90933E-05  0.52752E-05 -0.54113E-05
  0.10800E+03  0.92797E-05  0.50109E-05 -0.52204E-05
  0.10830E+03  0.93956E-05  0.47057E-05 -0.50024E-05
  0.10860E+03  0.94430E-05  0.43622E-05 -0.47589E-05
  0.10890E+03  0.94245E-05  0.39832E-05 -0.44922E-05
  0.10920E+03  0.93429E-05  0.35719E-05 -0.42040E-05
  0.10950E+03  0.92014E-05  0.31319E-05 -0.38969E-05
  0.10980E+03  0.90041E-05  0.26670E-05 -0.35727E-05
  0.11010E+03  0.87550E-05  0.21811E-05 -0.32339E-05
  0.11040E+03  0.84585E-05  0.16784E-05 -0.28827E-05
  0.11070E+03  0.81192E-05  0.11634E-05 -0.25214E-05
  0.11100E+03  0.77419E-05  0.64014E-06 -0.21522E-05
  0.11130E+03  0.73317E-05  0.11331E-06 -0.17774E-05
  0.11160E+03  0.68935E-05 -0.41257E-06 -0.13994E-05
  0.11190E+03  0.64322E-05 -0.93340E-06 -0.10202E-05
  0.11220E+03  0.59528E-05 -0.14446E-05 -0.64183E-06
  0.11250E+03  0.54602E-05 -0.19422E-05 -0.26657E-06
  0.11280E+03  0.49591E-05 -0.24220E-05  0.10371E-06
  0.11310E+03  0.44540E-05 -0.28804E-05  0.46714E-06
  0.11340E+03  0.39492E-05 -0.33138E-05  0.82196E-06
  0.11370E+03  0.34488E-05 -0.37187E-05  0.11664E-05
  0.11400E+03  0.29567E-05 -0.40923E-05  0.14990E-05
  0.11430E+03  0.24761E-05 -0.44320E-05  0.18183E-05
  0.11460E+03  0.20104E-05 -0.47354E-05  0.21229E-05
  0.11490E+03  0.15622E-05 -0.50004E-05  0.24116E-05
  0.11520E+03  0.11341E-05 -0.52257E-05  0.26832E-05
  0.11550E+03  0.72799E-06 -0.54099E-05  0.29369E-05
  0.11580E+03  0.34566E-06 -0.55523E-05  0.31719E-05
  0.11610E+03 -0.11604E-07 -0.56524E-05  0.33872E-05
  0.11640E+03 -0.34283E-06 -0.57103E-05  0.35825E-05
  0.11670E+03 -0.64742E-06 -0.57263E-05  0.37571E-05
  0.11700E+03 -0.92503E-06 -0.57011E-05  0.39108E-05
  0.11730E+03 -0.11758E-05 -0.56357E-05  0.40433E-05
  0.11760E+03 -0.14001E-05 -0.55317E-05  0.41543E-05
  0.11790E+03 -0.15984E-05 -0.53906E-05  0.42442E-05
  0.11820E+03 -0.17718E-05 -0.52146E-05  0.43127E-05
  0.11850E+03 -0.19211E-05 -0.50059E-05  0.43603E-05
  0.11880E+03 -0.20479E-05 -0.47670E-05  0.43869E-05
  0.11910E+03 -0.21535E-05 -0.45005E-05  0.43932E-05
  0.11940E+03 -0.22394E-05 -0.42095E-05  0.43796E-05
  0.11970E+03 -0.23075E-05 -0.38969E-05  0.43466E-05
  0.12000E+03 -0.23595E-05 -0.35659E-05  0.42946E-05
  0.12030E+03 -0.23972E-05 -0.32197E-05  0.42248E-05
  0.12060E+03 -0.24225E-05 -0.28615E-05  0.41374E-05
  0.12090E+03 -0.24372E-05 -0.24947E-05  0.40337E-05
  0.12120E+03 -0.24431E-05 -0.21225E-05  0.39142E-05
  0.12150E+03 -0.24419E-05 -0.17479E-05  0.37800E-05
  0.12180E+03 -0.24352E-05 -0.13741E-05  0.36319E-05
  0.12210E+03 -0.24246E-05 -0.10043E-05  0.34711E-05
  0.12240E+03 -0.24115E-05 -0.64115E-06  0.32984E-05
  0.12270E+03 -0.23974E-05 -0.28727E-06  0.31150E-05
  0.12300E+03 -0.23831E-05  0.54660E-07  0.29220E-05
  0.12330E+03 -0.23697E-05  0.38245E-06  0.27203E-05
  0.12360E+03 -0.23579E-05  0.69396E-06  0.25111E-05
  0.12390E+03 -0.23486E-05  0.98733E-06  0.22955E-05
  0.12420E+03 -0.23421E-05  0.12610E-05  0.20746E-05
  0.12450E+03 -0.23385E-05  0.15135E-05  0.18494E-05
  0.12480E+03 -0.23383E-05  0.17437E-05  0.16210E-05
  0.12510E+03 -0.23412E-05  0.19510E-05  0.13906E-05
  0.12540E+03 -0.23470E-05  0.21345E-05  0.11591E-05
  0.12570E+03 -0.23555E-05  0.22939E-05  0.92764E-06
  0.12600E+03 -0.23661E-05  0.24292E-05  0.69718E-06
  0.12630E+03 -0.23781E-05  0.25404E-05  0.46852E-06
  0.12660E+03 -0.23911E-05  0.26280E-05  0.24293E-06
  0.12690E+03 -0.24040E-05  0.26924E-05  0.21060E-07
  0.12720E+03 -0.24161E-05  0.27346E-05 -0.19621E-06
  0.12750E+03 -0.24265E-05  0.27552E-05 -0.40798E-06
  0.12780E+03 -0.24341E-05  0.27555E-05 -0.61340E-06
  0.12810E+03 -0.24380E-05  0.27367E-05 -0.81198E-06
  0.12840E+03 -0.24372E-05  0.27003E-05 -0.10027E-05
  0.12870E+03 -0.24308E-05  0.26476E-05 -0.11853E-05
  0.12900E+03 -0.24177E-05  0.25802E-05 -0.13590E-05
  0.12930E+03 -0.23973E-05  0.24998E-05 -0.15232E-05
  0.12960E+03 -0.23685E-05  0.24080E-05 -0.16776E-05
  0.12990E+03 -0.23307E-05  0.23065E-05 -0.18216E-05
  0.13020E+03 -0.22832E-05  0.21969E-05 -0.19550E-05
  0.13050E+03 -0.22255E-05  0.20810E-05 -0.20775E-05
  0.13080E+03 -0.21571E-05  0.19604E-05 -0.21887E-05
  0.13110E+03 -0.20777E-05  0.18366E-05 -0.22885E-05
  0.13140E+03 -0.19872E-05  0.17112E-05 -0.23768E-05
  0.13170E+03 -0.18854E-05  0.15855E-05 -0.24534E-05
  0.13200E+03 -0.17725E-05  0.14610E-05 -0.25185E-05
  0.13230E+03 -0.16486E-05  0.13389E-05 -0.25719E-05
  0.13260E+03 -0.15140E-05  0.12201E-05 -0.26137E-05
  0.13290E+03 -0.13693E-05  0.11058E-05 -0.26440E-05
  0.13320E+03 -0.12150E-05  0.99684E-06 -0.26631E-05
  0.13350E+03 -0.10518E-05  0.89381E-06 -0.26712E-05
  0.13380E+03 -0.88053E-06  0.79743E-06 -0.26684E-05
  0.13410E+03 -0.70214E-06  0.70808E-06 -0.26552E-05
  0.13440E+03 -0.51763E-06  0.62608E-06 -0.26317E-05
  0.13470E+03 -0.32809E-06  0.55159E-06 -0.25985E-05
  0.13500E+03 -0.13470E-06  0.48473E-06 -0.25559E-05
  0.13530E+03  0.61333E-07  0.42547E-06 -0.25045E-05
  0.13560E+03  0.25873E-06  0.37351E-06 -0.24444E-05
  0.13590E+03  0.45619E-06  0.32857E-06 -0.23763E-05
  0.13620E+03  0.65240E-06  0.29038E-06 -0.23008E-05
  0.13650E+03  0.84603E-06  0.25845E-06 -0.22184E-05
  0.13680E+03  0.10358E-05  0.23211E-06 -0.21294E-05
  0.13710E+03  0.12204E-05  0.21090E-06 -0.20345E-05
  0.13740E+03  0.13985E-05  0.19408E-06 -0.19343E-05
  0.13770E+03  0.15691E-05  0.18105E-06 -0.18293E-05
  0.13800E+03  0.17309E-05  0.17093E-06 -0.17201E-05
  0.13830E+03  0.18829E-05  0.16310E-06 -0.16072E-05
  0.13860E+03  0.20241E-05  0.15676E-06 -0.14913E-05
  0.13890E+03  0.21536E-05  0.15120E-06 -0.13727E-05
  0.13920E+03  0.22707E-05  0.14569E-06 -0.12522E-05
  0.13950E+03  0.23746E-05  0.13955E-06 -0.11302E-05
  0.13980E+03  0.24647E-05  0.13213E-06 -0.10072E-05
  0.14010E+03  0.25407E-05  0.12281E-06 -0.88377E-06
  0.14040E+03  0.26021E-05  0.11107E-06 -0.76036E-06
  0.14070E+03  0.26488E-05  0.96413E-07 -0.63748E-06
  0.14100E+03  0.26807E-05  0.78426E-07 -0.51545E-06
  0.14130E+03  0.26977E-05  0.56780E-07 -0.39491E-06
  0.14160E+03  0.27001E-05  0.31220E-07 -0.27606E-06
  0.14190E+03  0.26880E-05  0.15100E-08 -0.15941E-06
  0.14220E+03  0.26618E-05 -0.32430E-07 -0.45340E-07
  0.14250E+03  0.26220E-05 -0.70510E-07  0.65980E-07
  0.14280E+03  0.25692E-05 -0.11286E-06  0.17413E-06
  0.14310E+03  0.25039E-05 -0.15918E-06  0.27885E-06
  0.14340E+03  0.24269E-05 -0.20937E-06  0.37985E-06
  0.14370E+03  0.23391E-05 -0.26316E-06  0.47690E-06
  0.14400E+03  0.22413E-05 -0.32007E-06  0.56979E-06
  0.14430E+03  0.21344E-05 -0.37970E-06  0.65843E-06
  0.14460E+03  0.20194E-05 -0.44171E-06  0.74253E-06
  0.14490E+03  0.18971E-05 -0.50552E-06  0.82214E-06
  0.14520E+03  0.17688E-05 -0.57058E-06  0.89691E-06
  0.14550E+03  0.16354E-05 -0.63620E-06  0.96682E-06
  0.14580E+03  0.14980E-05 -0.70188E-06  0.10318E-05
  0.14610E+03  0.13574E-05 -0.76695E-06  0.10919E-05
  0.14640E+03  0.12149E-05 -0.83077E-06  0.11471E-05
  0.14670E+03  0.10713E-05 -0.89268E-06  0.11972E-05
  0.14700E+03  0.92769E-06 -0.95206E-06  0.12423E-05
  0.14730E+03  0.78488E-06 -0.10083E-05  0.12823E-05
  0.14760E+03  0.64375E-06 -0.10607E-05  0.13175E-05
  0.14790E+03  0.50512E-06 -0.11089E-05  0.13477E-05
  0.14820E+03  0.36976E-06 -0.11521E-05  0.13731E-05
  0.14850E+03  0.23834E-06 -0.11900E-05  0.13937E-05
  0.14880E+03  0.11148E-06 -0.12222E-05  0.14095E-05
  0.14910E+03 -0.10258E-07 -0.12481E-05  0.14207E-05
  0.14940E+03 -0.12640E-06 -0.12675E-05  0.14273E-05
  0.14970E+03 -0.23655E-06 -0.12802E-05  0.14295E-05
  0.15000E+03 -0.34036E-06 -0.12858E-05  0.14274E-05
  0.15030E+03 -0.43758E-06 -0.12843E-05  0.14211E-05
  0.15060E+03 -0.52802E-06 -0.12757E-05  0.14106E-05
  0.15090E+03 -0.61157E-06 -0.12598E-05  0.13962E-05
  0.15120E+03 -0.68817E-06 -0.12368E-05  0.13779E-05
  0.15150E+03 -0.75784E-06 -0.12067E-05  0.13559E-05
  0.15180E+03 -0.82064E-06 -0.11697E-05  0.13303E-05
  0.15210E+03 -0.87672E-06 -0.11262E-05  0.13013E-05
  0.15240E+03 -0.92621E-06 -0.10765E-05  0.12689E-05
  0.15270E+03 -0.96934E-06 -0.10208E-05  0.12336E-05
  0.15300E+03 -0.10064E-05 -0.95943E-06  0.11951E-05
  0.15330E+03 -0.10378E-05 -0.89319E-06  0.11537E-05
  0.15360E+03 -0.10636E-05 -0.82230E-06  0.11098E-05
  0.15390E+03 -0.10844E-05 -0.74730E-06  0.10632E-05
  0.15420E+03 -0.11003E-05 -0.66894E-06  0.10142E-05
  0.15450E+03 -0.11119E-05 -0.58761E-06  0.96305E-06
  0.15480E+03 -0.11194E-05 -0.50393E-06  0.90981E-06
  0.15510E+03 -0.11233E-05 -0.41855E-06  0.85466E-06
  0.15540E+03 -0.11241E-05 -0.33213E-06  0.79779E-06
  0.15570E+03 -0.11218E-05 -0.24521E-06  0.73942E-06
  0.15600E+03 -0.11170E-05 -0.15838E-06  0.67962E-06
  0.15630E+03 -0.11100E-05 -0.72231E-07  0.61856E-06
  0.15660E+03 -0.11011E-05  0.12636E-07  0.55649E-06
  0.15690E+03 -0.10904E-05  0.95700E-07  0.49355E-06
  0.15720E+03 -0.10784E-05  0.17644E-06  0.42992E-06
  0.15750E+03 -0.10652E-05  0.25437E-06  0.36580E-06
  0.15780E+03 -0.10511E-05  0.32903E-06  0.30134E-06
  0.15810E+03 -0.10362E-05  0.40002E-06  0.23674E-06
  0.15840E+03 -0.10205E-05  0.46697E-06  0.17218E-06
  0.15870E+03 -0.10042E-05  0.52955E-06  0.10785E-06
  0.15900E+03 -0.98748E-06  0.58750E-06  0.43923E-07
  0.15930E+03 -0.97023E-06  0.64057E-06 -0.19405E-07
  0.15960E+03 -0.95250E-06  0.68858E-06 -0.81960E-07
  0.15990E+03 -0.93427E-06  0.73142E-06 -0.14356E-06
  0.16020E+03 -0.91552E-06  0.76894E-06 -0.20402E-06
  0.16050E+03 -0.89617E-06  0.80114E-06 -0.26318E-06
  0.16080E+03 -0.87613E-06  0.82802E-06 -0.32085E-06
  0.16110E+03 -0.85531E-06  0.84962E-06 -0.37687E-06
  0.16140E+03 -0.83361E-06  0.86595E-06 -0.43107E-06
  0.16170E+03 -0.81090E-06  0.87732E-06 -0.48329E-06
  0.16200E+03 -0.78705E-06  0.88373E-06 -0.53339E-06
  0.16230E+03 -0.76193E-06  0.88545E-06 -0.58121E-06
  0.16260E+03 -0.73543E-06  0.88267E-06 -0.62661E-06
  0.16290E+03 -0.70741E-06  0.87564E-06 -0.66947E-06
  0.16320E+03 -0.67776E-06  0.86460E-06 -0.70965E-06
  0.16350E+03 -0.64637E-06  0.84993E-06 -0.74704E-06
  0.16380E+03 -0.61313E-06  0.83186E-06 -0.78153E-06
  0.16410E+03 -0.57801E-06  0.81068E-06 -0.81304E-06
  0.16440E+03 -0.54088E-06  0.78674E-06 -0.84149E-06
  0.16470E+03 -0.50183E-06  0.76047E-06 -0.86677E-06
  0.16500E+03 -0.46076E-06  0.73206E-06 -0.88885E-06
  0.16530E+03 -0.41757E-06  0.70176E-06 -0.90768E-06
  0.16560E+03 -0.37244E-06  0.67009E-06 -0.92320E-06
  0.16590E+03 -0.32548E-06  0.63726E-06 -0.93541E-06
  0.16620E+03 -0.27663E-06  0.60350E-06 -0.94428E-06
  0.16650E+03 -0.22603E-06  0.56918E-06 -0.94981E-06
  0.16680E+03 -0.17382E-06  0.53448E-06 -0.95202E-06
  0.16710E+03 -0.12012E-06  0.49968E-06 -0.95093E-06
  0.16740E+03 -0.65290E-07  0.46500E-06 -0.94657E-06
  0.16770E+03 -0.93401E-08  0.43062E-06 -0.93901E-06
  0.16800E+03  0.47471E-07  0.39673E-06 -0.92829E-06
  0.16830E+03  0.10485E-06  0.36348E-06 -0.91450E-06
  0.16860E+03  0.16254E-06  0.33098E-06 -0.89771E-06
  0.16890E+03  0.22030E-06  0.29936E-06 -0.87802E-06
  0.16920E+03  0.27782E-06  0.26869E-06 -0.85554E-06
  0.16950E+03  0.33484E-06  0.23903E-06 -0.83038E-06
  0.16980E+03  0.39102E-06  0.21045E-06 -0.80267E-06
  0.17010E+03  0.44607E-06  0.18291E-06 -0.77255E-06
  0.17040E+03  0.49970E-06  0.15652E-06 -0.74015E-06
  0.17070E+03  0.55160E-06  0.13110E-06 -0.70562E-06
  0.17100E+03  0.60148E-06  0.10680E-06 -0.66913E-06
  0.17130E+03  0.64903E-06  0.83400E-07 -0.63082E-06
  0.17160E+03  0.69402E-06  0.61000E-07 -0.59086E-06
  0.17190E+03  0.73614E-06  0.39490E-07 -0.54945E-06
  0.17220E+03  0.77516E-06  0.18700E-07 -0.50673E-06
  0.17250E+03  0.81086E-06 -0.13199E-08 -0.46289E-06
  0.17280E+03  0.84304E-06 -0.20650E-07 -0.41812E-06
  0.17310E+03  0.87149E-06 -0.39520E-07 -0.37256E-06
  0.17340E+03  0.89606E-06 -0.57860E-07 -0.32643E-06
  0.17370E+03  0.91663E-06 -0.75720E-07 -0.27989E-06
  0.17400E+03  0.93307E-06 -0.93370E-07 -0.23312E-06
  0.17430E+03  0.94531E-06 -0.11072E-06 -0.18630E-06
  0.17460E+03  0.95330E-06 -0.12779E-06 -0.13958E-06
  0.17490E+03  0.95700E-06 -0.14477E-06 -0.93143E-07
  0.17520E+03  0.95643E-06 -0.16165E-06 -0.47151E-07
  0.17550E+03  0.95161E-06 -0.17846E-06 -0.17730E-08
  0.17580E+03  0.94261E-06 -0.19521E-06  0.42867E-07
  0.17610E+03  0.92951E-06 -0.21190E-06  0.86593E-07
  0.17640E+03  0.91242E-06 -0.22854E-06  0.12928E-06
  0.17670E+03  0.89148E-06 -0.24511E-06  0.17080E-06
  0.17700E+03  0.86685E-06 -0.26160E-06  0.21101E-06
  0.17730E+03  0.83872E-06 -0.27795E-06  0.24981E-06
  0.17760E+03  0.80728E-06 -0.29411E-06  0.28707E-06
  0.17790E+03  0.77274E-06 -0.31003E-06  0.32271E-06
  0.17820E+03  0.73536E-06 -0.32564E-06  0.35663E-06
  0.17850E+03  0.69537E-06 -0.34084E-06  0.38873E-06
  0.17880E+03  0.65304E-06 -0.35558E-06  0.41896E-06
  0.17910E+03  0.60864E-06 -0.36973E-06  0.44723E-06
  0.17940E+03  0.56243E-06 -0.38325E-06  0.47349E-06
  0.17970E+03  0.51470E-06 -0.39587E-06  0.49768E-06
  0.18000E+03  0.46575E-06 -0.40774E-06  0.51978E-06
  0.18030E+03  0.41585E-06 -0.41853E-06  0.53974E-06
  0.18060E+03  0.36526E-06 -0.42835E-06  0.55753E-06
  0.18090E+03  0.31429E-06 -0.43685E-06  0.57314E-06
  0.18120E+03  0.26319E-06 -0.44407E-06  0.58658E-06
  0.18150E+03  0.21222E-06 -0.45000E-06  0.59781E-06
  0.18180E+03  0.16166E-06 -0.45433E-06  0.60687E-06
  0.18210E+03  0.11171E-06 -0.45719E-06  0.61375E-06
  0.18240E+03  0.62622E-07 -0.45834E-06  0.61849E-06
  0.18270E+03  0.14612E-07 -0.45780E-06  0.62110E-06
  0.18300E+03 -0.32133E-07 -0.45555E-06  0.62163E-06
  0.18330E+03 -0.77421E-07 -0.45148E-06  0.62010E-06
  0.18360E+03 -0.12108E-06 -0.44562E-06  0.61657E-06
  0.18390E+03 -0.16299E-06 -0.43797E-06  0.61109E-06
  0.18420E+03 -0.20298E-06 -0.42835E-06  0.60370E-06
  0.18450E+03 -0.24097E-06 -0.41704E-06  0.59447E-06
  0.18480E+03 -0.27684E-06 -0.40389E-06  0.58348E-06
  0.18510E+03 -0.31052E-06 -0.38898E-06  0.57077E-06
  0.18540E+03 -0.34195E-06 -0.37238E-06  0.55643E-06
  0.18570E+03 -0.37109E-06 -0.35414E-06  0.54053E-06
  0.18600E+03 -0.39790E-06 -0.33433E-06  0.52315E-06
  0.18630E+03 -0.42236E-06 -0.31306E-06  0.50436E-06
  0.18660E+03 -0.44449E-06 -0.29042E-06  0.48427E-06
  0.18690E+03 -0.46429E-06 -0.26653E-06  0.46294E-06
  0.18720E+03 -0.48178E-06 -0.24152E-06  0.44047E-06
  0.18750E+03 -0.49701E-06 -0.21549E-06  0.41695E-06
  0.18780E+03 -0.51002E-06 -0.18865E-06  0.39246E-06
  0.18810E+03 -0.52088E-06 -0.16106E-06  0.36711E-06
  0.18840E+03 -0.52964E-06 -0.13283E-06  0.34098E-06
  0.18870E+03 -0.53637E-06 -0.10428E-06  0.31417E-06
  0.18900E+03 -0.54115E-06 -0.75450E-07  0.28676E-06
  0.18930E+03 -0.54407E-06 -0.46540E-07  0.25886E-06
  0.18960E+03 -0.54519E-06 -0.17570E-07  0.23055E-06
  0.18990E+03 -0.54462E-06  0.11110E-07  0.20194E-06
  0.19020E+03 -0.54244E-06  0.39420E-07  0.17310E-06
  0.19050E+03 -0.53877E-06  0.67160E-07  0.14414E-06
  0.19080E+03 -0.53358E-06  0.94360E-07  0.11515E-06
  0.19110E+03 -0.52712E-06  0.12071E-06  0.86218E-07
  0.19140E+03 -0.51932E-06  0.14613E-06  0.57423E-07
  0.19170E+03 -0.51032E-06  0.17050E-06  0.28861E-07
  0.19200E+03 -0.50021E-06  0.19374E-06  0.61999E-09
  0.19230E+03 -0.48914E-06  0.21571E-06 -0.27225E-07
  0.19260E+03 -0.47703E-06  0.23633E-06 -0.54590E-07
  0.19290E+03 -0.46403E-06  0.25556E-06 -0.81395E-07
  0.19320E+03 -0.45019E-06  0.27325E-06 -0.10757E-06
  0.19350E+03 -0.43555E-06  0.28936E-06 -0.13303E-06
  0.19380E+03 -0.42018E-06  0.30386E-06 -0.15771E-06
  0.19410E+03 -0.40412E-06  0.31671E-06 -0.18154E-06
  0.19440E+03 -0.38743E-06  0.32788E-06 -0.20446E-06
  0.19470E+03 -0.37013E-06  0.33735E-06 -0.22641E-06
  0.19500E+03 -0.35227E-06  0.34513E-06 -0.24734E-06
  0.19530E+03 -0.33388E-06  0.35122E-06 -0.26717E-06
  0.19560E+03 -0.31501E-06  0.35564E-06 -0.28587E-06
  0.19590E+03 -0.29567E-06  0.35843E-06 -0.30340E-06
  0.19620E+03 -0.27589E-06  0.35961E-06 -0.31970E-06
  0.19650E+03 -0.25572E-06  0.35920E-06 -0.33474E-06
  0.19680E+03 -0.23515E-06  0.35730E-06 -0.34848E-06
  0.19710E+03 -0.21425E-06  0.35396E-06 -0.36090E-06
  0.19740E+03 -0.19303E-06  0.34934E-06 -0.37198E-06
  0.19770E+03 -0.17152E-06  0.34333E-06 -0.38168E-06
  0.19800E+03 -0.14974E-06  0.33603E-06 -0.39001E-06
  0.19830E+03 -0.12774E-06  0.32772E-06 -0.39693E-06
  0.19860E+03 -0.10555E-06  0.31826E-06 -0.40246E-06
  0.19890E+03 -0.83213E-07  0.30791E-06 -0.40658E-06
  0.19920E+03 -0.60755E-07  0.29654E-06 -0.40930E-06
  0.19950E+03 -0.38228E-07  0.28447E-06 -0.41063E-06
  0.19980E+03 -0.15677E-07  0.27178E-06 -0.41058E-06
  0.20010E+03  0.68429E-08  0.25831E-06 -0.40916E-06
  0.20040E+03  0.29296E-07  0.24445E-06 -0.40639E-06
  0.20070E+03  0.51624E-07  0.23011E-06 -0.40231E-06
  0.20100E+03  0.73752E-07  0.21538E-06 -0.39694E-06
  0.20130E+03  0.95634E-07  0.20036E-06 -0.39030E-06
  0.20160E+03  0.11721E-06  0.18517E-06 -0.38246E-06
  0.20190E+03  0.13841E-06  0.16987E-06 -0.37344E-06
  0.20220E+03  0.15916E-06  0.15448E-06 -0.36329E-06
  0.20250E+03  0.17941E-06  0.13907E-06 -0.35206E-06
  0.20280E+03  0.19906E-06  0.12374E-06 -0.33979E-06
  0.20310E+03  0.21807E-06  0.10851E-06 -0.32655E-06
  0.20340E+03  0.23636E-06  0.93442E-07 -0.31239E-06
  0.20370E+03  0.25386E-06  0.78575E-07 -0.29737E-06
  0.20400E+03  0.27050E-06  0.63950E-07 -0.28156E-06
  0.20430E+03  0.28621E-06  0.49614E-07 -0.26502E-06
  0.20460E+03  0.30094E-06  0.35577E-07 -0.24781E-06
  0.20490E+03  0.31461E-06  0.21874E-07 -0.23001E-06
  0.20520E+03  0.32717E-06  0.85320E-08 -0.21168E-06
  0.20550E+03  0.33857E-06 -0.44470E-08 -0.19290E-06
  0.20580E+03  0.34874E-06 -0.17022E-07 -0.17373E-06
  0.20610E+03  0.35766E-06 -0.29190E-07 -0.15425E-06
  0.20640E+03  0.36527E-06 -0.41000E-07 -0.13453E-06
  0.20670E+03  0.37154E-06 -0.52280E-07 -0.11464E-06
  0.20700E+03  0.37645E-06 -0.63270E-07 -0.94658E-07
  0.20730E+03  0.37996E-06 -0.73760E-07 -0.74634E-07
  0.20760E+03  0.38207E-06 -0.83810E-07 -0.54667E-07
  0.20790E+03  0.38275E-06 -0.93470E-07 -0.34799E-07
  0.20820E+03  0.38202E-06 -0.10264E-06 -0.15117E-07
  0.20850E+03  0.37987E-06 -0.11148E-06  0.43200E-08
  0.20880E+03  0.37632E-06 -0.11978E-06  0.23457E-07
  0.20910E+03  0.37137E-06 -0.12774E-06  0.42228E-07
  0.20940E+03  0.36508E-06 -0.13532E-06  0.60564E-07
  0.20970E+03  0.35745E-06 -0.14235E-06  0.78411E-07
  0.21000E+03  0.34853E-06 -0.14902E-06  0.95732E-07
  0.21030E+03  0.33838E-06 -0.15529E-06  0.11245E-06
  0.21060E+03  0.32703E-06 -0.16107E-06  0.12854E-06
  0.21090E+03  0.31454E-06 -0.16637E-06  0.14395E-06
  0.21120E+03  0.30099E-06 -0.17133E-06  0.15862E-06
  0.21150E+03  0.28643E-06 -0.17579E-06  0.17254E-06
  0.21180E+03  0.27094E-06 -0.17982E-06  0.18565E-06
  0.21210E+03  0.25460E-06 -0.18338E-06  0.19794E-06
  0.21240E+03  0.23748E-06 -0.18646E-06  0.20936E-06
  0.21270E+03  0.21968E-06 -0.18907E-06  0.21990E-06
  0.21300E+03  0.20127E-06 -0.19121E-06  0.22954E-06
  0.21330E+03  0.18234E-06 -0.19284E-06  0.23825E-06
  0.21360E+03  0.16299E-06 -0.19397E-06  0.24602E-06
  0.21390E+03  0.14330E-06 -0.19458E-06  0.25284E-06
  0.21420E+03  0.12337E-06 -0.19467E-06  0.25871E-06
  0.21450E+03  0.10328E-06 -0.19424E-06  0.26362E-06
  0.21480E+03  0.83113E-07 -0.19327E-06  0.26757E-06
  0.21510E+03  0.62967E-07 -0.19175E-06  0.27056E-06
  0.21540E+03  0.42936E-07 -0.18969E-06  0.27260E-06
  0.21570E+03  0.23090E-07 -0.18708E-06  0.27370E-06
  0.21600E+03  0.35120E-08 -0.18391E-06  0.27387E-06
  0.21630E+03 -0.15719E-07 -0.18019E-06  0.27313E-06
  0.21660E+03 -0.34537E-07 -0.17593E-06  0.27148E-06
  0.21690E+03 -0.52849E-07 -0.17112E-06  0.26896E-06
  0.21720E+03 -0.70615E-07 -0.16578E-06  0.26560E-06
  0.21750E+03 -0.87762E-07 -0.15992E-06  0.26140E-06
  0.21780E+03 -0.10424E-06 -0.15354E-06  0.25640E-06
  0.21810E+03 -0.11998E-06 -0.14667E-06  0.25064E-06
  0.21840E+03 -0.13496E-06 -0.13932E-06  0.24413E-06
  0.21870E+03 -0.14912E-06 -0.13151E-06  0.23693E-06
  0.21900E+03 -0.16244E-06 -0.12328E-06  0.22906E-06
  0.21930E+03 -0.17487E-06 -0.11463E-06  0.22055E-06
  0.21960E+03 -0.18640E-06 -0.10562E-06  0.21146E-06
  0.21990E+03 -0.19700E-06 -0.96246E-07  0.20181E-06
  0.22020E+03 -0.20666E-06 -0.86570E-07  0.19165E-06
  0.22050E+03 -0.21536E-06 -0.76625E-07  0.18101E-06
  0.22080E+03 -0.22310E-06 -0.66442E-07  0.16996E-06
  0.22110E+03 -0.22987E-06 -0.56053E-07  0.15851E-06
  0.22140E+03 -0.23568E-06 -0.45518E-07  0.14672E-06
  0.22170E+03 -0.24054E-06 -0.34864E-07  0.13462E-06
  0.22200E+03 -0.24445E-06 -0.24141E-07  0.12229E-06
  0.22230E+03 -0.24744E-06 -0.13393E-07  0.10973E-06
  0.22260E+03 -0.24950E-06 -0.26680E-08  0.97008E-07
  0.22290E+03 -0.25067E-06  0.79890E-08  0.84172E-07
  0.22320E+03 -0.25098E-06  0.18550E-07  0.71251E-07
  0.22350E+03 -0.25043E-06  0.28943E-07  0.58283E-07
  0.22380E+03 -0.24906E-06  0.39144E-07  0.45337E-07
  0.22410E+03 -0.24691E-06  0.49104E-07  0.32427E-07
  0.22440E+03 -0.24399E-06  0.58781E-07  0.19608E-07
  0.22470E+03 -0.24035E-06  0.68135E-07  0.69166E-08
  0.22500E+03 -0.23601E-06  0.77135E-07 -0.56060E-08
  0.22530E+03 -0.23102E-06  0.85734E-07 -0.17926E-07
  0.22560E+03 -0.22539E-06  0.93912E-07 -0.30007E-07
  0.22590E+03 -0.21919E-06  0.10162E-06 -0.41813E-07
  0.22620E+03 -0.21242E-06  0.10883E-06 -0.53302E-07
  0.22650E+03 -0.20514E-06  0.11554E-06 -0.64455E-07
  0.22680E+03 -0.19738E-06  0.12171E-06 -0.75231E-07
  0.22710E+03 -0.18918E-06  0.12731E-06 -0.85604E-07
  0.22740E+03 -0.18056E-06  0.13234E-06 -0.95549E-07
  0.22770E+03 -0.17157E-06  0.13679E-06 -0.10504E-06
  0.22800E+03 -0.16224E-06  0.14063E-06 -0.11405E-06
  0.22830E+03 -0.15260E-06  0.14387E-06 -0.12255E-06
  0.22860E+03 -0.14269E-06  0.14649E-06 -0.13053E-06
  0.22890E+03 -0.13254E-06  0.14850E-06 -0.13798E-06
  0.22920E+03 -0.12218E-06  0.14990E-06 -0.14486E-06
  0.22950E+03 -0.11165E-06  0.15070E-06 -0.15117E-06
  0.22980E+03 -0.10097E-06  0.15090E-06 -0.15690E-06
  0.23010E+03 -0.90177E-07  0.15052E-06 -0.16202E-06
  0.23040E+03 -0.79301E-07  0.14957E-06 -0.16654E-06
  0.23070E+03 -0.68364E-07  0.14806E-06 -0.17046E-06
  0.23100E+03 -0.57405E-07  0.14602E-06 -0.17376E-06
  0.23130E+03 -0.46446E-07  0.14346E-06 -0.17644E-06
  0.23160E+03 -0.35516E-07  0.14041E-06 -0.17851E-06
  0.23190E+03 -0.24641E-07  0.13689E-06 -0.17995E-06
  0.23220E+03 -0.13847E-07  0.13293E-06 -0.18078E-06
  0.23250E+03 -0.31614E-08  0.12855E-06 -0.18100E-06
  0.23280E+03  0.73905E-08  0.12379E-06 -0.18063E-06
  0.23310E+03  0.17784E-07  0.11866E-06 -0.17966E-06
  0.23340E+03  0.27994E-07  0.11322E-06 -0.17811E-06
  0.23370E+03  0.37993E-07  0.10747E-06 -0.17599E-06
  0.23400E+03  0.47762E-07  0.10147E-06 -0.17333E-06
  0.23430E+03  0.57285E-07  0.95227E-07 -0.17012E-06
  0.23460E+03  0.66517E-07  0.88781E-07 -0.16639E-06
  0.23490E+03  0.75456E-07  0.82162E-07 -0.16217E-06
  0.23520E+03  0.84070E-07  0.75413E-07 -0.15746E-06
  0.23550E+03  0.92347E-07  0.68540E-07 -0.15230E-06
  0.23580E+03  0.10024E-06  0.61586E-07 -0.14671E-06
  0.23610E+03  0.10777E-06  0.54584E-07 -0.14070E-06
  0.23640E+03  0.11489E-06  0.47547E-07 -0.13431E-06
  0.23670E+03  0.12158E-06  0.40517E-07 -0.12757E-06
  0.23700E+03  0.12783E-06  0.33504E-07 -0.12049E-06
  0.23730E+03  0.13364E-06  0.26545E-07 -0.11310E-06
  0.23760E+03  0.13896E-06  0.19658E-07 -0.10545E-06
  0.23790E+03  0.14380E-06  0.12859E-07 -0.97559E-07
  0.23820E+03  0.14814E-06  0.61830E-08 -0.89445E-07
  0.23850E+03  0.15197E-06 -0.36201E-09 -0.81150E-07
  0.23880E+03  0.15529E-06 -0.67620E-08 -0.72701E-07
  0.23910E+03  0.15806E-06 -0.12987E-07 -0.64129E-07
  0.23940E+03  0.16031E-06 -0.19037E-07 -0.55461E-07
  0.23970E+03  0.16201E-06 -0.24890E-07 -0.46739E-07
  0.24000E+03  0.16317E-06 -0.30534E-07 -0.37980E-07
  0.24030E+03  0.16378E-06 -0.35960E-07 -0.29215E-07
  0.24060E+03  0.16384E-06 -0.41159E-07 -0.20482E-07
  0.24090E+03  0.16336E-06 -0.46123E-07 -0.11810E-07
  0.24120E+03  0.16234E-06 -0.50840E-07 -0.32250E-08
  0.24150E+03  0.16078E-06 -0.55300E-07  0.52570E-08
  0.24180E+03  0.15869E-06 -0.59500E-07  0.13590E-07
  0.24210E+03  0.15610E-06 -0.63440E-07  0.21756E-07
  0.24240E+03  0.15299E-06 -0.67110E-07  0.29737E-07
  0.24270E+03  0.14938E-06 -0.70519E-07  0.37495E-07
  0.24300E+03  0.14531E-06 -0.73652E-07  0.45014E-07
  0.24330E+03  0.14078E-06 -0.76508E-07  0.52271E-07
  0.24360E+03  0.13580E-06 -0.79086E-07  0.59253E-07
  0.24390E+03  0.13042E-06 -0.81392E-07  0.65927E-07
  0.24420E+03  0.12463E-06 -0.83414E-07  0.72283E-07
  0.24450E+03  0.11846E-06 -0.85167E-07  0.78301E-07
  0.24480E+03  0.11196E-06 -0.86642E-07  0.83973E-07
  0.24510E+03  0.10514E-06 -0.87838E-07  0.89274E-07
  0.24540E+03  0.98049E-07 -0.88768E-07  0.94193E-07
  0.24570E+03  0.90674E-07 -0.89422E-07  0.98730E-07
  0.24600E+03  0.83012E-07 -0.89809E-07  0.10286E-06
  0.24630E+03  0.75278E-07 -0.89931E-07  0.10659E-06
  0.24660E+03  0.67230E-07 -0.89790E-07  0.10990E-06
  0.24690E+03  0.59133E-07 -0.89391E-07  0.11280E-06
  0.24720E+03  0.50909E-07 -0.88741E-07  0.11527E-06
  0.24750E+03  0.42617E-07 -0.87832E-07  0.11733E-06
  0.24780E+03  0.34275E-07 -0.86677E-07  0.11895E-06
  0.24810E+03  0.25932E-07 -0.85288E-07  0.12016E-06
  0.24840E+03  0.17607E-07 -0.83661E-07  0.12095E-06
  0.24870E+03  0.93260E-08 -0.81810E-07  0.12131E-06
  0.24900E+03  0.11470E-08 -0.79733E-07  0.12127E-06
  0.24930E+03 -0.69270E-08 -0.77436E-07  0.12083E-06
  0.24960E+03 -0.14863E-07 -0.74940E-07  0.11998E-06
  0.24990E+03 -0.22618E-07 -0.72242E-07  0.11875E-06
  0.25020E+03 -0.30179E-07 -0.69342E-07  0.11714E-06
  0.25050E+03 -0.37522E-07 -0.66270E-07  0.11517E-06
  0.25080E+03 -0.44611E-07 -0.63021E-07  0.11284E-06
  0.25110E+03 -0.51424E-07 -0.59604E-07  0.11017E-06
  0.25140E+03 -0.57952E-07 -0.56048E-07  0.10718E-06
  0.25170E+03 -0.64166E-07 -0.52340E-07  0.10387E-06
  0.25200E+03 -0.70059E-07 -0.48495E-07  0.10027E-06
  0.25230E+03 -0.75595E-07 -0.44540E-07  0.96390E-07
  0.25260E+03 -0.80777E-07 -0.40477E-07  0.92248E-07
  0.25290E+03 -0.85588E-07 -0.36326E-07  0.87873E-07
  0.25320E+03 -0.90017E-07 -0.32083E-07  0.83257E-07
  0.25350E+03 -0.94041E-07 -0.27784E-07  0.78451E-07
  0.25380E+03 -0.97676E-07 -0.23435E-07  0.73447E-07
  0.25410E+03 -0.10091E-06 -0.19035E-07  0.68281E-07
  0.25440E+03 -0.10371E-06 -0.14623E-07  0.62966E-07
  0.25470E+03 -0.10612E-06 -0.10203E-07  0.57515E-07
  0.25500E+03 -0.10811E-06 -0.57840E-08  0.51973E-07
  0.25530E+03 -0.10969E-06 -0.13880E-08  0.46334E-07
  0.25560E+03 -0.11087E-06  0.29760E-08  0.40620E-07
  0.25590E+03 -0.11164E-06  0.72869E-08  0.34867E-07
  0.25620E+03 -0.11200E-06  0.11532E-07  0.29090E-07
  0.25650E+03 -0.11198E-06  0.15696E-07  0.23299E-07
  0.25680E+03 -0.11158E-06  0.19767E-07  0.17521E-07
  0.25710E+03 -0.11079E-06  0.23730E-07  0.11771E-07
  0.25740E+03 -0.10966E-06  0.27574E-07  0.60694E-08
  0.25770E+03 -0.10816E-06  0.31276E-07  0.43400E-09
  0.25800E+03 -0.10633E-06  0.34836E-07 -0.51178E-08
  0.25830E+03 -0.10418E-06  0.38237E-07 -0.10570E-07
  0.25860E+03 -0.10171E-06  0.41463E-07 -0.15904E-07
  0.25890E+03 -0.98951E-07  0.44511E-07 -0.21106E-07
  0.25920E+03 -0.95912E-07  0.47377E-07 -0.26160E-07
  0.25950E+03 -0.92609E-07  0.50036E-07 -0.31052E-07
  0.25980E+03 -0.89060E-07  0.52478E-07 -0.35767E-07
  0.26010E+03 -0.85287E-07  0.54720E-07 -0.40293E-07
  0.26040E+03 -0.81290E-07  0.56731E-07 -0.44621E-07
  0.26070E+03 -0.77104E-07  0.58522E-07 -0.48742E-07
  0.26100E+03 -0.72745E-07  0.60078E-07 -0.52633E-07
  0.26130E+03 -0.68224E-07  0.61401E-07 -0.56294E-07
  0.26160E+03 -0.63561E-07  0.62487E-07 -0.59721E-07
  0.26190E+03 -0.58780E-07  0.63334E-07 -0.62896E-07
  0.26220E+03 -0.53890E-07  0.63942E-07 -0.65821E-07
  0.26250E+03 -0.48907E-07  0.64314E-07 -0.68481E-07
  0.26280E+03 -0.43862E-07  0.64456E-07 -0.70875E-07
  0.26310E+03 -0.38757E-07  0.64354E-07 -0.73002E-07
  0.26340E+03 -0.33624E-07  0.64032E-07 -0.74856E-07
  0.26370E+03 -0.28461E-07  0.63480E-07 -0.76436E-07
  0.26400E+03 -0.23299E-07  0.62709E-07 -0.77741E-07
  0.26430E+03 -0.18150E-07  0.61724E-07 -0.78769E-07
  0.26460E+03 -0.13037E-07  0.60534E-07 -0.79524E-07
  0.26490E+03 -0.79560E-08  0.59154E-07 -0.80004E-07
  0.26520E+03 -0.29310E-08  0.57570E-07 -0.80213E-07
  0.26550E+03  0.20160E-08  0.55818E-07 -0.80154E-07
  0.26580E+03  0.68850E-08  0.53879E-07 -0.79830E-07
  0.26610E+03  0.11656E-07  0.51795E-07 -0.79248E-07
  0.26640E+03  0.16309E-07  0.49551E-07 -0.78412E-07
  0.26670E+03  0.20840E-07  0.47178E-07 -0.77328E-07
  0.26700E+03  0.25240E-07  0.44667E-07 -0.76004E-07
  0.26730E+03  0.29493E-07  0.42046E-07 -0.74448E-07
  0.26760E+03  0.33595E-07  0.39316E-07 -0.72668E-07
  0.26790E+03  0.37522E-07  0.36503E-07 -0.70673E-07
  0.26820E+03  0.41279E-07  0.33603E-07 -0.68473E-07
  0.26850E+03  0.44851E-07  0.30639E-07 -0.66077E-07
  0.26880E+03  0.48230E-07  0.27619E-07 -0.63497E-07
  0.26910E+03  0.51404E-07  0.24558E-07 -0.60744E-07
  0.26940E+03  0.54386E-07  0.21471E-07 -0.57828E-07
  0.26970E+03  0.57141E-07  0.18359E-07 -0.54762E-07
  0.27000E+03  0.59684E-07  0.15241E-07 -0.51561E-07
  0.27030E+03  0.62003E-07  0.12127E-07 -0.48231E-07
  0.27060E+03  0.64094E-07  0.90250E-08 -0.44786E-07
  0.27090E+03  0.65954E-07  0.59470E-08 -0.41246E-07
  0.27120E+03  0.67580E-07  0.29140E-08 -0.37624E-07
  0.27150E+03  0.68969E-07 -0.78984E-10 -0.33925E-07
  0.27180E+03  0.70120E-07 -0.30160E-08 -0.30167E-07
  0.27210E+03  0.71032E-07 -0.58810E-08 -0.26361E-07
  0.27240E+03  0.71705E-07 -0.86780E-08 -0.22524E-07
  0.27270E+03  0.72139E-07 -0.11397E-07 -0.18665E-07
  0.27300E+03  0.72335E-07 -0.14025E-07 -0.14809E-07
  0.27330E+03  0.72296E-07 -0.16565E-07 -0.10948E-07
  0.27360E+03  0.72023E-07 -0.18997E-07 -0.71120E-08
  0.27390E+03  0.71520E-07 -0.21315E-07 -0.33050E-08
  0.27420E+03  0.70792E-07 -0.23529E-07  0.45699E-09
  0.27450E+03  0.69837E-07 -0.25623E-07  0.41620E-08
  0.27480E+03  0.68672E-07 -0.27593E-07  0.78060E-08
  0.27510E+03  0.67302E-07 -0.29437E-07  0.11366E-07
  0.27540E+03  0.65722E-07 -0.31152E-07  0.14838E-07
  0.27570E+03  0.63942E-07 -0.32732E-07  0.18214E-07
  0.27600E+03  0.61978E-07 -0.34182E-07  0.21473E-07
  0.27630E+03  0.59834E-07 -0.35495E-07  0.24612E-07
  0.27660E+03  0.57512E-07 -0.36671E-07  0.27628E-07
  0.27690E+03  0.55029E-07 -0.37702E-07  0.30505E-07
  0.27720E+03  0.52405E-07 -0.38600E-07  0.33243E-07
  0.27750E+03  0.49623E-07 -0.39363E-07  0.35828E-07
  0.27780E+03  0.46726E-07 -0.39984E-07  0.38255E-07
  0.27810E+03  0.43696E-07 -0.40466E-07  0.40519E-07
  0.27840E+03  0.40559E-07 -0.40813E-07  0.42612E-07
  0.27870E+03  0.37329E-07 -0.41024E-07  0.44540E-07
  0.27900E+03  0.34021E-07 -0.41102E-07  0.46285E-07
  0.27930E+03  0.30630E-07 -0.41049E-07  0.47853E-07
  0.27960E+03  0.27180E-07 -0.40867E-07  0.49240E-07
  0.27990E+03  0.23685E-07 -0.40563E-07  0.50431E-07
  0.28020E+03  0.20157E-07 -0.40131E-07  0.51444E-07
  0.28050E+03  0.16599E-07 -0.39584E-07  0.52270E-07
  0.28080E+03  0.13044E-07 -0.38912E-07  0.52916E-07
  0.28110E+03  0.94820E-08 -0.38139E-07  0.53372E-07
  0.28140E+03  0.59350E-08 -0.37253E-07  0.53637E-07
  0.28170E+03  0.24210E-08 -0.36262E-07  0.53725E-07
  0.28200E+03 -0.10560E-08 -0.35176E-07  0.53629E-07
  0.28230E+03 -0.44886E-08 -0.33992E-07  0.53357E-07
  0.28260E+03 -0.78541E-08 -0.32722E-07  0.52911E-07
  0.28290E+03 -0.11146E-07 -0.31366E-07  0.52296E-07
  0.28320E+03 -0.14355E-07 -0.29927E-07  0.51526E-07
  0.28350E+03 -0.17472E-07 -0.28421E-07  0.50581E-07
  0.28380E+03 -0.20482E-07 -0.26845E-07  0.49487E-07
  0.28410E+03 -0.23374E-07 -0.25200E-07  0.48246E-07
  0.28440E+03 -0.26156E-07 -0.23503E-07  0.46862E-07
  0.28470E+03 -0.28797E-07 -0.21754E-07  0.45343E-07
  0.28500E+03 -0.31308E-07 -0.19953E-07  0.43698E-07
  0.28530E+03 -0.33671E-07 -0.18116E-07  0.41929E-07
  0.28560E+03 -0.35887E-07 -0.16250E-07  0.40048E-07
  0.28590E+03 -0.37947E-07 -0.14351E-07  0.38065E-07
  0.28620E+03 -0.39846E-07 -0.12430E-07  0.35990E-07
  0.28650E+03 -0.41583E-07 -0.10495E-07  0.33824E-07
  0.28680E+03 -0.43155E-07 -0.85486E-08  0.31578E-07
  0.28710E+03 -0.44555E-07 -0.65976E-08  0.29263E-07
  0.28740E+03 -0.45772E-07 -0.46498E-08  0.26887E-07
  0.28770E+03 -0.46829E-07 -0.27094E-08  0.24457E-07
  0.28800E+03 -0.47698E-07 -0.78320E-09  0.21990E-07
  0.28830E+03 -0.48399E-07  0.11226E-08  0.19482E-07
  0.28860E+03 -0.48927E-07  0.30026E-08  0.16949E-07
  0.28890E+03 -0.49275E-07  0.48507E-08  0.14397E-07
  0.28920E+03 -0.49455E-07  0.66646E-08  0.11841E-07
  0.28950E+03 -0.49456E-07  0.84322E-08  0.92870E-08
  0.28980E+03 -0.49304E-07  0.10147E-07  0.67350E-08
  0.29010E+03 -0.48972E-07  0.11810E-07  0.42040E-08
  0.29040E+03 -0.48486E-07  0.13420E-07  0.16900E-08
  0.29070E+03 -0.47844E-07  0.14959E-07 -0.78998E-09
  0.29100E+03 -0.47050E-07  0.16432E-07 -0.32230E-08
  0.29130E+03 -0.46108E-07  0.17830E-07 -0.56260E-08
  0.29160E+03 -0.45024E-07  0.19151E-07 -0.79650E-08
  0.29190E+03 -0.43806E-07  0.20391E-07 -0.10247E-07
  0.29220E+03 -0.42453E-07  0.21546E-07 -0.12463E-07
  0.29250E+03 -0.40986E-07  0.22611E-07 -0.14607E-07
  0.29280E+03 -0.39398E-07  0.23586E-07 -0.16676E-07
  0.29310E+03 -0.37702E-07  0.24466E-07 -0.18654E-07
  0.29340E+03 -0.35901E-07  0.25250E-07 -0.20557E-07
  0.29370E+03 -0.34019E-07  0.25937E-07 -0.22357E-07
  0.29400E+03 -0.32037E-07  0.26524E-07 -0.24060E-07
  0.29430E+03 -0.29989E-07  0.27012E-07 -0.25665E-07
  0.29460E+03 -0.27859E-07  0.27400E-07 -0.27155E-07
  0.29490E+03 -0.25683E-07  0.27683E-07 -0.28543E-07
  0.29520E+03 -0.23445E-07  0.27862E-07 -0.29819E-07
  0.29550E+03 -0.21171E-07  0.27950E-07 -0.30976E-07
  0.29580E+03 -0.18854E-07  0.27939E-07 -0.32016E-07
  0.29610E+03 -0.16516E-07  0.27826E-07 -0.32935E-07
  0.29640E+03 -0.14155E-07  0.27616E-07 -0.33731E-07
  0.29670E+03 -0.11789E-07  0.27316E-07 -0.34404E-07
  0.29700E+03 -0.94170E-08  0.26923E-07 -0.34953E-07
  0.29730E+03 -0.70490E-08  0.26440E-07 -0.35376E-07
  0.29760E+03 -0.47080E-08  0.25879E-07 -0.35674E-07
  0.29790E+03 -0.23790E-08  0.25237E-07 -0.35848E-07
  0.29820E+03 -0.87027E-10  0.24510E-07 -0.35899E-07
  0.29850E+03  0.21750E-08  0.23716E-07 -0.35828E-07
  0.29880E+03  0.43960E-08  0.22848E-07 -0.35636E-07
  0.29910E+03  0.65540E-08  0.21917E-07 -0.35326E-07
  0.29940E+03  0.86660E-08  0.20925E-07 -0.34902E-07
  0.29970E+03  0.10713E-07  0.19878E-07 -0.34364E-07
  0.30000E+03  0.12684E-07  0.18778E-07 -0.33717E-07
  0.30030E+03  0.14585E-07  0.17632E-07 -0.32966E-07
  0.30060E+03  0.16412E-07  0.16444E-07 -0.32114E-07
  0.30090E+03  0.18153E-07  0.15219E-07 -0.31165E-07
  0.30120E+03  0.19806E-07  0.13961E-07 -0.30125E-07
  0.30150E+03  0.21363E-07  0.12676E-07 -0.28999E-07
  0.30180E+03  0.22830E-07  0.11369E-07 -0.27792E-07
  0.30210E+03  0.24202E-07  0.10044E-07 -0.26509E-07
  0.30240E+03  0.25475E-07  0.87090E-08 -0.25150E-07
  0.30270E+03  0.26637E-07  0.73670E-08 -0.23739E-07
  0.30300E+03  0.27703E-07  0.60160E-08 -0.22264E-07
  0.30330E+03  0.28654E-07  0.46720E-08 -0.20736E-07
  0.30360E+03  0.29502E-07  0.33310E-08 -0.19164E-07
  0.30390E+03  0.30237E-07  0.20010E-08 -0.17548E-07
  0.30420E+03  0.30864E-07  0.68201E-09 -0.15893E-07
  0.30450E+03  0.31389E-07 -0.61701E-09 -0.14219E-07
  0.30480E+03  0.31796E-07 -0.18880E-08 -0.12523E-07
  0.30510E+03  0.32095E-07 -0.31280E-08 -0.10802E-07
  0.30540E+03  0.32289E-07 -0.43410E-08 -0.90730E-08
  0.30570E+03  0.32365E-07 -0.55200E-08 -0.73420E-08
  0.30600E+03  0.32341E-07 -0.66654E-08 -0.56180E-08
  0.30630E+03  0.32213E-07 -0.77642E-08 -0.38980E-08
  0.30660E+03 -0.19895E-11  0.20606E-12 -0.40075E-11
  0.30690E+03  0.39790E-11  0.99476E-13  0.99476E-12
