  0.00000E+00 -0.17547E-11  0.90623E-12  0.27888E-11
  0.30000E+00 -0.49465E-11  0.25551E-11  0.78627E-11
  0.60000E+00 -0.11197E-10  0.57847E-11  0.17799E-10
  0.90000E+00 -0.21853E-10  0.11293E-10  0.34736E-10
  0.12000E+01 -0.38344E-10  0.19817E-10  0.60942E-10
  0.15000E+01 -0.62099E-10  0.32100E-10  0.98685E-10
  0.18000E+01 -0.94483E-10  0.48838E-10  0.15011E-09
  0.21000E+01 -0.13670E-09  0.70661E-10  0.21715E-09
  0.24000E+01 -0.18977E-09  0.98076E-10  0.30139E-09
  0.27000E+01 -0.25437E-09  0.13146E-09  0.40400E-09
  0.30000E+01 -0.33103E-09  0.17104E-09  0.52566E-09
  0.33000E+01 -0.41980E-09  0.21687E-09  0.66652E-09
  0.36000E+01 -0.52037E-09  0.26873E-09  0.82614E-09
  0.39000E+01 -0.63210E-09  0.32638E-09  0.10035E-08
  0.42000E+01 -0.75378E-09  0.38915E-09  0.11968E-08
  0.45000E+01 -0.88429E-09  0.45635E-09  0.14040E-08
  0.48000E+01 -0.10214E-08  0.52706E-09  0.16219E-08
  0.51000E+01 -0.11626E-08  0.60001E-09  0.18474E-08
  0.54000E+01 -0.13058E-08  0.67383E-09  0.20761E-08
  0.57000E+01 -0.14486E-08  0.74736E-09  0.23039E-08
  0.60000E+01 -0.15871E-08  0.81861E-09  0.25258E-08
  0.63000E+01 -0.17195E-08  0.88618E-09  0.27366E-08
  0.66000E+01 -0.18399E-08  0.94819E-09  0.29311E-08
  0.69000E+01 -0.19471E-08  0.10029E-08  0.31037E-08
  0.72000E+01 -0.20364E-08  0.10483E-08  0.32485E-08
  0.75000E+01 -0.21053E-08  0.10827E-08  0.33614E-08
  0.78000E+01 -0.21504E-08  0.11044E-08  0.34357E-08
  0.81000E+01 -0.21675E-08  0.11118E-08  0.34676E-08
  0.84000E+01 -0.21561E-08  0.11034E-08  0.34523E-08
  0.87000E+01 -0.21115E-08  0.10779E-08  0.33846E-08
  0.90000E+01 -0.20320E-08  0.10344E-08  0.32628E-08
  0.93000E+01 -0.19166E-08  0.97150E-09  0.30828E-08
  0.96000E+01 -0.17640E-08  0.88920E-09  0.28436E-08
  0.99000E+01 -0.15739E-08  0.78640E-09  0.25440E-08
  0.10200E+02 -0.13449E-08  0.66480E-09  0.21828E-08
  0.10500E+02 -0.10782E-08  0.52190E-09  0.17604E-08
  0.10800E+02 -0.77460E-09  0.36080E-09  0.12797E-08
  0.11100E+02 -0.43550E-09  0.18110E-09  0.74150E-09
  0.11400E+02 -0.63580E-10 -0.15600E-10  0.15040E-09
  0.11700E+02  0.33890E-09 -0.22750E-09 -0.48970E-09
  0.12000E+02  0.76890E-09 -0.45420E-09 -0.11746E-08
  0.12300E+02  0.12214E-08 -0.69210E-09 -0.18974E-08
  0.12600E+02  0.16944E-08 -0.93920E-09 -0.26514E-08
  0.12900E+02  0.21811E-08 -0.11938E-08 -0.34299E-08
  0.13200E+02  0.26776E-08 -0.14529E-08 -0.42250E-08
  0.13500E+02  0.31782E-08 -0.17132E-08 -0.50268E-08
  0.13800E+02  0.36769E-08 -0.19711E-08 -0.58272E-08
  0.14100E+02  0.41686E-08 -0.22254E-08 -0.66168E-08
  0.14400E+02  0.46464E-08 -0.24707E-08 -0.73860E-08
  0.14700E+02  0.51056E-08 -0.27054E-08 -0.81251E-08
  0.15000E+02  0.55410E-08 -0.29261E-08 -0.88246E-08
  0.15300E+02  0.59400E-08 -0.31293E-08 -0.94749E-08
  0.15600E+02  0.63020E-08 -0.33125E-08 -0.10067E-07
  0.15900E+02  0.66330E-08 -0.34713E-08 -0.10591E-07
  0.16200E+02  0.68990E-08 -0.36059E-08 -0.11041E-07
  0.16500E+02  0.71300E-08 -0.37115E-08 -0.11407E-07
  0.16800E+02  0.72880E-08 -0.37863E-08 -0.11684E-07
  0.17100E+02  0.73970E-08 -0.38296E-08 -0.11863E-07
  0.17400E+02  0.74410E-08 -0.38387E-08 -0.11941E-07
  0.17700E+02  0.74190E-08 -0.38132E-08 -0.11913E-07
  0.18000E+02  0.73220E-08 -0.37513E-08 -0.11778E-07
  0.18300E+02  0.71560E-08 -0.36525E-08 -0.11530E-07
  0.18600E+02  0.69270E-08 -0.35175E-08 -0.11170E-07
  0.18900E+02  0.66290E-08 -0.33462E-08 -0.10698E-07
  0.19200E+02  0.62580E-08 -0.31383E-08 -0.10117E-07
  0.19500E+02  0.58257E-08 -0.28970E-08 -0.94259E-08
  0.19800E+02  0.53196E-08 -0.26190E-08 -0.86322E-08
  0.20100E+02  0.47562E-08 -0.23160E-08 -0.77380E-08
  0.20400E+02  0.41357E-08 -0.19760E-08 -0.67514E-08
  0.20700E+02  0.34625E-08 -0.16160E-08 -0.56781E-08
  0.21000E+02  0.27404E-08 -0.12300E-08 -0.45275E-08
  0.21300E+02  0.19769E-08 -0.82200E-09 -0.33064E-08
  0.21600E+02  0.11765E-08 -0.39800E-09 -0.20262E-08
  0.21900E+02  0.34640E-09  0.46001E-10 -0.69680E-09
  0.22200E+02 -0.50590E-09  0.48900E-09  0.66980E-09
  0.22500E+02 -0.13744E-08  0.94600E-09  0.20638E-08
  0.22800E+02 -0.22499E-08  0.14030E-08  0.34716E-08
  0.23100E+02 -0.31294E-08  0.18600E-08  0.48819E-08
  0.23400E+02 -0.39940E-08  0.23160E-08  0.62822E-08
  0.23700E+02 -0.48490E-08  0.27480E-08  0.76589E-08
  0.24000E+02 -0.56830E-08  0.31780E-08  0.90016E-08
  0.24300E+02 -0.64850E-08  0.35920E-08  0.10297E-07
  0.24600E+02 -0.72470E-08  0.39710E-08  0.11534E-07
  0.24900E+02 -0.79630E-08  0.43390E-08  0.12701E-07
  0.25200E+02 -0.86310E-08  0.46740E-08  0.13787E-07
  0.25500E+02 -0.92410E-08  0.49710E-08  0.14783E-07
  0.25800E+02 -0.97970E-08  0.52370E-08  0.15680E-07
  0.26100E+02 -0.10272E-07  0.54710E-08  0.16469E-07
  0.26400E+02 -0.10681E-07  0.56610E-08  0.17143E-07
  0.26700E+02 -0.11022E-07  0.58200E-08  0.17696E-07
  0.27000E+02 -0.11277E-07  0.59210E-08  0.18122E-07
  0.27300E+02 -0.11452E-07  0.59908E-08  0.18418E-07
  0.27600E+02 -0.11539E-07  0.60121E-08  0.18581E-07
  0.27900E+02 -0.11546E-07  0.59889E-08  0.18609E-07
  0.28200E+02 -0.11466E-07  0.59228E-08  0.18503E-07
  0.28500E+02 -0.11307E-07  0.58119E-08  0.18261E-07
  0.28800E+02 -0.11070E-07  0.56592E-08  0.17888E-07
  0.29100E+02 -0.10744E-07  0.54649E-08  0.17385E-07
  0.29400E+02 -0.10348E-07  0.52304E-08  0.16757E-07
  0.29700E+02 -0.98670E-08  0.49584E-08  0.16009E-07
  0.30000E+02 -0.93330E-08  0.46506E-08  0.15147E-07
  0.30300E+02 -0.87230E-08  0.43060E-08  0.14179E-07
  0.30600E+02 -0.80560E-08  0.39400E-08  0.13114E-07
  0.30900E+02 -0.73330E-08  0.35430E-08  0.11959E-07
  0.31200E+02 -0.65625E-08  0.31200E-08  0.10724E-07
  0.31500E+02 -0.57448E-08  0.26750E-08  0.94198E-08
  0.31800E+02 -0.48961E-08  0.22250E-08  0.80568E-08
  0.32100E+02 -0.40182E-08  0.17550E-08  0.66450E-08
  0.32400E+02 -0.31191E-08  0.12770E-08  0.51978E-08
  0.32700E+02 -0.22051E-08  0.78902E-09  0.37253E-08
  0.33000E+02 -0.12845E-08  0.30599E-09  0.22395E-08
  0.33300E+02 -0.36320E-09 -0.18500E-09  0.75130E-09
  0.33600E+02  0.55150E-09 -0.66200E-09 -0.72841E-09
  0.33900E+02  0.14560E-08 -0.11250E-08 -0.21866E-08
  0.34200E+02  0.23290E-08 -0.15860E-08 -0.36149E-08
  0.34500E+02  0.31890E-08 -0.20210E-08 -0.49985E-08
  0.34800E+02  0.40050E-08 -0.24630E-08 -0.63049E-08
  0.35100E+02  0.47800E-08 -0.29320E-08 -0.74522E-08
  0.35400E+02  0.54830E-08 -0.35340E-08 -0.82987E-08
  0.35700E+02  0.60920E-08 -0.44480E-08 -0.86640E-08
  0.36000E+02  0.65590E-08 -0.58610E-08 -0.83643E-08
  0.36300E+02  0.68550E-08 -0.80150E-08 -0.72330E-08
  0.36600E+02  0.69190E-08 -0.11141E-07 -0.51426E-08
  0.36900E+02  0.67230E-08 -0.15426E-07 -0.20053E-08
  0.37200E+02  0.62300E-08 -0.21031E-07  0.22229E-08
  0.37500E+02  0.54080E-08 -0.28042E-07  0.75384E-08
  0.37800E+02  0.42470E-08 -0.36521E-07  0.13892E-07
  0.38100E+02  0.27090E-08 -0.46470E-07  0.21188E-07
  0.38400E+02  0.81002E-09 -0.57810E-07  0.29284E-07
  0.38700E+02 -0.14580E-08 -0.70434E-07  0.37990E-07
  0.39000E+02 -0.40810E-08 -0.84136E-07  0.47035E-07
  0.39300E+02 -0.70160E-08 -0.98627E-07  0.56068E-07
  0.39600E+02 -0.10228E-07 -0.11350E-06  0.64635E-07
  0.39900E+02 -0.13630E-07 -0.12820E-06  0.72212E-07
  0.40200E+02 -0.17134E-07 -0.14208E-06  0.78195E-07
  0.40500E+02 -0.20631E-07 -0.15439E-06  0.82064E-07
  0.40800E+02 -0.24011E-07 -0.16446E-06  0.83374E-07
  0.41100E+02 -0.27170E-07 -0.17167E-06  0.81875E-07
  0.41400E+02 -0.30025E-07 -0.17567E-06  0.77559E-07
  0.41700E+02 -0.32578E-07 -0.17647E-06  0.70825E-07
  0.42000E+02 -0.34852E-07 -0.17457E-06  0.62331E-07
  0.42300E+02 -0.36932E-07 -0.17063E-06  0.52575E-07
  0.42600E+02 -0.38875E-07 -0.16519E-06  0.41639E-07
  0.42900E+02 -0.40677E-07 -0.15840E-06  0.29350E-07
  0.43200E+02 -0.42292E-07 -0.15009E-06  0.15593E-07
  0.43500E+02 -0.43660E-07 -0.14005E-06  0.45520E-09
  0.43800E+02 -0.44738E-07 -0.12816E-06 -0.15861E-07
  0.44100E+02 -0.45494E-07 -0.11440E-06 -0.33152E-07
  0.44400E+02 -0.45903E-07 -0.98809E-07 -0.51252E-07
  0.44700E+02 -0.45939E-07 -0.81415E-07 -0.69991E-07
  0.45000E+02 -0.45575E-07 -0.62233E-07 -0.89158E-07
  0.45300E+02 -0.44779E-07 -0.41250E-07 -0.10849E-06
  0.45600E+02 -0.43508E-07 -0.18385E-07 -0.12782E-06
  0.45900E+02 -0.41718E-07  0.64520E-08 -0.14701E-06
  0.46200E+02 -0.39361E-07  0.33341E-07 -0.16594E-06
  0.46500E+02 -0.36393E-07  0.62371E-07 -0.18457E-06
  0.46800E+02 -0.32761E-07  0.93618E-07 -0.20291E-06
  0.47100E+02 -0.28406E-07  0.12725E-06 -0.22094E-06
  0.47400E+02 -0.23266E-07  0.16340E-06 -0.23862E-06
  0.47700E+02 -0.17286E-07  0.20218E-06 -0.25596E-06
  0.48000E+02 -0.10413E-07  0.24366E-06 -0.27302E-06
  0.48300E+02 -0.25941E-08  0.28794E-06 -0.28986E-06
  0.48600E+02  0.62245E-08  0.33514E-06 -0.30642E-06
  0.48900E+02  0.16087E-07  0.38529E-06 -0.32257E-06
  0.49200E+02  0.27015E-07  0.43830E-06 -0.33803E-06
  0.49500E+02  0.39000E-07  0.49392E-06 -0.35253E-06
  0.49800E+02  0.52004E-07  0.55170E-06 -0.36569E-06
  0.50100E+02  0.65962E-07  0.61106E-06 -0.37714E-06
  0.50400E+02  0.80780E-07  0.67128E-06 -0.38643E-06
  0.50700E+02  0.96342E-07  0.73153E-06 -0.39311E-06
  0.51000E+02  0.11250E-06  0.79084E-06 -0.39667E-06
  0.51300E+02  0.12909E-06  0.84815E-06 -0.39662E-06
  0.51600E+02  0.14592E-06  0.90227E-06 -0.39243E-06
  0.51900E+02  0.16276E-06  0.95195E-06 -0.38360E-06
  0.52200E+02  0.17940E-06  0.99590E-06 -0.36968E-06
  0.52500E+02  0.19557E-06  0.10328E-05 -0.35033E-06
  0.52800E+02  0.21103E-06  0.10613E-05 -0.32528E-06
  0.53100E+02  0.22554E-06  0.10802E-05 -0.29431E-06
  0.53400E+02  0.23883E-06  0.10884E-05 -0.25728E-06
  0.53700E+02  0.25066E-06  0.10848E-05 -0.21407E-06
  0.54000E+02  0.26079E-06  0.10684E-05 -0.16473E-06
  0.54300E+02  0.26895E-06  0.10382E-05 -0.10939E-06
  0.54600E+02  0.27492E-06  0.99354E-06 -0.48267E-07
  0.54900E+02  0.27849E-06  0.93379E-06  0.18323E-07
  0.55200E+02  0.27947E-06  0.85854E-06  0.89976E-07
  0.55500E+02  0.27768E-06  0.76760E-06  0.16618E-06
  0.55800E+02  0.27298E-06  0.66098E-06  0.24633E-06
  0.56100E+02  0.26524E-06  0.53887E-06  0.32977E-06
  0.56400E+02  0.25438E-06  0.40168E-06  0.41568E-06
  0.56700E+02  0.24034E-06  0.25010E-06  0.50319E-06
  0.57000E+02  0.22311E-06  0.84984E-07  0.59126E-06
  0.57300E+02  0.20268E-06 -0.92591E-07  0.67879E-06
  0.57600E+02  0.17911E-06 -0.28129E-06  0.76458E-06
  0.57900E+02  0.15250E-06 -0.47957E-06  0.84737E-06
  0.58200E+02  0.12301E-06 -0.68560E-06  0.92592E-06
  0.58500E+02  0.90815E-07 -0.89722E-06  0.99896E-06
  0.58800E+02  0.56176E-07 -0.11121E-05  0.10653E-05
  0.59100E+02  0.19375E-07 -0.13278E-05  0.11237E-05
  0.59400E+02 -0.19253E-07 -0.15419E-05  0.11731E-05
  0.59700E+02 -0.59375E-07 -0.17516E-05  0.12125E-05
  0.60000E+02 -0.10061E-06 -0.19542E-05  0.12408E-05
  0.60300E+02 -0.14256E-06 -0.21474E-05  0.12574E-05
  0.60600E+02 -0.18481E-06 -0.23284E-05  0.12615E-05
  0.60900E+02 -0.22694E-06 -0.24946E-05  0.12525E-05
  0.61200E+02 -0.26850E-06 -0.26438E-05  0.12300E-05
  0.61500E+02 -0.30900E-06 -0.27737E-05  0.11939E-05
  0.61800E+02 -0.34782E-06 -0.28823E-05  0.11441E-05
  0.62100E+02 -0.38421E-06 -0.29679E-05  0.10808E-05
  0.62400E+02 -0.41731E-06 -0.30289E-05  0.10045E-05
  0.62700E+02 -0.44623E-06 -0.30638E-05  0.91580E-06
  0.63000E+02 -0.47010E-06 -0.30717E-05  0.81557E-06
  0.63300E+02 -0.48807E-06 -0.30519E-05  0.70485E-06
  0.63600E+02 -0.49940E-06 -0.30038E-05  0.58484E-06
  0.63900E+02 -0.50346E-06 -0.29275E-05  0.45678E-06
  0.64200E+02 -0.49979E-06 -0.28232E-05  0.32219E-06
  0.64500E+02 -0.48805E-06 -0.26913E-05  0.18230E-06
  0.64800E+02 -0.46810E-06 -0.25325E-05  0.38750E-07
  0.65100E+02 -0.43993E-06 -0.23480E-05 -0.10696E-06
  0.65400E+02 -0.40374E-06 -0.21390E-05 -0.25348E-06
  0.65700E+02 -0.35988E-06 -0.19071E-05 -0.39911E-06
  0.66000E+02 -0.30889E-06 -0.16542E-05 -0.54241E-06
  0.66300E+02 -0.25150E-06 -0.13823E-05 -0.68194E-06
  0.66600E+02 -0.18853E-06 -0.10938E-05 -0.81627E-06
  0.66900E+02 -0.12096E-06 -0.79125E-06 -0.94422E-06
  0.67200E+02 -0.49876E-07 -0.47713E-06 -0.10644E-05
  0.67500E+02  0.23549E-07 -0.15420E-06 -0.11758E-05
  0.67800E+02  0.98052E-07  0.17478E-06 -0.12775E-05
  0.68100E+02  0.17217E-06  0.50697E-06 -0.13684E-05
  0.68400E+02  0.24438E-06  0.83956E-06 -0.14479E-05
  0.68700E+02  0.31319E-06  0.11696E-05 -0.15152E-05
  0.69000E+02  0.37716E-06  0.14941E-05 -0.15697E-05
  0.69300E+02  0.43497E-06  0.18101E-05 -0.16108E-05
  0.69600E+02  0.48545E-06  0.21148E-05 -0.16380E-05
  0.69900E+02  0.52758E-06  0.24050E-05 -0.16508E-05
  0.70200E+02  0.56066E-06  0.26783E-05 -0.16489E-05
  0.70500E+02  0.58429E-06  0.29318E-05 -0.16318E-05
  0.70800E+02  0.59850E-06  0.31630E-05 -0.15993E-05
  0.71100E+02  0.60374E-06  0.33701E-05 -0.15510E-05
  0.71400E+02  0.60106E-06  0.35515E-05 -0.14867E-05
  0.71700E+02  0.59196E-06  0.37059E-05 -0.14062E-05
  0.72000E+02  0.57826E-06  0.38322E-05 -0.13100E-05
  0.72300E+02  0.56144E-06  0.39295E-05 -0.11988E-05
  0.72600E+02  0.54224E-06  0.39974E-05 -0.10739E-05
  0.72900E+02  0.52054E-06  0.40359E-05 -0.93689E-06
  0.73200E+02  0.49544E-06  0.40452E-05 -0.78948E-06
  0.73500E+02  0.46540E-06  0.40258E-05 -0.63327E-06
  0.73800E+02  0.42836E-06  0.39784E-05 -0.46996E-06
  0.74100E+02  0.38194E-06  0.39042E-05 -0.30123E-06
  0.74400E+02  0.32382E-06  0.38046E-05 -0.12869E-06
  0.74700E+02  0.25194E-06  0.36816E-05  0.46250E-07
  0.75000E+02  0.16463E-06  0.35370E-05  0.22171E-06
  0.75300E+02  0.60657E-07  0.33729E-05  0.39593E-06
  0.75600E+02 -0.60779E-07  0.31912E-05  0.56716E-06
  0.75900E+02 -0.20013E-06  0.29943E-05  0.73361E-06
  0.76200E+02 -0.35748E-06  0.27847E-05  0.89357E-06
  0.76500E+02 -0.53260E-06  0.25649E-05  0.10454E-05
  0.76800E+02 -0.72468E-06  0.23377E-05  0.11876E-05
  0.77100E+02 -0.93262E-06  0.21056E-05  0.13188E-05
  0.77400E+02 -0.11549E-05  0.18713E-05  0.14375E-05
  0.77700E+02 -0.13894E-05  0.16370E-05  0.15423E-05
  0.78000E+02 -0.16338E-05  0.14049E-05  0.16320E-05
  0.78300E+02 -0.18851E-05  0.11771E-05  0.17051E-05
  0.78600E+02 -0.21395E-05  0.95543E-06  0.17608E-05
  0.78900E+02 -0.23932E-05  0.74180E-06  0.17978E-05
  0.79200E+02 -0.26416E-05  0.53768E-06  0.18155E-05
  0.79500E+02 -0.28798E-05  0.34441E-06  0.18132E-05
  0.79800E+02 -0.31026E-05  0.16287E-06  0.17904E-05
  0.80100E+02 -0.33047E-05 -0.62798E-08  0.17469E-05
  0.80400E+02 -0.34803E-05 -0.16278E-06  0.16824E-05
  0.80700E+02 -0.36237E-05 -0.30660E-06  0.15969E-05
  0.81000E+02 -0.37292E-05 -0.43787E-06  0.14905E-05
  0.81300E+02 -0.37912E-05 -0.55698E-06  0.13635E-05
  0.81600E+02 -0.38045E-05 -0.66449E-06  0.12163E-05
  0.81900E+02 -0.37643E-05 -0.76145E-06  0.10496E-05
  0.82200E+02 -0.36664E-05 -0.84884E-06  0.86409E-06
  0.82500E+02 -0.35071E-05 -0.92818E-06  0.66081E-06
  0.82800E+02 -0.32837E-05 -0.10011E-05  0.44077E-06
  0.83100E+02 -0.29946E-05 -0.10693E-05  0.20512E-06
  0.83400E+02 -0.26387E-05 -0.11346E-05 -0.45010E-07
  0.83700E+02 -0.22168E-05 -0.11992E-05 -0.30803E-06
  0.84000E+02 -0.17306E-05 -0.12648E-05 -0.58237E-06
  0.84300E+02 -0.11831E-05 -0.13338E-05 -0.86614E-06
  0.84600E+02 -0.57877E-06 -0.14082E-05 -0.11575E-05
  0.84900E+02  0.76680E-07 -0.14901E-05 -0.14541E-05
  0.85200E+02  0.77633E-06 -0.15818E-05 -0.17535E-05
  0.85500E+02  0.15123E-05 -0.16851E-05 -0.20530E-05
  0.85800E+02  0.22755E-05 -0.18017E-05 -0.23499E-05
  0.86100E+02  0.30562E-05 -0.19336E-05 -0.26410E-05
  0.86400E+02  0.38440E-05 -0.20822E-05 -0.29229E-05
  0.86700E+02  0.46281E-05 -0.22485E-05 -0.31918E-05
  0.87000E+02  0.53972E-05 -0.24334E-05 -0.34437E-05
  0.87300E+02  0.61404E-05 -0.26374E-05 -0.36748E-05
  0.87600E+02  0.68467E-05 -0.28604E-05 -0.38805E-05
  0.87900E+02  0.75051E-05 -0.31020E-05 -0.40568E-05
  0.88200E+02  0.81059E-05 -0.33609E-05 -0.41991E-05
  0.88500E+02  0.86392E-05 -0.36358E-05 -0.43031E-05
  0.88800E+02  0.90966E-05 -0.39239E-05 -0.43647E-05
  0.89100E+02  0.94702E-05 -0.42227E-05 -0.43797E-05
  0.89400E+02  0.97531E-05 -0.45285E-05 -0.43447E-05
  0.89700E+02  0.99399E-05 -0.48371E-05 -0.42565E-05
  0.90000E+02  0.10026E-04 -0.51439E-05 -0.41127E-05
  0.90300E+02  0.10007E-04 -0.54434E-05 -0.39111E-05
  0.90600E+02  0.98823E-05 -0.57302E-05 -0.36506E-05
  0.90900E+02  0.96501E-05 -0.59982E-05 -0.33311E-05
  0.91200E+02  0.93107E-05 -0.62413E-05 -0.29528E-05
  0.91500E+02  0.88658E-05 -0.64532E-05 -0.25172E-05
  0.91800E+02  0.83181E-05 -0.66276E-05 -0.20268E-05
  0.92100E+02  0.76716E-05 -0.67587E-05 -0.14850E-05
  0.92400E+02  0.69314E-05 -0.68406E-05 -0.89595E-06
  0.92700E+02  0.61040E-05 -0.68680E-05 -0.26468E-06
  0.93000E+02  0.51967E-05 -0.68362E-05  0.40290E-06
  0.93300E+02  0.42180E-05 -0.67413E-05  0.11002E-05
  0.93600E+02  0.31772E-05 -0.65796E-05  0.18200E-05
  0.93900E+02  0.20847E-05 -0.63486E-05  0.25544E-05
  0.94200E+02  0.95112E-06 -0.60468E-05  0.32952E-05
  0.94500E+02 -0.21178E-06 -0.56731E-05  0.40339E-05
  0.94800E+02 -0.13922E-05 -0.52278E-05  0.47616E-05
  0.95100E+02 -0.25780E-05 -0.47119E-05  0.54695E-05
  0.95400E+02 -0.37567E-05 -0.41273E-05  0.61486E-05
  0.95700E+02 -0.49163E-05 -0.34771E-05  0.67903E-05
  0.96000E+02 -0.60444E-05 -0.27652E-05  0.73858E-05
  0.96300E+02 -0.71297E-05 -0.19962E-05  0.79271E-05
  0.96600E+02 -0.81609E-05 -0.11757E-05  0.84063E-05
  0.96900E+02 -0.91272E-05 -0.31037E-06  0.88164E-05
  0.97200E+02 -0.10018E-04  0.59275E-06  0.91507E-05
  0.97500E+02 -0.10826E-04  0.15259E-05  0.94036E-05
  0.97800E+02 -0.11542E-04  0.24806E-05  0.95701E-05
  0.98100E+02 -0.12158E-04  0.34479E-05  0.96464E-05
  0.98400E+02 -0.12669E-04  0.44186E-05  0.96294E-05
  0.98700E+02 -0.13070E-04  0.53830E-05  0.95171E-05
  0.99000E+02 -0.13357E-04  0.63317E-05  0.93089E-05
  0.99300E+02 -0.13526E-04  0.72546E-05  0.90046E-05
  0.99600E+02 -0.13577E-04  0.81422E-05  0.86060E-05
  0.99900E+02 -0.13509E-04  0.89851E-05  0.81152E-05
  0.10020E+03 -0.13324E-04  0.97740E-05  0.75359E-05
  0.10050E+03 -0.13022E-04  0.10500E-04  0.68724E-05
  0.10080E+03 -0.12608E-04  0.11156E-04  0.61303E-05
  0.10110E+03 -0.12085E-04  0.11733E-04  0.53161E-05
  0.10140E+03 -0.11460E-04  0.12224E-04  0.44370E-05
  0.10170E+03 -0.10739E-04  0.12625E-04  0.35013E-05
  0.10200E+03 -0.99285E-05  0.12929E-04  0.25174E-05
  0.10230E+03 -0.90378E-05  0.13132E-04  0.14949E-05
  0.10260E+03 -0.80754E-05  0.13231E-04  0.44365E-06
  0.10290E+03 -0.70510E-05  0.13225E-04 -0.62622E-06
  0.10320E+03 -0.59747E-05  0.13111E-04 -0.17042E-05
  0.10350E+03 -0.48568E-05  0.12890E-04 -0.27796E-05
  0.10380E+03 -0.37082E-05  0.12563E-04 -0.38419E-05
  0.10410E+03 -0.25395E-05  0.12132E-04 -0.48805E-05
  0.10440E+03 -0.13618E-05  0.11600E-04 -0.58852E-05
  0.10470E+03 -0.18580E-06  0.10972E-04 -0.68458E-05
  0.10500E+03  0.97779E-06  0.10252E-04 -0.77529E-05
  0.10530E+03  0.21186E-05  0.94470E-05 -0.85976E-05
  0.10560E+03  0.32267E-05  0.85638E-05 -0.93715E-05
  0.10590E+03  0.42925E-05  0.76099E-05 -0.10067E-04
  0.10620E+03  0.53071E-05  0.65939E-05 -0.10677E-04
  0.10650E+03  0.62623E-05  0.55249E-05 -0.11196E-04
  0.10680E+03  0.71505E-05  0.44121E-05 -0.11619E-04
  0.10710E+03  0.79648E-05  0.32655E-05 -0.11942E-04
  0.10740E+03  0.86996E-05  0.20956E-05 -0.12162E-04
  0.10770E+03  0.93496E-05  0.91242E-06 -0.12278E-04
  0.10800E+03  0.99109E-05 -0.27341E-06 -0.12287E-04
  0.10830E+03  0.10380E-04 -0.14515E-05 -0.12192E-04
  0.10860E+03  0.10755E-04 -0.26117E-05 -0.11992E-04
  0.10890E+03  0.11036E-04 -0.37438E-05 -0.11690E-04
  0.10920E+03  0.11220E-04 -0.48382E-05 -0.11291E-04
  0.10950E+03  0.11310E-04 -0.58857E-05 -0.10797E-04
  0.10980E+03  0.11306E-04 -0.68777E-05 -0.10215E-04
  0.11010E+03  0.11212E-04 -0.78060E-05 -0.95493E-05
  0.11040E+03  0.11030E-04 -0.86633E-05 -0.88083E-05
  0.11070E+03  0.10764E-04 -0.94430E-05 -0.79989E-05
  0.11100E+03  0.10420E-04 -0.10139E-04 -0.71292E-05
  0.11130E+03  0.10002E-04 -0.10747E-04 -0.62077E-05
  0.11160E+03  0.95158E-05 -0.11263E-04 -0.52436E-05
  0.11190E+03  0.89686E-05 -0.11683E-04 -0.42462E-05
  0.11220E+03  0.83668E-05 -0.12005E-04 -0.32248E-05
  0.11250E+03  0.77176E-05 -0.12229E-04 -0.21893E-05
  0.11280E+03  0.70282E-05 -0.12354E-04 -0.11491E-05
  0.11310E+03  0.63064E-05 -0.12381E-04 -0.11384E-06
  0.11340E+03  0.55594E-05 -0.12311E-04  0.90716E-06
  0.11370E+03  0.47951E-05 -0.12147E-04  0.19050E-05
  0.11400E+03  0.40208E-05 -0.11892E-04  0.28708E-05
  0.11430E+03  0.32441E-05 -0.11550E-04  0.37965E-05
  0.11460E+03  0.24717E-05 -0.11127E-04  0.46744E-05
  0.11490E+03  0.17107E-05 -0.10628E-04  0.54975E-05
  0.11520E+03  0.96746E-06 -0.10058E-04  0.62593E-05
  0.11550E+03  0.24800E-06 -0.94251E-05  0.69543E-05
  0.11580E+03 -0.44210E-06 -0.87358E-05  0.75775E-05
  0.11610E+03 -0.10977E-05 -0.79976E-05  0.81247E-05
  0.11640E+03 -0.17144E-05 -0.72182E-05  0.85929E-05
  0.11670E+03 -0.22882E-05 -0.64056E-05  0.89795E-05
  0.11700E+03 -0.28158E-05 -0.55678E-05  0.92829E-05
  0.11730E+03 -0.32944E-05 -0.47129E-05  0.95023E-05
  0.11760E+03 -0.37217E-05 -0.38488E-05  0.96381E-05
  0.11790E+03 -0.40964E-05 -0.29835E-05  0.96910E-05
  0.11820E+03 -0.44175E-05 -0.21244E-05  0.96627E-05
  0.11850E+03 -0.46847E-05 -0.12791E-05  0.95557E-05
  0.11880E+03 -0.48982E-05 -0.45432E-06  0.93731E-05
  0.11910E+03 -0.50589E-05  0.34313E-06  0.91190E-05
  0.11940E+03 -0.51681E-05  0.11072E-05  0.87974E-05
  0.11970E+03 -0.52275E-05  0.18324E-05  0.84135E-05
  0.12000E+03 -0.52395E-05  0.25137E-05  0.79727E-05
  0.12030E+03 -0.52067E-05  0.31466E-05  0.74808E-05
  0.12060E+03 -0.51320E-05  0.37274E-05  0.69440E-05
  0.12090E+03 -0.50188E-05  0.42529E-05  0.63686E-05
  0.12120E+03 -0.48706E-05  0.47206E-05  0.57613E-05
  0.12150E+03 -0.46913E-05  0.51288E-05  0.51289E-05
  0.12180E+03 -0.44847E-05  0.54763E-05  0.44780E-05
  0.12210E+03 -0.42549E-05  0.57626E-05  0.38154E-05
  0.12240E+03 -0.40059E-05  0.59877E-05  0.31477E-05
  0.12270E+03 -0.37418E-05  0.61525E-05  0.24811E-05
  0.12300E+03 -0.34667E-05  0.62582E-05  0.18222E-05
  0.12330E+03 -0.31843E-05  0.63067E-05  0.11767E-05
  0.12360E+03 -0.28986E-05  0.63005E-05  0.55016E-06
  0.12390E+03 -0.26132E-05  0.62423E-05 -0.52290E-07
  0.12420E+03 -0.23314E-05  0.61355E-05 -0.62582E-06
  0.12450E+03 -0.20565E-05  0.59835E-05 -0.11662E-05
  0.12480E+03 -0.17911E-05  0.57904E-05 -0.16698E-05
  0.12510E+03 -0.15381E-05  0.55603E-05 -0.21332E-05
  0.12540E+03 -0.12997E-05  0.52977E-05 -0.25538E-05
  0.12570E+03 -0.10778E-05  0.50072E-05 -0.29296E-05
  0.12600E+03 -0.87395E-06  0.46932E-05 -0.32589E-05
  0.12630E+03 -0.68953E-06  0.43605E-05 -0.35407E-05
  0.12660E+03 -0.52545E-06  0.40138E-05 -0.37745E-05
  0.12690E+03 -0.38222E-06  0.36575E-05 -0.39605E-05
  0.12720E+03 -0.26019E-06  0.32962E-05 -0.40990E-05
  0.12750E+03 -0.15919E-06  0.29340E-05 -0.41914E-05
  0.12780E+03 -0.78870E-07  0.25753E-05 -0.42389E-05
  0.12810E+03 -0.18610E-07  0.22236E-05 -0.42437E-05
  0.12840E+03  0.22610E-07  0.18826E-05 -0.42080E-05
  0.12870E+03  0.45940E-07  0.15554E-05 -0.41346E-05
  0.12900E+03  0.52700E-07  0.12450E-05 -0.40262E-05
  0.12930E+03  0.44564E-07  0.95394E-06 -0.38863E-05
  0.12960E+03  0.23255E-07  0.68432E-06 -0.37182E-05
  0.12990E+03 -0.93580E-08  0.43795E-06 -0.35257E-05
  0.13020E+03 -0.51308E-07  0.21614E-06 -0.33122E-05
  0.13050E+03 -0.10054E-06  0.20010E-07 -0.30816E-05
  0.13080E+03 -0.15502E-06 -0.14997E-06 -0.28377E-05
  0.13110E+03 -0.21264E-06 -0.29348E-06 -0.25844E-05
  0.13140E+03 -0.27134E-06 -0.41065E-06 -0.23253E-05
  0.13170E+03 -0.32915E-06 -0.50202E-06 -0.20639E-05
  0.13200E+03 -0.38414E-06 -0.56836E-06 -0.18038E-05
  0.13230E+03 -0.43450E-06 -0.61075E-06 -0.15481E-05
  0.13260E+03 -0.47854E-06 -0.63073E-06 -0.12999E-05
  0.13290E+03 -0.51472E-06 -0.62981E-06 -0.10620E-05
  0.13320E+03 -0.54162E-06 -0.60982E-06 -0.83687E-06
  0.13350E+03 -0.55818E-06 -0.57280E-06 -0.62681E-06
  0.13380E+03 -0.56332E-06 -0.52112E-06 -0.43370E-06
  0.13410E+03 -0.55630E-06 -0.45692E-06 -0.25914E-06
  0.13440E+03 -0.53646E-06 -0.38253E-06 -0.10442E-06
  0.13470E+03 -0.50341E-06 -0.30051E-06  0.29505E-07
  0.13500E+03 -0.45713E-06 -0.21332E-06  0.14202E-06
  0.13530E+03 -0.39755E-06 -0.12331E-06  0.23283E-06
  0.13560E+03 -0.32496E-06 -0.32800E-07  0.30194E-06
  0.13590E+03 -0.23990E-06  0.55840E-07  0.34967E-06
  0.13620E+03 -0.14297E-06  0.14044E-06  0.37664E-06
  0.13650E+03 -0.34900E-07  0.21896E-06  0.38371E-06
  0.13680E+03  0.83105E-07  0.28961E-06  0.37207E-06
  0.13710E+03  0.21001E-06  0.35062E-06  0.34288E-06
  0.13740E+03  0.34456E-06  0.40052E-06  0.29792E-06
  0.13770E+03  0.48533E-06  0.43803E-06  0.23879E-06
  0.13800E+03  0.63085E-06  0.46210E-06  0.16730E-06
  0.13830E+03  0.77956E-06  0.47191E-06  0.85601E-07
  0.13860E+03  0.92986E-06  0.46688E-06 -0.44270E-08
  0.13890E+03  0.10801E-05  0.44666E-06 -0.10060E-06
  0.13920E+03  0.12286E-05  0.41117E-06 -0.20078E-06
  0.13950E+03  0.13738E-05  0.36052E-06 -0.30284E-06
  0.13980E+03  0.15141E-05  0.29510E-06 -0.40467E-06
  0.14010E+03  0.16478E-05  0.21548E-06 -0.50426E-06
  0.14040E+03  0.17736E-05  0.12244E-06 -0.59963E-06
  0.14070E+03  0.18900E-05  0.16990E-07 -0.68894E-06
  0.14100E+03  0.19957E-05 -0.99790E-07 -0.77049E-06
  0.14130E+03  0.20896E-05 -0.22655E-06 -0.84270E-06
  0.14160E+03  0.21705E-05 -0.36179E-06 -0.90417E-06
  0.14190E+03  0.22376E-05 -0.50398E-06 -0.95369E-06
  0.14220E+03  0.22901E-05 -0.65155E-06 -0.99023E-06
  0.14250E+03  0.23275E-05 -0.80259E-06 -0.10130E-05
  0.14280E+03  0.23491E-05 -0.95549E-06 -0.10213E-05
  0.14310E+03  0.23549E-05 -0.11084E-05 -0.10148E-05
  0.14340E+03  0.23446E-05 -0.12596E-05 -0.99331E-06
  0.14370E+03  0.23184E-05 -0.14072E-05 -0.95678E-06
  0.14400E+03  0.22763E-05 -0.15495E-05 -0.90549E-06
  0.14430E+03  0.22188E-05 -0.16848E-05 -0.83982E-06
  0.14460E+03  0.21464E-05 -0.18115E-05 -0.76039E-06
  0.14490E+03  0.20597E-05 -0.19283E-05 -0.66797E-06
  0.14520E+03  0.19596E-05 -0.20336E-05 -0.56354E-06
  0.14550E+03  0.18468E-05 -0.21262E-05 -0.44815E-06
  0.14580E+03  0.17226E-05 -0.22051E-05 -0.32307E-06
  0.14610E+03  0.15879E-05 -0.22694E-05 -0.18961E-06
  0.14640E+03  0.14440E-05 -0.23182E-05 -0.49211E-07
  0.14670E+03  0.12921E-05 -0.23509E-05  0.96596E-07
  0.14700E+03  0.11337E-05 -0.23672E-05  0.24624E-06
  0.14730E+03  0.96989E-06 -0.23667E-05  0.39813E-06
  0.14760E+03  0.80225E-06 -0.23494E-05  0.55063E-06
  0.14790E+03  0.63215E-06 -0.23155E-05  0.70212E-06
  0.14820E+03  0.46095E-06 -0.22651E-05  0.85099E-06
  0.14850E+03  0.29006E-06 -0.21988E-05  0.99572E-06
  0.14880E+03  0.12080E-06 -0.21170E-05  0.11348E-05
  0.14910E+03 -0.45534E-07 -0.20207E-05  0.12667E-05
  0.14940E+03 -0.20770E-06 -0.19106E-05  0.13903E-05
  0.14970E+03 -0.36454E-06 -0.17878E-05  0.15042E-05
  0.15000E+03 -0.51496E-06 -0.16534E-05  0.16073E-05
  0.15030E+03 -0.65796E-06 -0.15086E-05  0.16987E-05
  0.15060E+03 -0.79266E-06 -0.13547E-05  0.17775E-05
  0.15090E+03 -0.91823E-06 -0.11931E-05  0.18430E-05
  0.15120E+03 -0.10340E-05 -0.10252E-05  0.18947E-05
  0.15150E+03 -0.11394E-05 -0.85256E-06  0.19321E-05
  0.15180E+03 -0.12339E-05 -0.67655E-06  0.19550E-05
  0.15210E+03 -0.13173E-05 -0.49867E-06  0.19634E-05
  0.15240E+03 -0.13892E-05 -0.32041E-06  0.19571E-05
  0.15270E+03 -0.14496E-05 -0.14320E-06  0.19366E-05
  0.15300E+03 -0.14985E-05  0.31546E-07  0.19021E-05
  0.15330E+03 -0.15359E-05  0.20249E-06  0.18540E-05
  0.15360E+03 -0.15621E-05  0.36837E-06  0.17930E-05
  0.15390E+03 -0.15773E-05  0.52798E-06  0.17199E-05
  0.15420E+03 -0.15820E-05  0.68020E-06  0.16355E-05
  0.15450E+03 -0.15766E-05  0.82405E-06  0.15406E-05
  0.15480E+03 -0.15617E-05  0.95861E-06  0.14363E-05
  0.15510E+03 -0.15379E-05  0.10831E-05  0.13236E-05
  0.15540E+03 -0.15058E-05  0.11969E-05  0.12039E-05
  0.15570E+03 -0.14662E-05  0.12993E-05  0.10780E-05
  0.15600E+03 -0.14198E-05  0.13901E-05  0.94748E-06
  0.15630E+03 -0.13674E-05  0.14688E-05  0.81335E-06
  0.15660E+03 -0.13098E-05  0.15353E-05  0.67687E-06
  0.15690E+03 -0.12477E-05  0.15896E-05  0.53929E-06
  0.15720E+03 -0.11821E-05  0.16317E-05  0.40178E-06
  0.15750E+03 -0.11137E-05  0.16618E-05  0.26552E-06
  0.15780E+03 -0.10433E-05  0.16801E-05  0.13160E-06
  0.15810E+03 -0.97152E-06  0.16870E-05  0.10741E-08
  0.15840E+03 -0.89921E-06  0.16830E-05 -0.12506E-06
  0.15870E+03 -0.82700E-06  0.16686E-05 -0.24590E-06
  0.15900E+03 -0.75553E-06  0.16445E-05 -0.36060E-06
  0.15930E+03 -0.68535E-06  0.16114E-05 -0.46846E-06
  0.15960E+03 -0.61700E-06  0.15699E-05 -0.56880E-06
  0.15990E+03 -0.55094E-06  0.15209E-05 -0.66109E-06
  0.16020E+03 -0.48756E-06  0.14652E-05 -0.74489E-06
  0.16050E+03 -0.42721E-06  0.14037E-05 -0.81990E-06
  0.16080E+03 -0.37015E-06  0.13372E-05 -0.88572E-06
  0.16110E+03 -0.31660E-06  0.12665E-05 -0.94239E-06
  0.16140E+03 -0.26669E-06  0.11925E-05 -0.98977E-06
  0.16170E+03 -0.22052E-06  0.11161E-05 -0.10279E-05
  0.16200E+03 -0.17811E-06  0.10381E-05 -0.10570E-05
  0.16230E+03 -0.13943E-06  0.95922E-06 -0.10772E-05
  0.16260E+03 -0.10440E-06  0.88023E-06 -0.10890E-05
  0.16290E+03 -0.72870E-07  0.80184E-06 -0.10926E-05
  0.16320E+03 -0.44630E-07  0.72467E-06 -0.10884E-05
  0.16350E+03 -0.19620E-07  0.64932E-06 -0.10770E-05
  0.16380E+03  0.25799E-08  0.57630E-06 -0.10590E-05
  0.16410E+03  0.22230E-07  0.50608E-06 -0.10350E-05
  0.16440E+03  0.39530E-07  0.43905E-06 -0.10054E-05
  0.16470E+03  0.54910E-07  0.37554E-06 -0.97126E-06
  0.16500E+03  0.68650E-07  0.31579E-06 -0.93291E-06
  0.16530E+03  0.80970E-07  0.26000E-06 -0.89114E-06
  0.16560E+03  0.92440E-07  0.20828E-06 -0.84661E-06
  0.16590E+03  0.10316E-06  0.16070E-06 -0.80010E-06
  0.16620E+03  0.11361E-06  0.11725E-06 -0.75202E-06
  0.16650E+03  0.12402E-06  0.77856E-07 -0.70319E-06
  0.16680E+03  0.13466E-06  0.42406E-07 -0.65413E-06
  0.16710E+03  0.14583E-06  0.10746E-07 -0.60540E-06
  0.16740E+03  0.15772E-06 -0.17363E-07 -0.55753E-06
  0.16770E+03  0.17055E-06 -0.42141E-07 -0.51098E-06
  0.16800E+03  0.18448E-06 -0.63904E-07 -0.46617E-06
  0.16830E+03  0.19965E-06 -0.82942E-07 -0.42345E-06
  0.16860E+03  0.21616E-06 -0.99593E-07 -0.38316E-06
  0.16890E+03  0.23404E-06 -0.11420E-06 -0.34552E-06
  0.16920E+03  0.25333E-06 -0.12714E-06 -0.31075E-06
  0.16950E+03  0.27402E-06 -0.13874E-06 -0.27898E-06
  0.16980E+03  0.29604E-06 -0.14938E-06 -0.25029E-06
  0.17010E+03  0.31934E-06 -0.15940E-06 -0.22472E-06
  0.17040E+03  0.34372E-06 -0.16913E-06 -0.20223E-06
  0.17070E+03  0.36905E-06 -0.17889E-06 -0.18276E-06
  0.17100E+03  0.39516E-06 -0.18898E-06 -0.16619E-06
  0.17130E+03  0.42188E-06 -0.19964E-06 -0.15234E-06
  0.17160E+03  0.44898E-06 -0.21111E-06 -0.14101E-06
  0.17190E+03  0.47616E-06 -0.22360E-06 -0.13200E-06
  0.17220E+03  0.50311E-06 -0.23728E-06 -0.12499E-06
  0.17250E+03  0.52962E-06 -0.25225E-06 -0.11974E-06
  0.17280E+03  0.55536E-06 -0.26861E-06 -0.11593E-06
  0.17310E+03  0.58008E-06 -0.28640E-06 -0.11324E-06
  0.17340E+03  0.60338E-06 -0.30564E-06 -0.11134E-06
  0.17370E+03  0.62509E-06 -0.32629E-06 -0.10990E-06
  0.17400E+03  0.64489E-06 -0.34827E-06 -0.10859E-06
  0.17430E+03  0.66251E-06 -0.37147E-06 -0.10712E-06
  0.17460E+03  0.67771E-06 -0.39576E-06 -0.10514E-06
  0.17490E+03  0.69020E-06 -0.42097E-06 -0.10240E-06
  0.17520E+03  0.69988E-06 -0.44687E-06 -0.98607E-07
  0.17550E+03  0.70638E-06 -0.47325E-06 -0.93536E-07
  0.17580E+03  0.70957E-06 -0.49985E-06 -0.86956E-07
  0.17610E+03  0.70952E-06 -0.52639E-06 -0.78691E-07
  0.17640E+03  0.70585E-06 -0.55259E-06 -0.68575E-07
  0.17670E+03  0.69863E-06 -0.57816E-06 -0.56512E-07
  0.17700E+03  0.68779E-06 -0.60278E-06 -0.42413E-07
  0.17730E+03  0.67333E-06 -0.62615E-06 -0.26225E-07
  0.17760E+03  0.65526E-06 -0.64797E-06 -0.79440E-08
  0.17790E+03  0.63362E-06 -0.66793E-06  0.12405E-07
  0.17820E+03  0.60853E-06 -0.68576E-06  0.34739E-07
  0.17850E+03  0.58010E-06 -0.70117E-06  0.58980E-07
  0.17880E+03  0.54843E-06 -0.71390E-06  0.84981E-07
  0.17910E+03  0.51377E-06 -0.72372E-06  0.11258E-06
  0.17940E+03  0.47632E-06 -0.73043E-06  0.14159E-06
  0.17970E+03  0.43630E-06 -0.73382E-06  0.17179E-06
  0.18000E+03  0.39395E-06 -0.73375E-06  0.20293E-06
  0.18030E+03  0.34955E-06 -0.73009E-06  0.23474E-06
  0.18060E+03  0.30336E-06 -0.72275E-06  0.26698E-06
  0.18090E+03  0.25574E-06 -0.71167E-06  0.29932E-06
  0.18120E+03  0.20694E-06 -0.69682E-06  0.33146E-06
  0.18150E+03  0.15730E-06 -0.67822E-06  0.36313E-06
  0.18180E+03  0.10716E-06 -0.65592E-06  0.39399E-06
  0.18210E+03  0.56920E-07 -0.62999E-06  0.42375E-06
  0.18240E+03  0.68001E-08 -0.60054E-06  0.45212E-06
  0.18270E+03 -0.42870E-07 -0.56774E-06  0.47878E-06
  0.18300E+03 -0.91810E-07 -0.53174E-06  0.50349E-06
  0.18330E+03 -0.13964E-06 -0.49276E-06  0.52598E-06
  0.18360E+03 -0.18599E-06 -0.45104E-06  0.54600E-06
  0.18390E+03 -0.23076E-06 -0.40683E-06  0.56335E-06
  0.18420E+03 -0.27366E-06 -0.36041E-06  0.57782E-06
  0.18450E+03 -0.31440E-06 -0.31208E-06  0.58925E-06
  0.18480E+03 -0.35275E-06 -0.26216E-06  0.59750E-06
  0.18510E+03 -0.38851E-06 -0.21096E-06  0.60246E-06
  0.18540E+03 -0.42165E-06 -0.15884E-06  0.60407E-06
  0.18570E+03 -0.45183E-06 -0.10612E-06  0.60224E-06
  0.18600E+03 -0.47905E-06 -0.53163E-07  0.59699E-06
  0.18630E+03 -0.50319E-06 -0.30604E-09  0.58832E-06
  0.18660E+03 -0.52418E-06  0.52114E-07  0.57626E-06
  0.18690E+03 -0.54198E-06  0.10375E-06  0.56093E-06
  0.18720E+03 -0.55658E-06  0.15431E-06  0.54238E-06
  0.18750E+03 -0.56798E-06  0.20344E-06  0.52080E-06
  0.18780E+03 -0.57622E-06  0.25088E-06  0.49630E-06
  0.18810E+03 -0.58134E-06  0.29633E-06  0.46908E-06
  0.18840E+03 -0.58341E-06  0.33955E-06  0.43936E-06
  0.18870E+03 -0.58260E-06  0.38030E-06  0.40735E-06
  0.18900E+03 -0.57898E-06  0.41836E-06  0.37329E-06
  0.18930E+03 -0.57260E-06  0.45354E-06  0.33743E-06
  0.18960E+03 -0.56374E-06  0.48570E-06  0.30005E-06
  0.18990E+03 -0.55249E-06  0.51469E-06  0.26143E-06
  0.19020E+03 -0.53902E-06  0.54041E-06  0.22185E-06
  0.19050E+03 -0.52348E-06  0.56278E-06  0.18159E-06
  0.19080E+03 -0.50611E-06  0.58175E-06  0.14094E-06
  0.19110E+03 -0.48708E-06  0.59729E-06  0.10018E-06
  0.19140E+03 -0.46659E-06  0.60942E-06  0.59604E-07
  0.19170E+03 -0.44490E-06  0.61815E-06  0.19472E-07
  0.19200E+03 -0.42197E-06  0.62355E-06 -0.19952E-07
  0.19230E+03 -0.39829E-06  0.62567E-06 -0.58417E-07
  0.19260E+03 -0.37390E-06  0.62465E-06 -0.95686E-07
  0.19290E+03 -0.34886E-06  0.62057E-06 -0.13154E-06
  0.19320E+03 -0.32354E-06  0.61359E-06 -0.16577E-06
  0.19350E+03 -0.29802E-06  0.60386E-06 -0.19821E-06
  0.19380E+03 -0.27254E-06  0.59155E-06 -0.22869E-06
  0.19410E+03 -0.24708E-06  0.57683E-06 -0.25706E-06
  0.19440E+03 -0.22186E-06  0.55988E-06 -0.28320E-06
  0.19470E+03 -0.19699E-06  0.54093E-06 -0.30702E-06
  0.19500E+03 -0.17251E-06  0.52017E-06 -0.32844E-06
  0.19530E+03 -0.14866E-06  0.49780E-06 -0.34741E-06
  0.19560E+03 -0.12539E-06  0.47403E-06 -0.36390E-06
  0.19590E+03 -0.10283E-06  0.44907E-06 -0.37789E-06
  0.19620E+03 -0.81018E-07  0.42314E-06 -0.38941E-06
  0.19650E+03 -0.60005E-07  0.39642E-06 -0.39847E-06
  0.19680E+03 -0.39806E-07  0.36911E-06 -0.40513E-06
  0.19710E+03 -0.20461E-07  0.34141E-06 -0.40946E-06
  0.19740E+03 -0.19660E-08  0.31348E-06 -0.41153E-06
  0.19770E+03  0.15674E-07  0.28551E-06 -0.41145E-06
  0.19800E+03  0.32472E-07  0.25763E-06 -0.40932E-06
  0.19830E+03  0.48430E-07  0.23003E-06 -0.40528E-06
  0.19860E+03  0.63630E-07  0.20279E-06 -0.39944E-06
  0.19890E+03  0.77990E-07  0.17606E-06 -0.39195E-06
  0.19920E+03  0.91560E-07  0.14993E-06 -0.38295E-06
  0.19950E+03  0.10447E-06  0.12450E-06 -0.37258E-06
  0.19980E+03  0.11668E-06  0.99858E-07 -0.36100E-06
  0.20010E+03  0.12831E-06  0.76053E-07 -0.34837E-06
  0.20040E+03  0.13929E-06  0.53139E-07 -0.33483E-06
  0.20070E+03  0.14978E-06  0.31156E-07 -0.32053E-06
  0.20100E+03  0.15969E-06  0.10129E-07 -0.30562E-06
  0.20130E+03  0.16909E-06 -0.99274E-08 -0.29022E-06
  0.20160E+03  0.17814E-06 -0.29009E-07 -0.27447E-06
  0.20190E+03  0.18669E-06 -0.47122E-07 -0.25851E-06
  0.20220E+03  0.19480E-06 -0.64281E-07 -0.24245E-06
  0.20250E+03  0.20264E-06 -0.80508E-07 -0.22639E-06
  0.20280E+03  0.21006E-06 -0.95832E-07 -0.21042E-06
  0.20310E+03  0.21712E-06 -0.11029E-06 -0.19464E-06
  0.20340E+03  0.22381E-06 -0.12391E-06 -0.17912E-06
  0.20370E+03  0.23024E-06 -0.13675E-06 -0.16394E-06
  0.20400E+03  0.23621E-06 -0.14884E-06 -0.14913E-06
  0.20430E+03  0.24196E-06 -0.16022E-06 -0.13474E-06
  0.20460E+03  0.24716E-06 -0.17096E-06 -0.12082E-06
  0.20490E+03  0.25210E-06 -0.18108E-06 -0.10737E-06
  0.20520E+03  0.25656E-06 -0.19063E-06 -0.94430E-07
  0.20550E+03  0.26057E-06 -0.19965E-06 -0.81976E-07
  0.20580E+03  0.26410E-06 -0.20817E-06 -0.70029E-07
  0.20610E+03  0.26712E-06 -0.21621E-06 -0.58558E-07
  0.20640E+03  0.26959E-06 -0.22383E-06 -0.47555E-07
  0.20670E+03  0.27147E-06 -0.23103E-06 -0.36990E-07
  0.20700E+03  0.27272E-06 -0.23783E-06 -0.26841E-07
  0.20730E+03  0.27331E-06 -0.24424E-06 -0.17076E-07
  0.20760E+03  0.27321E-06 -0.25027E-06 -0.76570E-08
  0.20790E+03  0.27236E-06 -0.25590E-06  0.14630E-08
  0.20820E+03  0.27075E-06 -0.26116E-06  0.10306E-07
  0.20850E+03  0.26834E-06 -0.26600E-06  0.18925E-07
  0.20880E+03  0.26511E-06 -0.27043E-06  0.27355E-07
  0.20910E+03  0.26104E-06 -0.27443E-06  0.35624E-07
  0.20940E+03  0.25610E-06 -0.27795E-06  0.43769E-07
  0.20970E+03  0.25028E-06 -0.28098E-06  0.51821E-07
  0.21000E+03  0.24358E-06 -0.28349E-06  0.59813E-07
  0.21030E+03  0.23600E-06 -0.28545E-06  0.67762E-07
  0.21060E+03  0.22753E-06 -0.28680E-06  0.75686E-07
  0.21090E+03  0.21819E-06 -0.28752E-06  0.83595E-07
  0.21120E+03  0.20800E-06 -0.28757E-06  0.91505E-07
  0.21150E+03  0.19699E-06 -0.28692E-06  0.99408E-07
  0.21180E+03  0.18517E-06 -0.28552E-06  0.10730E-06
  0.21210E+03  0.17260E-06 -0.28336E-06  0.11518E-06
  0.21240E+03  0.15931E-06 -0.28038E-06  0.12302E-06
  0.21270E+03  0.14534E-06 -0.27657E-06  0.13081E-06
  0.21300E+03  0.13077E-06 -0.27190E-06  0.13850E-06
  0.21330E+03  0.11564E-06 -0.26636E-06  0.14609E-06
  0.21360E+03  0.10002E-06 -0.25992E-06  0.15354E-06
  0.21390E+03  0.83989E-07 -0.25259E-06  0.16077E-06
  0.21420E+03  0.67600E-07 -0.24434E-06  0.16779E-06
  0.21450E+03  0.50951E-07 -0.23521E-06  0.17452E-06
  0.21480E+03  0.34109E-07 -0.22517E-06  0.18093E-06
  0.21510E+03  0.17164E-07 -0.21427E-06  0.18696E-06
  0.21540E+03  0.18599E-09 -0.20252E-06  0.19254E-06
  0.21570E+03 -0.16731E-07 -0.18994E-06  0.19766E-06
  0.21600E+03 -0.33504E-07 -0.17659E-06  0.20225E-06
  0.21630E+03 -0.50047E-07 -0.16250E-06  0.20625E-06
  0.21660E+03 -0.66283E-07 -0.14772E-06  0.20962E-06
  0.21690E+03 -0.82134E-07 -0.13231E-06  0.21232E-06
  0.21720E+03 -0.97519E-07 -0.11632E-06  0.21431E-06
  0.21750E+03 -0.11236E-06 -0.99823E-07  0.21555E-06
  0.21780E+03 -0.12659E-06 -0.82898E-07  0.21600E-06
  0.21810E+03 -0.14015E-06 -0.65618E-07  0.21563E-06
  0.21840E+03 -0.15296E-06 -0.48066E-07  0.21444E-06
  0.21870E+03 -0.16497E-06 -0.30317E-07  0.21238E-06
  0.21900E+03 -0.17613E-06 -0.12448E-07  0.20945E-06
  0.21930E+03 -0.18639E-06  0.54310E-08  0.20566E-06
  0.21960E+03 -0.19573E-06  0.23251E-07  0.20100E-06
  0.21990E+03 -0.20409E-06  0.40918E-07  0.19547E-06
  0.22020E+03 -0.21145E-06  0.58345E-07  0.18911E-06
  0.22050E+03 -0.21780E-06  0.75437E-07  0.18190E-06
  0.22080E+03 -0.22311E-06  0.92122E-07  0.17389E-06
  0.22110E+03 -0.22737E-06  0.10832E-06  0.16513E-06
  0.22140E+03 -0.23061E-06  0.12393E-06  0.15563E-06
  0.22170E+03 -0.23280E-06  0.13889E-06  0.14545E-06
  0.22200E+03 -0.23397E-06  0.15315E-06  0.13463E-06
  0.22230E+03 -0.23412E-06  0.16660E-06  0.12322E-06
  0.22260E+03 -0.23329E-06  0.17922E-06  0.11131E-06
  0.22290E+03 -0.23150E-06  0.19092E-06  0.98929E-07
  0.22320E+03 -0.22878E-06  0.20167E-06  0.86166E-07
  0.22350E+03 -0.22516E-06  0.21142E-06  0.73071E-07
  0.22380E+03 -0.22070E-06  0.22015E-06  0.59730E-07
  0.22410E+03 -0.21544E-06  0.22781E-06  0.46210E-07
  0.22440E+03 -0.20941E-06  0.23437E-06  0.32593E-07
  0.22470E+03 -0.20268E-06  0.23985E-06  0.18942E-07
  0.22500E+03 -0.19529E-06  0.24421E-06  0.53250E-08
  0.22530E+03 -0.18731E-06  0.24745E-06 -0.81657E-08
  0.22560E+03 -0.17877E-06  0.24959E-06 -0.21471E-07
  0.22590E+03 -0.16976E-06  0.25063E-06 -0.34519E-07
  0.22620E+03 -0.16031E-06  0.25058E-06 -0.47243E-07
  0.22650E+03 -0.15049E-06  0.24949E-06 -0.59581E-07
  0.22680E+03 -0.14036E-06  0.24736E-06 -0.71462E-07
  0.22710E+03 -0.12996E-06  0.24425E-06 -0.82847E-07
  0.22740E+03 -0.11936E-06  0.24017E-06 -0.93673E-07
  0.22770E+03 -0.10861E-06  0.23518E-06 -0.10389E-06
  0.22800E+03 -0.97762E-07  0.22933E-06 -0.11347E-06
  0.22830E+03 -0.86866E-07  0.22267E-06 -0.12235E-06
  0.22860E+03 -0.75962E-07  0.21525E-06 -0.13052E-06
  0.22890E+03 -0.65096E-07  0.20714E-06 -0.13794E-06
  0.22920E+03 -0.54326E-07  0.19838E-06 -0.14460E-06
  0.22950E+03 -0.43672E-07  0.18903E-06 -0.15048E-06
  0.22980E+03 -0.33190E-07  0.17916E-06 -0.15556E-06
  0.23010E+03 -0.22885E-07  0.16884E-06 -0.15985E-06
  0.23040E+03 -0.12815E-07  0.15813E-06 -0.16334E-06
  0.23070E+03 -0.30000E-08  0.14709E-06 -0.16603E-06
  0.23100E+03  0.65408E-08  0.13577E-06 -0.16794E-06
  0.23130E+03  0.15783E-07  0.12423E-06 -0.16908E-06
  0.23160E+03  0.24709E-07  0.11255E-06 -0.16947E-06
  0.23190E+03  0.33302E-07  0.10076E-06 -0.16914E-06
  0.23220E+03  0.41542E-07  0.88923E-07 -0.16811E-06
  0.23250E+03  0.49422E-07  0.77105E-07 -0.16640E-06
  0.23280E+03  0.56936E-07  0.65341E-07 -0.16405E-06
  0.23310E+03  0.64071E-07  0.53687E-07 -0.16110E-06
  0.23340E+03  0.70835E-07  0.42168E-07 -0.15758E-06
  0.23370E+03  0.77210E-07  0.30843E-07 -0.15354E-06
  0.23400E+03  0.83195E-07  0.19748E-07 -0.14900E-06
  0.23430E+03  0.88800E-07  0.89030E-08 -0.14402E-06
  0.23460E+03  0.94014E-07 -0.16520E-08 -0.13863E-06
  0.23490E+03  0.98850E-07 -0.11897E-07 -0.13288E-06
  0.23520E+03  0.10330E-06 -0.21792E-07 -0.12681E-06
  0.23550E+03  0.10737E-06 -0.31336E-07 -0.12046E-06
  0.23580E+03  0.11107E-06 -0.40498E-07 -0.11386E-06
  0.23610E+03  0.11440E-06 -0.49271E-07 -0.10707E-06
  0.23640E+03  0.11736E-06 -0.57638E-07 -0.10011E-06
  0.23670E+03  0.11996E-06 -0.65582E-07 -0.93032E-07
  0.23700E+03  0.12220E-06 -0.73114E-07 -0.85856E-07
  0.23730E+03  0.12409E-06 -0.80214E-07 -0.78636E-07
  0.23760E+03  0.12563E-06 -0.86885E-07 -0.71378E-07
  0.23790E+03  0.12683E-06 -0.93128E-07 -0.64130E-07
  0.23820E+03  0.12768E-06 -0.98938E-07 -0.56905E-07
  0.23850E+03  0.12819E-06 -0.10432E-06 -0.49746E-07
  0.23880E+03  0.12838E-06 -0.10927E-06 -0.42655E-07
  0.23910E+03  0.12823E-06 -0.11380E-06 -0.35663E-07
  0.23940E+03  0.12776E-06 -0.11791E-06 -0.28791E-07
  0.23970E+03  0.12696E-06 -0.12161E-06 -0.22043E-07
  0.24000E+03  0.12585E-06 -0.12490E-06 -0.15449E-07
  0.24030E+03  0.12442E-06 -0.12780E-06 -0.90060E-08
  0.24060E+03  0.12267E-06 -0.13029E-06 -0.27250E-08
  0.24090E+03  0.12061E-06 -0.13240E-06  0.33680E-08
  0.24120E+03  0.11825E-06 -0.13412E-06  0.92840E-08
  0.24150E+03  0.11558E-06 -0.13548E-06  0.15010E-07
  0.24180E+03  0.11262E-06 -0.13644E-06  0.20551E-07
  0.24210E+03  0.10936E-06 -0.13707E-06  0.25890E-07
  0.24240E+03  0.10583E-06 -0.13732E-06  0.31031E-07
  0.24270E+03  0.10201E-06 -0.13722E-06  0.35974E-07
  0.24300E+03  0.97912E-07 -0.13676E-06  0.40717E-07
  0.24330E+03  0.93560E-07 -0.13597E-06  0.45262E-07
  0.24360E+03  0.88959E-07 -0.13484E-06  0.49601E-07
  0.24390E+03  0.84111E-07 -0.13337E-06  0.53736E-07
  0.24420E+03  0.79029E-07 -0.13158E-06  0.57673E-07
  0.24450E+03  0.73711E-07 -0.12946E-06  0.61413E-07
  0.24480E+03  0.68230E-07 -0.12702E-06  0.64945E-07
  0.24510E+03  0.62560E-07 -0.12427E-06  0.68276E-07
  0.24540E+03  0.56690E-07 -0.12120E-06  0.71404E-07
  0.24570E+03  0.50620E-07 -0.11783E-06  0.74332E-07
  0.24600E+03  0.44540E-07 -0.11418E-06  0.77048E-07
  0.24630E+03  0.38270E-07 -0.11022E-06  0.79554E-07
  0.24660E+03  0.31820E-07 -0.10599E-06  0.81854E-07
  0.24690E+03  0.25400E-07 -0.10148E-06  0.83932E-07
  0.24720E+03  0.18900E-07 -0.96712E-07  0.85798E-07
  0.24750E+03  0.12390E-07 -0.91687E-07  0.87446E-07
  0.24780E+03  0.57900E-08 -0.86411E-07  0.88862E-07
  0.24810E+03 -0.70008E-09 -0.80916E-07  0.90044E-07
  0.24840E+03 -0.71990E-08 -0.75204E-07  0.90999E-07
  0.24870E+03 -0.13634E-07 -0.69282E-07  0.91723E-07
  0.24900E+03 -0.19986E-07 -0.63174E-07  0.92190E-07
  0.24930E+03 -0.26231E-07 -0.56898E-07  0.92418E-07
  0.24960E+03 -0.32339E-07 -0.50474E-07  0.92400E-07
  0.24990E+03 -0.38286E-07 -0.43911E-07  0.92119E-07
  0.25020E+03 -0.44061E-07 -0.37232E-07  0.91585E-07
  0.25050E+03 -0.49622E-07 -0.30469E-07  0.90787E-07
  0.25080E+03 -0.54967E-07 -0.23633E-07  0.89731E-07
  0.25110E+03 -0.60069E-07 -0.16748E-07  0.88409E-07
  0.25140E+03 -0.64911E-07 -0.98320E-08  0.86827E-07
  0.25170E+03 -0.69469E-07 -0.29220E-08  0.84981E-07
  0.25200E+03 -0.73726E-07  0.39650E-08  0.82876E-07
  0.25230E+03 -0.77670E-07  0.10811E-07  0.80514E-07
  0.25260E+03 -0.81289E-07  0.17579E-07  0.77899E-07
  0.25290E+03 -0.84559E-07  0.24250E-07  0.75037E-07
  0.25320E+03 -0.87486E-07  0.30798E-07  0.71933E-07
  0.25350E+03 -0.90047E-07  0.37194E-07  0.68594E-07
  0.25380E+03 -0.92253E-07  0.43428E-07  0.65043E-07
  0.25410E+03 -0.94068E-07  0.49456E-07  0.61266E-07
  0.25440E+03 -0.95523E-07  0.55273E-07  0.57294E-07
  0.25470E+03 -0.96578E-07  0.60843E-07  0.53134E-07
  0.25500E+03 -0.97320E-07  0.66160E-07  0.48802E-07
  0.25530E+03 -0.97610E-07  0.71182E-07  0.44309E-07
  0.25560E+03 -0.97530E-07  0.75909E-07  0.39678E-07
  0.25590E+03 -0.97110E-07  0.80320E-07  0.34918E-07
  0.25620E+03 -0.96330E-07  0.84387E-07  0.30058E-07
  0.25650E+03 -0.95170E-07  0.88104E-07  0.25100E-07
  0.25680E+03 -0.93730E-07  0.91460E-07  0.20084E-07
  0.25710E+03 -0.91860E-07  0.94451E-07  0.15023E-07
  0.25740E+03 -0.89810E-07  0.97051E-07  0.99370E-08
  0.25770E+03 -0.87350E-07  0.99258E-07  0.48442E-08
  0.25800E+03 -0.84620E-07  0.10109E-06 -0.23140E-09
  0.25830E+03 -0.81600E-07  0.10252E-06 -0.52685E-08
  0.25860E+03 -0.78380E-07  0.10350E-06 -0.10247E-07
  0.25890E+03 -0.74980E-07  0.10413E-06 -0.15144E-07
  0.25920E+03 -0.71270E-07  0.10426E-06 -0.19943E-07
  0.25950E+03 -0.67320E-07  0.10406E-06 -0.24614E-07
  0.25980E+03 -0.63270E-07  0.10349E-06 -0.29160E-07
  0.26010E+03 -0.59052E-07  0.10260E-06 -0.33532E-07
  0.26040E+03 -0.54727E-07  0.10126E-06 -0.37733E-07
  0.26070E+03 -0.50254E-07  0.99547E-07 -0.41741E-07
  0.26100E+03 -0.45692E-07  0.97503E-07 -0.45547E-07
  0.26130E+03 -0.41045E-07  0.95120E-07 -0.49121E-07
  0.26160E+03 -0.36348E-07  0.92420E-07 -0.52467E-07
  0.26190E+03 -0.31611E-07  0.89425E-07 -0.55556E-07
  0.26220E+03 -0.26864E-07  0.86136E-07 -0.58392E-07
  0.26250E+03 -0.22114E-07  0.82584E-07 -0.60960E-07
  0.26280E+03 -0.17384E-07  0.78783E-07 -0.63253E-07
  0.26310E+03 -0.12690E-07  0.74750E-07 -0.65272E-07
  0.26340E+03 -0.80520E-08  0.70519E-07 -0.66998E-07
  0.26370E+03 -0.34699E-08  0.66097E-07 -0.68442E-07
  0.26400E+03  0.98009E-09  0.61523E-07 -0.69594E-07
  0.26430E+03  0.54000E-08  0.56798E-07 -0.70453E-07
  0.26460E+03  0.96500E-08  0.51958E-07 -0.71030E-07
  0.26490E+03  0.13850E-07  0.47021E-07 -0.71325E-07
  0.26520E+03  0.17860E-07  0.42013E-07 -0.71331E-07
  0.26550E+03  0.21660E-07  0.36937E-07 -0.71069E-07
  0.26580E+03  0.25450E-07  0.31849E-07 -0.70536E-07
  0.26610E+03  0.28950E-07  0.26733E-07 -0.69745E-07
  0.26640E+03  0.32380E-07  0.21631E-07 -0.68706E-07
  0.26670E+03  0.35560E-07  0.16558E-07 -0.67428E-07
  0.26700E+03  0.38540E-07  0.11525E-07 -0.65919E-07
  0.26730E+03  0.41380E-07  0.65690E-08 -0.64188E-07
  0.26760E+03  0.44020E-07  0.16850E-08 -0.62254E-07
  0.26790E+03  0.46420E-07 -0.31020E-08 -0.60128E-07
  0.26820E+03  0.48650E-07 -0.77750E-08 -0.57824E-07
  0.26850E+03  0.50740E-07 -0.12326E-07 -0.55356E-07
  0.26880E+03  0.52530E-07 -0.16732E-07 -0.52737E-07
  0.26910E+03  0.54182E-07 -0.20988E-07 -0.49983E-07
  0.26940E+03  0.55622E-07 -0.25084E-07 -0.47109E-07
  0.26970E+03  0.56853E-07 -0.29009E-07 -0.44125E-07
  0.27000E+03  0.57875E-07 -0.32741E-07 -0.41049E-07
  0.27030E+03  0.58706E-07 -0.36297E-07 -0.37905E-07
  0.27060E+03  0.59346E-07 -0.39647E-07 -0.34689E-07
  0.27090E+03  0.59785E-07 -0.42794E-07 -0.31425E-07
  0.27120E+03  0.60034E-07 -0.45743E-07 -0.28126E-07
  0.27150E+03  0.60098E-07 -0.48472E-07 -0.24812E-07
  0.27180E+03  0.59983E-07 -0.50987E-07 -0.21474E-07
  0.27210E+03  0.59684E-07 -0.53285E-07 -0.18157E-07
  0.27240E+03  0.59211E-07 -0.55362E-07 -0.14844E-07
  0.27270E+03  0.58560E-07 -0.57225E-07 -0.11557E-07
  0.27300E+03  0.57760E-07 -0.58867E-07 -0.83090E-08
  0.27330E+03  0.56770E-07 -0.60293E-07 -0.51040E-08
  0.27360E+03  0.55630E-07 -0.61494E-07 -0.19660E-08
  0.27390E+03  0.54330E-07 -0.62479E-07  0.11210E-08
  0.27420E+03  0.52980E-07 -0.63248E-07  0.41220E-08
  0.27450E+03  0.51410E-07 -0.63814E-07  0.70470E-08
  0.27480E+03  0.49700E-07 -0.64168E-07  0.98940E-08
  0.27510E+03  0.47880E-07 -0.64320E-07  0.12630E-07
  0.27540E+03  0.45950E-07 -0.64270E-07  0.15281E-07
  0.27570E+03  0.43950E-07 -0.64025E-07  0.17817E-07
  0.27600E+03  0.41810E-07 -0.63594E-07  0.20249E-07
  0.27630E+03  0.39500E-07 -0.62974E-07  0.22571E-07
  0.27660E+03  0.37190E-07 -0.62175E-07  0.24767E-07
  0.27690E+03  0.34800E-07 -0.61201E-07  0.26848E-07
  0.27720E+03  0.32320E-07 -0.60061E-07  0.28805E-07
  0.27750E+03  0.29700E-07 -0.58753E-07  0.30636E-07
  0.27780E+03  0.27067E-07 -0.57289E-07  0.32342E-07
  0.27810E+03  0.24392E-07 -0.55680E-07  0.33918E-07
  0.27840E+03  0.21667E-07 -0.53929E-07  0.35365E-07
  0.27870E+03  0.18901E-07 -0.52045E-07  0.36681E-07
  0.27900E+03  0.16112E-07 -0.50028E-07  0.37866E-07
  0.27930E+03  0.13296E-07 -0.47887E-07  0.38920E-07
  0.27960E+03  0.10474E-07 -0.45628E-07  0.39842E-07
  0.27990E+03  0.76420E-08 -0.43270E-07  0.40634E-07
  0.28020E+03  0.48260E-08 -0.40815E-07  0.41294E-07
  0.28050E+03  0.20180E-08 -0.38260E-07  0.41824E-07
  0.28080E+03 -0.77102E-09 -0.35628E-07  0.42225E-07
  0.28110E+03 -0.35230E-08 -0.32914E-07  0.42498E-07
  0.28140E+03 -0.62100E-08 -0.30147E-07  0.42643E-07
  0.28170E+03 -0.89100E-08 -0.27304E-07  0.42664E-07
  0.28200E+03 -0.11550E-07 -0.24418E-07  0.42559E-07
  0.28230E+03 -0.14040E-07 -0.21498E-07  0.42333E-07
  0.28260E+03 -0.16570E-07 -0.18534E-07  0.41987E-07
  0.28290E+03 -0.18910E-07 -0.15548E-07  0.41522E-07
  0.28320E+03 -0.21190E-07 -0.12547E-07  0.40941E-07
  0.28350E+03 -0.23470E-07 -0.95470E-08  0.40245E-07
  0.28380E+03 -0.25510E-07 -0.65420E-08  0.39443E-07
  0.28410E+03 -0.27560E-07 -0.35430E-08  0.38527E-07
  0.28440E+03 -0.29430E-07 -0.56900E-09  0.37509E-07
  0.28470E+03 -0.31160E-07  0.23760E-08  0.36396E-07
  0.28500E+03 -0.32830E-07  0.52750E-08  0.35171E-07
  0.28530E+03 -0.34370E-07  0.81360E-08  0.33871E-07
  0.28560E+03 -0.35745E-07  0.10948E-07  0.32471E-07
  0.28590E+03 -0.36989E-07  0.13687E-07  0.30990E-07
  0.28620E+03 -0.38092E-07  0.16361E-07  0.29430E-07
  0.28650E+03 -0.39057E-07  0.18960E-07  0.27792E-07
  0.28680E+03 -0.39873E-07  0.21462E-07  0.26085E-07
  0.28710E+03 -0.40539E-07  0.23880E-07  0.24313E-07
  0.28740E+03 -0.41054E-07  0.26184E-07  0.22483E-07
  0.28770E+03 -0.41420E-07  0.28382E-07  0.20600E-07
  0.28800E+03 -0.41640E-07  0.30473E-07  0.18668E-07
  0.28830E+03 -0.41715E-07  0.32433E-07  0.16696E-07
  0.28860E+03 -0.41647E-07  0.34265E-07  0.14688E-07
  0.28890E+03 -0.41427E-07  0.35968E-07  0.12653E-07
  0.28920E+03 -0.41062E-07  0.37534E-07  0.10589E-07
  0.28950E+03 -0.40571E-07  0.38953E-07  0.85130E-08
  0.28980E+03 -0.39980E-07  0.40226E-07  0.64350E-08
  0.29010E+03 -0.39140E-07  0.41347E-07  0.43400E-08
  0.29040E+03 -0.38240E-07  0.42314E-07  0.22580E-08
  0.29070E+03 -0.37270E-07  0.43125E-07  0.18397E-09
  0.29100E+03 -0.36120E-07  0.43778E-07 -0.18690E-08
  0.29130E+03 -0.34870E-07  0.44270E-07 -0.39020E-08
  0.29160E+03 -0.33570E-07  0.44602E-07 -0.59010E-08
  0.29190E+03 -0.32060E-07  0.44775E-07 -0.78580E-08
  0.29220E+03 -0.30550E-07  0.44787E-07 -0.97860E-08
  0.29250E+03 -0.28970E-07  0.44641E-07 -0.11645E-07
  0.29280E+03 -0.27180E-07  0.44339E-07 -0.13465E-07
  0.29310E+03 -0.25440E-07  0.43883E-07 -0.15204E-07
  0.29340E+03 -0.23610E-07  0.43277E-07 -0.16885E-07
  0.29370E+03 -0.21720E-07  0.42524E-07 -0.18489E-07
  0.29400E+03 -0.19760E-07  0.41628E-07 -0.20016E-07
  0.29430E+03 -0.17857E-07  0.40594E-07 -0.21455E-07
  0.29460E+03 -0.15823E-07  0.39437E-07 -0.22808E-07
  0.29490E+03 -0.13793E-07  0.38143E-07 -0.24058E-07
  0.29520E+03 -0.11754E-07  0.36738E-07 -0.25211E-07
  0.29550E+03 -0.97030E-08  0.35217E-07 -0.26274E-07
  0.29580E+03 -0.76540E-08  0.33589E-07 -0.27218E-07
  0.29610E+03 -0.56135E-08  0.31862E-07 -0.28055E-07
  0.29640E+03 -0.35874E-08  0.30055E-07 -0.28786E-07
  0.29670E+03 -0.15870E-08  0.28167E-07 -0.29408E-07
  0.29700E+03  0.39500E-09  0.26205E-07 -0.29906E-07
  0.29730E+03  0.23400E-08  0.24185E-07 -0.30294E-07
  0.29760E+03  0.42370E-08  0.22101E-07 -0.30567E-07
  0.29790E+03  0.60920E-08  0.19982E-07 -0.30723E-07
  0.29820E+03  0.78501E-08  0.17824E-07 -0.30760E-07
  0.29850E+03  0.96600E-08  0.15633E-07 -0.30694E-07
  0.29880E+03  0.11330E-07  0.13435E-07 -0.30505E-07
  0.29910E+03  0.12880E-07  0.11221E-07 -0.30219E-07
  0.29940E+03  0.14470E-07  0.90130E-08 -0.29819E-07
  0.29970E+03  0.15950E-07  0.68020E-08 -0.29317E-07
  0.30000E+03  0.17300E-07  0.46170E-08 -0.28708E-07
  0.30030E+03  0.18630E-07  0.24490E-08 -0.28005E-07
  0.30060E+03  0.19820E-07  0.31395E-09 -0.27216E-07
  0.30090E+03  0.20930E-07 -0.17890E-08 -0.26336E-07
  0.30120E+03  0.21980E-07 -0.38400E-08 -0.25376E-07
  0.30150E+03  0.22930E-07 -0.58410E-08 -0.24335E-07
  0.30180E+03  0.23800E-07 -0.77820E-08 -0.23226E-07
  0.30210E+03  0.24550E-07 -0.96670E-08 -0.22058E-07
  0.30240E+03  0.25180E-07 -0.11474E-07 -0.20816E-07
  0.30270E+03  0.25820E-07 -0.13221E-07 -0.19530E-07
  0.30300E+03  0.26280E-07 -0.14879E-07 -0.18193E-07
  0.30330E+03  0.26640E-07 -0.16455E-07 -0.16818E-07
  0.30360E+03  0.27000E-07 -0.17951E-07 -0.15406E-07
  0.30390E+03  0.27180E-07 -0.19350E-07 -0.13961E-07
  0.30420E+03  0.27254E-07 -0.20671E-07 -0.12504E-07
  0.30450E+03  0.27268E-07 -0.21888E-07 -0.11024E-07
  0.30480E+03  0.27194E-07 -0.23011E-07 -0.95300E-08
  0.30510E+03  0.27035E-07 -0.24034E-07 -0.80240E-08
  0.30540E+03  0.26796E-07 -0.24961E-07 -0.65270E-08
  0.30570E+03  0.26465E-07 -0.25781E-07 -0.50400E-08
  0.30600E+03  0.26060E-07 -0.26504E-07 -0.35566E-08
  0.30630E+03  0.25576E-07 -0.27126E-07 -0.20901E-08
  0.30660E+03  0.19895E-11 -0.20037E-11  0.19895E-11
  0.30690E+03 -0.40359E-11  0.19895E-11  0.39933E-11
