  0.000000E+00 -0.206335E-13  0.636599E-15  0.251274E-13
  0.300000E+00 -0.400416E-13  0.982824E-14  0.279329E-12
  0.600000E+00  0.672836E-12 -0.799643E-13  0.152485E-11
  0.900000E+00  0.537724E-11 -0.104643E-11  0.558908E-11
  0.120000E+01  0.225476E-10 -0.518098E-11  0.157340E-10
  0.150000E+01  0.684012E-10 -0.166934E-10  0.366598E-10
  0.180000E+01  0.168377E-09 -0.413106E-10  0.741731E-10
  0.210000E+01  0.357169E-09 -0.854390E-10  0.134815E-09
  0.240000E+01  0.677021E-09 -0.155554E-09  0.225745E-09
  0.270000E+01  0.117413E-08 -0.258368E-09  0.355174E-09
  0.300000E+01  0.189387E-08 -0.401465E-09  0.533403E-09
  0.330000E+01  0.287620E-08 -0.593008E-09  0.773644E-09
  0.360000E+01  0.415193E-08 -0.839771E-09  0.109151E-08
  0.390000E+01  0.573990E-08 -0.114472E-08  0.150319E-08
  0.420000E+01  0.764532E-08 -0.150495E-08  0.202340E-08
  0.450000E+01  0.985971E-08 -0.190965E-08  0.266366E-08
  0.480000E+01  0.123616E-07 -0.233814E-08  0.343079E-08
  0.510000E+01  0.151164E-07 -0.275929E-08  0.432575E-08
  0.540000E+01  0.180762E-07 -0.313297E-08  0.534319E-08
  0.570000E+01  0.211784E-07 -0.341334E-08  0.647246E-08
  0.600000E+01  0.243469E-07 -0.355229E-08  0.769950E-08
  0.630000E+01  0.274945E-07 -0.350152E-08  0.900859E-08
  0.660000E+01  0.305281E-07 -0.321391E-08  0.103833E-07
  0.690000E+01  0.333539E-07 -0.264550E-08  0.118064E-07
  0.720000E+01  0.358826E-07 -0.175829E-08  0.132595E-07
  0.750000E+01  0.380307E-07 -0.522741E-09  0.147214E-07
  0.780000E+01  0.397216E-07  0.108122E-08  0.161677E-07
  0.810000E+01  0.408845E-07  0.306398E-08  0.175706E-07
  0.840000E+01  0.414539E-07  0.542593E-08  0.188983E-07
  0.870000E+01  0.413695E-07  0.815685E-08  0.201146E-07
  0.900000E+01  0.405760E-07  0.112354E-07  0.211808E-07
  0.930000E+01  0.390254E-07  0.146295E-07  0.220578E-07
  0.960000E+01  0.366800E-07  0.182972E-07  0.227096E-07
  0.990000E+01  0.335161E-07  0.221884E-07  0.231060E-07
  0.102000E+02  0.295271E-07  0.262448E-07  0.232228E-07
  0.105000E+02  0.247248E-07  0.304009E-07  0.230424E-07
  0.108000E+02  0.191384E-07  0.345868E-07  0.225537E-07
  0.111000E+02  0.128115E-07  0.387321E-07  0.217505E-07
  0.114000E+02  0.579832E-08  0.427684E-07  0.206304E-07
  0.117000E+02 -0.184050E-08  0.466285E-07  0.191923E-07
  0.120000E+02 -0.100391E-07  0.502428E-07  0.174364E-07
  0.123000E+02 -0.187256E-07  0.535349E-07  0.153636E-07
  0.126000E+02 -0.278196E-07  0.564208E-07  0.129766E-07
  0.129000E+02 -0.372309E-07  0.588102E-07  0.102821E-07
  0.132000E+02 -0.468604E-07  0.606111E-07  0.729301E-08
  0.135000E+02 -0.566008E-07  0.617358E-07  0.403070E-08
  0.138000E+02 -0.663371E-07  0.621059E-07  0.524891E-09
  0.141000E+02 -0.759474E-07  0.616566E-07 -0.318880E-08
  0.144000E+02 -0.853036E-07  0.603373E-07 -0.707296E-08
  0.147000E+02 -0.942744E-07  0.581106E-07 -0.110919E-07
  0.150000E+02 -0.102729E-06  0.549489E-07 -0.152131E-07
  0.153000E+02 -0.110540E-06  0.508317E-07 -0.194055E-07
  0.156000E+02 -0.117588E-06  0.457435E-07 -0.236368E-07
  0.159000E+02 -0.123757E-06  0.396737E-07 -0.278712E-07
  0.162000E+02 -0.128941E-06  0.326181E-07 -0.320689E-07
  0.165000E+02 -0.133040E-06  0.245835E-07 -0.361882E-07
  0.168000E+02 -0.135962E-06  0.155917E-07 -0.401876E-07
  0.171000E+02 -0.137623E-06  0.568122E-08 -0.440285E-07
  0.174000E+02 -0.137949E-06 -0.509242E-08 -0.476761E-07
  0.177000E+02 -0.136871E-06 -0.166592E-07 -0.510985E-07
  0.180000E+02 -0.134328E-06 -0.289373E-07 -0.542636E-07
  0.183000E+02 -0.130274E-06 -0.418345E-07 -0.571358E-07
  0.186000E+02 -0.124683E-06 -0.552475E-07 -0.596740E-07
  0.189000E+02 -0.117551E-06 -0.690592E-07 -0.618331E-07
  0.192000E+02 -0.108902E-06 -0.831353E-07 -0.635676E-07
  0.195000E+02 -0.987843E-07 -0.973240E-07 -0.648359E-07
  0.198000E+02 -0.872694E-07 -0.111459E-06 -0.656042E-07
  0.201000E+02 -0.744468E-07 -0.125366E-06 -0.658490E-07
  0.204000E+02 -0.604203E-07 -0.138866E-06 -0.655574E-07
  0.207000E+02 -0.453045E-07 -0.151786E-06 -0.647251E-07
  0.210000E+02 -0.292236E-07 -0.163960E-06 -0.633545E-07
  0.213000E+02 -0.123111E-07 -0.175232E-06 -0.614534E-07
  0.216000E+02  0.528968E-08 -0.185458E-06 -0.590342E-07
  0.219000E+02  0.234264E-07 -0.194504E-06 -0.561138E-07
  0.222000E+02  0.419381E-07 -0.202251E-06 -0.527142E-07
  0.225000E+02  0.606566E-07 -0.208594E-06 -0.488622E-07
  0.228000E+02  0.794091E-07 -0.213447E-06 -0.445884E-07
  0.231000E+02  0.980206E-07 -0.216740E-06 -0.399271E-07
  0.234000E+02  0.116316E-06 -0.218424E-06 -0.349148E-07
  0.237000E+02  0.134121E-06 -0.218462E-06 -0.295891E-07
  0.240000E+02  0.151267E-06 -0.216832E-06 -0.239874E-07
  0.243000E+02  0.167585E-06 -0.213518E-06 -0.181457E-07
  0.246000E+02  0.182913E-06 -0.208519E-06 -0.120993E-07
  0.249000E+02  0.197097E-06 -0.201841E-06 -0.588518E-08
  0.252000E+02  0.209989E-06 -0.193506E-06  0.456319E-09
  0.255000E+02  0.221449E-06 -0.183549E-06  0.688146E-08
  0.258000E+02  0.231353E-06 -0.172023E-06  0.133442E-07
  0.261000E+02  0.239588E-06 -0.158989E-06  0.197971E-07
  0.264000E+02  0.246059E-06 -0.144519E-06  0.261925E-07
  0.267000E+02  0.250688E-06 -0.128690E-06  0.324811E-07
  0.270000E+02  0.253413E-06 -0.111589E-06  0.386114E-07
  0.273000E+02  0.254188E-06 -0.933172E-07  0.445283E-07
  0.276000E+02  0.252981E-06 -0.739889E-07  0.501732E-07
  0.279000E+02  0.249774E-06 -0.537381E-07  0.554865E-07
  0.282000E+02  0.244564E-06 -0.327172E-07  0.604100E-07
  0.285000E+02  0.237363E-06 -0.110961E-07  0.648904E-07
  0.288000E+02  0.228200E-06  0.109413E-07  0.688821E-07
  0.291000E+02  0.217126E-06  0.332029E-07  0.723491E-07
  0.294000E+02  0.204212E-06  0.554944E-07  0.752666E-07
  0.297000E+02  0.189553E-06  0.776234E-07  0.776212E-07
  0.300000E+02  0.173267E-06  0.994036E-07  0.794098E-07
  0.303000E+02  0.155497E-06  0.120656E-06  0.806373E-07
  0.306000E+02  0.136404E-06  0.141210E-06  0.813138E-07
  0.309000E+02  0.116167E-06  0.160903E-06  0.814521E-07
  0.312000E+02  0.949775E-07  0.179580E-06  0.810672E-07
  0.315000E+02  0.730292E-07  0.197095E-06  0.801768E-07
  0.318000E+02  0.505179E-07  0.213315E-06  0.788018E-07
  0.321000E+02  0.276348E-07  0.228125E-06  0.769670E-07
  0.324000E+02  0.456366E-08  0.241427E-06  0.747008E-07
  0.327000E+02 -0.185201E-07  0.253139E-06  0.720353E-07
  0.330000E+02 -0.414495E-07  0.263196E-06  0.690055E-07
  0.333000E+02 -0.640652E-07  0.271545E-06  0.656493E-07
  0.336000E+02 -0.862135E-07  0.278148E-06  0.620056E-07
  0.339000E+02 -0.107744E-06  0.282975E-06  0.581134E-07
  0.342000E+02 -0.128511E-06  0.286014E-06  0.540101E-07
  0.345000E+02 -0.148371E-06  0.287259E-06  0.497315E-07
  0.348000E+02 -0.167185E-06  0.286717E-06  0.453111E-07
  0.351000E+02 -0.184820E-06  0.284408E-06  0.407798E-07
  0.354000E+02 -0.201147E-06  0.280366E-06  0.361663E-07
  0.357000E+02 -0.216048E-06  0.274642E-06  0.314950E-07
  0.360000E+02 -0.229411E-06  0.267309E-06  0.267827E-07
  0.363000E+02 -0.241135E-06  0.258465E-06  0.220320E-07
  0.366000E+02 -0.251131E-06  0.248239E-06  0.172264E-07
  0.369000E+02 -0.259317E-06  0.236794E-06  0.123297E-07
  0.372000E+02 -0.265620E-06  0.224329E-06  0.729352E-08
  0.375000E+02 -0.269982E-06  0.211068E-06  0.206979E-08
  0.378000E+02 -0.272363E-06  0.197249E-06 -0.337795E-08
  0.381000E+02 -0.272751E-06  0.183110E-06 -0.906418E-08
  0.384000E+02 -0.271160E-06  0.168870E-06 -0.149696E-07
  0.387000E+02 -0.267638E-06  0.154696E-06 -0.210302E-07
  0.390000E+02 -0.262271E-06  0.140694E-06 -0.271315E-07
  0.393000E+02 -0.255176E-06  0.126883E-06 -0.331094E-07
  0.396000E+02 -0.246508E-06  0.113192E-06 -0.387555E-07
  0.399000E+02 -0.236450E-06  0.994612E-07 -0.438281E-07
  0.402000E+02 -0.225214E-06  0.854545E-07 -0.480653E-07
  0.405000E+02 -0.213031E-06  0.708763E-07 -0.511959E-07
  0.408000E+02 -0.200151E-06  0.553983E-07 -0.529464E-07
  0.411000E+02 -0.186830E-06  0.386884E-07 -0.530551E-07
  0.414000E+02 -0.173325E-06  0.204458E-07 -0.513006E-07
  0.417000E+02 -0.159878E-06  0.439814E-09 -0.475349E-07
  0.420000E+02 -0.146702E-06 -0.214552E-07 -0.417085E-07
  0.423000E+02 -0.133973E-06 -0.452375E-07 -0.338765E-07
  0.426000E+02 -0.121827E-06 -0.707715E-07 -0.241867E-07
  0.429000E+02 -0.110365E-06 -0.977966E-07 -0.128625E-07
  0.432000E+02 -0.996520E-07 -0.125946E-06 -0.188251E-09
  0.435000E+02 -0.897264E-07 -0.154780E-06  0.135072E-07
  0.438000E+02 -0.806065E-07 -0.183821E-06  0.278747E-07
  0.441000E+02 -0.723002E-07 -0.212607E-06  0.425688E-07
  0.444000E+02 -0.648098E-07 -0.240719E-06  0.572582E-07
  0.447000E+02 -0.581298E-07 -0.267805E-06  0.716192E-07
  0.450000E+02 -0.522413E-07 -0.293583E-06  0.853124E-07
  0.453000E+02 -0.471059E-07 -0.317820E-06  0.979574E-07
  0.456000E+02 -0.426582E-07 -0.340305E-06  0.109122E-06
  0.459000E+02 -0.388007E-07 -0.360808E-06  0.118330E-06
  0.462000E+02 -0.354014E-07 -0.379059E-06  0.125084E-06
  0.465000E+02 -0.322957E-07 -0.394719E-06  0.128880E-06
  0.468000E+02 -0.292885E-07 -0.407372E-06  0.129224E-06
  0.471000E+02 -0.261581E-07 -0.416522E-06  0.125655E-06
  0.474000E+02 -0.226647E-07 -0.421630E-06  0.117785E-06
  0.477000E+02 -0.185594E-07 -0.422144E-06  0.105324E-06
  0.480000E+02 -0.135865E-07 -0.417521E-06  0.880710E-07
  0.483000E+02 -0.748279E-08 -0.407236E-06  0.659015E-07
  0.486000E+02  0.193685E-10 -0.390782E-06  0.387481E-07
  0.489000E+02  0.918517E-08 -0.367662E-06  0.660259E-08
  0.492000E+02  0.202668E-07 -0.337407E-06 -0.304648E-07
  0.495000E+02  0.334888E-07 -0.299599E-06 -0.722762E-07
  0.498000E+02  0.490290E-07 -0.253922E-06 -0.118520E-06
  0.501000E+02  0.670017E-07 -0.200205E-06 -0.168739E-06
  0.504000E+02  0.874486E-07 -0.138462E-06 -0.222333E-06
  0.507000E+02  0.110339E-06 -0.689215E-07 -0.278562E-06
  0.510000E+02  0.135576E-06  0.794888E-08 -0.336545E-06
  0.513000E+02  0.162991E-06  0.914164E-07 -0.395275E-06
  0.516000E+02  0.192349E-06  0.180479E-06 -0.453647E-06
  0.519000E+02  0.223348E-06  0.273891E-06 -0.510502E-06
  0.522000E+02  0.255644E-06  0.370223E-06 -0.564660E-06
  0.525000E+02  0.288853E-06  0.467909E-06 -0.614942E-06
  0.528000E+02  0.322554E-06  0.565293E-06 -0.660174E-06
  0.531000E+02  0.356284E-06  0.660665E-06 -0.699193E-06
  0.534000E+02  0.389538E-06  0.752298E-06 -0.730876E-06
  0.537000E+02  0.421783E-06  0.838481E-06 -0.754162E-06
  0.540000E+02  0.452466E-06  0.917523E-06 -0.768064E-06
  0.543000E+02  0.481017E-06  0.987743E-06 -0.771665E-06
  0.546000E+02  0.506852E-06  0.104748E-05 -0.764137E-06
  0.549000E+02  0.529393E-06  0.109511E-05 -0.744777E-06
  0.552000E+02  0.548095E-06  0.112909E-05 -0.713064E-06
  0.555000E+02  0.562470E-06  0.114798E-05 -0.668693E-06
  0.558000E+02  0.572104E-06  0.115051E-05 -0.611596E-06
  0.561000E+02  0.576664E-06  0.113559E-05 -0.541951E-06
  0.564000E+02  0.575903E-06  0.110237E-05 -0.460197E-06
  0.567000E+02  0.569664E-06  0.105033E-05 -0.367034E-06
  0.570000E+02  0.557881E-06  0.979244E-06 -0.263419E-06
  0.573000E+02  0.540582E-06  0.889289E-06 -0.150523E-06
  0.576000E+02  0.517873E-06  0.781011E-06 -0.296985E-07
  0.579000E+02  0.489933E-06  0.655330E-06  0.975643E-07
  0.582000E+02  0.457008E-06  0.513504E-06  0.229661E-06
  0.585000E+02  0.419405E-06  0.357083E-06  0.364897E-06
  0.588000E+02  0.377476E-06  0.187852E-06  0.501515E-06
  0.591000E+02  0.331605E-06  0.779271E-08  0.637725E-06
  0.594000E+02  0.282207E-06 -0.180952E-06  0.771723E-06
  0.597000E+02  0.229725E-06 -0.376099E-06  0.901710E-06
  0.600000E+02  0.174629E-06 -0.575248E-06  0.102590E-05
  0.603000E+02  0.117422E-06 -0.775896E-06  0.114255E-05
  0.606000E+02  0.586516E-07 -0.975471E-06  0.124999E-05
  0.609000E+02 -0.108920E-08 -0.117137E-05  0.134667E-05
  0.612000E+02 -0.611578E-07 -0.136105E-05  0.143118E-05
  0.615000E+02 -0.120884E-06 -0.154205E-05  0.150223E-05
  0.618000E+02 -0.179602E-06 -0.171211E-05  0.155870E-05
  0.621000E+02 -0.236665E-06 -0.186921E-05  0.159962E-05
  0.624000E+02 -0.291451E-06 -0.201156E-05  0.162423E-05
  0.627000E+02 -0.343354E-06 -0.213762E-05  0.163200E-05
  0.630000E+02 -0.391759E-06 -0.224604E-05  0.162272E-05
  0.633000E+02 -0.436033E-06 -0.233568E-05  0.159645E-05
  0.636000E+02 -0.475509E-06 -0.240555E-05  0.155358E-05
  0.639000E+02 -0.509471E-06 -0.245478E-05  0.149478E-05
  0.642000E+02 -0.537160E-06 -0.248261E-05  0.142099E-05
  0.645000E+02 -0.557793E-06 -0.248839E-05  0.133340E-05
  0.648000E+02 -0.570597E-06 -0.247163E-05  0.123335E-05
  0.651000E+02 -0.574852E-06 -0.243202E-05  0.112224E-05
  0.654000E+02 -0.569917E-06 -0.236952E-05  0.100152E-05
  0.657000E+02 -0.555259E-06 -0.228431E-05  0.872594E-06
  0.660000E+02 -0.530482E-06 -0.217687E-05  0.736785E-06
  0.663000E+02 -0.495357E-06 -0.204791E-05  0.595258E-06
  0.666000E+02 -0.449871E-06 -0.189836E-05  0.449027E-06
  0.669000E+02 -0.394258E-06 -0.172934E-05  0.298976E-06
  0.672000E+02 -0.329016E-06 -0.154213E-05  0.145916E-06
  0.675000E+02 -0.254921E-06 -0.133820E-05 -0.936930E-08
  0.678000E+02 -0.173008E-06 -0.111922E-05 -0.166094E-06
  0.681000E+02 -0.845333E-07 -0.887032E-06 -0.323442E-06
  0.684000E+02  0.907971E-08 -0.643643E-06 -0.480530E-06
  0.687000E+02  0.106257E-06 -0.391207E-06 -0.636365E-06
  0.690000E+02  0.205289E-06 -0.131967E-06 -0.789821E-06
  0.693000E+02  0.304373E-06  0.131773E-06 -0.939631E-06
  0.696000E+02  0.401700E-06  0.397662E-06 -0.108441E-05
  0.699000E+02  0.495570E-06  0.663320E-06 -0.122267E-05
  0.702000E+02  0.584426E-06  0.926380E-06 -0.135287E-05
  0.705000E+02  0.666761E-06  0.118456E-05 -0.147342E-05
  0.708000E+02  0.741036E-06  0.143573E-05 -0.158272E-05
  0.711000E+02  0.805692E-06  0.167801E-05 -0.167916E-05
  0.714000E+02  0.859176E-06  0.190984E-05 -0.176128E-05
  0.717000E+02  0.899864E-06  0.213001E-05 -0.182778E-05
  0.720000E+02  0.925916E-06  0.233768E-05 -0.187766E-05
  0.723000E+02  0.935225E-06  0.253235E-05 -0.191022E-05
  0.726000E+02  0.925529E-06  0.271362E-05 -0.192517E-05
  0.729000E+02  0.894625E-06  0.288108E-05 -0.192260E-05
  0.732000E+02  0.840550E-06  0.303414E-05 -0.190298E-05
  0.735000E+02  0.761655E-06  0.317216E-05 -0.186707E-05
  0.738000E+02  0.656627E-06  0.329450E-05 -0.181586E-05
  0.741000E+02  0.524471E-06  0.340051E-05 -0.175053E-05
  0.744000E+02  0.364482E-06  0.348956E-05 -0.167239E-05
  0.747000E+02  0.176177E-06  0.356106E-05 -0.158275E-05
  0.750000E+02 -0.408339E-07  0.361450E-05 -0.148289E-05
  0.753000E+02 -0.287023E-06  0.364960E-05 -0.137387E-05
  0.756000E+02 -0.563069E-06  0.366626E-05 -0.125654E-05
  0.759000E+02 -0.869847E-06  0.366467E-05 -0.113149E-05
  0.762000E+02 -0.120822E-05  0.364522E-05 -0.999127E-06
  0.765000E+02 -0.157870E-05  0.360866E-05 -0.859849E-06
  0.768000E+02 -0.198098E-05  0.355603E-05 -0.714200E-06
  0.771000E+02 -0.241362E-05  0.348863E-05 -0.563018E-06
  0.774000E+02 -0.287377E-05  0.340783E-05 -0.407523E-06
  0.777000E+02 -0.335695E-05  0.331482E-05 -0.249335E-06
  0.780000E+02 -0.385703E-05  0.321039E-05 -0.904117E-07
  0.783000E+02 -0.436612E-05  0.309479E-05  0.671179E-07
  0.786000E+02 -0.487471E-05  0.296773E-05  0.221154E-06
  0.789000E+02 -0.537193E-05  0.282850E-05  0.369809E-06
  0.792000E+02 -0.584586E-05  0.267618E-05  0.511539E-06
  0.795000E+02 -0.628394E-05  0.250981E-05  0.645207E-06
  0.798000E+02 -0.667334E-05  0.232857E-05  0.770048E-06
  0.801000E+02 -0.700137E-05  0.213172E-05  0.885527E-06
  0.804000E+02 -0.725570E-05  0.191862E-05  0.991148E-06
  0.807000E+02 -0.742438E-05  0.168870E-05  0.108628E-05
  0.810000E+02 -0.749591E-05  0.144143E-05  0.117011E-05
  0.813000E+02 -0.745934E-05  0.117632E-05  0.124163E-05
  0.816000E+02 -0.730453E-05  0.892911E-06  0.129983E-05
  0.819000E+02 -0.702262E-05  0.590846E-06  0.134374E-05
  0.822000E+02 -0.660666E-05  0.270061E-06  0.137253E-05
  0.825000E+02 -0.605214E-05 -0.690205E-07  0.138546E-05
  0.828000E+02 -0.535734E-05 -0.425400E-06  0.138189E-05
  0.831000E+02 -0.452355E-05 -0.797477E-06  0.136122E-05
  0.834000E+02 -0.355513E-05 -0.118305E-05  0.132299E-05
  0.837000E+02 -0.245950E-05 -0.157935E-05  0.126687E-05
  0.840000E+02 -0.124713E-05 -0.198310E-05  0.119273E-05
  0.843000E+02  0.686153E-07 -0.239063E-05  0.110076E-05
  0.846000E+02  0.147163E-05 -0.279806E-05  0.991586E-06
  0.849000E+02  0.294338E-05 -0.320149E-05  0.866322E-06
  0.852000E+02  0.446323E-05 -0.359706E-05  0.726542E-06
  0.855000E+02  0.600885E-05 -0.398105E-05  0.574185E-06
  0.858000E+02  0.755679E-05 -0.434983E-05  0.411456E-06
  0.861000E+02  0.908298E-05 -0.469984E-05  0.240750E-06
  0.864000E+02  0.105633E-04 -0.502768E-05  0.646475E-07
  0.867000E+02  0.119740E-04 -0.533026E-05 -0.114072E-06
  0.870000E+02  0.132920E-04 -0.560497E-05 -0.292419E-06
  0.873000E+02  0.144956E-04 -0.584988E-05 -0.467254E-06
  0.876000E+02  0.155648E-04 -0.606375E-05 -0.635392E-06
  0.879000E+02  0.164815E-04 -0.624615E-05 -0.793703E-06
  0.882000E+02  0.172308E-04 -0.639735E-05 -0.939159E-06
  0.885000E+02  0.178000E-04 -0.651816E-05 -0.106884E-05
  0.888000E+02  0.181797E-04 -0.660965E-05 -0.117999E-05
  0.891000E+02  0.183631E-04 -0.667289E-05 -0.127003E-05
  0.894000E+02  0.183460E-04 -0.670870E-05 -0.133663E-05
  0.897000E+02  0.181271E-04 -0.671743E-05 -0.137775E-05
  0.900000E+02  0.177071E-04 -0.669879E-05 -0.139153E-05
  0.903000E+02  0.170895E-04 -0.665172E-05 -0.137634E-05
  0.906000E+02  0.162798E-04 -0.657429E-05 -0.133073E-05
  0.909000E+02  0.152855E-04 -0.646377E-05 -0.125347E-05
  0.912000E+02  0.141158E-04 -0.631669E-05 -0.114366E-05
  0.915000E+02  0.127816E-04 -0.612900E-05 -0.100081E-05
  0.918000E+02  0.112951E-04 -0.589625E-05 -0.825031E-06
  0.921000E+02  0.967011E-05 -0.561398E-05 -0.617156E-06
  0.924000E+02  0.792169E-05 -0.527820E-05 -0.378894E-06
  0.927000E+02  0.606664E-05 -0.488592E-05 -0.112840E-06
  0.930000E+02  0.412328E-05 -0.443544E-05  0.177553E-06
  0.933000E+02  0.211137E-05 -0.392657E-05  0.488057E-06
  0.936000E+02  0.518962E-07 -0.336076E-05  0.813779E-06
  0.939000E+02 -0.203313E-05 -0.274114E-05  0.114928E-05
  0.942000E+02 -0.412098E-05 -0.207248E-05  0.148870E-05
  0.945000E+02 -0.618848E-05 -0.136097E-05  0.182579E-05
  0.948000E+02 -0.821242E-05 -0.613991E-06  0.215403E-05
  0.951000E+02 -0.101701E-04  0.160093E-06  0.246674E-05
  0.954000E+02 -0.120396E-04  0.952180E-06  0.275724E-05
  0.957000E+02 -0.138006E-04  0.175266E-05  0.301913E-05
  0.960000E+02 -0.154343E-04  0.255164E-05  0.324653E-05
  0.963000E+02 -0.169243E-04  0.333924E-05  0.343427E-05
  0.966000E+02 -0.182559E-04  0.410585E-05  0.357811E-05
  0.969000E+02 -0.194172E-04  0.484243E-05  0.367487E-05
  0.972000E+02 -0.203985E-04  0.554085E-05  0.372259E-05
  0.975000E+02 -0.211922E-04  0.619417E-05  0.372058E-05
  0.978000E+02 -0.217930E-04  0.679690E-05  0.366941E-05
  0.981000E+02 -0.221974E-04  0.734513E-05  0.357067E-05
  0.984000E+02 -0.224039E-04  0.783649E-05  0.342679E-05
  0.987000E+02 -0.224127E-04  0.827003E-05  0.324068E-05
  0.990000E+02 -0.222258E-04  0.864589E-05  0.301547E-05
  0.993000E+02 -0.218468E-04  0.896487E-05  0.275424E-05
  0.996000E+02 -0.212811E-04  0.922790E-05  0.245981E-05
  0.999000E+02 -0.205352E-04  0.943544E-05  0.213472E-05
  0.100200E+03 -0.196175E-04  0.958727E-05  0.178127E-05
  0.100500E+03 -0.185376E-04  0.968226E-05  0.140167E-05
  0.100800E+03 -0.173066E-04  0.971837E-05  0.998197E-06
  0.101100E+03 -0.159370E-04  0.969269E-05  0.573441E-06
  0.101400E+03 -0.144425E-04  0.960172E-05  0.130518E-06
  0.101700E+03 -0.128379E-04  0.944178E-05 -0.326740E-06
  0.102000E+03 -0.111389E-04  0.920955E-05 -0.793692E-06
  0.102300E+03 -0.936157E-05  0.890262E-05 -0.126490E-05
  0.102600E+03 -0.752266E-05  0.852002E-05 -0.173425E-05
  0.102900E+03 -0.563912E-05  0.806260E-05 -0.219512E-05
  0.103200E+03 -0.372812E-05  0.753333E-05 -0.264065E-05
  0.103500E+03 -0.180694E-05  0.693734E-05 -0.306405E-05
  0.103800E+03  0.107122E-06  0.628176E-05 -0.345897E-05
  0.104100E+03  0.199674E-05  0.557545E-05 -0.381968E-05
  0.104400E+03  0.384454E-05  0.482851E-05 -0.414136E-05
  0.104700E+03  0.563320E-05  0.405177E-05 -0.442012E-05
  0.105000E+03  0.734569E-05  0.325624E-05 -0.465311E-05
  0.105300E+03  0.896568E-05  0.245252E-05 -0.483851E-05
  0.105600E+03  0.104779E-04  0.165050E-05 -0.497548E-05
  0.105900E+03  0.118684E-04  0.858947E-06 -0.506402E-05
  0.106200E+03  0.131250E-04  0.853461E-07 -0.510476E-05
  0.106500E+03  0.142373E-04 -0.664218E-06 -0.509874E-05
  0.106800E+03  0.151968E-04 -0.138501E-05 -0.504726E-05
  0.107100E+03  0.159972E-04 -0.207348E-05 -0.495175E-05
  0.107400E+03  0.166347E-04 -0.272703E-05 -0.481365E-05
  0.107700E+03  0.171074E-04 -0.334378E-05 -0.463446E-05
  0.108000E+03  0.174161E-04 -0.392221E-05 -0.441576E-05
  0.108300E+03  0.175637E-04 -0.446091E-05 -0.415935E-05
  0.108600E+03  0.175554E-04 -0.495831E-05 -0.386735E-05
  0.108900E+03  0.173981E-04 -0.541260E-05 -0.354230E-05
  0.109200E+03  0.171001E-04 -0.582162E-05 -0.318726E-05
  0.109500E+03  0.166709E-04 -0.618300E-05 -0.280581E-05
  0.109800E+03  0.161206E-04 -0.649428E-05 -0.240213E-05
  0.110100E+03  0.154599E-04 -0.675312E-05 -0.198089E-05
  0.110400E+03  0.146995E-04 -0.695751E-05 -0.154718E-05
  0.110700E+03  0.138499E-04 -0.710596E-05 -0.110629E-05
  0.111000E+03  0.129217E-04 -0.719769E-05 -0.663553E-06
  0.111300E+03  0.119250E-04 -0.723283E-05 -0.224098E-06
  0.111600E+03  0.108699E-04 -0.721248E-05  0.207257E-06
  0.111900E+03  0.976665E-05 -0.713877E-05  0.626124E-06
  0.112200E+03  0.862535E-05 -0.701466E-05  0.102860E-05
  0.112500E+03  0.745647E-05 -0.684383E-05  0.141128E-05
  0.112800E+03  0.627064E-05 -0.663042E-05  0.177123E-05
  0.113100E+03  0.507856E-05 -0.637883E-05  0.210596E-05
  0.113400E+03  0.389091E-05 -0.609358E-05  0.241336E-05
  0.113700E+03  0.271817E-05 -0.577919E-05  0.269166E-05
  0.114000E+03  0.157050E-05 -0.544017E-05  0.293939E-05
  0.114300E+03  0.457558E-06 -0.508089E-05  0.315532E-05
  0.114600E+03 -0.611680E-06 -0.470556E-05  0.333848E-05
  0.114900E+03 -0.162902E-05 -0.431810E-05  0.348821E-05
  0.115200E+03 -0.258714E-05 -0.392209E-05  0.360414E-05
  0.115500E+03 -0.347960E-05 -0.352069E-05  0.368625E-05
  0.115800E+03 -0.430090E-05 -0.311670E-05  0.373475E-05
  0.116100E+03 -0.504642E-05 -0.271268E-05  0.375011E-05
  0.116400E+03 -0.571245E-05 -0.231105E-05  0.373302E-05
  0.116700E+03 -0.629614E-05 -0.191423E-05  0.368437E-05
  0.117000E+03 -0.679553E-05 -0.152459E-05  0.360527E-05
  0.117300E+03 -0.720957E-05 -0.114451E-05  0.349695E-05
  0.117600E+03 -0.753810E-05 -0.776317E-06  0.336086E-05
  0.117900E+03 -0.778189E-05 -0.422257E-06  0.319866E-05
  0.118200E+03 -0.794263E-05 -0.844801E-07  0.301228E-05
  0.118500E+03 -0.802289E-05  0.234950E-06  0.280397E-05
  0.118800E+03 -0.802609E-05  0.534003E-06  0.257625E-05
  0.119100E+03 -0.795647E-05  0.810633E-06  0.233195E-05
  0.119400E+03 -0.781893E-05  0.106278E-05  0.207417E-05
  0.119700E+03 -0.761894E-05  0.128844E-05  0.180621E-05
  0.120000E+03 -0.736242E-05  0.148585E-05  0.153152E-05
  0.120300E+03 -0.705545E-05  0.165362E-05  0.125360E-05
  0.120600E+03 -0.670420E-05  0.179086E-05  0.975981E-06
  0.120900E+03 -0.631475E-05  0.189736E-05  0.702129E-06
  0.121200E+03 -0.589300E-05  0.197360E-05  0.435414E-06
  0.121500E+03 -0.544471E-05  0.202081E-05  0.179028E-06
  0.121800E+03 -0.497540E-05  0.204099E-05 -0.640912E-07
  0.122100E+03 -0.449045E-05  0.203686E-05 -0.291330E-06
  0.122400E+03 -0.399506E-05  0.201178E-05 -0.500442E-06
  0.122700E+03 -0.349433E-05  0.196957E-05 -0.689574E-06
  0.123000E+03 -0.299325E-05  0.191426E-05 -0.857267E-06
  0.123300E+03 -0.249675E-05  0.184981E-05 -0.100245E-05
  0.123600E+03 -0.200964E-05  0.177996E-05 -0.112444E-05
  0.123900E+03 -0.153664E-05  0.170807E-05 -0.122289E-05
  0.124200E+03 -0.108232E-05  0.163696E-05 -0.129776E-05
  0.124500E+03 -0.651167E-06  0.156886E-05 -0.134933E-05
  0.124800E+03 -0.247518E-06  0.150537E-05 -0.137811E-05
  0.125100E+03  0.124410E-06  0.144760E-05 -0.138485E-05
  0.125400E+03  0.460633E-06  0.139622E-05 -0.137055E-05
  0.125700E+03  0.757540E-06  0.135166E-05 -0.133641E-05
  0.126000E+03  0.101205E-05  0.131420E-05 -0.128388E-05
  0.126300E+03  0.122177E-05  0.128404E-05 -0.121455E-05
  0.126600E+03  0.138515E-05  0.126137E-05 -0.113023E-05
  0.126900E+03  0.150158E-05  0.124639E-05 -0.103286E-05
  0.127200E+03  0.157151E-05  0.123932E-05 -0.924577E-06
  0.127500E+03  0.159641E-05  0.124035E-05 -0.807672E-06
  0.127800E+03  0.157873E-05  0.124962E-05 -0.684593E-06
  0.128100E+03  0.152169E-05  0.126715E-05 -0.557903E-06
  0.128400E+03  0.142911E-05  0.129290E-05 -0.430205E-06
  0.128700E+03  0.130514E-05  0.132664E-05 -0.304071E-06
  0.129000E+03  0.115410E-05  0.136797E-05 -0.181985E-06
  0.129300E+03  0.980274E-06  0.141616E-05 -0.663245E-07
  0.129600E+03  0.787855E-06  0.147019E-05  0.406676E-07
  0.129900E+03  0.580862E-06  0.152865E-05  0.136925E-06
  0.130200E+03  0.363142E-06  0.158984E-05  0.220639E-06
  0.130500E+03  0.138358E-06  0.165181E-05  0.290356E-06
  0.130800E+03 -0.899882E-07  0.171253E-05  0.345051E-06
  0.131100E+03 -0.318515E-06  0.177002E-05  0.384177E-06
  0.131400E+03 -0.543899E-06  0.182255E-05  0.407664E-06
  0.131700E+03 -0.762812E-06  0.186878E-05  0.415887E-06
  0.132000E+03 -0.971867E-06  0.190784E-05  0.409597E-06
  0.132300E+03 -0.116763E-05  0.193925E-05  0.389860E-06
  0.132600E+03 -0.134665E-05  0.196277E-05  0.357961E-06
  0.132900E+03 -0.150559E-05  0.197829E-05  0.315311E-06
  0.133200E+03 -0.164132E-05  0.198568E-05  0.263334E-06
  0.133500E+03 -0.175108E-05  0.198470E-05  0.203386E-06
  0.133800E+03 -0.183252E-05  0.197498E-05  0.136710E-06
  0.134100E+03 -0.188380E-05  0.195598E-05  0.644401E-07
  0.134400E+03 -0.190366E-05  0.192707E-05 -0.123679E-07
  0.134700E+03 -0.189141E-05  0.188759E-05 -0.927046E-07
  0.135000E+03 -0.184693E-05  0.183698E-05 -0.175574E-06
  0.135300E+03 -0.177065E-05  0.177479E-05 -0.259963E-06
  0.135600E+03 -0.166346E-05  0.170070E-05 -0.344804E-06
  0.135900E+03 -0.152670E-05  0.161454E-05 -0.428946E-06
  0.136200E+03 -0.136217E-05  0.151634E-05 -0.511151E-06
  0.136500E+03 -0.117210E-05  0.140626E-05 -0.590117E-06
  0.136800E+03 -0.959095E-06  0.128463E-05 -0.664530E-06
  0.137100E+03 -0.726136E-06  0.115186E-05 -0.733117E-06
  0.137400E+03 -0.476474E-06  0.100844E-05 -0.794678E-06
  0.137700E+03 -0.213550E-06  0.854878E-06 -0.848106E-06
  0.138000E+03  0.591421E-07  0.691701E-06 -0.892397E-06
  0.138300E+03  0.338181E-06  0.519506E-06 -0.926699E-06
  0.138600E+03  0.620308E-06  0.338968E-06 -0.950367E-06
  0.138900E+03  0.902442E-06  0.150861E-06 -0.963017E-06
  0.139200E+03  0.118165E-05 -0.439111E-07 -0.964559E-06
  0.139500E+03  0.145512E-05 -0.244256E-06 -0.955226E-06
  0.139800E+03  0.172008E-05 -0.448836E-06 -0.935573E-06
  0.140100E+03  0.197388E-05 -0.656050E-06 -0.906466E-06
  0.140400E+03  0.221393E-05 -0.864084E-06 -0.869014E-06
  0.140700E+03  0.243779E-05 -0.107101E-05 -0.824481E-06
  0.141000E+03  0.264316E-05 -0.127489E-05 -0.774161E-06
  0.141300E+03  0.282798E-05 -0.147385E-05 -0.719259E-06
  0.141600E+03  0.299043E-05 -0.166609E-05 -0.660791E-06
  0.141900E+03  0.312901E-05 -0.184988E-05 -0.599522E-06
  0.142200E+03  0.324250E-05 -0.202365E-05 -0.535964E-06
  0.142500E+03  0.333005E-05 -0.218589E-05 -0.470418E-06
  0.142800E+03  0.339111E-05 -0.233529E-05 -0.403044E-06
  0.143100E+03  0.342544E-05 -0.247071E-05 -0.333930E-06
  0.143400E+03  0.343304E-05 -0.259121E-05 -0.263146E-06
  0.143700E+03  0.341419E-05 -0.269597E-05 -0.190804E-06
  0.144000E+03  0.336937E-05 -0.278430E-05 -0.117119E-06
  0.144300E+03  0.329932E-05 -0.285560E-05 -0.424719E-07
  0.144600E+03  0.320503E-05 -0.290934E-05  0.325704E-07
  0.144900E+03  0.308772E-05 -0.294509E-05  0.107255E-06
  0.145200E+03  0.294879E-05 -0.296248E-05  0.180671E-06
  0.145500E+03  0.278981E-05 -0.296125E-05  0.251790E-06
  0.145800E+03  0.261240E-05 -0.294127E-05  0.319494E-06
  0.146100E+03  0.241821E-05 -0.290263E-05  0.382624E-06
  0.146400E+03  0.220896E-05 -0.284572E-05  0.440049E-06
  0.146700E+03  0.198644E-05 -0.277126E-05  0.490766E-06
  0.147000E+03  0.175263E-05 -0.268032E-05  0.534008E-06
  0.147300E+03  0.150969E-05 -0.257430E-05  0.569321E-06
  0.147600E+03  0.126000E-05 -0.245480E-05  0.596592E-06
  0.147900E+03  0.100608E-05 -0.232361E-05  0.616025E-06
  0.148200E+03  0.750465E-06 -0.218255E-05  0.628085E-06
  0.148500E+03  0.495638E-06 -0.203338E-05  0.633429E-06
  0.148800E+03  0.243900E-06 -0.187770E-05  0.632830E-06
  0.149100E+03 -0.267323E-08 -0.171689E-05  0.627084E-06
  0.149400E+03 -0.242294E-06 -0.155204E-05  0.616929E-06
  0.149700E+03 -0.473508E-06 -0.138397E-05  0.602988E-06
  0.150000E+03 -0.695182E-06 -0.121334E-05  0.585750E-06
  0.150300E+03 -0.906445E-06 -0.104065E-05  0.565597E-06
  0.150600E+03 -0.110657E-05 -0.866387E-06  0.542836E-06
  0.150900E+03 -0.129483E-05 -0.691017E-06  0.517728E-06
  0.151200E+03 -0.147045E-05 -0.515083E-06  0.490492E-06
  0.151500E+03 -0.163252E-05 -0.339232E-06  0.461309E-06
  0.151800E+03 -0.178013E-05 -0.164247E-06  0.430322E-06
  0.152100E+03 -0.191241E-05  0.895221E-08  0.397651E-06
  0.152400E+03 -0.202864E-05  0.179313E-06  0.363421E-06
  0.152700E+03 -0.212840E-05  0.345657E-06  0.327790E-06
  0.153000E+03 -0.221153E-05  0.506686E-06  0.290972E-06
  0.153300E+03 -0.227813E-05  0.661004E-06  0.253263E-06
  0.153600E+03 -0.232853E-05  0.807159E-06  0.215046E-06
  0.153900E+03 -0.236317E-05  0.943737E-06  0.176794E-06
  0.154200E+03 -0.238259E-05  0.106948E-05  0.139062E-06
  0.154500E+03 -0.238730E-05  0.118340E-05  0.102470E-06
  0.154800E+03 -0.237776E-05  0.128483E-05  0.676853E-07
  0.155100E+03 -0.235431E-05  0.137344E-05  0.354070E-07
  0.155400E+03 -0.231713E-05  0.144916E-05  0.635085E-08
  0.155700E+03 -0.226632E-05  0.151219E-05 -0.187678E-07
  0.156000E+03 -0.220182E-05  0.156293E-05 -0.392665E-07
  0.156300E+03 -0.212358E-05  0.160195E-05 -0.545421E-07
  0.156600E+03 -0.203161E-05  0.162991E-05 -0.641188E-07
  0.156900E+03 -0.192608E-05  0.164759E-05 -0.676836E-07
  0.157200E+03 -0.180745E-05  0.165576E-05 -0.651114E-07
  0.157500E+03 -0.167656E-05  0.165526E-05 -0.564847E-07
  0.157800E+03 -0.153457E-05  0.164695E-05 -0.421048E-07
  0.158100E+03 -0.138298E-05  0.163167E-05 -0.224829E-07
  0.158400E+03 -0.122351E-05  0.161025E-05  0.169394E-08
  0.158700E+03 -0.105805E-05  0.158342E-05  0.296127E-07
  0.159000E+03 -0.888570E-06  0.155182E-05  0.603857E-07
  0.159300E+03 -0.717017E-06  0.151598E-05  0.930914E-07
  0.159600E+03 -0.545262E-06  0.147630E-05  0.126809E-06
  0.159900E+03 -0.374990E-06  0.143314E-05  0.160658E-06
  0.160200E+03 -0.207642E-06  0.138678E-05  0.193847E-06
  0.160500E+03 -0.444015E-07  0.133750E-05  0.225703E-06
  0.160800E+03  0.113780E-06  0.128563E-05  0.255676E-06
  0.161100E+03  0.266135E-06  0.123161E-05  0.283314E-06
  0.161400E+03  0.412008E-06  0.117594E-05  0.308232E-06
  0.161700E+03  0.550770E-06  0.111915E-05  0.330088E-06
  0.162000E+03  0.681729E-06  0.106181E-05  0.348582E-06
  0.162300E+03  0.804064E-06  0.100442E-05  0.363479E-06
  0.162600E+03  0.916802E-06  0.947463E-06  0.374640E-06
  0.162900E+03  0.101883E-05  0.891381E-06  0.382047E-06
  0.163200E+03  0.110897E-05  0.836583E-06  0.385805E-06
  0.163500E+03  0.118598E-05  0.783457E-06  0.386116E-06
  0.163800E+03  0.124868E-05  0.732336E-06  0.383216E-06
  0.164100E+03  0.129593E-05  0.683465E-06  0.377300E-06
  0.164400E+03  0.132673E-05  0.636941E-06  0.368455E-06
  0.164700E+03  0.134021E-05  0.592668E-06  0.356637E-06
  0.165000E+03  0.133565E-05  0.550338E-06  0.341685E-06
  0.165300E+03  0.131257E-05  0.509440E-06  0.323359E-06
  0.165600E+03  0.127074E-05  0.469319E-06  0.301386E-06
  0.165900E+03  0.121026E-05  0.429256E-06  0.275505E-06
  0.166200E+03  0.113161E-05  0.388570E-06  0.245491E-06
  0.166500E+03  0.103569E-05  0.346686E-06  0.211172E-06
  0.166800E+03  0.923794E-06  0.303186E-06  0.172451E-06
  0.167100E+03  0.797538E-06  0.257836E-06  0.129336E-06
  0.167400E+03  0.658795E-06  0.210597E-06  0.819463E-07
  0.167700E+03  0.509602E-06  0.161629E-06  0.305051E-07
  0.168000E+03  0.352084E-06  0.111256E-06 -0.246850E-07
  0.168300E+03  0.188408E-06  0.598880E-07 -0.832624E-07
  0.168600E+03  0.207580E-07  0.792712E-08 -0.144809E-06
  0.168900E+03 -0.148680E-06 -0.443139E-07 -0.208834E-06
  0.169200E+03 -0.317727E-06 -0.966422E-07 -0.274761E-06
  0.169500E+03 -0.484238E-06 -0.148975E-06 -0.341921E-06
  0.169800E+03 -0.646121E-06 -0.201319E-06 -0.409559E-06
  0.170100E+03 -0.801356E-06 -0.253755E-06 -0.476861E-06
  0.170400E+03 -0.947979E-06 -0.306433E-06 -0.542970E-06
  0.170700E+03 -0.108405E-05 -0.359543E-06 -0.607007E-06
  0.171000E+03 -0.120764E-05 -0.413267E-06 -0.668087E-06
  0.171300E+03 -0.131682E-05 -0.467711E-06 -0.725329E-06
  0.171600E+03 -0.140972E-05 -0.522852E-06 -0.777852E-06
  0.171900E+03 -0.148454E-05 -0.578525E-06 -0.824777E-06
  0.172200E+03 -0.153969E-05 -0.634418E-06 -0.865234E-06
  0.172500E+03 -0.157378E-05 -0.690082E-06 -0.898394E-06
  0.172800E+03 -0.158574E-05 -0.744947E-06 -0.923511E-06
  0.173100E+03 -0.157482E-05 -0.798354E-06 -0.939972E-06
  0.173400E+03 -0.154072E-05 -0.849632E-06 -0.947326E-06
  0.173700E+03 -0.148351E-05 -0.898170E-06 -0.945304E-06
  0.174000E+03 -0.140371E-05 -0.943465E-06 -0.933815E-06
  0.174300E+03 -0.130219E-05 -0.985121E-06 -0.912948E-06
  0.174600E+03 -0.118019E-05 -0.102282E-05 -0.882973E-06
  0.174900E+03 -0.103920E-05 -0.105633E-05 -0.844337E-06
  0.175200E+03 -0.880923E-06 -0.108543E-05 -0.797647E-06
  0.175500E+03 -0.707216E-06 -0.110996E-05 -0.743646E-06
  0.175800E+03 -0.520033E-06 -0.112979E-05 -0.683176E-06
  0.176100E+03 -0.321384E-06 -0.114481E-05 -0.617161E-06
  0.176400E+03 -0.113304E-06 -0.115495E-05 -0.546575E-06
  0.176700E+03  0.102173E-06 -0.116014E-05 -0.472422E-06
  0.177000E+03  0.323034E-06 -0.116029E-05 -0.395713E-06
  0.177300E+03  0.547309E-06 -0.115528E-05 -0.317445E-06
  0.177600E+03  0.773050E-06 -0.114484E-05 -0.238594E-06
  0.177900E+03  0.998304E-06 -0.112858E-05 -0.160115E-06
  0.178200E+03  0.122106E-05 -0.110604E-05 -0.829414E-07
  0.178500E+03  0.143924E-05 -0.107673E-05 -0.795549E-08
  0.178800E+03  0.165063E-05 -0.104025E-05  0.640372E-07
  0.179100E+03  0.185297E-05 -0.996361E-06  0.132336E-06
  0.179400E+03  0.204392E-05 -0.945049E-06  0.196359E-06
  0.179700E+03  0.222110E-05 -0.886518E-06  0.255655E-06
  0.180000E+03  0.238215E-05 -0.821176E-06  0.309907E-06
  0.180300E+03  0.252475E-05 -0.749568E-06  0.358924E-06
  0.180600E+03  0.264666E-05 -0.672306E-06  0.402619E-06
  0.180900E+03  0.274584E-05 -0.590027E-06  0.440987E-06
  0.181200E+03  0.282044E-05 -0.503374E-06  0.474084E-06
  0.181500E+03  0.286890E-05 -0.412993E-06  0.502009E-06
  0.181800E+03  0.288996E-05 -0.319542E-06  0.524894E-06
  0.182100E+03  0.288272E-05 -0.223703E-06  0.542864E-06
  0.182400E+03  0.284660E-05 -0.126213E-06  0.556016E-06
  0.182700E+03  0.278143E-05 -0.279000E-07  0.564406E-06
  0.183000E+03  0.268739E-05  0.702913E-07  0.568072E-06
  0.183300E+03  0.256506E-05  0.167286E-06  0.567068E-06
  0.183600E+03  0.241541E-05  0.261889E-06  0.561517E-06
  0.183900E+03  0.223984E-05  0.352810E-06  0.551641E-06
  0.184200E+03  0.204014E-05  0.438721E-06  0.537773E-06
  0.184500E+03  0.181850E-05  0.518336E-06  0.520340E-06
  0.184800E+03  0.157745E-05  0.590509E-06  0.499834E-06
  0.185100E+03  0.131979E-05  0.654309E-06  0.476765E-06
  0.185400E+03  0.104855E-05  0.709077E-06  0.451635E-06
  0.185700E+03  0.766873E-06  0.754450E-06  0.424917E-06
  0.186000E+03  0.477950E-06  0.790357E-06  0.397049E-06
  0.186300E+03  0.184940E-06  0.817004E-06  0.368416E-06
  0.186600E+03 -0.109098E-06  0.834854E-06  0.339344E-06
  0.186900E+03 -0.401249E-06  0.844592E-06  0.310095E-06
  0.187200E+03 -0.688768E-06  0.847086E-06  0.280884E-06
  0.187500E+03 -0.969097E-06  0.843345E-06  0.251908E-06
  0.187800E+03 -0.123988E-05  0.834438E-06  0.223371E-06
  0.188100E+03 -0.149896E-05  0.821423E-06  0.195493E-06
  0.188400E+03 -0.174441E-05  0.805253E-06  0.168504E-06
  0.188700E+03 -0.197450E-05  0.786721E-06  0.142647E-06
  0.189000E+03 -0.218768E-05  0.766435E-06  0.118167E-06
  0.189300E+03 -0.238260E-05  0.744821E-06  0.953091E-07
  0.189600E+03 -0.255804E-05  0.722136E-06  0.743031E-07
  0.189900E+03 -0.271289E-05  0.698484E-06  0.553519E-07
  0.190200E+03 -0.284612E-05  0.673821E-06  0.386234E-07
  0.190500E+03 -0.295678E-05  0.647977E-06  0.242428E-07
  0.190800E+03 -0.304401E-05  0.620669E-06  0.122852E-07
  0.191100E+03 -0.310708E-05  0.591526E-06  0.277181E-08
  0.191400E+03 -0.314539E-05  0.560136E-06 -0.432256E-08
  0.191700E+03 -0.315850E-05  0.526099E-06 -0.905106E-08
  0.192000E+03 -0.314617E-05  0.489111E-06 -0.114729E-07
  0.192300E+03 -0.310839E-05  0.449034E-06 -0.116375E-07
  0.192600E+03 -0.304540E-05  0.405950E-06 -0.957983E-08
  0.192900E+03 -0.295776E-05  0.360191E-06 -0.532885E-08
  0.193200E+03 -0.284634E-05  0.312343E-06  0.107668E-08
  0.193500E+03 -0.271232E-05  0.263231E-06  0.957018E-08
  0.193800E+03 -0.255714E-05  0.213879E-06  0.200414E-07
  0.194100E+03 -0.238248E-05  0.165445E-06  0.323248E-07
  0.194400E+03 -0.219016E-05  0.119124E-06  0.461933E-07
  0.194700E+03 -0.198219E-05  0.760498E-07  0.613593E-07
  0.195000E+03 -0.176061E-05  0.372075E-07  0.774796E-07
  0.195300E+03 -0.152756E-05  0.336608E-08  0.941622E-07
  0.195600E+03 -0.128519E-05 -0.249692E-07  0.110973E-06
  0.195900E+03 -0.103567E-05 -0.475769E-07  0.127445E-06
  0.196200E+03 -0.781238E-06 -0.645050E-07  0.143082E-06
  0.196500E+03 -0.524145E-06 -0.760218E-07  0.157361E-06
  0.196800E+03 -0.266716E-06 -0.825453E-07  0.169738E-06
  0.197100E+03 -0.113156E-07 -0.845682E-07  0.179662E-06
  0.197400E+03  0.239664E-06 -0.826088E-07  0.186599E-06
  0.197700E+03  0.483824E-06 -0.772007E-07  0.190064E-06
  0.198000E+03  0.718792E-06 -0.689156E-07  0.189657E-06
  0.198300E+03  0.942260E-06 -0.583948E-07  0.185083E-06
  0.198600E+03  0.115203E-05 -0.463647E-07  0.176173E-06
  0.198900E+03  0.134609E-05 -0.336228E-07  0.162885E-06
  0.199200E+03  0.152266E-05 -0.209923E-07  0.145303E-06
  0.199500E+03  0.168027E-05 -0.925852E-08  0.123634E-06
  0.199800E+03  0.181778E-05  0.896137E-09  0.981955E-07
  0.200100E+03  0.193441E-05  0.894266E-08  0.694056E-07
  0.200400E+03  0.202969E-05  0.145305E-07  0.377563E-07
  0.200700E+03  0.210348E-05  0.174810E-07  0.378637E-08
  0.201000E+03  0.215589E-05  0.177458E-07 -0.319487E-07
  0.201300E+03  0.218729E-05  0.153396E-07 -0.689030E-07
  0.201600E+03  0.219824E-05  0.102688E-07 -0.106564E-06
  0.201900E+03  0.218949E-05  0.248108E-08 -0.144472E-06
  0.202200E+03  0.216200E-05 -0.815264E-08 -0.182232E-06
  0.202500E+03  0.211694E-05 -0.218262E-07 -0.219515E-06
  0.202800E+03  0.205566E-05 -0.387591E-07 -0.256045E-06
  0.203100E+03  0.197962E-05 -0.591433E-07 -0.291563E-06
  0.203400E+03  0.189041E-05 -0.830938E-07 -0.325803E-06
  0.203700E+03  0.178964E-05 -0.110616E-06 -0.358458E-06
  0.204000E+03  0.167891E-05 -0.141587E-06 -0.389169E-06
  0.204300E+03  0.155986E-05 -0.175745E-06 -0.417524E-06
  0.204600E+03  0.143406E-05 -0.212676E-06 -0.443071E-06
  0.204900E+03  0.130310E-05 -0.251803E-06 -0.465353E-06
  0.205200E+03  0.116850E-05 -0.292390E-06 -0.483940E-06
  0.205500E+03  0.103176E-05 -0.333575E-06 -0.498466E-06
  0.205800E+03  0.894293E-06 -0.374426E-06 -0.508649E-06
  0.206100E+03  0.757391E-06 -0.414015E-06 -0.514308E-06
  0.206400E+03  0.622224E-06 -0.451482E-06 -0.515365E-06
  0.206700E+03  0.489819E-06 -0.486094E-06 -0.511830E-06
  0.207000E+03  0.361075E-06 -0.517283E-06 -0.503781E-06
  0.207300E+03  0.236801E-06 -0.544673E-06 -0.491336E-06
  0.207600E+03  0.117756E-06 -0.568096E-06 -0.474627E-06
  0.207900E+03  0.468736E-08 -0.587583E-06 -0.453777E-06
  0.208200E+03 -0.101663E-06 -0.603335E-06 -0.428884E-06
  0.208500E+03 -0.200576E-06 -0.615670E-06 -0.400015E-06
  0.208800E+03 -0.291396E-06 -0.624941E-06 -0.367205E-06
  0.209100E+03 -0.373573E-06 -0.631458E-06 -0.330476E-06
  0.209400E+03 -0.446691E-06 -0.635409E-06 -0.289871E-06
  0.209700E+03 -0.510481E-06 -0.636785E-06 -0.245489E-06
  0.210000E+03 -0.564826E-06 -0.635352E-06 -0.197547E-06
  0.210300E+03 -0.609755E-06 -0.630656E-06 -0.146408E-06
  0.210600E+03 -0.645443E-06 -0.622067E-06 -0.926142E-07
  0.210900E+03 -0.672198E-06 -0.608861E-06 -0.368851E-07
  0.211200E+03 -0.690446E-06 -0.590310E-06  0.198873E-07
  0.211500E+03 -0.700701E-06 -0.565767E-06  0.766632E-07
  0.211800E+03 -0.703547E-06 -0.534743E-06  0.132290E-06
  0.212100E+03 -0.699618E-06 -0.496957E-06  0.185547E-06
  0.212400E+03 -0.689593E-06 -0.452364E-06  0.235207E-06
  0.212700E+03 -0.674176E-06 -0.401152E-06  0.280107E-06
  0.213000E+03 -0.654089E-06 -0.343731E-06  0.319213E-06
  0.213300E+03 -0.630048E-06 -0.280713E-06  0.351692E-06
  0.213600E+03 -0.602747E-06 -0.212892E-06  0.376957E-06
  0.213900E+03 -0.572841E-06 -0.141225E-06  0.394694E-06
  0.214200E+03 -0.540930E-06 -0.667921E-07  0.404856E-06
  0.214500E+03 -0.507539E-06  0.923427E-08  0.407642E-06
  0.214800E+03 -0.473111E-06  0.856309E-07  0.403448E-06
  0.215100E+03 -0.437996E-06  0.161163E-06  0.392826E-06
  0.215400E+03 -0.402474E-06  0.234631E-06  0.376423E-06
  0.215700E+03 -0.366781E-06  0.304936E-06  0.354933E-06
  0.216000E+03 -0.331154E-06  0.371137E-06  0.329046E-06
  0.216300E+03 -0.295877E-06  0.432500E-06  0.299426E-06
  0.216600E+03 -0.261313E-06  0.488516E-06  0.266704E-06
  0.216900E+03 -0.227914E-06  0.538894E-06  0.231483E-06
  0.217200E+03 -0.196197E-06  0.583519E-06  0.194363E-06
  0.217500E+03 -0.166705E-06  0.622407E-06  0.155942E-06
  0.217800E+03 -0.139949E-06  0.655642E-06  0.116829E-06
  0.218100E+03 -0.116349E-06  0.683342E-06  0.776310E-07
  0.218400E+03 -0.962016E-07  0.705654E-06  0.389352E-07
  0.218700E+03 -0.796534E-07  0.722753E-06  0.128514E-08
  0.219000E+03 -0.667138E-07  0.734862E-06 -0.348390E-07
  0.219300E+03 -0.572845E-07  0.742241E-06 -0.690291E-07
  0.219600E+03 -0.512009E-07  0.745171E-06 -0.100946E-06
  0.219900E+03 -0.482662E-07  0.743938E-06 -0.130308E-06
  0.220200E+03 -0.482719E-07  0.738805E-06 -0.156884E-06
  0.220500E+03 -0.510066E-07  0.730007E-06 -0.180479E-06
  0.220800E+03 -0.562567E-07  0.717742E-06 -0.200926E-06
  0.221100E+03 -0.638046E-07  0.702176E-06 -0.218080E-06
  0.221400E+03 -0.734263E-07  0.683467E-06 -0.231811E-06
  0.221700E+03 -0.848913E-07  0.661793E-06 -0.242015E-06
  0.222000E+03 -0.979671E-07  0.637377E-06 -0.248623E-06
  0.222300E+03 -0.112431E-06  0.610489E-06 -0.251607E-06
  0.222600E+03 -0.128082E-06  0.581435E-06 -0.250972E-06
  0.222900E+03 -0.144754E-06  0.550517E-06 -0.246751E-06
  0.223200E+03 -0.162310E-06  0.518011E-06 -0.238994E-06
  0.223500E+03 -0.180636E-06  0.484130E-06 -0.227769E-06
  0.223800E+03 -0.199615E-06  0.449007E-06 -0.213160E-06
  0.224100E+03 -0.219111E-06  0.412697E-06 -0.195270E-06
  0.224400E+03 -0.238951E-06  0.375172E-06 -0.174217E-06
  0.224700E+03 -0.258907E-06  0.336348E-06 -0.150128E-06
  0.225000E+03 -0.278699E-06  0.296111E-06 -0.123125E-06
  0.225300E+03 -0.297990E-06  0.254370E-06 -0.933137E-07
  0.225600E+03 -0.316405E-06  0.211107E-06 -0.607839E-07
  0.225900E+03 -0.333530E-06  0.166414E-06 -0.256148E-07
  0.226200E+03 -0.348920E-06  0.120503E-06  0.121015E-07
  0.226500E+03 -0.362097E-06  0.736833E-07  0.522286E-07
  0.226800E+03 -0.372550E-06  0.263220E-07  0.945579E-07
  0.227100E+03 -0.379748E-06 -0.211944E-07  0.138793E-06
  0.227400E+03 -0.383152E-06 -0.684984E-07  0.184547E-06
  0.227700E+03 -0.382238E-06 -0.115272E-06  0.231356E-06
  0.228000E+03 -0.376512E-06 -0.161268E-06  0.278683E-06
  0.228300E+03 -0.365536E-06 -0.206307E-06  0.325934E-06
  0.228600E+03 -0.348942E-06 -0.250266E-06  0.372462E-06
  0.228900E+03 -0.326446E-06 -0.293042E-06  0.417588E-06
  0.229200E+03 -0.297856E-06 -0.334533E-06  0.460618E-06
  0.229500E+03 -0.263082E-06 -0.374632E-06  0.500871E-06
  0.229800E+03 -0.222150E-06 -0.413235E-06  0.537685E-06
  0.230100E+03 -0.175225E-06 -0.450255E-06  0.570428E-06
  0.230400E+03 -0.122625E-06 -0.485629E-06  0.598494E-06
  0.230700E+03 -0.648270E-07 -0.519300E-06  0.621301E-06
  0.231000E+03 -0.245495E-08 -0.551184E-06  0.638293E-06
  0.231300E+03  0.637502E-07 -0.581105E-06  0.648940E-06
  0.231600E+03  0.132979E-06 -0.608745E-06  0.652747E-06
  0.231900E+03  0.204402E-06 -0.633603E-06  0.649262E-06
  0.232200E+03  0.277212E-06 -0.654997E-06  0.638090E-06
  0.232500E+03  0.350632E-06 -0.672115E-06  0.618907E-06
  0.232800E+03  0.423916E-06 -0.684109E-06  0.591475E-06
  0.233100E+03  0.496321E-06 -0.690213E-06  0.555669E-06
  0.233400E+03  0.567095E-06 -0.689852E-06  0.511493E-06
  0.233700E+03  0.635460E-06 -0.682727E-06  0.459102E-06
  0.234000E+03  0.700625E-06 -0.668842E-06  0.398822E-06
  0.234300E+03  0.761800E-06 -0.648497E-06  0.331160E-06
  0.234600E+03  0.818224E-06 -0.622232E-06  0.256814E-06
  0.234900E+03  0.869190E-06 -0.590767E-06  0.176672E-06
  0.235200E+03  0.914055E-06 -0.554932E-06  0.918017E-07
  0.235500E+03  0.952231E-06 -0.515616E-06  0.342395E-08
  0.235800E+03  0.983172E-06 -0.473728E-06 -0.871126E-07
  0.236100E+03  0.100635E-05 -0.430181E-06 -0.178365E-06
  0.236400E+03  0.102125E-05 -0.385888E-06 -0.268831E-06
  0.236700E+03  0.102739E-05 -0.341752E-06 -0.356982E-06
  0.237000E+03  0.102431E-05 -0.298654E-06 -0.441306E-06
  0.237300E+03  0.101162E-05 -0.257414E-06 -0.520346E-06
  0.237600E+03  0.989018E-06 -0.218745E-06 -0.592728E-06
  0.237900E+03  0.956328E-06 -0.183182E-06 -0.657200E-06
  0.238200E+03  0.913519E-06 -0.151031E-06 -0.712665E-06
  0.238500E+03  0.860735E-06 -0.122319E-06 -0.758216E-06
  0.238800E+03  0.798314E-06 -0.967854E-07 -0.793175E-06
  0.239100E+03  0.726774E-06 -0.739022E-07 -0.817123E-06
  0.239400E+03  0.646798E-06 -0.529389E-07 -0.829921E-06
  0.239700E+03  0.559205E-06 -0.330496E-07 -0.831713E-06
  0.240000E+03  0.464919E-06 -0.133626E-07 -0.822919E-06
  0.240300E+03  0.364957E-06  0.694339E-08 -0.804206E-06
  0.240600E+03  0.260416E-06  0.285860E-07 -0.776445E-06
  0.240900E+03  0.152472E-06  0.521408E-07 -0.740662E-06
  0.241200E+03  0.423719E-07  0.780095E-07 -0.697976E-06
  0.241500E+03 -0.685814E-07  0.106395E-06 -0.649530E-06
  0.241800E+03 -0.179043E-06  0.137285E-06 -0.596429E-06
  0.242100E+03 -0.287657E-06  0.170455E-06 -0.539690E-06
  0.242400E+03 -0.393093E-06  0.205492E-06 -0.480209E-06
  0.242700E+03 -0.494091E-06  0.241843E-06 -0.418756E-06
  0.243000E+03 -0.589508E-06  0.278887E-06 -0.355993E-06
  0.243300E+03 -0.678350E-06  0.316019E-06 -0.292488E-06
  0.243600E+03 -0.759801E-06  0.352721E-06 -0.228749E-06
  0.243900E+03 -0.833239E-06  0.388609E-06 -0.165254E-06
  0.244200E+03 -0.898241E-06  0.423439E-06 -0.102477E-06
  0.244500E+03 -0.954589E-06  0.457086E-06 -0.409174E-07
  0.244800E+03 -0.100227E-05  0.489489E-06  0.188845E-07
  0.245100E+03 -0.104144E-05  0.520600E-06  0.763424E-07
  0.245400E+03 -0.107241E-05  0.550330E-06  0.130827E-06
  0.245700E+03 -0.109558E-05  0.578526E-06  0.181682E-06
  0.246000E+03 -0.111136E-05  0.604951E-06  0.228248E-06
  0.246300E+03 -0.112013E-05  0.629281E-06  0.269894E-06
  0.246600E+03 -0.112218E-05  0.651104E-06  0.306054E-06
  0.246900E+03 -0.111770E-05  0.669928E-06  0.336262E-06
  0.247200E+03 -0.110680E-05  0.685198E-06  0.360188E-06
  0.247500E+03 -0.108951E-05  0.696323E-06  0.377656E-06
  0.247800E+03 -0.106581E-05  0.702709E-06  0.388652E-06
  0.248100E+03 -0.103570E-05  0.703814E-06  0.393324E-06
  0.248400E+03 -0.999189E-06  0.699196E-06  0.391949E-06
  0.248700E+03 -0.956354E-06  0.688558E-06  0.384913E-06
  0.249000E+03 -0.907326E-06  0.671766E-06  0.372670E-06
  0.249300E+03 -0.852291E-06  0.648842E-06  0.355728E-06
  0.249600E+03 -0.791479E-06  0.619936E-06  0.334630E-06
  0.249900E+03 -0.725126E-06  0.585299E-06  0.309959E-06
  0.250200E+03 -0.653451E-06  0.545268E-06  0.282325E-06
  0.250500E+03 -0.576632E-06  0.500261E-06  0.252367E-06
  0.250800E+03 -0.494797E-06  0.450777E-06  0.220731E-06
  0.251100E+03 -0.408039E-06  0.397392E-06  0.188054E-06
  0.251400E+03 -0.316441E-06  0.340748E-06  0.154945E-06
  0.251700E+03 -0.220109E-06  0.281538E-06  0.121961E-06
  0.252000E+03 -0.119211E-06  0.220475E-06  0.896031E-07
  0.252300E+03 -0.140081E-07  0.158261E-06  0.583054E-07
  0.252600E+03  0.951213E-07  0.955318E-07  0.284397E-07
  0.252900E+03  0.207671E-06  0.328118E-07  0.321561E-09
  0.253200E+03  0.323004E-06 -0.295323E-07 -0.257809E-07
  0.253500E+03  0.440363E-06 -0.913160E-07 -0.496360E-07
  0.253800E+03  0.558867E-06 -0.152532E-06 -0.710371E-07
  0.254100E+03  0.677512E-06 -0.213314E-06 -0.897937E-07
  0.254400E+03  0.795157E-06 -0.273867E-06 -0.105726E-06
  0.254700E+03  0.910522E-06 -0.334397E-06 -0.118666E-06
  0.255000E+03  0.102218E-05 -0.395030E-06 -0.128458E-06
  0.255300E+03  0.112859E-05 -0.455748E-06 -0.134961E-06
  0.255600E+03  0.122807E-05 -0.516351E-06 -0.138052E-06
  0.255900E+03  0.131889E-05 -0.576440E-06 -0.137622E-06
  0.256200E+03  0.139927E-05 -0.635423E-06 -0.133592E-06
  0.256500E+03  0.146743E-05 -0.692546E-06 -0.125930E-06
  0.256800E+03  0.152167E-05 -0.746930E-06 -0.114676E-06
  0.257100E+03  0.156044E-05 -0.797619E-06 -0.999669E-07
  0.257400E+03  0.158239E-05 -0.843639E-06 -0.820480E-07
  0.257700E+03  0.158645E-05 -0.884052E-06 -0.612748E-07
  0.258000E+03  0.157188E-05 -0.918007E-06 -0.380984E-07
  0.258300E+03  0.153830E-05 -0.944780E-06 -0.130453E-07
  0.258600E+03  0.148572E-05 -0.963800E-06  0.133094E-07
  0.258900E+03  0.141452E-05 -0.974665E-06  0.403728E-07
  0.259200E+03  0.132543E-05 -0.977138E-06  0.675675E-07
  0.259500E+03  0.121948E-05 -0.971136E-06  0.943660E-07
  0.259800E+03  0.109793E-05 -0.956709E-06  0.120320E-06
  0.260100E+03  0.962248E-06 -0.934003E-06  0.145078E-06
  0.260400E+03  0.814043E-06 -0.903236E-06  0.168387E-06
  0.260700E+03  0.655026E-06 -0.864683E-06  0.190069E-06
  0.261000E+03  0.486988E-06 -0.818667E-06  0.209993E-06
  0.261300E+03  0.311795E-06 -0.765570E-06  0.228039E-06
  0.261600E+03  0.131392E-06 -0.705840E-06  0.244073E-06
  0.261900E+03 -0.521900E-07 -0.639995E-06  0.257934E-06
  0.262200E+03 -0.236824E-06 -0.568624E-06  0.269428E-06
  0.262500E+03 -0.420294E-06 -0.492386E-06  0.278340E-06
  0.262800E+03 -0.600314E-06 -0.412007E-06  0.284447E-06
  0.263100E+03 -0.774570E-06 -0.328280E-06  0.287538E-06
  0.263400E+03 -0.940762E-06 -0.242071E-06  0.287442E-06
  0.263700E+03 -0.109667E-05 -0.154303E-06  0.284048E-06
  0.264000E+03 -0.124022E-05 -0.659366E-07  0.277316E-06
  0.264300E+03 -0.136950E-05  0.220700E-07  0.267287E-06
  0.264600E+03 -0.148285E-05  0.108798E-06  0.254070E-06
  0.264900E+03 -0.157885E-05  0.193401E-06  0.237835E-06
  0.265200E+03 -0.165634E-05  0.275123E-06  0.218789E-06
  0.265500E+03 -0.171444E-05  0.353307E-06  0.197171E-06
  0.265800E+03 -0.175255E-05  0.427399E-06  0.173244E-06
  0.266100E+03 -0.177035E-05  0.496933E-06  0.147295E-06
  0.266400E+03 -0.176782E-05  0.561531E-06  0.119644E-06
  0.266700E+03 -0.174524E-05  0.620878E-06  0.906524E-07
  0.267000E+03 -0.170316E-05  0.674715E-06  0.607214E-07
  0.267300E+03 -0.164242E-05  0.722829E-06  0.302825E-07
  0.267600E+03 -0.156408E-05  0.765055E-06 -0.226269E-09
  0.267900E+03 -0.146938E-05  0.801288E-06 -0.303879E-07
  0.268200E+03 -0.135975E-05  0.831495E-06 -0.598332E-07
  0.268500E+03 -0.123666E-05  0.855724E-06 -0.882609E-07
  0.268800E+03 -0.110167E-05  0.874088E-06 -0.115448E-06
  0.269100E+03 -0.956318E-06  0.886752E-06 -0.141247E-06
  0.269400E+03 -0.802128E-06  0.893896E-06 -0.165569E-06
  0.269700E+03 -0.640577E-06  0.895691E-06 -0.188355E-06
  0.270000E+03 -0.473115E-06  0.892279E-06 -0.209549E-06
  0.270300E+03 -0.301184E-06  0.883763E-06 -0.229075E-06
  0.270600E+03 -0.126254E-06  0.870213E-06 -0.246819E-06
  0.270900E+03  0.501310E-07  0.851696E-06 -0.262635E-06
  0.271200E+03  0.226314E-06  0.828297E-06 -0.276356E-06
  0.271500E+03  0.400498E-06  0.800158E-06 -0.287812E-06
  0.271800E+03  0.570743E-06  0.767493E-06 -0.296844E-06
  0.272100E+03  0.734984E-06  0.730595E-06 -0.303317E-06
  0.272400E+03  0.891081E-06  0.689828E-06 -0.307114E-06
  0.272700E+03  0.103687E-05  0.645595E-06 -0.308137E-06
  0.273000E+03  0.117026E-05  0.598303E-06 -0.306299E-06
  0.273300E+03  0.128927E-05  0.548327E-06 -0.301524E-06
  0.273600E+03  0.139213E-05  0.495986E-06 -0.293756E-06
  0.273900E+03  0.147733E-05  0.441541E-06 -0.282979E-06
  0.274200E+03  0.154368E-05  0.385212E-06 -0.269248E-06
  0.274500E+03  0.159031E-05  0.327206E-06 -0.252703E-06
  0.274800E+03  0.161670E-05  0.267752E-06 -0.233586E-06
  0.275100E+03  0.162268E-05  0.207120E-06 -0.212230E-06
  0.275400E+03  0.160835E-05  0.145630E-06 -0.189039E-06
  0.275700E+03  0.157415E-05  0.836449E-07 -0.164463E-06
  0.276000E+03  0.152071E-05  0.215588E-07 -0.138971E-06
  0.276300E+03  0.144890E-05 -0.402150E-07 -0.113029E-06
  0.276600E+03  0.135979E-05 -0.101251E-06 -0.870927E-07
  0.276900E+03  0.125460E-05 -0.161112E-06 -0.616050E-07
  0.277200E+03  0.113472E-05 -0.219351E-06 -0.370000E-07
  0.277500E+03  0.100169E-05 -0.275513E-06 -0.137087E-07
  0.277800E+03  0.857207E-06 -0.329139E-06  0.783758E-08
  0.278100E+03  0.703082E-06 -0.379770E-06  0.272077E-07
  0.278400E+03  0.541257E-06 -0.426959E-06  0.439753E-07
  0.278700E+03  0.373791E-06 -0.470275E-06  0.577293E-07
  0.279000E+03  0.202842E-06 -0.509318E-06  0.680931E-07
  0.279300E+03  0.306611E-07 -0.543737E-06  0.747508E-07
  0.279600E+03 -0.140436E-06 -0.573248E-06  0.774791E-07
  0.279900E+03 -0.308108E-06 -0.597650E-06  0.761786E-07
  0.280200E+03 -0.470034E-06 -0.616835E-06  0.708979E-07
  0.280500E+03 -0.623972E-06 -0.630790E-06  0.618464E-07
  0.280800E+03 -0.767811E-06 -0.639588E-06  0.493942E-07
  0.281100E+03 -0.899623E-06 -0.643384E-06  0.340574E-07
  0.281400E+03 -0.101771E-05 -0.642407E-06  0.164713E-07
  0.281700E+03 -0.112061E-05 -0.636944E-06 -0.264910E-08
  0.282000E+03 -0.120715E-05 -0.627338E-06 -0.225536E-07
  0.282300E+03 -0.127644E-05 -0.613968E-06 -0.425020E-07
  0.282600E+03 -0.132787E-05 -0.597244E-06 -0.618025E-07
  0.282900E+03 -0.136111E-05 -0.577598E-06 -0.798378E-07
  0.283200E+03 -0.137609E-05 -0.555477E-06 -0.960788E-07
  0.283500E+03 -0.137297E-05 -0.531327E-06 -0.110085E-06
  0.283800E+03 -0.135211E-05 -0.505582E-06 -0.121497E-06
  0.284100E+03 -0.131406E-05 -0.478643E-06 -0.130023E-06
  0.284400E+03 -0.125953E-05 -0.450859E-06 -0.135431E-06
  0.284700E+03 -0.118936E-05 -0.422524E-06 -0.137534E-06
  0.285000E+03 -0.110453E-05 -0.393875E-06 -0.136189E-06
  0.285300E+03 -0.100614E-05 -0.365114E-06 -0.131289E-06
  0.285600E+03 -0.895405E-06 -0.336422E-06 -0.122769E-06
  0.285900E+03 -0.773689E-06 -0.307983E-06 -0.110600E-06
  0.286200E+03 -0.642462E-06 -0.279989E-06 -0.947997E-07
  0.286500E+03 -0.503307E-06 -0.252640E-06 -0.754279E-07
  0.286800E+03 -0.357893E-06 -0.226128E-06 -0.525953E-07
  0.287100E+03 -0.207949E-06 -0.200620E-06 -0.264627E-07
  0.287400E+03 -0.552291E-07 -0.176236E-06  0.275949E-08
  0.287700E+03  0.985195E-07 -0.153048E-06  0.348177E-07
  0.288000E+03  0.251580E-06 -0.131077E-06  0.694253E-07
  0.288300E+03  0.402285E-06 -0.110307E-06  0.106272E-06
  0.288600E+03  0.549023E-06 -0.906952E-07  0.145028E-06
  0.288900E+03  0.690233E-06 -0.721919E-07  0.185343E-06
  0.289200E+03  0.824398E-06 -0.547552E-07  0.226839E-06
  0.289500E+03  0.950039E-06 -0.383608E-07  0.269103E-06
  0.289800E+03  0.106572E-05 -0.230052E-07  0.311675E-06
  0.290100E+03  0.117006E-05 -0.870111E-08  0.354050E-06
  0.290400E+03  0.126176E-05  0.453611E-08  0.395678E-06
  0.290700E+03  0.133963E-05  0.167105E-07  0.435974E-06
  0.291000E+03  0.140258E-05  0.278718E-07  0.474331E-06
  0.291300E+03  0.144973E-05  0.381395E-07  0.510128E-06
  0.291600E+03  0.148033E-05  0.477175E-07  0.542729E-06
  0.291900E+03  0.149384E-05  0.568908E-07  0.571482E-06
  0.292200E+03  0.148995E-05  0.660040E-07  0.595714E-06
  0.292500E+03  0.146853E-05  0.754291E-07  0.614735E-06
  0.292800E+03  0.142972E-05  0.855342E-07  0.627845E-06
  0.293100E+03  0.137386E-05  0.966595E-07  0.634346E-06
  0.293400E+03  0.130149E-05  0.109104E-06  0.633565E-06
  0.293700E+03  0.121338E-05  0.123122E-06  0.624881E-06
  0.294000E+03  0.111044E-05  0.138918E-06  0.607764E-06
  0.294300E+03  0.993743E-06  0.156644E-06  0.581815E-06
  0.294600E+03  0.864487E-06  0.176387E-06  0.546802E-06
  0.294900E+03  0.723987E-06  0.198163E-06  0.502692E-06
  0.295200E+03  0.573666E-06  0.221908E-06  0.449669E-06
  0.295500E+03  0.415047E-06  0.247467E-06  0.388146E-06
  0.295800E+03  0.249756E-06  0.274599E-06  0.318762E-06
  0.296100E+03  0.795045E-07  0.302982E-06  0.242375E-06
  0.296400E+03 -0.939104E-07  0.332225E-06  0.160034E-06
  0.296700E+03 -0.268627E-06  0.361877E-06  0.729518E-07
  0.297000E+03 -0.442735E-06  0.391445E-06 -0.175325E-07
  0.297300E+03 -0.614300E-06  0.420415E-06 -0.109994E-06
  0.297600E+03 -0.781393E-06  0.448261E-06 -0.202967E-06
  0.297900E+03 -0.942118E-06  0.474472E-06 -0.294993E-06
  0.298200E+03 -0.109465E-05  0.498564E-06 -0.384660E-06
  0.298500E+03 -0.123724E-05  0.520103E-06 -0.470644E-06
  0.298800E+03 -0.136827E-05  0.538725E-06 -0.551735E-06
  0.299100E+03 -0.148622E-05  0.554151E-06 -0.626849E-06
  0.299400E+03 -0.158973E-05  0.566203E-06 -0.695039E-06
  0.299700E+03 -0.167755E-05  0.574792E-06 -0.755487E-06
  0.300000E+03 -0.174860E-05  0.579907E-06 -0.807498E-06
  0.300300E+03 -0.180197E-05  0.581579E-06 -0.850495E-06
  0.300600E+03 -0.183698E-05  0.579854E-06 -0.884016E-06
  0.300900E+03 -0.185317E-05  0.574761E-06 -0.907716E-06
  0.301200E+03 -0.185032E-05  0.566300E-06 -0.921376E-06
  0.301500E+03 -0.182847E-05  0.554429E-06 -0.924905E-06
  0.301800E+03 -0.178790E-05  0.539078E-06 -0.918346E-06
  0.302100E+03 -0.172915E-05  0.520163E-06 -0.901868E-06
  0.302400E+03 -0.165302E-05  0.497606E-06 -0.875756E-06
  0.302700E+03 -0.156048E-05  0.471359E-06 -0.840390E-06
  0.303000E+03 -0.145272E-05  0.441411E-06 -0.796243E-06
  0.303300E+03 -0.133106E-05  0.407795E-06 -0.743868E-06
  0.303600E+03 -0.119690E-05  0.370579E-06 -0.683906E-06
  0.303900E+03 -0.105172E-05  0.329850E-06 -0.617091E-06
  0.304200E+03 -0.897016E-06  0.285699E-06 -0.544254E-06
  0.304500E+03 -0.734292E-06  0.238202E-06 -0.466324E-06
  0.304800E+03 -0.565046E-06  0.187409E-06 -0.384330E-06
  0.305100E+03 -0.390765E-06  0.133336E-06 -0.299374E-06
  0.305400E+03 -0.212944E-06  0.759789E-07 -0.212617E-06
  0.305700E+03 -0.330896E-07  0.153393E-07 -0.125240E-06
  0.306000E+03  0.147260E-06 -0.485432E-07 -0.384206E-07
  0.306300E+03  0.326526E-06 -0.115547E-06  0.466999E-07
  0.306600E+03  0.503082E-06 -0.185432E-06  0.129042E-06
  0.306900E+03  0.675256E-06 -0.257798E-06  0.207614E-06
