  0.00000E+00 -0.29897E-11  0.45648E-12  0.29027E-11
  0.30000E+00 -0.84275E-11  0.12879E-11  0.81810E-11
  0.60000E+00 -0.19073E-10  0.29169E-11  0.18514E-10
  0.90000E+00 -0.37225E-10  0.56953E-11  0.36125E-10
  0.12000E+01 -0.65313E-10  0.99949E-11  0.63371E-10
  0.15000E+01 -0.10578E-09  0.16188E-10  0.10261E-09
  0.18000E+01 -0.16093E-09  0.24628E-10  0.15607E-09
  0.21000E+01 -0.23282E-09  0.35619E-10  0.22576E-09
  0.24000E+01 -0.32316E-09  0.49424E-10  0.31332E-09
  0.27000E+01 -0.43322E-09  0.66245E-10  0.41999E-09
  0.30000E+01 -0.56375E-09  0.86186E-10  0.54644E-09
  0.33000E+01 -0.71478E-09  0.10926E-09  0.69286E-09
  0.36000E+01 -0.88599E-09  0.13539E-09  0.85879E-09
  0.39000E+01 -0.10761E-08  0.16444E-09  0.10432E-08
  0.42000E+01 -0.12833E-08  0.19604E-09  0.12441E-08
  0.45000E+01 -0.15052E-08  0.22983E-09  0.14594E-08
  0.48000E+01 -0.17384E-08  0.26534E-09  0.16860E-08
  0.51000E+01 -0.19792E-08  0.30213E-09  0.19202E-08
  0.54000E+01 -0.22235E-08  0.33928E-09  0.21583E-08
  0.57000E+01 -0.24661E-08  0.37623E-09  0.23943E-08
  0.60000E+01 -0.27021E-08  0.41211E-09  0.26253E-08
  0.63000E+01 -0.29259E-08  0.44602E-09  0.28445E-08
  0.66000E+01 -0.31315E-08  0.47721E-09  0.30465E-08
  0.69000E+01 -0.33134E-08  0.50450E-09  0.32254E-08
  0.72000E+01 -0.34655E-08  0.52718E-09  0.33761E-08
  0.75000E+01 -0.35821E-08  0.54415E-09  0.34931E-08
  0.78000E+01 -0.36577E-08  0.55470E-09  0.35702E-08
  0.81000E+01 -0.36872E-08  0.55740E-09  0.36033E-08
  0.84000E+01 -0.36656E-08  0.55320E-09  0.35872E-08
  0.87000E+01 -0.35889E-08  0.53930E-09  0.35165E-08
  0.90000E+01 -0.34533E-08  0.51680E-09  0.33894E-08
  0.93000E+01 -0.32561E-08  0.48350E-09  0.32028E-08
  0.96000E+01 -0.29953E-08  0.44120E-09  0.29544E-08
  0.99000E+01 -0.26695E-08  0.38830E-09  0.26422E-08
  0.10200E+02 -0.22788E-08  0.32450E-09  0.22665E-08
  0.10500E+02 -0.18235E-08  0.25160E-09  0.18279E-08
  0.10800E+02 -0.13055E-08  0.16910E-09  0.13278E-08
  0.11100E+02 -0.72739E-09  0.76501E-10  0.76870E-09
  0.11400E+02 -0.92875E-10 -0.23999E-10  0.15340E-09
  0.11700E+02  0.59348E-09 -0.13230E-09 -0.51240E-09
  0.12000E+02  0.13261E-08 -0.24810E-09 -0.12236E-08
  0.12300E+02  0.20985E-08 -0.36960E-09 -0.19757E-08
  0.12600E+02  0.29035E-08 -0.49590E-09 -0.27594E-08
  0.12900E+02  0.37331E-08 -0.62490E-09 -0.35690E-08
  0.13200E+02  0.45786E-08 -0.75650E-09 -0.43947E-08
  0.13500E+02  0.54310E-08 -0.88860E-09 -0.52281E-08
  0.13800E+02  0.62805E-08 -0.10191E-08 -0.60597E-08
  0.14100E+02  0.71167E-08 -0.11472E-08 -0.68808E-08
  0.14400E+02  0.79304E-08 -0.12710E-08 -0.76805E-08
  0.14700E+02  0.87101E-08 -0.13891E-08 -0.84486E-08
  0.15000E+02  0.94471E-08 -0.14985E-08 -0.91755E-08
  0.15300E+02  0.10130E-07 -0.16000E-08 -0.98514E-08
  0.15600E+02  0.10750E-07 -0.16903E-08 -0.10466E-07
  0.15900E+02  0.11297E-07 -0.17690E-08 -0.11011E-07
  0.16200E+02  0.11762E-07 -0.18333E-08 -0.11478E-07
  0.16500E+02  0.12139E-07 -0.18833E-08 -0.11859E-07
  0.16800E+02  0.12417E-07 -0.19181E-08 -0.12145E-07
  0.17100E+02  0.12594E-07 -0.19359E-08 -0.12331E-07
  0.17400E+02  0.12662E-07 -0.19363E-08 -0.12412E-07
  0.17700E+02  0.12616E-07 -0.19184E-08 -0.12383E-07
  0.18000E+02  0.12454E-07 -0.18826E-08 -0.12241E-07
  0.18300E+02  0.12175E-07 -0.18268E-08 -0.11983E-07
  0.18600E+02  0.11776E-07 -0.17537E-08 -0.11608E-07
  0.18900E+02  0.11259E-07 -0.16615E-08 -0.11118E-07
  0.19200E+02  0.10624E-07 -0.15510E-08 -0.10511E-07
  0.19500E+02  0.98752E-08 -0.14236E-08 -0.97939E-08
  0.19800E+02  0.90175E-08 -0.12784E-08 -0.89679E-08
  0.20100E+02  0.80549E-08 -0.11140E-08 -0.80379E-08
  0.20400E+02  0.69942E-08 -0.94100E-09 -0.70115E-08
  0.20700E+02  0.58429E-08 -0.75500E-09 -0.58954E-08
  0.21000E+02  0.46105E-08 -0.55400E-09 -0.46979E-08
  0.21300E+02  0.33068E-08 -0.34100E-09 -0.34281E-08
  0.21600E+02  0.19411E-08 -0.12200E-09 -0.20970E-08
  0.21900E+02  0.52500E-09  0.10000E-09 -0.71510E-09
  0.22200E+02 -0.92840E-09  0.33000E-09  0.70700E-09
  0.22500E+02 -0.24080E-08  0.56390E-09  0.21560E-08
  0.22800E+02 -0.39016E-08  0.79730E-09  0.36198E-08
  0.23100E+02 -0.53941E-08  0.10284E-08  0.50861E-08
  0.23400E+02 -0.68739E-08  0.12570E-08  0.65430E-08
  0.23700E+02 -0.83275E-08  0.14795E-08  0.79780E-08
  0.24000E+02 -0.97417E-08  0.16935E-08  0.93680E-08
  0.24300E+02 -0.11104E-07  0.18991E-08  0.10717E-07
  0.24600E+02 -0.12402E-07  0.20918E-08  0.12003E-07
  0.24900E+02 -0.13624E-07  0.22714E-08  0.13217E-07
  0.25200E+02 -0.14758E-07  0.24357E-08  0.14342E-07
  0.25500E+02 -0.15795E-07  0.25840E-08  0.15377E-07
  0.25800E+02 -0.16726E-07  0.27137E-08  0.16304E-07
  0.26100E+02 -0.17540E-07  0.28238E-08  0.17133E-07
  0.26400E+02 -0.18232E-07  0.29137E-08  0.17824E-07
  0.26700E+02 -0.18794E-07  0.29822E-08  0.18405E-07
  0.27000E+02 -0.19221E-07  0.30295E-08  0.18840E-07
  0.27300E+02 -0.19510E-07  0.30535E-08  0.19151E-07
  0.27600E+02 -0.19657E-07  0.30547E-08  0.19317E-07
  0.27900E+02 -0.19662E-07  0.30340E-08  0.19345E-07
  0.28200E+02 -0.19523E-07  0.29897E-08  0.19239E-07
  0.28500E+02 -0.19243E-07  0.29240E-08  0.18985E-07
  0.28800E+02 -0.18823E-07  0.28363E-08  0.18589E-07
  0.29100E+02 -0.18266E-07  0.27300E-08  0.18067E-07
  0.29400E+02 -0.17578E-07  0.26010E-08  0.17419E-07
  0.29700E+02 -0.16765E-07  0.24560E-08  0.16639E-07
  0.30000E+02 -0.15833E-07  0.22820E-08  0.15737E-07
  0.30300E+02 -0.14790E-07  0.21090E-08  0.14732E-07
  0.30600E+02 -0.13645E-07  0.19050E-08  0.13623E-07
  0.30900E+02 -0.12408E-07  0.16950E-08  0.12421E-07
  0.31200E+02 -0.11088E-07  0.14810E-08  0.11137E-07
  0.31500E+02 -0.96976E-08  0.12510E-08  0.97803E-08
  0.31800E+02 -0.82462E-08  0.10110E-08  0.83628E-08
  0.32100E+02 -0.67473E-08  0.76400E-09  0.68953E-08
  0.32400E+02 -0.52120E-08  0.51401E-09  0.53901E-08
  0.32700E+02 -0.36532E-08  0.27100E-09  0.38592E-08
  0.33000E+02 -0.20825E-08  0.15007E-10  0.23136E-08
  0.33300E+02 -0.51240E-09 -0.22801E-09  0.76631E-09
  0.33600E+02  0.10466E-08 -0.47500E-09 -0.77140E-09
  0.33900E+02  0.25808E-08 -0.71100E-09 -0.22884E-08
  0.34200E+02  0.40800E-08 -0.94501E-09 -0.37770E-08
  0.34500E+02  0.55349E-08 -0.11620E-08 -0.52030E-08
  0.34800E+02  0.69460E-08 -0.14020E-08 -0.65420E-08
  0.35100E+02  0.83426E-08 -0.17110E-08 -0.76360E-08
  0.35400E+02  0.98038E-08 -0.22687E-08 -0.82510E-08
  0.35700E+02  0.11463E-07 -0.33190E-08 -0.80760E-08
  0.36000E+02  0.13494E-07 -0.51990E-08 -0.67810E-08
  0.36300E+02  0.16093E-07 -0.82851E-08 -0.40780E-08
  0.36600E+02  0.19452E-07 -0.12949E-07  0.29701E-09
  0.36900E+02  0.23742E-07 -0.19535E-07  0.65240E-08
  0.37200E+02  0.29109E-07 -0.28336E-07  0.14731E-07
  0.37500E+02  0.35660E-07 -0.39586E-07  0.24961E-07
  0.37800E+02  0.43464E-07 -0.53449E-07  0.37205E-07
  0.38100E+02  0.52547E-07 -0.70009E-07  0.51345E-07
  0.38400E+02  0.62886E-07 -0.89271E-07  0.67198E-07
  0.38700E+02  0.74407E-07 -0.11114E-06  0.84474E-07
  0.39000E+02  0.86971E-07 -0.13540E-06  0.10274E-06
  0.39300E+02  0.10035E-06 -0.16168E-06  0.12141E-06
  0.39600E+02  0.11423E-06 -0.18943E-06  0.13974E-06
  0.39900E+02  0.12817E-06 -0.21788E-06  0.15686E-06
  0.40200E+02  0.14165E-06 -0.24609E-06  0.17177E-06
  0.40500E+02  0.15408E-06 -0.27300E-06  0.18353E-06
  0.40800E+02  0.16488E-06 -0.29756E-06  0.19130E-06
  0.41100E+02  0.17353E-06 -0.31878E-06  0.19453E-06
  0.41400E+02  0.17970E-06 -0.33598E-06  0.19301E-06
  0.41700E+02  0.18332E-06 -0.34902E-06  0.18719E-06
  0.42000E+02  0.18467E-06 -0.35832E-06  0.17792E-06
  0.42300E+02  0.18421E-06 -0.36463E-06  0.16578E-06
  0.42600E+02  0.18224E-06 -0.36843E-06  0.15074E-06
  0.42900E+02  0.17877E-06 -0.36967E-06  0.13238E-06
  0.43200E+02  0.17361E-06 -0.36792E-06  0.11043E-06
  0.43500E+02  0.16652E-06 -0.36271E-06  0.84947E-07
  0.43800E+02  0.15738E-06 -0.35369E-06  0.56199E-07
  0.44100E+02  0.14613E-06 -0.34071E-06  0.24481E-07
  0.44400E+02  0.13279E-06 -0.32367E-06 -0.99070E-08
  0.44700E+02  0.11738E-06 -0.30254E-06 -0.46710E-07
  0.45000E+02  0.99885E-07 -0.27720E-06 -0.85563E-07
  0.45300E+02  0.80265E-07 -0.24749E-06 -0.12614E-06
  0.45600E+02  0.58429E-07 -0.21312E-06 -0.16815E-06
  0.45900E+02  0.34223E-07 -0.17378E-06 -0.21141E-06
  0.46200E+02  0.75430E-08 -0.12914E-06 -0.25574E-06
  0.46500E+02 -0.21735E-07 -0.78876E-07 -0.30106E-06
  0.46800E+02 -0.53745E-07 -0.22661E-07 -0.34732E-06
  0.47100E+02 -0.88622E-07  0.39850E-07 -0.39437E-06
  0.47400E+02 -0.12649E-06  0.10898E-06 -0.44204E-06
  0.47700E+02 -0.16740E-06  0.18489E-06 -0.49016E-06
  0.48000E+02 -0.21136E-06  0.26782E-06 -0.53867E-06
  0.48300E+02 -0.25835E-06  0.35765E-06 -0.58744E-06
  0.48600E+02 -0.30837E-06  0.45445E-06 -0.63618E-06
  0.48900E+02 -0.36133E-06  0.55833E-06 -0.68438E-06
  0.49200E+02 -0.41701E-06  0.66878E-06 -0.73138E-06
  0.49500E+02 -0.47504E-06  0.78527E-06 -0.77639E-06
  0.49800E+02 -0.53491E-06  0.90682E-06 -0.81859E-06
  0.50100E+02 -0.59594E-06  0.10323E-05 -0.85709E-06
  0.50400E+02 -0.65742E-06  0.11605E-05 -0.89095E-06
  0.50700E+02 -0.71853E-06  0.12898E-05 -0.91916E-06
  0.51000E+02 -0.77835E-06  0.14185E-05 -0.94075E-06
  0.51300E+02 -0.83590E-06  0.15449E-05 -0.95473E-06
  0.51600E+02 -0.89015E-06  0.16668E-05 -0.96009E-06
  0.51900E+02 -0.94000E-06  0.17823E-05 -0.95586E-06
  0.52200E+02 -0.98435E-06  0.18892E-05 -0.94115E-06
  0.52500E+02 -0.10220E-05  0.19852E-05 -0.91526E-06
  0.52800E+02 -0.10520E-05  0.20682E-05 -0.87753E-06
  0.53100E+02 -0.10731E-05  0.21362E-05 -0.82754E-06
  0.53400E+02 -0.10845E-05  0.21869E-05 -0.76485E-06
  0.53700E+02 -0.10851E-05  0.22186E-05 -0.68915E-06
  0.54000E+02 -0.10741E-05  0.22294E-05 -0.60031E-06
  0.54300E+02 -0.10507E-05  0.22174E-05 -0.49847E-06
  0.54600E+02 -0.10141E-05  0.21809E-05 -0.38391E-06
  0.54900E+02 -0.96379E-06  0.21189E-05 -0.25695E-06
  0.55200E+02 -0.89929E-06  0.20299E-05 -0.11818E-06
  0.55500E+02 -0.82030E-06  0.19132E-05  0.31540E-07
  0.55800E+02 -0.72665E-06  0.17682E-05  0.19146E-06
  0.56100E+02 -0.61841E-06  0.15945E-05  0.36033E-06
  0.56400E+02 -0.49588E-06  0.13923E-05  0.53681E-06
  0.56700E+02 -0.35930E-06  0.11619E-05  0.71937E-06
  0.57000E+02 -0.20958E-06  0.90424E-06  0.90601E-06
  0.57300E+02 -0.47330E-07  0.62038E-06  0.10948E-05
  0.57600E+02  0.12628E-06  0.31220E-06  0.12835E-05
  0.57900E+02  0.30981E-06 -0.18360E-07  0.14695E-05
  0.58200E+02  0.50179E-06 -0.36860E-06  0.16505E-05
  0.58500E+02  0.70030E-06 -0.73516E-06  0.18239E-05
  0.58800E+02  0.90319E-06 -0.11146E-05  0.19871E-05
  0.59100E+02  0.11083E-05 -0.15030E-05  0.21377E-05
  0.59400E+02  0.13132E-05 -0.18961E-05  0.22734E-05
  0.59700E+02  0.15155E-05 -0.22897E-05  0.23919E-05
  0.60000E+02  0.17129E-05 -0.26794E-05  0.24911E-05
  0.60300E+02  0.19029E-05 -0.30606E-05  0.25691E-05
  0.60600E+02  0.20831E-05 -0.34291E-05  0.26243E-05
  0.60900E+02  0.22513E-05 -0.37805E-05  0.26552E-05
  0.61200E+02  0.24054E-05 -0.41107E-05  0.26607E-05
  0.61500E+02  0.25435E-05 -0.44159E-05  0.26399E-05
  0.61800E+02  0.26642E-05 -0.46922E-05  0.25924E-05
  0.62100E+02  0.27659E-05 -0.49359E-05  0.25183E-05
  0.62400E+02  0.28477E-05 -0.51433E-05  0.24177E-05
  0.62700E+02  0.29087E-05 -0.53109E-05  0.22916E-05
  0.63000E+02  0.29483E-05 -0.54356E-05  0.21412E-05
  0.63300E+02  0.29659E-05 -0.55145E-05  0.19683E-05
  0.63600E+02  0.29614E-05 -0.55455E-05  0.17745E-05
  0.63900E+02  0.29346E-05 -0.55267E-05  0.15622E-05
  0.64200E+02  0.28857E-05 -0.54568E-05  0.13333E-05
  0.64500E+02  0.28144E-05 -0.53353E-05  0.10904E-05
  0.64800E+02  0.27212E-05 -0.51616E-05  0.83597E-06
  0.65100E+02  0.26062E-05 -0.49361E-05  0.57248E-06
  0.65400E+02  0.24699E-05 -0.46599E-05  0.30260E-06
  0.65700E+02  0.23129E-05 -0.43345E-05  0.29260E-07
  0.66000E+02  0.21359E-05 -0.39621E-05 -0.24471E-06
  0.66300E+02  0.19398E-05 -0.35459E-05 -0.51674E-06
  0.66600E+02  0.17256E-05 -0.30892E-05 -0.78406E-06
  0.66900E+02  0.14947E-05 -0.25961E-05 -0.10444E-05
  0.67200E+02  0.12480E-05 -0.20711E-05 -0.12953E-05
  0.67500E+02  0.98685E-06 -0.15183E-05 -0.15350E-05
  0.67800E+02  0.71241E-06 -0.94282E-06 -0.17613E-05
  0.68100E+02  0.42585E-06 -0.34973E-06 -0.19727E-05
  0.68400E+02  0.12860E-06  0.25557E-06 -0.21674E-05
  0.68700E+02 -0.17810E-06  0.86726E-06 -0.23439E-05
  0.69000E+02 -0.49252E-06  0.14797E-05 -0.25010E-05
  0.69300E+02 -0.81277E-06  0.20867E-05 -0.26376E-05
  0.69600E+02 -0.11366E-05  0.26821E-05 -0.27528E-05
  0.69900E+02 -0.14616E-05  0.32599E-05 -0.28462E-05
  0.70200E+02 -0.17850E-05  0.38141E-05 -0.29174E-05
  0.70500E+02 -0.21042E-05  0.43394E-05 -0.29663E-05
  0.70800E+02 -0.24160E-05  0.48313E-05 -0.29929E-05
  0.71100E+02 -0.27175E-05  0.52860E-05 -0.29971E-05
  0.71400E+02 -0.30050E-05  0.57004E-05 -0.29788E-05
  0.71700E+02 -0.32748E-05  0.60720E-05 -0.29377E-05
  0.72000E+02 -0.35231E-05  0.63989E-05 -0.28736E-05
  0.72300E+02 -0.37466E-05  0.66795E-05 -0.27871E-05
  0.72600E+02 -0.39430E-05  0.69121E-05 -0.26786E-05
  0.72900E+02 -0.41113E-05  0.70946E-05 -0.25491E-05
  0.73200E+02 -0.42510E-05  0.72251E-05 -0.24003E-05
  0.73500E+02 -0.43631E-05  0.73015E-05 -0.22340E-05
  0.73800E+02 -0.44490E-05  0.73219E-05 -0.20521E-05
  0.74100E+02 -0.45113E-05  0.72852E-05 -0.18566E-05
  0.74400E+02 -0.45528E-05  0.71905E-05 -0.16493E-05
  0.74700E+02 -0.45760E-05  0.70375E-05 -0.14320E-05
  0.75000E+02 -0.45830E-05  0.68265E-05 -0.12064E-05
  0.75300E+02 -0.45761E-05  0.65581E-05 -0.97443E-06
  0.75600E+02 -0.45569E-05  0.62342E-05 -0.73790E-06
  0.75900E+02 -0.45275E-05  0.58570E-05 -0.49908E-06
  0.76200E+02 -0.44894E-05  0.54297E-05 -0.26009E-06
  0.76500E+02 -0.44442E-05  0.49556E-05 -0.23282E-07
  0.76800E+02 -0.43929E-05  0.44386E-05  0.20908E-06
  0.77100E+02 -0.43364E-05  0.38834E-05  0.43482E-06
  0.77400E+02 -0.42753E-05  0.32945E-05  0.65184E-06
  0.77700E+02 -0.42093E-05  0.26772E-05  0.85826E-06
  0.78000E+02 -0.41382E-05  0.20372E-05  0.10522E-05
  0.78300E+02 -0.40609E-05  0.13806E-05  0.12319E-05
  0.78600E+02 -0.39765E-05  0.71389E-06  0.13957E-05
  0.78900E+02 -0.38827E-05  0.43679E-07  0.15419E-05
  0.79200E+02 -0.37774E-05 -0.62306E-06  0.16691E-05
  0.79500E+02 -0.36577E-05 -0.12793E-05  0.17754E-05
  0.79800E+02 -0.35206E-05 -0.19179E-05  0.18602E-05
  0.80100E+02 -0.33626E-05 -0.25318E-05  0.19222E-05
  0.80400E+02 -0.31801E-05 -0.31142E-05  0.19606E-05
  0.80700E+02 -0.29693E-05 -0.36582E-05  0.19749E-05
  0.81000E+02 -0.27260E-05 -0.41576E-05  0.19645E-05
  0.81300E+02 -0.24466E-05 -0.46065E-05  0.19290E-05
  0.81600E+02 -0.21276E-05 -0.49994E-05  0.18682E-05
  0.81900E+02 -0.17655E-05 -0.53318E-05  0.17824E-05
  0.82200E+02 -0.13576E-05 -0.56000E-05  0.16717E-05
  0.82500E+02 -0.90179E-06 -0.58008E-05  0.15370E-05
  0.82800E+02 -0.39641E-06 -0.59324E-05  0.13790E-05
  0.83100E+02  0.15910E-06 -0.59936E-05  0.11986E-05
  0.83400E+02  0.76445E-06 -0.59846E-05  0.99761E-06
  0.83700E+02  0.14182E-05 -0.59063E-05  0.77743E-06
  0.84000E+02  0.21176E-05 -0.57612E-05  0.54032E-06
  0.84300E+02  0.28592E-05 -0.55526E-05  0.28860E-06
  0.84600E+02  0.36378E-05 -0.52850E-05  0.25290E-07
  0.84900E+02  0.44475E-05 -0.49639E-05 -0.24665E-06
  0.85200E+02  0.52812E-05 -0.45958E-05 -0.52377E-06
  0.85500E+02  0.61309E-05 -0.41877E-05 -0.80253E-06
  0.85800E+02  0.69876E-05 -0.37472E-05 -0.10788E-05
  0.86100E+02  0.78415E-05 -0.32824E-05 -0.13485E-05
  0.86400E+02  0.86828E-05 -0.28015E-05 -0.16071E-05
  0.86700E+02  0.95005E-05 -0.23127E-05 -0.18500E-05
  0.87000E+02  0.10284E-04 -0.18245E-05 -0.20727E-05
  0.87300E+02  0.11022E-04 -0.13446E-05 -0.22705E-05
  0.87600E+02  0.11705E-04 -0.88071E-06 -0.24391E-05
  0.87900E+02  0.12322E-04 -0.43970E-06 -0.25743E-05
  0.88200E+02  0.12862E-04 -0.27720E-07 -0.26723E-05
  0.88500E+02  0.13317E-04  0.34987E-06 -0.27297E-05
  0.88800E+02  0.13678E-04  0.68851E-06 -0.27436E-05
  0.89100E+02  0.13937E-04  0.98450E-06 -0.27119E-05
  0.89400E+02  0.14087E-04  0.12352E-05 -0.26329E-05
  0.89700E+02  0.14121E-04  0.14385E-05 -0.25059E-05
  0.90000E+02  0.14036E-04  0.15935E-05 -0.23310E-05
  0.90300E+02  0.13827E-04  0.16997E-05 -0.21088E-05
  0.90600E+02  0.13493E-04  0.17575E-05 -0.18412E-05
  0.90900E+02  0.13031E-04  0.17680E-05 -0.15305E-05
  0.91200E+02  0.12443E-04  0.17328E-05 -0.11799E-05
  0.91500E+02  0.11730E-04  0.16541E-05 -0.79332E-06
  0.91800E+02  0.10896E-04  0.15345E-05 -0.37501E-06
  0.92100E+02  0.99444E-05  0.13771E-05  0.69960E-07
  0.92400E+02  0.88820E-05  0.11855E-05  0.53632E-06
  0.92700E+02  0.77161E-05  0.96351E-06  0.10183E-05
  0.93000E+02  0.64553E-05  0.71546E-06  0.15101E-05
  0.93300E+02  0.51099E-05  0.44579E-06  0.20055E-05
  0.93600E+02  0.36908E-05  0.15921E-06  0.24985E-05
  0.93900E+02  0.22103E-05 -0.13915E-06  0.29829E-05
  0.94200E+02  0.68148E-06 -0.44423E-06  0.34529E-05
  0.94500E+02 -0.88200E-06 -0.75091E-06  0.39024E-05
  0.94800E+02 -0.24657E-05 -0.10537E-05  0.43260E-05
  0.95100E+02 -0.40552E-05 -0.13477E-05  0.47182E-05
  0.95400E+02 -0.56355E-05 -0.16276E-05  0.50742E-05
  0.95700E+02 -0.71917E-05 -0.18889E-05  0.53891E-05
  0.96000E+02 -0.87094E-05 -0.21269E-05  0.56590E-05
  0.96300E+02 -0.10174E-04 -0.23374E-05  0.58801E-05
  0.96600E+02 -0.11571E-04 -0.25167E-05  0.60492E-05
  0.96900E+02 -0.12889E-04 -0.26615E-05  0.61638E-05
  0.97200E+02 -0.14114E-04 -0.27691E-05  0.62220E-05
  0.97500E+02 -0.15234E-04 -0.28370E-05  0.62224E-05
  0.97800E+02 -0.16240E-04 -0.28634E-05  0.61641E-05
  0.98100E+02 -0.17122E-04 -0.28472E-05  0.60474E-05
  0.98400E+02 -0.17872E-04 -0.27877E-05  0.58724E-05
  0.98700E+02 -0.18482E-04 -0.26846E-05  0.56406E-05
  0.99000E+02 -0.18947E-04 -0.25383E-05  0.53536E-05
  0.99300E+02 -0.19263E-04 -0.23497E-05  0.50138E-05
  0.99600E+02 -0.19427E-04 -0.21202E-05  0.46241E-05
  0.99900E+02 -0.19437E-04 -0.18518E-05  0.41877E-05
  0.10020E+03 -0.19295E-04 -0.15469E-05  0.37086E-05
  0.10050E+03 -0.19000E-04 -0.12083E-05  0.31910E-05
  0.10080E+03 -0.18558E-04 -0.83945E-06  0.26395E-05
  0.10110E+03 -0.17971E-04 -0.44401E-06  0.20590E-05
  0.10140E+03 -0.17245E-04 -0.26080E-07  0.14547E-05
  0.10170E+03 -0.16389E-04  0.40995E-06  0.83229E-06
  0.10200E+03 -0.15410E-04  0.85949E-06  0.19692E-06
  0.10230E+03 -0.14317E-04  0.13176E-05 -0.44546E-06
  0.10260E+03 -0.13121E-04  0.17796E-05 -0.10892E-05
  0.10290E+03 -0.11833E-04  0.22402E-05 -0.17288E-05
  0.10320E+03 -0.10466E-04  0.26946E-05 -0.23585E-05
  0.10350E+03 -0.90305E-05  0.31377E-05 -0.29728E-05
  0.10380E+03 -0.75408E-05  0.35647E-05 -0.35667E-05
  0.10410E+03 -0.60098E-05  0.39709E-05 -0.41349E-05
  0.10440E+03 -0.44512E-05  0.43518E-05 -0.46728E-05
  0.10470E+03 -0.28783E-05  0.47033E-05 -0.51759E-05
  0.10500E+03 -0.13048E-05  0.50214E-05 -0.56402E-05
  0.10530E+03  0.25643E-06  0.53024E-05 -0.60620E-05
  0.10560E+03  0.17922E-05  0.55432E-05 -0.64381E-05
  0.10590E+03  0.32899E-05  0.57410E-05 -0.67656E-05
  0.10620E+03  0.47380E-05  0.58934E-05 -0.70422E-05
  0.10650E+03  0.61249E-05  0.59985E-05 -0.72661E-05
  0.10680E+03  0.74404E-05  0.60549E-05 -0.74360E-05
  0.10710E+03  0.86747E-05  0.60618E-05 -0.75510E-05
  0.10740E+03  0.98194E-05  0.60187E-05 -0.76107E-05
  0.10770E+03  0.10867E-04  0.59257E-05 -0.76153E-05
  0.10800E+03  0.11810E-04  0.57833E-05 -0.75653E-05
  0.10830E+03  0.12644E-04  0.55929E-05 -0.74618E-05
  0.10860E+03  0.13364E-04  0.53558E-05 -0.73064E-05
  0.10890E+03  0.13967E-04  0.50743E-05 -0.71009E-05
  0.10920E+03  0.14452E-04  0.47506E-05 -0.68477E-05
  0.10950E+03  0.14816E-04  0.43878E-05 -0.65495E-05
  0.10980E+03  0.15061E-04  0.39890E-05 -0.62093E-05
  0.11010E+03  0.15188E-04  0.35579E-05 -0.58304E-05
  0.11040E+03  0.15199E-04  0.30981E-05 -0.54164E-05
  0.11070E+03  0.15097E-04  0.26140E-05 -0.49710E-05
  0.11100E+03  0.14886E-04  0.21097E-05 -0.44982E-05
  0.11130E+03  0.14573E-04  0.15898E-05 -0.40023E-05
  0.11160E+03  0.14162E-04  0.10588E-05 -0.34874E-05
  0.11190E+03  0.13660E-04  0.52134E-06 -0.29577E-05
  0.11220E+03  0.13075E-04 -0.17930E-07 -0.24176E-05
  0.11250E+03  0.12414E-04 -0.55430E-06 -0.18712E-05
  0.11280E+03  0.11685E-04 -0.10834E-05 -0.13230E-05
  0.11310E+03  0.10898E-04 -0.16006E-05 -0.77698E-06
  0.11340E+03  0.10060E-04 -0.21018E-05 -0.23700E-06
  0.11370E+03  0.91816E-05 -0.25828E-05  0.29290E-06
  0.11400E+03  0.82706E-05 -0.30400E-05  0.80907E-06
  0.11430E+03  0.73364E-05 -0.34696E-05  0.13082E-05
  0.11460E+03  0.63878E-05 -0.38686E-05  0.17872E-05
  0.11490E+03  0.54334E-05 -0.42339E-05  0.22429E-05
  0.11520E+03  0.44814E-05 -0.45633E-05  0.26728E-05
  0.11550E+03  0.35397E-05 -0.48543E-05  0.30745E-05
  0.11580E+03  0.26161E-05 -0.51054E-05  0.34459E-05
  0.11610E+03  0.17174E-05 -0.53150E-05  0.37854E-05
  0.11640E+03  0.85013E-06 -0.54823E-05  0.40915E-05
  0.11670E+03  0.20220E-07 -0.56066E-05  0.43631E-05
  0.11700E+03 -0.76713E-06 -0.56879E-05  0.45995E-05
  0.11730E+03 -0.15073E-05 -0.57262E-05  0.48001E-05
  0.11760E+03 -0.21963E-05 -0.57223E-05  0.49648E-05
  0.11790E+03 -0.28311E-05 -0.56772E-05  0.50936E-05
  0.11820E+03 -0.34089E-05 -0.55921E-05  0.51871E-05
  0.11850E+03 -0.39279E-05 -0.54689E-05  0.52460E-05
  0.11880E+03 -0.43872E-05 -0.53093E-05  0.52711E-05
  0.11910E+03 -0.47861E-05 -0.51158E-05  0.52635E-05
  0.11940E+03 -0.51247E-05 -0.48907E-05  0.52247E-05
  0.11970E+03 -0.54039E-05 -0.46368E-05  0.51563E-05
  0.12000E+03 -0.56250E-05 -0.43571E-05  0.50600E-05
  0.12030E+03 -0.57897E-05 -0.40544E-05  0.49376E-05
  0.12060E+03 -0.59005E-05 -0.37322E-05  0.47912E-05
  0.12090E+03 -0.59602E-05 -0.33935E-05  0.46228E-05
  0.12120E+03 -0.59718E-05 -0.30418E-05  0.44347E-05
  0.12150E+03 -0.59390E-05 -0.26803E-05  0.42289E-05
  0.12180E+03 -0.58654E-05 -0.23122E-05  0.40078E-05
  0.12210E+03 -0.57550E-05 -0.19410E-05  0.37737E-05
  0.12240E+03 -0.56120E-05 -0.15695E-05  0.35287E-05
  0.12270E+03 -0.54407E-05 -0.12012E-05  0.32752E-05
  0.12300E+03 -0.52452E-05 -0.83860E-06  0.30151E-05
  0.12330E+03 -0.50300E-05 -0.48480E-06  0.27507E-05
  0.12360E+03 -0.47991E-05 -0.14205E-06  0.24838E-05
  0.12390E+03 -0.45568E-05  0.18706E-06  0.22165E-05
  0.12420E+03 -0.43069E-05  0.50044E-06  0.19504E-05
  0.12450E+03 -0.40533E-05  0.79624E-06  0.16873E-05
  0.12480E+03 -0.37995E-05  0.10728E-05  0.14286E-05
  0.12510E+03 -0.35487E-05  0.13286E-05  0.11758E-05
  0.12540E+03 -0.33039E-05  0.15625E-05  0.93009E-06
  0.12570E+03 -0.30678E-05  0.17738E-05  0.69254E-06
  0.12600E+03 -0.28428E-05  0.19617E-05  0.46413E-06
  0.12630E+03 -0.26307E-05  0.21258E-05  0.24566E-06
  0.12660E+03 -0.24332E-05  0.22660E-05  0.37783E-07
  0.12690E+03 -0.22517E-05  0.23825E-05 -0.15898E-06
  0.12720E+03 -0.20869E-05  0.24755E-05 -0.34425E-06
  0.12750E+03 -0.19394E-05  0.25456E-05 -0.51778E-06
  0.12780E+03 -0.18095E-05  0.25936E-05 -0.67945E-06
  0.12810E+03 -0.16971E-05  0.26204E-05 -0.82925E-06
  0.12840E+03 -0.16016E-05  0.26271E-05 -0.96728E-06
  0.12870E+03 -0.15225E-05  0.26149E-05 -0.10937E-05
  0.12900E+03 -0.14586E-05  0.25853E-05 -0.12089E-05
  0.12930E+03 -0.14089E-05  0.25396E-05 -0.13131E-05
  0.12960E+03 -0.13717E-05  0.24795E-05 -0.14068E-05
  0.12990E+03 -0.13457E-05  0.24065E-05 -0.14905E-05
  0.13020E+03 -0.13290E-05  0.23223E-05 -0.15646E-05
  0.13050E+03 -0.13197E-05  0.22286E-05 -0.16297E-05
  0.13080E+03 -0.13159E-05  0.21272E-05 -0.16865E-05
  0.13110E+03 -0.13156E-05  0.20196E-05 -0.17354E-05
  0.13140E+03 -0.13169E-05  0.19074E-05 -0.17771E-05
  0.13170E+03 -0.13177E-05  0.17923E-05 -0.18122E-05
  0.13200E+03 -0.13161E-05  0.16757E-05 -0.18411E-05
  0.13230E+03 -0.13102E-05  0.15591E-05 -0.18644E-05
  0.13260E+03 -0.12984E-05  0.14436E-05 -0.18827E-05
  0.13290E+03 -0.12789E-05  0.13306E-05 -0.18964E-05
  0.13320E+03 -0.12503E-05  0.12211E-05 -0.19060E-05
  0.13350E+03 -0.12113E-05  0.11161E-05 -0.19118E-05
  0.13380E+03 -0.11609E-05  0.10164E-05 -0.19141E-05
  0.13410E+03 -0.10981E-05  0.92267E-06 -0.19134E-05
  0.13440E+03 -0.10222E-05  0.83548E-06 -0.19097E-05
  0.13470E+03 -0.93270E-06  0.75522E-06 -0.19034E-05
  0.13500E+03 -0.82945E-06  0.68220E-06 -0.18945E-05
  0.13530E+03 -0.71238E-06  0.61650E-06 -0.18832E-05
  0.13560E+03 -0.58172E-06  0.55816E-06 -0.18694E-05
  0.13590E+03 -0.43789E-06  0.50710E-06 -0.18533E-05
  0.13620E+03 -0.28152E-06  0.46306E-06 -0.18347E-05
  0.13650E+03 -0.11346E-06  0.42571E-06 -0.18137E-05
  0.13680E+03  0.65257E-07  0.39472E-06 -0.17901E-05
  0.13710E+03  0.25343E-06  0.36944E-06 -0.17637E-05
  0.13740E+03  0.44971E-06  0.34938E-06 -0.17346E-05
  0.13770E+03  0.65256E-06  0.33389E-06 -0.17024E-05
  0.13800E+03  0.86038E-06  0.32227E-06 -0.16671E-05
  0.13830E+03  0.10715E-05  0.31381E-06 -0.16284E-05
  0.13860E+03  0.12840E-05  0.30762E-06 -0.15864E-05
  0.13890E+03  0.14962E-05  0.30309E-06 -0.15406E-05
  0.13920E+03  0.17060E-05  0.29945E-06 -0.14911E-05
  0.13950E+03  0.19118E-05  0.29589E-06 -0.14377E-05
  0.13980E+03  0.21115E-05  0.29167E-06 -0.13803E-05
  0.14010E+03  0.23034E-05  0.28614E-06 -0.13188E-05
  0.14040E+03  0.24857E-05  0.27858E-06 -0.12532E-05
  0.14070E+03  0.26567E-05  0.26851E-06 -0.11835E-05
  0.14100E+03  0.28148E-05  0.25531E-06 -0.11098E-05
  0.14130E+03  0.29586E-05  0.23848E-06 -0.10321E-05
  0.14160E+03  0.30867E-05  0.21774E-06 -0.95037E-06
  0.14190E+03  0.31979E-05  0.19257E-06 -0.86486E-06
  0.14220E+03  0.32912E-05  0.16297E-06 -0.77592E-06
  0.14250E+03  0.33658E-05  0.12859E-06 -0.68356E-06
  0.14280E+03  0.34209E-05  0.89580E-07 -0.58815E-06
  0.14310E+03  0.34560E-05  0.45690E-07 -0.48996E-06
  0.14340E+03  0.34708E-05 -0.28030E-08 -0.38942E-06
  0.14370E+03  0.34652E-05 -0.55782E-07 -0.28684E-06
  0.14400E+03  0.34393E-05 -0.11296E-06 -0.18267E-06
  0.14430E+03  0.33932E-05 -0.17403E-06 -0.77332E-07
  0.14460E+03  0.33274E-05 -0.23858E-06  0.28691E-07
  0.14490E+03  0.32426E-05 -0.30615E-06  0.13492E-06
  0.14520E+03  0.31393E-05 -0.37622E-06  0.24085E-06
  0.14550E+03  0.30187E-05 -0.44822E-06  0.34595E-06
  0.14580E+03  0.28816E-05 -0.52151E-06  0.44972E-06
  0.14610E+03  0.27293E-05 -0.59555E-06  0.55161E-06
  0.14640E+03  0.25631E-05 -0.66956E-06  0.65112E-06
  0.14670E+03  0.23844E-05 -0.74292E-06  0.74772E-06
  0.14700E+03  0.21946E-05 -0.81495E-06  0.84090E-06
  0.14730E+03  0.19954E-05 -0.88493E-06  0.93020E-06
  0.14760E+03  0.17882E-05 -0.95214E-06  0.10151E-05
  0.14790E+03  0.15748E-05 -0.10160E-05  0.10952E-05
  0.14820E+03  0.13567E-05 -0.10758E-05  0.11701E-05
  0.14850E+03  0.11357E-05 -0.11310E-05  0.12394E-05
  0.14880E+03  0.91338E-06 -0.11811E-05  0.13028E-05
  0.14910E+03  0.69130E-06 -0.12253E-05  0.13599E-05
  0.14940E+03  0.47103E-06 -0.12635E-05  0.14105E-05
  0.14970E+03  0.25410E-06 -0.12950E-05  0.14544E-05
  0.15000E+03  0.41906E-07 -0.13198E-05  0.14914E-05
  0.15030E+03 -0.16420E-06 -0.13372E-05  0.15214E-05
  0.15060E+03 -0.36296E-06 -0.13472E-05  0.15442E-05
  0.15090E+03 -0.55326E-06 -0.13496E-05  0.15599E-05
  0.15120E+03 -0.73405E-06 -0.13444E-05  0.15685E-05
  0.15150E+03 -0.90441E-06 -0.13316E-05  0.15699E-05
  0.15180E+03 -0.10636E-05 -0.13111E-05  0.15644E-05
  0.15210E+03 -0.12109E-05 -0.12832E-05  0.15521E-05
  0.15240E+03 -0.13458E-05 -0.12481E-05  0.15331E-05
  0.15270E+03 -0.14678E-05 -0.12059E-05  0.15076E-05
  0.15300E+03 -0.15768E-05 -0.11570E-05  0.14760E-05
  0.15330E+03 -0.16726E-05 -0.11019E-05  0.14386E-05
  0.15360E+03 -0.17551E-05 -0.10409E-05  0.13956E-05
  0.15390E+03 -0.18244E-05 -0.97442E-06  0.13473E-05
  0.15420E+03 -0.18807E-05 -0.90308E-06  0.12943E-05
  0.15450E+03 -0.19243E-05 -0.82741E-06  0.12369E-05
  0.15480E+03 -0.19557E-05 -0.74797E-06  0.11754E-05
  0.15510E+03 -0.19752E-05 -0.66536E-06  0.11104E-05
  0.15540E+03 -0.19835E-05 -0.58022E-06  0.10422E-05
  0.15570E+03 -0.19812E-05 -0.49314E-06  0.97130E-06
  0.15600E+03 -0.19690E-05 -0.40479E-06  0.89814E-06
  0.15630E+03 -0.19476E-05 -0.31578E-06  0.82317E-06
  0.15660E+03 -0.19178E-05 -0.22673E-06  0.74681E-06
  0.15690E+03 -0.18804E-05 -0.13827E-06  0.66949E-06
  0.15720E+03 -0.18363E-05 -0.50945E-07  0.59164E-06
  0.15750E+03 -0.17862E-05  0.34643E-07  0.51364E-06
  0.15780E+03 -0.17310E-05  0.11798E-06  0.43589E-06
  0.15810E+03 -0.16715E-05  0.19856E-06  0.35876E-06
  0.15840E+03 -0.16085E-05  0.27591E-06  0.28258E-06
  0.15870E+03 -0.15428E-05  0.34963E-06  0.20769E-06
  0.15900E+03 -0.14750E-05  0.41932E-06  0.13439E-06
  0.15930E+03 -0.14060E-05  0.48465E-06  0.62944E-07
  0.15960E+03 -0.13362E-05  0.54534E-06 -0.63879E-08
  0.15990E+03 -0.12664E-05  0.60114E-06 -0.73401E-07
  0.16020E+03 -0.11970E-05  0.65188E-06 -0.13788E-06
  0.16050E+03 -0.11284E-05  0.69740E-06 -0.19965E-06
  0.16080E+03 -0.10612E-05  0.73762E-06 -0.25859E-06
  0.16110E+03 -0.99564E-06  0.77247E-06 -0.31458E-06
  0.16140E+03 -0.93198E-06  0.80199E-06 -0.36750E-06
  0.16170E+03 -0.87045E-06  0.82619E-06 -0.41731E-06
  0.16200E+03 -0.81122E-06  0.84518E-06 -0.46395E-06
  0.16230E+03 -0.75435E-06  0.85908E-06 -0.50741E-06
  0.16260E+03 -0.69989E-06  0.86804E-06 -0.54767E-06
  0.16290E+03 -0.64783E-06  0.87227E-06 -0.58475E-06
  0.16320E+03 -0.59808E-06  0.87198E-06 -0.61868E-06
  0.16350E+03 -0.55055E-06  0.86744E-06 -0.64951E-06
  0.16380E+03 -0.50507E-06  0.85890E-06 -0.67729E-06
  0.16410E+03 -0.46146E-06  0.84667E-06 -0.70210E-06
  0.16440E+03 -0.41950E-06  0.83103E-06 -0.72401E-06
  0.16470E+03 -0.37894E-06  0.81232E-06 -0.74310E-06
  0.16500E+03 -0.33954E-06  0.79083E-06 -0.75948E-06
  0.16530E+03 -0.30103E-06  0.76691E-06 -0.77323E-06
  0.16560E+03 -0.26313E-06  0.74087E-06 -0.78445E-06
  0.16590E+03 -0.22557E-06  0.71304E-06 -0.79326E-06
  0.16620E+03 -0.18809E-06  0.68371E-06 -0.79973E-06
  0.16650E+03 -0.15043E-06  0.65319E-06 -0.80399E-06
  0.16680E+03 -0.11235E-06  0.62177E-06 -0.80611E-06
  0.16710E+03 -0.73644E-07  0.58971E-06 -0.80618E-06
  0.16740E+03 -0.34121E-07  0.55728E-06 -0.80431E-06
  0.16770E+03  0.63940E-08  0.52469E-06 -0.80055E-06
  0.16800E+03  0.48016E-07  0.49217E-06 -0.79502E-06
  0.16830E+03  0.90857E-07  0.45991E-06 -0.78775E-06
  0.16860E+03  0.13495E-06  0.42807E-06 -0.77883E-06
  0.16890E+03  0.18034E-06  0.39680E-06 -0.76830E-06
  0.16920E+03  0.22700E-06  0.36620E-06 -0.75622E-06
  0.16950E+03  0.27486E-06  0.33640E-06 -0.74265E-06
  0.16980E+03  0.32384E-06  0.30746E-06 -0.72762E-06
  0.17010E+03  0.37380E-06  0.27941E-06 -0.71116E-06
  0.17040E+03  0.42457E-06  0.25231E-06 -0.69333E-06
  0.17070E+03  0.47594E-06  0.22618E-06 -0.67413E-06
  0.17100E+03  0.52769E-06  0.20098E-06 -0.65360E-06
  0.17130E+03  0.57953E-06  0.17670E-06 -0.63177E-06
  0.17160E+03  0.63120E-06  0.15331E-06 -0.60866E-06
  0.17190E+03  0.68236E-06  0.13075E-06 -0.58429E-06
  0.17220E+03  0.73270E-06  0.10897E-06 -0.55869E-06
  0.17250E+03  0.78186E-06  0.87897E-07 -0.53189E-06
  0.17280E+03  0.82949E-06  0.67442E-07 -0.50392E-06
  0.17310E+03  0.87523E-06  0.47542E-07 -0.47480E-06
  0.17340E+03  0.91871E-06  0.28097E-07 -0.44459E-06
  0.17370E+03  0.95958E-06  0.90270E-08 -0.41331E-06
  0.17400E+03  0.99750E-06 -0.97360E-08 -0.38102E-06
  0.17430E+03  0.10321E-05 -0.28281E-07 -0.34776E-06
  0.17460E+03  0.10631E-05 -0.46684E-07 -0.31361E-06
  0.17490E+03  0.10902E-05 -0.65000E-07 -0.27861E-06
  0.17520E+03  0.11131E-05 -0.83299E-07 -0.24286E-06
  0.17550E+03  0.11315E-05 -0.10162E-06 -0.20643E-06
  0.17580E+03  0.11453E-05 -0.12000E-06 -0.16941E-06
  0.17610E+03  0.11542E-05 -0.13846E-06 -0.13189E-06
  0.17640E+03  0.11580E-05 -0.15703E-06 -0.93985E-07
  0.17670E+03  0.11568E-05 -0.17568E-06 -0.55799E-07
  0.17700E+03  0.11504E-05 -0.19443E-06 -0.17441E-07
  0.17730E+03  0.11387E-05 -0.21324E-06  0.20953E-07
  0.17760E+03  0.11218E-05 -0.23207E-06  0.59269E-07
  0.17790E+03  0.10997E-05 -0.25086E-06  0.97373E-07
  0.17820E+03  0.10725E-05 -0.26957E-06  0.13512E-06
  0.17850E+03  0.10403E-05 -0.28810E-06  0.17238E-06
  0.17880E+03  0.10032E-05 -0.30639E-06  0.20900E-06
  0.17910E+03  0.96154E-06 -0.32434E-06  0.24485E-06
  0.17940E+03  0.91558E-06 -0.34184E-06  0.27979E-06
  0.17970E+03  0.86538E-06 -0.35879E-06  0.31366E-06
  0.18000E+03  0.81133E-06 -0.37507E-06  0.34634E-06
  0.18030E+03  0.75380E-06 -0.39058E-06  0.37769E-06
  0.18060E+03  0.69311E-06 -0.40518E-06  0.40758E-06
  0.18090E+03  0.62958E-06 -0.41877E-06  0.43587E-06
  0.18120E+03  0.56364E-06 -0.43122E-06  0.46245E-06
  0.18150E+03  0.49576E-06 -0.44242E-06  0.48719E-06
  0.18180E+03  0.42620E-06 -0.45225E-06  0.51001E-06
  0.18210E+03  0.35542E-06 -0.46061E-06  0.53080E-06
  0.18240E+03  0.28398E-06 -0.46740E-06  0.54946E-06
  0.18270E+03  0.21204E-06 -0.47253E-06  0.56593E-06
  0.18300E+03  0.14028E-06 -0.47592E-06  0.58013E-06
  0.18330E+03  0.68948E-07 -0.47749E-06  0.59201E-06
  0.18360E+03 -0.15280E-08 -0.47720E-06  0.60154E-06
  0.18390E+03 -0.70747E-07 -0.47497E-06  0.60867E-06
  0.18420E+03 -0.13836E-06 -0.47080E-06  0.61339E-06
  0.18450E+03 -0.20400E-06 -0.46466E-06  0.61568E-06
  0.18480E+03 -0.26736E-06 -0.45654E-06  0.61557E-06
  0.18510E+03 -0.32813E-06 -0.44646E-06  0.61306E-06
  0.18540E+03 -0.38603E-06 -0.43443E-06  0.60819E-06
  0.18570E+03 -0.44082E-06 -0.42049E-06  0.60100E-06
  0.18600E+03 -0.49228E-06 -0.40470E-06  0.59155E-06
  0.18630E+03 -0.54021E-06 -0.38713E-06  0.57991E-06
  0.18660E+03 -0.58446E-06 -0.36784E-06  0.56613E-06
  0.18690E+03 -0.62489E-06 -0.34695E-06  0.55034E-06
  0.18720E+03 -0.66140E-06 -0.32456E-06  0.53260E-06
  0.18750E+03 -0.69392E-06 -0.30076E-06  0.51304E-06
  0.18780E+03 -0.72241E-06 -0.27572E-06  0.49176E-06
  0.18810E+03 -0.74692E-06 -0.24953E-06  0.46889E-06
  0.18840E+03 -0.76731E-06 -0.22237E-06  0.44455E-06
  0.18870E+03 -0.78381E-06 -0.19437E-06  0.41887E-06
  0.18900E+03 -0.79635E-06 -0.16569E-06  0.39200E-06
  0.18930E+03 -0.80498E-06 -0.13649E-06  0.36406E-06
  0.18960E+03 -0.80999E-06 -0.10693E-06  0.33521E-06
  0.18990E+03 -0.81141E-06 -0.77178E-07  0.30559E-06
  0.19020E+03 -0.80943E-06 -0.47394E-07  0.27534E-06
  0.19050E+03 -0.80413E-06 -0.17741E-07  0.24460E-06
  0.19080E+03 -0.79574E-06  0.11622E-07  0.21353E-06
  0.19110E+03 -0.78446E-06  0.40541E-07  0.18225E-06
  0.19140E+03 -0.77047E-06  0.68865E-07  0.15091E-06
  0.19170E+03 -0.75391E-06  0.96451E-07  0.11965E-06
  0.19200E+03 -0.73505E-06  0.12316E-06  0.88586E-07
  0.19230E+03 -0.71416E-06  0.14887E-06  0.57844E-07
  0.19260E+03 -0.69135E-06  0.17345E-06  0.27563E-07
  0.19290E+03 -0.66684E-06  0.19680E-06 -0.21730E-08
  0.19320E+03 -0.64086E-06  0.21882E-06 -0.31226E-07
  0.19350E+03 -0.61360E-06  0.23943E-06 -0.59520E-07
  0.19380E+03 -0.58524E-06  0.25853E-06 -0.86957E-07
  0.19410E+03 -0.55597E-06  0.27608E-06 -0.11344E-06
  0.19440E+03 -0.52596E-06  0.29201E-06 -0.13890E-06
  0.19470E+03 -0.49539E-06  0.30628E-06 -0.16327E-06
  0.19500E+03 -0.46439E-06  0.31887E-06 -0.18648E-06
  0.19530E+03 -0.43312E-06  0.32976E-06 -0.20848E-06
  0.19560E+03 -0.40170E-06  0.33895E-06 -0.22921E-06
  0.19590E+03 -0.37025E-06  0.34642E-06 -0.24865E-06
  0.19620E+03 -0.33888E-06  0.35221E-06 -0.26676E-06
  0.19650E+03 -0.30768E-06  0.35634E-06 -0.28351E-06
  0.19680E+03 -0.27675E-06  0.35884E-06 -0.29889E-06
  0.19710E+03 -0.24613E-06  0.35976E-06 -0.31288E-06
  0.19740E+03 -0.21587E-06  0.35915E-06 -0.32548E-06
  0.19770E+03 -0.18609E-06  0.35707E-06 -0.33669E-06
  0.19800E+03 -0.15683E-06  0.35357E-06 -0.34651E-06
  0.19830E+03 -0.12794E-06  0.34874E-06 -0.35496E-06
  0.19860E+03 -0.99760E-07  0.34266E-06 -0.36205E-06
  0.19890E+03 -0.71990E-07  0.33541E-06 -0.36780E-06
  0.19920E+03 -0.44880E-07  0.32705E-06 -0.37224E-06
  0.19950E+03 -0.18290E-07  0.31768E-06 -0.37539E-06
  0.19980E+03  0.77310E-08  0.30741E-06 -0.37728E-06
  0.20010E+03  0.33162E-07  0.29629E-06 -0.37795E-06
  0.20040E+03  0.58011E-07  0.28442E-06 -0.37743E-06
  0.20070E+03  0.82281E-07  0.27191E-06 -0.37576E-06
  0.20100E+03  0.10599E-06  0.25881E-06 -0.37297E-06
  0.20130E+03  0.12912E-06  0.24524E-06 -0.36912E-06
  0.20160E+03  0.15168E-06  0.23125E-06 -0.36423E-06
  0.20190E+03  0.17365E-06  0.21693E-06 -0.35836E-06
  0.20220E+03  0.19505E-06  0.20236E-06 -0.35154E-06
  0.20250E+03  0.21585E-06  0.18760E-06 -0.34382E-06
  0.20280E+03  0.23605E-06  0.17272E-06 -0.33524E-06
  0.20310E+03  0.25563E-06  0.15779E-06 -0.32583E-06
  0.20340E+03  0.27456E-06  0.14286E-06 -0.31566E-06
  0.20370E+03  0.29282E-06  0.12798E-06 -0.30477E-06
  0.20400E+03  0.31038E-06  0.11320E-06 -0.29318E-06
  0.20430E+03  0.32720E-06  0.98576E-07 -0.28095E-06
  0.20460E+03  0.34325E-06  0.84127E-07 -0.26813E-06
  0.20490E+03  0.35846E-06  0.69894E-07 -0.25475E-06
  0.20520E+03  0.37283E-06  0.55904E-07 -0.24086E-06
  0.20550E+03  0.38627E-06  0.42195E-07 -0.22648E-06
  0.20580E+03  0.39876E-06  0.28768E-07 -0.21168E-06
  0.20610E+03  0.41022E-06  0.15667E-07 -0.19648E-06
  0.20640E+03  0.42058E-06  0.28892E-08 -0.18094E-06
  0.20670E+03  0.42990E-06 -0.95484E-08 -0.16509E-06
  0.20700E+03  0.43799E-06 -0.21636E-07 -0.14898E-06
  0.20730E+03  0.44479E-06 -0.33367E-07 -0.13265E-06
  0.20760E+03  0.45042E-06 -0.44734E-07 -0.11613E-06
  0.20790E+03  0.45465E-06 -0.55733E-07 -0.99481E-07
  0.20820E+03  0.45746E-06 -0.66365E-07 -0.82726E-07
  0.20850E+03  0.45895E-06 -0.76616E-07 -0.65927E-07
  0.20880E+03  0.45895E-06 -0.86499E-07 -0.49107E-07
  0.20910E+03  0.45748E-06 -0.96005E-07 -0.32329E-07
  0.20940E+03  0.45451E-06 -0.10513E-06 -0.15623E-07
  0.20970E+03  0.45002E-06 -0.11388E-06  0.96399E-09
  0.21000E+03  0.44400E-06 -0.12224E-06  0.17385E-07
  0.21030E+03  0.43645E-06 -0.13021E-06  0.33593E-07
  0.21060E+03  0.42738E-06 -0.13780E-06  0.49558E-07
  0.21090E+03  0.41680E-06 -0.14498E-06  0.65222E-07
  0.21120E+03  0.40474E-06 -0.15176E-06  0.80550E-07
  0.21150E+03  0.39124E-06 -0.15813E-06  0.95497E-07
  0.21180E+03  0.37632E-06 -0.16408E-06  0.11002E-06
  0.21210E+03  0.36004E-06 -0.16960E-06  0.12406E-06
  0.21240E+03  0.34245E-06 -0.17468E-06  0.13761E-06
  0.21270E+03  0.32364E-06 -0.17931E-06  0.15060E-06
  0.21300E+03  0.30365E-06 -0.18347E-06  0.16301E-06
  0.21330E+03  0.28259E-06 -0.18716E-06  0.17479E-06
  0.21360E+03  0.26048E-06 -0.19036E-06  0.18591E-06
  0.21390E+03  0.23756E-06 -0.19306E-06  0.19633E-06
  0.21420E+03  0.21382E-06 -0.19523E-06  0.20603E-06
  0.21450E+03  0.18937E-06 -0.19687E-06  0.21496E-06
  0.21480E+03  0.16436E-06 -0.19797E-06  0.22311E-06
  0.21510E+03  0.13879E-06 -0.19852E-06  0.23045E-06
  0.21540E+03  0.11292E-06 -0.19850E-06  0.23696E-06
  0.21570E+03  0.86810E-07 -0.19790E-06  0.24260E-06
  0.21600E+03  0.60590E-07 -0.19673E-06  0.24739E-06
  0.21630E+03  0.34410E-07 -0.19497E-06  0.25128E-06
  0.21660E+03  0.82799E-08 -0.19260E-06  0.25429E-06
  0.21690E+03 -0.17520E-07 -0.18965E-06  0.25640E-06
  0.21720E+03 -0.43060E-07 -0.18610E-06  0.25761E-06
  0.21750E+03 -0.68130E-07 -0.18196E-06  0.25791E-06
  0.21780E+03 -0.92550E-07 -0.17724E-06  0.25732E-06
  0.21810E+03 -0.11633E-06 -0.17193E-06  0.25584E-06
  0.21840E+03 -0.13932E-06 -0.16607E-06  0.25348E-06
  0.21870E+03 -0.16143E-06 -0.15965E-06  0.25025E-06
  0.21900E+03 -0.18257E-06 -0.15270E-06  0.24618E-06
  0.21930E+03 -0.20268E-06 -0.14523E-06  0.24128E-06
  0.21960E+03 -0.22165E-06 -0.13728E-06  0.23560E-06
  0.21990E+03 -0.23942E-06 -0.12887E-06  0.22914E-06
  0.22020E+03 -0.25595E-06 -0.12001E-06  0.22194E-06
  0.22050E+03 -0.27117E-06 -0.11077E-06  0.21403E-06
  0.22080E+03 -0.28504E-06 -0.10115E-06  0.20546E-06
  0.22110E+03 -0.29753E-06 -0.91205E-07  0.19627E-06
  0.22140E+03 -0.30860E-06 -0.80966E-07  0.18648E-06
  0.22170E+03 -0.31824E-06 -0.70486E-07  0.17616E-06
  0.22200E+03 -0.32644E-06 -0.59795E-07  0.16535E-06
  0.22230E+03 -0.33319E-06 -0.48947E-07  0.15408E-06
  0.22260E+03 -0.33849E-06 -0.37979E-07  0.14242E-06
  0.22290E+03 -0.34241E-06 -0.26939E-07  0.13040E-06
  0.22320E+03 -0.34480E-06 -0.15876E-07  0.11809E-06
  0.22350E+03 -0.34589E-06 -0.48459E-08  0.10553E-06
  0.22380E+03 -0.34563E-06  0.61176E-08  0.92790E-07
  0.22410E+03 -0.34403E-06  0.16962E-07  0.79890E-07
  0.22440E+03 -0.34114E-06  0.27641E-07  0.66905E-07
  0.22470E+03 -0.33707E-06  0.38106E-07  0.53881E-07
  0.22500E+03 -0.33177E-06  0.48329E-07  0.40870E-07
  0.22530E+03 -0.32541E-06  0.58240E-07  0.27913E-07
  0.22560E+03 -0.31797E-06  0.67829E-07  0.15074E-07
  0.22590E+03 -0.30957E-06  0.77033E-07  0.23910E-08
  0.22620E+03 -0.30017E-06  0.85818E-07 -0.10100E-07
  0.22650E+03 -0.28995E-06  0.94169E-07 -0.22338E-07
  0.22680E+03 -0.27897E-06  0.10203E-06 -0.34294E-07
  0.22710E+03 -0.26719E-06  0.10939E-06 -0.45919E-07
  0.22740E+03 -0.25476E-06  0.11622E-06 -0.57188E-07
  0.22770E+03 -0.24185E-06  0.12250E-06 -0.68045E-07
  0.22800E+03 -0.22830E-06  0.12820E-06 -0.78480E-07
  0.22830E+03 -0.21443E-06  0.13331E-06 -0.88456E-07
  0.22860E+03 -0.20005E-06  0.13781E-06 -0.97931E-07
  0.22890E+03 -0.18540E-06  0.14172E-06 -0.10690E-06
  0.22920E+03 -0.17049E-06  0.14500E-06 -0.11533E-06
  0.22950E+03 -0.15539E-06  0.14766E-06 -0.12320E-06
  0.22980E+03 -0.14016E-06  0.14970E-06 -0.13050E-06
  0.23010E+03 -0.12486E-06  0.15113E-06 -0.13721E-06
  0.23040E+03 -0.10952E-06  0.15195E-06 -0.14333E-06
  0.23070E+03 -0.94207E-07  0.15217E-06 -0.14883E-06
  0.23100E+03 -0.78973E-07  0.15180E-06 -0.15372E-06
  0.23130E+03 -0.63853E-07  0.15086E-06 -0.15799E-06
  0.23160E+03 -0.48903E-07  0.14936E-06 -0.16165E-06
  0.23190E+03 -0.34147E-07  0.14733E-06 -0.16469E-06
  0.23220E+03 -0.19635E-07  0.14478E-06 -0.16711E-06
  0.23250E+03 -0.53900E-08  0.14175E-06 -0.16892E-06
  0.23280E+03  0.85300E-08  0.13825E-06 -0.17013E-06
  0.23310E+03  0.22210E-07  0.13431E-06 -0.17076E-06
  0.23340E+03  0.35400E-07  0.12996E-06 -0.17079E-06
  0.23370E+03  0.48280E-07  0.12523E-06 -0.17025E-06
  0.23400E+03  0.60720E-07  0.12015E-06 -0.16918E-06
  0.23430E+03  0.72700E-07  0.11474E-06 -0.16755E-06
  0.23460E+03  0.84360E-07  0.10904E-06 -0.16541E-06
  0.23490E+03  0.95400E-07  0.10308E-06 -0.16277E-06
  0.23520E+03  0.10608E-06  0.96888E-07 -0.15963E-06
  0.23550E+03  0.11628E-06  0.90501E-07 -0.15605E-06
  0.23580E+03  0.12590E-06  0.83933E-07 -0.15201E-06
  0.23610E+03  0.13501E-06  0.77235E-07 -0.14756E-06
  0.23640E+03  0.14364E-06  0.70426E-07 -0.14272E-06
  0.23670E+03  0.15171E-06  0.63532E-07 -0.13751E-06
  0.23700E+03  0.15917E-06  0.56585E-07 -0.13194E-06
  0.23730E+03  0.16612E-06  0.49607E-07 -0.12605E-06
  0.23760E+03  0.17258E-06  0.42626E-07 -0.11986E-06
  0.23790E+03  0.17841E-06  0.35667E-07 -0.11341E-06
  0.23820E+03  0.18364E-06  0.28752E-07 -0.10670E-06
  0.23850E+03  0.18833E-06  0.21899E-07 -0.99760E-07
  0.23880E+03  0.19237E-06  0.15136E-07 -0.92627E-07
  0.23910E+03  0.19590E-06  0.84800E-08 -0.85314E-07
  0.23940E+03  0.19880E-06  0.19550E-08 -0.77853E-07
  0.23970E+03  0.20111E-06 -0.44420E-08 -0.70277E-07
  0.24000E+03  0.20281E-06 -0.10660E-07 -0.62596E-07
  0.24030E+03  0.20393E-06 -0.16720E-07 -0.54835E-07
  0.24060E+03  0.20443E-06 -0.22570E-07 -0.47030E-07
  0.24090E+03  0.20434E-06 -0.28260E-07 -0.39191E-07
  0.24120E+03  0.20365E-06 -0.33810E-07 -0.31353E-07
  0.24150E+03  0.20237E-06 -0.39020E-07 -0.23537E-07
  0.24180E+03  0.20049E-06 -0.44100E-07 -0.15759E-07
  0.24210E+03  0.19804E-06 -0.48870E-07 -0.80451E-08
  0.24240E+03  0.19500E-06 -0.53430E-07 -0.41770E-09
  0.24270E+03  0.19139E-06 -0.57750E-07  0.70990E-08
  0.24300E+03  0.18723E-06 -0.61730E-07  0.14497E-07
  0.24330E+03  0.18252E-06 -0.65590E-07  0.21737E-07
  0.24360E+03  0.17728E-06 -0.69080E-07  0.28820E-07
  0.24390E+03  0.17152E-06 -0.72370E-07  0.35708E-07
  0.24420E+03  0.16526E-06 -0.75400E-07  0.42400E-07
  0.24450E+03  0.15852E-06 -0.78123E-07  0.48863E-07
  0.24480E+03  0.15133E-06 -0.80590E-07  0.55088E-07
  0.24510E+03  0.14369E-06 -0.82787E-07  0.61061E-07
  0.24540E+03  0.13565E-06 -0.84706E-07  0.66766E-07
  0.24570E+03  0.12722E-06 -0.86357E-07  0.72183E-07
  0.24600E+03  0.11839E-06 -0.87731E-07  0.77298E-07
  0.24630E+03  0.10935E-06 -0.88834E-07  0.82113E-07
  0.24660E+03  0.99950E-07 -0.89665E-07  0.86608E-07
  0.24690E+03  0.90210E-07 -0.90230E-07  0.90765E-07
  0.24720E+03  0.80290E-07 -0.90523E-07  0.94579E-07
  0.24750E+03  0.70200E-07 -0.90542E-07  0.98037E-07
  0.24780E+03  0.59970E-07 -0.90311E-07  0.10115E-06
  0.24810E+03  0.49610E-07 -0.89803E-07  0.10389E-06
  0.24840E+03  0.39220E-07 -0.89053E-07  0.10627E-06
  0.24870E+03  0.28700E-07 -0.88037E-07  0.10827E-06
  0.24900E+03  0.18210E-07 -0.86776E-07  0.10990E-06
  0.24930E+03  0.77600E-08 -0.85301E-07  0.11114E-06
  0.24960E+03 -0.26860E-08 -0.83524E-07  0.11201E-06
  0.24990E+03 -0.12969E-07 -0.81600E-07  0.11250E-06
  0.25020E+03 -0.23102E-07 -0.79380E-07  0.11262E-06
  0.25050E+03 -0.33057E-07 -0.76900E-07  0.11236E-06
  0.25080E+03 -0.42776E-07 -0.74270E-07  0.11174E-06
  0.25110E+03 -0.52250E-07 -0.71460E-07  0.11075E-06
  0.25140E+03 -0.61428E-07 -0.68400E-07  0.10941E-06
  0.25170E+03 -0.70273E-07 -0.65150E-07  0.10772E-06
  0.25200E+03 -0.78772E-07 -0.61820E-07  0.10569E-06
  0.25230E+03 -0.86879E-07 -0.58249E-07  0.10333E-06
  0.25260E+03 -0.94572E-07 -0.54535E-07  0.10066E-06
  0.25290E+03 -0.10182E-06 -0.50672E-07  0.97674E-07
  0.25320E+03 -0.10862E-06 -0.46688E-07  0.94398E-07
  0.25350E+03 -0.11493E-06 -0.42588E-07  0.90853E-07
  0.25380E+03 -0.12073E-06 -0.38387E-07  0.87034E-07
  0.25410E+03 -0.12602E-06 -0.34089E-07  0.82976E-07
  0.25440E+03 -0.13077E-06 -0.29721E-07  0.78685E-07
  0.25470E+03 -0.13499E-06 -0.25297E-07  0.74192E-07
  0.25500E+03 -0.13864E-06 -0.20825E-07  0.69493E-07
  0.25530E+03 -0.14174E-06 -0.16320E-07  0.64623E-07
  0.25560E+03 -0.14428E-06 -0.11801E-07  0.59594E-07
  0.25590E+03 -0.14625E-06 -0.72910E-08  0.54433E-07
  0.25620E+03 -0.14765E-06 -0.27920E-08  0.49152E-07
  0.25650E+03 -0.14850E-06  0.16770E-08  0.43775E-07
  0.25680E+03 -0.14879E-06  0.60930E-08  0.38321E-07
  0.25710E+03 -0.14855E-06  0.10445E-07  0.32809E-07
  0.25740E+03 -0.14776E-06  0.14721E-07  0.27262E-07
  0.25770E+03 -0.14645E-06  0.18902E-07  0.21699E-07
  0.25800E+03 -0.14464E-06  0.22974E-07  0.16139E-07
  0.25830E+03 -0.14234E-06  0.26924E-07  0.10603E-07
  0.25860E+03 -0.13957E-06  0.30738E-07  0.51120E-08
  0.25890E+03 -0.13634E-06  0.34402E-07 -0.31700E-09
  0.25920E+03 -0.13268E-06  0.37905E-07 -0.56700E-08
  0.25950E+03 -0.12862E-06  0.41235E-07 -0.10924E-07
  0.25980E+03 -0.12418E-06  0.44380E-07 -0.16065E-07
  0.26010E+03 -0.11937E-06  0.47331E-07 -0.21069E-07
  0.26040E+03 -0.11423E-06  0.50079E-07 -0.25926E-07
  0.26070E+03 -0.10878E-06  0.52615E-07 -0.30621E-07
  0.26100E+03 -0.10306E-06  0.54931E-07 -0.35140E-07
  0.26130E+03 -0.97077E-07  0.57023E-07 -0.39463E-07
  0.26160E+03 -0.90871E-07  0.58878E-07 -0.43584E-07
  0.26190E+03 -0.84469E-07  0.60505E-07 -0.47502E-07
  0.26220E+03 -0.77902E-07  0.61897E-07 -0.51180E-07
  0.26250E+03 -0.71186E-07  0.63038E-07 -0.54634E-07
  0.26280E+03 -0.64362E-07  0.63942E-07 -0.57843E-07
  0.26310E+03 -0.57447E-07  0.64607E-07 -0.60807E-07
  0.26340E+03 -0.50471E-07  0.65020E-07 -0.63514E-07
  0.26370E+03 -0.43458E-07  0.65205E-07 -0.65950E-07
  0.26400E+03 -0.36460E-07  0.65145E-07 -0.68133E-07
  0.26430E+03 -0.29380E-07  0.64852E-07 -0.70042E-07
  0.26460E+03 -0.22410E-07  0.64336E-07 -0.71688E-07
  0.26490E+03 -0.15590E-07  0.63593E-07 -0.73057E-07
  0.26520E+03 -0.86700E-08  0.62635E-07 -0.74147E-07
  0.26550E+03 -0.20000E-08  0.61474E-07 -0.74978E-07
  0.26580E+03  0.46500E-08  0.60106E-07 -0.75541E-07
  0.26610E+03  0.11080E-07  0.58547E-07 -0.75839E-07
  0.26640E+03  0.17367E-07  0.56805E-07 -0.75869E-07
  0.26670E+03  0.23490E-07  0.54892E-07 -0.75647E-07
  0.26700E+03  0.29421E-07  0.52812E-07 -0.75169E-07
  0.26730E+03  0.35148E-07  0.50576E-07 -0.74446E-07
  0.26760E+03  0.40655E-07  0.48210E-07 -0.73487E-07
  0.26790E+03  0.45929E-07  0.45730E-07 -0.72296E-07
  0.26820E+03  0.50956E-07  0.43100E-07 -0.70883E-07
  0.26850E+03  0.55733E-07  0.40410E-07 -0.69256E-07
  0.26880E+03  0.60244E-07  0.37540E-07 -0.67424E-07
  0.26910E+03  0.64486E-07  0.34610E-07 -0.65402E-07
  0.26940E+03  0.68449E-07  0.31710E-07 -0.63187E-07
  0.26970E+03  0.72126E-07  0.28630E-07 -0.60805E-07
  0.27000E+03  0.75514E-07  0.25654E-07 -0.58252E-07
  0.27030E+03  0.78608E-07  0.22512E-07 -0.55561E-07
  0.27060E+03  0.81408E-07  0.19393E-07 -0.52713E-07
  0.27090E+03  0.83899E-07  0.16266E-07 -0.49757E-07
  0.27120E+03  0.86144E-07  0.13134E-07 -0.46674E-07
  0.27150E+03  0.88000E-07  0.10030E-07 -0.43489E-07
  0.27180E+03  0.89610E-07  0.69370E-08 -0.40206E-07
  0.27210E+03  0.90830E-07  0.38900E-08 -0.36851E-07
  0.27240E+03  0.91800E-07  0.87201E-09 -0.33431E-07
  0.27270E+03  0.92550E-07 -0.20820E-08 -0.29953E-07
  0.27300E+03  0.92960E-07 -0.49770E-08 -0.26434E-07
  0.27330E+03  0.93020E-07 -0.77970E-08 -0.22879E-07
  0.27360E+03  0.92820E-07 -0.10542E-07 -0.19306E-07
  0.27390E+03  0.92330E-07 -0.13198E-07 -0.15732E-07
  0.27420E+03  0.91570E-07 -0.15765E-07 -0.12156E-07
  0.27450E+03  0.90540E-07 -0.18231E-07 -0.86040E-08
  0.27480E+03  0.89250E-07 -0.20595E-07 -0.50720E-08
  0.27510E+03  0.87730E-07 -0.22848E-07 -0.15880E-08
  0.27540E+03  0.85850E-07 -0.24981E-07  0.18580E-08
  0.27570E+03  0.83861E-07 -0.26990E-07  0.52420E-08
  0.27600E+03  0.81544E-07 -0.28885E-07  0.85620E-08
  0.27630E+03  0.79020E-07 -0.30652E-07  0.11795E-07
  0.27660E+03  0.76293E-07 -0.32235E-07  0.14947E-07
  0.27690E+03  0.73365E-07 -0.33780E-07  0.18003E-07
  0.27720E+03  0.70226E-07 -0.35180E-07  0.20957E-07
  0.27750E+03  0.66913E-07 -0.36330E-07  0.23797E-07
  0.27780E+03  0.63434E-07 -0.37510E-07  0.26525E-07
  0.27810E+03  0.59790E-07 -0.38380E-07  0.29122E-07
  0.27840E+03  0.55996E-07 -0.39290E-07  0.31586E-07
  0.27870E+03  0.52073E-07 -0.39890E-07  0.33911E-07
  0.27900E+03  0.48036E-07 -0.40440E-07  0.36095E-07
  0.27930E+03  0.43880E-07 -0.40840E-07  0.38132E-07
  0.27960E+03  0.39640E-07 -0.41150E-07  0.40016E-07
  0.27990E+03  0.35317E-07 -0.41270E-07  0.41748E-07
  0.28020E+03  0.30929E-07 -0.41290E-07  0.43313E-07
  0.28050E+03  0.26492E-07 -0.41160E-07  0.44714E-07
  0.28080E+03  0.22017E-07 -0.40890E-07  0.45962E-07
  0.28110E+03  0.17480E-07 -0.40502E-07  0.47033E-07
  0.28140E+03  0.13020E-07 -0.40031E-07  0.47942E-07
  0.28170E+03  0.85799E-08 -0.39414E-07  0.48681E-07
  0.28200E+03  0.41100E-08 -0.38680E-07  0.49253E-07
  0.28230E+03 -0.37005E-09 -0.37835E-07  0.49656E-07
  0.28260E+03 -0.47301E-08 -0.36890E-07  0.49890E-07
  0.28290E+03 -0.90399E-08 -0.35842E-07  0.49952E-07
  0.28320E+03 -0.13254E-07 -0.34690E-07  0.49866E-07
  0.28350E+03 -0.17391E-07 -0.33444E-07  0.49601E-07
  0.28380E+03 -0.21417E-07 -0.32119E-07  0.49193E-07
  0.28410E+03 -0.25316E-07 -0.30700E-07  0.48621E-07
  0.28440E+03 -0.29089E-07 -0.29214E-07  0.47898E-07
  0.28470E+03 -0.32719E-07 -0.27649E-07  0.47028E-07
  0.28500E+03 -0.36200E-07 -0.26020E-07  0.46023E-07
  0.28530E+03 -0.39506E-07 -0.24326E-07  0.44880E-07
  0.28560E+03 -0.42643E-07 -0.22575E-07  0.43601E-07
  0.28590E+03 -0.45599E-07 -0.20778E-07  0.42193E-07
  0.28620E+03 -0.48352E-07 -0.18928E-07  0.40676E-07
  0.28650E+03 -0.50919E-07 -0.17048E-07  0.39034E-07
  0.28680E+03 -0.53274E-07 -0.15135E-07  0.37299E-07
  0.28710E+03 -0.55413E-07 -0.13185E-07  0.35463E-07
  0.28740E+03 -0.57337E-07 -0.11231E-07  0.33532E-07
  0.28770E+03 -0.59042E-07 -0.92550E-08  0.31518E-07
  0.28800E+03 -0.60516E-07 -0.72680E-08  0.29432E-07
  0.28830E+03 -0.61772E-07 -0.52870E-08  0.27274E-07
  0.28860E+03 -0.62791E-07 -0.33100E-08  0.25051E-07
  0.28890E+03 -0.63580E-07 -0.13460E-08  0.22786E-07
  0.28920E+03 -0.64145E-07  0.59100E-09  0.20476E-07
  0.28950E+03 -0.64477E-07  0.25190E-08  0.18120E-07
  0.28980E+03 -0.64582E-07  0.44040E-08  0.15744E-07
  0.29010E+03 -0.64462E-07  0.62510E-08  0.13345E-07
  0.29040E+03 -0.64121E-07  0.80640E-08  0.10938E-07
  0.29070E+03 -0.63563E-07  0.98250E-08  0.85200E-08
  0.29100E+03 -0.62791E-07  0.11521E-07  0.61110E-08
  0.29130E+03 -0.61813E-07  0.13162E-07  0.37100E-08
  0.29160E+03 -0.60635E-07  0.14741E-07  0.13220E-08
  0.29190E+03 -0.59261E-07  0.16247E-07 -0.10320E-08
  0.29220E+03 -0.57704E-07  0.17676E-07 -0.33530E-08
  0.29250E+03 -0.55972E-07  0.19031E-07 -0.56300E-08
  0.29280E+03 -0.54063E-07  0.20298E-07 -0.78560E-08
  0.29310E+03 -0.51996E-07  0.21475E-07 -0.10027E-07
  0.29340E+03 -0.49790E-07  0.22560E-07 -0.12142E-07
  0.29370E+03 -0.47437E-07  0.23560E-07 -0.14187E-07
  0.29400E+03 -0.44951E-07  0.24460E-07 -0.16151E-07
  0.29430E+03 -0.42359E-07  0.25263E-07 -0.18042E-07
  0.29460E+03 -0.39649E-07  0.25974E-07 -0.19839E-07
  0.29490E+03 -0.36849E-07  0.26571E-07 -0.21556E-07
  0.29520E+03 -0.33967E-07  0.27076E-07 -0.23165E-07
  0.29550E+03 -0.31019E-07  0.27485E-07 -0.24676E-07
  0.29580E+03 -0.28005E-07  0.27779E-07 -0.26075E-07
  0.29610E+03 -0.24946E-07  0.27988E-07 -0.27379E-07
  0.29640E+03 -0.21855E-07  0.28082E-07 -0.28563E-07
  0.29670E+03 -0.18735E-07  0.28087E-07 -0.29621E-07
  0.29700E+03 -0.15595E-07  0.27993E-07 -0.30575E-07
  0.29730E+03 -0.12469E-07  0.27810E-07 -0.31402E-07
  0.29760E+03 -0.93390E-08  0.27527E-07 -0.32116E-07
  0.29790E+03 -0.62400E-08  0.27157E-07 -0.32705E-07
  0.29820E+03 -0.31750E-08  0.26698E-07 -0.33169E-07
  0.29850E+03 -0.14205E-09  0.26160E-07 -0.33520E-07
  0.29880E+03  0.28380E-08  0.25538E-07 -0.33736E-07
  0.29910E+03  0.57540E-08  0.24834E-07 -0.33839E-07
  0.29940E+03  0.86020E-08  0.24064E-07 -0.33823E-07
  0.29970E+03  0.11365E-07  0.23224E-07 -0.33690E-07
  0.30000E+03  0.14047E-07  0.22313E-07 -0.33438E-07
  0.30030E+03  0.16635E-07  0.21349E-07 -0.33086E-07
  0.30060E+03  0.19125E-07  0.20322E-07 -0.32613E-07
  0.30090E+03  0.21510E-07  0.19244E-07 -0.32044E-07
  0.30120E+03  0.23777E-07  0.18120E-07 -0.31374E-07
  0.30150E+03  0.25932E-07  0.16955E-07 -0.30609E-07
  0.30180E+03  0.27960E-07  0.15746E-07 -0.29740E-07
  0.30210E+03  0.29865E-07  0.14508E-07 -0.28800E-07
  0.30240E+03  0.31635E-07  0.13241E-07 -0.27762E-07
  0.30270E+03  0.33271E-07  0.11941E-07 -0.26658E-07
  0.30300E+03  0.34772E-07  0.10631E-07 -0.25478E-07
  0.30330E+03  0.36132E-07  0.93040E-08 -0.24230E-07
  0.30360E+03  0.37346E-07  0.79660E-08 -0.22924E-07
  0.30390E+03  0.38422E-07  0.66271E-08 -0.21550E-07
  0.30420E+03  0.39354E-07  0.52852E-08 -0.20142E-07
  0.30450E+03  0.40147E-07  0.39450E-08 -0.18679E-07
  0.30480E+03  0.40789E-07  0.26240E-08 -0.17185E-07
  0.30510E+03  0.41291E-07  0.13030E-08 -0.15649E-07
  0.30540E+03  0.41655E-07  0.69917E-11 -0.14092E-07
  0.30570E+03  0.41865E-07 -0.12720E-08 -0.12502E-07
  0.30600E+03  0.41943E-07 -0.25210E-08 -0.10901E-07
  0.30630E+03  0.41885E-07 -0.37390E-08 -0.92870E-08
  0.30660E+03  0.00000E+00  0.39790E-11  0.10232E-11
  0.30690E+03  0.39790E-11  0.40359E-11  0.00000E+00
