  0.00000E+00  0.32255E-11 -0.49203E-12 -0.28121E-11
  0.30000E+00  0.10268E-10 -0.17408E-11 -0.72317E-11
  0.60000E+00  0.25861E-10 -0.56180E-11 -0.13456E-10
  0.90000E+00  0.53794E-10 -0.15960E-10 -0.17667E-10
  0.12000E+01  0.97567E-10 -0.38740E-10 -0.11014E-10
  0.15000E+01  0.16265E-09 -0.81038E-10  0.21262E-10
  0.18000E+01  0.25782E-09 -0.14940E-09  0.99409E-10
  0.21000E+01  0.39401E-09 -0.24794E-09  0.24742E-09
  0.24000E+01  0.58236E-09 -0.37686E-09  0.49070E-09
  0.27000E+01  0.83281E-09 -0.53178E-09  0.85414E-09
  0.30000E+01  0.11533E-08 -0.70378E-09  0.13611E-08
  0.33000E+01  0.15485E-08 -0.88048E-09  0.20323E-08
  0.36000E+01  0.20187E-08 -0.10480E-08  0.28844E-08
  0.39000E+01  0.25579E-08 -0.11918E-08  0.39276E-08
  0.42000E+01  0.31518E-08 -0.12945E-08  0.51630E-08
  0.45000E+01  0.37751E-08 -0.13329E-08  0.65790E-08
  0.48000E+01  0.43913E-08 -0.12771E-08  0.81507E-08
  0.51000E+01  0.49599E-08 -0.10930E-08  0.98400E-08
  0.54000E+01  0.54454E-08 -0.74566E-09  0.11597E-07
  0.57000E+01  0.58232E-08 -0.20328E-09  0.13365E-07
  0.60000E+01  0.60823E-08  0.56134E-09  0.15079E-07
  0.63000E+01  0.62240E-08  0.15690E-08  0.16677E-07
  0.66000E+01  0.62583E-08  0.28320E-08  0.18097E-07
  0.69000E+01  0.62010E-08  0.43529E-08  0.19279E-07
  0.72000E+01  0.60694E-08  0.61227E-08  0.20165E-07
  0.75000E+01  0.58800E-08  0.81228E-08  0.20700E-07
  0.78000E+01  0.56459E-08  0.10327E-07  0.20834E-07
  0.81000E+01  0.53755E-08  0.12706E-07  0.20520E-07
  0.84000E+01  0.50724E-08  0.15227E-07  0.19718E-07
  0.87000E+01  0.47365E-08  0.17860E-07  0.18396E-07
  0.90000E+01  0.43652E-08  0.20570E-07  0.16529E-07
  0.93000E+01  0.39540E-08  0.23323E-07  0.14106E-07
  0.96000E+01  0.34978E-08  0.26077E-07  0.11129E-07
  0.99000E+01  0.29913E-08  0.28788E-07  0.76139E-08
  0.10200E+02  0.24293E-08  0.31403E-07  0.35883E-08
  0.10500E+02  0.18059E-08  0.33857E-07 -0.90616E-09
  0.10800E+02  0.11149E-08  0.36078E-07 -0.58163E-08
  0.11100E+02  0.34957E-09  0.37987E-07 -0.11080E-07
  0.11400E+02 -0.49717E-09  0.39501E-07 -0.16628E-07
  0.11700E+02 -0.14328E-08  0.40543E-07 -0.22389E-07
  0.12000E+02 -0.24643E-08  0.41044E-07 -0.28288E-07
  0.12300E+02 -0.35968E-08  0.40945E-07 -0.34247E-07
  0.12600E+02 -0.48314E-08  0.40201E-07 -0.40192E-07
  0.12900E+02 -0.61643E-08  0.38780E-07 -0.46046E-07
  0.13200E+02 -0.75870E-08  0.36666E-07 -0.51738E-07
  0.13500E+02 -0.90873E-08  0.33854E-07 -0.57199E-07
  0.13800E+02 -0.10649E-07  0.30352E-07 -0.62365E-07
  0.14100E+02 -0.12251E-07  0.26183E-07 -0.67175E-07
  0.14400E+02 -0.13871E-07  0.21382E-07 -0.71573E-07
  0.14700E+02 -0.15483E-07  0.15997E-07 -0.75503E-07
  0.15000E+02 -0.17065E-07  0.10084E-07 -0.78908E-07
  0.15300E+02 -0.18595E-07  0.37086E-08 -0.81731E-07
  0.15600E+02 -0.20061E-07 -0.30644E-08 -0.83917E-07
  0.15900E+02 -0.21454E-07 -0.10166E-07 -0.85412E-07
  0.16200E+02 -0.22770E-07 -0.17528E-07 -0.86168E-07
  0.16500E+02 -0.24007E-07 -0.25078E-07 -0.86141E-07
  0.16800E+02 -0.25156E-07 -0.32743E-07 -0.85295E-07
  0.17100E+02 -0.26211E-07 -0.40450E-07 -0.83599E-07
  0.17400E+02 -0.27161E-07 -0.48122E-07 -0.81027E-07
  0.17700E+02 -0.27996E-07 -0.55679E-07 -0.77565E-07
  0.18000E+02 -0.28706E-07 -0.63036E-07 -0.73206E-07
  0.18300E+02 -0.29278E-07 -0.70108E-07 -0.67957E-07
  0.18600E+02 -0.29698E-07 -0.76805E-07 -0.61837E-07
  0.18900E+02 -0.29951E-07 -0.83043E-07 -0.54879E-07
  0.19200E+02 -0.30016E-07 -0.88739E-07 -0.47131E-07
  0.19500E+02 -0.29873E-07 -0.93813E-07 -0.38647E-07
  0.19800E+02 -0.29501E-07 -0.98192E-07 -0.29493E-07
  0.20100E+02 -0.28879E-07 -0.10181E-06 -0.19739E-07
  0.20400E+02 -0.27993E-07 -0.10460E-06 -0.94581E-08
  0.20700E+02 -0.26835E-07 -0.10652E-06  0.12707E-08
  0.21000E+02 -0.25404E-07 -0.10754E-06  0.12365E-07
  0.21300E+02 -0.23704E-07 -0.10764E-06  0.23740E-07
  0.21600E+02 -0.21744E-07 -0.10681E-06  0.35310E-07
  0.21900E+02 -0.19540E-07 -0.10506E-06  0.46986E-07
  0.22200E+02 -0.17112E-07 -0.10242E-06  0.58676E-07
  0.22500E+02 -0.14479E-07 -0.98921E-07  0.70288E-07
  0.22800E+02 -0.11661E-07 -0.94602E-07  0.81727E-07
  0.23100E+02 -0.86813E-08 -0.89505E-07  0.92897E-07
  0.23400E+02 -0.55594E-08 -0.83672E-07  0.10370E-06
  0.23700E+02 -0.23167E-08 -0.77139E-07  0.11404E-06
  0.24000E+02  0.10252E-08 -0.69942E-07  0.12383E-06
  0.24300E+02  0.44447E-08 -0.62119E-07  0.13296E-06
  0.24600E+02  0.79205E-08 -0.53706E-07  0.14135E-06
  0.24900E+02  0.11433E-07 -0.44747E-07  0.14891E-06
  0.25200E+02  0.14963E-07 -0.35289E-07  0.15557E-06
  0.25500E+02  0.18496E-07 -0.25386E-07  0.16125E-06
  0.25800E+02  0.22019E-07 -0.15095E-07  0.16590E-06
  0.26100E+02  0.25519E-07 -0.44810E-08  0.16945E-06
  0.26400E+02  0.28985E-07  0.63837E-08  0.17189E-06
  0.26700E+02  0.32402E-07  0.17419E-07  0.17315E-06
  0.27000E+02  0.35748E-07  0.28536E-07  0.17323E-06
  0.27300E+02  0.38998E-07  0.39641E-07  0.17208E-06
  0.27600E+02  0.42116E-07  0.50633E-07  0.16970E-06
  0.27900E+02  0.45058E-07  0.61408E-07  0.16607E-06
  0.28200E+02  0.47774E-07  0.71864E-07  0.16118E-06
  0.28500E+02  0.50210E-07  0.81898E-07  0.15505E-06
  0.28800E+02  0.52311E-07  0.91416E-07  0.14769E-06
  0.29100E+02  0.54031E-07  0.10033E-06  0.13911E-06
  0.29400E+02  0.55332E-07  0.10857E-06  0.12935E-06
  0.29700E+02  0.56186E-07  0.11607E-06  0.11847E-06
  0.30000E+02  0.56573E-07  0.12279E-06  0.10653E-06
  0.30300E+02  0.56481E-07  0.12866E-06  0.93594E-07
  0.30600E+02  0.55911E-07  0.13368E-06  0.79760E-07
  0.30900E+02  0.54876E-07  0.13780E-06  0.65127E-07
  0.31200E+02  0.53401E-07  0.14100E-06  0.49804E-07
  0.31500E+02  0.51526E-07  0.14328E-06  0.33913E-07
  0.31800E+02  0.49298E-07  0.14463E-06  0.17581E-07
  0.32100E+02  0.46777E-07  0.14505E-06  0.94392E-09
  0.32400E+02  0.44025E-07  0.14455E-06 -0.15858E-07
  0.32700E+02  0.41108E-07  0.14314E-06 -0.32680E-07
  0.33000E+02  0.38090E-07  0.14087E-06 -0.49374E-07
  0.33300E+02  0.35032E-07  0.13775E-06 -0.65793E-07
  0.33600E+02  0.31987E-07  0.13384E-06 -0.81790E-07
  0.33900E+02  0.29002E-07  0.12917E-06 -0.97222E-07
  0.34200E+02  0.26110E-07  0.12380E-06 -0.11195E-06
  0.34500E+02  0.23331E-07  0.11777E-06 -0.12587E-06
  0.34800E+02  0.20663E-07  0.11118E-06 -0.13888E-06
  0.35100E+02  0.18064E-07  0.10414E-06 -0.15102E-06
  0.35400E+02  0.15432E-07  0.96899E-07 -0.16242E-06
  0.35700E+02  0.12603E-07  0.89770E-07 -0.17330E-06
  0.36000E+02  0.93672E-08  0.83161E-07 -0.18391E-06
  0.36300E+02  0.54949E-08  0.77516E-07 -0.19447E-06
  0.36600E+02  0.76334E-09  0.73269E-07 -0.20519E-06
  0.36900E+02 -0.50231E-08  0.70817E-07 -0.21621E-06
  0.37200E+02 -0.12023E-07  0.70497E-07 -0.22763E-06
  0.37500E+02 -0.20351E-07  0.72576E-07 -0.23948E-06
  0.37800E+02 -0.30077E-07  0.77240E-07 -0.25175E-06
  0.38100E+02 -0.41218E-07  0.84581E-07 -0.26432E-06
  0.38400E+02 -0.53733E-07  0.94589E-07 -0.27700E-06
  0.38700E+02 -0.67503E-07  0.10712E-06 -0.28946E-06
  0.39000E+02 -0.82315E-07  0.12186E-06 -0.30118E-06
  0.39300E+02 -0.97816E-07  0.13825E-06 -0.31143E-06
  0.39600E+02 -0.11350E-06  0.15549E-06 -0.31924E-06
  0.39900E+02 -0.12870E-06  0.17248E-06 -0.32348E-06
  0.40200E+02 -0.14262E-06  0.18786E-06 -0.32285E-06
  0.40500E+02 -0.15436E-06  0.20015E-06 -0.31613E-06
  0.40800E+02 -0.16306E-06  0.20784E-06 -0.30226E-06
  0.41100E+02 -0.16795E-06  0.20956E-06 -0.28051E-06
  0.41400E+02 -0.16847E-06  0.20428E-06 -0.25061E-06
  0.41700E+02 -0.16441E-06  0.19157E-06 -0.21303E-06
  0.42000E+02 -0.15596E-06  0.17165E-06 -0.16869E-06
  0.42300E+02 -0.14353E-06  0.14511E-06 -0.11836E-06
  0.42600E+02 -0.12745E-06  0.11236E-06 -0.62301E-07
  0.42900E+02 -0.10780E-06  0.73430E-07 -0.53815E-09
  0.43200E+02 -0.84578E-07  0.28103E-07  0.66579E-07
  0.43500E+02 -0.57811E-07 -0.23724E-07  0.13822E-06
  0.43800E+02 -0.27711E-07 -0.81837E-07  0.21322E-06
  0.44100E+02  0.53576E-08 -0.14573E-06  0.29030E-06
  0.44400E+02  0.40945E-07 -0.21472E-06  0.36813E-06
  0.44700E+02  0.78575E-07 -0.28803E-06  0.44539E-06
  0.45000E+02  0.11780E-06 -0.36490E-06  0.52063E-06
  0.45300E+02  0.15822E-06 -0.44459E-06  0.59241E-06
  0.45600E+02  0.19947E-06 -0.52640E-06  0.65930E-06
  0.45900E+02  0.24122E-06 -0.60962E-06  0.71996E-06
  0.46200E+02  0.28304E-06 -0.69340E-06  0.77306E-06
  0.46500E+02  0.32445E-06 -0.77674E-06  0.81736E-06
  0.46800E+02  0.36490E-06 -0.85850E-06  0.85167E-06
  0.47100E+02  0.40378E-06 -0.93741E-06  0.87480E-06
  0.47400E+02  0.44043E-06 -0.10121E-05  0.88565E-06
  0.47700E+02  0.47410E-06 -0.10810E-05  0.88328E-06
  0.48000E+02  0.50401E-06 -0.11426E-05  0.86701E-06
  0.48300E+02  0.52936E-06 -0.11950E-05  0.83628E-06
  0.48600E+02  0.54935E-06 -0.12365E-05  0.79054E-06
  0.48900E+02  0.56313E-06 -0.12655E-05  0.72928E-06
  0.49200E+02  0.56977E-06 -0.12799E-05  0.65209E-06
  0.49500E+02  0.56827E-06 -0.12778E-05  0.55880E-06
  0.49800E+02  0.55766E-06 -0.12572E-05  0.44956E-06
  0.50100E+02  0.53705E-06 -0.12164E-05  0.32491E-06
  0.50400E+02  0.50578E-06 -0.11541E-05  0.18576E-06
  0.50700E+02  0.46340E-06 -0.10693E-05  0.33416E-07
  0.51000E+02  0.40971E-06 -0.96150E-06 -0.13038E-06
  0.51300E+02  0.34479E-06 -0.83083E-06 -0.30347E-06
  0.51600E+02  0.26901E-06 -0.67791E-06 -0.48340E-06
  0.51900E+02  0.18300E-06 -0.50393E-06 -0.66739E-06
  0.52200E+02  0.87688E-07 -0.31060E-06 -0.85233E-06
  0.52500E+02 -0.15789E-07 -0.10016E-06 -0.10348E-05
  0.52800E+02 -0.12603E-06  0.12461E-06 -0.12113E-05
  0.53100E+02 -0.24144E-06  0.36038E-06 -0.13781E-05
  0.53400E+02 -0.36025E-06  0.60342E-06 -0.15317E-05
  0.53700E+02 -0.48061E-06  0.84971E-06 -0.16687E-05
  0.54000E+02 -0.60057E-06  0.10951E-05 -0.17859E-05
  0.54300E+02 -0.71820E-06  0.13354E-05 -0.18803E-05
  0.54600E+02 -0.83156E-06  0.15665E-05 -0.19493E-05
  0.54900E+02 -0.93878E-06  0.17841E-05 -0.19909E-05
  0.55200E+02 -0.10380E-05  0.19844E-05 -0.20035E-05
  0.55500E+02 -0.11275E-05  0.21637E-05 -0.19860E-05
  0.55800E+02 -0.12057E-05  0.23190E-05 -0.19382E-05
  0.56100E+02 -0.12711E-05  0.24477E-05 -0.18602E-05
  0.56400E+02 -0.13224E-05  0.25478E-05 -0.17528E-05
  0.56700E+02 -0.13588E-05  0.26178E-05 -0.16174E-05
  0.57000E+02 -0.13793E-05  0.26569E-05 -0.14556E-05
  0.57300E+02 -0.13836E-05  0.26648E-05 -0.12697E-05
  0.57600E+02 -0.13713E-05  0.26414E-05 -0.10620E-05
  0.57900E+02 -0.13422E-05  0.25874E-05 -0.83516E-06
  0.58200E+02 -0.12966E-05  0.25036E-05 -0.59205E-06
  0.58500E+02 -0.12348E-05  0.23909E-05 -0.33579E-06
  0.58800E+02 -0.11573E-05  0.22508E-05 -0.69697E-07
  0.59100E+02 -0.10649E-05  0.20849E-05  0.20285E-06
  0.59400E+02 -0.95838E-06  0.18949E-05  0.47843E-06
  0.59700E+02 -0.83891E-06  0.16830E-05  0.75372E-06
  0.60000E+02 -0.70770E-06  0.14513E-05  0.10255E-05
  0.60300E+02 -0.56621E-06  0.12022E-05  0.12908E-05
  0.60600E+02 -0.41605E-06  0.93833E-06  0.15467E-05
  0.60900E+02 -0.25891E-06  0.66240E-06  0.17907E-05
  0.61200E+02 -0.96618E-07  0.37742E-06  0.20205E-05
  0.61500E+02  0.68878E-07  0.86616E-07  0.22337E-05
  0.61800E+02  0.23549E-06 -0.20674E-06  0.24284E-05
  0.62100E+02  0.40110E-06 -0.49956E-06  0.26023E-05
  0.62400E+02  0.56359E-06 -0.78901E-06  0.27536E-05
  0.62700E+02  0.72100E-06 -0.10725E-05  0.28801E-05
  0.63000E+02  0.87145E-06 -0.13475E-05  0.29798E-05
  0.63300E+02  0.10132E-05 -0.16117E-05  0.30506E-05
  0.63600E+02  0.11447E-05 -0.18622E-05  0.30906E-05
  0.63900E+02  0.12645E-05 -0.20964E-05  0.30980E-05
  0.64200E+02  0.13711E-05 -0.23114E-05  0.30714E-05
  0.64500E+02  0.14637E-05 -0.25042E-05  0.30097E-05
  0.64800E+02  0.15412E-05 -0.26723E-05  0.29122E-05
  0.65100E+02  0.16030E-05 -0.28133E-05  0.27788E-05
  0.65400E+02  0.16485E-05 -0.29250E-05  0.26098E-05
  0.65700E+02  0.16774E-05 -0.30057E-05  0.24057E-05
  0.66000E+02  0.16895E-05 -0.30540E-05  0.21675E-05
  0.66300E+02  0.16851E-05 -0.30687E-05  0.18968E-05
  0.66600E+02  0.16647E-05 -0.30495E-05  0.15953E-05
  0.66900E+02  0.16289E-05 -0.29964E-05  0.12654E-05
  0.67200E+02  0.15791E-05 -0.29100E-05  0.90978E-06
  0.67500E+02  0.15167E-05 -0.27919E-05  0.53158E-06
  0.67800E+02  0.14435E-05 -0.26440E-05  0.13446E-06
  0.68100E+02  0.13615E-05 -0.24688E-05 -0.27754E-06
  0.68400E+02  0.12726E-05 -0.22693E-05 -0.69990E-06
  0.68700E+02  0.11790E-05 -0.20487E-05 -0.11277E-05
  0.69000E+02  0.10826E-05 -0.18109E-05 -0.15555E-05
  0.69300E+02  0.98533E-06 -0.15595E-05 -0.19776E-05
  0.69600E+02  0.88885E-06 -0.12982E-05 -0.23880E-05
  0.69900E+02  0.79465E-06 -0.10307E-05 -0.27805E-05
  0.70200E+02  0.70389E-06 -0.76036E-06 -0.31488E-05
  0.70500E+02  0.61742E-06 -0.49039E-06 -0.34868E-05
  0.70800E+02  0.53564E-06 -0.22394E-06 -0.37888E-05
  0.71100E+02  0.45844E-06  0.36050E-07 -0.40495E-05
  0.71400E+02  0.38498E-06  0.28679E-06 -0.42643E-05
  0.71700E+02  0.31351E-06  0.52547E-06 -0.44292E-05
  0.72000E+02  0.24168E-06  0.74934E-06 -0.45406E-05
  0.72300E+02  0.16703E-06  0.95582E-06 -0.45951E-05
  0.72600E+02  0.87597E-07  0.11428E-05 -0.45902E-05
  0.72900E+02  0.20596E-08  0.13088E-05 -0.45247E-05
  0.73200E+02 -0.90211E-07  0.14529E-05 -0.43987E-05
  0.73500E+02 -0.18912E-06  0.15748E-05 -0.42142E-05
  0.73800E+02 -0.29378E-06  0.16747E-05 -0.39751E-05
  0.74100E+02 -0.40280E-06  0.17529E-05 -0.36858E-05
  0.74400E+02 -0.51510E-06  0.18099E-05 -0.33516E-05
  0.74700E+02 -0.63042E-06  0.18459E-05 -0.29774E-05
  0.75000E+02 -0.74934E-06  0.18609E-05 -0.25677E-05
  0.75300E+02 -0.87296E-06  0.18545E-05 -0.21271E-05
  0.75600E+02 -0.10025E-05  0.18258E-05 -0.16603E-05
  0.75900E+02 -0.11389E-05  0.17742E-05 -0.11721E-05
  0.76200E+02 -0.12828E-05  0.16993E-05 -0.66772E-06
  0.76500E+02 -0.14345E-05  0.16014E-05 -0.15217E-06
  0.76800E+02 -0.15943E-05  0.14813E-05  0.36974E-06
  0.77100E+02 -0.17620E-05  0.13401E-05  0.89349E-06
  0.77400E+02 -0.19369E-05  0.11799E-05  0.14147E-05
  0.77700E+02 -0.21180E-05  0.10032E-05  0.19287E-05
  0.78000E+02 -0.23031E-05  0.81333E-06  0.24306E-05
  0.78300E+02 -0.24890E-05  0.61442E-06  0.29149E-05
  0.78600E+02 -0.26710E-05  0.41091E-06  0.33760E-05
  0.78900E+02 -0.28439E-05  0.20750E-06  0.38082E-05
  0.79200E+02 -0.30013E-05  0.88220E-08  0.42058E-05
  0.79500E+02 -0.31367E-05 -0.18060E-06  0.45639E-05
  0.79800E+02 -0.32436E-05 -0.35646E-06  0.48775E-05
  0.80100E+02 -0.33154E-05 -0.51461E-06  0.51425E-05
  0.80400E+02 -0.33458E-05 -0.65124E-06  0.53553E-05
  0.80700E+02 -0.33283E-05 -0.76294E-06  0.55130E-05
  0.81000E+02 -0.32567E-05 -0.84672E-06  0.56136E-05
  0.81300E+02 -0.31251E-05 -0.89988E-06  0.56561E-05
  0.81600E+02 -0.29284E-05 -0.91993E-06  0.56408E-05
  0.81900E+02 -0.26637E-05 -0.90446E-06  0.55686E-05
  0.82200E+02 -0.23304E-05 -0.85135E-06  0.54415E-05
  0.82500E+02 -0.19308E-05 -0.75907E-06  0.52612E-05
  0.82800E+02 -0.14697E-05 -0.62710E-06  0.50300E-05
  0.83100E+02 -0.95375E-06 -0.45611E-06  0.47499E-05
  0.83400E+02 -0.39108E-06 -0.24808E-06  0.44226E-05
  0.83700E+02  0.20920E-06 -0.61327E-08  0.40504E-05
  0.84000E+02  0.83681E-06  0.26557E-06  0.36355E-05
  0.84300E+02  0.14800E-05  0.56200E-06  0.31809E-05
  0.84600E+02  0.21254E-05  0.87731E-06  0.26897E-05
  0.84900E+02  0.27582E-05  0.12049E-05  0.21658E-05
  0.85200E+02  0.33627E-05  0.15378E-05  0.16131E-05
  0.85500E+02  0.39235E-05  0.18683E-05  0.10358E-05
  0.85800E+02  0.44266E-05  0.21889E-05  0.43766E-06
  0.86100E+02  0.48600E-05  0.24922E-05 -0.17747E-06
  0.86400E+02  0.52138E-05  0.27710E-05 -0.80605E-06
  0.86700E+02  0.54810E-05  0.30184E-05 -0.14447E-05
  0.87000E+02  0.56567E-05  0.32281E-05 -0.20898E-05
  0.87300E+02  0.57386E-05  0.33939E-05 -0.27375E-05
  0.87600E+02  0.57266E-05  0.35103E-05 -0.33831E-05
  0.87900E+02  0.56233E-05  0.35724E-05 -0.40210E-05
  0.88200E+02  0.54333E-05  0.35762E-05 -0.46443E-05
  0.88500E+02  0.51634E-05  0.35188E-05 -0.52454E-05
  0.88800E+02  0.48219E-05  0.33986E-05 -0.58158E-05
  0.89100E+02  0.44187E-05  0.32153E-05 -0.63465E-05
  0.89400E+02  0.39644E-05  0.29697E-05 -0.68282E-05
  0.89700E+02  0.34694E-05  0.26639E-05 -0.72517E-05
  0.90000E+02  0.29439E-05  0.23011E-05 -0.76079E-05
  0.90300E+02  0.23969E-05  0.18857E-05 -0.78887E-05
  0.90600E+02  0.18364E-05  0.14227E-05 -0.80865E-05
  0.90900E+02  0.12691E-05  0.91811E-06 -0.81955E-05
  0.91200E+02  0.70105E-06  0.37880E-06 -0.82109E-05
  0.91500E+02  0.13727E-06 -0.18758E-06 -0.81297E-05
  0.91800E+02 -0.41760E-06 -0.77251E-06 -0.79509E-05
  0.92100E+02 -0.95933E-06 -0.13668E-05 -0.76752E-05
  0.92400E+02 -0.14841E-05 -0.19611E-05 -0.73055E-05
  0.92700E+02 -0.19884E-05 -0.25460E-05 -0.68464E-05
  0.93000E+02 -0.24688E-05 -0.31131E-05 -0.63042E-05
  0.93300E+02 -0.29221E-05 -0.36547E-05 -0.56864E-05
  0.93600E+02 -0.33444E-05 -0.41642E-05 -0.50015E-05
  0.93900E+02 -0.37315E-05 -0.46362E-05 -0.42586E-05
  0.94200E+02 -0.40787E-05 -0.50659E-05 -0.34672E-05
  0.94500E+02 -0.43812E-05 -0.54491E-05 -0.26367E-05
  0.94800E+02 -0.46345E-05 -0.57823E-05 -0.17769E-05
  0.95100E+02 -0.48342E-05 -0.60616E-05 -0.89717E-06
  0.95400E+02 -0.49766E-05 -0.62837E-05 -0.70154E-08
  0.95700E+02 -0.50585E-05 -0.64448E-05  0.88411E-06
  0.96000E+02 -0.50772E-05 -0.65413E-05  0.17668E-05
  0.96300E+02 -0.50315E-05 -0.65699E-05  0.26320E-05
  0.96600E+02 -0.49212E-05 -0.65272E-05  0.34708E-05
  0.96900E+02 -0.47477E-05 -0.64105E-05  0.42746E-05
  0.97200E+02 -0.45137E-05 -0.62177E-05  0.50351E-05
  0.97500E+02 -0.42237E-05 -0.59477E-05  0.57445E-05
  0.97800E+02 -0.38834E-05 -0.56008E-05  0.63951E-05
  0.98100E+02 -0.34993E-05 -0.51784E-05  0.69794E-05
  0.98400E+02 -0.30790E-05 -0.46836E-05  0.74912E-05
  0.98700E+02 -0.26302E-05 -0.41210E-05  0.79245E-05
  0.99000E+02 -0.21608E-05 -0.34964E-05  0.82749E-05
  0.99300E+02 -0.16786E-05 -0.28173E-05  0.85386E-05
  0.99600E+02 -0.11915E-05 -0.20921E-05  0.87132E-05
  0.99900E+02 -0.70692E-06 -0.13308E-05  0.87973E-05
  0.10020E+03 -0.23164E-06 -0.54417E-06  0.87907E-05
  0.10050E+03  0.22840E-06  0.25641E-06  0.86941E-05
  0.10080E+03  0.66824E-06  0.10592E-05  0.85096E-05
  0.10110E+03  0.10839E-05  0.18525E-05  0.82400E-05
  0.10140E+03  0.14721E-05  0.26247E-05  0.78894E-05
  0.10170E+03  0.18303E-05  0.33645E-05  0.74627E-05
  0.10200E+03  0.21564E-05  0.40610E-05  0.69663E-05
  0.10230E+03  0.24489E-05  0.47041E-05  0.64070E-05
  0.10260E+03  0.27065E-05  0.52843E-05  0.57928E-05
  0.10290E+03  0.29281E-05  0.57935E-05  0.51322E-05
  0.10320E+03  0.31126E-05  0.62247E-05  0.44341E-05
  0.10350E+03  0.32593E-05  0.65726E-05  0.37074E-05
  0.10380E+03  0.33680E-05  0.68331E-05  0.29615E-05
  0.10410E+03  0.34390E-05  0.70040E-05  0.22050E-05
  0.10440E+03  0.34737E-05  0.70844E-05  0.14468E-05
  0.10470E+03  0.34738E-05  0.70750E-05  0.69504E-06
  0.10500E+03  0.34420E-05  0.69782E-05 -0.42372E-07
  0.10530E+03  0.33808E-05  0.67975E-05 -0.75821E-06
  0.10560E+03  0.32931E-05  0.65377E-05 -0.14458E-05
  0.10590E+03  0.31815E-05  0.62043E-05 -0.20992E-05
  0.10620E+03  0.30483E-05  0.58035E-05 -0.27131E-05
  0.10650E+03  0.28963E-05  0.53416E-05 -0.32827E-05
  0.10680E+03  0.27285E-05  0.48254E-05 -0.38040E-05
  0.10710E+03  0.25482E-05  0.42616E-05 -0.42736E-05
  0.10740E+03  0.23587E-05  0.36571E-05 -0.46885E-05
  0.10770E+03  0.21633E-05  0.30193E-05 -0.50463E-05
  0.10800E+03  0.19643E-05  0.23555E-05 -0.53453E-05
  0.10830E+03  0.17635E-05  0.16733E-05 -0.55841E-05
  0.10860E+03  0.15616E-05  0.98076E-06 -0.57622E-05
  0.10890E+03  0.13588E-05  0.28613E-06 -0.58798E-05
  0.10920E+03  0.11547E-05 -0.40205E-06 -0.59376E-05
  0.10950E+03  0.94870E-06 -0.10751E-05 -0.59369E-05
  0.10980E+03  0.74008E-06 -0.17244E-05 -0.58800E-05
  0.11010E+03  0.52861E-06 -0.23414E-05 -0.57694E-05
  0.11040E+03  0.31441E-06 -0.29180E-05 -0.56087E-05
  0.11070E+03  0.98008E-07 -0.34466E-05 -0.54020E-05
  0.11100E+03 -0.11975E-06 -0.39201E-05 -0.51537E-05
  0.11130E+03 -0.33772E-06 -0.43322E-05 -0.48688E-05
  0.11160E+03 -0.55447E-06 -0.46777E-05 -0.45523E-05
  0.11190E+03 -0.76829E-06 -0.49525E-05 -0.42093E-05
  0.11220E+03 -0.97733E-06 -0.51538E-05 -0.38446E-05
  0.11250E+03 -0.11797E-05 -0.52800E-05 -0.34632E-05
  0.11280E+03 -0.13737E-05 -0.53302E-05 -0.30695E-05
  0.11310E+03 -0.15575E-05 -0.53047E-05 -0.26680E-05
  0.11340E+03 -0.17296E-05 -0.52041E-05 -0.22631E-05
  0.11370E+03 -0.18888E-05 -0.50300E-05 -0.18587E-05
  0.11400E+03 -0.20337E-05 -0.47844E-05 -0.14588E-05
  0.11430E+03 -0.21635E-05 -0.44706E-05 -0.10675E-05
  0.11460E+03 -0.22772E-05 -0.40925E-05 -0.68867E-06
  0.11490E+03 -0.23736E-05 -0.36555E-05 -0.32601E-06
  0.11520E+03 -0.24514E-05 -0.31660E-05  0.16903E-07
  0.11550E+03 -0.25092E-05 -0.26317E-05  0.33692E-06
  0.11580E+03 -0.25460E-05 -0.20613E-05  0.63140E-06
  0.11610E+03 -0.25607E-05 -0.14643E-05  0.89831E-06
  0.11640E+03 -0.25530E-05 -0.85056E-06  0.11362E-05
  0.11670E+03 -0.25230E-05 -0.22996E-06  0.13442E-05
  0.11700E+03 -0.24713E-05  0.38783E-06  0.15218E-05
  0.11730E+03 -0.23991E-05  0.99351E-06  0.16693E-05
  0.11760E+03 -0.23082E-05  0.15783E-05  0.17872E-05
  0.11790E+03 -0.22006E-05  0.21340E-05  0.18764E-05
  0.11820E+03 -0.20788E-05  0.26530E-05  0.19381E-05
  0.11850E+03 -0.19450E-05  0.31284E-05  0.19737E-05
  0.11880E+03 -0.18009E-05  0.35538E-05  0.19848E-05
  0.11910E+03 -0.16482E-05  0.39237E-05  0.19732E-05
  0.11940E+03 -0.14881E-05  0.42333E-05  0.19407E-05
  0.11970E+03 -0.13214E-05  0.44786E-05  0.18893E-05
  0.12000E+03 -0.11489E-05  0.46566E-05  0.18211E-05
  0.12030E+03 -0.97155E-06  0.47648E-05  0.17383E-05
  0.12060E+03 -0.79005E-06  0.48019E-05  0.16433E-05
  0.12090E+03 -0.60536E-06  0.47674E-05  0.15385E-05
  0.12120E+03 -0.41850E-06  0.46618E-05  0.14265E-05
  0.12150E+03 -0.23053E-06  0.44871E-05  0.13101E-05
  0.12180E+03 -0.42544E-07  0.42462E-05  0.11918E-05
  0.12210E+03  0.14427E-06  0.39437E-05  0.10742E-05
  0.12240E+03  0.32866E-06  0.35850E-05  0.95946E-06
  0.12270E+03  0.50922E-06  0.31769E-05  0.84946E-06
  0.12300E+03  0.68442E-06  0.27266E-05  0.74571E-06
  0.12330E+03  0.85258E-06  0.22420E-05  0.64933E-06
  0.12360E+03  0.10119E-05  0.17307E-05  0.56122E-06
  0.12390E+03  0.11605E-05  0.12007E-05  0.48208E-06
  0.12420E+03  0.12966E-05  0.65952E-06  0.41247E-06
  0.12450E+03  0.14187E-05  0.11436E-06  0.35282E-06
  0.12480E+03  0.15256E-05 -0.42783E-06  0.30346E-06
  0.12510E+03  0.16165E-05 -0.96066E-06  0.26460E-06
  0.12540E+03  0.16910E-05 -0.14783E-05  0.23630E-06
  0.12570E+03  0.17490E-05 -0.19756E-05  0.21852E-06
  0.12600E+03  0.17908E-05 -0.24478E-05  0.21105E-06
  0.12630E+03  0.18168E-05 -0.28909E-05  0.21356E-06
  0.12660E+03  0.18278E-05 -0.33013E-05  0.22562E-06
  0.12690E+03  0.18244E-05 -0.36758E-05  0.24674E-06
  0.12720E+03  0.18072E-05 -0.40115E-05  0.27638E-06
  0.12750E+03  0.17770E-05 -0.43061E-05  0.31396E-06
  0.12780E+03  0.17345E-05 -0.45573E-05  0.35877E-06
  0.12810E+03  0.16805E-05 -0.47631E-05  0.40997E-06
  0.12840E+03  0.16161E-05 -0.49217E-05  0.46656E-06
  0.12870E+03  0.15424E-05 -0.50314E-05  0.52741E-06
  0.12900E+03  0.14605E-05 -0.50907E-05  0.59125E-06
  0.12930E+03  0.13715E-05 -0.50982E-05  0.65673E-06
  0.12960E+03  0.12763E-05 -0.50529E-05  0.72236E-06
  0.12990E+03  0.11756E-05 -0.49540E-05  0.78647E-06
  0.13020E+03  0.10702E-05 -0.48014E-05  0.84722E-06
  0.13050E+03  0.96039E-06 -0.45957E-05  0.90260E-06
  0.13080E+03  0.84686E-06 -0.43383E-05  0.95044E-06
  0.13110E+03  0.73012E-06 -0.40314E-05  0.98862E-06
  0.13140E+03  0.61081E-06 -0.36783E-05  0.10152E-05
  0.13170E+03  0.48972E-06 -0.32833E-05  0.10284E-05
  0.13200E+03  0.36790E-06 -0.28516E-05  0.10270E-05
  0.13230E+03  0.24661E-06 -0.23894E-05  0.10103E-05
  0.13260E+03  0.12731E-06 -0.19032E-05  0.97793E-06
  0.13290E+03  0.11551E-07 -0.14004E-05  0.93025E-06
  0.13320E+03 -0.99186E-07 -0.88813E-06  0.86786E-06
  0.13350E+03 -0.20361E-06 -0.37390E-06  0.79172E-06
  0.13380E+03 -0.30066E-06  0.13522E-06  0.70306E-06
  0.13410E+03 -0.38957E-06  0.63253E-06  0.60330E-06
  0.13440E+03 -0.46974E-06  0.11119E-05  0.49399E-06
  0.13470E+03 -0.54079E-06  0.15679E-05  0.37680E-06
  0.13500E+03 -0.60252E-06  0.19957E-05  0.25343E-06
  0.13530E+03 -0.65500E-06  0.23913E-05  0.12558E-06
  0.13560E+03 -0.69862E-06  0.27513E-05 -0.50770E-08
  0.13590E+03 -0.73412E-06  0.30730E-05 -0.13694E-06
  0.13620E+03 -0.76257E-06  0.33545E-05 -0.26848E-06
  0.13650E+03 -0.78517E-06  0.35945E-05 -0.39827E-06
  0.13680E+03 -0.80308E-06  0.37922E-05 -0.52500E-06
  0.13710E+03 -0.81723E-06  0.39476E-05 -0.64751E-06
  0.13740E+03 -0.82821E-06  0.40609E-05 -0.76481E-06
  0.13770E+03 -0.83616E-06  0.41328E-05 -0.87600E-06
  0.13800E+03 -0.84080E-06  0.41643E-05 -0.98028E-06
  0.13830E+03 -0.84147E-06  0.41567E-05 -0.10769E-05
  0.13860E+03 -0.83724E-06  0.41117E-05 -0.11649E-05
  0.13890E+03 -0.82710E-06  0.40310E-05 -0.12437E-05
  0.13920E+03 -0.81015E-06  0.39167E-05 -0.13123E-05
  0.13950E+03 -0.78567E-06  0.37712E-05 -0.13699E-05
  0.13980E+03 -0.75327E-06  0.35971E-05 -0.14155E-05
  0.14010E+03 -0.71292E-06  0.33972E-05 -0.14483E-05
  0.14040E+03 -0.66500E-06  0.31747E-05 -0.14675E-05
  0.14070E+03 -0.61034E-06  0.29329E-05 -0.14725E-05
  0.14100E+03 -0.55017E-06  0.26755E-05 -0.14630E-05
  0.14130E+03 -0.48615E-06  0.24063E-05 -0.14391E-05
  0.14160E+03 -0.42026E-06  0.21290E-05 -0.14012E-05
  0.14190E+03 -0.35468E-06  0.18475E-05 -0.13500E-05
  0.14220E+03 -0.29156E-06  0.15651E-05 -0.12863E-05
  0.14250E+03 -0.23277E-06  0.12852E-05 -0.12115E-05
  0.14280E+03 -0.17971E-06  0.10104E-05 -0.11269E-05
  0.14310E+03 -0.13318E-06  0.74333E-06 -0.10340E-05
  0.14340E+03 -0.93415E-07  0.48576E-06 -0.93424E-06
  0.14370E+03 -0.60097E-07  0.23934E-06 -0.82920E-06
  0.14400E+03 -0.32522E-07  0.53476E-08 -0.72032E-06
  0.14430E+03 -0.97609E-08 -0.21512E-06 -0.60901E-06
  0.14460E+03  0.91516E-08 -0.42115E-06 -0.49659E-06
  0.14490E+03  0.25060E-07 -0.61193E-06 -0.38437E-06
  0.14520E+03  0.38593E-07 -0.78673E-06 -0.27363E-06
  0.14550E+03  0.50118E-07 -0.94485E-06 -0.16568E-06
  0.14580E+03  0.59748E-07 -0.10857E-05 -0.61854E-07
  0.14610E+03  0.67366E-07 -0.12087E-05  0.36505E-07
  0.14640E+03  0.72685E-07 -0.13137E-05  0.12808E-06
  0.14670E+03  0.75309E-07 -0.14007E-05  0.21166E-06
  0.14700E+03  0.74808E-07 -0.14701E-05  0.28620E-06
  0.14730E+03  0.70775E-07 -0.15227E-05  0.35093E-06
  0.14760E+03  0.62908E-07 -0.15596E-05  0.40540E-06
  0.14790E+03  0.51094E-07 -0.15820E-05  0.44941E-06
  0.14820E+03  0.35483E-07 -0.15912E-05  0.48304E-06
  0.14850E+03  0.16550E-07 -0.15885E-05  0.50655E-06
  0.14880E+03 -0.48723E-08 -0.15751E-05  0.52031E-06
  0.14910E+03 -0.27597E-07 -0.15520E-05  0.52476E-06
  0.14940E+03 -0.50184E-07 -0.15197E-05  0.52036E-06
  0.14970E+03 -0.71090E-07 -0.14789E-05  0.50762E-06
  0.15000E+03 -0.88842E-07 -0.14299E-05  0.48708E-06
  0.15030E+03 -0.10218E-06 -0.13735E-05  0.45941E-06
  0.15060E+03 -0.11016E-06 -0.13102E-05  0.42539E-06
  0.15090E+03 -0.11212E-06 -0.12411E-05  0.38600E-06
  0.15120E+03 -0.10773E-06 -0.11673E-05  0.34238E-06
  0.15150E+03 -0.96918E-07 -0.10902E-05  0.29582E-06
  0.15180E+03 -0.79874E-07 -0.10117E-05  0.24772E-06
  0.15210E+03 -0.57083E-07 -0.93338E-06  0.19955E-06
  0.15240E+03 -0.29332E-07 -0.85719E-06  0.15276E-06
  0.15270E+03  0.23151E-08 -0.78489E-06  0.10871E-06
  0.15300E+03  0.36582E-07 -0.71810E-06  0.68601E-07
  0.15330E+03  0.72083E-07 -0.65819E-06  0.33397E-07
  0.15360E+03  0.10746E-06 -0.60622E-06  0.38378E-08
  0.15390E+03  0.14151E-06 -0.56285E-06 -0.19568E-07
  0.15420E+03  0.17334E-06 -0.52833E-06 -0.36522E-07
  0.15450E+03  0.20242E-06 -0.50249E-06 -0.46910E-07
  0.15480E+03  0.22867E-06 -0.48477E-06 -0.50767E-07
  0.15510E+03  0.25242E-06 -0.47427E-06 -0.48247E-07
  0.15540E+03  0.27440E-06 -0.46975E-06 -0.39577E-07
  0.15570E+03  0.29554E-06 -0.46979E-06 -0.25022E-07
  0.15600E+03  0.31682E-06 -0.47279E-06 -0.48447E-08
  0.15630E+03  0.33916E-06 -0.47715E-06  0.20712E-07
  0.15660E+03  0.36325E-06 -0.48135E-06  0.51423E-07
  0.15690E+03  0.38945E-06 -0.48406E-06  0.87063E-07
  0.15720E+03  0.41774E-06 -0.48428E-06  0.12737E-06
  0.15750E+03  0.44765E-06 -0.48133E-06  0.17202E-06
  0.15780E+03  0.47829E-06 -0.47495E-06  0.22058E-06
  0.15810E+03  0.50836E-06 -0.46518E-06  0.27252E-06
  0.15840E+03  0.53620E-06 -0.45231E-06  0.32717E-06
  0.15870E+03  0.55988E-06 -0.43673E-06  0.38372E-06
  0.15900E+03  0.57735E-06 -0.41876E-06  0.44120E-06
  0.15930E+03  0.58650E-06 -0.39858E-06  0.49850E-06
  0.15960E+03  0.58536E-06 -0.37613E-06  0.55434E-06
  0.15990E+03  0.57221E-06 -0.35112E-06  0.60735E-06
  0.16020E+03  0.54578E-06 -0.32309E-06  0.65605E-06
  0.16050E+03  0.50534E-06 -0.29148E-06  0.69896E-06
  0.16080E+03  0.45079E-06 -0.25580E-06  0.73462E-06
  0.16110E+03  0.38269E-06 -0.21573E-06  0.76165E-06
  0.16140E+03  0.30221E-06 -0.17123E-06  0.77880E-06
  0.16170E+03  0.21106E-06 -0.12248E-06  0.78505E-06
  0.16200E+03  0.11144E-06 -0.69940E-07  0.77963E-06
  0.16230E+03  0.59569E-08 -0.14202E-07  0.76211E-06
  0.16260E+03 -0.10239E-06  0.44023E-07  0.73238E-06
  0.16290E+03 -0.21037E-06  0.10398E-06  0.69072E-06
  0.16320E+03 -0.31471E-06  0.16488E-06  0.63772E-06
  0.16350E+03 -0.41224E-06  0.22593E-06  0.57429E-06
  0.16380E+03 -0.50009E-06  0.28638E-06  0.50160E-06
  0.16410E+03 -0.57582E-06  0.34552E-06  0.42103E-06
  0.16440E+03 -0.63750E-06  0.40278E-06  0.33409E-06
  0.16470E+03 -0.68378E-06  0.45772E-06  0.24237E-06
  0.16500E+03 -0.71391E-06  0.51008E-06  0.14746E-06
  0.16530E+03 -0.72776E-06  0.55975E-06  0.50904E-07
  0.16560E+03 -0.72575E-06  0.60673E-06 -0.45818E-07
  0.16590E+03 -0.70882E-06  0.65109E-06 -0.14131E-06
  0.16620E+03 -0.67825E-06  0.69293E-06 -0.23427E-06
  0.16650E+03 -0.63564E-06  0.73232E-06 -0.32346E-06
  0.16680E+03 -0.58273E-06  0.76930E-06 -0.40776E-06
  0.16710E+03 -0.52137E-06  0.80387E-06 -0.48615E-06
  0.16740E+03 -0.45337E-06  0.83592E-06 -0.55770E-06
  0.16770E+03 -0.38042E-06  0.86524E-06 -0.62159E-06
  0.16800E+03 -0.30394E-06  0.89153E-06 -0.67703E-06
  0.16830E+03 -0.22505E-06  0.91442E-06 -0.72334E-06
  0.16860E+03 -0.14448E-06  0.93351E-06 -0.75984E-06
  0.16890E+03 -0.62683E-07  0.94838E-06 -0.78595E-06
  0.16920E+03  0.20112E-07  0.95866E-06 -0.80116E-06
  0.16950E+03  0.10375E-06  0.96401E-06 -0.80510E-06
  0.16980E+03  0.18800E-06  0.96420E-06 -0.79759E-06
  0.17010E+03  0.27245E-06  0.95910E-06 -0.77865E-06
  0.17040E+03  0.35634E-06  0.94870E-06 -0.74854E-06
  0.17070E+03  0.43858E-06  0.93314E-06 -0.70780E-06
  0.17100E+03  0.51769E-06  0.91271E-06 -0.65725E-06
  0.17130E+03  0.59200E-06  0.88774E-06 -0.59799E-06
  0.17160E+03  0.65971E-06  0.85854E-06 -0.53135E-06
  0.17190E+03  0.71907E-06  0.82534E-06 -0.45887E-06
  0.17220E+03  0.76844E-06  0.78824E-06 -0.38222E-06
  0.17250E+03  0.80636E-06  0.74722E-06 -0.30310E-06
  0.17280E+03  0.83160E-06  0.70220E-06 -0.22321E-06
  0.17310E+03  0.84315E-06  0.65303E-06 -0.14416E-06
  0.17340E+03  0.84032E-06  0.59960E-06 -0.67419E-07
  0.17370E+03  0.82276E-06  0.54182E-06  0.57410E-08
  0.17400E+03  0.79045E-06  0.47968E-06  0.74276E-07
  0.17430E+03  0.74373E-06  0.41332E-06  0.13736E-06
  0.17460E+03  0.68320E-06  0.34303E-06  0.19435E-06
  0.17490E+03  0.60967E-06  0.26924E-06  0.24475E-06
  0.17520E+03  0.52406E-06  0.19253E-06  0.28822E-06
  0.17550E+03  0.42741E-06  0.11354E-06  0.32450E-06
  0.17580E+03  0.32089E-06  0.32953E-07  0.35343E-06
  0.17610E+03  0.20582E-06 -0.48503E-07  0.37498E-06
  0.17640E+03  0.83714E-07 -0.13006E-06  0.38923E-06
  0.17670E+03 -0.43760E-07 -0.21088E-06  0.39639E-06
  0.17700E+03 -0.17479E-06 -0.29000E-06  0.39679E-06
  0.17730E+03 -0.30748E-06 -0.36637E-06  0.39089E-06
  0.17760E+03 -0.43989E-06 -0.43889E-06  0.37920E-06
  0.17790E+03 -0.57007E-06 -0.50644E-06  0.36227E-06
  0.17820E+03 -0.69603E-06 -0.56793E-06  0.34065E-06
  0.17850E+03 -0.81579E-06 -0.62237E-06  0.31482E-06
  0.17880E+03 -0.92741E-06 -0.66889E-06  0.28522E-06
  0.17910E+03 -0.10290E-05 -0.70684E-06  0.25221E-06
  0.17940E+03 -0.11190E-05 -0.73578E-06  0.21603E-06
  0.17970E+03 -0.11956E-05 -0.75553E-06  0.17688E-06
  0.18000E+03 -0.12575E-05 -0.76617E-06  0.13482E-06
  0.18030E+03 -0.13036E-05 -0.76808E-06  0.89924E-07
  0.18060E+03 -0.13330E-05 -0.76191E-06  0.42276E-07
  0.18090E+03 -0.13451E-05 -0.74857E-06 -0.79377E-08
  0.18120E+03 -0.13397E-05 -0.72924E-06 -0.60364E-07
  0.18150E+03 -0.13169E-05 -0.70527E-06 -0.11445E-06
  0.18180E+03 -0.12768E-05 -0.67809E-06 -0.16945E-06
  0.18210E+03 -0.12199E-05 -0.64911E-06 -0.22441E-06
  0.18240E+03 -0.11470E-05 -0.61963E-06 -0.27824E-06
  0.18270E+03 -0.10587E-05 -0.59070E-06 -0.32978E-06
  0.18300E+03 -0.95642E-06 -0.56310E-06 -0.37779E-06
  0.18330E+03 -0.84142E-06 -0.53724E-06 -0.42109E-06
  0.18360E+03 -0.71544E-06 -0.51316E-06 -0.45857E-06
  0.18390E+03 -0.58051E-06 -0.49061E-06 -0.48927E-06
  0.18420E+03 -0.43887E-06 -0.46906E-06 -0.51243E-06
  0.18450E+03 -0.29293E-06 -0.44783E-06 -0.52753E-06
  0.18480E+03 -0.14509E-06 -0.42621E-06 -0.53433E-06
  0.18510E+03  0.23709E-08 -0.40352E-06 -0.53278E-06
  0.18540E+03  0.14747E-06 -0.37923E-06 -0.52306E-06
  0.18570E+03  0.28858E-06 -0.35300E-06 -0.50553E-06
  0.18600E+03  0.42446E-06 -0.32470E-06 -0.48063E-06
  0.18630E+03  0.55421E-06 -0.29443E-06 -0.44893E-06
  0.18660E+03  0.67717E-06 -0.26244E-06 -0.41104E-06
  0.18690E+03  0.79281E-06 -0.22913E-06 -0.36765E-06
  0.18720E+03  0.90061E-06 -0.19502E-06 -0.31946E-06
  0.18750E+03  0.10000E-05 -0.16071E-06 -0.26722E-06
  0.18780E+03  0.10903E-05 -0.12685E-06 -0.21170E-06
  0.18810E+03  0.11708E-05 -0.94149E-07 -0.15367E-06
  0.18840E+03  0.12405E-05 -0.63295E-07 -0.93927E-07
  0.18870E+03  0.12987E-05 -0.34961E-07 -0.33272E-07
  0.18900E+03  0.13444E-05 -0.97664E-08  0.27507E-07
  0.18930E+03  0.13768E-05  0.11748E-07  0.87638E-07
  0.18960E+03  0.13955E-05  0.29164E-07  0.14638E-06
  0.18990E+03  0.14000E-05  0.42231E-07  0.20306E-06
  0.19020E+03  0.13901E-05  0.50921E-07  0.25706E-06
  0.19050E+03  0.13657E-05  0.55453E-07  0.30785E-06
  0.19080E+03  0.13269E-05  0.56292E-07  0.35495E-06
  0.19110E+03  0.12739E-05  0.54119E-07  0.39795E-06
  0.19140E+03  0.12070E-05  0.49770E-07  0.43646E-06
  0.19170E+03  0.11266E-05  0.44170E-07  0.47013E-06
  0.19200E+03  0.10334E-05  0.38275E-07  0.49863E-06
  0.19230E+03  0.92832E-06  0.33018E-07  0.52164E-06
  0.19260E+03  0.81235E-06  0.29267E-07  0.53885E-06
  0.19290E+03  0.68688E-06  0.27777E-07  0.55003E-06
  0.19320E+03  0.55356E-06  0.29147E-07  0.55494E-06
  0.19350E+03  0.41429E-06  0.33781E-07  0.55347E-06
  0.19380E+03  0.27116E-06  0.41852E-07  0.54558E-06
  0.19410E+03  0.12647E-06  0.53284E-07  0.53135E-06
  0.19440E+03 -0.17414E-07  0.67768E-07  0.51101E-06
  0.19470E+03 -0.15809E-06  0.84804E-07  0.48493E-06
  0.19500E+03 -0.29325E-06  0.10377E-06  0.45360E-06
  0.19530E+03 -0.42079E-06  0.12398E-06  0.41762E-06
  0.19560E+03 -0.53891E-06  0.14479E-06  0.37769E-06
  0.19590E+03 -0.64622E-06  0.16564E-06  0.33460E-06
  0.19620E+03 -0.74177E-06  0.18609E-06  0.28922E-06
  0.19650E+03 -0.82504E-06  0.20587E-06  0.24248E-06
  0.19680E+03 -0.89587E-06  0.22488E-06  0.19536E-06
  0.19710E+03 -0.95441E-06  0.24313E-06  0.14881E-06
  0.19740E+03 -0.10010E-05  0.26075E-06  0.10375E-06
  0.19770E+03 -0.10360E-05  0.27790E-06  0.61005E-07
  0.19800E+03 -0.10599E-05  0.29478E-06  0.21245E-07
  0.19830E+03 -0.10734E-05  0.31156E-06 -0.15030E-07
  0.19860E+03 -0.10767E-05  0.32840E-06 -0.47516E-07
  0.19890E+03 -0.10706E-05  0.34538E-06 -0.76111E-07
  0.19920E+03 -0.10553E-05  0.36251E-06 -0.10091E-06
  0.19950E+03 -0.10313E-05  0.37965E-06 -0.12216E-06
  0.19980E+03 -0.99880E-06  0.39655E-06 -0.14027E-06
  0.20010E+03 -0.95789E-06  0.41284E-06 -0.15569E-06
  0.20040E+03 -0.90853E-06  0.42800E-06 -0.16889E-06
  0.20070E+03 -0.85055E-06  0.44142E-06 -0.18028E-06
  0.20100E+03 -0.78372E-06  0.45245E-06 -0.19019E-06
  0.20130E+03 -0.70779E-06  0.46038E-06 -0.19880E-06
  0.20160E+03 -0.62266E-06  0.46456E-06 -0.20617E-06
  0.20190E+03 -0.52844E-06  0.46440E-06 -0.21218E-06
  0.20220E+03 -0.42560E-06  0.45946E-06 -0.21663E-06
  0.20250E+03 -0.31493E-06  0.44948E-06 -0.21921E-06
  0.20280E+03 -0.19766E-06  0.43446E-06 -0.21958E-06
  0.20310E+03 -0.75392E-07  0.41462E-06 -0.21741E-06
  0.20340E+03  0.49975E-07  0.39044E-06 -0.21241E-06
  0.20370E+03  0.17631E-06  0.36255E-06 -0.20440E-06
  0.20400E+03  0.30140E-06  0.33173E-06 -0.19330E-06
  0.20430E+03  0.42307E-06  0.29876E-06 -0.17914E-06
  0.20460E+03  0.53928E-06  0.26442E-06 -0.16207E-06
  0.20490E+03  0.64821E-06  0.22937E-06 -0.14233E-06
  0.20520E+03  0.74822E-06  0.19413E-06 -0.12023E-06
  0.20550E+03  0.83794E-06  0.15902E-06 -0.96132E-07
  0.20580E+03  0.91612E-06  0.12420E-06 -0.70388E-07
  0.20610E+03  0.98170E-06  0.89595E-07 -0.43371E-07
  0.20640E+03  0.10337E-05  0.55013E-07 -0.15449E-07
  0.20670E+03  0.10711E-05  0.20121E-07  0.13009E-07
  0.20700E+03  0.10932E-05 -0.15472E-07  0.41632E-07
  0.20730E+03  0.10993E-05 -0.52152E-07  0.70035E-07
  0.20760E+03  0.10887E-05 -0.90223E-07  0.97829E-07
  0.20790E+03  0.10613E-05 -0.12984E-06  0.12461E-06
  0.20820E+03  0.10171E-05 -0.17095E-06  0.14994E-06
  0.20850E+03  0.95630E-06 -0.21328E-06  0.17338E-06
  0.20880E+03  0.87972E-06 -0.25629E-06  0.19442E-06
  0.20910E+03  0.78836E-06 -0.29925E-06  0.21255E-06
  0.20940E+03  0.68355E-06 -0.34127E-06  0.22720E-06
  0.20970E+03  0.56694E-06 -0.38140E-06  0.23780E-06
  0.21000E+03  0.44042E-06 -0.41871E-06  0.24378E-06
  0.21030E+03  0.30611E-06 -0.45238E-06  0.24460E-06
  0.21060E+03  0.16628E-06 -0.48171E-06  0.23976E-06
  0.21090E+03  0.23294E-07 -0.50621E-06  0.22889E-06
  0.21120E+03 -0.12048E-06 -0.52551E-06  0.21174E-06
  0.21150E+03 -0.26271E-06 -0.53936E-06  0.18826E-06
  0.21180E+03 -0.40114E-06 -0.54762E-06  0.15862E-06
  0.21210E+03 -0.53367E-06 -0.55022E-06  0.12322E-06
  0.21240E+03 -0.65835E-06 -0.54715E-06  0.82655E-07
  0.21270E+03 -0.77348E-06 -0.53849E-06  0.37718E-07
  0.21300E+03 -0.87764E-06 -0.52439E-06 -0.10698E-07
  0.21330E+03 -0.96979E-06 -0.50508E-06 -0.61633E-07
  0.21360E+03 -0.10492E-05 -0.48091E-06 -0.11412E-06
  0.21390E+03 -0.11157E-05 -0.45232E-06 -0.16721E-06
  0.21420E+03 -0.11692E-05 -0.41984E-06 -0.22002E-06
  0.21450E+03 -0.12100E-05 -0.38405E-06 -0.27170E-06
  0.21480E+03 -0.12386E-05 -0.34554E-06 -0.32148E-06
  0.21510E+03 -0.12555E-05 -0.30489E-06 -0.36860E-06
  0.21540E+03 -0.12615E-05 -0.26256E-06 -0.41237E-06
  0.21570E+03 -0.12572E-05 -0.21891E-06 -0.45209E-06
  0.21600E+03 -0.12432E-05 -0.17419E-06 -0.48716E-06
  0.21630E+03 -0.12200E-05 -0.12857E-06 -0.51701E-06
  0.21660E+03 -0.11878E-05 -0.82210E-07 -0.54121E-06
  0.21690E+03 -0.11469E-05 -0.35266E-07 -0.55944E-06
  0.21720E+03 -0.10971E-05  0.12060E-07 -0.57154E-06
  0.21750E+03 -0.10384E-05  0.59507E-07 -0.57747E-06
  0.21780E+03 -0.97073E-06  0.10673E-06 -0.57736E-06
  0.21810E+03 -0.89392E-06  0.15326E-06 -0.57139E-06
  0.21840E+03 -0.80805E-06  0.19848E-06 -0.55980E-06
  0.21870E+03 -0.71332E-06  0.24158E-06 -0.54284E-06
  0.21900E+03 -0.61011E-06  0.28159E-06 -0.52073E-06
  0.21930E+03 -0.49900E-06  0.31742E-06 -0.49371E-06
  0.21960E+03 -0.38079E-06  0.34793E-06 -0.46200E-06
  0.21990E+03 -0.25642E-06  0.37201E-06 -0.42581E-06
  0.22020E+03 -0.12693E-06  0.38867E-06 -0.38539E-06
  0.22050E+03  0.65803E-08  0.39719E-06 -0.34100E-06
  0.22080E+03  0.14303E-06  0.39714E-06 -0.29291E-06
  0.22110E+03  0.28135E-06  0.38842E-06 -0.24136E-06
  0.22140E+03  0.42052E-06  0.37127E-06 -0.18659E-06
  0.22170E+03  0.55955E-06  0.34621E-06 -0.12883E-06
  0.22200E+03  0.69747E-06  0.31395E-06 -0.68331E-07
  0.22230E+03  0.83329E-06  0.27536E-06 -0.53752E-08
  0.22260E+03  0.96600E-06  0.23138E-06  0.59692E-07
  0.22290E+03  0.10946E-05  0.18301E-06  0.12645E-06
  0.22320E+03  0.12178E-05  0.13130E-06  0.19438E-06
  0.22350E+03  0.13346E-05  0.77356E-07  0.26288E-06
  0.22380E+03  0.14436E-05  0.22327E-07  0.33124E-06
  0.22410E+03  0.15433E-05 -0.32564E-07  0.39872E-06
  0.22440E+03  0.16321E-05 -0.86058E-07  0.46447E-06
  0.22470E+03  0.17083E-05 -0.13688E-06  0.52761E-06
  0.22500E+03  0.17700E-05 -0.18380E-06  0.58721E-06
  0.22530E+03  0.18156E-05 -0.22562E-06  0.64232E-06
  0.22560E+03  0.18435E-05 -0.26133E-06  0.69198E-06
  0.22590E+03  0.18526E-05 -0.29004E-06  0.73531E-06
  0.22620E+03  0.18421E-05 -0.31109E-06  0.77154E-06
  0.22650E+03  0.18119E-05 -0.32405E-06  0.80002E-06
  0.22680E+03  0.17623E-05 -0.32865E-06  0.82031E-06
  0.22710E+03  0.16940E-05 -0.32482E-06  0.83214E-06
  0.22740E+03  0.16083E-05 -0.31262E-06  0.83545E-06
  0.22770E+03  0.15068E-05 -0.29219E-06  0.83032E-06
  0.22800E+03  0.13910E-05 -0.26371E-06  0.81702E-06
  0.22830E+03  0.12629E-05 -0.22741E-06  0.79590E-06
  0.22860E+03  0.11240E-05 -0.18356E-06  0.76737E-06
  0.22890E+03  0.97611E-06 -0.13251E-06  0.73190E-06
  0.22920E+03  0.82069E-06 -0.74692E-07  0.68991E-06
  0.22950E+03  0.65917E-06 -0.10696E-07  0.64180E-06
  0.22980E+03  0.49288E-06  0.58761E-07  0.58792E-06
  0.23010E+03  0.32317E-06  0.13281E-06  0.52860E-06
  0.23040E+03  0.15141E-06  0.21041E-06  0.46420E-06
  0.23070E+03 -0.20936E-07  0.29037E-06  0.39515E-06
  0.23100E+03 -0.19231E-06  0.37135E-06  0.32201E-06
  0.23130E+03 -0.36112E-06  0.45185E-06  0.24546E-06
  0.23160E+03 -0.52574E-06  0.53028E-06  0.16634E-06
  0.23190E+03 -0.68462E-06  0.60499E-06  0.85577E-07
  0.23220E+03 -0.83628E-06  0.67433E-06  0.41936E-08
  0.23250E+03 -0.97937E-06  0.73666E-06 -0.76783E-07
  0.23280E+03 -0.11126E-05  0.79044E-06 -0.15635E-06
  0.23310E+03 -0.12349E-05  0.83423E-06 -0.23356E-06
  0.23340E+03 -0.13449E-05  0.86672E-06 -0.30757E-06
  0.23370E+03 -0.14417E-05  0.88678E-06 -0.37760E-06
  0.23400E+03 -0.15242E-05  0.89350E-06 -0.44298E-06
  0.23430E+03 -0.15916E-05  0.88618E-06 -0.50315E-06
  0.23460E+03 -0.16435E-05  0.86436E-06 -0.55757E-06
  0.23490E+03 -0.16794E-05  0.82785E-06 -0.60579E-06
  0.23520E+03 -0.16997E-05  0.77670E-06 -0.64741E-06
  0.23550E+03 -0.17048E-05  0.71124E-06 -0.68205E-06
  0.23580E+03 -0.16954E-05  0.63209E-06 -0.70942E-06
  0.23610E+03 -0.16726E-05  0.54013E-06 -0.72928E-06
  0.23640E+03 -0.16376E-05  0.43655E-06 -0.74147E-06
  0.23670E+03 -0.15915E-05  0.32279E-06 -0.74593E-06
  0.23700E+03 -0.15354E-05  0.20050E-06 -0.74270E-06
  0.23730E+03 -0.14704E-05  0.71506E-07 -0.73192E-06
  0.23760E+03 -0.13974E-05 -0.62248E-07 -0.71387E-06
  0.23790E+03 -0.13170E-05 -0.19873E-06 -0.68893E-06
  0.23820E+03 -0.12299E-05 -0.33586E-06 -0.65761E-06
  0.23850E+03 -0.11368E-05 -0.47155E-06 -0.62050E-06
  0.23880E+03 -0.10382E-05 -0.60378E-06 -0.57824E-06
  0.23910E+03 -0.93493E-06 -0.73063E-06 -0.53152E-06
  0.23940E+03 -0.82763E-06 -0.85035E-06 -0.48103E-06
  0.23970E+03 -0.71718E-06 -0.96137E-06 -0.42746E-06
  0.24000E+03 -0.60450E-06 -0.10624E-05 -0.37151E-06
  0.24030E+03 -0.49063E-06 -0.11523E-05 -0.31385E-06
  0.24060E+03 -0.37659E-06 -0.12302E-05 -0.25511E-06
  0.24090E+03 -0.26344E-06 -0.12953E-05 -0.19593E-06
  0.24120E+03 -0.15215E-06 -0.13469E-05 -0.13691E-06
  0.24150E+03 -0.43604E-07 -0.13846E-05 -0.78669E-07
  0.24180E+03  0.61462E-07 -0.14076E-05 -0.21835E-07
  0.24210E+03  0.16244E-06 -0.14155E-05  0.32963E-07
  0.24240E+03  0.25887E-06 -0.14077E-05  0.85087E-07
  0.24270E+03  0.35040E-06 -0.13838E-05  0.13391E-06
  0.24300E+03  0.43678E-06 -0.13437E-05  0.17882E-06
  0.24330E+03  0.51788E-06 -0.12872E-05  0.21930E-06
  0.24360E+03  0.59368E-06 -0.12149E-05  0.25489E-06
  0.24390E+03  0.66429E-06 -0.11273E-05  0.28530E-06
  0.24420E+03  0.72990E-06 -0.10255E-05  0.31035E-06
  0.24450E+03  0.79078E-06 -0.91091E-06  0.33004E-06
  0.24480E+03  0.84720E-06 -0.78514E-06  0.34448E-06
  0.24510E+03  0.89939E-06 -0.65014E-06  0.35389E-06
  0.24540E+03  0.94749E-06 -0.50805E-06  0.35857E-06
  0.24570E+03  0.99152E-06 -0.36112E-06  0.35887E-06
  0.24600E+03  0.10314E-05 -0.21168E-06  0.35516E-06
  0.24630E+03  0.10667E-05 -0.62035E-07  0.34781E-06
  0.24660E+03  0.10972E-05  0.85555E-07  0.33723E-06
  0.24690E+03  0.11224E-05  0.22894E-06  0.32385E-06
  0.24720E+03  0.11415E-05  0.36610E-06  0.30812E-06
  0.24750E+03  0.11538E-05  0.49520E-06  0.29054E-06
  0.24780E+03  0.11585E-05  0.61466E-06  0.27163E-06
  0.24810E+03  0.11548E-05  0.72313E-06  0.25198E-06
  0.24840E+03  0.11419E-05  0.81963E-06  0.23218E-06
  0.24870E+03  0.11193E-05  0.90345E-06  0.21282E-06
  0.24900E+03  0.10864E-05  0.97423E-06  0.19446E-06
  0.24930E+03  0.10430E-05  0.10319E-05  0.17761E-06
  0.24960E+03  0.98914E-06  0.10765E-05  0.16266E-06
  0.24990E+03  0.92490E-06  0.11085E-05  0.14993E-06
  0.25020E+03  0.85073E-06  0.11282E-05  0.13961E-06
  0.25050E+03  0.76721E-06  0.11362E-05  0.13180E-06
  0.25080E+03  0.67504E-06  0.11333E-05  0.12645E-06
  0.25110E+03  0.57511E-06  0.11202E-05  0.12342E-06
  0.25140E+03  0.46842E-06  0.10977E-05  0.12244E-06
  0.25170E+03  0.35615E-06  0.10668E-05  0.12316E-06
  0.25200E+03  0.23968E-06  0.10286E-05  0.12516E-06
  0.25230E+03  0.12054E-06  0.98398E-06  0.12797E-06
  0.25260E+03  0.43593E-09  0.93406E-06  0.13113E-06
  0.25290E+03 -0.11881E-06  0.87981E-06  0.13423E-06
  0.25320E+03 -0.23531E-06  0.82216E-06  0.13689E-06
  0.25350E+03 -0.34722E-06  0.76194E-06  0.13878E-06
  0.25380E+03 -0.45282E-06  0.69992E-06  0.13965E-06
  0.25410E+03 -0.55059E-06  0.63682E-06  0.13925E-06
  0.25440E+03 -0.63930E-06  0.57336E-06  0.13738E-06
  0.25470E+03 -0.71804E-06  0.51025E-06  0.13382E-06
  0.25500E+03 -0.78624E-06  0.44819E-06  0.12839E-06
  0.25530E+03 -0.84358E-06  0.38788E-06  0.12087E-06
  0.25560E+03 -0.88995E-06  0.32999E-06  0.11108E-06
  0.25590E+03 -0.92538E-06  0.27515E-06  0.98853E-07
  0.25620E+03 -0.94993E-06  0.22390E-06  0.84080E-07
  0.25650E+03 -0.96363E-06  0.17672E-06  0.66701E-07
  0.25680E+03 -0.96651E-06  0.13400E-06  0.46726E-07
  0.25710E+03 -0.95856E-06  0.96025E-07  0.24239E-07
  0.25740E+03 -0.93978E-06  0.62973E-07 -0.60076E-09
  0.25770E+03 -0.91019E-06  0.34912E-07 -0.27559E-07
  0.25800E+03 -0.86987E-06  0.11773E-07 -0.56333E-07
  0.25830E+03 -0.81896E-06 -0.66691E-08 -0.86560E-07
  0.25860E+03 -0.75769E-06 -0.20811E-07 -0.11782E-06
  0.25890E+03 -0.68638E-06 -0.31228E-07 -0.14964E-06
  0.25920E+03 -0.60545E-06 -0.38663E-07 -0.18150E-06
  0.25950E+03 -0.51545E-06 -0.43995E-07 -0.21286E-06
  0.25980E+03 -0.41710E-06 -0.48192E-07 -0.24316E-06
  0.26010E+03 -0.31130E-06 -0.52258E-07 -0.27187E-06
  0.26040E+03 -0.19912E-06 -0.57179E-07 -0.29848E-06
  0.26070E+03 -0.81846E-07 -0.63867E-07 -0.32255E-06
  0.26100E+03  0.39067E-07 -0.73125E-07 -0.34371E-06
  0.26130E+03  0.16199E-06 -0.85619E-07 -0.36169E-06
  0.26160E+03  0.28516E-06 -0.10186E-06 -0.37630E-06
  0.26190E+03  0.40672E-06 -0.12223E-06 -0.38744E-06
  0.26220E+03  0.52477E-06 -0.14696E-06 -0.39512E-06
  0.26250E+03  0.63740E-06 -0.17615E-06 -0.39936E-06
  0.26280E+03  0.74278E-06 -0.20982E-06 -0.40026E-06
  0.26310E+03  0.83915E-06 -0.24788E-06 -0.39794E-06
  0.26340E+03  0.92488E-06 -0.29015E-06 -0.39256E-06
  0.26370E+03  0.99849E-06 -0.33643E-06 -0.38431E-06
  0.26400E+03  0.10587E-05 -0.38643E-06 -0.37335E-06
  0.26430E+03  0.11043E-05 -0.43985E-06 -0.35987E-06
  0.26460E+03  0.11346E-05 -0.49634E-06 -0.34400E-06
  0.26490E+03  0.11490E-05 -0.55546E-06 -0.32586E-06
  0.26520E+03  0.11469E-05 -0.61667E-06 -0.30553E-06
  0.26550E+03  0.11285E-05 -0.67927E-06 -0.28305E-06
  0.26580E+03  0.10937E-05 -0.74235E-06 -0.25849E-06
  0.26610E+03  0.10430E-05 -0.80481E-06 -0.23192E-06
  0.26640E+03  0.97686E-06 -0.86536E-06 -0.20344E-06
  0.26670E+03  0.89602E-06 -0.92258E-06 -0.17316E-06
  0.26700E+03  0.80145E-06 -0.97498E-06 -0.14123E-06
  0.26730E+03  0.69432E-06 -0.10211E-05 -0.10781E-06
  0.26760E+03  0.57602E-06 -0.10596E-05 -0.73075E-07
  0.26790E+03  0.44815E-06 -0.10893E-05 -0.37214E-07
  0.26820E+03  0.31249E-06 -0.11092E-05 -0.41666E-09
  0.26850E+03  0.17095E-06 -0.11187E-05  0.37121E-07
  0.26880E+03  0.25535E-07 -0.11173E-05  0.75195E-07
  0.26910E+03 -0.12174E-06 -0.11050E-05  0.11359E-06
  0.26940E+03 -0.26888E-06 -0.10821E-05  0.15205E-06
  0.26970E+03 -0.41397E-06 -0.10488E-05  0.19032E-06
  0.27000E+03 -0.55522E-06 -0.10060E-05  0.22808E-06
  0.27030E+03 -0.69098E-06 -0.95416E-06  0.26501E-06
  0.27060E+03 -0.81977E-06 -0.89424E-06  0.30071E-06
  0.27090E+03 -0.94025E-06 -0.82697E-06  0.33483E-06
  0.27120E+03 -0.10513E-05 -0.75306E-06  0.36696E-06
  0.27150E+03 -0.11517E-05 -0.67318E-06  0.39676E-06
  0.27180E+03 -0.12406E-05 -0.58787E-06  0.42392E-06
  0.27210E+03 -0.13169E-05 -0.49766E-06  0.44821E-06
  0.27240E+03 -0.13798E-05 -0.40299E-06  0.46944E-06
  0.27270E+03 -0.14284E-05 -0.30435E-06  0.48747E-06
  0.27300E+03 -0.14617E-05 -0.20223E-06  0.50221E-06
  0.27330E+03 -0.14789E-05 -0.97219E-07  0.51358E-06
  0.27360E+03 -0.14795E-05  0.10015E-07  0.52152E-06
  0.27390E+03 -0.14631E-05  0.11869E-06  0.52597E-06
  0.27420E+03 -0.14297E-05  0.22796E-06  0.52684E-06
  0.27450E+03 -0.13796E-05  0.33692E-06  0.52406E-06
  0.27480E+03 -0.13135E-05  0.44466E-06  0.51752E-06
  0.27510E+03 -0.12324E-05  0.55027E-06  0.50715E-06
  0.27540E+03 -0.11374E-05  0.65286E-06  0.49285E-06
  0.27570E+03 -0.10302E-05  0.75156E-06  0.47457E-06
  0.27600E+03 -0.91214E-06  0.84552E-06  0.45226E-06
  0.27630E+03 -0.78501E-06  0.93385E-06  0.42592E-06
  0.27660E+03 -0.65055E-06  0.10156E-05  0.39556E-06
  0.27690E+03 -0.51056E-06  0.10900E-05  0.36127E-06
  0.27720E+03 -0.36689E-06  0.11560E-05  0.32320E-06
  0.27750E+03 -0.22150E-06  0.12126E-05  0.28159E-06
  0.27780E+03 -0.76387E-07  0.12592E-05  0.23675E-06
  0.27810E+03  0.66416E-07  0.12947E-05  0.18909E-06
  0.27840E+03  0.20487E-06  0.13188E-05  0.13907E-06
  0.27870E+03  0.33700E-06  0.13307E-05  0.87205E-07
  0.27900E+03  0.46099E-06  0.13304E-05  0.34033E-07
  0.27930E+03  0.57527E-06  0.13178E-05 -0.19891E-07
  0.27960E+03  0.67851E-06  0.12932E-05 -0.74018E-07
  0.27990E+03  0.76974E-06  0.12570E-05 -0.12782E-06
  0.28020E+03  0.84832E-06  0.12100E-05 -0.18078E-06
  0.28050E+03  0.91396E-06  0.11531E-05 -0.23243E-06
  0.28080E+03  0.96670E-06  0.10874E-05 -0.28235E-06
  0.28110E+03  0.10069E-05  0.10141E-05 -0.33013E-06
  0.28140E+03  0.10350E-05  0.93448E-06 -0.37545E-06
  0.28170E+03  0.10518E-05  0.84970E-06 -0.41802E-06
  0.28200E+03  0.10582E-05  0.76095E-06 -0.45761E-06
  0.28230E+03  0.10551E-05  0.66930E-06 -0.49403E-06
  0.28260E+03  0.10433E-05  0.57571E-06 -0.52713E-06
  0.28290E+03  0.10237E-05  0.48101E-06 -0.55678E-06
  0.28320E+03  0.99706E-06  0.38594E-06 -0.58289E-06
  0.28350E+03  0.96410E-06  0.29118E-06 -0.60532E-06
  0.28380E+03  0.92544E-06  0.19738E-06 -0.62400E-06
  0.28410E+03  0.88170E-06  0.10516E-06 -0.63880E-06
  0.28440E+03  0.83353E-06  0.15200E-07 -0.64962E-06
  0.28470E+03  0.78160E-06 -0.71820E-07 -0.65634E-06
  0.28500E+03  0.72665E-06 -0.15516E-06 -0.65883E-06
  0.28530E+03  0.66946E-06 -0.23407E-06 -0.65692E-06
  0.28560E+03  0.61090E-06 -0.30779E-06 -0.65042E-06
  0.28590E+03  0.55186E-06 -0.37557E-06 -0.63913E-06
  0.28620E+03  0.49324E-06 -0.43672E-06 -0.62286E-06
  0.28650E+03  0.43597E-06 -0.49058E-06 -0.60141E-06
  0.28680E+03  0.38090E-06 -0.53660E-06 -0.57467E-06
  0.28710E+03  0.32883E-06 -0.57434E-06 -0.54256E-06
  0.28740E+03  0.28045E-06 -0.60345E-06 -0.50510E-06
  0.28770E+03  0.23629E-06 -0.62378E-06 -0.46241E-06
  0.28800E+03  0.19668E-06 -0.63532E-06 -0.41470E-06
  0.28830E+03  0.16177E-06 -0.63824E-06 -0.36225E-06
  0.28860E+03  0.13147E-06 -0.63293E-06 -0.30541E-06
  0.28890E+03  0.10552E-06 -0.61997E-06 -0.24460E-06
  0.28920E+03  0.83477E-07 -0.60012E-06 -0.18026E-06
  0.28950E+03  0.64722E-07 -0.57434E-06 -0.11288E-06
  0.28980E+03  0.48502E-07 -0.54366E-06 -0.43023E-07
  0.29010E+03  0.33954E-07 -0.50923E-06  0.28733E-07
  0.29040E+03  0.20163E-07 -0.47223E-06  0.10176E-06
  0.29070E+03  0.62304E-08 -0.43381E-06  0.17542E-06
  0.29100E+03 -0.86493E-08 -0.39507E-06  0.24903E-06
  0.29130E+03 -0.25125E-07 -0.35705E-06  0.32191E-06
  0.29160E+03 -0.43644E-07 -0.32067E-06  0.39335E-06
  0.29190E+03 -0.64440E-07 -0.28672E-06  0.46259E-06
  0.29220E+03 -0.87535E-07 -0.25587E-06  0.52886E-06
  0.29250E+03 -0.11278E-06 -0.22866E-06  0.59134E-06
  0.29280E+03 -0.13992E-06 -0.20547E-06  0.64918E-06
  0.29310E+03 -0.16862E-06 -0.18655E-06  0.70151E-06
  0.29340E+03 -0.19854E-06 -0.17201E-06  0.74746E-06
  0.29370E+03 -0.22940E-06 -0.16185E-06  0.78617E-06
  0.29400E+03 -0.26095E-06 -0.15595E-06  0.81684E-06
  0.29430E+03 -0.29298E-06 -0.15415E-06  0.83879E-06
  0.29460E+03 -0.32536E-06 -0.15627E-06  0.85145E-06
  0.29490E+03 -0.35794E-06 -0.16210E-06  0.85446E-06
  0.29520E+03 -0.39059E-06 -0.17149E-06  0.84762E-06
  0.29550E+03 -0.42315E-06 -0.18427E-06  0.83098E-06
  0.29580E+03 -0.45543E-06 -0.20023E-06  0.80477E-06
  0.29610E+03 -0.48715E-06 -0.21916E-06  0.76945E-06
  0.29640E+03 -0.51795E-06 -0.24071E-06  0.72560E-06
  0.29670E+03 -0.54738E-06 -0.26449E-06  0.67396E-06
  0.29700E+03 -0.57489E-06 -0.28998E-06  0.61540E-06
  0.29730E+03 -0.59982E-06 -0.31660E-06  0.55082E-06
  0.29760E+03 -0.62152E-06 -0.34369E-06  0.48120E-06
  0.29790E+03 -0.63928E-06 -0.37058E-06  0.40752E-06
  0.29820E+03 -0.65247E-06 -0.39657E-06  0.33077E-06
  0.29850E+03 -0.66056E-06 -0.42098E-06  0.25194E-06
  0.29880E+03 -0.66313E-06 -0.44313E-06  0.17196E-06
  0.29910E+03 -0.65992E-06 -0.46238E-06  0.91763E-07
  0.29940E+03 -0.65083E-06 -0.47814E-06  0.12201E-07
  0.29970E+03 -0.63589E-06 -0.48984E-06 -0.65926E-07
  0.30000E+03 -0.61526E-06 -0.49696E-06 -0.14190E-06
  0.30030E+03 -0.58917E-06 -0.49905E-06 -0.21506E-06
  0.30060E+03 -0.55791E-06 -0.49569E-06 -0.28486E-06
  0.30090E+03 -0.52180E-06 -0.48655E-06 -0.35078E-06
  0.30120E+03 -0.48117E-06 -0.47136E-06 -0.41238E-06
  0.30150E+03 -0.43638E-06 -0.44991E-06 -0.46925E-06
  0.30180E+03 -0.38778E-06 -0.42204E-06 -0.52102E-06
  0.30210E+03 -0.33576E-06 -0.38765E-06 -0.56730E-06
  0.30240E+03 -0.28072E-06 -0.34667E-06 -0.60777E-06
  0.30270E+03 -0.22310E-06 -0.29906E-06 -0.64207E-06
  0.30300E+03 -0.16336E-06 -0.24485E-06 -0.66990E-06
  0.30330E+03 -0.10196E-06 -0.18409E-06 -0.69097E-06
  0.30360E+03 -0.39348E-07 -0.11691E-06 -0.70502E-06
  0.30390E+03  0.24043E-07 -0.43530E-07 -0.71186E-06
  0.30420E+03  0.87835E-07  0.35727E-07 -0.71132E-06
  0.30450E+03  0.15168E-06  0.12040E-06 -0.70336E-06
  0.30480E+03  0.21528E-06  0.20987E-06 -0.68799E-06
  0.30510E+03  0.27832E-06  0.30340E-06 -0.66536E-06
  0.30540E+03  0.34046E-06  0.40006E-06 -0.63571E-06
  0.30570E+03  0.40130E-06  0.49881E-06 -0.59943E-06
  0.30600E+03  0.46028E-06  0.59846E-06 -0.55700E-06
  0.30630E+03  0.51672E-06  0.69772E-06 -0.50903E-06
  0.30660E+03  0.61148E-06  0.79028E-06 -0.46388E-06
  0.30690E+03  0.65989E-06  0.88339E-06 -0.40536E-06
