source  misfit         var      det(Cova)  Ni_eq6  no_of_rand_samples 
1  4.047704e+02  5.023290e-10  5.750198e+48  7.578887e-62  2.165396e-63 
2  1.709220e+02  5.023290e-10  1.325935e+63  6.927237e-04  1.979211e-05 
3  0.000000e+00  5.023290e-10  4.133044e+65  1.594684e+35  4.556240e+33 
4  1.890100e+00  5.023290e-10  1.621921e+65  3.882617e+34  1.109319e+33 
5  9.025500e+00  5.023290e-10  8.598075e+64  7.977702e+32  2.279343e+31 
6  2.178520e+01  5.023290e-10  3.738631e+64  8.918665e+29  2.548190e+28 
7  3.732090e+01  5.023290e-10  2.327276e+64  2.977372e+26  8.506777e+24 
8  4.751380e+01  5.023290e-10  1.410729e+64  1.418309e+24  4.052311e+22 
9  5.712900e+01  5.023290e-10  1.014099e+64  9.821436e+21  2.806125e+20 
10  7.105100e+01  5.023290e-10  1.278785e+64  1.045706e+19  2.987733e+17 
11  8.018060e+01  5.023290e-10  1.098098e+64  1.008937e+17  2.882677e+15 
12  8.843160e+01  5.023290e-10  1.020818e+64  1.571577e+15  4.490221e+13 
13  9.708430e+01  5.023290e-10  1.066699e+64  2.123111e+13  6.066031e+11 
14  1.036675e+02  5.023290e-10  1.032676e+64  7.769805e+11  2.219944e+10 
15  1.164034e+02  5.023290e-10  1.652896e+64  1.686496e+09  4.818559e+07 
16  1.287317e+02  5.023290e-10  1.733178e+64  3.632684e+06  1.037910e+05 
17  1.394859e+02  5.023290e-10  1.831192e+64  1.725553e+04  4.930151e+02 
18  1.466864e+02  5.023290e-10  1.940196e+64  4.851939e+02  1.386268e+01 
19  1.502612e+02  5.023290e-10  2.423233e+64  9.076788e+01  2.593368e+00 
20  1.573736e+02  5.023290e-10  3.344478e+64  3.044113e+00  8.697466e-02 
1  0  
2  0  
3  2402  
4  585  
5  12  
6  0  
7  0  
8  0  
9  0  
10  0  
11  0  
12  0  
13  0  
14  0  
15  0  
16  0  
17  0  
18  0  
19  0  
20  0  
