  0.000000E+00  0.372654E-12  0.000000E+00 -0.150585E-12
  0.300000E+00  0.409634E-11  0.000000E+00 -0.197598E-11
  0.600000E+00  0.227638E-10  0.000000E+00 -0.121155E-10
  0.900000E+00  0.863823E-10  0.000000E+00 -0.485217E-10
  0.120000E+01  0.254632E-09  0.000000E+00 -0.147353E-09
  0.150000E+01  0.627308E-09  0.000000E+00 -0.369234E-09
  0.180000E+01  0.135286E-08  0.000000E+00 -0.804424E-09
  0.210000E+01  0.263298E-08  0.000000E+00 -0.157639E-08
  0.240000E+01  0.471990E-08  0.000000E+00 -0.284294E-08
  0.270000E+01  0.790705E-08  0.000000E+00 -0.479461E-08
  0.300000E+01  0.125199E-07  0.000000E+00 -0.765089E-08
  0.330000E+01  0.189130E-07  0.000000E+00 -0.116549E-07
  0.360000E+01  0.274711E-07  0.000000E+00 -0.170663E-07
  0.390000E+01  0.386078E-07  0.000000E+00 -0.241539E-07
  0.420000E+01  0.527560E-07  0.000000E+00 -0.331864E-07
  0.450000E+01  0.703491E-07  0.000000E+00 -0.444236E-07
  0.480000E+01  0.918009E-07  0.000000E+00 -0.581098E-07
  0.510000E+01  0.117492E-06  0.000000E+00 -0.744667E-07
  0.540000E+01  0.147761E-06  0.000000E+00 -0.936893E-07
  0.570000E+01  0.182895E-06  0.000000E+00 -0.115939E-06
  0.600000E+01  0.223119E-06  0.000000E+00 -0.141334E-06
  0.630000E+01  0.268576E-06  0.000000E+00 -0.169943E-06
  0.660000E+01  0.319315E-06  0.000000E+00 -0.201770E-06
  0.690000E+01  0.375279E-06  0.000000E+00 -0.236750E-06
  0.720000E+01  0.436296E-06  0.000000E+00 -0.274745E-06
  0.750000E+01  0.502072E-06  0.000000E+00 -0.315538E-06
  0.780000E+01  0.572187E-06  0.000000E+00 -0.358834E-06
  0.810000E+01  0.646087E-06  0.000000E+00 -0.404258E-06
  0.840000E+01  0.723076E-06  0.000000E+00 -0.451358E-06
  0.870000E+01  0.802329E-06  0.000000E+00 -0.499614E-06
  0.900000E+01  0.882889E-06  0.000000E+00 -0.548436E-06
  0.930000E+01  0.963685E-06  0.000000E+00 -0.597173E-06
  0.960000E+01  0.104354E-05  0.000000E+00 -0.645117E-06
  0.990000E+01  0.112119E-05  0.000000E+00 -0.691512E-06
  0.102000E+02  0.119529E-05  0.000000E+00 -0.735560E-06
  0.105000E+02  0.126446E-05  0.000000E+00 -0.776435E-06
  0.108000E+02  0.132728E-05  0.000000E+00 -0.813288E-06
  0.111000E+02  0.138234E-05  0.000000E+00 -0.845268E-06
  0.114000E+02  0.142821E-05  0.000000E+00 -0.871523E-06
  0.117000E+02  0.146351E-05  0.000000E+00 -0.891219E-06
  0.120000E+02  0.148688E-05  0.000000E+00 -0.903547E-06
  0.123000E+02  0.149706E-05  0.000000E+00 -0.907741E-06
  0.126000E+02  0.149283E-05  0.000000E+00 -0.903083E-06
  0.129000E+02  0.147310E-05  0.000000E+00 -0.888924E-06
  0.132000E+02  0.143690E-05  0.000000E+00 -0.864691E-06
  0.135000E+02  0.138337E-05  0.000000E+00 -0.829903E-06
  0.138000E+02  0.131184E-05  0.000000E+00 -0.784182E-06
  0.141000E+02  0.122177E-05  0.000000E+00 -0.727262E-06
  0.144000E+02  0.111287E-05  0.000000E+00 -0.659000E-06
  0.147000E+02  0.985019E-06  0.000000E+00 -0.579384E-06
  0.150000E+02  0.838359E-06  0.000000E+00 -0.488538E-06
  0.153000E+02  0.673240E-06  0.000000E+00 -0.386719E-06
  0.156000E+02  0.490240E-06  0.000000E+00 -0.274326E-06
  0.159000E+02  0.290151E-06  0.000000E+00 -0.151894E-06
  0.162000E+02  0.739803E-07  0.000000E+00 -0.200923E-07
  0.165000E+02 -0.157040E-06  0.000000E+00  0.120271E-06
  0.168000E+02 -0.401463E-06  0.000000E+00  0.268262E-06
  0.171000E+02 -0.657627E-06  0.000000E+00  0.422825E-06
  0.174000E+02 -0.923681E-06  0.000000E+00  0.582795E-06
  0.177000E+02 -0.119760E-05  0.000000E+00  0.746908E-06
  0.180000E+02 -0.147720E-05  0.000000E+00  0.913814E-06
  0.183000E+02 -0.176016E-05  0.000000E+00  0.108209E-05
  0.186000E+02 -0.204403E-05  0.000000E+00  0.125025E-05
  0.189000E+02 -0.232625E-05  0.000000E+00  0.141676E-05
  0.192000E+02 -0.260421E-05  0.000000E+00  0.158007E-05
  0.195000E+02 -0.287524E-05  0.000000E+00  0.173860E-05
  0.198000E+02 -0.313670E-05  0.000000E+00  0.189079E-05
  0.201000E+02 -0.338597E-05  0.000000E+00  0.203509E-05
  0.204000E+02 -0.362044E-05  0.000000E+00  0.216997E-05
  0.207000E+02 -0.383760E-05  0.000000E+00  0.229397E-05
  0.210000E+02 -0.403502E-05  0.000000E+00  0.240567E-05
  0.213000E+02 -0.421037E-05  0.000000E+00  0.250372E-05
  0.216000E+02 -0.436148E-05  0.000000E+00  0.258688E-05
  0.219000E+02 -0.448635E-05  0.000000E+00  0.265399E-05
  0.222000E+02 -0.458315E-05  0.000000E+00  0.270404E-05
  0.225000E+02 -0.465028E-05  0.000000E+00  0.273614E-05
  0.228000E+02 -0.468638E-05  0.000000E+00  0.274953E-05
  0.231000E+02 -0.469036E-05  0.000000E+00  0.274365E-05
  0.234000E+02 -0.466139E-05  0.000000E+00  0.271808E-05
  0.237000E+02 -0.459893E-05  0.000000E+00  0.267263E-05
  0.240000E+02 -0.450268E-05  0.000000E+00  0.260731E-05
  0.243000E+02 -0.437264E-05  0.000000E+00  0.252240E-05
  0.246000E+02 -0.420905E-05  0.000000E+00  0.241836E-05
  0.249000E+02 -0.401242E-05  0.000000E+00  0.229587E-05
  0.252000E+02 -0.378352E-05  0.000000E+00  0.215574E-05
  0.255000E+02 -0.352347E-05  0.000000E+00  0.199892E-05
  0.258000E+02 -0.323372E-05  0.000000E+00  0.182652E-05
  0.261000E+02 -0.291606E-05  0.000000E+00  0.163989E-05
  0.264000E+02 -0.257252E-05  0.000000E+00  0.144059E-05
  0.267000E+02 -0.220532E-05  0.000000E+00  0.123028E-05
  0.270000E+02 -0.181685E-05  0.000000E+00  0.101058E-05
  0.273000E+02 -0.140973E-05  0.000000E+00  0.783125E-06
  0.276000E+02 -0.986844E-06  0.000000E+00  0.549499E-06
  0.279000E+02 -0.551271E-06  0.000000E+00  0.311190E-06
  0.282000E+02 -0.106261E-06  0.000000E+00  0.695947E-07
  0.285000E+02  0.344840E-06  0.000000E+00 -0.173979E-06
  0.288000E+02  0.798649E-06  0.000000E+00 -0.418317E-06
  0.291000E+02  0.125180E-05  0.000000E+00 -0.662310E-06
  0.294000E+02  0.170098E-05  0.000000E+00 -0.904958E-06
  0.297000E+02  0.214298E-05  0.000000E+00 -0.114540E-05
  0.300000E+02  0.257470E-05  0.000000E+00 -0.138287E-05
  0.303000E+02  0.299319E-05  0.000000E+00 -0.161669E-05
  0.306000E+02  0.339563E-05  0.000000E+00 -0.184618E-05
  0.309000E+02  0.377933E-05  0.000000E+00 -0.207068E-05
  0.312000E+02  0.414181E-05  0.000000E+00 -0.228947E-05
  0.315000E+02  0.448079E-05  0.000000E+00 -0.250176E-05
  0.318000E+02  0.479424E-05  0.000000E+00 -0.270663E-05
  0.321000E+02  0.508031E-05  0.000000E+00 -0.290301E-05
  0.324000E+02  0.533729E-05  0.000000E+00 -0.308965E-05
  0.327000E+02  0.556369E-05  0.000000E+00 -0.326516E-05
  0.330000E+02  0.575814E-05  0.000000E+00 -0.342796E-05
  0.333000E+02  0.591944E-05  0.000000E+00 -0.357623E-05
  0.336000E+02  0.604648E-05  0.000000E+00 -0.370801E-05
  0.339000E+02  0.613825E-05  0.000000E+00 -0.382117E-05
  0.342000E+02  0.619394E-05  0.000000E+00 -0.391352E-05
  0.345000E+02  0.621285E-05  0.000000E+00 -0.398285E-05
  0.348000E+02  0.619444E-05  0.000000E+00 -0.402695E-05
  0.351000E+02  0.613829E-05  0.000000E+00 -0.404370E-05
  0.354000E+02  0.604421E-05  0.000000E+00 -0.403111E-05
  0.357000E+02  0.591232E-05  0.000000E+00 -0.398745E-05
  0.360000E+02  0.574312E-05  0.000000E+00 -0.391133E-05
  0.363000E+02  0.553747E-05  0.000000E+00 -0.380176E-05
  0.366000E+02  0.529664E-05  0.000000E+00 -0.365825E-05
  0.369000E+02  0.502220E-05  0.000000E+00 -0.348080E-05
  0.372000E+02  0.471608E-05  0.000000E+00 -0.327001E-05
  0.375000E+02  0.438052E-05  0.000000E+00 -0.302708E-05
  0.378000E+02  0.401810E-05  0.000000E+00 -0.275382E-05
  0.381000E+02  0.363179E-05  0.000000E+00 -0.245261E-05
  0.384000E+02  0.322501E-05  0.000000E+00 -0.212640E-05
  0.387000E+02  0.280157E-05  0.000000E+00 -0.177868E-05
  0.390000E+02  0.236556E-05  0.000000E+00 -0.141341E-05
  0.393000E+02  0.192114E-05  0.000000E+00 -0.103499E-05
  0.396000E+02  0.147247E-05  0.000000E+00 -0.648157E-06
  0.399000E+02  0.102360E-05  0.000000E+00 -0.257888E-06
  0.402000E+02  0.578441E-06  0.000000E+00  0.130714E-06
  0.405000E+02  0.140740E-06  0.000000E+00  0.512547E-06
  0.408000E+02 -0.286022E-06  0.000000E+00  0.882678E-06
  0.411000E+02 -0.698725E-06  0.000000E+00  0.123648E-05
  0.414000E+02 -0.109477E-05  0.000000E+00  0.156976E-05
  0.417000E+02 -0.147231E-05  0.000000E+00  0.187880E-05
  0.420000E+02 -0.183021E-05  0.000000E+00  0.216057E-05
  0.423000E+02 -0.216779E-05  0.000000E+00  0.241272E-05
  0.426000E+02 -0.248438E-05  0.000000E+00  0.263374E-05
  0.429000E+02 -0.277930E-05  0.000000E+00  0.282283E-05
  0.432000E+02 -0.305212E-05  0.000000E+00  0.297969E-05
  0.435000E+02 -0.330301E-05  0.000000E+00  0.310429E-05
  0.438000E+02 -0.353300E-05  0.000000E+00  0.319679E-05
  0.441000E+02 -0.374384E-05  0.000000E+00  0.325765E-05
  0.444000E+02 -0.393758E-05  0.000000E+00  0.328753E-05
  0.447000E+02 -0.411591E-05  0.000000E+00  0.328743E-05
  0.450000E+02 -0.427953E-05  0.000000E+00  0.325856E-05
  0.453000E+02 -0.442781E-05  0.000000E+00  0.320228E-05
  0.456000E+02 -0.455897E-05  0.000000E+00  0.312003E-05
  0.459000E+02 -0.467060E-05  0.000000E+00  0.301328E-05
  0.462000E+02 -0.476007E-05  0.000000E+00  0.288366E-05
  0.465000E+02 -0.482469E-05  0.000000E+00  0.273297E-05
  0.468000E+02 -0.486158E-05  0.000000E+00  0.256332E-05
  0.471000E+02 -0.486760E-05  0.000000E+00  0.237719E-05
  0.474000E+02 -0.483933E-05  0.000000E+00  0.217741E-05
  0.477000E+02 -0.477299E-05  0.000000E+00  0.196711E-05
  0.480000E+02 -0.466426E-05  0.000000E+00  0.174945E-05
  0.483000E+02 -0.450826E-05  0.000000E+00  0.152755E-05
  0.486000E+02 -0.429992E-05  0.000000E+00  0.130434E-05
  0.489000E+02 -0.403436E-05  0.000000E+00  0.108268E-05
  0.492000E+02 -0.370733E-05  0.000000E+00  0.865346E-06
  0.495000E+02 -0.331544E-05  0.000000E+00  0.654903E-06
  0.498000E+02 -0.285654E-05  0.000000E+00  0.453587E-06
  0.501000E+02 -0.233028E-05  0.000000E+00  0.263168E-06
  0.504000E+02 -0.173855E-05  0.000000E+00  0.849067E-07
  0.507000E+02 -0.108587E-05  0.000000E+00 -0.804460E-07
  0.510000E+02 -0.379426E-06  0.000000E+00 -0.232619E-06
  0.513000E+02  0.370891E-06  0.000000E+00 -0.371811E-06
  0.516000E+02  0.115270E-05  0.000000E+00 -0.498694E-06
  0.519000E+02  0.195145E-05  0.000000E+00 -0.614409E-06
  0.522000E+02  0.275082E-05  0.000000E+00 -0.720516E-06
  0.525000E+02  0.353297E-05  0.000000E+00 -0.818902E-06
  0.528000E+02  0.427871E-05  0.000000E+00 -0.911573E-06
  0.531000E+02  0.496772E-05  0.000000E+00 -0.100035E-05
  0.534000E+02  0.557917E-05  0.000000E+00 -0.108652E-05
  0.537000E+02  0.609268E-05  0.000000E+00 -0.117054E-05
  0.540000E+02  0.648902E-05  0.000000E+00 -0.125201E-05
  0.543000E+02  0.675072E-05  0.000000E+00 -0.132968E-05
  0.546000E+02  0.686262E-05  0.000000E+00 -0.140144E-05
  0.549000E+02  0.681246E-05  0.000000E+00 -0.146430E-05
  0.552000E+02  0.659135E-05  0.000000E+00 -0.151445E-05
  0.555000E+02  0.619394E-05  0.000000E+00 -0.154760E-05
  0.558000E+02  0.561867E-05  0.000000E+00 -0.155940E-05
  0.561000E+02  0.486824E-05  0.000000E+00 -0.154580E-05
  0.564000E+02  0.395010E-05  0.000000E+00 -0.150342E-05
  0.567000E+02  0.287667E-05  0.000000E+00 -0.142993E-05
  0.570000E+02  0.166511E-05  0.000000E+00 -0.132427E-05
  0.573000E+02  0.336616E-06  0.000000E+00 -0.118682E-05
  0.576000E+02 -0.108420E-05  0.000000E+00 -0.101947E-05
  0.579000E+02 -0.256999E-05  0.000000E+00 -0.825547E-06
  0.582000E+02 -0.409138E-05  0.000000E+00 -0.609597E-06
  0.585000E+02 -0.561770E-05  0.000000E+00 -0.377059E-06
  0.588000E+02 -0.711791E-05  0.000000E+00 -0.133926E-06
  0.591000E+02 -0.856156E-05  0.000000E+00  0.113573E-06
  0.594000E+02 -0.991956E-05  0.000000E+00  0.359274E-06
  0.597000E+02 -0.111649E-04  0.000000E+00  0.597357E-06
  0.600000E+02 -0.122733E-04  0.000000E+00  0.822534E-06
  0.603000E+02 -0.132232E-04  0.000000E+00  0.103012E-05
  0.606000E+02 -0.139964E-04  0.000000E+00  0.121604E-05
  0.609000E+02 -0.145774E-04  0.000000E+00  0.137683E-05
  0.612000E+02 -0.149540E-04  0.000000E+00  0.150972E-05
  0.615000E+02 -0.151164E-04  0.000000E+00  0.161263E-05
  0.618000E+02 -0.150583E-04  0.000000E+00  0.168422E-05
  0.621000E+02 -0.147762E-04  0.000000E+00  0.172396E-05
  0.624000E+02 -0.142700E-04  0.000000E+00  0.173220E-05
  0.627000E+02 -0.135429E-04  0.000000E+00  0.171005E-05
  0.630000E+02 -0.126011E-04  0.000000E+00  0.165936E-05
  0.633000E+02 -0.114536E-04  0.000000E+00  0.158269E-05
  0.636000E+02 -0.101121E-04  0.000000E+00  0.148324E-05
  0.639000E+02 -0.859146E-05  0.000000E+00  0.136483E-05
  0.642000E+02 -0.690932E-05  0.000000E+00  0.123179E-05
  0.645000E+02 -0.508657E-05  0.000000E+00  0.108884E-05
  0.648000E+02 -0.314667E-05  0.000000E+00  0.940928E-06
  0.651000E+02 -0.111502E-05  0.000000E+00  0.793137E-06
  0.654000E+02  0.981642E-06  0.000000E+00  0.650524E-06
  0.657000E+02  0.311573E-05  0.000000E+00  0.517949E-06
  0.660000E+02  0.525907E-05  0.000000E+00  0.399891E-06
  0.663000E+02  0.738318E-05  0.000000E+00  0.300251E-06
  0.666000E+02  0.945989E-05  0.000000E+00  0.222181E-06
  0.669000E+02  0.114620E-04  0.000000E+00  0.167931E-06
  0.672000E+02  0.133641E-04  0.000000E+00  0.138694E-06
  0.675000E+02  0.151426E-04  0.000000E+00  0.134439E-06
  0.678000E+02  0.167761E-04  0.000000E+00  0.153883E-06
  0.681000E+02  0.182452E-04  0.000000E+00  0.194523E-06
  0.684000E+02  0.195326E-04  0.000000E+00  0.252681E-06
  0.687000E+02  0.206233E-04  0.000000E+00  0.323563E-06
  0.690000E+02  0.215044E-04  0.000000E+00  0.401453E-06
  0.693000E+02  0.221658E-04  0.000000E+00  0.479989E-06
  0.696000E+02  0.225994E-04  0.000000E+00  0.552449E-06
  0.699000E+02  0.228003E-04  0.000000E+00  0.612025E-06
  0.702000E+02  0.227662E-04  0.000000E+00  0.652067E-06
  0.705000E+02  0.224981E-04  0.000000E+00  0.666307E-06
  0.708000E+02  0.220003E-04  0.000000E+00  0.649060E-06
  0.711000E+02  0.212800E-04  0.000000E+00  0.595517E-06
  0.714000E+02  0.203471E-04  0.000000E+00  0.502107E-06
  0.717000E+02  0.192139E-04  0.000000E+00  0.366759E-06
  0.720000E+02  0.178947E-04  0.000000E+00  0.189008E-06
  0.723000E+02  0.164065E-04  0.000000E+00 -0.299818E-07
  0.726000E+02  0.147681E-04  0.000000E+00 -0.287457E-06
  0.729000E+02  0.129997E-04  0.000000E+00 -0.579227E-06
  0.732000E+02  0.111224E-04  0.000000E+00 -0.899876E-06
  0.735000E+02  0.915764E-05  0.000000E+00 -0.124298E-05
  0.738000E+02  0.712651E-05  0.000000E+00 -0.160138E-05
  0.741000E+02  0.504980E-05  0.000000E+00 -0.196746E-05
  0.744000E+02  0.294761E-05  0.000000E+00 -0.233352E-05
  0.747000E+02  0.839233E-06  0.000000E+00 -0.269192E-05
  0.750000E+02 -0.125700E-05  0.000000E+00 -0.303529E-05
  0.753000E+02 -0.332370E-05  0.000000E+00 -0.335661E-05
  0.756000E+02 -0.534443E-05  0.000000E+00 -0.364947E-05
  0.759000E+02 -0.730348E-05  0.000000E+00 -0.390811E-05
  0.762000E+02 -0.918556E-05  0.000000E+00 -0.412756E-05
  0.765000E+02 -0.109756E-04  0.000000E+00 -0.430367E-05
  0.768000E+02 -0.126584E-04  0.000000E+00 -0.443319E-05
  0.771000E+02 -0.142193E-04  0.000000E+00 -0.451383E-05
  0.774000E+02 -0.156439E-04  0.000000E+00 -0.454431E-05
  0.777000E+02 -0.169185E-04  0.000000E+00 -0.452427E-05
  0.780000E+02 -0.180306E-04  0.000000E+00 -0.445427E-05
  0.783000E+02 -0.189686E-04  0.000000E+00 -0.433560E-05
  0.786000E+02 -0.197227E-04  0.000000E+00 -0.417024E-05
  0.789000E+02 -0.202856E-04  0.000000E+00 -0.396069E-05
  0.792000E+02 -0.206528E-04  0.000000E+00 -0.370984E-05
  0.795000E+02 -0.208232E-04  0.000000E+00 -0.342084E-05
  0.798000E+02 -0.207989E-04  0.000000E+00 -0.309701E-05
  0.801000E+02 -0.205845E-04  0.000000E+00 -0.274188E-05
  0.804000E+02 -0.201874E-04  0.000000E+00 -0.235908E-05
  0.807000E+02 -0.196171E-04  0.000000E+00 -0.195230E-05
  0.810000E+02 -0.188850E-04  0.000000E+00 -0.152518E-05
  0.813000E+02 -0.180042E-04  0.000000E+00 -0.108129E-05
  0.816000E+02 -0.169885E-04  0.000000E+00 -0.624079E-06
  0.819000E+02 -0.158525E-04  0.000000E+00 -0.156982E-06
  0.822000E+02 -0.146106E-04  0.000000E+00  0.316488E-06
  0.825000E+02 -0.132773E-04  0.000000E+00  0.792668E-06
  0.828000E+02 -0.118671E-04  0.000000E+00  0.126775E-05
  0.831000E+02 -0.103945E-04  0.000000E+00  0.173783E-05
  0.834000E+02 -0.887394E-05  0.000000E+00  0.219885E-05
  0.837000E+02 -0.731990E-05  0.000000E+00  0.264664E-05
  0.840000E+02 -0.574702E-05  0.000000E+00  0.307683E-05
  0.843000E+02 -0.417015E-05  0.000000E+00  0.348500E-05
  0.846000E+02 -0.260444E-05  0.000000E+00  0.386665E-05
  0.849000E+02 -0.106522E-05  0.000000E+00  0.421739E-05
  0.852000E+02  0.432121E-06  0.000000E+00  0.453294E-05
  0.855000E+02  0.187244E-05  0.000000E+00  0.480930E-05
  0.858000E+02  0.324112E-05  0.000000E+00  0.504282E-05
  0.861000E+02  0.452455E-05  0.000000E+00  0.523033E-05
  0.864000E+02  0.571058E-05  0.000000E+00  0.536919E-05
  0.867000E+02  0.678903E-05  0.000000E+00  0.545737E-05
  0.870000E+02  0.775190E-05  0.000000E+00  0.549342E-05
  0.873000E+02  0.859338E-05  0.000000E+00  0.547653E-05
  0.876000E+02  0.930974E-05  0.000000E+00  0.540657E-05
  0.879000E+02  0.989921E-05  0.000000E+00  0.528410E-05
  0.882000E+02  0.103619E-04  0.000000E+00  0.511045E-05
  0.885000E+02  0.106998E-04  0.000000E+00  0.488770E-05
  0.888000E+02  0.109164E-04  0.000000E+00  0.461867E-05
  0.891000E+02  0.110166E-04  0.000000E+00  0.430681E-05
  0.894000E+02  0.110065E-04  0.000000E+00  0.395625E-05
  0.897000E+02  0.108929E-04  0.000000E+00  0.357160E-05
  0.900000E+02  0.106834E-04  0.000000E+00  0.315788E-05
  0.903000E+02  0.103860E-04  0.000000E+00  0.272031E-05
  0.906000E+02  0.100087E-04  0.000000E+00  0.226423E-05
  0.909000E+02  0.955980E-05  0.000000E+00  0.179504E-05
  0.912000E+02  0.904784E-05  0.000000E+00  0.131817E-05
  0.915000E+02  0.848162E-05  0.000000E+00  0.838954E-06
  0.918000E+02  0.787025E-05  0.000000E+00  0.362597E-06
  0.921000E+02  0.722306E-05  0.000000E+00 -0.105871E-06
  0.924000E+02  0.654956E-05  0.000000E+00 -0.561542E-06
  0.927000E+02  0.585921E-05  0.000000E+00 -0.999614E-06
  0.930000E+02  0.516129E-05  0.000000E+00 -0.141542E-05
  0.933000E+02  0.446480E-05  0.000000E+00 -0.180450E-05
  0.936000E+02  0.377844E-05  0.000000E+00 -0.216265E-05
  0.939000E+02  0.311057E-05  0.000000E+00 -0.248598E-05
  0.942000E+02  0.246897E-05  0.000000E+00 -0.277096E-05
  0.945000E+02  0.186062E-05  0.000000E+00 -0.301448E-05
  0.948000E+02  0.129145E-05  0.000000E+00 -0.321401E-05
  0.951000E+02  0.766346E-06  0.000000E+00 -0.336763E-05
  0.954000E+02  0.289147E-06  0.000000E+00 -0.347411E-05
  0.957000E+02 -0.137175E-06  0.000000E+00 -0.353302E-05
  0.960000E+02 -0.510375E-06  0.000000E+00 -0.354470E-05
  0.963000E+02 -0.828828E-06  0.000000E+00 -0.351022E-05
  0.966000E+02 -0.109152E-05  0.000000E+00 -0.343134E-05
  0.969000E+02 -0.129808E-05  0.000000E+00 -0.331051E-05
  0.972000E+02 -0.144886E-05  0.000000E+00 -0.315079E-05
  0.975000E+02 -0.154495E-05  0.000000E+00 -0.295580E-05
  0.978000E+02 -0.158822E-05  0.000000E+00 -0.272954E-05
  0.981000E+02 -0.158138E-05  0.000000E+00 -0.247623E-05
  0.984000E+02 -0.152802E-05  0.000000E+00 -0.220027E-05
  0.987000E+02 -0.143254E-05  0.000000E+00 -0.190618E-05
  0.990000E+02 -0.129999E-05  0.000000E+00 -0.159860E-05
  0.993000E+02 -0.113582E-05  0.000000E+00 -0.128221E-05
  0.996000E+02 -0.945571E-06  0.000000E+00 -0.961697E-06
  0.999000E+02 -0.734716E-06  0.000000E+00 -0.641770E-06
  0.100200E+03 -0.508556E-06  0.000000E+00 -0.327105E-06
  0.100500E+03 -0.272222E-06  0.000000E+00 -0.223123E-07
  0.100800E+03 -0.306706E-07  0.000000E+00  0.268154E-06
  0.101100E+03  0.211372E-06  0.000000E+00  0.540079E-06
  0.101400E+03  0.449480E-06  0.000000E+00  0.789606E-06
  0.101700E+03  0.679557E-06  0.000000E+00  0.101339E-05
  0.102000E+03  0.897751E-06  0.000000E+00  0.120869E-05
  0.102300E+03  0.110025E-05  0.000000E+00  0.137344E-05
  0.102600E+03  0.128305E-05  0.000000E+00  0.150615E-05
  0.102900E+03  0.144185E-05  0.000000E+00  0.160598E-05
  0.103200E+03  0.157228E-05  0.000000E+00  0.167265E-05
  0.103500E+03  0.167016E-05  0.000000E+00  0.170639E-05
  0.103800E+03  0.173178E-05  0.000000E+00  0.170791E-05
  0.104100E+03  0.175406E-05  0.000000E+00  0.167826E-05
  0.104400E+03  0.173467E-05  0.000000E+00  0.161877E-05
  0.104700E+03  0.167216E-05  0.000000E+00  0.153098E-05
  0.105000E+03  0.156604E-05  0.000000E+00  0.141660E-05
  0.105300E+03  0.141682E-05  0.000000E+00  0.127740E-05
  0.105600E+03  0.122607E-05  0.000000E+00  0.111529E-05
  0.105900E+03  0.996434E-06  0.000000E+00  0.932240E-06
  0.106200E+03  0.731670E-06  0.000000E+00  0.730401E-06
  0.106500E+03  0.436516E-06  0.000000E+00  0.512054E-06
  0.106800E+03  0.116453E-06  0.000000E+00  0.279674E-06
  0.107100E+03 -0.222598E-06  0.000000E+00  0.359865E-07
  0.107400E+03 -0.574579E-06  0.000000E+00 -0.215981E-06
  0.107700E+03 -0.933574E-06  0.000000E+00 -0.472896E-06
  0.108000E+03 -0.129409E-05  0.000000E+00 -0.731175E-06
  0.108300E+03 -0.165126E-05  0.000000E+00 -0.987060E-06
  0.108600E+03 -0.200100E-05  0.000000E+00 -0.123669E-05
  0.108900E+03 -0.233997E-05  0.000000E+00 -0.147616E-05
  0.109200E+03 -0.266553E-05  0.000000E+00 -0.170160E-05
  0.109500E+03 -0.297561E-05  0.000000E+00 -0.190924E-05
  0.109800E+03 -0.326853E-05  0.000000E+00 -0.209553E-05
  0.110100E+03 -0.354274E-05  0.000000E+00 -0.225724E-05
  0.110400E+03 -0.379657E-05  0.000000E+00 -0.239152E-05
  0.110700E+03 -0.402809E-05  0.000000E+00 -0.249607E-05
  0.111000E+03 -0.423508E-05  0.000000E+00 -0.256912E-05
  0.111300E+03 -0.441513E-05  0.000000E+00 -0.260942E-05
  0.111600E+03 -0.456580E-05  0.000000E+00 -0.261631E-05
  0.111900E+03 -0.468484E-05  0.000000E+00 -0.258968E-05
  0.112200E+03 -0.477034E-05  0.000000E+00 -0.252998E-05
  0.112500E+03 -0.482085E-05  0.000000E+00 -0.243817E-05
  0.112800E+03 -0.483546E-05  0.000000E+00 -0.231566E-05
  0.113100E+03 -0.481376E-05  0.000000E+00 -0.216427E-05
  0.113400E+03 -0.475593E-05  0.000000E+00 -0.198619E-05
  0.113700E+03 -0.466261E-05  0.000000E+00 -0.178390E-05
  0.114000E+03 -0.453497E-05  0.000000E+00 -0.156012E-05
  0.114300E+03 -0.437450E-05  0.000000E+00 -0.131774E-05
  0.114600E+03 -0.418294E-05  0.000000E+00 -0.105971E-05
  0.114900E+03 -0.396208E-05  0.000000E+00 -0.788989E-06
  0.115200E+03 -0.371381E-05  0.000000E+00 -0.508523E-06
  0.115500E+03 -0.344023E-05  0.000000E+00 -0.221206E-06
  0.115800E+03 -0.314371E-05  0.000000E+00  0.701041E-07
  0.116100E+03 -0.282687E-05  0.000000E+00  0.362587E-06
  0.116400E+03 -0.249238E-05  0.000000E+00  0.653447E-06
  0.116700E+03 -0.214279E-05  0.000000E+00  0.939883E-06
  0.117000E+03 -0.178048E-05  0.000000E+00  0.121907E-05
  0.117300E+03 -0.140774E-05  0.000000E+00  0.148818E-05
  0.117600E+03 -0.102689E-05  0.000000E+00  0.174445E-05
  0.117900E+03 -0.640391E-06  0.000000E+00  0.198523E-05
  0.118200E+03 -0.250945E-06  0.000000E+00  0.220802E-05
  0.118500E+03  0.138434E-06  0.000000E+00  0.241045E-05
  0.118800E+03  0.524439E-06  0.000000E+00  0.259022E-05
  0.119100E+03  0.903576E-06  0.000000E+00  0.274517E-05
  0.119400E+03  0.127232E-05  0.000000E+00  0.287333E-05
  0.119700E+03  0.162729E-05  0.000000E+00  0.297299E-05
  0.120000E+03  0.196531E-05  0.000000E+00  0.304280E-05
  0.120300E+03  0.228351E-05  0.000000E+00  0.308184E-05
  0.120600E+03  0.257924E-05  0.000000E+00  0.308962E-05
  0.120900E+03  0.285005E-05  0.000000E+00  0.306617E-05
  0.121200E+03  0.309361E-05  0.000000E+00  0.301194E-05
  0.121500E+03  0.330768E-05  0.000000E+00  0.292792E-05
  0.121800E+03  0.349023E-05  0.000000E+00  0.281552E-05
  0.122100E+03  0.363947E-05  0.000000E+00  0.267657E-05
  0.122400E+03  0.375401E-05  0.000000E+00  0.251321E-05
  0.122700E+03  0.383291E-05  0.000000E+00  0.232782E-05
  0.123000E+03  0.387572E-05  0.000000E+00  0.212294E-05
  0.123300E+03  0.388253E-05  0.000000E+00  0.190126E-05
  0.123600E+03  0.385399E-05  0.000000E+00  0.166546E-05
  0.123900E+03  0.379139E-05  0.000000E+00  0.141822E-05
  0.124200E+03  0.369667E-05  0.000000E+00  0.116213E-05
  0.124500E+03  0.357231E-05  0.000000E+00  0.899751E-06
  0.124800E+03  0.342122E-05  0.000000E+00  0.633608E-06
  0.125100E+03  0.324656E-05  0.000000E+00  0.366266E-06
  0.125400E+03  0.305170E-05  0.000000E+00  0.100315E-06
  0.125700E+03  0.284020E-05  0.000000E+00 -0.161640E-06
  0.126000E+03  0.261577E-05  0.000000E+00 -0.416973E-06
  0.126300E+03  0.238224E-05  0.000000E+00 -0.663041E-06
  0.126600E+03  0.214338E-05  0.000000E+00 -0.897199E-06
  0.126900E+03  0.190278E-05  0.000000E+00 -0.111683E-05
  0.127200E+03  0.166378E-05  0.000000E+00 -0.131939E-05
  0.127500E+03  0.142948E-05  0.000000E+00 -0.150250E-05
  0.127800E+03  0.120265E-05  0.000000E+00 -0.166400E-05
  0.128100E+03  0.985739E-06  0.000000E+00 -0.180207E-05
  0.128400E+03  0.780809E-06  0.000000E+00 -0.191525E-05
  0.128700E+03  0.589564E-06  0.000000E+00 -0.200251E-05
  0.129000E+03  0.413450E-06  0.000000E+00 -0.206326E-05
  0.129300E+03  0.253764E-06  0.000000E+00 -0.209739E-05
  0.129600E+03  0.111702E-06  0.000000E+00 -0.210524E-05
  0.129900E+03 -0.116606E-07  0.000000E+00 -0.208749E-05
  0.130200E+03 -0.115464E-06  0.000000E+00 -0.204510E-05
  0.130500E+03 -0.199219E-06  0.000000E+00 -0.197924E-05
  0.130800E+03 -0.262983E-06  0.000000E+00 -0.189126E-05
  0.131100E+03 -0.307460E-06  0.000000E+00 -0.178265E-05
  0.131400E+03 -0.333973E-06  0.000000E+00 -0.165511E-05
  0.131700E+03 -0.344289E-06  0.000000E+00 -0.151054E-05
  0.132000E+03 -0.340382E-06  0.000000E+00 -0.135104E-05
  0.132300E+03 -0.324222E-06  0.000000E+00 -0.117894E-05
  0.132600E+03 -0.297639E-06  0.000000E+00 -0.996767E-06
  0.132900E+03 -0.262303E-06  0.000000E+00 -0.807297E-06
  0.133200E+03 -0.219792E-06  0.000000E+00 -0.613444E-06
  0.133500E+03 -0.171692E-06  0.000000E+00 -0.418219E-06
  0.133800E+03 -0.119618E-06  0.000000E+00 -0.224662E-06
  0.134100E+03 -0.651518E-07  0.000000E+00 -0.357768E-07
  0.134400E+03 -0.973439E-08  0.000000E+00  0.145538E-06
  0.134700E+03  0.454093E-07  0.000000E+00  0.316563E-06
  0.135000E+03  0.992590E-07  0.000000E+00  0.474827E-06
  0.135300E+03  0.150928E-06  0.000000E+00  0.618188E-06
  0.135600E+03  0.199567E-06  0.000000E+00  0.744903E-06
  0.135900E+03  0.244284E-06  0.000000E+00  0.853656E-06
  0.136200E+03  0.284067E-06  0.000000E+00  0.943549E-06
  0.136500E+03  0.317740E-06  0.000000E+00  0.101405E-05
  0.136800E+03  0.343967E-06  0.000000E+00  0.106493E-05
  0.137100E+03  0.361336E-06  0.000000E+00  0.109624E-05
  0.137400E+03  0.368527E-06  0.000000E+00  0.110827E-05
  0.137700E+03  0.364460E-06  0.000000E+00  0.110152E-05
  0.138000E+03  0.348349E-06  0.000000E+00  0.107667E-05
  0.138300E+03  0.319639E-06  0.000000E+00  0.103454E-05
  0.138600E+03  0.277928E-06  0.000000E+00  0.976053E-06
  0.138900E+03  0.222963E-06  0.000000E+00  0.902257E-06
  0.139200E+03  0.154733E-06  0.000000E+00  0.814273E-06
  0.139500E+03  0.735807E-07  0.000000E+00  0.713301E-06
  0.139800E+03 -0.197338E-07  0.000000E+00  0.600621E-06
  0.140100E+03 -0.124075E-06  0.000000E+00  0.477619E-06
  0.140400E+03 -0.238037E-06  0.000000E+00  0.345844E-06
  0.140700E+03 -0.360093E-06  0.000000E+00  0.207035E-06
  0.141000E+03 -0.488738E-06  0.000000E+00  0.631074E-07
  0.141300E+03 -0.622561E-06  0.000000E+00 -0.838765E-07
  0.141600E+03 -0.760199E-06  0.000000E+00 -0.231731E-06
  0.141900E+03 -0.900224E-06  0.000000E+00 -0.378174E-06
  0.142200E+03 -0.104102E-05  0.000000E+00 -0.520888E-06
  0.142500E+03 -0.118077E-05  0.000000E+00 -0.657622E-06
  0.142800E+03 -0.131755E-05  0.000000E+00 -0.786304E-06
  0.143100E+03 -0.144943E-05  0.000000E+00 -0.905105E-06
  0.143400E+03 -0.157457E-05  0.000000E+00 -0.101246E-05
  0.143700E+03 -0.169115E-05  0.000000E+00 -0.110705E-05
  0.144000E+03 -0.179735E-05  0.000000E+00 -0.118777E-05
  0.144300E+03 -0.189134E-05  0.000000E+00 -0.125371E-05
  0.144600E+03 -0.197142E-05  0.000000E+00 -0.130414E-05
  0.144900E+03 -0.203617E-05  0.000000E+00 -0.133849E-05
  0.145200E+03 -0.208455E-05  0.000000E+00 -0.135640E-05
  0.145500E+03 -0.211599E-05  0.000000E+00 -0.135767E-05
  0.145800E+03 -0.213037E-05  0.000000E+00 -0.134231E-05
  0.146100E+03 -0.212790E-05  0.000000E+00 -0.131050E-05
  0.146400E+03 -0.210907E-05  0.000000E+00 -0.126264E-05
  0.146700E+03 -0.207448E-05  0.000000E+00 -0.119928E-05
  0.147000E+03 -0.202485E-05  0.000000E+00 -0.112121E-05
  0.147300E+03 -0.196094E-05  0.000000E+00 -0.102939E-05
  0.147600E+03 -0.188357E-05  0.000000E+00 -0.925005E-06
  0.147900E+03 -0.179350E-05  0.000000E+00 -0.809390E-06
  0.148200E+03 -0.169145E-05  0.000000E+00 -0.684043E-06
  0.148500E+03 -0.157804E-05  0.000000E+00 -0.550561E-06
  0.148800E+03 -0.145382E-05  0.000000E+00 -0.410591E-06
  0.149100E+03 -0.131932E-05  0.000000E+00 -0.265795E-06
  0.149400E+03 -0.117518E-05  0.000000E+00 -0.117815E-06
  0.149700E+03 -0.102218E-05  0.000000E+00  0.317338E-07
  0.150000E+03 -0.861316E-06  0.000000E+00  0.181260E-06
  0.150300E+03 -0.693782E-06  0.000000E+00  0.329209E-06
  0.150600E+03 -0.521009E-06  0.000000E+00  0.474079E-06
  0.150900E+03 -0.344627E-06  0.000000E+00  0.614446E-06
  0.151200E+03 -0.166410E-06  0.000000E+00  0.748976E-06
  0.151500E+03  0.117926E-07  0.000000E+00  0.876423E-06
  0.151800E+03  0.188121E-06  0.000000E+00  0.995633E-06
  0.152100E+03  0.360734E-06  0.000000E+00  0.110554E-05
  0.152400E+03  0.527823E-06  0.000000E+00  0.120518E-05
  0.152700E+03  0.687639E-06  0.000000E+00  0.129370E-05
  0.153000E+03  0.838584E-06  0.000000E+00  0.137034E-05
  0.153300E+03  0.979336E-06  0.000000E+00  0.143442E-05
  0.153600E+03  0.110897E-05  0.000000E+00  0.148530E-05
  0.153900E+03  0.122702E-05  0.000000E+00  0.152240E-05
  0.154200E+03  0.133336E-05  0.000000E+00  0.154516E-05
  0.154500E+03  0.142815E-05  0.000000E+00  0.155311E-05
  0.154800E+03  0.151157E-05  0.000000E+00  0.154590E-05
  0.155100E+03  0.158375E-05  0.000000E+00  0.152341E-05
  0.155400E+03  0.164469E-05  0.000000E+00  0.148568E-05
  0.155700E+03  0.169427E-05  0.000000E+00  0.143300E-05
  0.156000E+03  0.173240E-05  0.000000E+00  0.136584E-05
  0.156300E+03  0.175907E-05  0.000000E+00  0.128485E-05
  0.156600E+03  0.177441E-05  0.000000E+00  0.119089E-05
  0.156900E+03  0.177872E-05  0.000000E+00  0.108499E-05
  0.157200E+03  0.177240E-05  0.000000E+00  0.968412E-06
  0.157500E+03  0.175596E-05  0.000000E+00  0.842650E-06
  0.157800E+03  0.172991E-05  0.000000E+00  0.709409E-06
  0.158100E+03  0.169477E-05  0.000000E+00  0.570578E-06
  0.158400E+03  0.165101E-05  0.000000E+00  0.428195E-06
  0.158700E+03  0.159900E-05  0.000000E+00  0.284391E-06
  0.159000E+03  0.153904E-05  0.000000E+00  0.141317E-06
  0.159300E+03  0.147133E-05  0.000000E+00  0.105925E-08
  0.159600E+03  0.139590E-05  0.000000E+00 -0.134430E-06
  0.159900E+03  0.131269E-05  0.000000E+00 -0.263390E-06
  0.160200E+03  0.122159E-05  0.000000E+00 -0.384300E-06
  0.160500E+03  0.112250E-05  0.000000E+00 -0.495901E-06
  0.160800E+03  0.101552E-05  0.000000E+00 -0.597207E-06
  0.161100E+03  0.901101E-06  0.000000E+00 -0.687477E-06
  0.161400E+03  0.780092E-06  0.000000E+00 -0.766155E-06
  0.161700E+03  0.653752E-06  0.000000E+00 -0.832803E-06
  0.162000E+03  0.523620E-06  0.000000E+00 -0.887059E-06
  0.162300E+03  0.391350E-06  0.000000E+00 -0.928617E-06
  0.162600E+03  0.258555E-06  0.000000E+00 -0.957234E-06
  0.162900E+03  0.126737E-06  0.000000E+00 -0.972743E-06
  0.163200E+03 -0.269520E-08  0.000000E+00 -0.975088E-06
  0.163500E+03 -0.128374E-06  0.000000E+00 -0.964373E-06
  0.163800E+03 -0.248944E-06  0.000000E+00 -0.940922E-06
  0.164100E+03 -0.363090E-06  0.000000E+00 -0.905312E-06
  0.164400E+03 -0.469602E-06  0.000000E+00 -0.858383E-06
  0.164700E+03 -0.567459E-06  0.000000E+00 -0.801220E-06
  0.165000E+03 -0.655894E-06  0.000000E+00 -0.735118E-06
  0.165300E+03 -0.734425E-06  0.000000E+00 -0.661520E-06
  0.165600E+03 -0.802837E-06  0.000000E+00 -0.581943E-06
  0.165900E+03 -0.861119E-06  0.000000E+00 -0.497900E-06
  0.166200E+03 -0.909402E-06  0.000000E+00 -0.410840E-06
  0.166500E+03 -0.947915E-06  0.000000E+00 -0.322115E-06
  0.166800E+03 -0.976970E-06  0.000000E+00 -0.232971E-06
  0.167100E+03 -0.996954E-06  0.000000E+00 -0.144545E-06
  0.167400E+03 -0.100831E-05  0.000000E+00 -0.578858E-07
  0.167700E+03 -0.101152E-05  0.000000E+00  0.260190E-07
  0.168000E+03 -0.100705E-05  0.000000E+00  0.106222E-06
  0.168300E+03 -0.995360E-06  0.000000E+00  0.181801E-06
  0.168600E+03 -0.976920E-06  0.000000E+00  0.251851E-06
  0.168900E+03 -0.952213E-06  0.000000E+00  0.315471E-06
  0.169200E+03 -0.921783E-06  0.000000E+00  0.371763E-06
  0.169500E+03 -0.886236E-06  0.000000E+00  0.419838E-06
  0.169800E+03 -0.846203E-06  0.000000E+00  0.458853E-06
  0.170100E+03 -0.802281E-06  0.000000E+00  0.488069E-06
  0.170400E+03 -0.754971E-06  0.000000E+00  0.506895E-06
  0.170700E+03 -0.704642E-06  0.000000E+00  0.514929E-06
  0.171000E+03 -0.651521E-06  0.000000E+00  0.511970E-06
  0.171300E+03 -0.595740E-06  0.000000E+00  0.498013E-06
  0.171600E+03 -0.537424E-06  0.000000E+00  0.473240E-06
  0.171900E+03 -0.476784E-06  0.000000E+00  0.438017E-06
  0.172200E+03 -0.414191E-06  0.000000E+00  0.392876E-06
  0.172500E+03 -0.350177E-06  0.000000E+00  0.338513E-06
  0.172800E+03 -0.285369E-06  0.000000E+00  0.275775E-06
  0.173100E+03 -0.220395E-06  0.000000E+00  0.205656E-06
  0.173400E+03 -0.155831E-06  0.000000E+00  0.129278E-06
  0.173700E+03 -0.921883E-07  0.000000E+00  0.478672E-07
  0.174000E+03 -0.299666E-07  0.000000E+00 -0.372875E-07
  0.174300E+03  0.302803E-07  0.000000E+00 -0.124865E-06
  0.174600E+03  0.878990E-07  0.000000E+00 -0.213549E-06
  0.174900E+03  0.142149E-06  0.000000E+00 -0.302051E-06
  0.175200E+03  0.192276E-06  0.000000E+00 -0.389139E-06
  0.175500E+03  0.237615E-06  0.000000E+00 -0.473637E-06
  0.175800E+03  0.277660E-06  0.000000E+00 -0.554438E-06
  0.176100E+03  0.312109E-06  0.000000E+00 -0.630503E-06
  0.176400E+03  0.340868E-06  0.000000E+00 -0.700876E-06
  0.176700E+03  0.364059E-06  0.000000E+00 -0.764690E-06
  0.177000E+03  0.382025E-06  0.000000E+00 -0.821152E-06
  0.177300E+03  0.395303E-06  0.000000E+00 -0.869532E-06
  0.177600E+03  0.404552E-06  0.000000E+00 -0.909144E-06
  0.177900E+03  0.410463E-06  0.000000E+00 -0.939353E-06
  0.178200E+03  0.413663E-06  0.000000E+00 -0.959592E-06
  0.178500E+03  0.414635E-06  0.000000E+00 -0.969380E-06
  0.178800E+03  0.413648E-06  0.000000E+00 -0.968326E-06
  0.179100E+03  0.410695E-06  0.000000E+00 -0.956124E-06
  0.179400E+03  0.405454E-06  0.000000E+00 -0.932537E-06
  0.179700E+03  0.397310E-06  0.000000E+00 -0.897394E-06
  0.180000E+03  0.385455E-06  0.000000E+00 -0.850596E-06
  0.180300E+03  0.369049E-06  0.000000E+00 -0.792159E-06
  0.180600E+03  0.347392E-06  0.000000E+00 -0.722254E-06
  0.180900E+03  0.320077E-06  0.000000E+00 -0.641245E-06
  0.181200E+03  0.287070E-06  0.000000E+00 -0.549721E-06
  0.181500E+03  0.248715E-06  0.000000E+00 -0.448515E-06
  0.181800E+03  0.205680E-06  0.000000E+00 -0.338716E-06
  0.182100E+03  0.158858E-06  0.000000E+00 -0.221666E-06
  0.182400E+03  0.109261E-06  0.000000E+00 -0.989323E-07
  0.182700E+03  0.579002E-07  0.000000E+00  0.277460E-07
  0.183000E+03  0.568001E-08  0.000000E+00  0.156528E-06
  0.183300E+03 -0.466783E-07  0.000000E+00  0.285548E-06
  0.183600E+03 -0.986521E-07  0.000000E+00  0.412989E-06
  0.183900E+03 -0.149876E-06  0.000000E+00  0.537125E-06
  0.184200E+03 -0.200070E-06  0.000000E+00  0.656357E-06
  0.184500E+03 -0.248947E-06  0.000000E+00  0.769231E-06
  0.184800E+03 -0.296121E-06  0.000000E+00  0.874457E-06
  0.185100E+03 -0.341026E-06  0.000000E+00  0.970912E-06
  0.185400E+03 -0.382869E-06  0.000000E+00  0.105764E-05
  0.185700E+03 -0.420648E-06  0.000000E+00  0.113387E-05
  0.186000E+03 -0.453222E-06  0.000000E+00  0.119896E-05
  0.186300E+03 -0.479421E-06  0.000000E+00  0.125247E-05
  0.186600E+03 -0.498155E-06  0.000000E+00  0.129406E-05
  0.186900E+03 -0.508511E-06  0.000000E+00  0.132355E-05
  0.187200E+03 -0.509823E-06  0.000000E+00  0.134085E-05
  0.187500E+03 -0.501726E-06  0.000000E+00  0.134597E-05
  0.187800E+03 -0.484212E-06  0.000000E+00  0.133900E-05
  0.188100E+03 -0.457653E-06  0.000000E+00  0.132011E-05
  0.188400E+03 -0.422802E-06  0.000000E+00  0.128950E-05
  0.188700E+03 -0.380728E-06  0.000000E+00  0.124744E-05
  0.189000E+03 -0.332737E-06  0.000000E+00  0.119421E-05
  0.189300E+03 -0.280264E-06  0.000000E+00  0.113020E-05
  0.189600E+03 -0.224749E-06  0.000000E+00  0.105589E-05
  0.189900E+03 -0.167524E-06  0.000000E+00  0.971911E-06
  0.190200E+03 -0.109733E-06  0.000000E+00  0.879050E-06
  0.190500E+03 -0.522968E-07  0.000000E+00  0.778286E-06
  0.190800E+03  0.409788E-08  0.000000E+00  0.670792E-06
  0.191100E+03  0.590124E-07  0.000000E+00  0.557909E-06
  0.191400E+03  0.112266E-06  0.000000E+00  0.441097E-06
  0.191700E+03  0.163902E-06  0.000000E+00  0.321864E-06
  0.192000E+03  0.214099E-06  0.000000E+00  0.201706E-06
  0.192300E+03  0.263019E-06  0.000000E+00  0.820535E-07
  0.192600E+03  0.310659E-06  0.000000E+00 -0.357747E-07
  0.192900E+03  0.356747E-06  0.000000E+00 -0.150605E-06
  0.193200E+03  0.400722E-06  0.000000E+00 -0.261436E-06
  0.193500E+03  0.441801E-06  0.000000E+00 -0.367435E-06
  0.193800E+03  0.479093E-06  0.000000E+00 -0.467927E-06
  0.194100E+03  0.511730E-06  0.000000E+00 -0.562360E-06
  0.194400E+03  0.538984E-06  0.000000E+00 -0.650281E-06
  0.194700E+03  0.560371E-06  0.000000E+00 -0.731318E-06
  0.195000E+03  0.575712E-06  0.000000E+00 -0.805156E-06
  0.195300E+03  0.585151E-06  0.000000E+00 -0.871518E-06
  0.195600E+03  0.589111E-06  0.000000E+00 -0.930144E-06
  0.195900E+03  0.588210E-06  0.000000E+00 -0.980778E-06
  0.196200E+03  0.583155E-06  0.000000E+00 -0.102316E-05
  0.196500E+03  0.574640E-06  0.000000E+00 -0.105703E-05
  0.196800E+03  0.563268E-06  0.000000E+00 -0.108218E-05
  0.197100E+03  0.549513E-06  0.000000E+00 -0.109845E-05
  0.197400E+03  0.533704E-06  0.000000E+00 -0.110578E-05
  0.197700E+03  0.516052E-06  0.000000E+00 -0.110418E-05
  0.198000E+03  0.496691E-06  0.000000E+00 -0.109381E-05
  0.198300E+03  0.475729E-06  0.000000E+00 -0.107491E-05
  0.198600E+03  0.453272E-06  0.000000E+00 -0.104779E-05
  0.198900E+03  0.429431E-06  0.000000E+00 -0.101280E-05
  0.199200E+03  0.404300E-06  0.000000E+00 -0.970316E-06
  0.199500E+03  0.377939E-06  0.000000E+00 -0.920693E-06
  0.199800E+03  0.350355E-06  0.000000E+00 -0.864268E-06
  0.200100E+03  0.321514E-06  0.000000E+00 -0.801364E-06
  0.200400E+03  0.291378E-06  0.000000E+00 -0.732302E-06
  0.200700E+03  0.259967E-06  0.000000E+00 -0.657436E-06
  0.201000E+03  0.227386E-06  0.000000E+00 -0.577184E-06
  0.201300E+03  0.193814E-06  0.000000E+00 -0.492075E-06
  0.201600E+03  0.159458E-06  0.000000E+00 -0.402774E-06
  0.201900E+03  0.124504E-06  0.000000E+00 -0.310105E-06
  0.202200E+03  0.890958E-07  0.000000E+00 -0.215049E-06
  0.202500E+03  0.533470E-07  0.000000E+00 -0.118734E-06
  0.202800E+03  0.173902E-07  0.000000E+00 -0.224111E-07
  0.203100E+03 -0.185566E-07  0.000000E+00  0.725869E-07
  0.203400E+03 -0.541428E-07  0.000000E+00  0.164894E-06
  0.203700E+03 -0.888851E-07  0.000000E+00  0.253171E-06
  0.204000E+03 -0.122212E-06  0.000000E+00  0.336158E-06
  0.204300E+03 -0.153528E-06  0.000000E+00  0.412725E-06
  0.204600E+03 -0.182274E-06  0.000000E+00  0.481910E-06
  0.204900E+03 -0.207986E-06  0.000000E+00  0.542948E-06
  0.205200E+03 -0.230341E-06  0.000000E+00  0.595287E-06
  0.205500E+03 -0.249196E-06  0.000000E+00  0.638592E-06
  0.205800E+03 -0.264618E-06  0.000000E+00  0.672734E-06
  0.206100E+03 -0.276873E-06  0.000000E+00  0.697779E-06
  0.206400E+03 -0.286413E-06  0.000000E+00  0.713969E-06
  0.206700E+03 -0.293838E-06  0.000000E+00  0.721700E-06
  0.207000E+03 -0.299856E-06  0.000000E+00  0.721493E-06
  0.207300E+03 -0.305228E-06  0.000000E+00  0.713953E-06
  0.207600E+03 -0.310702E-06  0.000000E+00  0.699735E-06
  0.207900E+03 -0.316912E-06  0.000000E+00  0.679505E-06
  0.208200E+03 -0.324290E-06  0.000000E+00  0.653920E-06
  0.208500E+03 -0.333015E-06  0.000000E+00  0.623620E-06
  0.208800E+03 -0.343020E-06  0.000000E+00  0.589225E-06
  0.209100E+03 -0.354075E-06  0.000000E+00  0.551345E-06
  0.209400E+03 -0.365886E-06  0.000000E+00  0.510590E-06
  0.209700E+03 -0.378189E-06  0.000000E+00  0.467586E-06
  0.210000E+03 -0.390801E-06  0.000000E+00  0.422989E-06
  0.210300E+03 -0.403632E-06  0.000000E+00  0.377484E-06
  0.210600E+03 -0.416682E-06  0.000000E+00  0.331777E-06
  0.210900E+03 -0.430024E-06  0.000000E+00  0.286576E-06
  0.211200E+03 -0.443783E-06  0.000000E+00  0.242566E-06
  0.211500E+03 -0.458085E-06  0.000000E+00  0.200381E-06
  0.211800E+03 -0.472988E-06  0.000000E+00  0.160567E-06
  0.212100E+03 -0.488419E-06  0.000000E+00  0.123552E-06
  0.212400E+03 -0.504117E-06  0.000000E+00  0.896182E-07
  0.212700E+03 -0.519626E-06  0.000000E+00  0.588881E-07
  0.213000E+03 -0.534307E-06  0.000000E+00  0.313319E-07
  0.213300E+03 -0.547401E-06  0.000000E+00  0.678943E-08
  0.213600E+03 -0.558094E-06  0.000000E+00 -0.150046E-07
  0.213900E+03 -0.565592E-06  0.000000E+00 -0.343995E-07
  0.214200E+03 -0.569171E-06  0.000000E+00 -0.518111E-07
  0.214500E+03 -0.568238E-06  0.000000E+00 -0.677027E-07
  0.214800E+03 -0.562384E-06  0.000000E+00 -0.825549E-07
  0.215100E+03 -0.551438E-06  0.000000E+00 -0.968272E-07
  0.215400E+03 -0.535490E-06  0.000000E+00 -0.110920E-06
  0.215700E+03 -0.514849E-06  0.000000E+00 -0.125151E-06
  0.216000E+03 -0.489957E-06  0.000000E+00 -0.139746E-06
  0.216300E+03 -0.461314E-06  0.000000E+00 -0.154839E-06
  0.216600E+03 -0.429425E-06  0.000000E+00 -0.170465E-06
  0.216900E+03 -0.394781E-06  0.000000E+00 -0.186553E-06
  0.217200E+03 -0.357848E-06  0.000000E+00 -0.202929E-06
  0.217500E+03 -0.319038E-06  0.000000E+00 -0.219321E-06
  0.217800E+03 -0.278680E-06  0.000000E+00 -0.235377E-06
  0.218100E+03 -0.237001E-06  0.000000E+00 -0.250693E-06
  0.218400E+03 -0.194141E-06  0.000000E+00 -0.264842E-06
  0.218700E+03 -0.150211E-06  0.000000E+00 -0.277395E-06
  0.219000E+03 -0.105363E-06  0.000000E+00 -0.287942E-06
  0.219300E+03 -0.598480E-07  0.000000E+00 -0.296105E-06
  0.219600E+03 -0.140275E-07  0.000000E+00 -0.301562E-06
  0.219900E+03  0.316243E-07  0.000000E+00 -0.304066E-06
  0.220200E+03  0.765266E-07  0.000000E+00 -0.303465E-06
  0.220500E+03  0.119992E-06  0.000000E+00 -0.299702E-06
  0.220800E+03  0.161237E-06  0.000000E+00 -0.292814E-06
  0.221100E+03  0.199436E-06  0.000000E+00 -0.282930E-06
  0.221400E+03  0.233821E-06  0.000000E+00 -0.270265E-06
  0.221700E+03  0.263828E-06  0.000000E+00 -0.255112E-06
  0.222000E+03  0.289213E-06  0.000000E+00 -0.237818E-06
  0.222300E+03  0.310107E-06  0.000000E+00 -0.218763E-06
  0.222600E+03  0.326991E-06  0.000000E+00 -0.198332E-06
  0.222900E+03  0.340605E-06  0.000000E+00 -0.176897E-06
  0.223200E+03  0.351844E-06  0.000000E+00 -0.154800E-06
  0.223500E+03  0.361663E-06  0.000000E+00 -0.132363E-06
  0.223800E+03  0.370998E-06  0.000000E+00 -0.109889E-06
  0.224100E+03  0.380732E-06  0.000000E+00 -0.876776E-07
  0.224400E+03  0.391660E-06  0.000000E+00 -0.660320E-07
  0.224700E+03  0.404460E-06  0.000000E+00 -0.452585E-07
  0.225000E+03  0.419639E-06  0.000000E+00 -0.256657E-07
  0.225300E+03  0.437470E-06  0.000000E+00 -0.755846E-08
  0.225600E+03  0.457935E-06  0.000000E+00  0.877004E-08
  0.225900E+03  0.480707E-06  0.000000E+00  0.230456E-07
  0.226200E+03  0.505188E-06  0.000000E+00  0.350164E-07
  0.226500E+03  0.530588E-06  0.000000E+00  0.444544E-07
  0.226800E+03  0.556017E-06  0.000000E+00  0.511618E-07
  0.227100E+03  0.580577E-06  0.000000E+00  0.549797E-07
  0.227400E+03  0.603429E-06  0.000000E+00  0.558025E-07
  0.227700E+03  0.623825E-06  0.000000E+00  0.535983E-07
  0.228000E+03  0.641124E-06  0.000000E+00  0.484367E-07
  0.228300E+03  0.654800E-06  0.000000E+00  0.405163E-07
  0.228600E+03  0.664455E-06  0.000000E+00  0.301792E-07
  0.228900E+03  0.669816E-06  0.000000E+00  0.179063E-07
  0.229200E+03  0.670743E-06  0.000000E+00  0.429735E-08
  0.229500E+03  0.667224E-06  0.000000E+00 -0.995939E-08
  0.229800E+03  0.659375E-06  0.000000E+00 -0.241205E-07
  0.230100E+03  0.647426E-06  0.000000E+00 -0.374228E-07
  0.230400E+03  0.631689E-06  0.000000E+00 -0.491199E-07
  0.230700E+03  0.612510E-06  0.000000E+00 -0.585188E-07
  0.231000E+03  0.590217E-06  0.000000E+00 -0.650119E-07
  0.231300E+03  0.565063E-06  0.000000E+00 -0.681023E-07
  0.231600E+03  0.537186E-06  0.000000E+00 -0.674227E-07
  0.231900E+03  0.506594E-06  0.000000E+00 -0.627509E-07
  0.232200E+03  0.473185E-06  0.000000E+00 -0.540206E-07
  0.232500E+03  0.436796E-06  0.000000E+00 -0.413302E-07
  0.232800E+03  0.397270E-06  0.000000E+00 -0.249431E-07
  0.233100E+03  0.354501E-06  0.000000E+00 -0.527421E-08
  0.233400E+03  0.308460E-06  0.000000E+00  0.171376E-07
  0.233700E+03  0.259195E-06  0.000000E+00  0.416666E-07
  0.234000E+03  0.206824E-06  0.000000E+00  0.676435E-07
  0.234300E+03  0.151525E-06  0.000000E+00  0.943986E-07
  0.234600E+03  0.935237E-07  0.000000E+00  0.121303E-06
  0.234900E+03  0.331006E-07  0.000000E+00  0.147798E-06
  0.235200E+03 -0.293919E-07  0.000000E+00  0.173410E-06
  0.235500E+03 -0.935036E-07  0.000000E+00  0.197749E-06
  0.235800E+03 -0.158663E-06  0.000000E+00  0.220509E-06
  0.236100E+03 -0.224175E-06  0.000000E+00  0.241461E-06
  0.236400E+03 -0.289245E-06  0.000000E+00  0.260440E-06
  0.236700E+03 -0.353013E-06  0.000000E+00  0.277344E-06
  0.237000E+03 -0.414594E-06  0.000000E+00  0.292122E-06
  0.237300E+03 -0.473099E-06  0.000000E+00  0.304764E-06
  0.237600E+03 -0.527653E-06  0.000000E+00  0.315283E-06
  0.237900E+03 -0.577421E-06  0.000000E+00  0.323693E-06
  0.238200E+03 -0.621653E-06  0.000000E+00  0.329995E-06
  0.238500E+03 -0.659721E-06  0.000000E+00  0.334163E-06
  0.238800E+03 -0.691175E-06  0.000000E+00  0.336139E-06
  0.239100E+03 -0.715756E-06  0.000000E+00  0.335833E-06
  0.239400E+03 -0.733403E-06  0.000000E+00  0.333128E-06
  0.239700E+03 -0.744232E-06  0.000000E+00  0.327893E-06
  0.240000E+03 -0.748508E-06  0.000000E+00  0.319994E-06
  0.240300E+03 -0.746609E-06  0.000000E+00  0.309306E-06
  0.240600E+03 -0.739002E-06  0.000000E+00  0.295718E-06
  0.240900E+03 -0.726220E-06  0.000000E+00  0.279136E-06
  0.241200E+03 -0.708844E-06  0.000000E+00  0.259494E-06
  0.241500E+03 -0.687488E-06  0.000000E+00  0.236758E-06
  0.241800E+03 -0.662776E-06  0.000000E+00  0.210949E-06
  0.242100E+03 -0.635318E-06  0.000000E+00  0.182168E-06
  0.242400E+03 -0.605682E-06  0.000000E+00  0.150606E-06
  0.242700E+03 -0.574354E-06  0.000000E+00  0.116558E-06
  0.243000E+03 -0.541707E-06  0.000000E+00  0.804047E-07
  0.243300E+03 -0.507991E-06  0.000000E+00  0.425995E-07
  0.243600E+03 -0.473352E-06  0.000000E+00  0.364203E-08
  0.243900E+03 -0.437891E-06  0.000000E+00 -0.359463E-07
  0.244200E+03 -0.401739E-06  0.000000E+00 -0.756484E-07
  0.244500E+03 -0.365115E-06  0.000000E+00 -0.114976E-06
  0.244800E+03 -0.328374E-06  0.000000E+00 -0.153489E-06
  0.245100E+03 -0.291999E-06  0.000000E+00 -0.190803E-06
  0.245400E+03 -0.256566E-06  0.000000E+00 -0.226586E-06
  0.245700E+03 -0.222684E-06  0.000000E+00 -0.260550E-06
  0.246000E+03 -0.190928E-06  0.000000E+00 -0.292445E-06
  0.246300E+03 -0.161778E-06  0.000000E+00 -0.322041E-06
  0.246600E+03 -0.135582E-06  0.000000E+00 -0.349131E-06
  0.246900E+03 -0.112534E-06  0.000000E+00 -0.373522E-06
  0.247200E+03 -0.926683E-07  0.000000E+00 -0.395042E-06
  0.247500E+03 -0.758447E-07  0.000000E+00 -0.413538E-06
  0.247800E+03 -0.617460E-07  0.000000E+00 -0.428885E-06
  0.248100E+03 -0.498828E-07  0.000000E+00 -0.440982E-06
  0.248400E+03 -0.396271E-07  0.000000E+00 -0.449756E-06
  0.248700E+03 -0.302708E-07  0.000000E+00 -0.455165E-06
  0.249000E+03 -0.210902E-07  0.000000E+00 -0.457203E-06
  0.249300E+03 -0.113950E-07  0.000000E+00 -0.455902E-06
  0.249600E+03 -0.547875E-09  0.000000E+00 -0.451335E-06
  0.249900E+03  0.120363E-07  0.000000E+00 -0.443616E-06
  0.250200E+03  0.268979E-07  0.000000E+00 -0.432892E-06
  0.250500E+03  0.445279E-07  0.000000E+00 -0.419334E-06
  0.250800E+03  0.653456E-07  0.000000E+00 -0.403128E-06
  0.251100E+03  0.896627E-07  0.000000E+00 -0.384465E-06
  0.251400E+03  0.117648E-06  0.000000E+00 -0.363528E-06
  0.251700E+03  0.149311E-06  0.000000E+00 -0.340488E-06
  0.252000E+03  0.184509E-06  0.000000E+00 -0.315500E-06
  0.252300E+03  0.222979E-06  0.000000E+00 -0.288709E-06
  0.252600E+03  0.264373E-06  0.000000E+00 -0.260263E-06
  0.252900E+03  0.308306E-06  0.000000E+00 -0.230328E-06
  0.253200E+03  0.354384E-06  0.000000E+00 -0.199094E-06
  0.253500E+03  0.402222E-06  0.000000E+00 -0.166777E-06
  0.253800E+03  0.451422E-06  0.000000E+00 -0.133621E-06
  0.254100E+03  0.501520E-06  0.000000E+00 -0.998757E-07
  0.254400E+03  0.551913E-06  0.000000E+00 -0.657852E-07
  0.254700E+03  0.601809E-06  0.000000E+00 -0.315667E-07
  0.255000E+03  0.650216E-06  0.000000E+00  0.260740E-08
  0.255300E+03  0.695980E-06  0.000000E+00  0.366185E-07
  0.255600E+03  0.737867E-06  0.000000E+00  0.703940E-07
  0.255900E+03  0.774654E-06  0.000000E+00  0.103878E-06
  0.256200E+03  0.805226E-06  0.000000E+00  0.136993E-06
  0.256500E+03  0.828655E-06  0.000000E+00  0.169600E-06
  0.256800E+03  0.844255E-06  0.000000E+00  0.201474E-06
  0.257100E+03  0.851615E-06  0.000000E+00  0.232295E-06
  0.257400E+03  0.850600E-06  0.000000E+00  0.261654E-06
  0.257700E+03  0.841329E-06  0.000000E+00  0.289089E-06
  0.258000E+03  0.824124E-06  0.000000E+00  0.314126E-06
  0.258300E+03  0.799462E-06  0.000000E+00  0.336333E-06
  0.258600E+03  0.767914E-06  0.000000E+00  0.355364E-06
  0.258900E+03  0.730091E-06  0.000000E+00  0.370991E-06
  0.259200E+03  0.686602E-06  0.000000E+00  0.383126E-06
  0.259500E+03  0.638008E-06  0.000000E+00  0.391823E-06
  0.259800E+03  0.584801E-06  0.000000E+00  0.397270E-06
  0.260100E+03  0.527404E-06  0.000000E+00  0.399767E-06
  0.260400E+03  0.466210E-06  0.000000E+00  0.399690E-06
  0.260700E+03  0.401622E-06  0.000000E+00  0.397453E-06
  0.261000E+03  0.334103E-06  0.000000E+00  0.393460E-06
  0.261300E+03  0.264188E-06  0.000000E+00  0.388062E-06
  0.261600E+03  0.192478E-06  0.000000E+00  0.381531E-06
  0.261900E+03  0.119626E-06  0.000000E+00  0.374035E-06
  0.262200E+03  0.463290E-07  0.000000E+00  0.365634E-06
  0.262500E+03 -0.266684E-07  0.000000E+00  0.356287E-06
  0.262800E+03 -0.985753E-07  0.000000E+00  0.345868E-06
  0.263100E+03 -0.168587E-06  0.000000E+00  0.334200E-06
  0.263400E+03 -0.235938E-06  0.000000E+00  0.321088E-06
  0.263700E+03 -0.299960E-06  0.000000E+00  0.306342E-06
  0.264000E+03 -0.360115E-06  0.000000E+00  0.289807E-06
  0.264300E+03 -0.416005E-06  0.000000E+00  0.271376E-06
  0.264600E+03 -0.467362E-06  0.000000E+00  0.250993E-06
  0.264900E+03 -0.514018E-06  0.000000E+00  0.228660E-06
  0.265200E+03 -0.555871E-06  0.000000E+00  0.204435E-06
  0.265500E+03 -0.592851E-06  0.000000E+00  0.178424E-06
  0.265800E+03 -0.624897E-06  0.000000E+00  0.150789E-06
  0.266100E+03 -0.651934E-06  0.000000E+00  0.121737E-06
  0.266400E+03 -0.673860E-06  0.000000E+00  0.915231E-07
  0.266700E+03 -0.690524E-06  0.000000E+00  0.604360E-07
  0.267000E+03 -0.701707E-06  0.000000E+00  0.287877E-07
  0.267300E+03 -0.707122E-06  0.000000E+00 -0.310074E-08
  0.267600E+03 -0.706421E-06  0.000000E+00 -0.349130E-07
  0.267900E+03 -0.699230E-06  0.000000E+00 -0.663488E-07
  0.268200E+03 -0.685196E-06  0.000000E+00 -0.971331E-07
  0.268500E+03 -0.664058E-06  0.000000E+00 -0.127022E-06
  0.268800E+03 -0.635724E-06  0.000000E+00 -0.155805E-06
  0.269100E+03 -0.600322E-06  0.000000E+00 -0.183301E-06
  0.269400E+03 -0.558222E-06  0.000000E+00 -0.209361E-06
  0.269700E+03 -0.510028E-06  0.000000E+00 -0.233856E-06
  0.270000E+03 -0.456548E-06  0.000000E+00 -0.256669E-06
  0.270300E+03 -0.398749E-06  0.000000E+00 -0.277687E-06
  0.270600E+03 -0.337701E-06  0.000000E+00 -0.296783E-06
  0.270900E+03 -0.274525E-06  0.000000E+00 -0.313816E-06
  0.271200E+03 -0.210356E-06  0.000000E+00 -0.328634E-06
  0.271500E+03 -0.146317E-06  0.000000E+00 -0.341073E-06
  0.271800E+03 -0.835045E-07  0.000000E+00 -0.350967E-06
  0.272100E+03 -0.229794E-07  0.000000E+00 -0.358148E-06
  0.272400E+03  0.342485E-07  0.000000E+00 -0.362455E-06
  0.272700E+03  0.872402E-07  0.000000E+00 -0.363746E-06
  0.273000E+03  0.135155E-06  0.000000E+00 -0.361903E-06
  0.273300E+03  0.177285E-06  0.000000E+00 -0.356854E-06
  0.273600E+03  0.213090E-06  0.000000E+00 -0.348583E-06
  0.273900E+03  0.242221E-06  0.000000E+00 -0.337137E-06
  0.274200E+03  0.264539E-06  0.000000E+00 -0.322636E-06
  0.274500E+03  0.280108E-06  0.000000E+00 -0.305265E-06
  0.274800E+03  0.289180E-06  0.000000E+00 -0.285276E-06
  0.275100E+03  0.292174E-06  0.000000E+00 -0.262974E-06
  0.275400E+03  0.289631E-06  0.000000E+00 -0.238713E-06
  0.275700E+03  0.282165E-06  0.000000E+00 -0.212878E-06
  0.276000E+03  0.270395E-06  0.000000E+00 -0.185875E-06
  0.276300E+03  0.254878E-06  0.000000E+00 -0.158112E-06
  0.276600E+03  0.236054E-06  0.000000E+00 -0.129993E-06
  0.276900E+03  0.214214E-06  0.000000E+00 -0.101900E-06
  0.277200E+03  0.189511E-06  0.000000E+00 -0.741785E-07
  0.277500E+03  0.161991E-06  0.000000E+00 -0.471315E-07
  0.277800E+03  0.131662E-06  0.000000E+00 -0.210073E-07
  0.278100E+03  0.985450E-07  0.000000E+00  0.400121E-08
  0.278400E+03  0.627264E-07  0.000000E+00  0.277493E-07
  0.278700E+03  0.243712E-07  0.000000E+00  0.501259E-07
  0.279000E+03 -0.162775E-07  0.000000E+00  0.710352E-07
  0.279300E+03 -0.589033E-07  0.000000E+00  0.903813E-07
  0.279600E+03 -0.103108E-06  0.000000E+00  0.108059E-06
  0.279900E+03 -0.148387E-06  0.000000E+00  0.123951E-06
  0.280200E+03 -0.194108E-06  0.000000E+00  0.137928E-06
  0.280500E+03 -0.239500E-06  0.000000E+00  0.149855E-06
  0.280800E+03 -0.283673E-06  0.000000E+00  0.159600E-06
  0.281100E+03 -0.325640E-06  0.000000E+00  0.167050E-06
  0.281400E+03 -0.364347E-06  0.000000E+00  0.172120E-06
  0.281700E+03 -0.398716E-06  0.000000E+00  0.174766E-06
  0.282000E+03 -0.427688E-06  0.000000E+00  0.175004E-06
  0.282300E+03 -0.450290E-06  0.000000E+00  0.172920E-06
  0.282600E+03 -0.465689E-06  0.000000E+00  0.168675E-06
  0.282900E+03 -0.473240E-06  0.000000E+00  0.162503E-06
  0.283200E+03 -0.472512E-06  0.000000E+00  0.154696E-06
  0.283500E+03 -0.463294E-06  0.000000E+00  0.145584E-06
  0.283800E+03 -0.445578E-06  0.000000E+00  0.135513E-06
  0.284100E+03 -0.419527E-06  0.000000E+00  0.124823E-06
  0.284400E+03 -0.385433E-06  0.000000E+00  0.113824E-06
  0.284700E+03 -0.343673E-06  0.000000E+00  0.102778E-06
  0.285000E+03 -0.294687E-06  0.000000E+00  0.918915E-07
  0.285300E+03 -0.238974E-06  0.000000E+00  0.813153E-07
  0.285600E+03 -0.177105E-06  0.000000E+00  0.711524E-07
  0.285900E+03 -0.109729E-06  0.000000E+00  0.614688E-07
  0.286200E+03 -0.375818E-07  0.000000E+00  0.523038E-07
  0.286500E+03  0.385325E-07  0.000000E+00  0.436746E-07
  0.286800E+03  0.117758E-06  0.000000E+00  0.355766E-07
  0.287100E+03  0.199203E-06  0.000000E+00  0.279791E-07
  0.287400E+03  0.281944E-06  0.000000E+00  0.208228E-07
  0.287700E+03  0.365012E-06  0.000000E+00  0.140204E-07
  0.288000E+03  0.447375E-06  0.000000E+00  0.746312E-08
  0.288300E+03  0.527941E-06  0.000000E+00  0.103196E-08
  0.288600E+03  0.605573E-06  0.000000E+00 -0.538516E-08
  0.288900E+03  0.679132E-06  0.000000E+00 -0.118742E-07
  0.289200E+03  0.747526E-06  0.000000E+00 -0.184765E-07
  0.289500E+03  0.809761E-06  0.000000E+00 -0.251722E-07
  0.289800E+03  0.864971E-06  0.000000E+00 -0.318667E-07
  0.290100E+03  0.912417E-06  0.000000E+00 -0.383825E-07
  0.290400E+03  0.951462E-06  0.000000E+00 -0.444592E-07
  0.290700E+03  0.981525E-06  0.000000E+00 -0.497642E-07
  0.291000E+03  0.100206E-05  0.000000E+00 -0.539128E-07
  0.291300E+03  0.101254E-05  0.000000E+00 -0.565017E-07
  0.291600E+03  0.101246E-05  0.000000E+00 -0.571497E-07
  0.291900E+03  0.100139E-05  0.000000E+00 -0.555416E-07
  0.292200E+03  0.978984E-06  0.000000E+00 -0.514637E-07
  0.292500E+03  0.945036E-06  0.000000E+00 -0.448269E-07
  0.292800E+03  0.899487E-06  0.000000E+00 -0.356754E-07
  0.293100E+03  0.842471E-06  0.000000E+00 -0.241827E-07
  0.293400E+03  0.774333E-06  0.000000E+00 -0.106409E-07
  0.293700E+03  0.695638E-06  0.000000E+00  0.455549E-08
  0.294000E+03  0.607161E-06  0.000000E+00  0.209295E-07
  0.294300E+03  0.509879E-06  0.000000E+00  0.379450E-07
  0.294600E+03  0.404950E-06  0.000000E+00  0.550353E-07
  0.294900E+03  0.293694E-06  0.000000E+00  0.716332E-07
  0.295200E+03  0.177560E-06  0.000000E+00  0.871983E-07
  0.295500E+03  0.580725E-07  0.000000E+00  0.101238E-06
  0.295800E+03 -0.632227E-07  0.000000E+00  0.113323E-06
  0.296100E+03 -0.184806E-06  0.000000E+00  0.123104E-06
  0.296400E+03 -0.305221E-06  0.000000E+00  0.130322E-06
  0.296700E+03 -0.423092E-06  0.000000E+00  0.134814E-06
  0.297000E+03 -0.537136E-06  0.000000E+00  0.136518E-06
  0.297300E+03 -0.646166E-06  0.000000E+00  0.135463E-06
  0.297600E+03 -0.749101E-06  0.000000E+00  0.131758E-06
  0.297900E+03 -0.844967E-06  0.000000E+00  0.125595E-06
  0.298200E+03 -0.932915E-06  0.000000E+00  0.117232E-06
  0.298500E+03 -0.101222E-05  0.000000E+00  0.106987E-06
  0.298800E+03 -0.108227E-05  0.000000E+00  0.952197E-07
  0.299100E+03 -0.114257E-05  0.000000E+00  0.823117E-07
  0.299400E+03 -0.119273E-05  0.000000E+00  0.686444E-07
  0.299700E+03 -0.123244E-05  0.000000E+00  0.545773E-07
  0.300000E+03 -0.126144E-05  0.000000E+00  0.404245E-07
  0.300300E+03 -0.127957E-05  0.000000E+00  0.264373E-07
  0.300600E+03 -0.128669E-05  0.000000E+00  0.127929E-07
  0.300900E+03 -0.128273E-05  0.000000E+00 -0.404751E-09
  0.301200E+03 -0.126768E-05  0.000000E+00 -0.131111E-07
  0.301500E+03 -0.124158E-05  0.000000E+00 -0.253200E-07
  0.301800E+03 -0.120457E-05  0.000000E+00 -0.370425E-07
  0.302100E+03 -0.115692E-05  0.000000E+00 -0.482904E-07
  0.302400E+03 -0.109903E-05  0.000000E+00 -0.590669E-07
  0.302700E+03 -0.103147E-05  0.000000E+00 -0.693610E-07
  0.303000E+03 -0.954975E-06  0.000000E+00 -0.791434E-07
  0.303300E+03 -0.870401E-06  0.000000E+00 -0.883644E-07
  0.303600E+03 -0.778740E-06  0.000000E+00 -0.969525E-07
  0.303900E+03 -0.681075E-06  0.000000E+00 -0.104814E-06
  0.304200E+03 -0.578560E-06  0.000000E+00 -0.111834E-06
  0.304500E+03 -0.472392E-06  0.000000E+00 -0.117880E-06
  0.304800E+03 -0.363782E-06  0.000000E+00 -0.122810E-06
  0.305100E+03 -0.253934E-06  0.000000E+00 -0.126487E-06
  0.305400E+03 -0.144015E-06  0.000000E+00 -0.128790E-06
  0.305700E+03 -0.351329E-07  0.000000E+00 -0.129628E-06
  0.306000E+03  0.716906E-07  0.000000E+00 -0.128949E-06
  0.306300E+03  0.175547E-06  0.000000E+00 -0.126748E-06
  0.306600E+03  0.275657E-06  0.000000E+00 -0.123075E-06
  0.306900E+03  0.371376E-06  0.000000E+00 -0.118042E-06
