  0.00000E+00 -0.16256E-10  0.32805E-10  0.60717E-10
  0.30000E+00 -0.45815E-10  0.92433E-10  0.17108E-09
  0.60000E+00 -0.10369E-09  0.20916E-09  0.38713E-09
  0.90000E+00 -0.20233E-09  0.40809E-09  0.75534E-09
  0.12000E+01 -0.35496E-09  0.71588E-09  0.13251E-08
  0.15000E+01 -0.57479E-09  0.11592E-08  0.21455E-08
  0.18000E+01 -0.87435E-09  0.17632E-08  0.32634E-08
  0.21000E+01 -0.12649E-08  0.25506E-08  0.47206E-08
  0.24000E+01 -0.17556E-08  0.35400E-08  0.65518E-08
  0.27000E+01 -0.23534E-08  0.47453E-08  0.87825E-08
  0.30000E+01 -0.30621E-08  0.61745E-08  0.11427E-07
  0.33000E+01 -0.38828E-08  0.78290E-08  0.14490E-07
  0.36000E+01 -0.48124E-08  0.97034E-08  0.17959E-07
  0.39000E+01 -0.58456E-08  0.11785E-07  0.21812E-07
  0.42000E+01 -0.69708E-08  0.14055E-07  0.26011E-07
  0.45000E+01 -0.81749E-08  0.16483E-07  0.30506E-07
  0.48000E+01 -0.94423E-08  0.19038E-07  0.35234E-07
  0.51000E+01 -0.10750E-07  0.21675E-07  0.40116E-07
  0.54000E+01 -0.12077E-07  0.24349E-07  0.45065E-07
  0.57000E+01 -0.13395E-07  0.27006E-07  0.49985E-07
  0.60000E+01 -0.14673E-07  0.29586E-07  0.54769E-07
  0.63000E+01 -0.15895E-07  0.32036E-07  0.59305E-07
  0.66000E+01 -0.17004E-07  0.34292E-07  0.63475E-07
  0.69000E+01 -0.17997E-07  0.36278E-07  0.67161E-07
  0.72000E+01 -0.18823E-07  0.37945E-07  0.70243E-07
  0.75000E+01 -0.19454E-07  0.39215E-07  0.72605E-07
  0.78000E+01 -0.19864E-07  0.40042E-07  0.74133E-07
  0.81000E+01 -0.20025E-07  0.40358E-07  0.74723E-07
  0.84000E+01 -0.19903E-07  0.40116E-07  0.74276E-07
  0.87000E+01 -0.19478E-07  0.39261E-07  0.72707E-07
  0.90000E+01 -0.18743E-07  0.37762E-07  0.69945E-07
  0.93000E+01 -0.17663E-07  0.35596E-07  0.65929E-07
  0.96000E+01 -0.16240E-07  0.32719E-07  0.60620E-07
  0.99000E+01 -0.14460E-07  0.29134E-07  0.53993E-07
  0.10200E+02 -0.12331E-07  0.24834E-07  0.46043E-07
  0.10500E+02 -0.98560E-08  0.19828E-07  0.36783E-07
  0.10800E+02 -0.70330E-08  0.14128E-07  0.26251E-07
  0.11100E+02 -0.38820E-08  0.77780E-08  0.14498E-07
  0.11400E+02 -0.42803E-09  0.80200E-09  0.16001E-08
  0.11700E+02  0.33030E-08 -0.67400E-08 -0.12348E-07
  0.12000E+02  0.72940E-08 -0.14789E-07 -0.27234E-07
  0.12300E+02  0.11494E-07 -0.23274E-07 -0.42926E-07
  0.12600E+02  0.15879E-07 -0.32108E-07 -0.59276E-07
  0.12900E+02  0.20391E-07 -0.41208E-07 -0.76122E-07
  0.13200E+02  0.24989E-07 -0.50485E-07 -0.93288E-07
  0.13500E+02  0.29622E-07 -0.59831E-07 -0.11058E-06
  0.13800E+02  0.34233E-07 -0.69142E-07 -0.12782E-06
  0.14100E+02  0.38785E-07 -0.78299E-07 -0.14478E-06
  0.14400E+02  0.43202E-07 -0.87214E-07 -0.16128E-06
  0.14700E+02  0.47430E-07 -0.95743E-07 -0.17708E-06
  0.15000E+02  0.51429E-07 -0.10380E-06 -0.19200E-06
  0.15300E+02  0.55132E-07 -0.11126E-06 -0.20582E-06
  0.15600E+02  0.58486E-07 -0.11802E-06 -0.21835E-06
  0.15900E+02  0.61442E-07 -0.12398E-06 -0.22939E-06
  0.16200E+02  0.63963E-07 -0.12903E-06 -0.23878E-06
  0.16500E+02  0.65984E-07 -0.13310E-06 -0.24634E-06
  0.16800E+02  0.67480E-07 -0.13611E-06 -0.25194E-06
  0.17100E+02  0.68423E-07 -0.13798E-06 -0.25543E-06
  0.17400E+02  0.68770E-07 -0.13866E-06 -0.25671E-06
  0.17700E+02  0.68460E-07 -0.13809E-06 -0.25570E-06
  0.18000E+02  0.67580E-07 -0.13624E-06 -0.25232E-06
  0.18300E+02  0.66050E-07 -0.13311E-06 -0.24654E-06
  0.18600E+02  0.63830E-07 -0.12866E-06 -0.23834E-06
  0.18900E+02  0.60980E-07 -0.12290E-06 -0.22773E-06
  0.19200E+02  0.57580E-07 -0.11582E-06 -0.21475E-06
  0.19500E+02  0.53380E-07 -0.10761E-06 -0.19946E-06
  0.19800E+02  0.48730E-07 -0.98110E-07 -0.18194E-06
  0.20100E+02  0.43500E-07 -0.87490E-07 -0.16229E-06
  0.20400E+02  0.37650E-07 -0.75770E-07 -0.14067E-06
  0.20700E+02  0.31400E-07 -0.63130E-07 -0.11723E-06
  0.21000E+02  0.24720E-07 -0.49480E-07 -0.92129E-07
  0.21300E+02  0.17600E-07 -0.35040E-07 -0.65404E-07
  0.21600E+02  0.10130E-07 -0.19580E-07 -0.36738E-07
  0.21900E+02  0.23899E-08 -0.20500E-08 -0.51190E-08
  0.22200E+02 -0.54399E-08  0.18860E-07  0.31034E-07
  0.22500E+02 -0.13490E-07  0.45620E-07  0.73084E-07
  0.22800E+02 -0.21530E-07  0.80200E-07  0.12132E-06
  0.23100E+02 -0.29460E-07  0.12371E-06  0.17506E-06
  0.23400E+02 -0.37030E-07  0.17630E-06  0.23323E-06
  0.23700E+02 -0.44140E-07  0.23753E-06  0.29465E-06
  0.24000E+02 -0.50560E-07  0.30643E-06  0.35809E-06
  0.24300E+02 -0.56220E-07  0.38157E-06  0.42225E-06
  0.24600E+02 -0.60870E-07  0.46180E-06  0.48572E-06
  0.24900E+02 -0.64310E-07  0.54559E-06  0.54708E-06
  0.25200E+02 -0.66440E-07  0.63124E-06  0.60484E-06
  0.25500E+02 -0.67150E-07  0.71711E-06  0.65738E-06
  0.25800E+02 -0.66290E-07  0.80104E-06  0.70304E-06
  0.26100E+02 -0.63760E-07  0.88080E-06  0.74015E-06
  0.26400E+02 -0.59454E-07  0.95406E-06  0.76717E-06
  0.26700E+02 -0.53313E-07  0.10185E-05  0.78284E-06
  0.27000E+02 -0.45360E-07  0.10720E-05  0.78596E-06
  0.27300E+02 -0.35568E-07  0.11125E-05  0.77538E-06
  0.27600E+02 -0.23988E-07  0.11377E-05  0.75007E-06
  0.27900E+02 -0.10669E-07  0.11454E-05  0.70917E-06
  0.28200E+02  0.42790E-08  0.11335E-05  0.65210E-06
  0.28500E+02  0.20737E-07  0.10998E-05  0.57867E-06
  0.28800E+02  0.38533E-07  0.10425E-05  0.48908E-06
  0.29100E+02  0.57480E-07  0.96028E-06  0.38392E-06
  0.29400E+02  0.77280E-07  0.85192E-06  0.26411E-06
  0.29700E+02  0.97880E-07  0.71686E-06  0.13096E-06
  0.30000E+02  0.11888E-06  0.55507E-06 -0.13854E-07
  0.30300E+02  0.13993E-06  0.36710E-06 -0.16831E-06
  0.30600E+02  0.16090E-06  0.15427E-06 -0.33012E-06
  0.30900E+02  0.18132E-06 -0.81553E-07 -0.49672E-06
  0.31200E+02  0.20104E-06 -0.33799E-06 -0.66531E-06
  0.31500E+02  0.21942E-06 -0.61219E-06 -0.83311E-06
  0.31800E+02  0.23638E-06 -0.90078E-06 -0.99715E-06
  0.32100E+02  0.25141E-06 -0.11999E-05 -0.11547E-05
  0.32400E+02  0.26405E-06 -0.15055E-05 -0.13029E-05
  0.32700E+02  0.27401E-06 -0.18130E-05 -0.14394E-05
  0.33000E+02  0.28091E-06 -0.21183E-05 -0.15617E-05
  0.33300E+02  0.28431E-06 -0.24169E-05 -0.16672E-05
  0.33600E+02  0.28395E-06 -0.27042E-05 -0.17541E-05
  0.33900E+02  0.27931E-06 -0.29757E-05 -0.18201E-05
  0.34200E+02  0.27028E-06 -0.32272E-05 -0.18635E-05
  0.34500E+02  0.25634E-06 -0.34539E-05 -0.18825E-05
  0.34800E+02  0.23728E-06 -0.36512E-05 -0.18760E-05
  0.35100E+02  0.21297E-06 -0.38150E-05 -0.18428E-05
  0.35400E+02  0.18332E-06 -0.39407E-05 -0.17820E-05
  0.35700E+02  0.14806E-06 -0.40245E-05 -0.16935E-05
  0.36000E+02  0.10745E-06 -0.40627E-05 -0.15770E-05
  0.36300E+02  0.61510E-07 -0.40520E-05 -0.14332E-05
  0.36600E+02  0.10520E-07 -0.39898E-05 -0.12629E-05
  0.36900E+02 -0.45190E-07 -0.38738E-05 -0.10676E-05
  0.37200E+02 -0.10526E-06 -0.37027E-05 -0.84907E-06
  0.37500E+02 -0.16931E-06 -0.34758E-05 -0.60977E-06
  0.37800E+02 -0.23703E-06 -0.31931E-05 -0.35239E-06
  0.38100E+02 -0.30890E-06 -0.28558E-05 -0.80040E-07
  0.38400E+02 -0.38632E-06 -0.24659E-05  0.20397E-06
  0.38700E+02 -0.47221E-06 -0.20260E-05  0.49607E-06
  0.39000E+02 -0.57092E-06 -0.15394E-05  0.79252E-06
  0.39300E+02 -0.68656E-06 -0.10096E-05  0.10893E-05
  0.39600E+02 -0.82135E-06 -0.44125E-06  0.13829E-05
  0.39900E+02 -0.97547E-06  0.16021E-06  0.16700E-05
  0.40200E+02 -0.11476E-05  0.78867E-06  0.19475E-05
  0.40500E+02 -0.13356E-05  0.14383E-05  0.22129E-05
  0.40800E+02 -0.15366E-05  0.21028E-05  0.24638E-05
  0.41100E+02 -0.17477E-05  0.27752E-05  0.26974E-05
  0.41400E+02 -0.19649E-05  0.34478E-05  0.29105E-05
  0.41700E+02 -0.21843E-05  0.41124E-05  0.31003E-05
  0.42000E+02 -0.24016E-05  0.47601E-05  0.32640E-05
  0.42300E+02 -0.26124E-05  0.53823E-05  0.33995E-05
  0.42600E+02 -0.28123E-05  0.59707E-05  0.35052E-05
  0.42900E+02 -0.29974E-05  0.65177E-05  0.35795E-05
  0.43200E+02 -0.31632E-05  0.70159E-05  0.36212E-05
  0.43500E+02 -0.33056E-05  0.74585E-05  0.36288E-05
  0.43800E+02 -0.34199E-05  0.78392E-05  0.36013E-05
  0.44100E+02 -0.35016E-05  0.81524E-05  0.35379E-05
  0.44400E+02 -0.35464E-05  0.83933E-05  0.34386E-05
  0.44700E+02 -0.35502E-05  0.85581E-05  0.33037E-05
  0.45000E+02 -0.35088E-05  0.86439E-05  0.31340E-05
  0.45300E+02 -0.34182E-05  0.86486E-05  0.29306E-05
  0.45600E+02 -0.32747E-05  0.85711E-05  0.26947E-05
  0.45900E+02 -0.30751E-05  0.84106E-05  0.24286E-05
  0.46200E+02 -0.28163E-05  0.81673E-05  0.21347E-05
  0.46500E+02 -0.24952E-05  0.78425E-05  0.18162E-05
  0.46800E+02 -0.21083E-05  0.74387E-05  0.14766E-05
  0.47100E+02 -0.16530E-05  0.69592E-05  0.11197E-05
  0.47400E+02 -0.11273E-05  0.64084E-05  0.74929E-06
  0.47700E+02 -0.53099E-06  0.57904E-05  0.36908E-06
  0.48000E+02  0.13493E-06  0.51105E-05 -0.16790E-07
  0.48300E+02  0.86748E-06  0.43740E-05 -0.40402E-06
  0.48600E+02  0.16619E-05  0.35870E-05 -0.78798E-06
  0.48900E+02  0.25116E-05  0.27562E-05 -0.11638E-05
  0.49200E+02  0.34079E-05  0.18888E-05 -0.15265E-05
  0.49500E+02  0.43409E-05  0.99219E-06 -0.18715E-05
  0.49800E+02  0.52988E-05  0.73740E-07 -0.21947E-05
  0.50100E+02  0.62683E-05 -0.85937E-06 -0.24919E-05
  0.50400E+02  0.72351E-05 -0.18002E-05 -0.27597E-05
  0.50700E+02  0.81842E-05 -0.27424E-05 -0.29948E-05
  0.51000E+02  0.91000E-05 -0.36784E-05 -0.31943E-05
  0.51300E+02  0.99664E-05 -0.46024E-05 -0.33564E-05
  0.51600E+02  0.10768E-04 -0.55080E-05 -0.34793E-05
  0.51900E+02  0.11489E-04 -0.63887E-05 -0.35630E-05
  0.52200E+02  0.12115E-04 -0.72395E-05 -0.36076E-05
  0.52500E+02  0.12634E-04 -0.80538E-05 -0.36146E-05
  0.52800E+02  0.13031E-04 -0.88274E-05 -0.35860E-05
  0.53100E+02  0.13297E-04 -0.95541E-05 -0.35246E-05
  0.53400E+02  0.13423E-04 -0.10231E-04 -0.34337E-05
  0.53700E+02  0.13400E-04 -0.10850E-04 -0.33176E-05
  0.54000E+02  0.13224E-04 -0.11409E-04 -0.31807E-05
  0.54300E+02  0.12891E-04 -0.11900E-04 -0.30281E-05
  0.54600E+02  0.12398E-04 -0.12321E-04 -0.28650E-05
  0.54900E+02  0.11746E-04 -0.12667E-04 -0.26966E-05
  0.55200E+02  0.10936E-04 -0.12933E-04 -0.25282E-05
  0.55500E+02  0.99745E-05 -0.13115E-04 -0.23648E-05
  0.55800E+02  0.88658E-05 -0.13209E-04 -0.22109E-05
  0.56100E+02  0.76189E-05 -0.13212E-04 -0.20709E-05
  0.56400E+02  0.62431E-05 -0.13121E-04 -0.19486E-05
  0.56700E+02  0.47508E-05 -0.12933E-04 -0.18472E-05
  0.57000E+02  0.31548E-05 -0.12648E-04 -0.17691E-05
  0.57300E+02  0.14712E-05 -0.12264E-04 -0.17162E-05
  0.57600E+02 -0.28430E-06 -0.11780E-04 -0.16895E-05
  0.57900E+02 -0.20929E-05 -0.11198E-04 -0.16891E-05
  0.58200E+02 -0.39361E-05 -0.10518E-04 -0.17146E-05
  0.58500E+02 -0.57960E-05 -0.97431E-05 -0.17646E-05
  0.58800E+02 -0.76507E-05 -0.88759E-05 -0.18369E-05
  0.59100E+02 -0.94798E-05 -0.79207E-05 -0.19287E-05
  0.59400E+02 -0.11266E-04 -0.68823E-05 -0.20366E-05
  0.59700E+02 -0.12986E-04 -0.57669E-05 -0.21563E-05
  0.60000E+02 -0.14621E-04 -0.45811E-05 -0.22834E-05
  0.60300E+02 -0.16155E-04 -0.33327E-05 -0.24127E-05
  0.60600E+02 -0.17568E-04 -0.20303E-05 -0.25388E-05
  0.60900E+02 -0.18844E-04 -0.68340E-06 -0.26563E-05
  0.61200E+02 -0.19966E-04  0.69860E-06 -0.27593E-05
  0.61500E+02 -0.20924E-04  0.21049E-05 -0.28423E-05
  0.61800E+02 -0.21704E-04  0.35241E-05 -0.28995E-05
  0.62100E+02 -0.22295E-04  0.49435E-05 -0.29255E-05
  0.62400E+02 -0.22691E-04  0.63536E-05 -0.29154E-05
  0.62700E+02 -0.22884E-04  0.77400E-05 -0.28645E-05
  0.63000E+02 -0.22870E-04  0.90920E-05 -0.27687E-05
  0.63300E+02 -0.22649E-04  0.10396E-04 -0.26245E-05
  0.63600E+02 -0.22220E-04  0.11641E-04 -0.24290E-05
  0.63900E+02 -0.21585E-04  0.12816E-04 -0.21804E-05
  0.64200E+02 -0.20749E-04  0.13908E-04 -0.18773E-05
  0.64500E+02 -0.19719E-04  0.14907E-04 -0.15193E-05
  0.64800E+02 -0.18506E-04  0.15804E-04 -0.11072E-05
  0.65100E+02 -0.17117E-04  0.16587E-04 -0.64204E-06
  0.65400E+02 -0.15566E-04  0.17251E-04 -0.12644E-06
  0.65700E+02 -0.13869E-04  0.17786E-04  0.43655E-06
  0.66000E+02 -0.12039E-04  0.18188E-04  0.10428E-05
  0.66300E+02 -0.10095E-04  0.18450E-04  0.16873E-05
  0.66600E+02 -0.80541E-05  0.18570E-04  0.23646E-05
  0.66900E+02 -0.59355E-05  0.18544E-04  0.30680E-05
  0.67200E+02 -0.37592E-05  0.18371E-04  0.37907E-05
  0.67500E+02 -0.15454E-05  0.18052E-04  0.45251E-05
  0.67800E+02  0.68540E-06  0.17588E-04  0.52631E-05
  0.68100E+02  0.29122E-05  0.16982E-04  0.59964E-05
  0.68400E+02  0.51150E-05  0.16238E-04  0.67164E-05
  0.68700E+02  0.72728E-05  0.15363E-04  0.74143E-05
  0.69000E+02  0.93673E-05  0.14362E-04  0.80813E-05
  0.69300E+02  0.11379E-04  0.13243E-04  0.87087E-05
  0.69600E+02  0.13289E-04  0.12017E-04  0.92883E-05
  0.69900E+02  0.15082E-04  0.10693E-04  0.98118E-05
  0.70200E+02  0.16743E-04  0.92827E-05  0.10271E-04
  0.70500E+02  0.18257E-04  0.77972E-05  0.10660E-04
  0.70800E+02  0.19611E-04  0.62495E-05  0.10971E-04
  0.71100E+02  0.20796E-04  0.46538E-05  0.11199E-04
  0.71400E+02  0.21801E-04  0.30228E-05  0.11339E-04
  0.71700E+02  0.22621E-04  0.13695E-05  0.11387E-04
  0.72000E+02  0.23248E-04 -0.29000E-06  0.11339E-04
  0.72300E+02  0.23682E-04 -0.19423E-05  0.11193E-04
  0.72600E+02  0.23918E-04 -0.35728E-05  0.10949E-04
  0.72900E+02  0.23958E-04 -0.51699E-05  0.10606E-04
  0.73200E+02  0.23805E-04 -0.67169E-05  0.10165E-04
  0.73500E+02  0.23463E-04 -0.82033E-05  0.96284E-05
  0.73800E+02  0.22936E-04 -0.96158E-05  0.89993E-05
  0.74100E+02  0.22233E-04 -0.10944E-04  0.82816E-05
  0.74400E+02  0.21363E-04 -0.12176E-04  0.74807E-05
  0.74700E+02  0.20336E-04 -0.13303E-04  0.66024E-05
  0.75000E+02  0.19163E-04 -0.14315E-04  0.56538E-05
  0.75300E+02  0.17858E-04 -0.15206E-04  0.46425E-05
  0.75600E+02  0.16435E-04 -0.15969E-04  0.35769E-05
  0.75900E+02  0.14908E-04 -0.16600E-04  0.24661E-05
  0.76200E+02  0.13291E-04 -0.17094E-04  0.13198E-05
  0.76500E+02  0.11602E-04 -0.17450E-04  0.14774E-06
  0.76800E+02  0.98582E-05 -0.17664E-04 -0.10394E-05
  0.77100E+02  0.80735E-05 -0.17738E-04 -0.22313E-05
  0.77400E+02  0.62649E-05 -0.17674E-04 -0.34174E-05
  0.77700E+02  0.44488E-05 -0.17474E-04 -0.45869E-05
  0.78000E+02  0.26410E-05 -0.17141E-04 -0.57294E-05
  0.78300E+02  0.85720E-06 -0.16682E-04 -0.68347E-05
  0.78600E+02 -0.88830E-06 -0.16100E-04 -0.78928E-05
  0.78900E+02 -0.25810E-05 -0.15405E-04 -0.88943E-05
  0.79200E+02 -0.42082E-05 -0.14604E-04 -0.98304E-05
  0.79500E+02 -0.57576E-05 -0.13706E-04 -0.10693E-04
  0.79800E+02 -0.72174E-05 -0.12720E-04 -0.11474E-04
  0.80100E+02 -0.85785E-05 -0.11656E-04 -0.12167E-04
  0.80400E+02 -0.98318E-05 -0.10525E-04 -0.12766E-04
  0.80700E+02 -0.10970E-04 -0.93388E-05 -0.13267E-04
  0.81000E+02 -0.11987E-04 -0.81080E-05 -0.13665E-04
  0.81300E+02 -0.12878E-04 -0.68439E-05 -0.13956E-04
  0.81600E+02 -0.13639E-04 -0.55587E-05 -0.14140E-04
  0.81900E+02 -0.14269E-04 -0.42630E-05 -0.14216E-04
  0.82200E+02 -0.14766E-04 -0.29680E-05 -0.14182E-04
  0.82500E+02 -0.15131E-04 -0.16868E-05 -0.14041E-04
  0.82800E+02 -0.15367E-04 -0.42690E-06 -0.13794E-04
  0.83100E+02 -0.15475E-04  0.79870E-06 -0.13445E-04
  0.83400E+02 -0.15459E-04  0.19833E-05 -0.12997E-04
  0.83700E+02 -0.15326E-04  0.31156E-05 -0.12455E-04
  0.84000E+02 -0.15081E-04  0.41877E-05 -0.11825E-04
  0.84300E+02 -0.14730E-04  0.51941E-05 -0.11113E-04
  0.84600E+02 -0.14282E-04  0.61266E-05 -0.10326E-04
  0.84900E+02 -0.13744E-04  0.69799E-05 -0.94721E-05
  0.85200E+02 -0.13125E-04  0.77494E-05 -0.85591E-05
  0.85500E+02 -0.12436E-04  0.84313E-05 -0.75956E-05
  0.85800E+02 -0.11684E-04  0.90226E-05 -0.65903E-05
  0.86100E+02 -0.10880E-04  0.95214E-05 -0.55526E-05
  0.86400E+02 -0.10033E-04  0.99269E-05 -0.44915E-05
  0.86700E+02 -0.91550E-05  0.10239E-04 -0.34162E-05
  0.87000E+02 -0.82531E-05  0.10458E-04 -0.23362E-05
  0.87300E+02 -0.73383E-05  0.10586E-04 -0.12602E-05
  0.87600E+02 -0.64184E-05  0.10626E-04 -0.19751E-06
  0.87900E+02 -0.55034E-05  0.10580E-04  0.84372E-06
  0.88200E+02 -0.46005E-05  0.10453E-04  0.18551E-05
  0.88500E+02 -0.37186E-05  0.10250E-04  0.28290E-05
  0.88800E+02 -0.28637E-05  0.99743E-05  0.37583E-05
  0.89100E+02 -0.20425E-05  0.96331E-05  0.46362E-05
  0.89400E+02 -0.12614E-05  0.92320E-05  0.54569E-05
  0.89700E+02 -0.52493E-06  0.87775E-05  0.62152E-05
  0.90000E+02  0.16257E-06  0.82761E-05  0.69064E-05
  0.90300E+02  0.79761E-06  0.77349E-05  0.75267E-05
  0.90600E+02  0.13776E-05  0.71607E-05  0.80729E-05
  0.90900E+02  0.19004E-05  0.65605E-05  0.85429E-05
  0.91200E+02  0.23650E-05  0.59413E-05  0.89350E-05
  0.91500E+02  0.27708E-05  0.53099E-05  0.92486E-05
  0.91800E+02  0.31181E-05  0.46731E-05  0.94835E-05
  0.92100E+02  0.34080E-05  0.40369E-05  0.96404E-05
  0.92400E+02  0.36417E-05  0.34079E-05  0.97209E-05
  0.92700E+02  0.38217E-05  0.27914E-05  0.97269E-05
  0.93000E+02  0.39504E-05  0.21929E-05  0.96612E-05
  0.93300E+02  0.40310E-05  0.16172E-05  0.95269E-05
  0.93600E+02  0.40671E-05  0.10687E-05  0.93277E-05
  0.93900E+02  0.40620E-05  0.55121E-06  0.90688E-05
  0.94200E+02  0.40206E-05  0.68140E-07  0.87531E-05
  0.94500E+02  0.39473E-05 -0.37782E-06  0.83873E-05
  0.94800E+02  0.38456E-05 -0.78446E-06  0.79763E-05
  0.95100E+02  0.37212E-05 -0.11501E-05  0.75251E-05
  0.95400E+02  0.35781E-05 -0.14737E-05  0.70393E-05
  0.95700E+02  0.34205E-05 -0.17547E-05  0.65253E-05
  0.96000E+02  0.32537E-05 -0.19930E-05  0.59889E-05
  0.96300E+02  0.30814E-05 -0.21892E-05  0.54355E-05
  0.96600E+02  0.29079E-05 -0.23442E-05  0.48713E-05
  0.96900E+02  0.27366E-05 -0.24593E-05  0.43020E-05
  0.97200E+02  0.25713E-05 -0.25363E-05  0.37314E-05
  0.97500E+02  0.24152E-05 -0.25777E-05  0.31661E-05
  0.97800E+02  0.22709E-05 -0.25855E-05  0.26105E-05
  0.98100E+02  0.21410E-05 -0.25628E-05  0.20690E-05
  0.98400E+02  0.20276E-05 -0.25125E-05  0.15459E-05
  0.98700E+02  0.19322E-05 -0.24379E-05  0.10446E-05
  0.99000E+02  0.18559E-05 -0.23420E-05  0.56874E-06
  0.99300E+02  0.17998E-05 -0.22286E-05  0.12094E-06
  0.99600E+02  0.17638E-05 -0.21009E-05 -0.29624E-06
  0.99900E+02  0.17482E-05 -0.19625E-05 -0.68093E-06
  0.10020E+03  0.17523E-05 -0.18168E-05 -0.10316E-05
  0.10050E+03  0.17755E-05 -0.16670E-05 -0.13471E-05
  0.10080E+03  0.18166E-05 -0.15163E-05 -0.16270E-05
  0.10110E+03  0.18740E-05 -0.13678E-05 -0.18709E-05
  0.10140E+03  0.19460E-05 -0.12244E-05 -0.20793E-05
  0.10170E+03  0.20307E-05 -0.10883E-05 -0.22527E-05
  0.10200E+03  0.21256E-05 -0.96228E-06 -0.23921E-05
  0.10230E+03  0.22286E-05 -0.84821E-06 -0.24989E-05
  0.10260E+03  0.23370E-05 -0.74783E-06 -0.25746E-05
  0.10290E+03  0.24482E-05 -0.66266E-06 -0.26211E-05
  0.10320E+03  0.25594E-05 -0.59378E-06 -0.26408E-05
  0.10350E+03  0.26681E-05 -0.54222E-06 -0.26360E-05
  0.10380E+03  0.27716E-05 -0.50822E-06 -0.26088E-05
  0.10410E+03  0.28671E-05 -0.49215E-06 -0.25624E-05
  0.10440E+03  0.29523E-05 -0.49398E-06 -0.24986E-05
  0.10470E+03  0.30247E-05 -0.51311E-06 -0.24219E-05
  0.10500E+03  0.30822E-05 -0.54897E-06 -0.23333E-05
  0.10530E+03  0.31226E-05 -0.60069E-06 -0.22354E-05
  0.10560E+03  0.31443E-05 -0.66703E-06 -0.21324E-05
  0.10590E+03  0.31456E-05 -0.74664E-06 -0.20257E-05
  0.10620E+03  0.31254E-05 -0.83777E-06 -0.19185E-05
  0.10650E+03  0.30826E-05 -0.93887E-06 -0.18118E-05
  0.10680E+03  0.30164E-05 -0.10481E-05 -0.17090E-05
  0.10710E+03  0.29265E-05 -0.11631E-05 -0.16115E-05
  0.10740E+03  0.28127E-05 -0.12822E-05 -0.15210E-05
  0.10770E+03  0.26753E-05 -0.14032E-05 -0.14390E-05
  0.10800E+03  0.25145E-05 -0.15238E-05 -0.13668E-05
  0.10830E+03  0.23313E-05 -0.16421E-05 -0.13052E-05
  0.10860E+03  0.21266E-05 -0.17559E-05 -0.12550E-05
  0.10890E+03  0.19017E-05 -0.18632E-05 -0.12167E-05
  0.10920E+03  0.16582E-05 -0.19620E-05 -0.11905E-05
  0.10950E+03  0.13978E-05 -0.20507E-05 -0.11764E-05
  0.10980E+03  0.11224E-05 -0.21274E-05 -0.11742E-05
  0.11010E+03  0.83423E-06 -0.21909E-05 -0.11833E-05
  0.11040E+03  0.53549E-06 -0.22396E-05 -0.12031E-05
  0.11070E+03  0.22853E-06 -0.22725E-05 -0.12327E-05
  0.11100E+03 -0.84050E-07 -0.22887E-05 -0.12711E-05
  0.11130E+03 -0.39969E-06 -0.22873E-05 -0.13172E-05
  0.11160E+03 -0.71599E-06 -0.22680E-05 -0.13695E-05
  0.11190E+03 -0.10302E-05 -0.22304E-05 -0.14268E-05
  0.11220E+03 -0.13397E-05 -0.21745E-05 -0.14875E-05
  0.11250E+03 -0.16421E-05 -0.21004E-05 -0.15498E-05
  0.11280E+03 -0.19350E-05 -0.20085E-05 -0.16126E-05
  0.11310E+03 -0.22159E-05 -0.18993E-05 -0.16739E-05
  0.11340E+03 -0.24828E-05 -0.17737E-05 -0.17322E-05
  0.11370E+03 -0.27334E-05 -0.16325E-05 -0.17860E-05
  0.11400E+03 -0.29660E-05 -0.14770E-05 -0.18338E-05
  0.11430E+03 -0.31788E-05 -0.13083E-05 -0.18741E-05
  0.11460E+03 -0.33703E-05 -0.11280E-05 -0.19058E-05
  0.11490E+03 -0.35392E-05 -0.93751E-06 -0.19273E-05
  0.11520E+03 -0.36845E-05 -0.73849E-06 -0.19379E-05
  0.11550E+03 -0.38053E-05 -0.53276E-06 -0.19364E-05
  0.11580E+03 -0.39010E-05 -0.32200E-06 -0.19222E-05
  0.11610E+03 -0.39712E-05 -0.10806E-06 -0.18945E-05
  0.11640E+03 -0.40159E-05  0.10721E-06 -0.18530E-05
  0.11670E+03 -0.40350E-05  0.32203E-06 -0.17974E-05
  0.11700E+03 -0.40290E-05  0.53452E-06 -0.17276E-05
  0.11730E+03 -0.39983E-05  0.74297E-06 -0.16435E-05
  0.11760E+03 -0.39438E-05  0.94552E-06 -0.15455E-05
  0.11790E+03 -0.38663E-05  0.11407E-05 -0.14341E-05
  0.11820E+03 -0.37670E-05  0.13268E-05 -0.13097E-05
  0.11850E+03 -0.36471E-05  0.15027E-05 -0.11732E-05
  0.11880E+03 -0.35082E-05  0.16667E-05 -0.10255E-05
  0.11910E+03 -0.33517E-05  0.18179E-05 -0.86733E-06
  0.11940E+03 -0.31794E-05  0.19552E-05 -0.70009E-06
  0.11970E+03 -0.29928E-05  0.20775E-05 -0.52495E-06
  0.12000E+03 -0.27941E-05  0.21844E-05 -0.34333E-06
  0.12030E+03 -0.25849E-05  0.22753E-05 -0.15655E-06
  0.12060E+03 -0.23672E-05  0.23495E-05  0.34010E-07
  0.12090E+03 -0.21429E-05  0.24070E-05  0.22657E-06
  0.12120E+03 -0.19140E-05  0.24477E-05  0.41985E-06
  0.12150E+03 -0.16822E-05  0.24717E-05  0.61221E-06
  0.12180E+03 -0.14494E-05  0.24791E-05  0.80217E-06
  0.12210E+03 -0.12174E-05  0.24704E-05  0.98808E-06
  0.12240E+03 -0.98784E-06  0.24462E-05  0.11687E-05
  0.12270E+03 -0.76234E-06  0.24068E-05  0.13424E-05
  0.12300E+03 -0.54232E-06  0.23533E-05  0.15080E-05
  0.12330E+03 -0.32911E-06  0.22865E-05  0.16640E-05
  0.12360E+03 -0.12412E-06  0.22073E-05  0.18097E-05
  0.12390E+03  0.71674E-07  0.21167E-05  0.19436E-05
  0.12420E+03  0.25730E-06  0.20161E-05  0.20649E-05
  0.12450E+03  0.43194E-06  0.19063E-05  0.21731E-05
  0.12480E+03  0.59491E-06  0.17887E-05  0.22671E-05
  0.12510E+03  0.74570E-06  0.16645E-05  0.23465E-05
  0.12540E+03  0.88391E-06  0.15350E-05  0.24110E-05
  0.12570E+03  0.10093E-05  0.14015E-05  0.24602E-05
  0.12600E+03  0.11218E-05  0.12650E-05  0.24940E-05
  0.12630E+03  0.12215E-05  0.11270E-05  0.25124E-05
  0.12660E+03  0.13084E-05  0.98847E-06  0.25156E-05
  0.12690E+03  0.13829E-05  0.85060E-06  0.25039E-05
  0.12720E+03  0.14452E-05  0.71444E-06  0.24776E-05
  0.12750E+03  0.14960E-05  0.58090E-06  0.24373E-05
  0.12780E+03  0.15359E-05  0.45115E-06  0.23835E-05
  0.12810E+03  0.15654E-05  0.32577E-06  0.23170E-05
  0.12840E+03  0.15851E-05  0.20556E-06  0.22386E-05
  0.12870E+03  0.15960E-05  0.91250E-07  0.21492E-05
  0.12900E+03  0.15988E-05 -0.16600E-07  0.20498E-05
  0.12930E+03  0.15943E-05 -0.11766E-06  0.19413E-05
  0.12960E+03  0.15833E-05 -0.21143E-06  0.18250E-05
  0.12990E+03  0.15667E-05 -0.29768E-06  0.17016E-05
  0.13020E+03  0.15453E-05 -0.37625E-06  0.15726E-05
  0.13050E+03  0.15200E-05 -0.44715E-06  0.14389E-05
  0.13080E+03  0.14915E-05 -0.51020E-06  0.13017E-05
  0.13110E+03  0.14605E-05 -0.56566E-06  0.11621E-05
  0.13140E+03  0.14279E-05 -0.61362E-06  0.10211E-05
  0.13170E+03  0.13941E-05 -0.65433E-06  0.88001E-06
  0.13200E+03  0.13599E-05 -0.68821E-06  0.73957E-06
  0.13230E+03  0.13257E-05 -0.71553E-06  0.60078E-06
  0.13260E+03  0.12919E-05 -0.73663E-06  0.46471E-06
  0.13290E+03  0.12591E-05 -0.75224E-06  0.33203E-06
  0.13320E+03  0.12275E-05 -0.76258E-06  0.20360E-06
  0.13350E+03  0.11973E-05 -0.76830E-06  0.79980E-07
  0.13380E+03  0.11687E-05 -0.76996E-06 -0.38040E-07
  0.13410E+03  0.11418E-05 -0.76808E-06 -0.14998E-06
  0.13440E+03  0.11166E-05 -0.76321E-06 -0.25557E-06
  0.13470E+03  0.10932E-05 -0.75590E-06 -0.35424E-06
  0.13500E+03  0.10713E-05 -0.74668E-06 -0.44582E-06
  0.13530E+03  0.10508E-05 -0.73607E-06 -0.53009E-06
  0.13560E+03  0.10316E-05 -0.72455E-06 -0.60690E-06
  0.13590E+03  0.10133E-05 -0.71255E-06 -0.67631E-06
  0.13620E+03  0.99563E-06 -0.70051E-06 -0.73834E-06
  0.13650E+03  0.97824E-06 -0.68880E-06 -0.79301E-06
  0.13680E+03  0.96092E-06 -0.67772E-06 -0.84047E-06
  0.13710E+03  0.94313E-06 -0.66757E-06 -0.88118E-06
  0.13740E+03  0.92446E-06 -0.65857E-06 -0.91517E-06
  0.13770E+03  0.90470E-06 -0.65089E-06 -0.94284E-06
  0.13800E+03  0.88334E-06 -0.64466E-06 -0.96464E-06
  0.13830E+03  0.85993E-06 -0.63993E-06 -0.98097E-06
  0.13860E+03  0.83430E-06 -0.63675E-06 -0.99215E-06
  0.13890E+03  0.80603E-06 -0.63507E-06 -0.99869E-06
  0.13920E+03  0.77478E-06 -0.63485E-06 -0.10010E-05
  0.13950E+03  0.74033E-06 -0.63586E-06 -0.99963E-06
  0.13980E+03  0.70241E-06 -0.63811E-06 -0.99493E-06
  0.14010E+03  0.66087E-06 -0.64120E-06 -0.98743E-06
  0.14040E+03  0.61556E-06 -0.64505E-06 -0.97757E-06
  0.14070E+03  0.56639E-06 -0.64935E-06 -0.96576E-06
  0.14100E+03  0.51333E-06 -0.65387E-06 -0.95241E-06
  0.14130E+03  0.45645E-06 -0.65823E-06 -0.93780E-06
  0.14160E+03  0.39565E-06 -0.66209E-06 -0.92234E-06
  0.14190E+03  0.33127E-06 -0.66525E-06 -0.90642E-06
  0.14220E+03  0.26346E-06 -0.66731E-06 -0.89011E-06
  0.14250E+03  0.19237E-06 -0.66804E-06 -0.87380E-06
  0.14280E+03  0.11826E-06 -0.66700E-06 -0.85761E-06
  0.14310E+03  0.41590E-07 -0.66388E-06 -0.84170E-06
  0.14340E+03 -0.37380E-07 -0.65860E-06 -0.82619E-06
  0.14370E+03 -0.11820E-06 -0.65068E-06 -0.81115E-06
  0.14400E+03 -0.20032E-06 -0.64002E-06 -0.79652E-06
  0.14430E+03 -0.28341E-06 -0.62637E-06 -0.78240E-06
  0.14460E+03 -0.36700E-06 -0.60961E-06 -0.76871E-06
  0.14490E+03 -0.45046E-06 -0.58959E-06 -0.75537E-06
  0.14520E+03 -0.53321E-06 -0.56619E-06 -0.74232E-06
  0.14550E+03 -0.61476E-06 -0.53933E-06 -0.72927E-06
  0.14580E+03 -0.69463E-06 -0.50911E-06 -0.71628E-06
  0.14610E+03 -0.77221E-06 -0.47546E-06 -0.70311E-06
  0.14640E+03 -0.84702E-06 -0.43845E-06 -0.68942E-06
  0.14670E+03 -0.91844E-06 -0.39817E-06 -0.67525E-06
  0.14700E+03 -0.98608E-06 -0.35486E-06 -0.66021E-06
  0.14730E+03 -0.10494E-05 -0.30855E-06 -0.64422E-06
  0.14760E+03 -0.11079E-05 -0.25964E-06 -0.62694E-06
  0.14790E+03 -0.11614E-05 -0.20824E-06 -0.60837E-06
  0.14820E+03 -0.12093E-05 -0.15476E-06 -0.58810E-06
  0.14850E+03 -0.12514E-05 -0.99430E-07 -0.56622E-06
  0.14880E+03 -0.12873E-05 -0.42592E-07 -0.54230E-06
  0.14910E+03 -0.13169E-05  0.15399E-07 -0.51638E-06
  0.14940E+03 -0.13399E-05  0.74161E-07 -0.48831E-06
  0.14970E+03 -0.13562E-05  0.13331E-06 -0.45793E-06
  0.15000E+03 -0.13657E-05  0.19245E-06 -0.42532E-06
  0.15030E+03 -0.13684E-05  0.25117E-06 -0.39035E-06
  0.15060E+03 -0.13643E-05  0.30908E-06 -0.35304E-06
  0.15090E+03 -0.13536E-05  0.36577E-06 -0.31343E-06
  0.15120E+03 -0.13362E-05  0.42093E-06 -0.27160E-06
  0.15150E+03 -0.13123E-05  0.47400E-06 -0.22767E-06
  0.15180E+03 -0.12823E-05  0.52486E-06 -0.18165E-06
  0.15210E+03 -0.12463E-05  0.57302E-06 -0.13370E-06
  0.15240E+03 -0.12046E-05  0.61808E-06 -0.84160E-07
  0.15270E+03 -0.11577E-05  0.66001E-06 -0.33103E-07
  0.15300E+03 -0.11056E-05  0.69827E-06  0.19201E-07
  0.15330E+03 -0.10491E-05  0.73271E-06  0.72491E-07
  0.15360E+03 -0.98843E-06  0.76315E-06  0.12651E-06
  0.15390E+03 -0.92408E-06  0.78948E-06  0.18097E-06
  0.15420E+03 -0.85650E-06  0.81136E-06  0.23550E-06
  0.15450E+03 -0.78608E-06  0.82888E-06  0.28986E-06
  0.15480E+03 -0.71335E-06  0.84197E-06  0.34360E-06
  0.15510E+03 -0.63885E-06  0.85044E-06  0.39665E-06
  0.15540E+03 -0.56306E-06  0.85442E-06  0.44840E-06
  0.15570E+03 -0.48632E-06  0.85397E-06  0.49863E-06
  0.15600E+03 -0.40932E-06  0.84907E-06  0.54705E-06
  0.15630E+03 -0.33238E-06  0.83982E-06  0.59329E-06
  0.15660E+03 -0.25591E-06  0.82648E-06  0.63714E-06
  0.15690E+03 -0.18038E-06  0.80907E-06  0.67814E-06
  0.15720E+03 -0.10623E-06  0.78788E-06  0.71628E-06
  0.15750E+03 -0.33880E-07  0.76307E-06  0.75103E-06
  0.15780E+03  0.36540E-07  0.73491E-06  0.78235E-06
  0.15810E+03  0.10449E-06  0.70374E-06  0.81003E-06
  0.15840E+03  0.16978E-06  0.66962E-06  0.83383E-06
  0.15870E+03  0.23216E-06  0.63299E-06  0.85362E-06
  0.15900E+03  0.29136E-06  0.59414E-06  0.86929E-06
  0.15930E+03  0.34722E-06  0.55335E-06  0.88081E-06
  0.15960E+03  0.39957E-06  0.51093E-06  0.88807E-06
  0.15990E+03  0.44827E-06  0.46720E-06  0.89098E-06
  0.16020E+03  0.49326E-06  0.42246E-06  0.88970E-06
  0.16050E+03  0.53445E-06  0.37703E-06  0.88415E-06
  0.16080E+03  0.57183E-06  0.33122E-06  0.87445E-06
  0.16110E+03  0.60539E-06  0.28521E-06  0.86070E-06
  0.16140E+03  0.63516E-06  0.23944E-06  0.84300E-06
  0.16170E+03  0.66116E-06  0.19416E-06  0.82152E-06
  0.16200E+03  0.68351E-06  0.14955E-06  0.79643E-06
  0.16230E+03  0.70229E-06  0.10577E-06  0.76790E-06
  0.16260E+03  0.71756E-06  0.63230E-07  0.73621E-06
  0.16290E+03  0.72954E-06  0.21870E-07  0.70159E-06
  0.16320E+03  0.73831E-06 -0.17820E-07  0.66424E-06
  0.16350E+03  0.74411E-06 -0.55870E-07  0.62445E-06
  0.16380E+03  0.74697E-06 -0.92180E-07  0.58246E-06
  0.16410E+03  0.74721E-06 -0.12662E-06  0.53861E-06
  0.16440E+03  0.74491E-06 -0.15898E-06  0.49322E-06
  0.16470E+03  0.74027E-06 -0.18923E-06  0.44649E-06
  0.16500E+03  0.73347E-06 -0.21746E-06  0.39878E-06
  0.16530E+03  0.72471E-06 -0.24353E-06  0.35039E-06
  0.16560E+03  0.71410E-06 -0.26733E-06  0.30160E-06
  0.16590E+03  0.70194E-06 -0.28914E-06  0.25267E-06
  0.16620E+03  0.68832E-06 -0.30868E-06  0.20382E-06
  0.16650E+03  0.67328E-06 -0.32622E-06  0.15543E-06
  0.16680E+03  0.65714E-06 -0.34165E-06  0.10776E-06
  0.16710E+03  0.63994E-06 -0.35514E-06  0.60900E-07
  0.16740E+03  0.62181E-06 -0.36672E-06  0.15170E-07
  0.16770E+03  0.60288E-06 -0.37648E-06 -0.29300E-07
  0.16800E+03  0.58326E-06 -0.38452E-06 -0.72190E-07
  0.16830E+03  0.56300E-06 -0.39094E-06 -0.11347E-06
  0.16860E+03  0.54220E-06 -0.39582E-06 -0.15290E-06
  0.16890E+03  0.52092E-06 -0.39928E-06 -0.19037E-06
  0.16920E+03  0.49920E-06 -0.40142E-06 -0.22577E-06
  0.16950E+03  0.47713E-06 -0.40234E-06 -0.25903E-06
  0.16980E+03  0.45461E-06 -0.40214E-06 -0.29007E-06
  0.17010E+03  0.43187E-06 -0.40094E-06 -0.31881E-06
  0.17040E+03  0.40870E-06 -0.39881E-06 -0.34521E-06
  0.17070E+03  0.38531E-06 -0.39585E-06 -0.36939E-06
  0.17100E+03  0.36164E-06 -0.39215E-06 -0.39108E-06
  0.17130E+03  0.33765E-06 -0.38778E-06 -0.41053E-06
  0.17160E+03  0.31328E-06 -0.38282E-06 -0.42776E-06
  0.17190E+03  0.28868E-06 -0.37731E-06 -0.44262E-06
  0.17220E+03  0.26365E-06 -0.37132E-06 -0.45538E-06
  0.17250E+03  0.23841E-06 -0.36489E-06 -0.46591E-06
  0.17280E+03  0.21284E-06 -0.35807E-06 -0.47447E-06
  0.17310E+03  0.18686E-06 -0.35086E-06 -0.48107E-06
  0.17340E+03  0.16062E-06 -0.34332E-06 -0.48570E-06
  0.17370E+03  0.13397E-06 -0.33544E-06 -0.48854E-06
  0.17400E+03  0.10707E-06 -0.32723E-06 -0.48980E-06
  0.17430E+03  0.79840E-07 -0.31869E-06 -0.48934E-06
  0.17460E+03  0.52410E-07 -0.30981E-06 -0.48748E-06
  0.17490E+03  0.24750E-07 -0.30060E-06 -0.48409E-06
  0.17520E+03 -0.32300E-08 -0.29104E-06 -0.47954E-06
  0.17550E+03 -0.31170E-07 -0.28109E-06 -0.47376E-06
  0.17580E+03 -0.59343E-07 -0.27076E-06 -0.46686E-06
  0.17610E+03 -0.87500E-07 -0.26002E-06 -0.45886E-06
  0.17640E+03 -0.11560E-06 -0.24884E-06 -0.45002E-06
  0.17670E+03 -0.14358E-06 -0.23719E-06 -0.44034E-06
  0.17700E+03 -0.17135E-06 -0.22507E-06 -0.42985E-06
  0.17730E+03 -0.19881E-06 -0.21246E-06 -0.41866E-06
  0.17760E+03 -0.22586E-06 -0.19936E-06 -0.40682E-06
  0.17790E+03 -0.25240E-06 -0.18573E-06 -0.39441E-06
  0.17820E+03 -0.27841E-06 -0.17149E-06 -0.38145E-06
  0.17850E+03 -0.30355E-06 -0.15678E-06 -0.36802E-06
  0.17880E+03 -0.32796E-06 -0.14161E-06 -0.35408E-06
  0.17910E+03 -0.35141E-06 -0.12582E-06 -0.33977E-06
  0.17940E+03 -0.37384E-06 -0.10953E-06 -0.32508E-06
  0.17970E+03 -0.39501E-06 -0.92840E-07 -0.30997E-06
  0.18000E+03 -0.41494E-06 -0.75610E-07 -0.29457E-06
  0.18030E+03 -0.43355E-06 -0.58000E-07 -0.27877E-06
  0.18060E+03 -0.45059E-06 -0.40030E-07 -0.26274E-06
  0.18090E+03 -0.46599E-06 -0.21740E-07 -0.24635E-06
  0.18120E+03 -0.47981E-06 -0.31500E-08 -0.22957E-06
  0.18150E+03 -0.49189E-06  0.15660E-07 -0.21263E-06
  0.18180E+03 -0.50208E-06  0.34550E-07 -0.19532E-06
  0.18210E+03 -0.51032E-06  0.53660E-07 -0.17773E-06
  0.18240E+03 -0.51666E-06  0.72640E-07 -0.15999E-06
  0.18270E+03 -0.52103E-06  0.91540E-07 -0.14188E-06
  0.18300E+03 -0.52339E-06  0.11028E-06 -0.12350E-06
  0.18330E+03 -0.52363E-06  0.12881E-06 -0.10490E-06
  0.18360E+03 -0.52185E-06  0.14702E-06 -0.86130E-07
  0.18390E+03 -0.51797E-06  0.16468E-06 -0.67120E-07
  0.18420E+03 -0.51214E-06  0.18195E-06 -0.48040E-07
  0.18450E+03 -0.50415E-06  0.19854E-06 -0.28730E-07
  0.18480E+03 -0.49429E-06  0.21445E-06 -0.93401E-08
  0.18510E+03 -0.48245E-06  0.22957E-06  0.10200E-07
  0.18540E+03 -0.46867E-06  0.24383E-06  0.29610E-07
  0.18570E+03 -0.45318E-06  0.25715E-06  0.49110E-07
  0.18600E+03 -0.43598E-06  0.26945E-06  0.68511E-07
  0.18630E+03 -0.41709E-06  0.28067E-06  0.87782E-07
  0.18660E+03 -0.39666E-06  0.29073E-06  0.10686E-06
  0.18690E+03 -0.37489E-06  0.29962E-06  0.12570E-06
  0.18720E+03 -0.35178E-06  0.30725E-06  0.14423E-06
  0.18750E+03 -0.32749E-06  0.31354E-06  0.16234E-06
  0.18780E+03 -0.30216E-06  0.31859E-06  0.18009E-06
  0.18810E+03 -0.27590E-06  0.32225E-06  0.19723E-06
  0.18840E+03 -0.24882E-06  0.32453E-06  0.21382E-06
  0.18870E+03 -0.22115E-06  0.32544E-06  0.22977E-06
  0.18900E+03 -0.19303E-06  0.32494E-06  0.24502E-06
  0.18930E+03 -0.16452E-06  0.32312E-06  0.25938E-06
  0.18960E+03 -0.13577E-06  0.31991E-06  0.27291E-06
  0.18990E+03 -0.10694E-06  0.31533E-06  0.28552E-06
  0.19020E+03 -0.78140E-07  0.30949E-06  0.29710E-06
  0.19050E+03 -0.49620E-07  0.30243E-06  0.30765E-06
  0.19080E+03 -0.21320E-07  0.29413E-06  0.31714E-06
  0.19110E+03  0.64497E-08  0.28477E-06  0.32541E-06
  0.19140E+03  0.33690E-07  0.27418E-06  0.33239E-06
  0.19170E+03  0.60260E-07  0.26263E-06  0.33821E-06
  0.19200E+03  0.85930E-07  0.25017E-06  0.34280E-06
  0.19230E+03  0.11080E-06  0.23683E-06  0.34596E-06
  0.19260E+03  0.13469E-06  0.22259E-06  0.34789E-06
  0.19290E+03  0.15753E-06  0.20777E-06  0.34841E-06
  0.19320E+03  0.17918E-06  0.19224E-06  0.34765E-06
  0.19350E+03  0.19966E-06  0.17613E-06  0.34552E-06
  0.19380E+03  0.21885E-06  0.15962E-06  0.34204E-06
  0.19410E+03  0.23677E-06  0.14282E-06  0.33716E-06
  0.19440E+03  0.25334E-06  0.12572E-06  0.33114E-06
  0.19470E+03  0.26851E-06  0.10842E-06  0.32375E-06
  0.19500E+03  0.28228E-06  0.91030E-07  0.31518E-06
  0.19530E+03  0.29463E-06  0.73590E-07  0.30543E-06
  0.19560E+03  0.30565E-06  0.56320E-07  0.29454E-06
  0.19590E+03  0.31509E-06  0.39170E-07  0.28259E-06
  0.19620E+03  0.32328E-06  0.22240E-07  0.26963E-06
  0.19650E+03  0.32995E-06  0.56500E-08  0.25573E-06
  0.19680E+03  0.33525E-06 -0.10576E-07  0.24096E-06
  0.19710E+03  0.33920E-06 -0.26351E-07  0.22545E-06
  0.19740E+03  0.34185E-06 -0.41628E-07  0.20919E-06
  0.19770E+03  0.34325E-06 -0.56351E-07  0.19227E-06
  0.19800E+03  0.34338E-06 -0.70430E-07  0.17487E-06
  0.19830E+03  0.34229E-06 -0.83920E-07  0.15694E-06
  0.19860E+03  0.34009E-06 -0.96750E-07  0.13876E-06
  0.19890E+03  0.33687E-06 -0.10876E-06  0.12025E-06
  0.19920E+03  0.33250E-06 -0.12010E-06  0.10150E-06
  0.19950E+03  0.32719E-06 -0.13066E-06  0.82720E-07
  0.19980E+03  0.32093E-06 -0.14042E-06  0.63940E-07
  0.20010E+03  0.31381E-06 -0.14935E-06  0.45240E-07
  0.20040E+03  0.30586E-06 -0.15751E-06  0.26610E-07
  0.20070E+03  0.29717E-06 -0.16487E-06  0.83701E-08
  0.20100E+03  0.28777E-06 -0.17148E-06 -0.96900E-08
  0.20130E+03  0.27771E-06 -0.17716E-06 -0.27240E-07
  0.20160E+03  0.26702E-06 -0.18220E-06 -0.44440E-07
  0.20190E+03  0.25585E-06 -0.18637E-06 -0.61100E-07
  0.20220E+03  0.24419E-06 -0.18974E-06 -0.77130E-07
  0.20250E+03  0.23205E-06 -0.19243E-06 -0.92470E-07
  0.20280E+03  0.21959E-06 -0.19442E-06 -0.10718E-06
  0.20310E+03  0.20664E-06 -0.19571E-06 -0.12115E-06
  0.20340E+03  0.19351E-06 -0.19635E-06 -0.13431E-06
  0.20370E+03  0.18013E-06 -0.19631E-06 -0.14665E-06
  0.20400E+03  0.16646E-06 -0.19566E-06 -0.15823E-06
  0.20430E+03  0.15262E-06 -0.19444E-06 -0.16884E-06
  0.20460E+03  0.13867E-06 -0.19262E-06 -0.17865E-06
  0.20490E+03  0.12459E-06 -0.19033E-06 -0.18753E-06
  0.20520E+03  0.11044E-06 -0.18742E-06 -0.19550E-06
  0.20550E+03  0.96230E-07 -0.18414E-06 -0.20256E-06
  0.20580E+03  0.82090E-07 -0.18036E-06 -0.20871E-06
  0.20610E+03  0.67850E-07 -0.17616E-06 -0.21396E-06
  0.20640E+03  0.53730E-07 -0.17164E-06 -0.21830E-06
  0.20670E+03  0.39700E-07 -0.16670E-06 -0.22178E-06
  0.20700E+03  0.25710E-07 -0.16142E-06 -0.22432E-06
  0.20730E+03  0.11960E-07 -0.15582E-06 -0.22611E-06
  0.20760E+03 -0.17500E-08 -0.14992E-06 -0.22706E-06
  0.20790E+03 -0.15210E-07 -0.14376E-06 -0.22713E-06
  0.20820E+03 -0.28520E-07 -0.13734E-06 -0.22650E-06
  0.20850E+03 -0.41570E-07 -0.13069E-06 -0.22510E-06
  0.20880E+03 -0.54329E-07 -0.12387E-06 -0.22307E-06
  0.20910E+03 -0.66833E-07 -0.11676E-06 -0.22021E-06
  0.20940E+03 -0.79020E-07 -0.10955E-06 -0.21685E-06
  0.20970E+03 -0.90883E-07 -0.10216E-06 -0.21280E-06
  0.21000E+03 -0.10237E-06 -0.94600E-07 -0.20819E-06
  0.21030E+03 -0.11348E-06 -0.86870E-07 -0.20295E-06
  0.21060E+03 -0.12417E-06 -0.79090E-07 -0.19732E-06
  0.21090E+03 -0.13442E-06 -0.71210E-07 -0.19110E-06
  0.21120E+03 -0.14421E-06 -0.63170E-07 -0.18454E-06
  0.21150E+03 -0.15351E-06 -0.55160E-07 -0.17756E-06
  0.21180E+03 -0.16229E-06 -0.47070E-07 -0.17010E-06
  0.21210E+03 -0.17054E-06 -0.38920E-07 -0.16242E-06
  0.21240E+03 -0.17822E-06 -0.30690E-07 -0.15441E-06
  0.21270E+03 -0.18531E-06 -0.22600E-07 -0.14612E-06
  0.21300E+03 -0.19179E-06 -0.14380E-07 -0.13754E-06
  0.21330E+03 -0.19765E-06 -0.62796E-08 -0.12872E-06
  0.21360E+03 -0.20285E-06  0.18201E-08 -0.11970E-06
  0.21390E+03 -0.20735E-06  0.98898E-08 -0.11060E-06
  0.21420E+03 -0.21123E-06  0.17910E-07 -0.10131E-06
  0.21450E+03 -0.21439E-06  0.25720E-07 -0.91928E-07
  0.21480E+03 -0.21686E-06  0.33500E-07 -0.82441E-07
  0.21510E+03 -0.21860E-06  0.41140E-07 -0.72895E-07
  0.21540E+03 -0.21963E-06  0.48530E-07 -0.63303E-07
  0.21570E+03 -0.21994E-06  0.55870E-07 -0.53693E-07
  0.21600E+03 -0.21951E-06  0.62870E-07 -0.44088E-07
  0.21630E+03 -0.21828E-06  0.69770E-07 -0.34508E-07
  0.21660E+03 -0.21643E-06  0.76388E-07 -0.24977E-07
  0.21690E+03 -0.21374E-06  0.82742E-07 -0.15490E-07
  0.21720E+03 -0.21040E-06  0.88807E-07 -0.60801E-08
  0.21750E+03 -0.20633E-06  0.94565E-07  0.31899E-08
  0.21780E+03 -0.20162E-06  0.10005E-06  0.12360E-07
  0.21810E+03 -0.19625E-06  0.10508E-06  0.21310E-07
  0.21840E+03 -0.19023E-06  0.10984E-06  0.30140E-07
  0.21870E+03 -0.18356E-06  0.11421E-06  0.38870E-07
  0.21900E+03 -0.17633E-06  0.11814E-06  0.47260E-07
  0.21930E+03 -0.16846E-06  0.12170E-06  0.55580E-07
  0.21960E+03 -0.16017E-06  0.12480E-06  0.63510E-07
  0.21990E+03 -0.15132E-06  0.12739E-06  0.71230E-07
  0.22020E+03 -0.14201E-06  0.12970E-06  0.78700E-07
  0.22050E+03 -0.13231E-06  0.13138E-06  0.85890E-07
  0.22080E+03 -0.12221E-06  0.13271E-06  0.92720E-07
  0.22110E+03 -0.11178E-06  0.13356E-06  0.99210E-07
  0.22140E+03 -0.10100E-06  0.13388E-06  0.10542E-06
  0.22170E+03 -0.90040E-07  0.13372E-06  0.11117E-06
  0.22200E+03 -0.78810E-07  0.13313E-06  0.11663E-06
  0.22230E+03 -0.67510E-07  0.13205E-06  0.12164E-06
  0.22260E+03 -0.55980E-07  0.13048E-06  0.12625E-06
  0.22290E+03 -0.44500E-07  0.12844E-06  0.13043E-06
  0.22320E+03 -0.32964E-07  0.12602E-06  0.13416E-06
  0.22350E+03 -0.21453E-07  0.12310E-06  0.13745E-06
  0.22380E+03 -0.10024E-07  0.11973E-06  0.14028E-06
  0.22410E+03  0.12960E-08  0.11601E-06  0.14263E-06
  0.22440E+03  0.12446E-07  0.11192E-06  0.14451E-06
  0.22470E+03  0.23390E-07  0.10735E-06  0.14590E-06
  0.22500E+03  0.34040E-07  0.10254E-06  0.14682E-06
  0.22530E+03  0.44480E-07  0.97350E-07  0.14722E-06
  0.22560E+03  0.54590E-07  0.91900E-07  0.14715E-06
  0.22590E+03  0.64280E-07  0.86070E-07  0.14658E-06
  0.22620E+03  0.73610E-07  0.80120E-07  0.14552E-06
  0.22650E+03  0.82470E-07  0.73835E-07  0.14398E-06
  0.22680E+03  0.90940E-07  0.67390E-07  0.14195E-06
  0.22710E+03  0.98950E-07  0.60782E-07  0.13946E-06
  0.22740E+03  0.10639E-06  0.54035E-07  0.13651E-06
  0.22770E+03  0.11342E-06  0.47140E-07  0.13312E-06
  0.22800E+03  0.11979E-06  0.40230E-07  0.12928E-06
  0.22830E+03  0.12569E-06  0.33250E-07  0.12503E-06
  0.22860E+03  0.13102E-06  0.26250E-07  0.12038E-06
  0.22890E+03  0.13571E-06  0.19260E-07  0.11536E-06
  0.22920E+03  0.13989E-06  0.12320E-07  0.10998E-06
  0.22950E+03  0.14346E-06  0.54501E-08  0.10425E-06
  0.22980E+03  0.14643E-06 -0.13599E-08  0.98211E-07
  0.23010E+03  0.14881E-06 -0.80299E-08  0.91888E-07
  0.23040E+03  0.15073E-06 -0.14560E-07  0.85298E-07
  0.23070E+03  0.15199E-06 -0.20890E-07  0.78480E-07
  0.23100E+03  0.15262E-06 -0.27090E-07  0.71452E-07
  0.23130E+03  0.15282E-06 -0.33050E-07  0.64251E-07
  0.23160E+03  0.15237E-06 -0.38800E-07  0.56912E-07
  0.23190E+03  0.15144E-06 -0.44260E-07  0.49443E-07
  0.23220E+03  0.15003E-06 -0.49510E-07  0.41898E-07
  0.23250E+03  0.14812E-06 -0.54350E-07  0.34289E-07
  0.23280E+03  0.14570E-06 -0.59050E-07  0.26659E-07
  0.23310E+03  0.14288E-06 -0.63310E-07  0.19035E-07
  0.23340E+03  0.13962E-06 -0.67380E-07  0.11421E-07
  0.23370E+03  0.13597E-06 -0.71040E-07  0.39400E-08
  0.23400E+03  0.13192E-06 -0.74390E-07 -0.35101E-08
  0.23430E+03  0.12750E-06 -0.77460E-07 -0.10780E-07
  0.23460E+03  0.12274E-06 -0.80060E-07 -0.17990E-07
  0.23490E+03  0.11761E-06 -0.82450E-07 -0.24980E-07
  0.23520E+03  0.11225E-06 -0.84430E-07 -0.31790E-07
  0.23550E+03  0.10663E-06 -0.86100E-07 -0.38330E-07
  0.23580E+03  0.10076E-06 -0.87430E-07 -0.44670E-07
  0.23610E+03  0.94691E-07 -0.88450E-07 -0.50727E-07
  0.23640E+03  0.88425E-07 -0.89110E-07 -0.56503E-07
  0.23670E+03  0.81980E-07 -0.89430E-07 -0.61977E-07
  0.23700E+03  0.75480E-07 -0.89500E-07 -0.67137E-07
  0.23730E+03  0.68780E-07 -0.89310E-07 -0.71970E-07
  0.23760E+03  0.61970E-07 -0.88700E-07 -0.76449E-07
  0.23790E+03  0.55120E-07 -0.87858E-07 -0.80587E-07
  0.23820E+03  0.48230E-07 -0.86738E-07 -0.84358E-07
  0.23850E+03  0.41310E-07 -0.85350E-07 -0.87755E-07
  0.23880E+03  0.34430E-07 -0.83724E-07 -0.90777E-07
  0.23910E+03  0.27530E-07 -0.81843E-07 -0.93427E-07
  0.23940E+03  0.20730E-07 -0.79740E-07 -0.95694E-07
  0.23970E+03  0.13910E-07 -0.77470E-07 -0.97579E-07
  0.24000E+03  0.71600E-08 -0.74900E-07 -0.99083E-07
  0.24030E+03  0.52000E-09 -0.72200E-07 -0.10022E-06
  0.24060E+03 -0.59499E-08 -0.69310E-07 -0.10100E-06
  0.24090E+03 -0.12420E-07 -0.66320E-07 -0.10133E-06
  0.24120E+03 -0.18650E-07 -0.63120E-07 -0.10144E-06
  0.24150E+03 -0.24690E-07 -0.59710E-07 -0.10104E-06
  0.24180E+03 -0.30610E-07 -0.56280E-07 -0.10045E-06
  0.24210E+03 -0.36390E-07 -0.52760E-07 -0.99400E-07
  0.24240E+03 -0.41940E-07 -0.49110E-07 -0.98060E-07
  0.24270E+03 -0.47230E-07 -0.45410E-07 -0.96490E-07
  0.24300E+03 -0.52300E-07 -0.41530E-07 -0.94570E-07
  0.24330E+03 -0.57180E-07 -0.37710E-07 -0.92300E-07
  0.24360E+03 -0.61750E-07 -0.33760E-07 -0.89910E-07
  0.24390E+03 -0.66200E-07 -0.29810E-07 -0.87140E-07
  0.24420E+03 -0.70230E-07 -0.25820E-07 -0.84180E-07
  0.24450E+03 -0.74140E-07 -0.21910E-07 -0.80960E-07
  0.24480E+03 -0.77640E-07 -0.17930E-07 -0.77630E-07
  0.24510E+03 -0.80910E-07 -0.13920E-07 -0.74040E-07
  0.24540E+03 -0.83850E-07 -0.99499E-08 -0.70240E-07
  0.24570E+03 -0.86550E-07 -0.60199E-08 -0.66420E-07
  0.24600E+03 -0.88930E-07 -0.22201E-08 -0.62351E-07
  0.24630E+03 -0.91055E-07  0.16300E-08 -0.58140E-07
  0.24660E+03 -0.92795E-07  0.53701E-08 -0.53856E-07
  0.24690E+03 -0.94253E-07  0.91400E-08 -0.49473E-07
  0.24720E+03 -0.95403E-07  0.12750E-07 -0.45017E-07
  0.24750E+03 -0.96236E-07  0.16300E-07 -0.40506E-07
  0.24780E+03 -0.96755E-07  0.19660E-07 -0.35933E-07
  0.24810E+03 -0.96965E-07  0.22990E-07 -0.31340E-07
  0.24840E+03 -0.96858E-07  0.26220E-07 -0.26731E-07
  0.24870E+03 -0.96456E-07  0.29320E-07 -0.22110E-07
  0.24900E+03 -0.95747E-07  0.32250E-07 -0.17501E-07
  0.24930E+03 -0.94740E-07  0.35100E-07 -0.12921E-07
  0.24960E+03 -0.93439E-07  0.37880E-07 -0.83760E-08
  0.24990E+03 -0.91852E-07  0.40330E-07 -0.38831E-08
  0.25020E+03 -0.89987E-07  0.42740E-07  0.52000E-09
  0.25050E+03 -0.87849E-07  0.44990E-07  0.48800E-08
  0.25080E+03 -0.85448E-07  0.47030E-07  0.92100E-08
  0.25110E+03 -0.82795E-07  0.49020E-07  0.13380E-07
  0.25140E+03 -0.79903E-07  0.50720E-07  0.17370E-07
  0.25170E+03 -0.76777E-07  0.52223E-07  0.21320E-07
  0.25200E+03 -0.73426E-07  0.53625E-07  0.25180E-07
  0.25230E+03 -0.69876E-07  0.54810E-07  0.28930E-07
  0.25260E+03 -0.66124E-07  0.55805E-07  0.32390E-07
  0.25290E+03 -0.62207E-07  0.56612E-07  0.35850E-07
  0.25320E+03 -0.58121E-07  0.57234E-07  0.39060E-07
  0.25350E+03 -0.53877E-07  0.57660E-07  0.42180E-07
  0.25380E+03 -0.49505E-07  0.57900E-07  0.45020E-07
  0.25410E+03 -0.45050E-07  0.57944E-07  0.47740E-07
  0.25440E+03 -0.40430E-07  0.57805E-07  0.50250E-07
  0.25470E+03 -0.35740E-07  0.57474E-07  0.52610E-07
  0.25500E+03 -0.31060E-07  0.56949E-07  0.54760E-07
  0.25530E+03 -0.26210E-07  0.56256E-07  0.56750E-07
  0.25560E+03 -0.21400E-07  0.55374E-07  0.58480E-07
  0.25590E+03 -0.16570E-07  0.54290E-07  0.59989E-07
  0.25620E+03 -0.11760E-07  0.53090E-07  0.61318E-07
  0.25650E+03 -0.69699E-08  0.51710E-07  0.62447E-07
  0.25680E+03 -0.21600E-08  0.50120E-07  0.63350E-07
  0.25710E+03  0.25400E-08  0.48400E-07  0.64055E-07
  0.25740E+03  0.72400E-08  0.46560E-07  0.64537E-07
  0.25770E+03  0.11790E-07  0.44620E-07  0.64822E-07
  0.25800E+03  0.16260E-07  0.42530E-07  0.64885E-07
  0.25830E+03  0.20560E-07  0.40200E-07  0.64743E-07
  0.25860E+03  0.24830E-07  0.37890E-07  0.64393E-07
  0.25890E+03  0.28900E-07  0.35410E-07  0.63843E-07
  0.25920E+03  0.32777E-07  0.32850E-07  0.63092E-07
  0.25950E+03  0.36527E-07  0.30240E-07  0.62145E-07
  0.25980E+03  0.40090E-07  0.27610E-07  0.61001E-07
  0.26010E+03  0.43466E-07  0.24760E-07  0.59685E-07
  0.26040E+03  0.46641E-07  0.22000E-07  0.58176E-07
  0.26070E+03  0.49611E-07  0.19080E-07  0.56500E-07
  0.26100E+03  0.52358E-07  0.16180E-07  0.54690E-07
  0.26130E+03  0.54884E-07  0.13280E-07  0.52680E-07
  0.26160E+03  0.57130E-07  0.10440E-07  0.50520E-07
  0.26190E+03  0.59250E-07  0.74999E-08  0.48240E-07
  0.26220E+03  0.61090E-07  0.45700E-08  0.45810E-07
  0.26250E+03  0.62660E-07  0.16601E-08  0.43160E-07
  0.26280E+03  0.63980E-07 -0.11501E-08  0.40550E-07
  0.26310E+03  0.65040E-07 -0.39599E-08  0.37760E-07
  0.26340E+03  0.65940E-07 -0.67500E-08  0.34930E-07
  0.26370E+03  0.66560E-07 -0.94399E-08  0.31990E-07
  0.26400E+03  0.66920E-07 -0.12000E-07  0.28870E-07
  0.26430E+03  0.67030E-07 -0.14510E-07  0.25850E-07
  0.26460E+03  0.66910E-07 -0.16970E-07  0.22660E-07
  0.26490E+03  0.66600E-07 -0.19290E-07  0.19519E-07
  0.26520E+03  0.66030E-07 -0.21530E-07  0.16312E-07
  0.26550E+03  0.65290E-07 -0.23720E-07  0.13097E-07
  0.26580E+03  0.64210E-07 -0.25710E-07  0.98730E-08
  0.26610E+03  0.63060E-07 -0.27650E-07  0.66600E-08
  0.26640E+03  0.61640E-07 -0.29420E-07  0.34620E-08
  0.26670E+03  0.60050E-07 -0.30980E-07  0.29800E-09
  0.26700E+03  0.58370E-07 -0.32490E-07 -0.28330E-08
  0.26730E+03  0.56440E-07 -0.33880E-07 -0.59000E-08
  0.26760E+03  0.54280E-07 -0.35101E-07 -0.89168E-08
  0.26790E+03  0.52080E-07 -0.36180E-07 -0.11859E-07
  0.26820E+03  0.49750E-07 -0.37121E-07 -0.14719E-07
  0.26850E+03  0.47170E-07 -0.37910E-07 -0.17490E-07
  0.26880E+03  0.44570E-07 -0.38553E-07 -0.20156E-07
  0.26910E+03  0.41870E-07 -0.39054E-07 -0.22720E-07
  0.26940E+03  0.39050E-07 -0.39412E-07 -0.25169E-07
  0.26970E+03  0.36190E-07 -0.39590E-07 -0.27498E-07
  0.27000E+03  0.33210E-07 -0.39700E-07 -0.29688E-07
  0.27030E+03  0.30100E-07 -0.39660E-07 -0.31750E-07
  0.27060E+03  0.27080E-07 -0.39490E-07 -0.33678E-07
  0.27090E+03  0.23990E-07 -0.39120E-07 -0.35447E-07
  0.27120E+03  0.20850E-07 -0.38680E-07 -0.37076E-07
  0.27150E+03  0.17610E-07 -0.38090E-07 -0.38543E-07
  0.27180E+03  0.14480E-07 -0.37440E-07 -0.39864E-07
  0.27210E+03  0.11350E-07 -0.36550E-07 -0.41024E-07
  0.27240E+03  0.82080E-08 -0.35690E-07 -0.42015E-07
  0.27270E+03  0.50970E-08 -0.34610E-07 -0.42859E-07
  0.27300E+03  0.20151E-08 -0.33500E-07 -0.43535E-07
  0.27330E+03 -0.10150E-08 -0.32340E-07 -0.44049E-07
  0.27360E+03 -0.39960E-08 -0.31000E-07 -0.44397E-07
  0.27390E+03 -0.69100E-08 -0.29600E-07 -0.44597E-07
  0.27420E+03 -0.97630E-08 -0.28140E-07 -0.44632E-07
  0.27450E+03 -0.12525E-07 -0.26600E-07 -0.44524E-07
  0.27480E+03 -0.15230E-07 -0.25010E-07 -0.44252E-07
  0.27510E+03 -0.17770E-07 -0.23450E-07 -0.43841E-07
  0.27540E+03 -0.20290E-07 -0.21730E-07 -0.43283E-07
  0.27570E+03 -0.22710E-07 -0.20000E-07 -0.42592E-07
  0.27600E+03 -0.24970E-07 -0.18210E-07 -0.41759E-07
  0.27630E+03 -0.27140E-07 -0.16410E-07 -0.40802E-07
  0.27660E+03 -0.29120E-07 -0.14550E-07 -0.39720E-07
  0.27690E+03 -0.31120E-07 -0.12780E-07 -0.38520E-07
  0.27720E+03 -0.32810E-07 -0.10950E-07 -0.37212E-07
  0.27750E+03 -0.34460E-07 -0.90599E-08 -0.35801E-07
  0.27780E+03 -0.36040E-07 -0.72200E-08 -0.34293E-07
  0.27810E+03 -0.37450E-07 -0.53500E-08 -0.32694E-07
  0.27840E+03 -0.38630E-07 -0.35600E-08 -0.31012E-07
  0.27870E+03 -0.39730E-07 -0.17470E-08 -0.29254E-07
  0.27900E+03 -0.40659E-07  0.41979E-10 -0.27429E-07
  0.27930E+03 -0.41491E-07  0.18010E-08 -0.25547E-07
  0.27960E+03 -0.42155E-07  0.35180E-08 -0.23603E-07
  0.27990E+03 -0.42676E-07  0.52010E-08 -0.21614E-07
  0.28020E+03 -0.43050E-07  0.68390E-08 -0.19592E-07
  0.28050E+03 -0.43275E-07  0.84100E-08 -0.17537E-07
  0.28080E+03 -0.43369E-07  0.99500E-08 -0.15464E-07
  0.28110E+03 -0.43319E-07  0.11430E-07 -0.13367E-07
  0.28140E+03 -0.43133E-07  0.12840E-07 -0.11264E-07
  0.28170E+03 -0.42801E-07  0.14230E-07 -0.91660E-08
  0.28200E+03 -0.42344E-07  0.15600E-07 -0.70600E-08
  0.28230E+03 -0.41752E-07  0.16800E-07 -0.49790E-08
  0.28260E+03 -0.41044E-07  0.17930E-07 -0.29060E-08
  0.28290E+03 -0.40203E-07  0.19010E-07 -0.85700E-09
  0.28320E+03 -0.39241E-07  0.19990E-07  0.11560E-08
  0.28350E+03 -0.38177E-07  0.20970E-07  0.31279E-08
  0.28380E+03 -0.36998E-07  0.21790E-07  0.50627E-08
  0.28410E+03 -0.35710E-07  0.22620E-07  0.69489E-08
  0.28440E+03 -0.34323E-07  0.23250E-07  0.87813E-08
  0.28470E+03 -0.32847E-07  0.23860E-07  0.10557E-07
  0.28500E+03 -0.31280E-07  0.24360E-07  0.12269E-07
  0.28530E+03 -0.29636E-07  0.24810E-07  0.13915E-07
  0.28560E+03 -0.27912E-07  0.25120E-07  0.15490E-07
  0.28590E+03 -0.26128E-07  0.25430E-07  0.16986E-07
  0.28620E+03 -0.24271E-07  0.25610E-07  0.18412E-07
  0.28650E+03 -0.22366E-07  0.25740E-07  0.19756E-07
  0.28680E+03 -0.20411E-07  0.25720E-07  0.21006E-07
  0.28710E+03 -0.18406E-07  0.25600E-07  0.22180E-07
  0.28740E+03 -0.16390E-07  0.25430E-07  0.23255E-07
  0.28770E+03 -0.14350E-07  0.25220E-07  0.24247E-07
  0.28800E+03 -0.12270E-07  0.24915E-07  0.25140E-07
  0.28830E+03 -0.10130E-07  0.24518E-07  0.25949E-07
  0.28860E+03 -0.80399E-08  0.24054E-07  0.26647E-07
  0.28890E+03 -0.59601E-08  0.23514E-07  0.27263E-07
  0.28920E+03 -0.38999E-08  0.22900E-07  0.27773E-07
  0.28950E+03 -0.17899E-08  0.22221E-07  0.28194E-07
  0.28980E+03  0.23010E-09  0.21460E-07  0.28513E-07
  0.29010E+03  0.22796E-08  0.20640E-07  0.28736E-07
  0.29040E+03  0.42501E-08  0.19780E-07  0.28864E-07
  0.29070E+03  0.61900E-08  0.18860E-07  0.28897E-07
  0.29100E+03  0.81300E-08  0.17980E-07  0.28836E-07
  0.29130E+03  0.99599E-08  0.16930E-07  0.28683E-07
  0.29160E+03  0.11790E-07  0.15850E-07  0.28435E-07
  0.29190E+03  0.13510E-07  0.14730E-07  0.28111E-07
  0.29220E+03  0.15150E-07  0.13680E-07  0.27685E-07
  0.29250E+03  0.16760E-07  0.12460E-07  0.27183E-07
  0.29280E+03  0.18230E-07  0.11330E-07  0.26598E-07
  0.29310E+03  0.19680E-07  0.10110E-07  0.25939E-07
  0.29340E+03  0.20990E-07  0.88501E-08  0.25199E-07
  0.29370E+03  0.22230E-07  0.76400E-08  0.24385E-07
  0.29400E+03  0.23340E-07  0.63199E-08  0.23505E-07
  0.29430E+03  0.24420E-07  0.51200E-08  0.22565E-07
  0.29460E+03  0.25320E-07  0.38301E-08  0.21553E-07
  0.29490E+03  0.26270E-07  0.26000E-08  0.20499E-07
  0.29520E+03  0.26950E-07  0.13099E-08  0.19382E-07
  0.29550E+03  0.27610E-07  0.14006E-09  0.18214E-07
  0.29580E+03  0.28220E-07 -0.11298E-08  0.17007E-07
  0.29610E+03  0.28610E-07 -0.22701E-08  0.15761E-07
  0.29640E+03  0.28940E-07 -0.34299E-08  0.14477E-07
  0.29670E+03  0.29210E-07 -0.45700E-08  0.13153E-07
  0.29700E+03  0.29330E-07 -0.57100E-08  0.11810E-07
  0.29730E+03  0.29390E-07 -0.67998E-08  0.10452E-07
  0.29760E+03  0.29330E-07 -0.78700E-08  0.90750E-08
  0.29790E+03  0.29130E-07 -0.88801E-08  0.76840E-08
  0.29820E+03  0.28863E-07 -0.98200E-08  0.62840E-08
  0.29850E+03  0.28511E-07 -0.10704E-07  0.48860E-08
  0.29880E+03  0.28040E-07 -0.11559E-07  0.34900E-08
  0.29910E+03  0.27550E-07 -0.12373E-07  0.21060E-08
  0.29940E+03  0.26870E-07 -0.13124E-07  0.72710E-09
  0.29970E+03  0.26190E-07 -0.13820E-07 -0.63190E-09
  0.30000E+03  0.25450E-07 -0.14468E-07 -0.19692E-08
  0.30030E+03  0.24580E-07 -0.15070E-07 -0.32807E-08
  0.30060E+03  0.23620E-07 -0.15580E-07 -0.45580E-08
  0.30090E+03  0.22610E-07 -0.16090E-07 -0.58160E-08
  0.30120E+03  0.21610E-07 -0.16500E-07 -0.70250E-08
  0.30150E+03  0.20480E-07 -0.16760E-07 -0.81900E-08
  0.30180E+03  0.19340E-07 -0.17100E-07 -0.93130E-08
  0.30210E+03  0.18090E-07 -0.17330E-07 -0.10397E-07
  0.30240E+03  0.16899E-07 -0.17490E-07 -0.11425E-07
  0.30270E+03  0.15580E-07 -0.17550E-07 -0.12394E-07
  0.30300E+03  0.14270E-07 -0.17640E-07 -0.13320E-07
  0.30330E+03  0.12890E-07 -0.17530E-07 -0.14179E-07
  0.30360E+03  0.11570E-07 -0.17450E-07 -0.14984E-07
  0.30390E+03  0.10130E-07 -0.17330E-07 -0.15723E-07
  0.30420E+03  0.87502E-08 -0.17160E-07 -0.16405E-07
  0.30450E+03  0.73496E-08 -0.16920E-07 -0.17020E-07
  0.30480E+03  0.59899E-08 -0.16550E-07 -0.17569E-07
  0.30510E+03  0.45602E-08 -0.16220E-07 -0.18050E-07
  0.30540E+03  0.31296E-08 -0.15830E-07 -0.18465E-07
  0.30570E+03  0.18199E-08 -0.15390E-07 -0.18823E-07
  0.30600E+03  0.42974E-09 -0.14870E-07 -0.19108E-07
  0.30630E+03 -0.88994E-09 -0.14250E-07 -0.19323E-07
  0.30660E+03  0.00000E+00 -0.40018E-10  0.50022E-11
  0.30690E+03  0.40018E-10 -0.20009E-10  0.00000E+00
