  0.00000E+00  0.11076E-10 -0.53226E-10 -0.80463E-10
  0.30000E+00  0.34251E-10 -0.14998E-09 -0.22826E-09
  0.60000E+00  0.90991E-10 -0.33937E-09 -0.52414E-09
  0.90000E+00  0.21950E-09 -0.66217E-09 -0.10475E-08
  0.12000E+01  0.48814E-09 -0.11616E-08 -0.18998E-08
  0.15000E+01  0.10054E-08 -0.18809E-08 -0.32068E-08
  0.18000E+01  0.19280E-08 -0.28610E-08 -0.51207E-08
  0.21000E+01  0.34649E-08 -0.41386E-08 -0.78201E-08
  0.24000E+01  0.58746E-08 -0.57439E-08 -0.11509E-07
  0.27000E+01  0.94549E-08 -0.76995E-08 -0.16411E-07
  0.30000E+01  0.14534E-07 -0.10018E-07 -0.22766E-07
  0.33000E+01  0.21467E-07 -0.12703E-07 -0.30820E-07
  0.36000E+01  0.30636E-07 -0.15744E-07 -0.40820E-07
  0.39000E+01  0.42452E-07 -0.19122E-07 -0.53004E-07
  0.42000E+01  0.57341E-07 -0.22804E-07 -0.67591E-07
  0.45000E+01  0.75726E-07 -0.26744E-07 -0.84773E-07
  0.48000E+01  0.98011E-07 -0.30888E-07 -0.10471E-06
  0.51000E+01  0.12456E-06 -0.35167E-07 -0.12753E-06
  0.54000E+01  0.15570E-06 -0.39505E-07 -0.15329E-06
  0.57000E+01  0.19170E-06 -0.43817E-07 -0.18205E-06
  0.60000E+01  0.23277E-06 -0.48009E-07 -0.21377E-06
  0.63000E+01  0.27903E-06 -0.51984E-07 -0.24838E-06
  0.66000E+01  0.33050E-06 -0.55637E-07 -0.28572E-06
  0.69000E+01  0.38712E-06 -0.58866E-07 -0.32558E-06
  0.72000E+01  0.44868E-06 -0.61565E-07 -0.36765E-06
  0.75000E+01  0.51487E-06 -0.63632E-07 -0.41156E-06
  0.78000E+01  0.58525E-06 -0.64968E-07 -0.45688E-06
  0.81000E+01  0.65925E-06 -0.65480E-07 -0.50308E-06
  0.84000E+01  0.73617E-06 -0.65083E-07 -0.54959E-06
  0.87000E+01  0.81514E-06 -0.63703E-07 -0.59577E-06
  0.90000E+01  0.89522E-06 -0.61275E-07 -0.64093E-06
  0.93000E+01  0.97530E-06 -0.57748E-07 -0.68436E-06
  0.96000E+01  0.10542E-05 -0.53088E-07 -0.72528E-06
  0.99000E+01  0.11307E-05 -0.47271E-07 -0.76290E-06
  0.10200E+02  0.12034E-05 -0.40295E-07 -0.79644E-06
  0.10500E+02  0.12709E-05 -0.32172E-07 -0.82506E-06
  0.10800E+02  0.13319E-05 -0.22932E-07 -0.84798E-06
  0.11100E+02  0.13849E-05 -0.12624E-07 -0.86442E-06
  0.11400E+02  0.14285E-05 -0.13118E-08 -0.87361E-06
  0.11700E+02  0.14613E-05  0.10920E-07 -0.87486E-06
  0.12000E+02  0.14821E-05  0.23974E-07 -0.86750E-06
  0.12300E+02  0.14895E-05  0.37733E-07 -0.85094E-06
  0.12600E+02  0.14824E-05  0.52067E-07 -0.82465E-06
  0.12900E+02  0.14597E-05  0.66836E-07 -0.78821E-06
  0.13200E+02  0.14205E-05  0.81882E-07 -0.74128E-06
  0.13500E+02  0.13639E-05  0.97043E-07 -0.68362E-06
  0.13800E+02  0.12893E-05  0.11215E-06 -0.61510E-06
  0.14100E+02  0.11963E-05  0.12701E-06 -0.53575E-06
  0.14400E+02  0.10845E-05  0.14146E-06 -0.44567E-06
  0.14700E+02  0.95383E-06  0.15531E-06 -0.34515E-06
  0.15000E+02  0.80454E-06  0.16837E-06 -0.23458E-06
  0.15300E+02  0.63699E-06  0.18048E-06 -0.11449E-06
  0.15600E+02  0.45178E-06  0.19144E-06  0.14469E-07
  0.15900E+02  0.24974E-06  0.20111E-06  0.15151E-06
  0.16200E+02  0.31919E-07  0.20932E-06  0.29572E-06
  0.16500E+02 -0.20044E-06  0.21593E-06  0.44608E-06
  0.16800E+02 -0.44584E-06  0.22081E-06  0.60146E-06
  0.17100E+02 -0.70263E-06  0.22385E-06  0.76063E-06
  0.17400E+02 -0.96891E-06  0.22495E-06  0.92229E-06
  0.17700E+02 -0.12426E-05  0.22404E-06  0.10851E-05
  0.18000E+02 -0.15217E-05  0.22105E-06  0.12475E-05
  0.18300E+02 -0.18036E-05  0.21596E-06  0.14081E-05
  0.18600E+02 -0.20860E-05  0.20875E-06  0.15654E-05
  0.18900E+02 -0.23664E-05  0.19942E-06  0.17179E-05
  0.19200E+02 -0.26421E-05  0.18801E-06  0.18640E-05
  0.19500E+02 -0.29104E-05  0.17458E-06  0.20023E-05
  0.19800E+02 -0.31688E-05  0.15920E-06  0.21313E-05
  0.20100E+02 -0.34146E-05  0.14196E-06  0.22497E-05
  0.20400E+02 -0.36453E-05  0.12299E-06  0.23559E-05
  0.20700E+02 -0.38583E-05  0.10236E-06  0.24488E-05
  0.21000E+02 -0.40513E-05  0.79923E-07  0.25266E-05
  0.21300E+02 -0.42220E-05  0.54929E-07  0.25868E-05
  0.21600E+02 -0.43684E-05  0.25672E-07  0.26267E-05
  0.21900E+02 -0.44885E-05 -0.10158E-07  0.26436E-05
  0.22200E+02 -0.45808E-05 -0.54592E-07  0.26363E-05
  0.22500E+02 -0.46437E-05 -0.10871E-06  0.26048E-05
  0.22800E+02 -0.46760E-05 -0.17256E-06  0.25496E-05
  0.23100E+02 -0.46769E-05 -0.24544E-06  0.24712E-05
  0.23400E+02 -0.46456E-05 -0.32621E-06  0.23708E-05
  0.23700E+02 -0.45817E-05 -0.41356E-06  0.22493E-05
  0.24000E+02 -0.44850E-05 -0.50601E-06  0.21085E-05
  0.24300E+02 -0.43557E-05 -0.60199E-06  0.19501E-05
  0.24600E+02 -0.41940E-05 -0.69973E-06  0.17762E-05
  0.24900E+02 -0.40005E-05 -0.79723E-06  0.15893E-05
  0.25200E+02 -0.37761E-05 -0.89225E-06  0.13920E-05
  0.25500E+02 -0.35220E-05 -0.98232E-06  0.11870E-05
  0.25800E+02 -0.32395E-05 -0.10649E-05  0.97725E-06
  0.26100E+02 -0.29305E-05 -0.11374E-05  0.76545E-06
  0.26400E+02 -0.25969E-05 -0.11974E-05  0.55454E-06
  0.26700E+02 -0.22408E-05 -0.12427E-05  0.34739E-06
  0.27000E+02 -0.18647E-05 -0.12708E-05  0.14676E-06
  0.27300E+02 -0.14709E-05 -0.12795E-05 -0.44826E-07
  0.27600E+02 -0.10621E-05 -0.12665E-05 -0.22519E-06
  0.27900E+02 -0.64132E-06 -0.12296E-05 -0.39265E-06
  0.28200E+02 -0.21149E-06 -0.11671E-05 -0.54603E-06
  0.28500E+02  0.22428E-06 -0.10775E-05 -0.68465E-06
  0.28800E+02  0.66283E-06 -0.95991E-06 -0.80830E-06
  0.29100E+02  0.11011E-05 -0.81385E-06 -0.91725E-06
  0.29400E+02  0.15359E-05 -0.63950E-06 -0.10123E-05
  0.29700E+02  0.19645E-05 -0.43771E-06 -0.10947E-05
  0.30000E+02  0.23838E-05 -0.21003E-06 -0.11662E-05
  0.30300E+02  0.27913E-05  0.41353E-07 -0.12286E-05
  0.30600E+02  0.31844E-05  0.31372E-06 -0.12843E-05
  0.30900E+02  0.35606E-05  0.60391E-06 -0.13354E-05
  0.31200E+02  0.39178E-05  0.90825E-06 -0.13844E-05
  0.31500E+02  0.42538E-05  0.12226E-05 -0.14333E-05
  0.31800E+02  0.45669E-05  0.15426E-05 -0.14840E-05
  0.32100E+02  0.48555E-05  0.18635E-05 -0.15380E-05
  0.32400E+02  0.51181E-05  0.21808E-05 -0.15967E-05
  0.32700E+02  0.53535E-05  0.24898E-05 -0.16612E-05
  0.33000E+02  0.55606E-05  0.27857E-05 -0.17320E-05
  0.33300E+02  0.57382E-05  0.30639E-05 -0.18096E-05
  0.33600E+02  0.58856E-05  0.33197E-05 -0.18939E-05
  0.33900E+02  0.60019E-05  0.35482E-05 -0.19843E-05
  0.34200E+02  0.60863E-05  0.37449E-05 -0.20801E-05
  0.34500E+02  0.61381E-05  0.39051E-05 -0.21802E-05
  0.34800E+02  0.61569E-05  0.40245E-05 -0.22830E-05
  0.35100E+02  0.61422E-05  0.40991E-05 -0.23869E-05
  0.35400E+02  0.60934E-05  0.41252E-05 -0.24896E-05
  0.35700E+02  0.60106E-05  0.40998E-05 -0.25890E-05
  0.36000E+02  0.58938E-05  0.40204E-05 -0.26825E-05
  0.36300E+02  0.57435E-05  0.38850E-05 -0.27676E-05
  0.36600E+02  0.55605E-05  0.36928E-05 -0.28418E-05
  0.36900E+02  0.53465E-05  0.34435E-05 -0.29027E-05
  0.37200E+02  0.51043E-05  0.31379E-05 -0.29479E-05
  0.37500E+02  0.48385E-05  0.27776E-05 -0.29752E-05
  0.37800E+02  0.45563E-05  0.23641E-05 -0.29828E-05
  0.38100E+02  0.42655E-05  0.18995E-05 -0.29693E-05
  0.38400E+02  0.39730E-05  0.13871E-05 -0.29337E-05
  0.38700E+02  0.36837E-05  0.83145E-06 -0.28759E-05
  0.39000E+02  0.34012E-05  0.23773E-06 -0.27968E-05
  0.39300E+02  0.31279E-05 -0.38851E-06 -0.26985E-05
  0.39600E+02  0.28656E-05 -0.10416E-05 -0.25829E-05
  0.39900E+02  0.26156E-05 -0.17151E-05 -0.24522E-05
  0.40200E+02  0.23785E-05 -0.24021E-05 -0.23084E-05
  0.40500E+02  0.21543E-05 -0.30943E-05 -0.21530E-05
  0.40800E+02  0.19423E-05 -0.37831E-05 -0.19879E-05
  0.41100E+02  0.17416E-05 -0.44595E-05 -0.18149E-05
  0.41400E+02  0.15504E-05 -0.51147E-05 -0.16360E-05
  0.41700E+02  0.13663E-05 -0.57404E-05 -0.14529E-05
  0.42000E+02  0.11860E-05 -0.63284E-05 -0.12667E-05
  0.42300E+02  0.10058E-05 -0.68708E-05 -0.10778E-05
  0.42600E+02  0.82162E-06 -0.73603E-05 -0.88595E-06
  0.42900E+02  0.62907E-06 -0.77898E-05 -0.69070E-06
  0.43200E+02  0.42372E-06 -0.81532E-05 -0.49157E-06
  0.43500E+02  0.20072E-06 -0.84452E-05 -0.28838E-06
  0.43800E+02 -0.45472E-07 -0.86616E-05 -0.81155E-07
  0.44100E+02 -0.32121E-06 -0.87988E-05  0.13002E-06
  0.44400E+02 -0.63305E-06 -0.88540E-05  0.34499E-06
  0.44700E+02 -0.98658E-06 -0.88250E-05  0.56337E-06
  0.45000E+02 -0.13858E-05 -0.87105E-05  0.78434E-06
  0.45300E+02 -0.18331E-05 -0.85101E-05  0.10065E-05
  0.45600E+02 -0.23297E-05 -0.82247E-05  0.12280E-05
  0.45900E+02 -0.28759E-05 -0.78562E-05  0.14466E-05
  0.46200E+02 -0.34708E-05 -0.74075E-05  0.16602E-05
  0.46500E+02 -0.41122E-05 -0.68819E-05  0.18669E-05
  0.46800E+02 -0.47963E-05 -0.62832E-05  0.20645E-05
  0.47100E+02 -0.55170E-05 -0.56158E-05  0.22513E-05
  0.47400E+02 -0.62664E-05 -0.48847E-05  0.24253E-05
  0.47700E+02 -0.70339E-05 -0.40956E-05  0.25845E-05
  0.48000E+02 -0.78071E-05 -0.32548E-05  0.27272E-05
  0.48300E+02 -0.85710E-05 -0.23692E-05  0.28515E-05
  0.48600E+02 -0.93088E-05 -0.14458E-05  0.29557E-05
  0.48900E+02 -0.10003E-04 -0.49147E-06  0.30387E-05
  0.49200E+02 -0.10635E-04  0.48683E-06  0.30994E-05
  0.49500E+02 -0.11186E-04  0.14822E-05  0.31371E-05
  0.49800E+02 -0.11639E-04  0.24878E-05  0.31512E-05
  0.50100E+02 -0.11979E-04  0.34965E-05  0.31414E-05
  0.50400E+02 -0.12191E-04  0.45012E-05  0.31075E-05
  0.50700E+02 -0.12264E-04  0.54951E-05  0.30500E-05
  0.51000E+02 -0.12193E-04  0.64710E-05  0.29695E-05
  0.51300E+02 -0.11973E-04  0.74221E-05  0.28673E-05
  0.51600E+02 -0.11604E-04  0.83415E-05  0.27449E-05
  0.51900E+02 -0.11091E-04  0.92224E-05  0.26038E-05
  0.52200E+02 -0.10440E-04  0.10058E-04  0.24460E-05
  0.52500E+02 -0.96612E-05  0.10841E-04  0.22736E-05
  0.52800E+02 -0.87685E-05  0.11564E-04  0.20890E-05
  0.53100E+02 -0.77780E-05  0.12221E-04  0.18953E-05
  0.53400E+02 -0.67084E-05  0.12804E-04  0.16960E-05
  0.53700E+02 -0.55799E-05  0.13308E-04  0.14958E-05
  0.54000E+02 -0.44135E-05  0.13725E-04  0.12998E-05
  0.54300E+02 -0.32304E-05  0.14049E-04  0.11138E-05
  0.54600E+02 -0.20517E-05  0.14276E-04  0.94431E-06
  0.54900E+02 -0.89731E-06  0.14400E-04  0.79799E-06
  0.55200E+02  0.21424E-06  0.14416E-04  0.68193E-06
  0.55500E+02  0.12661E-05  0.14322E-04  0.60306E-06
  0.55800E+02  0.22436E-05  0.14113E-04  0.56770E-06
  0.56100E+02  0.31346E-05  0.13788E-04  0.58112E-06
  0.56400E+02  0.39304E-05  0.13347E-04  0.64714E-06
  0.56700E+02  0.46261E-05  0.12788E-04  0.76777E-06
  0.57000E+02  0.52205E-05  0.12114E-04  0.94296E-06
  0.57300E+02  0.57158E-05  0.11326E-04  0.11704E-05
  0.57600E+02  0.61168E-05  0.10428E-04  0.14457E-05
  0.57900E+02  0.64311E-05  0.94235E-05  0.17622E-05
  0.58200E+02  0.66683E-05  0.83190E-05  0.21115E-05
  0.58500E+02  0.68394E-05  0.71210E-05  0.24836E-05
  0.58800E+02  0.69563E-05  0.58374E-05  0.28676E-05
  0.59100E+02  0.70311E-05  0.44769E-05  0.32521E-05
  0.59400E+02  0.70753E-05  0.30497E-05  0.36254E-05
  0.59700E+02  0.70996E-05  0.15664E-05  0.39758E-05
  0.60000E+02  0.71132E-05  0.38758E-07  0.42925E-05
  0.60300E+02  0.71240E-05 -0.15209E-05  0.45650E-05
  0.60600E+02  0.71385E-05 -0.30996E-05  0.47838E-05
  0.60900E+02  0.71617E-05 -0.46838E-05  0.49402E-05
  0.61200E+02  0.71978E-05 -0.62597E-05  0.50266E-05
  0.61500E+02  0.72502E-05 -0.78133E-05  0.50367E-05
  0.61800E+02  0.73212E-05 -0.93304E-05  0.49653E-05
  0.62100E+02  0.74122E-05 -0.10797E-04  0.48089E-05
  0.62400E+02  0.75233E-05 -0.12200E-04  0.45655E-05
  0.62700E+02  0.76537E-05 -0.13524E-04  0.42348E-05
  0.63000E+02  0.78016E-05 -0.14758E-04  0.38179E-05
  0.63300E+02  0.79646E-05 -0.15890E-04  0.33176E-05
  0.63600E+02  0.81394E-05 -0.16907E-04  0.27383E-05
  0.63900E+02  0.83216E-05 -0.17799E-04  0.20859E-05
  0.64200E+02  0.85056E-05 -0.18558E-04  0.13678E-05
  0.64500E+02  0.86843E-05 -0.19174E-04  0.59243E-06
  0.64800E+02  0.88496E-05 -0.19641E-04 -0.23037E-06
  0.65100E+02  0.89927E-05 -0.19953E-04 -0.10900E-05
  0.65400E+02  0.91044E-05 -0.20106E-04 -0.19751E-05
  0.65700E+02  0.91758E-05 -0.20097E-04 -0.28737E-05
  0.66000E+02  0.91980E-05 -0.19926E-04 -0.37738E-05
  0.66300E+02  0.91625E-05 -0.19592E-04 -0.46634E-05
  0.66600E+02  0.90612E-05 -0.19098E-04 -0.55308E-05
  0.66900E+02  0.88872E-05 -0.18447E-04 -0.63649E-05
  0.67200E+02  0.86351E-05 -0.17643E-04 -0.71556E-05
  0.67500E+02  0.83011E-05 -0.16694E-04 -0.78937E-05
  0.67800E+02  0.78830E-05 -0.15608E-04 -0.85714E-05
  0.68100E+02  0.73800E-05 -0.14392E-04 -0.91825E-05
  0.68400E+02  0.67922E-05 -0.13059E-04 -0.97220E-05
  0.68700E+02  0.61210E-05 -0.11619E-04 -0.10186E-04
  0.69000E+02  0.53690E-05 -0.10084E-04 -0.10574E-04
  0.69300E+02  0.45394E-05 -0.84688E-05 -0.10883E-04
  0.69600E+02  0.36369E-05 -0.67867E-05 -0.11115E-04
  0.69900E+02  0.26668E-05 -0.50527E-05 -0.11271E-04
  0.70200E+02  0.16360E-05 -0.32818E-05 -0.11353E-04
  0.70500E+02  0.55249E-06 -0.14897E-05 -0.11362E-04
  0.70800E+02 -0.57407E-06  0.30821E-06 -0.11303E-04
  0.71100E+02 -0.17331E-05  0.20962E-05 -0.11177E-04
  0.71400E+02 -0.29130E-05  0.38590E-05 -0.10988E-04
  0.71700E+02 -0.41020E-05  0.55813E-05 -0.10738E-04
  0.72000E+02 -0.52877E-05  0.72487E-05 -0.10430E-04
  0.72300E+02 -0.64570E-05  0.88471E-05 -0.10064E-04
  0.72600E+02 -0.75968E-05  0.10363E-04 -0.96421E-05
  0.72900E+02 -0.86940E-05  0.11785E-04 -0.91638E-05
  0.73200E+02 -0.97362E-05  0.13101E-04 -0.86297E-05
  0.73500E+02 -0.10712E-04  0.14300E-04 -0.80401E-05
  0.73800E+02 -0.11612E-04  0.15374E-04 -0.73951E-05
  0.74100E+02 -0.12428E-04  0.16315E-04 -0.66954E-05
  0.74400E+02 -0.13153E-04  0.17116E-04 -0.59422E-05
  0.74700E+02 -0.13781E-04  0.17773E-04 -0.51376E-05
  0.75000E+02 -0.14311E-04  0.18281E-04 -0.42840E-05
  0.75300E+02 -0.14740E-04  0.18638E-04 -0.33850E-05
  0.75600E+02 -0.15066E-04  0.18843E-04 -0.24449E-05
  0.75900E+02 -0.15292E-04  0.18897E-04 -0.14688E-05
  0.76200E+02 -0.15416E-04  0.18801E-04 -0.46272E-06
  0.76500E+02 -0.15440E-04  0.18560E-04  0.56666E-06
  0.76800E+02 -0.15365E-04  0.18177E-04  0.16118E-05
  0.77100E+02 -0.15190E-04  0.17659E-04  0.26647E-05
  0.77400E+02 -0.14916E-04  0.17011E-04  0.37165E-05
  0.77700E+02 -0.14542E-04  0.16243E-04  0.47581E-05
  0.78000E+02 -0.14070E-04  0.15363E-04  0.57799E-05
  0.78300E+02 -0.13499E-04  0.14381E-04  0.67724E-05
  0.78600E+02 -0.12830E-04  0.13308E-04  0.77262E-05
  0.78900E+02 -0.12066E-04  0.12154E-04  0.86321E-05
  0.79200E+02 -0.11211E-04  0.10932E-04  0.94815E-05
  0.79500E+02 -0.10272E-04  0.96537E-05  0.10266E-04
  0.79800E+02 -0.92547E-05  0.83309E-05  0.10980E-04
  0.80100E+02 -0.81704E-05  0.69764E-05  0.11615E-04
  0.80400E+02 -0.70293E-05  0.56026E-05  0.12167E-04
  0.80700E+02 -0.58430E-05  0.42219E-05  0.12632E-04
  0.81000E+02 -0.46238E-05  0.28462E-05  0.13005E-04
  0.81300E+02 -0.33841E-05  0.14873E-05  0.13286E-04
  0.81600E+02 -0.21361E-05  0.15647E-06  0.13472E-04
  0.81900E+02 -0.89158E-06 -0.11357E-05  0.13564E-04
  0.82200E+02  0.33898E-06 -0.23791E-05  0.13563E-04
  0.82500E+02  0.15460E-05 -0.35644E-05  0.13470E-04
  0.82800E+02  0.27209E-05 -0.46834E-05  0.13286E-04
  0.83100E+02  0.38558E-05 -0.57282E-05  0.13016E-04
  0.83400E+02  0.49437E-05 -0.66923E-05  0.12662E-04
  0.83700E+02  0.59782E-05 -0.75699E-05  0.12229E-04
  0.84000E+02  0.69532E-05 -0.83564E-05  0.11719E-04
  0.84300E+02  0.78628E-05 -0.90481E-05  0.11137E-04
  0.84600E+02  0.87012E-05 -0.96422E-05  0.10489E-04
  0.84900E+02  0.94624E-05 -0.10137E-04  0.97785E-05
  0.85200E+02  0.10141E-04 -0.10532E-04  0.90111E-05
  0.85500E+02  0.10731E-04 -0.10828E-04  0.81923E-05
  0.85800E+02  0.11227E-04 -0.11026E-04  0.73278E-05
  0.86100E+02  0.11625E-04 -0.11127E-04  0.64234E-05
  0.86400E+02  0.11921E-04 -0.11136E-04  0.54856E-05
  0.86700E+02  0.12115E-04 -0.11055E-04  0.45209E-05
  0.87000E+02  0.12205E-04 -0.10890E-04  0.35360E-05
  0.87300E+02  0.12194E-04 -0.10645E-04  0.25379E-05
  0.87600E+02  0.12085E-04 -0.10327E-04  0.15334E-05
  0.87900E+02  0.11882E-04 -0.99411E-05  0.52975E-06
  0.88200E+02  0.11591E-04 -0.94947E-05 -0.46589E-06
  0.88500E+02  0.11219E-04 -0.89946E-05 -0.14463E-05
  0.88800E+02  0.10774E-04 -0.84480E-05 -0.24041E-05
  0.89100E+02  0.10263E-04 -0.78623E-05 -0.33323E-05
  0.89400E+02  0.96959E-05 -0.72452E-05 -0.42237E-05
  0.89700E+02  0.90808E-05 -0.66039E-05 -0.50717E-05
  0.90000E+02  0.84265E-05 -0.59459E-05 -0.58698E-05
  0.90300E+02  0.77413E-05 -0.52784E-05 -0.66122E-05
  0.90600E+02  0.70331E-05 -0.46084E-05 -0.72939E-05
  0.90900E+02  0.63091E-05 -0.39426E-05 -0.79102E-05
  0.91200E+02  0.55764E-05 -0.32873E-05 -0.84574E-05
  0.91500E+02  0.48417E-05 -0.26484E-05 -0.89323E-05
  0.91800E+02  0.41113E-05 -0.20313E-05 -0.93326E-05
  0.92100E+02  0.33917E-05 -0.14409E-05 -0.96568E-05
  0.92400E+02  0.26887E-05 -0.88164E-06 -0.99039E-05
  0.92700E+02  0.20081E-05 -0.35734E-06 -0.10074E-04
  0.93000E+02  0.13552E-05  0.12878E-06 -0.10166E-04
  0.93300E+02  0.73452E-06  0.57410E-06 -0.10181E-04
  0.93600E+02  0.15050E-06  0.97658E-06 -0.10122E-04
  0.93900E+02 -0.39301E-06  0.13348E-05 -0.99881E-05
  0.94200E+02 -0.89271E-06  0.16479E-05 -0.97831E-05
  0.94500E+02 -0.13461E-05  0.19156E-05 -0.95093E-05
  0.94800E+02 -0.17515E-05  0.21383E-05 -0.91702E-05
  0.95100E+02 -0.21082E-05  0.23166E-05 -0.87695E-05
  0.95400E+02 -0.24164E-05  0.24520E-05 -0.83118E-05
  0.95700E+02 -0.26767E-05  0.25462E-05 -0.78021E-05
  0.96000E+02 -0.28904E-05  0.26014E-05 -0.72461E-05
  0.96300E+02 -0.30589E-05  0.26200E-05 -0.66499E-05
  0.96600E+02 -0.31839E-05  0.26050E-05 -0.60201E-05
  0.96900E+02 -0.32675E-05  0.25596E-05 -0.53634E-05
  0.97200E+02 -0.33118E-05  0.24869E-05 -0.46869E-05
  0.97500E+02 -0.33196E-05  0.23906E-05 -0.39980E-05
  0.97800E+02 -0.32937E-05  0.22744E-05 -0.33037E-05
  0.98100E+02 -0.32378E-05  0.21418E-05 -0.26111E-05
  0.98400E+02 -0.31556E-05  0.19967E-05 -0.19268E-05
  0.98700E+02 -0.30514E-05  0.18428E-05 -0.12573E-05
  0.99000E+02 -0.29299E-05  0.16835E-05 -0.60839E-06
  0.99300E+02 -0.27956E-05  0.15225E-05  0.14197E-07
  0.99600E+02 -0.26529E-05  0.13630E-05  0.60531E-06
  0.99900E+02 -0.25057E-05  0.12081E-05  0.11602E-05
  0.10020E+03 -0.23577E-05  0.10608E-05  0.16746E-05
  0.10050E+03 -0.22119E-05  0.92367E-06  0.21446E-05
  0.10080E+03 -0.20711E-05  0.79902E-06  0.25669E-05
  0.10110E+03 -0.19375E-05  0.68889E-06  0.29386E-05
  0.10140E+03 -0.18131E-05  0.59496E-06  0.32578E-05
  0.10170E+03 -0.16994E-05  0.51862E-06  0.35229E-05
  0.10200E+03 -0.15976E-05  0.46087E-06  0.37336E-05
  0.10230E+03 -0.15087E-05  0.42239E-06  0.38901E-05
  0.10260E+03 -0.14342E-05  0.40353E-06  0.39935E-05
  0.10290E+03 -0.13757E-05  0.40427E-06  0.40455E-05
  0.10320E+03 -0.13352E-05  0.42429E-06  0.40488E-05
  0.10350E+03 -0.13144E-05  0.46297E-06  0.40061E-05
  0.10380E+03 -0.13150E-05  0.51937E-06  0.39210E-05
  0.10410E+03 -0.13379E-05  0.59231E-06  0.37973E-05
  0.10440E+03 -0.13838E-05  0.68034E-06  0.36388E-05
  0.10470E+03 -0.14526E-05  0.78181E-06  0.34497E-05
  0.10500E+03 -0.15434E-05  0.89486E-06  0.32340E-05
  0.10530E+03 -0.16549E-05  0.10175E-05  0.29957E-05
  0.10560E+03 -0.17846E-05  0.11476E-05  0.27388E-05
  0.10590E+03 -0.19296E-05  0.12829E-05  0.24670E-05
  0.10620E+03 -0.20860E-05  0.14211E-05  0.21841E-05
  0.10650E+03 -0.22492E-05  0.15599E-05  0.18938E-05
  0.10680E+03 -0.24141E-05  0.16970E-05  0.15996E-05
  0.10710E+03 -0.25757E-05  0.18300E-05  0.13051E-05
  0.10740E+03 -0.27288E-05  0.19568E-05  0.10140E-05
  0.10770E+03 -0.28688E-05  0.20752E-05  0.73004E-06
  0.10800E+03 -0.29917E-05  0.21832E-05  0.45684E-06
  0.10830E+03 -0.30945E-05  0.22789E-05  0.19807E-06
  0.10860E+03 -0.31748E-05  0.23606E-05 -0.42761E-07
  0.10890E+03 -0.32315E-05  0.24267E-05 -0.26232E-06
  0.10920E+03 -0.32642E-05  0.24760E-05 -0.45750E-06
  0.10950E+03 -0.32731E-05  0.25073E-05 -0.62549E-06
  0.10980E+03 -0.32590E-05  0.25197E-05 -0.76386E-06
  0.11010E+03 -0.32230E-05  0.25126E-05 -0.87062E-06
  0.11040E+03 -0.31658E-05  0.24855E-05 -0.94434E-06
  0.11070E+03 -0.30882E-05  0.24383E-05 -0.98416E-06
  0.11100E+03 -0.29903E-05  0.23710E-05 -0.98988E-06
  0.11130E+03 -0.28724E-05  0.22839E-05 -0.96187E-06
  0.11160E+03 -0.27343E-05  0.21776E-05 -0.90107E-06
  0.11190E+03 -0.25760E-05  0.20528E-05 -0.80902E-06
  0.11220E+03 -0.23980E-05  0.19104E-05 -0.68776E-06
  0.11250E+03 -0.22007E-05  0.17516E-05 -0.53982E-06
  0.11280E+03 -0.19851E-05  0.15776E-05 -0.36810E-06
  0.11310E+03 -0.17526E-05  0.13901E-05 -0.17584E-06
  0.11340E+03 -0.15046E-05  0.11905E-05  0.33473E-07
  0.11370E+03 -0.12432E-05  0.98070E-06  0.25619E-06
  0.11400E+03 -0.97066E-06  0.76243E-06  0.48853E-06
  0.11430E+03 -0.68920E-06  0.53762E-06  0.72671E-06
  0.11460E+03 -0.40120E-06  0.30824E-06  0.96706E-06
  0.11490E+03 -0.10881E-06  0.76286E-07  0.12060E-05
  0.11520E+03  0.18593E-06 -0.15625E-06  0.14403E-05
  0.11550E+03  0.48102E-06 -0.38739E-06  0.16668E-05
  0.11580E+03  0.77439E-06 -0.61519E-06  0.18825E-05
  0.11610E+03  0.10639E-05 -0.83774E-06  0.20849E-05
  0.11640E+03  0.13478E-05 -0.10532E-05  0.22714E-05
  0.11670E+03  0.16242E-05 -0.12600E-05  0.24397E-05
  0.11700E+03  0.18919E-05 -0.14563E-05  0.25877E-05
  0.11730E+03  0.21500E-05 -0.16408E-05  0.27133E-05
  0.11760E+03  0.23974E-05 -0.18120E-05  0.28148E-05
  0.11790E+03  0.26332E-05 -0.19689E-05  0.28905E-05
  0.11820E+03  0.28564E-05 -0.21103E-05  0.29392E-05
  0.11850E+03  0.30657E-05 -0.22354E-05  0.29598E-05
  0.11880E+03  0.32596E-05 -0.23435E-05  0.29514E-05
  0.11910E+03  0.34363E-05 -0.24341E-05  0.29132E-05
  0.11940E+03  0.35943E-05 -0.25068E-05  0.28449E-05
  0.11970E+03  0.37320E-05 -0.25615E-05  0.27463E-05
  0.12000E+03  0.38481E-05 -0.25982E-05  0.26175E-05
  0.12030E+03  0.39417E-05 -0.26170E-05  0.24593E-05
  0.12060E+03  0.40117E-05 -0.26183E-05  0.22727E-05
  0.12090E+03  0.40575E-05 -0.26025E-05  0.20592E-05
  0.12120E+03  0.40783E-05 -0.25704E-05  0.18209E-05
  0.12150E+03  0.40736E-05 -0.25226E-05  0.15600E-05
  0.12180E+03  0.40427E-05 -0.24600E-05  0.12794E-05
  0.12210E+03  0.39852E-05 -0.23837E-05  0.98213E-06
  0.12240E+03  0.39008E-05 -0.22948E-05  0.67143E-06
  0.12270E+03  0.37898E-05 -0.21943E-05  0.35073E-06
  0.12300E+03  0.36525E-05 -0.20836E-05  0.23510E-07
  0.12330E+03  0.34899E-05 -0.19639E-05 -0.30678E-06
  0.12360E+03  0.33033E-05 -0.18365E-05 -0.63680E-06
  0.12390E+03  0.30945E-05 -0.17028E-05 -0.96334E-06
  0.12420E+03  0.28658E-05 -0.15642E-05 -0.12835E-05
  0.12450E+03  0.26198E-05 -0.14219E-05 -0.15944E-05
  0.12480E+03  0.23597E-05 -0.12772E-05 -0.18934E-05
  0.12510E+03  0.20885E-05 -0.11315E-05 -0.21781E-05
  0.12540E+03  0.18094E-05 -0.98600E-06 -0.24460E-05
  0.12570E+03  0.15258E-05 -0.84180E-06 -0.26948E-05
  0.12600E+03  0.12409E-05 -0.70003E-06 -0.29224E-05
  0.12630E+03  0.95811E-06 -0.56170E-06 -0.31266E-05
  0.12660E+03  0.68064E-06 -0.42774E-06 -0.33055E-05
  0.12690E+03  0.41146E-06 -0.29900E-06 -0.34571E-05
  0.12720E+03  0.15321E-06 -0.17621E-06 -0.35799E-05
  0.12750E+03 -0.91777E-07 -0.60004E-07 -0.36722E-05
  0.12780E+03 -0.32148E-06  0.49077E-07 -0.37330E-05
  0.12810E+03 -0.53426E-06  0.15061E-06 -0.37614E-05
  0.12840E+03 -0.72889E-06  0.24427E-06 -0.37571E-05
  0.12870E+03 -0.90447E-06  0.32984E-06 -0.37202E-05
  0.12900E+03 -0.10604E-05  0.40721E-06 -0.36512E-05
  0.12930E+03 -0.11961E-05  0.47635E-06 -0.35511E-05
  0.12960E+03 -0.13112E-05  0.53734E-06 -0.34213E-05
  0.12990E+03 -0.14054E-05  0.59035E-06 -0.32637E-05
  0.13020E+03 -0.14785E-05  0.63561E-06 -0.30804E-05
  0.13050E+03 -0.15305E-05  0.67343E-06 -0.28735E-05
  0.13080E+03 -0.15622E-05  0.70421E-06 -0.26453E-05
  0.13110E+03 -0.15748E-05  0.72839E-06 -0.23984E-05
  0.13140E+03 -0.15700E-05  0.74644E-06 -0.21353E-05
  0.13170E+03 -0.15499E-05  0.75891E-06 -0.18588E-05
  0.13200E+03 -0.15169E-05  0.76634E-06 -0.15716E-05
  0.13230E+03 -0.14731E-05  0.76932E-06 -0.12768E-05
  0.13260E+03 -0.14205E-05  0.76845E-06 -0.97749E-06
  0.13290E+03 -0.13610E-05  0.76432E-06 -0.67697E-06
  0.13320E+03 -0.12959E-05  0.75753E-06 -0.37855E-06
  0.13350E+03 -0.12270E-05  0.74866E-06 -0.85599E-07
  0.13380E+03 -0.11557E-05  0.73825E-06  0.19860E-06
  0.13410E+03 -0.10834E-05  0.72686E-06  0.47088E-06
  0.13440E+03 -0.10114E-05  0.71498E-06  0.72823E-06
  0.13470E+03 -0.94055E-06  0.70306E-06  0.96794E-06
  0.13500E+03 -0.87164E-06  0.69153E-06  0.11876E-05
  0.13530E+03 -0.80520E-06  0.68075E-06  0.13852E-05
  0.13560E+03 -0.74173E-06  0.67103E-06  0.15591E-05
  0.13590E+03 -0.68174E-06  0.66263E-06  0.17083E-05
  0.13620E+03 -0.62585E-06  0.65575E-06  0.18323E-05
  0.13650E+03 -0.57485E-06  0.65056E-06  0.19307E-05
  0.13680E+03 -0.52969E-06  0.64712E-06  0.20038E-05
  0.13710E+03 -0.49141E-06  0.64548E-06  0.20520E-05
  0.13740E+03 -0.46096E-06  0.64561E-06  0.20760E-05
  0.13770E+03 -0.43910E-06  0.64744E-06  0.20768E-05
  0.13800E+03 -0.42631E-06  0.65085E-06  0.20555E-05
  0.13830E+03 -0.42287E-06  0.65567E-06  0.20134E-05
  0.13860E+03 -0.42895E-06  0.66168E-06  0.19518E-05
  0.13890E+03 -0.44463E-06  0.66864E-06  0.18723E-05
  0.13920E+03 -0.46978E-06  0.67627E-06  0.17764E-05
  0.13950E+03 -0.50397E-06  0.68425E-06  0.16657E-05
  0.13980E+03 -0.54641E-06  0.69226E-06  0.15419E-05
  0.14010E+03 -0.59597E-06  0.69994E-06  0.14067E-05
  0.14040E+03 -0.65133E-06  0.70696E-06  0.12620E-05
  0.14070E+03 -0.71107E-06  0.71293E-06  0.11098E-05
  0.14100E+03 -0.77389E-06  0.71751E-06  0.95220E-06
  0.14130E+03 -0.83859E-06  0.72035E-06  0.79158E-06
  0.14160E+03 -0.90409E-06  0.72110E-06  0.63023E-06
  0.14190E+03 -0.96929E-06  0.71944E-06  0.47058E-06
  0.14220E+03 -0.10329E-05  0.71508E-06  0.31503E-06
  0.14250E+03 -0.10936E-05  0.70775E-06  0.16586E-06
  0.14280E+03 -0.11499E-05  0.69720E-06  0.25167E-07
  0.14310E+03 -0.12002E-05  0.68322E-06 -0.10526E-06
  0.14340E+03 -0.12434E-05  0.66567E-06 -0.22391E-06
  0.14370E+03 -0.12779E-05  0.64439E-06 -0.32957E-06
  0.14400E+03 -0.13026E-05  0.61932E-06 -0.42125E-06
  0.14430E+03 -0.13162E-05  0.59040E-06 -0.49819E-06
  0.14460E+03 -0.13175E-05  0.55765E-06 -0.55982E-06
  0.14490E+03 -0.13056E-05  0.52111E-06 -0.60578E-06
  0.14520E+03 -0.12800E-05  0.48088E-06 -0.63587E-06
  0.14550E+03 -0.12407E-05  0.43709E-06 -0.65013E-06
  0.14580E+03 -0.11880E-05  0.38992E-06 -0.64876E-06
  0.14610E+03 -0.11226E-05  0.33959E-06 -0.63217E-06
  0.14640E+03 -0.10454E-05  0.28636E-06 -0.60092E-06
  0.14670E+03 -0.95748E-06  0.23052E-06 -0.55581E-06
  0.14700E+03 -0.85987E-06  0.17239E-06 -0.49779E-06
  0.14730E+03 -0.75367E-06  0.11233E-06 -0.42799E-06
  0.14760E+03 -0.63997E-06  0.50713E-07 -0.34775E-06
  0.14790E+03 -0.51979E-06 -0.12059E-07 -0.25853E-06
  0.14820E+03 -0.39403E-06 -0.75573E-07 -0.16193E-06
  0.14850E+03 -0.26344E-06 -0.13940E-06 -0.59625E-07
  0.14880E+03 -0.12865E-06 -0.20312E-06  0.46684E-07
  0.14910E+03  0.97459E-08 -0.26628E-06  0.15532E-06
  0.14940E+03  0.15115E-06 -0.32846E-06  0.26466E-06
  0.14970E+03  0.29483E-06 -0.38921E-06  0.37312E-06
  0.15000E+03  0.43991E-06 -0.44814E-06  0.47920E-06
  0.15030E+03  0.58536E-06 -0.50483E-06  0.58144E-06
  0.15060E+03  0.72995E-06 -0.55889E-06  0.67850E-06
  0.15090E+03  0.87230E-06 -0.60997E-06  0.76910E-06
  0.15120E+03  0.10109E-05 -0.65772E-06  0.85212E-06
  0.15150E+03  0.11443E-05 -0.70185E-06  0.92653E-06
  0.15180E+03  0.12709E-05 -0.74206E-06  0.99143E-06
  0.15210E+03  0.13893E-05 -0.77812E-06  0.10460E-05
  0.15240E+03  0.14981E-05 -0.80981E-06  0.10896E-05
  0.15270E+03  0.15960E-05 -0.83696E-06  0.11217E-05
  0.15300E+03  0.16818E-05 -0.85945E-06  0.11419E-05
  0.15330E+03  0.17546E-05 -0.87716E-06  0.11497E-05
  0.15360E+03  0.18141E-05 -0.89006E-06  0.11449E-05
  0.15390E+03  0.18602E-05 -0.89811E-06  0.11272E-05
  0.15420E+03  0.18932E-05 -0.90133E-06  0.10965E-05
  0.15450E+03  0.19138E-05 -0.89979E-06  0.10525E-05
  0.15480E+03  0.19226E-05 -0.89358E-06  0.99534E-06
  0.15510E+03  0.19203E-05 -0.88283E-06  0.92512E-06
  0.15540E+03  0.19071E-05 -0.86768E-06  0.84223E-06
  0.15570E+03  0.18835E-05 -0.84834E-06  0.74722E-06
  0.15600E+03  0.18497E-05 -0.82502E-06  0.64085E-06
  0.15630E+03  0.18061E-05 -0.79797E-06  0.52403E-06
  0.15660E+03  0.17531E-05 -0.76744E-06  0.39781E-06
  0.15690E+03  0.16914E-05 -0.73373E-06  0.26344E-06
  0.15720E+03  0.16217E-05 -0.69712E-06  0.12235E-06
  0.15750E+03  0.15446E-05 -0.65795E-06 -0.23822E-07
  0.15780E+03  0.14610E-05 -0.61651E-06 -0.17326E-06
  0.15810E+03  0.13715E-05 -0.57315E-06 -0.32400E-06
  0.15840E+03  0.12767E-05 -0.52820E-06 -0.47395E-06
  0.15870E+03  0.11772E-05 -0.48199E-06 -0.62096E-06
  0.15900E+03  0.10734E-05 -0.43484E-06 -0.76290E-06
  0.15930E+03  0.96547E-06 -0.38708E-06 -0.89771E-06
  0.15960E+03  0.85350E-06 -0.33903E-06 -0.10235E-05
  0.15990E+03  0.73745E-06 -0.29098E-06 -0.11387E-05
  0.16020E+03  0.61716E-06 -0.24322E-06 -0.12418E-05
  0.16050E+03  0.49249E-06 -0.19604E-06 -0.13318E-05
  0.16080E+03  0.36348E-06 -0.14969E-06 -0.14079E-05
  0.16110E+03  0.23047E-06 -0.10441E-06 -0.14695E-05
  0.16140E+03  0.94217E-07 -0.60403E-07 -0.15162E-05
  0.16170E+03 -0.44161E-07 -0.17882E-07 -0.15480E-05
  0.16200E+03 -0.18326E-06  0.22983E-07 -0.15646E-05
  0.16230E+03 -0.32158E-06  0.62041E-07 -0.15661E-05
  0.16260E+03 -0.45767E-06  0.99162E-07 -0.15525E-05
  0.16290E+03 -0.59020E-06  0.13424E-06 -0.15239E-05
  0.16320E+03 -0.71792E-06  0.16719E-06 -0.14806E-05
  0.16350E+03 -0.83965E-06  0.19796E-06 -0.14229E-05
  0.16380E+03 -0.95421E-06  0.22650E-06 -0.13515E-05
  0.16410E+03 -0.10604E-05  0.25279E-06 -0.12672E-05
  0.16440E+03 -0.11573E-05  0.27683E-06 -0.11712E-05
  0.16470E+03 -0.12440E-05  0.29865E-06 -0.10649E-05
  0.16500E+03 -0.13198E-05  0.31827E-06 -0.94974E-06
  0.16530E+03 -0.13844E-05  0.33575E-06 -0.82752E-06
  0.16560E+03 -0.14378E-05  0.35115E-06 -0.69999E-06
  0.16590E+03 -0.14801E-05  0.36455E-06 -0.56888E-06
  0.16620E+03 -0.15115E-05  0.37603E-06 -0.43588E-06
  0.16650E+03 -0.15323E-05  0.38569E-06 -0.30253E-06
  0.16680E+03 -0.15430E-05  0.39363E-06 -0.17026E-06
  0.16710E+03 -0.15441E-05  0.39995E-06 -0.40374E-07
  0.16740E+03 -0.15360E-05  0.40477E-06  0.85926E-07
  0.16770E+03 -0.15192E-05  0.40819E-06  0.20753E-06
  0.16800E+03 -0.14944E-05  0.41032E-06  0.32338E-06
  0.16830E+03 -0.14619E-05  0.41128E-06  0.43247E-06
  0.16860E+03 -0.14224E-05  0.41116E-06  0.53382E-06
  0.16890E+03 -0.13762E-05  0.41008E-06  0.62649E-06
  0.16920E+03 -0.13240E-05  0.40813E-06  0.70953E-06
  0.16950E+03 -0.12664E-05  0.40539E-06  0.78205E-06
  0.16980E+03 -0.12039E-05  0.40195E-06  0.84320E-06
  0.17010E+03 -0.11373E-05  0.39789E-06  0.89227E-06
  0.17040E+03 -0.10669E-05  0.39326E-06  0.92868E-06
  0.17070E+03 -0.99316E-06  0.38814E-06  0.95209E-06
  0.17100E+03 -0.91630E-06  0.38256E-06  0.96234E-06
  0.17130E+03 -0.83643E-06  0.37657E-06  0.95950E-06
  0.17160E+03 -0.75366E-06  0.37020E-06  0.94382E-06
  0.17190E+03 -0.66821E-06  0.36346E-06  0.91574E-06
  0.17220E+03 -0.58044E-06  0.35638E-06  0.87589E-06
  0.17250E+03 -0.49089E-06  0.34896E-06  0.82505E-06
  0.17280E+03 -0.40021E-06  0.34120E-06  0.76416E-06
  0.17310E+03 -0.30903E-06  0.33309E-06  0.69432E-06
  0.17340E+03 -0.21795E-06  0.32462E-06  0.61674E-06
  0.17370E+03 -0.12752E-06  0.31577E-06  0.53276E-06
  0.17400E+03 -0.38279E-07  0.30652E-06  0.44374E-06
  0.17430E+03  0.49176E-07  0.29683E-06  0.35111E-06
  0.17460E+03  0.13413E-06  0.28670E-06  0.25627E-06
  0.17490E+03  0.21580E-06  0.27608E-06  0.16060E-06
  0.17520E+03  0.29333E-06  0.26496E-06  0.65405E-07
  0.17550E+03  0.36600E-06  0.25330E-06 -0.28057E-07
  0.17580E+03  0.43322E-06  0.24108E-06 -0.11861E-06
  0.17610E+03  0.49458E-06  0.22828E-06 -0.20515E-06
  0.17640E+03  0.54990E-06  0.21487E-06 -0.28667E-06
  0.17670E+03  0.59920E-06  0.20086E-06 -0.36224E-06
  0.17700E+03  0.64272E-06  0.18622E-06 -0.43103E-06
  0.17730E+03  0.68088E-06  0.17096E-06 -0.49226E-06
  0.17760E+03  0.71424E-06  0.15509E-06 -0.54522E-06
  0.17790E+03  0.74337E-06  0.13860E-06 -0.58924E-06
  0.17820E+03  0.76878E-06  0.12153E-06 -0.62373E-06
  0.17850E+03  0.79084E-06  0.10389E-06 -0.64818E-06
  0.17880E+03  0.80973E-06  0.85721E-07 -0.66220E-06
  0.17910E+03  0.82532E-06  0.67065E-07 -0.66546E-06
  0.17940E+03  0.83719E-06  0.47968E-07 -0.65771E-06
  0.17970E+03  0.84463E-06  0.28487E-07 -0.63877E-06
  0.18000E+03  0.84673E-06  0.86839E-08 -0.60854E-06
  0.18030E+03  0.84259E-06 -0.11372E-07 -0.56703E-06
  0.18060E+03  0.83142E-06 -0.31606E-07 -0.51439E-06
  0.18090E+03  0.81275E-06 -0.51937E-07 -0.45099E-06
  0.18120E+03  0.78649E-06 -0.72279E-07 -0.37741E-06
  0.18150E+03  0.75294E-06 -0.92543E-07 -0.29447E-06
  0.18180E+03  0.71273E-06 -0.11263E-06 -0.20323E-06
  0.18210E+03  0.66673E-06 -0.13246E-06 -0.10504E-06
  0.18240E+03  0.61594E-06 -0.15192E-06 -0.14276E-08
  0.18270E+03  0.56137E-06 -0.17092E-06  0.10588E-06
  0.18300E+03  0.50394E-06 -0.18936E-06  0.21508E-06
  0.18330E+03  0.44440E-06 -0.20714E-06  0.32434E-06
  0.18360E+03  0.38329E-06 -0.22417E-06  0.43187E-06
  0.18390E+03  0.32103E-06 -0.24035E-06  0.53599E-06
  0.18420E+03  0.25797E-06 -0.25561E-06  0.63514E-06
  0.18450E+03  0.19445E-06 -0.26984E-06  0.72793E-06
  0.18480E+03  0.13094E-06 -0.28298E-06  0.81312E-06
  0.18510E+03  0.68096E-07 -0.29496E-06  0.88965E-06
  0.18540E+03  0.68069E-08 -0.30569E-06  0.95662E-06
  0.18570E+03 -0.51819E-07 -0.31514E-06  0.10133E-05
  0.18600E+03 -0.10653E-06 -0.32324E-06  0.10592E-05
  0.18630E+03 -0.15603E-06 -0.32995E-06  0.10938E-05
  0.18660E+03 -0.19911E-06 -0.33525E-06  0.11170E-05
  0.18690E+03 -0.23473E-06 -0.33909E-06  0.11286E-05
  0.18720E+03 -0.26209E-06 -0.34147E-06  0.11286E-05
  0.18750E+03 -0.28068E-06 -0.34238E-06  0.11171E-05
  0.18780E+03 -0.29037E-06 -0.34183E-06  0.10943E-05
  0.18810E+03 -0.29138E-06 -0.33982E-06  0.10604E-05
  0.18840E+03 -0.28433E-06 -0.33636E-06  0.10156E-05
  0.18870E+03 -0.27016E-06 -0.33151E-06  0.96033E-06
  0.18900E+03 -0.25004E-06 -0.32528E-06  0.89492E-06
  0.18930E+03 -0.22526E-06 -0.31773E-06  0.81982E-06
  0.18960E+03 -0.19715E-06 -0.30890E-06  0.73556E-06
  0.18990E+03 -0.16691E-06 -0.29887E-06  0.64282E-06
  0.19020E+03 -0.13558E-06 -0.28769E-06  0.54245E-06
  0.19050E+03 -0.10395E-06 -0.27543E-06  0.43545E-06
  0.19080E+03 -0.72618E-07 -0.26219E-06  0.32303E-06
  0.19110E+03 -0.41921E-07 -0.24804E-06  0.20657E-06
  0.19140E+03 -0.11952E-07 -0.23306E-06  0.87545E-07
  0.19170E+03  0.17415E-07 -0.21735E-06 -0.32528E-07
  0.19200E+03  0.46432E-07 -0.20100E-06 -0.15215E-06
  0.19230E+03  0.75325E-07 -0.18410E-06 -0.26988E-06
  0.19260E+03  0.10415E-06 -0.16675E-06 -0.38442E-06
  0.19290E+03  0.13268E-06 -0.14905E-06 -0.49462E-06
  0.19320E+03  0.16039E-06 -0.13108E-06 -0.59949E-06
  0.19350E+03  0.18653E-06 -0.11295E-06 -0.69824E-06
  0.19380E+03  0.21024E-06 -0.94751E-07 -0.79022E-06
  0.19410E+03  0.23065E-06 -0.76565E-07 -0.87495E-06
  0.19440E+03  0.24706E-06 -0.58483E-07 -0.95200E-06
  0.19470E+03  0.25897E-06 -0.40587E-07 -0.10211E-05
  0.19500E+03  0.26619E-06 -0.22959E-07 -0.10819E-05
  0.19530E+03  0.26887E-06 -0.56728E-08 -0.11343E-05
  0.19560E+03  0.26739E-06  0.11201E-07 -0.11781E-05
  0.19590E+03  0.26236E-06  0.27596E-07 -0.12131E-05
  0.19620E+03  0.25445E-06  0.43452E-07 -0.12391E-05
  0.19650E+03  0.24431E-06  0.58715E-07 -0.12560E-05
  0.19680E+03  0.23251E-06  0.73336E-07 -0.12636E-05
  0.19710E+03  0.21949E-06  0.87271E-07 -0.12618E-05
  0.19740E+03  0.20551E-06  0.10048E-06 -0.12508E-05
  0.19770E+03  0.19076E-06  0.11294E-06 -0.12305E-05
  0.19800E+03  0.17530E-06  0.12461E-06 -0.12013E-05
  0.19830E+03  0.15920E-06  0.13549E-06 -0.11634E-05
  0.19860E+03  0.14250E-06  0.14554E-06 -0.11173E-05
  0.19890E+03  0.12527E-06  0.15477E-06 -0.10634E-05
  0.19920E+03  0.10755E-06  0.16317E-06 -0.10021E-05
  0.19950E+03  0.89330E-07  0.17073E-06 -0.93395E-06
  0.19980E+03  0.70578E-07  0.17747E-06 -0.85930E-06
  0.20010E+03  0.51201E-07  0.18338E-06 -0.77857E-06
  0.20040E+03  0.31112E-07  0.18849E-06 -0.69213E-06
  0.20070E+03  0.10278E-07  0.19280E-06 -0.60041E-06
  0.20100E+03 -0.11243E-07  0.19633E-06 -0.50389E-06
  0.20130E+03 -0.33320E-07  0.19911E-06 -0.40315E-06
  0.20160E+03 -0.55794E-07  0.20115E-06 -0.29891E-06
  0.20190E+03 -0.78520E-07  0.20249E-06 -0.19204E-06
  0.20220E+03 -0.10140E-06  0.20314E-06 -0.83549E-07
  0.20250E+03 -0.12435E-06  0.20314E-06  0.25388E-07
  0.20280E+03 -0.14729E-06  0.20251E-06  0.13349E-06
  0.20310E+03 -0.17004E-06  0.20129E-06  0.23941E-06
  0.20340E+03 -0.19227E-06  0.19949E-06  0.34176E-06
  0.20370E+03 -0.21354E-06  0.19716E-06  0.43918E-06
  0.20400E+03 -0.23331E-06  0.19432E-06  0.53040E-06
  0.20430E+03 -0.25101E-06  0.19099E-06  0.61430E-06
  0.20460E+03 -0.26612E-06  0.18721E-06  0.68990E-06
  0.20490E+03 -0.27819E-06  0.18301E-06  0.75646E-06
  0.20520E+03 -0.28694E-06  0.17840E-06  0.81342E-06
  0.20550E+03 -0.29225E-06  0.17342E-06  0.86046E-06
  0.20580E+03 -0.29420E-06  0.16809E-06  0.89748E-06
  0.20610E+03 -0.29310E-06  0.16242E-06  0.92455E-06
  0.20640E+03 -0.28942E-06  0.15646E-06  0.94193E-06
  0.20670E+03 -0.28378E-06  0.15021E-06  0.95006E-06
  0.20700E+03 -0.27692E-06  0.14369E-06  0.94947E-06
  0.20730E+03 -0.26962E-06  0.13693E-06  0.94080E-06
  0.20760E+03 -0.26266E-06  0.12994E-06  0.92474E-06
  0.20790E+03 -0.25670E-06  0.12274E-06  0.90198E-06
  0.20820E+03 -0.25219E-06  0.11535E-06  0.87321E-06
  0.20850E+03 -0.24933E-06  0.10777E-06  0.83910E-06
  0.20880E+03 -0.24809E-06  0.10004E-06  0.80031E-06
  0.20910E+03 -0.24826E-06  0.92158E-07  0.75748E-06
  0.20940E+03 -0.24957E-06  0.84144E-07  0.71126E-06
  0.20970E+03 -0.25179E-06  0.76013E-07  0.66230E-06
  0.21000E+03 -0.25476E-06  0.67778E-07  0.61129E-06
  0.21030E+03 -0.25841E-06  0.59456E-07  0.55896E-06
  0.21060E+03 -0.26276E-06  0.51061E-07  0.50603E-06
  0.21090E+03 -0.26792E-06  0.42609E-07  0.45326E-06
  0.21120E+03 -0.27403E-06  0.34116E-07  0.40135E-06
  0.21150E+03 -0.28125E-06  0.25599E-07  0.35097E-06
  0.21180E+03 -0.28965E-06  0.17074E-07  0.30269E-06
  0.21210E+03 -0.29918E-06  0.85611E-08  0.25698E-06
  0.21240E+03 -0.30960E-06  0.77279E-10  0.21414E-06
  0.21270E+03 -0.32047E-06 -0.83577E-08  0.17431E-06
  0.21300E+03 -0.33117E-06 -0.16724E-07  0.13751E-06
  0.21330E+03 -0.34095E-06 -0.25001E-07  0.10358E-06
  0.21360E+03 -0.34902E-06 -0.33166E-07  0.72301E-07
  0.21390E+03 -0.35459E-06 -0.41200E-07  0.43334E-07
  0.21420E+03 -0.35695E-06 -0.49077E-07  0.16289E-07
  0.21450E+03 -0.35550E-06 -0.56777E-07 -0.92731E-08
  0.21480E+03 -0.34984E-06 -0.64276E-07 -0.33812E-07
  0.21510E+03 -0.33980E-06 -0.71550E-07 -0.57765E-07
  0.21540E+03 -0.32547E-06 -0.78576E-07 -0.81511E-07
  0.21570E+03 -0.30715E-06 -0.85331E-07 -0.10535E-06
  0.21600E+03 -0.28527E-06 -0.91791E-07 -0.12948E-06
  0.21630E+03 -0.26033E-06 -0.97934E-07 -0.15401E-06
  0.21660E+03 -0.23282E-06 -0.10374E-06 -0.17897E-06
  0.21690E+03 -0.20320E-06 -0.10918E-06 -0.20427E-06
  0.21720E+03 -0.17193E-06 -0.11424E-06 -0.22969E-06
  0.21750E+03 -0.13939E-06 -0.11890E-06 -0.25496E-06
  0.21780E+03 -0.10588E-06 -0.12314E-06 -0.27971E-06
  0.21810E+03 -0.71616E-07 -0.12695E-06 -0.30350E-06
  0.21840E+03 -0.36693E-07 -0.13030E-06 -0.32589E-06
  0.21870E+03 -0.11927E-08 -0.13319E-06 -0.34643E-06
  0.21900E+03  0.34768E-07 -0.13560E-06 -0.36469E-06
  0.21930E+03  0.70978E-07 -0.13752E-06 -0.38028E-06
  0.21960E+03  0.10711E-06 -0.13895E-06 -0.39285E-06
  0.21990E+03  0.14274E-06 -0.13988E-06 -0.40214E-06
  0.22020E+03  0.17732E-06 -0.14030E-06 -0.40797E-06
  0.22050E+03  0.21021E-06 -0.14021E-06 -0.41027E-06
  0.22080E+03  0.24067E-06 -0.13962E-06 -0.40907E-06
  0.22110E+03  0.26792E-06 -0.13853E-06 -0.40447E-06
  0.22140E+03  0.29124E-06 -0.13694E-06 -0.39667E-06
  0.22170E+03  0.31011E-06 -0.13487E-06 -0.38594E-06
  0.22200E+03  0.32432E-06 -0.13232E-06 -0.37264E-06
  0.22230E+03  0.33407E-06 -0.12930E-06 -0.35711E-06
  0.22260E+03  0.33987E-06 -0.12583E-06 -0.33974E-06
  0.22290E+03  0.34250E-06 -0.12192E-06 -0.32089E-06
  0.22320E+03  0.34292E-06 -0.11761E-06 -0.30088E-06
  0.22350E+03  0.34210E-06 -0.11290E-06 -0.28005E-06
  0.22380E+03  0.34103E-06 -0.10781E-06 -0.25867E-06
  0.22410E+03  0.34062E-06 -0.10238E-06 -0.23706E-06
  0.22440E+03  0.34172E-06 -0.96635E-07 -0.21550E-06
  0.22470E+03  0.34503E-06 -0.90591E-07 -0.19432E-06
  0.22500E+03  0.35109E-06 -0.84283E-07 -0.17381E-06
  0.22530E+03  0.36021E-06 -0.77738E-07 -0.15430E-06
  0.22560E+03  0.37239E-06 -0.70987E-07 -0.13607E-06
  0.22590E+03  0.38733E-06 -0.64061E-07 -0.11941E-06
  0.22620E+03  0.40446E-06 -0.56992E-07 -0.10458E-06
  0.22650E+03  0.42301E-06 -0.49810E-07 -0.91824E-07
  0.22680E+03  0.44210E-06 -0.42548E-07 -0.81353E-07
  0.22710E+03  0.46086E-06 -0.35236E-07 -0.73341E-07
  0.22740E+03  0.47844E-06 -0.27906E-07 -0.67911E-07
  0.22770E+03  0.49412E-06 -0.20589E-07 -0.65116E-07
  0.22800E+03  0.50726E-06 -0.13314E-07 -0.64907E-07
  0.22830E+03  0.51734E-06 -0.61117E-08 -0.67108E-07
  0.22860E+03  0.52396E-06  0.99050E-09 -0.71402E-07
  0.22890E+03  0.52685E-06  0.79652E-08 -0.77332E-07
  0.22920E+03  0.52587E-06  0.14786E-07 -0.84327E-07
  0.22950E+03  0.52098E-06  0.21429E-07 -0.91726E-07
  0.22980E+03  0.51232E-06  0.27870E-07 -0.98813E-07
  0.23010E+03  0.50008E-06  0.34087E-07 -0.10486E-06
  0.23040E+03  0.48458E-06  0.40060E-07 -0.10914E-06
  0.23070E+03  0.46615E-06  0.45772E-07 -0.11100E-06
  0.23100E+03  0.44510E-06  0.51204E-07 -0.10986E-06
  0.23130E+03  0.42167E-06  0.56341E-07 -0.10525E-06
  0.23160E+03  0.39597E-06  0.61171E-07 -0.96848E-07
  0.23190E+03  0.36799E-06  0.65682E-07 -0.84447E-07
  0.23220E+03  0.33762E-06  0.69864E-07 -0.68018E-07
  0.23250E+03  0.30467E-06  0.73708E-07 -0.47687E-07
  0.23280E+03  0.26895E-06  0.77209E-07 -0.23748E-07
  0.23310E+03  0.23035E-06  0.80362E-07  0.33556E-08
  0.23340E+03  0.18880E-06  0.83164E-07  0.33058E-07
  0.23370E+03  0.14434E-06  0.85613E-07  0.64708E-07
  0.23400E+03  0.97054E-07  0.87710E-07  0.97609E-07
  0.23430E+03  0.47099E-07  0.89456E-07  0.13107E-06
  0.23460E+03 -0.53236E-08  0.90855E-07  0.16444E-06
  0.23490E+03 -0.59957E-07  0.91910E-07  0.19713E-06
  0.23520E+03 -0.11647E-06  0.92627E-07  0.22866E-06
  0.23550E+03 -0.17444E-06  0.93013E-07  0.25862E-06
  0.23580E+03 -0.23332E-06  0.93075E-07  0.28668E-06
  0.23610E+03 -0.29244E-06  0.92823E-07  0.31260E-06
  0.23640E+03 -0.35102E-06  0.92265E-07  0.33621E-06
  0.23670E+03 -0.40822E-06  0.91412E-07  0.35738E-06
  0.23700E+03 -0.46319E-06  0.90275E-07  0.37607E-06
  0.23730E+03 -0.51505E-06  0.88865E-07  0.39225E-06
  0.23760E+03 -0.56294E-06  0.87195E-07  0.40593E-06
  0.23790E+03 -0.60607E-06  0.85276E-07  0.41713E-06
  0.23820E+03 -0.64369E-06  0.83123E-07  0.42583E-06
  0.23850E+03 -0.67519E-06  0.80747E-07  0.43201E-06
  0.23880E+03 -0.70015E-06  0.78163E-07  0.43562E-06
  0.23910E+03 -0.71831E-06  0.75383E-07  0.43657E-06
  0.23940E+03 -0.72964E-06  0.72422E-07  0.43474E-06
  0.23970E+03 -0.73427E-06  0.69292E-07  0.43001E-06
  0.24000E+03 -0.73248E-06  0.66008E-07  0.42226E-06
  0.24030E+03 -0.72466E-06  0.62582E-07  0.41136E-06
  0.24060E+03 -0.71130E-06  0.59029E-07  0.39721E-06
  0.24090E+03 -0.69293E-06  0.55362E-07  0.37974E-06
  0.24120E+03 -0.67015E-06  0.51593E-07  0.35888E-06
  0.24150E+03 -0.64360E-06  0.47735E-07  0.33461E-06
  0.24180E+03 -0.61389E-06  0.43802E-07  0.30696E-06
  0.24210E+03 -0.58167E-06  0.39805E-07  0.27606E-06
  0.24240E+03 -0.54749E-06  0.35758E-07  0.24210E-06
  0.24270E+03 -0.51187E-06  0.31672E-07  0.20540E-06
  0.24300E+03 -0.47517E-06  0.27559E-07  0.16635E-06
  0.24330E+03 -0.43767E-06  0.23431E-07  0.12542E-06
  0.24360E+03 -0.39950E-06  0.19298E-07  0.83122E-07
  0.24390E+03 -0.36079E-06  0.15173E-07  0.39999E-07
  0.24420E+03 -0.32166E-06  0.11066E-07 -0.34189E-08
  0.24450E+03 -0.28235E-06  0.69872E-08 -0.46626E-07
  0.24480E+03 -0.24321E-06  0.29476E-08 -0.89167E-07
  0.24510E+03 -0.20472E-06 -0.10427E-08 -0.13064E-06
  0.24540E+03 -0.16748E-06 -0.49738E-08 -0.17070E-06
  0.24570E+03 -0.13208E-06 -0.88359E-08 -0.20904E-06
  0.24600E+03 -0.99116E-07 -0.12620E-07 -0.24539E-06
  0.24630E+03 -0.69056E-07 -0.16316E-07 -0.27952E-06
  0.24660E+03 -0.42251E-07 -0.19915E-07 -0.31119E-06
  0.24690E+03 -0.18896E-07 -0.23410E-07 -0.34020E-06
  0.24720E+03  0.97699E-09 -0.26790E-07 -0.36637E-06
  0.24750E+03  0.17511E-07 -0.30048E-07 -0.38952E-06
  0.24780E+03  0.31025E-07 -0.33177E-07 -0.40951E-06
  0.24810E+03  0.42013E-07 -0.36167E-07 -0.42624E-06
  0.24840E+03  0.51108E-07 -0.39013E-07 -0.43961E-06
  0.24870E+03  0.59024E-07 -0.41707E-07 -0.44958E-06
  0.24900E+03  0.66491E-07 -0.44243E-07 -0.45611E-06
  0.24930E+03  0.74207E-07 -0.46614E-07 -0.45924E-06
  0.24960E+03  0.82817E-07 -0.48814E-07 -0.45902E-06
  0.24990E+03  0.92916E-07 -0.50839E-07 -0.45556E-06
  0.25020E+03  0.10505E-06 -0.52683E-07 -0.44899E-06
  0.25050E+03  0.11973E-06 -0.54342E-07 -0.43947E-06
  0.25080E+03  0.13738E-06 -0.55811E-07 -0.42719E-06
  0.25110E+03  0.15833E-06 -0.57088E-07 -0.41231E-06
  0.25140E+03  0.18275E-06 -0.58170E-07 -0.39502E-06
  0.25170E+03  0.21068E-06 -0.59054E-07 -0.37548E-06
  0.25200E+03  0.24197E-06 -0.59739E-07 -0.35383E-06
  0.25230E+03  0.27639E-06 -0.60223E-07 -0.33021E-06
  0.25260E+03  0.31359E-06 -0.60506E-07 -0.30477E-06
  0.25290E+03  0.35322E-06 -0.60589E-07 -0.27766E-06
  0.25320E+03  0.39489E-06 -0.60472E-07 -0.24906E-06
  0.25350E+03  0.43824E-06 -0.60157E-07 -0.21920E-06
  0.25380E+03  0.48288E-06 -0.59646E-07 -0.18829E-06
  0.25410E+03  0.52836E-06 -0.58941E-07 -0.15660E-06
  0.25440E+03  0.57410E-06 -0.58048E-07 -0.12436E-06
  0.25470E+03  0.61933E-06 -0.56969E-07 -0.91789E-07
  0.25500E+03  0.66306E-06 -0.55709E-07 -0.59049E-07
  0.25530E+03  0.70417E-06 -0.54275E-07 -0.26260E-07
  0.25560E+03  0.74142E-06 -0.52673E-07  0.65065E-08
  0.25590E+03  0.77363E-06 -0.50908E-07  0.39197E-07
  0.25620E+03  0.79968E-06 -0.48990E-07  0.71733E-07
  0.25650E+03  0.81867E-06 -0.46925E-07  0.10398E-06
  0.25680E+03  0.82993E-06 -0.44722E-07  0.13570E-06
  0.25710E+03  0.83305E-06 -0.42390E-07  0.16658E-06
  0.25740E+03  0.82792E-06 -0.39939E-07  0.19622E-06
  0.25770E+03  0.81467E-06 -0.37379E-07  0.22413E-06
  0.25800E+03  0.79364E-06 -0.34719E-07  0.24986E-06
  0.25830E+03  0.76530E-06 -0.31971E-07  0.27295E-06
  0.25860E+03  0.73026E-06 -0.29145E-07  0.29307E-06
  0.25890E+03  0.68912E-06 -0.26252E-07  0.30997E-06
  0.25920E+03  0.64250E-06 -0.23304E-07  0.32357E-06
  0.25950E+03  0.59098E-06 -0.20312E-07  0.33390E-06
  0.25980E+03  0.53506E-06 -0.17288E-07  0.34116E-06
  0.26010E+03  0.47516E-06 -0.14243E-07  0.34563E-06
  0.26040E+03  0.41168E-06 -0.11188E-07  0.34769E-06
  0.26070E+03  0.34504E-06 -0.81350E-08  0.34774E-06
  0.26100E+03  0.27570E-06 -0.50954E-08  0.34616E-06
  0.26130E+03  0.20419E-06 -0.20802E-08  0.34331E-06
  0.26160E+03  0.13112E-06  0.89990E-09  0.33945E-06
  0.26190E+03  0.57141E-07  0.38343E-08  0.33474E-06
  0.26220E+03 -0.17045E-07  0.67127E-08  0.32922E-06
  0.26250E+03 -0.90696E-07  0.95253E-08  0.32284E-06
  0.26280E+03 -0.16302E-06  0.12263E-07  0.31546E-06
  0.26310E+03 -0.23322E-06  0.14916E-07  0.30690E-06
  0.26340E+03 -0.30054E-06  0.17476E-07  0.29696E-06
  0.26370E+03 -0.36430E-06  0.19935E-07  0.28542E-06
  0.26400E+03 -0.42398E-06  0.22286E-07  0.27212E-06
  0.26430E+03 -0.47918E-06  0.24521E-07  0.25695E-06
  0.26460E+03 -0.52964E-06  0.26635E-07  0.23983E-06
  0.26490E+03 -0.57520E-06  0.28621E-07  0.22076E-06
  0.26520E+03 -0.61576E-06  0.30475E-07  0.19978E-06
  0.26550E+03 -0.65127E-06  0.32192E-07  0.17699E-06
  0.26580E+03 -0.68167E-06  0.33767E-07  0.15253E-06
  0.26610E+03 -0.70690E-06  0.35199E-07  0.12661E-06
  0.26640E+03 -0.72685E-06  0.36484E-07  0.99469E-07
  0.26670E+03 -0.74140E-06  0.37619E-07  0.71384E-07
  0.26700E+03 -0.75034E-06  0.38605E-07  0.42659E-07
  0.26730E+03 -0.75338E-06  0.39440E-07  0.13604E-07
  0.26760E+03 -0.75018E-06  0.40123E-07 -0.15473E-07
  0.26790E+03 -0.74040E-06  0.40656E-07 -0.44280E-07
  0.26820E+03 -0.72367E-06  0.41039E-07 -0.72549E-07
  0.26850E+03 -0.69976E-06  0.41274E-07 -0.10005E-06
  0.26880E+03 -0.66859E-06  0.41363E-07 -0.12656E-06
  0.26910E+03 -0.63028E-06  0.41309E-07 -0.15193E-06
  0.26940E+03 -0.58523E-06  0.41114E-07 -0.17601E-06
  0.26970E+03 -0.53404E-06  0.40782E-07 -0.19866E-06
  0.27000E+03 -0.47754E-06  0.40317E-07 -0.21978E-06
  0.27030E+03 -0.41670E-06  0.39724E-07 -0.23926E-06
  0.27060E+03 -0.35260E-06  0.39006E-07 -0.25698E-06
  0.27090E+03 -0.28638E-06  0.38169E-07 -0.27279E-06
  0.27120E+03 -0.21918E-06  0.37219E-07 -0.28655E-06
  0.27150E+03 -0.15213E-06  0.36160E-07 -0.29809E-06
  0.27180E+03 -0.86341E-07  0.34999E-07 -0.30725E-06
  0.27210E+03 -0.22877E-07  0.33742E-07 -0.31386E-06
  0.27240E+03  0.37241E-07  0.32394E-07 -0.31775E-06
  0.27270E+03  0.93065E-07  0.30962E-07 -0.31879E-06
  0.27300E+03  0.14375E-06  0.29453E-07 -0.31686E-06
  0.27330E+03  0.18857E-06  0.27874E-07 -0.31188E-06
  0.27360E+03  0.22699E-06  0.26230E-07 -0.30383E-06
  0.27390E+03  0.25865E-06  0.24528E-07 -0.29275E-06
  0.27420E+03  0.28340E-06  0.22776E-07 -0.27876E-06
  0.27450E+03  0.30131E-06  0.20979E-07 -0.26205E-06
  0.27480E+03  0.31261E-06  0.19146E-07 -0.24285E-06
  0.27510E+03  0.31772E-06  0.17281E-07 -0.22148E-06
  0.27540E+03  0.31719E-06  0.15392E-07 -0.19827E-06
  0.27570E+03  0.31160E-06  0.13485E-07 -0.17360E-06
  0.27600E+03  0.30160E-06  0.11567E-07 -0.14788E-06
  0.27630E+03  0.28771E-06  0.96435E-08 -0.12151E-06
  0.27660E+03  0.27040E-06  0.77211E-08 -0.94877E-07
  0.27690E+03  0.24993E-06  0.58058E-08 -0.68366E-07
  0.27720E+03  0.22647E-06  0.39033E-08 -0.42313E-07
  0.27750E+03  0.20005E-06  0.20193E-08 -0.17014E-07
  0.27780E+03  0.17068E-06  0.15929E-09  0.72915E-08
  0.27810E+03  0.13839E-06 -0.16715E-08  0.30417E-07
  0.27840E+03  0.10326E-06 -0.34678E-08  0.52226E-07
  0.27870E+03  0.65451E-07 -0.52248E-08  0.72615E-07
  0.27900E+03  0.25210E-07 -0.69377E-08  0.91496E-07
  0.27930E+03 -0.17147E-07 -0.86019E-08  0.10878E-06
  0.27960E+03 -0.61221E-07 -0.10213E-07  0.12437E-06
  0.27990E+03 -0.10650E-06 -0.11767E-07  0.13815E-06
  0.28020E+03 -0.15236E-06 -0.13261E-07  0.15001E-06
  0.28050E+03 -0.19803E-06 -0.14690E-07  0.15981E-06
  0.28080E+03 -0.24260E-06 -0.16051E-07  0.16743E-06
  0.28110E+03 -0.28510E-06 -0.17341E-07  0.17277E-06
  0.28140E+03 -0.32446E-06 -0.18558E-07  0.17574E-06
  0.28170E+03 -0.35960E-06 -0.19698E-07  0.17632E-06
  0.28200E+03 -0.38946E-06 -0.20759E-07  0.17451E-06
  0.28230E+03 -0.41306E-06 -0.21740E-07  0.17041E-06
  0.28260E+03 -0.42956E-06 -0.22637E-07  0.16420E-06
  0.28290E+03 -0.43832E-06 -0.23450E-07  0.15610E-06
  0.28320E+03 -0.43890E-06 -0.24177E-07  0.14642E-06
  0.28350E+03 -0.43108E-06 -0.24816E-07  0.13549E-06
  0.28380E+03 -0.41485E-06 -0.25368E-07  0.12367E-06
  0.28410E+03 -0.39036E-06 -0.25832E-07  0.11129E-06
  0.28440E+03 -0.35791E-06 -0.26206E-07  0.98666E-07
  0.28470E+03 -0.31786E-06 -0.26492E-07  0.86074E-07
  0.28500E+03 -0.27064E-06 -0.26689E-07  0.73719E-07
  0.28530E+03 -0.21676E-06 -0.26797E-07  0.61755E-07
  0.28560E+03 -0.15676E-06 -0.26818E-07  0.50288E-07
  0.28590E+03 -0.91302E-07 -0.26751E-07  0.39387E-07
  0.28620E+03 -0.21108E-07 -0.26600E-07  0.29094E-07
  0.28650E+03  0.53025E-07 -0.26364E-07  0.19428E-07
  0.28680E+03  0.13025E-06 -0.26046E-07  0.10387E-07
  0.28710E+03  0.20967E-06 -0.25647E-07  0.19402E-08
  0.28740E+03  0.29039E-06 -0.25170E-07 -0.59689E-08
  0.28770E+03  0.37143E-06 -0.24617E-07 -0.13427E-07
  0.28800E+03  0.45177E-06 -0.23991E-07 -0.20543E-07
  0.28830E+03  0.53033E-06 -0.23294E-07 -0.27434E-07
  0.28860E+03  0.60597E-06 -0.22530E-07 -0.34213E-07
  0.28890E+03  0.67757E-06 -0.21701E-07 -0.40966E-07
  0.28920E+03  0.74403E-06 -0.20812E-07 -0.47735E-07
  0.28950E+03  0.80437E-06 -0.19865E-07 -0.54501E-07
  0.28980E+03  0.85773E-06 -0.18865E-07 -0.61170E-07
  0.29010E+03  0.90338E-06 -0.17816E-07 -0.67566E-07
  0.29040E+03  0.94068E-06 -0.16720E-07 -0.73430E-07
  0.29070E+03  0.96906E-06 -0.15583E-07 -0.78432E-07
  0.29100E+03  0.98798E-06 -0.14410E-07 -0.82189E-07
  0.29130E+03  0.99691E-06 -0.13203E-07 -0.84299E-07
  0.29160E+03  0.99536E-06 -0.11968E-07 -0.84385E-07
  0.29190E+03  0.98289E-06 -0.10709E-07 -0.82134E-07
  0.29220E+03  0.95918E-06 -0.94306E-08 -0.77335E-07
  0.29250E+03  0.92401E-06 -0.81374E-08 -0.69903E-07
  0.29280E+03  0.87732E-06 -0.68339E-08 -0.59885E-07
  0.29310E+03  0.81926E-06 -0.55248E-08 -0.47458E-07
  0.29340E+03  0.75017E-06 -0.42145E-08 -0.32918E-07
  0.29370E+03  0.67062E-06 -0.29077E-08 -0.16664E-07
  0.29400E+03  0.58139E-06 -0.16086E-08  0.82262E-09
  0.29430E+03  0.48345E-06 -0.32184E-09  0.19002E-07
  0.29460E+03  0.37796E-06  0.94848E-09  0.37304E-07
  0.29490E+03  0.26625E-06  0.21982E-08  0.55155E-07
  0.29520E+03  0.14976E-06  0.34233E-08  0.72012E-07
  0.29550E+03  0.30008E-07  0.46199E-08  0.87375E-07
  0.29580E+03 -0.91446E-07  0.57842E-08  0.10081E-06
  0.29610E+03 -0.21309E-06  0.69125E-08  0.11197E-06
  0.29640E+03 -0.33347E-06  0.80015E-08  0.12058E-06
  0.29670E+03 -0.45121E-06  0.90478E-08  0.12648E-06
  0.29700E+03 -0.56503E-06  0.10048E-07  0.12960E-06
  0.29730E+03 -0.67374E-06  0.11000E-07  0.12997E-06
  0.29760E+03 -0.77627E-06  0.11900E-07  0.12768E-06
  0.29790E+03 -0.87165E-06  0.12748E-07  0.12293E-06
  0.29820E+03 -0.95902E-06  0.13539E-07  0.11597E-06
  0.29850E+03 -0.10377E-05  0.14273E-07  0.10711E-06
  0.29880E+03 -0.11070E-05  0.14949E-07  0.96713E-07
  0.29910E+03 -0.11665E-05  0.15564E-07  0.85148E-07
  0.29940E+03 -0.12158E-05  0.16117E-07  0.72795E-07
  0.29970E+03 -0.12545E-05  0.16608E-07  0.60009E-07
  0.30000E+03 -0.12826E-05  0.17035E-07  0.47100E-07
  0.30030E+03 -0.12996E-05  0.17399E-07  0.34316E-07
  0.30060E+03 -0.13056E-05  0.17699E-07  0.21830E-07
  0.30090E+03 -0.13005E-05  0.17936E-07  0.97437E-08
  0.30120E+03 -0.12843E-05  0.18109E-07 -0.19025E-08
  0.30150E+03 -0.12570E-05  0.18219E-07 -0.13105E-07
  0.30180E+03 -0.12187E-05  0.18267E-07 -0.23879E-07
  0.30210E+03 -0.11698E-05  0.18253E-07 -0.34236E-07
  0.30240E+03 -0.11106E-05  0.18179E-07 -0.44184E-07
  0.30270E+03 -0.10417E-05  0.18044E-07 -0.53712E-07
  0.30300E+03 -0.96383E-06  0.17851E-07 -0.62793E-07
  0.30330E+03 -0.87790E-06  0.17600E-07 -0.71378E-07
  0.30360E+03 -0.78489E-06  0.17294E-07 -0.79396E-07
  0.30390E+03 -0.68587E-06  0.16935E-07 -0.86756E-07
  0.30420E+03 -0.58200E-06  0.16523E-07 -0.93342E-07
  0.30450E+03 -0.47449E-06  0.16062E-07 -0.99022E-07
  0.30480E+03 -0.36456E-06  0.15553E-07 -0.10366E-06
  0.30510E+03 -0.25340E-06  0.14998E-07 -0.10710E-06
  0.30540E+03 -0.14220E-06  0.14400E-07 -0.10924E-06
  0.30570E+03 -0.32054E-07  0.13761E-07 -0.10999E-06
  0.30600E+03  0.76000E-07  0.13084E-07 -0.10928E-06
  0.30630E+03  0.18105E-06  0.12371E-07 -0.10712E-06
  0.30660E+03  0.27566E-06  0.00000E+00 -0.12308E-06
  0.30690E+03  0.37138E-06  0.00000E+00 -0.11804E-06
