  0.00000E+00  0.15144E-10 -0.31909E-10 -0.60581E-10
  0.30000E+00  0.34810E-10 -0.84124E-10 -0.16959E-09
  0.60000E+00  0.49454E-10 -0.17186E-09 -0.37940E-09
  0.90000E+00  0.22151E-10 -0.29807E-09 -0.72935E-09
  0.12000E+01 -0.10668E-09 -0.47159E-09 -0.12592E-08
  0.15000E+01 -0.41428E-09 -0.71845E-09 -0.20080E-08
  0.18000E+01 -0.99559E-09 -0.10894E-08 -0.30130E-08
  0.21000E+01 -0.19661E-08 -0.16659E-08 -0.43079E-08
  0.24000E+01 -0.34614E-08 -0.25659E-08 -0.59202E-08
  0.27000E+01 -0.56362E-08 -0.39458E-08 -0.78702E-08
  0.30000E+01 -0.86658E-08 -0.59914E-08 -0.10170E-07
  0.33000E+01 -0.12744E-07 -0.89060E-08 -0.12824E-07
  0.36000E+01 -0.18077E-07 -0.12899E-07 -0.15826E-07
  0.39000E+01 -0.24875E-07 -0.18177E-07 -0.19165E-07
  0.42000E+01 -0.33349E-07 -0.24932E-07 -0.22818E-07
  0.45000E+01 -0.43700E-07 -0.33331E-07 -0.26758E-07
  0.48000E+01 -0.56113E-07 -0.43522E-07 -0.30950E-07
  0.51000E+01 -0.70753E-07 -0.55625E-07 -0.35354E-07
  0.54000E+01 -0.87750E-07 -0.69743E-07 -0.39929E-07
  0.57000E+01 -0.10720E-06 -0.85948E-07 -0.44636E-07
  0.60000E+01 -0.12916E-06 -0.10428E-06 -0.49433E-07
  0.63000E+01 -0.15362E-06 -0.12475E-06 -0.54272E-07
  0.66000E+01 -0.18055E-06 -0.14733E-06 -0.59098E-07
  0.69000E+01 -0.20979E-06 -0.17195E-06 -0.63843E-07
  0.72000E+01 -0.24116E-06 -0.19854E-06 -0.68425E-07
  0.75000E+01 -0.27440E-06 -0.22696E-06 -0.72749E-07
  0.78000E+01 -0.30920E-06 -0.25705E-06 -0.76712E-07
  0.81000E+01 -0.34521E-06 -0.28857E-06 -0.80212E-07
  0.84000E+01 -0.38203E-06 -0.32123E-06 -0.83144E-07
  0.87000E+01 -0.41918E-06 -0.35466E-06 -0.85407E-07
  0.90000E+01 -0.45608E-06 -0.38845E-06 -0.86900E-07
  0.93000E+01 -0.49209E-06 -0.42215E-06 -0.87521E-07
  0.96000E+01 -0.52646E-06 -0.45525E-06 -0.87174E-07
  0.99000E+01 -0.55841E-06 -0.48726E-06 -0.85764E-07
  0.10200E+02 -0.58711E-06 -0.51766E-06 -0.83207E-07
  0.10500E+02 -0.61174E-06 -0.54593E-06 -0.79428E-07
  0.10800E+02 -0.63150E-06 -0.57154E-06 -0.74367E-07
  0.11100E+02 -0.64560E-06 -0.59398E-06 -0.67979E-07
  0.11400E+02 -0.65327E-06 -0.61271E-06 -0.60234E-07
  0.11700E+02 -0.65378E-06 -0.62722E-06 -0.51122E-07
  0.12000E+02 -0.64645E-06 -0.63699E-06 -0.40646E-07
  0.12300E+02 -0.63062E-06 -0.64151E-06 -0.28834E-07
  0.12600E+02 -0.60573E-06 -0.64029E-06 -0.15734E-07
  0.12900E+02 -0.57128E-06 -0.63285E-06 -0.14178E-08
  0.13200E+02 -0.52691E-06 -0.61874E-06  0.14014E-07
  0.13500E+02 -0.47240E-06 -0.59757E-06  0.30435E-07
  0.13800E+02 -0.40768E-06 -0.56900E-06  0.47698E-07
  0.14100E+02 -0.33287E-06 -0.53277E-06  0.65630E-07
  0.14400E+02 -0.24821E-06 -0.48866E-06  0.84040E-07
  0.14700E+02 -0.15412E-06 -0.43658E-06  0.10272E-06
  0.15000E+02 -0.51178E-07 -0.37647E-06  0.12147E-06
  0.15300E+02  0.59936E-07 -0.30839E-06  0.14005E-06
  0.15600E+02  0.17841E-06 -0.23249E-06  0.15826E-06
  0.15900E+02  0.30333E-06 -0.14903E-06  0.17587E-06
  0.16200E+02  0.43369E-06 -0.58387E-07  0.19269E-06
  0.16500E+02  0.56844E-06  0.38947E-07  0.20851E-06
  0.16800E+02  0.70644E-06  0.14236E-06  0.22316E-06
  0.17100E+02  0.84651E-06  0.25113E-06  0.23646E-06
  0.17400E+02  0.98746E-06  0.36443E-06  0.24826E-06
  0.17700E+02  0.11281E-05  0.48135E-06  0.25839E-06
  0.18000E+02  0.12671E-05  0.60086E-06  0.26671E-06
  0.18300E+02  0.14033E-05  0.72189E-06  0.27308E-06
  0.18600E+02  0.15355E-05  0.84326E-06  0.27737E-06
  0.18900E+02  0.16625E-05  0.96376E-06  0.27946E-06
  0.19200E+02  0.17831E-05  0.10821E-05  0.27927E-06
  0.19500E+02  0.18965E-05  0.11972E-05  0.27672E-06
  0.19800E+02  0.20014E-05  0.13076E-05  0.27175E-06
  0.20100E+02  0.20970E-05  0.14122E-05  0.26433E-06
  0.20400E+02  0.21825E-05  0.15098E-05  0.25448E-06
  0.20700E+02  0.22569E-05  0.15994E-05  0.24223E-06
  0.21000E+02  0.23195E-05  0.16798E-05  0.22763E-06
  0.21300E+02  0.23697E-05  0.17502E-05  0.21061E-06
  0.21600E+02  0.24069E-05  0.18094E-05  0.19077E-06
  0.21900E+02  0.24306E-05  0.18555E-05  0.16703E-06
  0.22200E+02  0.24403E-05  0.18864E-05  0.13776E-06
  0.22500E+02  0.24359E-05  0.18990E-05  0.10157E-06
  0.22800E+02  0.24170E-05  0.18908E-05  0.58164E-07
  0.23100E+02  0.23834E-05  0.18603E-05  0.82294E-08
  0.23400E+02  0.23348E-05  0.18071E-05 -0.47127E-07
  0.23700E+02  0.22711E-05  0.17315E-05 -0.10670E-06
  0.24000E+02  0.21921E-05  0.16345E-05 -0.16921E-06
  0.24300E+02  0.20978E-05  0.15177E-05 -0.23328E-06
  0.24600E+02  0.19881E-05  0.13826E-05 -0.29741E-06
  0.24900E+02  0.18630E-05  0.12313E-05 -0.36001E-06
  0.25200E+02  0.17227E-05  0.10663E-05 -0.41932E-06
  0.25500E+02  0.15675E-05  0.89030E-06 -0.47342E-06
  0.25800E+02  0.13978E-05  0.70672E-06 -0.52025E-06
  0.26100E+02  0.12141E-05  0.51922E-06 -0.55774E-06
  0.26400E+02  0.10170E-05  0.33160E-06 -0.58398E-06
  0.26700E+02  0.80717E-06  0.14766E-06 -0.59728E-06
  0.27000E+02  0.58541E-06 -0.28792E-07 -0.59600E-06
  0.27300E+02  0.35258E-06 -0.19380E-06 -0.57855E-06
  0.27600E+02  0.10968E-06 -0.34329E-06 -0.54348E-06
  0.27900E+02 -0.14224E-06 -0.47331E-06 -0.48959E-06
  0.28200E+02 -0.40190E-06 -0.58008E-06 -0.41616E-06
  0.28500E+02 -0.66786E-06 -0.66004E-06 -0.32310E-06
  0.28800E+02 -0.93870E-06 -0.71019E-06 -0.21101E-06
  0.29100E+02 -0.12131E-05 -0.72846E-06 -0.81087E-07
  0.29400E+02 -0.14895E-05 -0.71368E-06  0.64869E-07
  0.29700E+02 -0.17664E-05 -0.66550E-06  0.22433E-06
  0.30000E+02 -0.20418E-05 -0.58450E-06  0.39406E-06
  0.30300E+02 -0.23136E-05 -0.47239E-06  0.57023E-06
  0.30600E+02 -0.25797E-05 -0.33209E-06  0.74856E-06
  0.30900E+02 -0.28377E-05 -0.16744E-06  0.92437E-06
  0.31200E+02 -0.30855E-05  0.17042E-07  0.10927E-05
  0.31500E+02 -0.33204E-05  0.21624E-06  0.12486E-05
  0.31800E+02 -0.35401E-05  0.42441E-06  0.13871E-05
  0.32100E+02 -0.37419E-05  0.63509E-06  0.15036E-05
  0.32400E+02 -0.39231E-05  0.84133E-06  0.15937E-05
  0.32700E+02 -0.40812E-05  0.10360E-05  0.16537E-05
  0.33000E+02 -0.42138E-05  0.12122E-05  0.16800E-05
  0.33300E+02 -0.43187E-05  0.13630E-05  0.16699E-05
  0.33600E+02 -0.43941E-05  0.14823E-05  0.16216E-05
  0.33900E+02 -0.44382E-05  0.15644E-05  0.15337E-05
  0.34200E+02 -0.44499E-05  0.16045E-05  0.14058E-05
  0.34500E+02 -0.44280E-05  0.15982E-05  0.12384E-05
  0.34800E+02 -0.43721E-05  0.15419E-05  0.10329E-05
  0.35100E+02 -0.42825E-05  0.14332E-05  0.79151E-06
  0.35400E+02 -0.41601E-05  0.12705E-05  0.51726E-06
  0.35700E+02 -0.40061E-05  0.10534E-05  0.21408E-06
  0.36000E+02 -0.38227E-05  0.78266E-06 -0.11336E-06
  0.36300E+02 -0.36123E-05  0.46025E-06 -0.45966E-06
  0.36600E+02 -0.33777E-05  0.89223E-07 -0.81880E-06
  0.36900E+02 -0.31218E-05 -0.32648E-06 -0.11842E-05
  0.37200E+02 -0.28478E-05 -0.78185E-06 -0.15491E-05
  0.37500E+02 -0.25592E-05 -0.12708E-05 -0.19063E-05
  0.37800E+02 -0.22595E-05 -0.17866E-05 -0.22490E-05
  0.38100E+02 -0.19513E-05 -0.23217E-05 -0.25705E-05
  0.38400E+02 -0.16361E-05 -0.28680E-05 -0.28646E-05
  0.38700E+02 -0.13137E-05 -0.34172E-05 -0.31256E-05
  0.39000E+02 -0.98205E-06 -0.39612E-05 -0.33484E-05
  0.39300E+02 -0.63887E-06 -0.44923E-05 -0.35285E-05
  0.39600E+02 -0.28333E-06 -0.50024E-05 -0.36627E-05
  0.39900E+02  0.83679E-07 -0.54836E-05 -0.37489E-05
  0.40200E+02  0.46012E-06 -0.59283E-05 -0.37864E-05
  0.40500E+02  0.84346E-06 -0.63304E-05 -0.37757E-05
  0.40800E+02  0.12309E-05 -0.66844E-05 -0.37182E-05
  0.41100E+02  0.16194E-05 -0.69855E-05 -0.36157E-05
  0.41400E+02  0.20052E-05 -0.72293E-05 -0.34703E-05
  0.41700E+02  0.23845E-05 -0.74117E-05 -0.32846E-05
  0.42000E+02  0.27532E-05 -0.75290E-05 -0.30617E-05
  0.42300E+02  0.31073E-05 -0.75783E-05 -0.28051E-05
  0.42600E+02  0.34422E-05 -0.75576E-05 -0.25188E-05
  0.42900E+02  0.37532E-05 -0.74657E-05 -0.22060E-05
  0.43200E+02  0.40348E-05 -0.73020E-05 -0.18698E-05
  0.43500E+02  0.42812E-05 -0.70663E-05 -0.15123E-05
  0.43800E+02  0.44861E-05 -0.67589E-05 -0.11348E-05
  0.44100E+02  0.46433E-05 -0.63806E-05 -0.73885E-06
  0.44400E+02  0.47460E-05 -0.59330E-05 -0.32601E-06
  0.44700E+02  0.47872E-05 -0.54186E-05  0.10156E-06
  0.45000E+02  0.47598E-05 -0.48406E-05  0.54124E-06
  0.45300E+02  0.46575E-05 -0.42037E-05  0.98997E-06
  0.45600E+02  0.44756E-05 -0.35136E-05  0.14441E-05
  0.45900E+02  0.42105E-05 -0.27764E-05  0.18990E-05
  0.46200E+02  0.38600E-05 -0.19987E-05  0.23491E-05
  0.46500E+02  0.34227E-05 -0.11872E-05  0.27878E-05
  0.46800E+02  0.28984E-05 -0.34918E-06  0.32080E-05
  0.47100E+02  0.22882E-05  0.50823E-06  0.36024E-05
  0.47400E+02  0.15951E-05  0.13776E-05  0.39646E-05
  0.47700E+02  0.82521E-06  0.22518E-05  0.42893E-05
  0.48000E+02 -0.12296E-07  0.31242E-05  0.45723E-05
  0.48300E+02 -0.90559E-06  0.39891E-05  0.48107E-05
  0.48600E+02 -0.18409E-05  0.48412E-05  0.50028E-05
  0.48900E+02 -0.28023E-05  0.56754E-05  0.51481E-05
  0.49200E+02 -0.37719E-05  0.64866E-05  0.52472E-05
  0.49500E+02 -0.47302E-05  0.72701E-05  0.53018E-05
  0.49800E+02 -0.56559E-05  0.80216E-05  0.53141E-05
  0.50100E+02 -0.65257E-05  0.87370E-05  0.52862E-05
  0.50400E+02 -0.73142E-05  0.94119E-05  0.52199E-05
  0.50700E+02 -0.79948E-05  0.10042E-04  0.51164E-05
  0.51000E+02 -0.85414E-05  0.10622E-04  0.49762E-05
  0.51300E+02 -0.89287E-05  0.11148E-04  0.47999E-05
  0.51600E+02 -0.91335E-05  0.11615E-04  0.45875E-05
  0.51900E+02 -0.91348E-05  0.12018E-04  0.43396E-05
  0.52200E+02 -0.89156E-05  0.12353E-04  0.40564E-05
  0.52500E+02 -0.84644E-05  0.12615E-04  0.37388E-05
  0.52800E+02 -0.77759E-05  0.12801E-04  0.33878E-05
  0.53100E+02 -0.68518E-05  0.12906E-04  0.30047E-05
  0.53400E+02 -0.57006E-05  0.12929E-04  0.25910E-05
  0.53700E+02 -0.43376E-05  0.12865E-04  0.21485E-05
  0.54000E+02 -0.27841E-05  0.12715E-04  0.16788E-05
  0.54300E+02 -0.10659E-05  0.12478E-04  0.11837E-05
  0.54600E+02  0.78727E-06  0.12156E-04  0.66455E-06
  0.54900E+02  0.27424E-05  0.11751E-04  0.12307E-06
  0.55200E+02  0.47633E-05  0.11267E-04 -0.43885E-06
  0.55500E+02  0.68116E-05  0.10706E-04 -0.10186E-05
  0.55800E+02  0.88477E-05  0.10070E-04 -0.16126E-05
  0.56100E+02  0.10831E-04  0.93617E-05 -0.22159E-05
  0.56400E+02  0.12722E-04  0.85813E-05 -0.28220E-05
  0.56700E+02  0.14481E-04  0.77285E-05 -0.34223E-05
  0.57000E+02  0.16072E-04  0.68015E-05 -0.40065E-05
  0.57300E+02  0.17461E-04  0.57974E-05 -0.45629E-05
  0.57600E+02  0.18619E-04  0.47136E-05 -0.50789E-05
  0.57900E+02  0.19519E-04  0.35486E-05 -0.55418E-05
  0.58200E+02  0.20140E-04  0.23025E-05 -0.59395E-05
  0.58500E+02  0.20468E-04  0.97779E-06 -0.62614E-05
  0.58800E+02  0.20491E-04 -0.42105E-06 -0.64989E-05
  0.59100E+02  0.20204E-04 -0.18862E-05 -0.66459E-05
  0.59400E+02  0.19610E-04 -0.34067E-05 -0.66992E-05
  0.59700E+02  0.18712E-04 -0.49687E-05 -0.66585E-05
  0.60000E+02  0.17522E-04 -0.65563E-05 -0.65258E-05
  0.60300E+02  0.16055E-04 -0.81517E-05 -0.63056E-05
  0.60600E+02  0.14330E-04 -0.97363E-05 -0.60042E-05
  0.60900E+02  0.12367E-04 -0.11291E-04 -0.56289E-05
  0.61200E+02  0.10191E-04 -0.12798E-04 -0.51881E-05
  0.61500E+02  0.78311E-05 -0.14239E-04 -0.46908E-05
  0.61800E+02  0.53158E-05 -0.15596E-04 -0.41464E-05
  0.62100E+02  0.26774E-05 -0.16851E-04 -0.35645E-05
  0.62400E+02 -0.49577E-07 -0.17991E-04 -0.29547E-05
  0.62700E+02 -0.28290E-05 -0.18999E-04 -0.23264E-05
  0.63000E+02 -0.56235E-05 -0.19863E-04 -0.16890E-05
  0.63300E+02 -0.83946E-05 -0.20568E-04 -0.10518E-05
  0.63600E+02 -0.11103E-04 -0.21103E-04 -0.42361E-06
  0.63900E+02 -0.13710E-04 -0.21455E-04  0.18698E-06
  0.64200E+02 -0.16176E-04 -0.21613E-04  0.77191E-06
  0.64500E+02 -0.18463E-04 -0.21567E-04  0.13235E-05
  0.64800E+02 -0.20537E-04 -0.21313E-04  0.18347E-05
  0.65100E+02 -0.22370E-04 -0.20845E-04  0.22987E-05
  0.65400E+02 -0.23937E-04 -0.20165E-04  0.27100E-05
  0.65700E+02 -0.25217E-04 -0.19275E-04  0.30638E-05
  0.66000E+02 -0.26197E-04 -0.18182E-04  0.33567E-05
  0.66300E+02 -0.26869E-04 -0.16893E-04  0.35869E-05
  0.66600E+02 -0.27229E-04 -0.15422E-04  0.37537E-05
  0.66900E+02 -0.27280E-04 -0.13781E-04  0.38583E-05
  0.67200E+02 -0.27027E-04 -0.11986E-04  0.39031E-05
  0.67500E+02 -0.26479E-04 -0.10059E-04  0.38918E-05
  0.67800E+02 -0.25648E-04 -0.80184E-05  0.38290E-05
  0.68100E+02 -0.24548E-04 -0.58894E-05  0.37199E-05
  0.68400E+02 -0.23196E-04 -0.36960E-05  0.35702E-05
  0.68700E+02 -0.21609E-04 -0.14636E-05  0.33855E-05
  0.69000E+02 -0.19807E-04  0.78200E-06  0.31713E-05
  0.69300E+02 -0.17809E-04  0.30149E-05  0.29325E-05
  0.69600E+02 -0.15636E-04  0.52095E-05  0.26731E-05
  0.69900E+02 -0.13312E-04  0.73410E-05  0.23968E-05
  0.70200E+02 -0.10861E-04  0.93854E-05  0.21064E-05
  0.70500E+02 -0.83083E-05  0.11320E-04  0.18042E-05
  0.70800E+02 -0.56798E-05  0.13124E-04  0.14920E-05
  0.71100E+02 -0.30028E-05  0.14778E-04  0.11710E-05
  0.71400E+02 -0.30481E-06  0.16267E-04  0.84222E-06
  0.71700E+02  0.23863E-05  0.17578E-04  0.50629E-06
  0.72000E+02  0.50427E-05  0.18697E-04  0.16396E-06
  0.72300E+02  0.76370E-05  0.19615E-04 -0.18373E-06
  0.72600E+02  0.10143E-04  0.20324E-04 -0.53512E-06
  0.72900E+02  0.12535E-04  0.20821E-04 -0.88768E-06
  0.73200E+02  0.14790E-04  0.21100E-04 -0.12379E-05
  0.73500E+02  0.16887E-04  0.21163E-04 -0.15813E-05
  0.73800E+02  0.18809E-04  0.21011E-04 -0.19126E-05
  0.74100E+02  0.20537E-04  0.20650E-04 -0.22261E-05
  0.74400E+02  0.22057E-04  0.20084E-04 -0.25163E-05
  0.74700E+02  0.23356E-04  0.19324E-04 -0.27778E-05
  0.75000E+02  0.24421E-04  0.18381E-04 -0.30062E-05
  0.75300E+02  0.25244E-04  0.17269E-04 -0.31978E-05
  0.75600E+02  0.25815E-04  0.16004E-04 -0.33502E-05
  0.75900E+02  0.26130E-04  0.14603E-04 -0.34622E-05
  0.76200E+02  0.26187E-04  0.13084E-04 -0.35337E-05
  0.76500E+02  0.25985E-04  0.11467E-04 -0.35648E-05
  0.76800E+02  0.25527E-04  0.97700E-05 -0.35565E-05
  0.77100E+02  0.24820E-04  0.80148E-05 -0.35091E-05
  0.77400E+02  0.23873E-04  0.62222E-05 -0.34228E-05
  0.77700E+02  0.22698E-04  0.44132E-05 -0.32972E-05
  0.78000E+02  0.21310E-04  0.26085E-05 -0.31310E-05
  0.78300E+02  0.19727E-04  0.82801E-06 -0.29225E-05
  0.78600E+02  0.17970E-04 -0.90941E-06 -0.26697E-05
  0.78900E+02  0.16061E-04 -0.25858E-05 -0.23708E-05
  0.79200E+02  0.14024E-04 -0.41841E-05 -0.20245E-05
  0.79500E+02  0.11883E-04 -0.56880E-05 -0.16306E-05
  0.79800E+02  0.96618E-05 -0.70824E-05 -0.11898E-05
  0.80100E+02  0.73857E-05 -0.83532E-05 -0.70419E-06
  0.80400E+02  0.50788E-05 -0.94880E-05 -0.17717E-06
  0.80700E+02  0.27645E-05 -0.10476E-04  0.38660E-06
  0.81000E+02  0.46525E-06 -0.11308E-04  0.98122E-06
  0.81300E+02 -0.17978E-05 -0.11978E-04  0.15997E-05
  0.81600E+02 -0.40047E-05 -0.12481E-04  0.22342E-05
  0.81900E+02 -0.61369E-05 -0.12816E-04  0.28761E-05
  0.82200E+02 -0.81765E-05 -0.12984E-04  0.35167E-05
  0.82500E+02 -0.10107E-04 -0.12986E-04  0.41470E-05
  0.82800E+02 -0.11912E-04 -0.12831E-04  0.47578E-05
  0.83100E+02 -0.13577E-04 -0.12523E-04  0.53406E-05
  0.83400E+02 -0.15088E-04 -0.12073E-04  0.58868E-05
  0.83700E+02 -0.16432E-04 -0.11488E-04  0.63887E-05
  0.84000E+02 -0.17597E-04 -0.10779E-04  0.68389E-05
  0.84300E+02 -0.18574E-04 -0.99602E-05  0.72311E-05
  0.84600E+02 -0.19353E-04 -0.90439E-05  0.75595E-05
  0.84900E+02 -0.19928E-04 -0.80454E-05  0.78191E-05
  0.85200E+02 -0.20295E-04 -0.69806E-05  0.80055E-05
  0.85500E+02 -0.20452E-04 -0.58660E-05  0.81148E-05
  0.85800E+02 -0.20403E-04 -0.47180E-05  0.81434E-05
  0.86100E+02 -0.20154E-04 -0.35530E-05  0.80884E-05
  0.86400E+02 -0.19712E-04 -0.23868E-05  0.79475E-05
  0.86700E+02 -0.19088E-04 -0.12343E-05  0.77191E-05
  0.87000E+02 -0.18296E-04 -0.10960E-06  0.74026E-05
  0.87300E+02 -0.17350E-04  0.97435E-06  0.69981E-05
  0.87600E+02 -0.16268E-04  0.20057E-05  0.65070E-05
  0.87900E+02 -0.15066E-04  0.29734E-05  0.59316E-05
  0.88200E+02 -0.13763E-04  0.38671E-05  0.52759E-05
  0.88500E+02 -0.12375E-04  0.46773E-05  0.45453E-05
  0.88800E+02 -0.10920E-04  0.53959E-05  0.37463E-05
  0.89100E+02 -0.94135E-05  0.60157E-05  0.28872E-05
  0.89400E+02 -0.78698E-05  0.65310E-05  0.19770E-05
  0.89700E+02 -0.63033E-05  0.69373E-05  0.10254E-05
  0.90000E+02 -0.47278E-05  0.72317E-05  0.42742E-07
  0.90300E+02 -0.31571E-05  0.74123E-05 -0.96056E-06
  0.90600E+02 -0.16052E-05  0.74790E-05 -0.19741E-05
  0.90900E+02 -0.85548E-07  0.74329E-05 -0.29876E-05
  0.91200E+02  0.13883E-05  0.72765E-05 -0.39910E-05
  0.91500E+02  0.28036E-05  0.70141E-05 -0.49748E-05
  0.91800E+02  0.41480E-05  0.66510E-05 -0.59297E-05
  0.92100E+02  0.54103E-05  0.61943E-05 -0.68470E-05
  0.92400E+02  0.65802E-05  0.56519E-05 -0.77182E-05
  0.92700E+02  0.76484E-05  0.50329E-05 -0.85351E-05
  0.93000E+02  0.86072E-05  0.43468E-05 -0.92895E-05
  0.93300E+02  0.94501E-05  0.36035E-05 -0.99732E-05
  0.93600E+02  0.10172E-04  0.28136E-05 -0.10578E-04
  0.93900E+02  0.10770E-04  0.19877E-05 -0.11097E-04
  0.94200E+02  0.11241E-04  0.11369E-05 -0.11521E-04
  0.94500E+02  0.11584E-04  0.27276E-06 -0.11845E-04
  0.94800E+02  0.11800E-04 -0.59276E-06 -0.12063E-04
  0.95100E+02  0.11889E-04 -0.14474E-05 -0.12170E-04
  0.95400E+02  0.11854E-04 -0.22786E-05 -0.12163E-04
  0.95700E+02  0.11699E-04 -0.30740E-05 -0.12041E-04
  0.96000E+02  0.11428E-04 -0.38216E-05 -0.11804E-04
  0.96300E+02  0.11048E-04 -0.45102E-05 -0.11453E-04
  0.96600E+02  0.10566E-04 -0.51296E-05 -0.10991E-04
  0.96900E+02  0.99906E-05 -0.56706E-05 -0.10422E-04
  0.97200E+02  0.93309E-05 -0.61256E-05 -0.97493E-05
  0.97500E+02  0.85970E-05 -0.64888E-05 -0.89802E-05
  0.97800E+02  0.78000E-05 -0.67567E-05 -0.81209E-05
  0.98100E+02  0.69511E-05 -0.69272E-05 -0.71789E-05
  0.98400E+02  0.60616E-05 -0.69999E-05 -0.61628E-05
  0.98700E+02  0.51426E-05 -0.69757E-05 -0.50817E-05
  0.99000E+02  0.42052E-05 -0.68567E-05 -0.39460E-05
  0.99300E+02  0.32597E-05 -0.66461E-05 -0.27663E-05
  0.99600E+02  0.23167E-05 -0.63486E-05 -0.15543E-05
  0.99900E+02  0.13861E-05 -0.59697E-05 -0.32205E-06
  0.10020E+03  0.47778E-06 -0.55158E-05  0.91774E-06
  0.10050E+03 -0.39889E-06 -0.49939E-05  0.21521E-05
  0.10080E+03 -0.12350E-05 -0.44113E-05  0.33678E-05
  0.10110E+03 -0.20224E-05 -0.37760E-05  0.45514E-05
  0.10140E+03 -0.27535E-05 -0.30963E-05  0.56899E-05
  0.10170E+03 -0.34216E-05 -0.23809E-05  0.67705E-05
  0.10200E+03 -0.40200E-05 -0.16383E-05  0.77811E-05
  0.10230E+03 -0.45429E-05 -0.87728E-06  0.87105E-05
  0.10260E+03 -0.49851E-05 -0.10682E-06  0.95484E-05
  0.10290E+03 -0.53428E-05  0.66403E-06  0.10286E-04
  0.10320E+03 -0.56133E-05  0.14260E-05  0.10916E-04
  0.10350E+03 -0.57961E-05  0.21701E-05  0.11432E-04
  0.10380E+03 -0.58919E-05  0.28871E-05  0.11829E-04
  0.10410E+03 -0.59031E-05  0.35687E-05  0.12104E-04
  0.10440E+03 -0.58334E-05  0.42073E-05  0.12254E-04
  0.10470E+03 -0.56876E-05  0.47958E-05  0.12280E-04
  0.10500E+03 -0.54713E-05  0.53282E-05  0.12181E-04
  0.10530E+03 -0.51906E-05  0.57992E-05  0.11959E-04
  0.10560E+03 -0.48521E-05  0.62042E-05  0.11619E-04
  0.10590E+03 -0.44627E-05  0.65395E-05  0.11165E-04
  0.10620E+03 -0.40299E-05  0.68020E-05  0.10604E-04
  0.10650E+03 -0.35612E-05  0.69896E-05  0.99424E-05
  0.10680E+03 -0.30636E-05  0.71005E-05  0.91902E-05
  0.10710E+03 -0.25438E-05  0.71330E-05  0.83568E-05
  0.10740E+03 -0.20079E-05  0.70863E-05  0.74530E-05
  0.10770E+03 -0.14615E-05  0.69598E-05  0.64901E-05
  0.10800E+03 -0.91005E-06  0.67540E-05  0.54800E-05
  0.10830E+03 -0.35926E-06  0.64704E-05  0.44347E-05
  0.10860E+03  0.18508E-06  0.61120E-05  0.33662E-05
  0.10890E+03  0.71704E-06  0.56833E-05  0.22863E-05
  0.10920E+03  0.12307E-05  0.51899E-05  0.12067E-05
  0.10950E+03  0.17204E-05  0.46387E-05  0.13834E-06
  0.10980E+03  0.21807E-05  0.40370E-05 -0.90801E-06
  0.11010E+03  0.26064E-05  0.33934E-05 -0.19222E-05
  0.11040E+03  0.29927E-05  0.27166E-05 -0.28946E-05
  0.11070E+03  0.33355E-05  0.20156E-05 -0.38162E-05
  0.11100E+03  0.36313E-05  0.12994E-05 -0.46786E-05
  0.11130E+03  0.38775E-05  0.57613E-06 -0.54739E-05
  0.11160E+03  0.40725E-05 -0.14636E-06 -0.61949E-05
  0.11190E+03  0.42151E-05 -0.86105E-06 -0.68351E-05
  0.11220E+03  0.43051E-05 -0.15615E-05 -0.73886E-05
  0.11250E+03  0.43430E-05 -0.22417E-05 -0.78506E-05
  0.11280E+03  0.43295E-05 -0.28959E-05 -0.82167E-05
  0.11310E+03  0.42659E-05 -0.35186E-05 -0.84839E-05
  0.11340E+03  0.41538E-05 -0.41044E-05 -0.86501E-05
  0.11370E+03  0.39952E-05 -0.46483E-05 -0.87141E-05
  0.11400E+03  0.37925E-05 -0.51454E-05 -0.86760E-05
  0.11430E+03  0.35485E-05 -0.55916E-05 -0.85371E-05
  0.11460E+03  0.32664E-05 -0.59830E-05 -0.82997E-05
  0.11490E+03  0.29497E-05 -0.63164E-05 -0.79679E-05
  0.11520E+03  0.26028E-05 -0.65890E-05 -0.75465E-05
  0.11550E+03  0.22302E-05 -0.67984E-05 -0.70421E-05
  0.11580E+03  0.18370E-05 -0.69430E-05 -0.64624E-05
  0.11610E+03  0.14287E-05 -0.70217E-05 -0.58161E-05
  0.11640E+03  0.10109E-05 -0.70341E-05 -0.51128E-05
  0.11670E+03  0.58941E-06 -0.69806E-05 -0.43626E-05
  0.11700E+03  0.17029E-06 -0.68624E-05 -0.35761E-05
  0.11730E+03 -0.24051E-06 -0.66817E-05 -0.27641E-05
  0.11760E+03 -0.63715E-06 -0.64414E-05 -0.19371E-05
  0.11790E+03 -0.10141E-05 -0.61455E-05 -0.11054E-05
  0.11820E+03 -0.13662E-05 -0.57984E-05 -0.27930E-06
  0.11850E+03 -0.16888E-05 -0.54055E-05  0.53175E-06
  0.11880E+03 -0.19776E-05 -0.49723E-05  0.13187E-05
  0.11910E+03 -0.22292E-05 -0.45048E-05  0.20730E-05
  0.11940E+03 -0.24407E-05 -0.40091E-05  0.27870E-05
  0.11970E+03 -0.26099E-05 -0.34914E-05  0.34536E-05
  0.12000E+03 -0.27353E-05 -0.29579E-05  0.40663E-05
  0.12030E+03 -0.28163E-05 -0.24143E-05  0.46189E-05
  0.12060E+03 -0.28529E-05 -0.18656E-05  0.51056E-05
  0.12090E+03 -0.28458E-05 -0.13167E-05  0.55214E-05
  0.12120E+03 -0.27962E-05 -0.77233E-06  0.58613E-05
  0.12150E+03 -0.27062E-05 -0.23699E-06  0.61213E-05
  0.12180E+03 -0.25783E-05  0.28499E-06  0.62981E-05
  0.12210E+03 -0.24161E-05  0.78954E-06  0.63896E-05
  0.12240E+03 -0.22237E-05  0.12728E-05  0.63945E-05
  0.12270E+03 -0.20061E-05  0.17313E-05  0.63131E-05
  0.12300E+03 -0.17687E-05  0.21617E-05  0.61466E-05
  0.12330E+03 -0.15171E-05  0.25613E-05  0.58975E-05
  0.12360E+03 -0.12565E-05  0.29279E-05  0.55692E-05
  0.12390E+03 -0.99191E-06  0.32598E-05  0.51665E-05
  0.12420E+03 -0.72762E-06  0.35556E-05  0.46949E-05
  0.12450E+03 -0.46741E-06  0.38144E-05  0.41606E-05
  0.12480E+03 -0.21462E-06  0.40354E-05  0.35708E-05
  0.12510E+03  0.27632E-07  0.42181E-05  0.29330E-05
  0.12540E+03  0.25619E-06  0.43621E-05  0.22553E-05
  0.12570E+03  0.46770E-06  0.44674E-05  0.15461E-05
  0.12600E+03  0.65858E-06  0.45344E-05  0.81412E-06
  0.12630E+03  0.82520E-06  0.45638E-05  0.68183E-07
  0.12660E+03  0.96425E-06  0.45568E-05 -0.68270E-06
  0.12690E+03  0.10730E-05  0.45154E-05 -0.14294E-05
  0.12720E+03  0.11498E-05  0.44420E-05 -0.21628E-05
  0.12750E+03  0.11937E-05  0.43395E-05 -0.28738E-05
  0.12780E+03  0.12049E-05  0.42109E-05 -0.35532E-05
  0.12810E+03  0.11845E-05  0.40600E-05 -0.41922E-05
  0.12840E+03  0.11341E-05  0.38906E-05 -0.47822E-05
  0.12870E+03  0.10554E-05  0.37065E-05 -0.53149E-05
  0.12900E+03  0.95058E-06  0.35115E-05 -0.57827E-05
  0.12930E+03  0.82150E-06  0.33092E-05 -0.61788E-05
  0.12960E+03  0.66996E-06  0.31025E-05 -0.64974E-05
  0.12990E+03  0.49767E-06  0.28940E-05 -0.67337E-05
  0.13020E+03  0.30636E-06  0.26859E-05 -0.68847E-05
  0.13050E+03  0.97951E-07  0.24803E-05 -0.69485E-05
  0.13080E+03 -0.12532E-06  0.22789E-05 -0.69251E-05
  0.13110E+03 -0.36075E-06  0.20837E-05 -0.68159E-05
  0.13140E+03 -0.60516E-06  0.18963E-05 -0.66236E-05
  0.13170E+03 -0.85487E-06  0.17183E-05 -0.63523E-05
  0.13200E+03 -0.11058E-05  0.15512E-05 -0.60068E-05
  0.13230E+03 -0.13537E-05  0.13961E-05 -0.55927E-05
  0.13260E+03 -0.15945E-05  0.12538E-05 -0.51162E-05
  0.13290E+03 -0.18248E-05  0.11250E-05 -0.45835E-05
  0.13320E+03 -0.20414E-05  0.10093E-05 -0.40012E-05
  0.13350E+03 -0.22416E-05  0.90600E-06 -0.33758E-05
  0.13380E+03 -0.24232E-05  0.81368E-06 -0.27142E-05
  0.13410E+03 -0.25839E-05  0.73036E-06 -0.20232E-05
  0.13440E+03 -0.27219E-05  0.65369E-06 -0.13096E-05
  0.13470E+03 -0.28354E-05  0.58107E-06 -0.58076E-06
  0.13500E+03 -0.29225E-05  0.50995E-06  0.15599E-06
  0.13530E+03 -0.29819E-05  0.43807E-06  0.89295E-06
  0.13560E+03 -0.30121E-05  0.36364E-06  0.16222E-05
  0.13590E+03 -0.30121E-05  0.28532E-06  0.23358E-05
  0.13620E+03 -0.29810E-05  0.20220E-06  0.30257E-05
  0.13650E+03 -0.29182E-05  0.11355E-06  0.36839E-05
  0.13680E+03 -0.28237E-05  0.18654E-07  0.43028E-05
  0.13710E+03 -0.26976E-05 -0.83294E-07  0.48755E-05
  0.13740E+03 -0.25407E-05 -0.19317E-06  0.53952E-05
  0.13770E+03 -0.23546E-05 -0.31180E-06  0.58561E-05
  0.13800E+03 -0.21411E-05 -0.43974E-06  0.62532E-05
  0.13830E+03 -0.19023E-05 -0.57713E-06  0.65822E-05
  0.13860E+03 -0.16407E-05 -0.72350E-06  0.68396E-05
  0.13890E+03 -0.13586E-05 -0.87780E-06  0.70230E-05
  0.13920E+03 -0.10585E-05 -0.10385E-05  0.71308E-05
  0.13950E+03 -0.74322E-06 -0.12040E-05  0.71625E-05
  0.13980E+03 -0.41579E-06 -0.13724E-05  0.71182E-05
  0.14010E+03 -0.79637E-07 -0.15422E-05  0.69991E-05
  0.14040E+03  0.26152E-06 -0.17116E-05  0.68071E-05
  0.14070E+03  0.60370E-06 -0.18791E-05  0.65448E-05
  0.14100E+03  0.94286E-06 -0.20432E-05  0.62155E-05
  0.14130E+03  0.12750E-05 -0.22026E-05  0.58230E-05
  0.14160E+03  0.15966E-05 -0.23560E-05  0.53719E-05
  0.14190E+03  0.19041E-05 -0.25019E-05  0.48674E-05
  0.14220E+03  0.21946E-05 -0.26389E-05  0.43150E-05
  0.14250E+03  0.24658E-05 -0.27652E-05  0.37211E-05
  0.14280E+03  0.27158E-05 -0.28789E-05  0.30924E-05
  0.14310E+03  0.29429E-05 -0.29775E-05  0.24362E-05
  0.14340E+03  0.31459E-05 -0.30579E-05  0.17603E-05
  0.14370E+03  0.33236E-05 -0.31172E-05  0.10729E-05
  0.14400E+03  0.34749E-05 -0.31523E-05  0.38244E-06
  0.14430E+03  0.35990E-05 -0.31608E-05 -0.30231E-06
  0.14460E+03  0.36950E-05 -0.31411E-05 -0.97268E-06
  0.14490E+03  0.37619E-05 -0.30928E-05 -0.16202E-05
  0.14520E+03  0.37988E-05 -0.30167E-05 -0.22368E-05
  0.14550E+03  0.38050E-05 -0.29146E-05 -0.28153E-05
  0.14580E+03  0.37799E-05 -0.27888E-05 -0.33490E-05
  0.14610E+03  0.37230E-05 -0.26421E-05 -0.38325E-05
  0.14640E+03  0.36341E-05 -0.24771E-05 -0.42615E-05
  0.14670E+03  0.35131E-05 -0.22961E-05 -0.46324E-05
  0.14700E+03  0.33603E-05 -0.21008E-05 -0.49430E-05
  0.14730E+03  0.31761E-05 -0.18926E-05 -0.51917E-05
  0.14760E+03  0.29616E-05 -0.16721E-05 -0.53779E-05
  0.14790E+03  0.27185E-05 -0.14399E-05 -0.55013E-05
  0.14820E+03  0.24493E-05 -0.11962E-05 -0.55625E-05
  0.14850E+03  0.21573E-05 -0.94145E-06 -0.55621E-05
  0.14880E+03  0.18465E-05 -0.67632E-06 -0.55016E-05
  0.14910E+03  0.15214E-05 -0.40194E-06 -0.53825E-05
  0.14940E+03  0.11866E-05 -0.12008E-06 -0.52070E-05
  0.14970E+03  0.84679E-06  0.16681E-06 -0.49779E-05
  0.15000E+03  0.50657E-06  0.45571E-06 -0.46984E-05
  0.15030E+03  0.17019E-06  0.74315E-06 -0.43726E-05
  0.15060E+03 -0.15845E-06  0.10254E-05 -0.40051E-05
  0.15090E+03 -0.47586E-06  0.12987E-05 -0.36011E-05
  0.15120E+03 -0.77909E-06  0.15593E-05 -0.31663E-05
  0.15150E+03 -0.10657E-05  0.18041E-05 -0.27068E-05
  0.15180E+03 -0.13337E-05  0.20301E-05 -0.22291E-05
  0.15210E+03 -0.15817E-05  0.22353E-05 -0.17397E-05
  0.15240E+03 -0.18086E-05  0.24183E-05 -0.12450E-05
  0.15270E+03 -0.20134E-05  0.25779E-05 -0.75154E-06
  0.15300E+03 -0.21955E-05  0.27139E-05 -0.26541E-06
  0.15330E+03 -0.23539E-05  0.28260E-05  0.20764E-06
  0.15360E+03 -0.24879E-05  0.29141E-05  0.66231E-06
  0.15390E+03 -0.25967E-05  0.29780E-05  0.10938E-05
  0.15420E+03 -0.26797E-05  0.30176E-05  0.14979E-05
  0.15450E+03 -0.27364E-05  0.30322E-05  0.18707E-05
  0.15480E+03 -0.27663E-05  0.30212E-05  0.22090E-05
  0.15510E+03 -0.27690E-05  0.29841E-05  0.25096E-05
  0.15540E+03 -0.27443E-05  0.29202E-05  0.27703E-05
  0.15570E+03 -0.26923E-05  0.28291E-05  0.29889E-05
  0.15600E+03 -0.26130E-05  0.27108E-05  0.31637E-05
  0.15630E+03 -0.25072E-05  0.25657E-05  0.32935E-05
  0.15660E+03 -0.23761E-05  0.23946E-05  0.33775E-05
  0.15690E+03 -0.22214E-05  0.21990E-05  0.34157E-05
  0.15720E+03 -0.20454E-05  0.19806E-05  0.34083E-05
  0.15750E+03 -0.18510E-05  0.17417E-05  0.33566E-05
  0.15780E+03 -0.16418E-05  0.14850E-05  0.32620E-05
  0.15810E+03 -0.14212E-05  0.12137E-05  0.31266E-05
  0.15840E+03 -0.11928E-05  0.93178E-06  0.29530E-05
  0.15870E+03 -0.95981E-06  0.64322E-06  0.27441E-05
  0.15900E+03 -0.72495E-06  0.35246E-06  0.25031E-05
  0.15930E+03 -0.49051E-06  0.64026E-07  0.22334E-05
  0.15960E+03 -0.25830E-06 -0.21764E-06  0.19387E-05
  0.15990E+03 -0.29745E-07 -0.48837E-06  0.16229E-05
  0.16020E+03  0.19392E-06 -0.74438E-06  0.12899E-05
  0.16050E+03  0.41151E-06 -0.98249E-06  0.94404E-06
  0.16080E+03  0.62168E-06 -0.12002E-05  0.58971E-06
  0.16110E+03  0.82286E-06 -0.13956E-05  0.23151E-06
  0.16140E+03  0.10132E-05 -0.15677E-05 -0.12583E-06
  0.16170E+03  0.11907E-05 -0.17159E-05 -0.47758E-06
  0.16200E+03  0.13532E-05 -0.18400E-05 -0.81898E-06
  0.16230E+03  0.14986E-05 -0.19401E-05 -0.11454E-05
  0.16260E+03  0.16250E-05 -0.20167E-05 -0.14525E-05
  0.16290E+03  0.17305E-05 -0.20699E-05 -0.17362E-05
  0.16320E+03  0.18136E-05 -0.21003E-05 -0.19928E-05
  0.16350E+03  0.18729E-05 -0.21080E-05 -0.22192E-05
  0.16380E+03  0.19075E-05 -0.20933E-05 -0.24127E-05
  0.16410E+03  0.19165E-05 -0.20567E-05 -0.25712E-05
  0.16440E+03  0.18996E-05 -0.19990E-05 -0.26930E-05
  0.16470E+03  0.18568E-05 -0.19211E-05 -0.27766E-05
  0.16500E+03  0.17886E-05 -0.18241E-05 -0.28210E-05
  0.16530E+03  0.16959E-05 -0.17097E-05 -0.28254E-05
  0.16560E+03  0.15801E-05 -0.15800E-05 -0.27893E-05
  0.16590E+03  0.14427E-05 -0.14371E-05 -0.27125E-05
  0.16620E+03  0.12856E-05 -0.12840E-05 -0.25952E-05
  0.16650E+03  0.11108E-05 -0.11233E-05 -0.24383E-05
  0.16680E+03  0.92002E-06 -0.95798E-06 -0.22432E-05
  0.16710E+03  0.71516E-06 -0.79059E-06 -0.20119E-05
  0.16740E+03  0.49805E-06 -0.62360E-06 -0.17474E-05
  0.16770E+03  0.27063E-06 -0.45920E-06 -0.14533E-05
  0.16800E+03  0.35079E-07 -0.29941E-06 -0.11341E-05
  0.16830E+03 -0.20614E-06 -0.14605E-06 -0.79458E-06
  0.16860E+03 -0.45026E-06 -0.73510E-09 -0.44020E-06
  0.16890E+03 -0.69424E-06  0.13521E-06 -0.76579E-07
  0.16920E+03 -0.93476E-06  0.26076E-06  0.29055E-06
  0.16950E+03 -0.11684E-05  0.37523E-06  0.65551E-06
  0.16980E+03 -0.13915E-05  0.47816E-06  0.10128E-05
  0.17010E+03 -0.16009E-05  0.56921E-06  0.13572E-05
  0.17040E+03 -0.17933E-05  0.64804E-06  0.16839E-05
  0.17070E+03 -0.19662E-05  0.71428E-06  0.19887E-05
  0.17100E+03 -0.21172E-05  0.76744E-06  0.22675E-05
  0.17130E+03 -0.22443E-05  0.80685E-06  0.25173E-05
  0.17160E+03 -0.23458E-05  0.83171E-06  0.27354E-05
  0.17190E+03 -0.24206E-05  0.84116E-06  0.29195E-05
  0.17220E+03 -0.24676E-05  0.83450E-06  0.30682E-05
  0.17250E+03 -0.24865E-05  0.81133E-06  0.31801E-05
  0.17280E+03 -0.24770E-05  0.77167E-06  0.32546E-05
  0.17310E+03 -0.24391E-05  0.71600E-06  0.32911E-05
  0.17340E+03 -0.23732E-05  0.64529E-06  0.32893E-05
  0.17370E+03 -0.22795E-05  0.56089E-06  0.32493E-05
  0.17400E+03 -0.21585E-05  0.46446E-06  0.31715E-05
  0.17430E+03 -0.20106E-05  0.35786E-06  0.30562E-05
  0.17460E+03 -0.18365E-05  0.24301E-06  0.29045E-05
  0.17490E+03 -0.16370E-05  0.12178E-06  0.27174E-05
  0.17520E+03 -0.14131E-05 -0.41278E-08  0.24969E-05
  0.17550E+03 -0.11666E-05 -0.13322E-06  0.22450E-05
  0.17580E+03 -0.89901E-06 -0.26421E-06  0.19644E-05
  0.17610E+03 -0.61273E-06 -0.39607E-06  0.16582E-05
  0.17640E+03 -0.31029E-06 -0.52798E-06  0.13301E-05
  0.17670E+03  0.54856E-08 -0.65930E-06  0.98392E-06
  0.17700E+03  0.33155E-06 -0.78948E-06  0.62375E-06
  0.17730E+03  0.66473E-06 -0.91799E-06  0.25394E-06
  0.17760E+03  0.10017E-05 -0.10442E-05 -0.12109E-06
  0.17790E+03  0.13391E-05 -0.11674E-05 -0.49685E-06
  0.17820E+03  0.16737E-05 -0.12868E-05 -0.86890E-06
  0.17850E+03  0.20020E-05 -0.14013E-05 -0.12328E-05
  0.17880E+03  0.23211E-05 -0.15099E-05 -0.15843E-05
  0.17910E+03  0.26278E-05 -0.16117E-05 -0.19191E-05
  0.17940E+03  0.29191E-05 -0.17055E-05 -0.22332E-05
  0.17970E+03  0.31919E-05 -0.17901E-05 -0.25229E-05
  0.18000E+03  0.34435E-05 -0.18644E-05 -0.27846E-05
  0.18030E+03  0.36714E-05 -0.19269E-05 -0.30153E-05
  0.18060E+03  0.38733E-05 -0.19761E-05 -0.32121E-05
  0.18090E+03  0.40475E-05 -0.20104E-05 -0.33728E-05
  0.18120E+03  0.41928E-05 -0.20282E-05 -0.34955E-05
  0.18150E+03  0.43080E-05 -0.20279E-05 -0.35785E-05
  0.18180E+03  0.43920E-05 -0.20079E-05 -0.36210E-05
  0.18210E+03  0.44438E-05 -0.19671E-05 -0.36224E-05
  0.18240E+03  0.44625E-05 -0.19042E-05 -0.35826E-05
  0.18270E+03  0.44470E-05 -0.18186E-05 -0.35024E-05
  0.18300E+03  0.43963E-05 -0.17100E-05 -0.33829E-05
  0.18330E+03  0.43095E-05 -0.15785E-05 -0.32258E-05
  0.18360E+03  0.41862E-05 -0.14245E-05 -0.30333E-05
  0.18390E+03  0.40263E-05 -0.12485E-05 -0.28082E-05
  0.18420E+03  0.38305E-05 -0.10516E-05 -0.25534E-05
  0.18450E+03  0.35998E-05 -0.83466E-06 -0.22724E-05
  0.18480E+03  0.33364E-05 -0.59902E-06 -0.19686E-05
  0.18510E+03  0.30427E-05 -0.34623E-06 -0.16457E-05
  0.18540E+03  0.27218E-05 -0.78138E-07 -0.13071E-05
  0.18570E+03  0.23773E-05  0.20316E-06 -0.95668E-06
  0.18600E+03  0.20127E-05  0.49538E-06 -0.59790E-06
  0.18630E+03  0.16315E-05  0.79611E-06 -0.23435E-06
  0.18660E+03  0.12372E-05  0.11029E-05  0.13042E-06
  0.18690E+03  0.83318E-06  0.14132E-05  0.49287E-06
  0.18720E+03  0.42248E-06  0.17245E-05  0.84950E-06
  0.18750E+03  0.81859E-08  0.20342E-05  0.11969E-05
  0.18780E+03 -0.40672E-06  0.23395E-05  0.15316E-05
  0.18810E+03 -0.81933E-06  0.26378E-05  0.18505E-05
  0.18840E+03 -0.12268E-05  0.29264E-05  0.21504E-05
  0.18870E+03 -0.16262E-05  0.32026E-05  0.24284E-05
  0.18900E+03 -0.20147E-05  0.34639E-05  0.26818E-05
  0.18930E+03 -0.23896E-05  0.37078E-05  0.29083E-05
  0.18960E+03 -0.27481E-05  0.39322E-05  0.31056E-05
  0.18990E+03 -0.30875E-05  0.41352E-05  0.32718E-05
  0.19020E+03 -0.34052E-05  0.43151E-05  0.34053E-05
  0.19050E+03 -0.36986E-05  0.44705E-05  0.35046E-05
  0.19080E+03 -0.39657E-05  0.46001E-05  0.35685E-05
  0.19110E+03 -0.42045E-05  0.47024E-05  0.35962E-05
  0.19140E+03 -0.44138E-05  0.47761E-05  0.35871E-05
  0.19170E+03 -0.45928E-05  0.48193E-05  0.35408E-05
  0.19200E+03 -0.47410E-05  0.48302E-05  0.34575E-05
  0.19230E+03 -0.48586E-05  0.48069E-05  0.33380E-05
  0.19260E+03 -0.49457E-05  0.47476E-05  0.31832E-05
  0.19290E+03 -0.50026E-05  0.46504E-05  0.29949E-05
  0.19320E+03 -0.50295E-05  0.45143E-05  0.27751E-05
  0.19350E+03 -0.50267E-05  0.43388E-05  0.25265E-05
  0.19380E+03 -0.49943E-05  0.41243E-05  0.22521E-05
  0.19410E+03 -0.49326E-05  0.38723E-05  0.19553E-05
  0.19440E+03 -0.48420E-05  0.35854E-05  0.16394E-05
  0.19470E+03 -0.47232E-05  0.32668E-05  0.13083E-05
  0.19500E+03 -0.45773E-05  0.29201E-05  0.96549E-06
  0.19530E+03 -0.44057E-05  0.25491E-05  0.61465E-06
  0.19560E+03 -0.42102E-05  0.21573E-05  0.25932E-06
  0.19590E+03 -0.39924E-05  0.17482E-05 -0.97001E-07
  0.19620E+03 -0.37545E-05  0.13248E-05 -0.45086E-06
  0.19650E+03 -0.34981E-05  0.88975E-06 -0.79884E-06
  0.19680E+03 -0.32252E-05  0.44552E-06 -0.11376E-05
  0.19710E+03 -0.29377E-05 -0.55892E-08 -0.14639E-05
  0.19740E+03 -0.26376E-05 -0.46121E-06 -0.17745E-05
  0.19770E+03 -0.23270E-05 -0.91881E-06 -0.20664E-05
  0.19800E+03 -0.20080E-05 -0.13756E-05 -0.23369E-05
  0.19830E+03 -0.16829E-05 -0.18283E-05 -0.25833E-05
  0.19860E+03 -0.13541E-05 -0.22733E-05 -0.28035E-05
  0.19890E+03 -0.10240E-05 -0.27067E-05 -0.29953E-05
  0.19920E+03 -0.69470E-06 -0.31239E-05 -0.31570E-05
  0.19950E+03 -0.36852E-06 -0.35204E-05 -0.32873E-05
  0.19980E+03 -0.47503E-07 -0.38916E-05 -0.33850E-05
  0.20010E+03  0.26619E-06 -0.42331E-05 -0.34493E-05
  0.20040E+03  0.57020E-06 -0.45408E-05 -0.34796E-05
  0.20070E+03  0.86183E-06 -0.48112E-05 -0.34760E-05
  0.20100E+03  0.11381E-05 -0.50413E-05 -0.34384E-05
  0.20130E+03  0.13959E-05 -0.52290E-05 -0.33676E-05
  0.20160E+03  0.16322E-05 -0.53724E-05 -0.32643E-05
  0.20190E+03  0.18442E-05 -0.54707E-05 -0.31299E-05
  0.20220E+03  0.20298E-05 -0.55233E-05 -0.29661E-05
  0.20250E+03  0.21876E-05 -0.55299E-05 -0.27749E-05
  0.20280E+03  0.23168E-05 -0.54907E-05 -0.25585E-05
  0.20310E+03  0.24177E-05 -0.54062E-05 -0.23195E-05
  0.20340E+03  0.24908E-05 -0.52772E-05 -0.20606E-05
  0.20370E+03  0.25375E-05 -0.51050E-05 -0.17846E-05
  0.20400E+03  0.25595E-05 -0.48912E-05 -0.14943E-05
  0.20430E+03  0.25585E-05 -0.46379E-05 -0.11928E-05
  0.20460E+03  0.25363E-05 -0.43477E-05 -0.88290E-06
  0.20490E+03  0.24947E-05 -0.40235E-05 -0.56771E-06
  0.20520E+03  0.24353E-05 -0.36689E-05 -0.25025E-06
  0.20550E+03  0.23596E-05 -0.32875E-05  0.66378E-07
  0.20580E+03  0.22688E-05 -0.28836E-05  0.37899E-06
  0.20610E+03  0.21644E-05 -0.24616E-05  0.68434E-06
  0.20640E+03  0.20476E-05 -0.20260E-05  0.97915E-06
  0.20670E+03  0.19201E-05 -0.15816E-05  0.12602E-05
  0.20700E+03  0.17840E-05 -0.11329E-05  0.15243E-05
  0.20730E+03  0.16415E-05 -0.68428E-06  0.17687E-05
  0.20760E+03  0.14956E-05 -0.23975E-06  0.19907E-05
  0.20790E+03  0.13491E-05  0.19706E-06  0.21880E-05
  0.20820E+03  0.12052E-05  0.62293E-06  0.23590E-05
  0.20850E+03  0.10668E-05  0.10350E-05  0.25023E-05
  0.20880E+03  0.93660E-06  0.14307E-05  0.26172E-05
  0.20910E+03  0.81696E-06  0.18074E-05  0.27031E-05
  0.20940E+03  0.70966E-06  0.21628E-05  0.27603E-05
  0.20970E+03  0.61605E-06  0.24943E-05  0.27889E-05
  0.21000E+03  0.53703E-06  0.27993E-05  0.27896E-05
  0.21030E+03  0.47325E-06  0.30752E-05  0.27631E-05
  0.21060E+03  0.42518E-06  0.33196E-05  0.27106E-05
  0.21090E+03  0.39322E-06  0.35301E-05  0.26331E-05
  0.21120E+03  0.37776E-06  0.37046E-05  0.25322E-05
  0.21150E+03  0.37917E-06  0.38416E-05  0.24094E-05
  0.21180E+03  0.39775E-06  0.39397E-05  0.22664E-05
  0.21210E+03  0.43375E-06  0.39981E-05  0.21054E-05
  0.21240E+03  0.48734E-06  0.40163E-05  0.19284E-05
  0.21270E+03  0.55855E-06  0.39944E-05  0.17377E-05
  0.21300E+03  0.64720E-06  0.39323E-05  0.15357E-05
  0.21330E+03  0.75282E-06  0.38307E-05  0.13249E-05
  0.21360E+03  0.87459E-06  0.36902E-05  0.11079E-05
  0.21390E+03  0.10113E-05  0.35119E-05  0.88737E-06
  0.21420E+03  0.11615E-05  0.32973E-05  0.66578E-06
  0.21450E+03  0.13232E-05  0.30485E-05  0.44569E-06
  0.21480E+03  0.14942E-05  0.27678E-05  0.22948E-06
  0.21510E+03  0.16719E-05  0.24583E-05  0.19400E-07
  0.21540E+03  0.18536E-05  0.21236E-05 -0.18253E-06
  0.21570E+03  0.20365E-05  0.17673E-05 -0.37450E-06
  0.21600E+03  0.22179E-05  0.13937E-05 -0.55494E-06
  0.21630E+03  0.23953E-05  0.10065E-05 -0.72251E-06
  0.21660E+03  0.25667E-05  0.60971E-06 -0.87607E-06
  0.21690E+03  0.27299E-05  0.20695E-06 -0.10147E-05
  0.21720E+03  0.28832E-05 -0.19830E-06 -0.11376E-05
  0.21750E+03  0.30246E-05 -0.60271E-06 -0.12441E-05
  0.21780E+03  0.31521E-05 -0.10031E-05 -0.13338E-05
  0.21810E+03  0.32634E-05 -0.13961E-05 -0.14063E-05
  0.21840E+03  0.33560E-05 -0.17787E-05 -0.14616E-05
  0.21870E+03  0.34273E-05 -0.21475E-05 -0.14998E-05
  0.21900E+03  0.34748E-05 -0.24991E-05 -0.15209E-05
  0.21930E+03  0.34960E-05 -0.28302E-05 -0.15256E-05
  0.21960E+03  0.34890E-05 -0.31374E-05 -0.15141E-05
  0.21990E+03  0.34519E-05 -0.34175E-05 -0.14872E-05
  0.22020E+03  0.33835E-05 -0.36678E-05 -0.14455E-05
  0.22050E+03  0.32830E-05 -0.38853E-05 -0.13897E-05
  0.22080E+03  0.31499E-05 -0.40679E-05 -0.13205E-05
  0.22110E+03  0.29841E-05 -0.42134E-05 -0.12388E-05
  0.22140E+03  0.27857E-05 -0.43200E-05 -0.11457E-05
  0.22170E+03  0.25552E-05 -0.43864E-05 -0.10422E-05
  0.22200E+03  0.22931E-05 -0.44118E-05 -0.92980E-06
  0.22230E+03  0.20005E-05 -0.43958E-05 -0.80980E-06
  0.22260E+03  0.16785E-05 -0.43386E-05 -0.68379E-06
  0.22290E+03  0.13290E-05 -0.42410E-05 -0.55337E-06
  0.22320E+03  0.95399E-06 -0.41044E-05 -0.42016E-06
  0.22350E+03  0.55604E-06 -0.39305E-05 -0.28582E-06
  0.22380E+03  0.13811E-06 -0.37216E-05 -0.15197E-06
  0.22410E+03 -0.29652E-06 -0.34803E-05 -0.20246E-07
  0.22440E+03 -0.74422E-06 -0.32092E-05  0.10770E-06
  0.22470E+03 -0.12011E-05 -0.29108E-05  0.23020E-06
  0.22500E+03 -0.16630E-05 -0.25878E-05  0.34555E-06
  0.22530E+03 -0.21257E-05 -0.22425E-05  0.45207E-06
  0.22560E+03 -0.25846E-05 -0.18774E-05  0.54807E-06
  0.22590E+03 -0.30350E-05 -0.14949E-05  0.63198E-06
  0.22620E+03 -0.34723E-05 -0.10979E-05  0.70239E-06
  0.22650E+03 -0.38918E-05 -0.68901E-06  0.75804E-06
  0.22680E+03 -0.42892E-05 -0.27136E-06  0.79795E-06
  0.22710E+03 -0.46603E-05  0.15198E-06  0.82135E-06
  0.22740E+03 -0.50012E-05  0.57785E-06  0.82777E-06
  0.22770E+03 -0.53086E-05  0.10031E-05  0.81704E-06
  0.22800E+03 -0.55792E-05  0.14244E-05  0.78932E-06
  0.22830E+03 -0.58105E-05  0.18386E-05  0.74507E-06
  0.22860E+03 -0.60001E-05  0.22424E-05  0.68510E-06
  0.22890E+03 -0.61461E-05  0.26325E-05  0.61049E-06
  0.22920E+03 -0.62473E-05  0.30056E-05  0.52261E-06
  0.22950E+03 -0.63028E-05  0.33585E-05  0.42306E-06
  0.22980E+03 -0.63123E-05  0.36881E-05  0.31364E-06
  0.23010E+03 -0.62760E-05  0.39914E-05  0.19631E-06
  0.23040E+03 -0.61947E-05  0.42658E-05  0.73177E-07
  0.23070E+03 -0.60694E-05  0.45090E-05 -0.53591E-07
  0.23100E+03 -0.59018E-05  0.47193E-05 -0.18176E-06
  0.23130E+03 -0.56942E-05  0.48953E-05 -0.30910E-06
  0.23160E+03 -0.54489E-05  0.50362E-05 -0.43340E-06
  0.23190E+03 -0.51689E-05  0.51415E-05 -0.55248E-06
  0.23220E+03 -0.48573E-05  0.52112E-05 -0.66430E-06
  0.23250E+03 -0.45174E-05  0.52453E-05 -0.76693E-06
  0.23280E+03 -0.41527E-05  0.52445E-05 -0.85866E-06
  0.23310E+03 -0.37669E-05  0.52091E-05 -0.93800E-06
  0.23340E+03 -0.33636E-05  0.51401E-05 -0.10037E-05
  0.23370E+03 -0.29465E-05  0.50381E-05 -0.10549E-05
  0.23400E+03 -0.25192E-05  0.49041E-05 -0.10908E-05
  0.23430E+03 -0.20853E-05  0.47392E-05 -0.11111E-05
  0.23460E+03 -0.16484E-05  0.45444E-05 -0.11155E-05
  0.23490E+03 -0.12120E-05  0.43214E-05 -0.11042E-05
  0.23520E+03 -0.77971E-06  0.40717E-05 -0.10774E-05
  0.23550E+03 -0.35485E-06  0.37973E-05 -0.10356E-05
  0.23580E+03  0.59371E-07  0.35003E-05 -0.97931E-06
  0.23610E+03  0.45993E-06  0.31831E-05 -0.90927E-06
  0.23640E+03  0.84405E-06  0.28482E-05 -0.82627E-06
  0.23670E+03  0.12092E-05  0.24984E-05 -0.73120E-06
  0.23700E+03  0.15530E-05  0.21367E-05 -0.62504E-06
  0.23730E+03  0.18736E-05  0.17661E-05 -0.50887E-06
  0.23760E+03  0.21692E-05  0.13895E-05 -0.38388E-06
  0.23790E+03  0.24383E-05  0.10101E-05 -0.25133E-06
  0.23820E+03  0.26798E-05  0.63086E-06 -0.11262E-06
  0.23850E+03  0.28929E-05  0.25469E-06  0.30767E-07
  0.23880E+03  0.30771E-05 -0.11562E-06  0.17726E-06
  0.23910E+03  0.32324E-05 -0.47753E-06  0.32522E-06
  0.23940E+03  0.33589E-05 -0.82871E-06  0.47294E-06
  0.23970E+03  0.34572E-05 -0.11671E-05  0.61870E-06
  0.24000E+03  0.35279E-05 -0.14911E-05  0.76078E-06
  0.24030E+03  0.35718E-05 -0.17991E-05  0.89749E-06
  0.24060E+03  0.35898E-05 -0.20899E-05  0.10272E-05
  0.24090E+03  0.35832E-05 -0.23623E-05  0.11482E-05
  0.24120E+03  0.35530E-05 -0.26154E-05  0.12592E-05
  0.24150E+03  0.35006E-05 -0.28483E-05  0.13585E-05
  0.24180E+03  0.34275E-05 -0.30600E-05  0.14451E-05
  0.24210E+03  0.33352E-05 -0.32499E-05  0.15176E-05
  0.24240E+03  0.32252E-05 -0.34176E-05  0.15752E-05
  0.24270E+03  0.30992E-05 -0.35628E-05  0.16172E-05
  0.24300E+03  0.29591E-05 -0.36857E-05  0.16430E-05
  0.24330E+03  0.28069E-05 -0.37864E-05  0.16523E-05
  0.24360E+03  0.26446E-05 -0.38656E-05  0.16453E-05
  0.24390E+03  0.24745E-05 -0.39238E-05  0.16219E-05
  0.24420E+03  0.22984E-05 -0.39617E-05  0.15826E-05
  0.24450E+03  0.21186E-05 -0.39798E-05  0.15278E-05
  0.24480E+03  0.19367E-05 -0.39788E-05  0.14582E-05
  0.24510E+03  0.17546E-05 -0.39592E-05  0.13743E-05
  0.24540E+03  0.15738E-05 -0.39215E-05  0.12769E-05
  0.24570E+03  0.13959E-05 -0.38664E-05  0.11670E-05
  0.24600E+03  0.12223E-05 -0.37947E-05  0.10453E-05
  0.24630E+03  0.10545E-05 -0.37077E-05  0.91295E-06
  0.24660E+03  0.89388E-06 -0.36066E-05  0.77121E-06
  0.24690E+03  0.74204E-06 -0.34931E-05  0.62139E-06
  0.24720E+03  0.60040E-06 -0.33687E-05  0.46498E-06
  0.24750E+03  0.47026E-06 -0.32352E-05  0.30357E-06
  0.24780E+03  0.35273E-06 -0.30941E-05  0.13879E-06
  0.24810E+03  0.24870E-06 -0.29470E-05 -0.27634E-07
  0.24840E+03  0.15886E-06 -0.27951E-05 -0.19399E-06
  0.24870E+03  0.83790E-07 -0.26394E-05 -0.35855E-06
  0.24900E+03  0.23948E-07 -0.24807E-05 -0.51956E-06
  0.24930E+03 -0.20257E-07 -0.23198E-05 -0.67528E-06
  0.24960E+03 -0.48494E-07 -0.21573E-05 -0.82401E-06
  0.24990E+03 -0.60535E-07 -0.19935E-05 -0.96410E-06
  0.25020E+03 -0.56297E-07 -0.18292E-05 -0.10940E-05
  0.25050E+03 -0.35880E-07 -0.16648E-05 -0.12124E-05
  0.25080E+03  0.41653E-09 -0.15008E-05 -0.13182E-05
  0.25110E+03  0.52084E-07 -0.13379E-05 -0.14104E-05
  0.25140E+03  0.11841E-06 -0.11764E-05 -0.14884E-05
  0.25170E+03  0.19846E-06 -0.10169E-05 -0.15520E-05
  0.25200E+03  0.29108E-06 -0.85991E-06 -0.16010E-05
  0.25230E+03  0.39489E-06 -0.70564E-06 -0.16354E-05
  0.25260E+03  0.50822E-06 -0.55430E-06 -0.16551E-05
  0.25290E+03  0.62918E-06 -0.40589E-06 -0.16605E-05
  0.25320E+03  0.75558E-06 -0.26018E-06 -0.16515E-05
  0.25350E+03  0.88503E-06 -0.11668E-06 -0.16284E-05
  0.25380E+03  0.10150E-05  0.25307E-07 -0.15912E-05
  0.25410E+03  0.11429E-05  0.16667E-06 -0.15403E-05
  0.25440E+03  0.12660E-05  0.30837E-06 -0.14760E-05
  0.25470E+03  0.13818E-05  0.45139E-06 -0.13989E-05
  0.25500E+03  0.14879E-05  0.59662E-06 -0.13097E-05
  0.25530E+03  0.15817E-05  0.74475E-06 -0.12094E-05
  0.25560E+03  0.16611E-05  0.89628E-06 -0.10991E-05
  0.25590E+03  0.17238E-05  0.10514E-05 -0.98015E-06
  0.25620E+03  0.17677E-05  0.12099E-05 -0.85407E-06
  0.25650E+03  0.17908E-05  0.13714E-05 -0.72236E-06
  0.25680E+03  0.17912E-05  0.15352E-05 -0.58653E-06
  0.25710E+03  0.17675E-05  0.17003E-05 -0.44812E-06
  0.25740E+03  0.17184E-05  0.18656E-05 -0.30856E-06
  0.25770E+03  0.16434E-05  0.20299E-05 -0.16925E-06
  0.25800E+03  0.15423E-05  0.21921E-05 -0.31448E-07
  0.25830E+03  0.14156E-05  0.23512E-05  0.10365E-06
  0.25860E+03  0.12641E-05  0.25060E-05  0.23496E-06
  0.25890E+03  0.10893E-05  0.26559E-05  0.36147E-06
  0.25920E+03  0.89282E-06  0.28002E-05  0.48225E-06
  0.25950E+03  0.67648E-06  0.29384E-05  0.59642E-06
  0.25980E+03  0.44239E-06  0.30700E-05  0.70316E-06
  0.26010E+03  0.19275E-06  0.31947E-05  0.80167E-06
  0.26040E+03 -0.70089E-07  0.33115E-05  0.89124E-06
  0.26070E+03 -0.34366E-06  0.34197E-05  0.97117E-06
  0.26100E+03 -0.62534E-06  0.35179E-05  0.10408E-05
  0.26130E+03 -0.91239E-06  0.36046E-05  0.10997E-05
  0.26160E+03 -0.12019E-05  0.36780E-05  0.11474E-05
  0.26190E+03 -0.14911E-05  0.37364E-05  0.11836E-05
  0.26220E+03 -0.17769E-05  0.37778E-05  0.12082E-05
  0.26250E+03 -0.20564E-05  0.38004E-05  0.12213E-05
  0.26280E+03 -0.23268E-05  0.38025E-05  0.12228E-05
  0.26310E+03 -0.25854E-05  0.37829E-05  0.12132E-05
  0.26340E+03 -0.28298E-05  0.37406E-05  0.11927E-05
  0.26370E+03 -0.30576E-05  0.36749E-05  0.11618E-05
  0.26400E+03 -0.32668E-05  0.35855E-05  0.11210E-05
  0.26430E+03 -0.34557E-05  0.34725E-05  0.10705E-05
  0.26460E+03 -0.36229E-05  0.33362E-05  0.10111E-05
  0.26490E+03 -0.37673E-05  0.31771E-05  0.94315E-06
  0.26520E+03 -0.38879E-05  0.29961E-05  0.86744E-06
  0.26550E+03 -0.39841E-05  0.27944E-05  0.78469E-06
  0.26580E+03 -0.40552E-05  0.25733E-05  0.69581E-06
  0.26610E+03 -0.41011E-05  0.23347E-05  0.60184E-06
  0.26640E+03 -0.41214E-05  0.20805E-05  0.50398E-06
  0.26670E+03 -0.41162E-05  0.18129E-05  0.40355E-06
  0.26700E+03 -0.40858E-05  0.15344E-05  0.30199E-06
  0.26730E+03 -0.40305E-05  0.12473E-05  0.20078E-06
  0.26760E+03 -0.39510E-05  0.95386E-06  0.10146E-06
  0.26790E+03 -0.38484E-05  0.65619E-06  0.55014E-08
  0.26820E+03 -0.37237E-05  0.35617E-06 -0.85697E-07
  0.26850E+03 -0.35781E-05  0.55432E-07 -0.17088E-06
  0.26880E+03 -0.34133E-05 -0.24454E-06 -0.24899E-06
  0.26910E+03 -0.32308E-05 -0.54237E-06 -0.31917E-06
  0.26940E+03 -0.30322E-05 -0.83671E-06 -0.38081E-06
  0.26970E+03 -0.28192E-05 -0.11262E-05 -0.43353E-06
  0.27000E+03 -0.25933E-05 -0.14092E-05 -0.47719E-06
  0.27030E+03 -0.23561E-05 -0.16841E-05 -0.51184E-06
  0.27060E+03 -0.21095E-05 -0.19490E-05 -0.53775E-06
  0.27090E+03 -0.18552E-05 -0.22019E-05 -0.55540E-06
  0.27120E+03 -0.15953E-05 -0.24405E-05 -0.56539E-06
  0.27150E+03 -0.13321E-05 -0.26626E-05 -0.56850E-06
  0.27180E+03 -0.10684E-05 -0.28659E-05 -0.56557E-06
  0.27210E+03 -0.80687E-06 -0.30485E-05 -0.55752E-06
  0.27240E+03 -0.55025E-06 -0.32083E-05 -0.54526E-06
  0.27270E+03 -0.30121E-06 -0.33440E-05 -0.52961E-06
  0.27300E+03 -0.62088E-07 -0.34542E-05 -0.51133E-06
  0.27330E+03  0.16511E-06 -0.35380E-05 -0.49101E-06
  0.27360E+03  0.37878E-06 -0.35949E-05 -0.46909E-06
  0.27390E+03  0.57764E-06 -0.36244E-05 -0.44582E-06
  0.27420E+03  0.76070E-06 -0.36263E-05 -0.42133E-06
  0.27450E+03  0.92710E-06 -0.36007E-05 -0.39558E-06
  0.27480E+03  0.10761E-05 -0.35478E-05 -0.36849E-06
  0.27510E+03  0.12068E-05 -0.34680E-05 -0.33990E-06
  0.27540E+03  0.13185E-05 -0.33621E-05 -0.30971E-06
  0.27570E+03  0.14102E-05 -0.32307E-05 -0.27787E-06
  0.27600E+03  0.14810E-05 -0.30747E-05 -0.24447E-06
  0.27630E+03  0.15302E-05 -0.28950E-05 -0.20971E-06
  0.27660E+03  0.15572E-05 -0.26927E-05 -0.17395E-06
  0.27690E+03  0.15620E-05 -0.24689E-05 -0.13766E-06
  0.27720E+03  0.15445E-05 -0.22252E-05 -0.10139E-06
  0.27750E+03  0.15056E-05 -0.19634E-05 -0.65726E-07
  0.27780E+03  0.14463E-05 -0.16855E-05 -0.31230E-07
  0.27810E+03  0.13679E-05 -0.13940E-05  0.15961E-08
  0.27840E+03  0.12720E-05 -0.10915E-05  0.32339E-07
  0.27870E+03  0.11606E-05 -0.78097E-06  0.60679E-07
  0.27900E+03  0.10356E-05 -0.46536E-06  0.86391E-07
  0.27930E+03  0.89920E-06 -0.14769E-06  0.10933E-06
  0.27960E+03  0.75357E-06  0.16903E-06  0.12939E-06
  0.27990E+03  0.60110E-06  0.48180E-06  0.14652E-06
  0.28020E+03  0.44428E-06  0.78768E-06  0.16067E-06
  0.28050E+03  0.28572E-06  0.10838E-05  0.17177E-06
  0.28080E+03  0.12815E-06  0.13673E-05  0.17974E-06
  0.28110E+03 -0.25661E-07  0.16355E-05  0.18446E-06
  0.28140E+03 -0.17289E-06  0.18858E-05  0.18582E-06
  0.28170E+03 -0.31076E-06  0.21157E-05  0.18370E-06
  0.28200E+03 -0.43655E-06  0.23229E-05  0.17797E-06
  0.28230E+03 -0.54772E-06  0.25055E-05  0.16858E-06
  0.28260E+03 -0.64191E-06  0.26616E-05  0.15550E-06
  0.28290E+03 -0.71704E-06  0.27896E-05  0.13883E-06
  0.28320E+03 -0.77126E-06  0.28883E-05  0.11879E-06
  0.28350E+03 -0.80298E-06  0.29566E-05  0.95734E-07
  0.28380E+03 -0.81089E-06  0.29940E-05  0.70152E-07
  0.28410E+03 -0.79391E-06  0.30000E-05  0.42682E-07
  0.28440E+03 -0.75122E-06  0.29749E-05  0.14065E-07
  0.28470E+03 -0.68228E-06  0.29190E-05 -0.14890E-07
  0.28500E+03 -0.58687E-06  0.28333E-05 -0.43348E-07
  0.28530E+03 -0.46507E-06  0.27190E-05 -0.70506E-07
  0.28560E+03 -0.31729E-06  0.25778E-05 -0.95641E-07
  0.28590E+03 -0.14420E-06  0.24114E-05 -0.11814E-06
  0.28620E+03  0.53254E-07  0.22219E-05 -0.13754E-06
  0.28650E+03  0.27397E-06  0.20113E-05 -0.15350E-06
  0.28680E+03  0.51665E-06  0.17818E-05 -0.16580E-06
  0.28710E+03  0.77983E-06  0.15355E-05 -0.17436E-06
  0.28740E+03  0.10619E-05  0.12745E-05 -0.17913E-06
  0.28770E+03  0.13610E-05  0.10010E-05 -0.18015E-06
  0.28800E+03  0.16750E-05  0.71728E-06 -0.17744E-06
  0.28830E+03  0.20015E-05  0.42559E-06 -0.17105E-06
  0.28860E+03  0.23379E-05  0.12821E-06 -0.16097E-06
  0.28890E+03  0.26811E-05 -0.17250E-06 -0.14723E-06
  0.28920E+03  0.30277E-05 -0.47415E-06 -0.12980E-06
  0.28950E+03  0.33739E-05 -0.77433E-06 -0.10871E-06
  0.28980E+03  0.37159E-05 -0.10706E-05 -0.84016E-07
  0.29010E+03  0.40495E-05 -0.13606E-05 -0.55879E-07
  0.29040E+03  0.43707E-05 -0.16420E-05 -0.24583E-07
  0.29070E+03  0.46754E-05 -0.19125E-05  0.94330E-08
  0.29100E+03  0.49596E-05 -0.21700E-05  0.45561E-07
  0.29130E+03  0.52196E-05 -0.24121E-05  0.83030E-07
  0.29160E+03  0.54516E-05 -0.26368E-05  0.12095E-06
  0.29190E+03  0.56522E-05 -0.28420E-05  0.15833E-06
  0.29220E+03  0.58181E-05 -0.30258E-05  0.19422E-06
  0.29250E+03  0.59462E-05 -0.31861E-05  0.22768E-06
  0.29280E+03  0.60339E-05 -0.33215E-05  0.25794E-06
  0.29310E+03  0.60787E-05 -0.34304E-05  0.28440E-06
  0.29340E+03  0.60787E-05 -0.35117E-05  0.30670E-06
  0.29370E+03  0.60322E-05 -0.35646E-05  0.32469E-06
  0.29400E+03  0.59380E-05 -0.35883E-05  0.33843E-06
  0.29430E+03  0.57952E-05 -0.35826E-05  0.34815E-06
  0.29460E+03  0.56036E-05 -0.35471E-05  0.35421E-06
  0.29490E+03  0.53631E-05 -0.34819E-05  0.35698E-06
  0.29520E+03  0.50747E-05 -0.33871E-05  0.35687E-06
  0.29550E+03  0.47394E-05 -0.32633E-05  0.35420E-06
  0.29580E+03  0.43590E-05 -0.31110E-05  0.34920E-06
  0.29610E+03  0.39360E-05 -0.29315E-05  0.34200E-06
  0.29640E+03  0.34730E-05 -0.27261E-05  0.33262E-06
  0.29670E+03  0.29732E-05 -0.24967E-05  0.32097E-06
  0.29700E+03  0.24402E-05 -0.22455E-05  0.30685E-06
  0.29730E+03  0.18777E-05 -0.19751E-05  0.29001E-06
  0.29760E+03  0.12898E-05 -0.16882E-05  0.27017E-06
  0.29790E+03  0.68080E-06 -0.13877E-05  0.24704E-06
  0.29820E+03  0.55129E-07 -0.10765E-05  0.22037E-06
  0.29850E+03 -0.58244E-06 -0.75741E-06  0.18998E-06
  0.29880E+03 -0.12269E-05 -0.43320E-06  0.15582E-06
  0.29910E+03 -0.18732E-05 -0.10661E-06  0.11798E-06
  0.29940E+03 -0.25159E-05  0.21963E-06  0.76747E-07
  0.29970E+03 -0.31499E-05  0.54281E-06  0.32582E-07
  0.30000E+03 -0.37699E-05  0.86019E-06 -0.13848E-07
  0.30030E+03 -0.43707E-05  0.11690E-05 -0.61705E-07
  0.30060E+03 -0.49474E-05  0.14664E-05 -0.11002E-06
  0.30090E+03 -0.54953E-05  0.17497E-05 -0.15772E-06
  0.30120E+03 -0.60099E-05  0.20161E-05 -0.20376E-06
  0.30150E+03 -0.64868E-05  0.22630E-05 -0.24712E-06
  0.30180E+03 -0.69221E-05  0.24883E-05 -0.28691E-06
  0.30210E+03 -0.73120E-05  0.26898E-05 -0.32242E-06
  0.30240E+03 -0.76533E-05  0.28659E-05 -0.35318E-06
  0.30270E+03 -0.79428E-05  0.30153E-05 -0.37893E-06
  0.30300E+03 -0.81780E-05  0.31373E-05 -0.39959E-06
  0.30330E+03 -0.83566E-05  0.32312E-05 -0.41528E-06
  0.30360E+03 -0.84769E-05  0.32971E-05 -0.42619E-06
  0.30390E+03 -0.85374E-05  0.33351E-05 -0.43259E-06
  0.30420E+03 -0.85374E-05  0.33456E-05 -0.43473E-06
  0.30450E+03 -0.84765E-05  0.33292E-05 -0.43285E-06
  0.30480E+03 -0.83550E-05  0.32866E-05 -0.42713E-06
  0.30510E+03 -0.81736E-05  0.32188E-05 -0.41770E-06
  0.30540E+03 -0.79338E-05  0.31266E-05 -0.40465E-06
  0.30570E+03 -0.76378E-05  0.30109E-05 -0.38804E-06
  0.30600E+03 -0.72881E-05  0.28726E-05 -0.36795E-06
  0.30630E+03 -0.68882E-05  0.27126E-05 -0.34445E-06
  0.30660E+03 -0.64441E-05  0.25184E-05 -0.33710E-06
  0.30690E+03 -0.59571E-05  0.23189E-05 -0.30713E-06
