0.000000e+00     2.090469e-06     0.000000e+00     -8.447344e-07
3.000000e-01     4.526304e-06     0.000000e+00     -3.628048e-06
6.000000e-01     5.666991e-06     0.000000e+00     -2.772505e-06
9.000000e-01     5.798180e-06     0.000000e+00     -3.829314e-06
1.200000e+00     6.229125e-06     0.000000e+00     -3.810201e-06
1.500000e+00     7.335083e-06     0.000000e+00     -3.947747e-06
1.800000e+00     5.272847e-06     0.000000e+00     -4.455053e-06
2.100000e+00     1.282076e-06     0.000000e+00     -2.865558e-06
2.400000e+00     1.418812e-06     0.000000e+00     -3.442164e-06
2.700000e+00     7.353327e-06     0.000000e+00     -3.491730e-06
3.000000e+00     9.249467e-06     0.000000e+00     -2.902466e-06
3.300000e+00     1.041935e-05     0.000000e+00     -3.081102e-06
3.600000e+00     7.271810e-06     0.000000e+00     -3.208382e-06
3.900000e+00     2.730910e-06     0.000000e+00     -2.656343e-06
4.200000e+00     1.632011e-06     0.000000e+00     -3.604565e-06
4.500000e+00     5.893431e-06     0.000000e+00     -4.662243e-06
4.800000e+00     1.000959e-05     0.000000e+00     -4.921324e-06
5.100000e+00     8.108720e-06     0.000000e+00     -4.652611e-06
5.400000e+00     6.308141e-06     0.000000e+00     -4.470903e-06
5.700000e+00     5.213690e-06     0.000000e+00     -1.794132e-06
6.000000e+00     3.816372e-06     0.000000e+00     -1.935838e-06
6.300000e+00     5.787885e-06     0.000000e+00     -3.886844e-06
6.600000e+00     7.212769e-06     0.000000e+00     -3.834183e-06
6.900000e+00     6.678235e-06     0.000000e+00     -2.796187e-06
7.200000e+00     5.360673e-06     0.000000e+00     -3.482035e-06
7.500000e+00     3.348267e-06     0.000000e+00     -3.924436e-06
7.800000e+00     3.791150e-06     0.000000e+00     -4.124822e-06
8.100000e+00     6.188754e-06     0.000000e+00     -4.770333e-06
8.400000e+00     5.987548e-06     0.000000e+00     -4.093450e-06
8.700000e+00     7.067313e-06     0.000000e+00     -3.434228e-06
9.000000e+00     5.969790e-06     0.000000e+00     -2.052050e-06
9.300000e+00     4.774184e-06     0.000000e+00     -4.896858e-06
9.600000e+00     6.766203e-06     0.000000e+00     -3.772774e-06
9.900000e+00     9.995528e-06     0.000000e+00     -2.204305e-06
1.020000e+01     7.737901e-06     0.000000e+00     -4.344568e-06
1.050000e+01     4.343674e-06     0.000000e+00     -5.448711e-06
1.080000e+01     4.515721e-06     0.000000e+00     -1.359154e-06
1.110000e+01     5.334835e-06     0.000000e+00     -2.317791e-06
1.140000e+01     5.820529e-06     0.000000e+00     -5.651847e-06
1.170000e+01     5.011005e-06     0.000000e+00     -2.082051e-06
1.200000e+01     5.154928e-06     0.000000e+00     -2.637930e-06
1.230000e+01     4.149079e-06     0.000000e+00     -3.818043e-06
1.260000e+01     4.666850e-06     0.000000e+00     -5.341954e-06
1.290000e+01     4.477124e-06     0.000000e+00     -2.044147e-06
1.320000e+01     4.673761e-06     0.000000e+00     -4.208811e-06
1.350000e+01     5.961581e-06     0.000000e+00     -4.247294e-06
1.380000e+01     9.364291e-06     0.000000e+00     -4.749966e-06
1.410000e+01     1.043246e-05     0.000000e+00     -3.990557e-06
1.440000e+01     5.990813e-06     0.000000e+00     -2.704869e-06
1.470000e+01     2.825725e-06     0.000000e+00     -3.838334e-06
1.500000e+01     -8.967588e-07     0.000000e+00     -3.382012e-06
1.530000e+01     4.107678e-06     0.000000e+00     -2.623788e-06
1.560000e+01     5.995921e-06     0.000000e+00     -5.460860e-06
1.590000e+01     7.902403e-06     0.000000e+00     -3.548549e-06
1.620000e+01     8.558331e-06     0.000000e+00     -4.446937e-06
1.650000e+01     5.722592e-06     0.000000e+00     -2.656410e-06
1.680000e+01     3.927783e-06     0.000000e+00     -2.851510e-06
1.710000e+01     9.582861e-07     0.000000e+00     -3.503476e-06
1.740000e+01     4.970056e-06     0.000000e+00     -3.484974e-06
1.770000e+01     8.264302e-06     0.000000e+00     -3.837829e-06
1.800000e+01     1.020331e-05     0.000000e+00     -3.100751e-06
1.830000e+01     6.316102e-06     0.000000e+00     -4.096370e-06
1.860000e+01     8.156520e-08     0.000000e+00     -2.540282e-06
1.890000e+01     -1.235951e-06     0.000000e+00     -4.297538e-06
1.920000e+01     3.132461e-06     0.000000e+00     -2.070897e-06
1.950000e+01     7.433733e-06     0.000000e+00     -4.322704e-06
1.980000e+01     9.533672e-06     0.000000e+00     -6.397435e-06
2.010000e+01     7.182256e-06     0.000000e+00     -3.689934e-06
2.040000e+01     4.015359e-06     0.000000e+00     -4.791425e-06
2.070000e+01     3.385498e-06     0.000000e+00     -4.448795e-06
2.100000e+01     6.341071e-06     0.000000e+00     -3.128438e-06
2.130000e+01     7.531915e-06     0.000000e+00     -3.007339e-06
2.160000e+01     4.339963e-06     0.000000e+00     -5.032153e-06
2.190000e+01     2.527097e-06     0.000000e+00     -3.782638e-06
2.220000e+01     7.684937e-07     0.000000e+00     -2.311593e-06
2.250000e+01     2.433214e-06     0.000000e+00     -2.566078e-06
2.280000e+01     9.238253e-06     0.000000e+00     -3.783025e-09
2.310000e+01     7.739657e-06     0.000000e+00     2.790072e-07
2.340000e+01     6.853351e-06     0.000000e+00     6.481208e-06
2.370000e+01     8.407629e-06     0.000000e+00     8.220148e-06
2.400000e+01     1.486658e-05     0.000000e+00     -4.521843e-06
2.430000e+01     8.158892e-06     0.000000e+00     -7.313835e-06
2.460000e+01     1.145003e-06     0.000000e+00     -1.916380e-05
2.490000e+01     -1.119786e-05     0.000000e+00     -2.997933e-05
2.520000e+01     -1.884538e-05     0.000000e+00     7.254647e-06
2.550000e+01     -1.059089e-05     0.000000e+00     1.025828e-04
2.580000e+01     4.336195e-05     0.000000e+00     -1.727948e-05
2.610000e+01     5.221422e-05     0.000000e+00     -9.979441e-05
2.640000e+01     -1.490061e-05     0.000000e+00     -4.455993e-06
2.670000e+01     -2.847259e-05     0.000000e+00     1.438543e-05
2.700000e+01     -3.547730e-05     0.000000e+00     1.296028e-05
2.730000e+01     3.564190e-05     0.000000e+00     -9.443675e-05
2.760000e+01     3.405611e-06     0.000000e+00     5.854674e-05
2.790000e+01     5.233663e-06     0.000000e+00     -1.822886e-05
2.820000e+01     3.449901e-05     0.000000e+00     -2.395777e-05
2.850000e+01     -1.586533e-05     0.000000e+00     2.617621e-06
2.880000e+01     4.318246e-05     0.000000e+00     -6.658830e-06
2.910000e+01     -1.876634e-05     0.000000e+00     -4.089095e-05
2.940000e+01     2.625678e-05     0.000000e+00     -9.656900e-06
2.970000e+01     -6.548706e-06     0.000000e+00     2.268362e-05
3.000000e+01     4.793067e-06     0.000000e+00     1.133228e-05
3.030000e+01     -8.931738e-07     0.000000e+00     -3.538045e-05
3.060000e+01     -2.222370e-06     0.000000e+00     -1.580871e-06
3.090000e+01     3.520627e-05     0.000000e+00     5.053431e-05
3.120000e+01     3.238930e-05     0.000000e+00     -2.499682e-05
3.150000e+01     -5.204238e-05     0.000000e+00     1.012058e-05
3.180000e+01     -2.319439e-05     0.000000e+00     1.792464e-05
3.210000e+01     4.094688e-05     0.000000e+00     -2.400245e-05
3.240000e+01     1.895717e-05     0.000000e+00     4.121686e-05
3.270000e+01     -5.721706e-05     0.000000e+00     7.782626e-06
3.300000e+01     -8.377167e-06     0.000000e+00     6.901423e-06
3.330000e+01     -3.558562e-07     0.000000e+00     2.053846e-05
3.360000e+01     4.676963e-05     0.000000e+00     -3.513353e-05
3.390000e+01     -4.580765e-05     0.000000e+00     1.927635e-06
3.420000e+01     1.263998e-05     0.000000e+00     3.433346e-05
3.450000e+01     -5.024034e-05     0.000000e+00     -4.321172e-06
3.480000e+01     2.866049e-05     0.000000e+00     6.831235e-06
3.510000e+01     8.043416e-05     0.000000e+00     -6.283220e-05
3.540000e+01     -1.365936e-05     0.000000e+00     2.969123e-05
3.570000e+01     -7.295749e-06     0.000000e+00     -8.699543e-06
3.600000e+01     2.768738e-05     0.000000e+00     -5.826503e-05
3.630000e+01     -9.198423e-06     0.000000e+00     2.710623e-05
3.660000e+01     -1.955316e-05     0.000000e+00     -2.273192e-05
3.690000e+01     1.886795e-05     0.000000e+00     -3.809479e-05
3.720000e+01     2.420263e-05     0.000000e+00     -6.274969e-06
3.750000e+01     1.192464e-05     0.000000e+00     7.425681e-07
3.780000e+01     7.445047e-05     0.000000e+00     -1.437260e-05
3.810000e+01     2.043078e-05     0.000000e+00     -1.998499e-05
3.840000e+01     -1.803100e-05     0.000000e+00     -1.984860e-05
3.870000e+01     -6.580584e-05     0.000000e+00     -6.053671e-06
3.900000e+01     -1.187446e-05     0.000000e+00     -1.885936e-05
3.930000e+01     -2.313355e-06     0.000000e+00     5.275373e-06
3.960000e+01     3.178781e-05     0.000000e+00     1.972736e-05
3.990000e+01     -1.466223e-06     0.000000e+00     -6.064082e-05
4.020000e+01     -3.916796e-05     0.000000e+00     9.511058e-05
4.050000e+01     1.059395e-05     0.000000e+00     6.677989e-06
4.080000e+01     -2.315871e-05     0.000000e+00     -2.343159e-05
4.110000e+01     -1.527283e-04     0.000000e+00     5.046720e-05
4.140000e+01     -1.134723e-04     0.000000e+00     1.170596e-05
4.170000e+01     1.660340e-04     0.000000e+00     1.870316e-05
4.200000e+01     2.596979e-04     0.000000e+00     8.634830e-05
4.230000e+01     -3.976542e-05     0.000000e+00     8.031876e-06
4.260000e+01     -1.346009e-04     0.000000e+00     -1.372647e-04
4.290000e+01     -1.263359e-04     0.000000e+00     -1.008847e-04
4.320000e+01     -2.004833e-04     0.000000e+00     2.996760e-05
4.350000e+01     -2.680032e-05     0.000000e+00     1.313795e-05
4.380000e+01     1.491360e-04     0.000000e+00     -1.707013e-05
4.410000e+01     1.313022e-04     0.000000e+00     3.731407e-05
4.440000e+01     3.716620e-04     0.000000e+00     -7.968598e-06
4.470000e+01     1.566058e-04     0.000000e+00     -2.829692e-05
4.500000e+01     -4.771553e-05     0.000000e+00     -9.761452e-05
4.530000e+01     -1.349745e-04     0.000000e+00     3.813299e-05
4.560000e+01     -2.039217e-04     0.000000e+00     4.056110e-05
4.590000e+01     -4.596549e-07     0.000000e+00     -2.204401e-05
4.620000e+01     1.697873e-04     0.000000e+00     6.351374e-05
4.650000e+01     1.145825e-04     0.000000e+00     4.515585e-05
4.680000e+01     -7.486608e-05     0.000000e+00     3.326057e-05
4.710000e+01     1.551824e-04     0.000000e+00     -1.572159e-05
4.740000e+01     1.817900e-04     0.000000e+00     -5.265068e-05
4.770000e+01     1.730938e-04     0.000000e+00     -1.009057e-04
4.800000e+01     -4.986941e-05     0.000000e+00     3.393792e-05
4.830000e+01     -6.401832e-05     0.000000e+00     1.828520e-05
4.860000e+01     -7.119390e-05     0.000000e+00     6.820618e-05
4.890000e+01     8.353556e-05     0.000000e+00     -6.855886e-05
4.920000e+01     -2.457094e-05     0.000000e+00     -5.521387e-05
4.950000e+01     -1.535237e-04     0.000000e+00     -3.789330e-05
4.980000e+01     -2.065296e-04     0.000000e+00     -5.326433e-05
5.010000e+01     -1.547934e-04     0.000000e+00     2.909119e-05
5.040000e+01     1.121582e-05     0.000000e+00     -5.565892e-05
5.070000e+01     -1.464339e-04     0.000000e+00     3.918793e-05
5.100000e+01     -7.350717e-05     0.000000e+00     -8.855381e-05
5.130000e+01     3.072647e-05     0.000000e+00     -2.184347e-05
5.160000e+01     8.713594e-06     0.000000e+00     4.521383e-06
5.190000e+01     -6.505691e-05     0.000000e+00     -8.190341e-05
5.220000e+01     -1.053632e-04     0.000000e+00     6.328558e-05
5.250000e+01     -3.277617e-04     0.000000e+00     7.122235e-05
5.280000e+01     4.856187e-05     0.000000e+00     8.374644e-05
5.310000e+01     2.992076e-04     0.000000e+00     1.604593e-04
5.340000e+01     -4.660270e-05     0.000000e+00     6.839385e-05
5.370000e+01     2.189402e-06     0.000000e+00     -1.271480e-04
5.400000e+01     3.067333e-05     0.000000e+00     7.696268e-05
5.430000e+01     1.080191e-04     0.000000e+00     1.851720e-04
5.460000e+01     1.188405e-04     0.000000e+00     -2.407605e-05
5.490000e+01     -5.117794e-05     0.000000e+00     -3.638444e-05
5.520000e+01     -9.263990e-05     0.000000e+00     -8.776843e-05
5.550000e+01     2.439356e-04     0.000000e+00     -9.211980e-05
5.580000e+01     2.806478e-04     0.000000e+00     -6.375228e-05
5.610000e+01     2.501770e-04     0.000000e+00     -9.986426e-05
5.640000e+01     3.426578e-05     0.000000e+00     -1.425314e-04
5.670000e+01     -1.173366e-04     0.000000e+00     -4.532712e-05
5.700000e+01     -6.842885e-06     0.000000e+00     -1.917863e-05
5.730000e+01     -1.733516e-05     0.000000e+00     -1.583354e-04
5.760000e+01     3.433046e-05     0.000000e+00     6.313644e-05
5.790000e+01     -1.724018e-05     0.000000e+00     1.045763e-04
5.820000e+01     -1.408413e-04     0.000000e+00     -5.352828e-05
5.850000e+01     -1.308261e-04     0.000000e+00     1.318943e-04
5.880000e+01     -6.596859e-05     0.000000e+00     -1.374164e-05
5.910000e+01     -1.353499e-04     0.000000e+00     7.670174e-05
5.940000e+01     -7.872859e-05     0.000000e+00     7.083322e-05
5.970000e+01     2.889347e-05     0.000000e+00     -4.908946e-05
6.000000e+01     -1.085033e-05     0.000000e+00     -1.981734e-05
6.030000e+01     4.869666e-05     0.000000e+00     -1.130582e-05
6.060000e+01     2.314648e-04     0.000000e+00     -1.525290e-05
6.090000e+01     5.534448e-05     0.000000e+00     6.802114e-05
6.120000e+01     -5.049718e-05     0.000000e+00     -8.305506e-05
6.150000e+01     -7.674233e-06     0.000000e+00     4.119951e-05
6.180000e+01     -1.109361e-04     0.000000e+00     1.451150e-04
6.210000e+01     8.509511e-05     0.000000e+00     -1.086733e-04
6.240000e+01     9.486816e-05     0.000000e+00     -3.963832e-05
6.270000e+01     3.069310e-06     0.000000e+00     1.384818e-04
6.300000e+01     3.457855e-05     0.000000e+00     -6.750387e-05
6.330000e+01     -7.090940e-05     0.000000e+00     3.999344e-05
6.360000e+01     -2.560476e-04     0.000000e+00     7.914775e-05
6.390000e+01     -1.332605e-04     0.000000e+00     -7.377590e-05
6.420000e+01     4.473669e-05     0.000000e+00     8.014938e-06
6.450000e+01     1.185019e-04     0.000000e+00     3.922682e-05
6.480000e+01     1.265448e-04     0.000000e+00     1.733689e-05
6.510000e+01     1.483545e-05     0.000000e+00     -6.372182e-05
6.540000e+01     -9.317676e-05     0.000000e+00     2.062590e-05
6.570000e+01     -9.759351e-05     0.000000e+00     -4.047051e-05
6.600000e+01     4.071611e-05     0.000000e+00     -6.922333e-05
6.630000e+01     1.981104e-04     0.000000e+00     4.002931e-06
6.660000e+01     1.503093e-04     0.000000e+00     -3.179677e-05
6.690000e+01     5.374010e-05     0.000000e+00     -1.600663e-04
6.720000e+01     -9.841101e-05     0.000000e+00     -6.220070e-06
6.750000e+01     -1.635442e-04     0.000000e+00     1.706727e-05
6.780000e+01     1.555497e-05     0.000000e+00     -8.402521e-05
6.810000e+01     2.296525e-05     0.000000e+00     -6.703541e-05
6.840000e+01     -4.725711e-05     0.000000e+00     -9.548319e-06
6.870000e+01     -7.403974e-05     0.000000e+00     4.297335e-05
6.900000e+01     5.532867e-05     0.000000e+00     2.719761e-06
6.930000e+01     -1.914519e-05     0.000000e+00     2.439725e-05
6.960000e+01     8.040792e-05     0.000000e+00     -6.081622e-06
6.990000e+01     1.729750e-04     0.000000e+00     3.916522e-05
7.020000e+01     4.489218e-05     0.000000e+00     -3.351426e-05
7.050000e+01     -2.361878e-05     0.000000e+00     9.651910e-06
7.080000e+01     -9.730469e-05     0.000000e+00     1.731298e-04
7.110000e+01     -6.433642e-05     0.000000e+00     8.616685e-05
7.140000e+01     5.574754e-05     0.000000e+00     -1.577914e-06
7.170000e+01     1.663228e-04     0.000000e+00     3.165643e-05
7.200000e+01     7.164447e-05     0.000000e+00     6.045982e-05
7.230000e+01     -1.368648e-04     0.000000e+00     -4.937632e-06
7.260000e+01     -1.542027e-04     0.000000e+00     -6.350441e-05
7.290000e+01     -1.133473e-04     0.000000e+00     1.528312e-05
7.320000e+01     -5.576556e-05     0.000000e+00     1.270961e-05
7.350000e+01     -4.547322e-05     0.000000e+00     -8.243408e-05
7.380000e+01     1.305446e-05     0.000000e+00     -1.011130e-04
7.410000e+01     -7.280926e-05     0.000000e+00     2.986016e-05
7.440000e+01     -5.171180e-06     0.000000e+00     -1.719068e-05
7.470000e+01     3.613502e-05     0.000000e+00     -9.066739e-07
7.500000e+01     -2.752291e-05     0.000000e+00     -3.055031e-05
7.530000e+01     1.004491e-04     0.000000e+00     -6.742470e-05
7.560000e+01     1.491798e-04     0.000000e+00     5.347553e-05
7.590000e+01     1.951741e-04     0.000000e+00     -2.875291e-05
7.620000e+01     1.378936e-04     0.000000e+00     -2.526225e-05
7.650000e+01     -2.575677e-05     0.000000e+00     -6.251276e-06
7.680000e+01     -8.443811e-06     0.000000e+00     -4.896933e-05
7.710000e+01     3.257719e-05     0.000000e+00     -1.553335e-05
7.740000e+01     2.815681e-05     0.000000e+00     5.170052e-05
7.770000e+01     2.851415e-05     0.000000e+00     -5.288279e-07
7.800000e+01     -3.108027e-05     0.000000e+00     -6.484397e-06
7.830000e+01     -2.417057e-04     0.000000e+00     1.839114e-05
7.860000e+01     -2.835178e-04     0.000000e+00     4.985738e-05
7.890000e+01     -1.058269e-04     0.000000e+00     5.647537e-05
7.920000e+01     6.865444e-05     0.000000e+00     -2.535453e-05
7.950000e+01     6.213741e-05     0.000000e+00     -1.925629e-05
7.980000e+01     -9.349637e-06     0.000000e+00     1.521362e-05
8.010000e+01     4.920734e-05     0.000000e+00     3.066746e-05
8.040000e+01     1.156045e-06     0.000000e+00     1.855903e-05
8.070000e+01     6.170602e-05     0.000000e+00     3.039534e-06
8.100000e+01     7.296460e-05     0.000000e+00     5.011027e-05
8.130000e+01     1.579684e-04     0.000000e+00     -4.225056e-05
8.160000e+01     1.808084e-04     0.000000e+00     -6.847689e-05
8.190000e+01     -3.536100e-05     0.000000e+00     -2.722559e-05
8.220000e+01     -9.678665e-05     0.000000e+00     -6.318189e-07
8.250000e+01     -3.436157e-05     0.000000e+00     1.627595e-05
8.280000e+01     5.773631e-05     0.000000e+00     -2.961620e-05
8.310000e+01     -5.949852e-05     0.000000e+00     -4.307973e-05
8.340000e+01     -1.282323e-04     0.000000e+00     -2.702175e-05
8.370000e+01     -7.678027e-05     0.000000e+00     -1.316841e-05
8.400000e+01     -6.394683e-05     0.000000e+00     -1.103338e-06
8.430000e+01     -9.852271e-05     0.000000e+00     5.388533e-06
8.460000e+01     -5.253915e-06     0.000000e+00     -1.852645e-05
8.490000e+01     7.209142e-06     0.000000e+00     3.625374e-06
8.520000e+01     -2.274160e-05     0.000000e+00     2.358511e-05
8.550000e+01     7.494733e-05     0.000000e+00     1.119843e-06
8.580000e+01     1.374804e-04     0.000000e+00     1.268922e-05
8.610000e+01     1.496139e-04     0.000000e+00     -1.878801e-07
8.640000e+01     8.219154e-05     0.000000e+00     -2.743148e-05
8.670000e+01     -2.762137e-05     0.000000e+00     1.354196e-05
8.700000e+01     -2.479622e-05     0.000000e+00     -1.565321e-05
8.730000e+01     -2.417738e-05     0.000000e+00     2.249608e-05
8.760000e+01     1.526744e-05     0.000000e+00     3.823153e-05
8.790000e+01     1.364857e-05     0.000000e+00     -1.145555e-05
8.820000e+01     1.193623e-05     0.000000e+00     6.983677e-06
8.850000e+01     -5.071615e-05     0.000000e+00     -6.850643e-06
8.880000e+01     -6.227264e-05     0.000000e+00     1.715313e-05
8.910000e+01     -7.722453e-06     0.000000e+00     8.305838e-06
8.940000e+01     -2.212820e-05     0.000000e+00     -4.399826e-05
8.970000e+01     -1.003376e-04     0.000000e+00     -4.622693e-05
9.000000e+01     -8.059126e-05     0.000000e+00     -2.386472e-05
9.030000e+01     8.282312e-05     0.000000e+00     2.045466e-05
9.060000e+01     5.484512e-05     0.000000e+00     2.918629e-05
9.090000e+01     3.309065e-05     0.000000e+00     -4.839923e-05
9.120000e+01     3.126406e-05     0.000000e+00     -2.397377e-05
9.150000e+01     4.098478e-05     0.000000e+00     2.596813e-05
9.180000e+01     2.528805e-05     0.000000e+00     2.816539e-05
9.210000e+01     -2.847716e-05     0.000000e+00     4.290096e-05
9.240000e+01     -3.953052e-05     0.000000e+00     1.369977e-05
9.270000e+01     -1.324297e-05     0.000000e+00     -2.945174e-05
9.300000e+01     1.010034e-04     0.000000e+00     1.280702e-05
9.330000e+01     2.451294e-05     0.000000e+00     2.673335e-05
9.360000e+01     -3.807036e-05     0.000000e+00     -1.245118e-05
9.390000e+01     -9.911992e-05     0.000000e+00     -3.070928e-06
9.420000e+01     -5.708057e-05     0.000000e+00     -2.269447e-05
9.450000e+01     -8.664004e-06     0.000000e+00     -1.163651e-05
9.480000e+01     1.921657e-05     0.000000e+00     -2.013239e-05
9.510000e+01     5.369863e-05     0.000000e+00     -4.682725e-05
9.540000e+01     5.574450e-05     0.000000e+00     -6.908603e-06
9.570000e+01     7.206991e-05     0.000000e+00     2.048689e-05
9.600000e+01     -1.318498e-05     0.000000e+00     7.995422e-06
9.630000e+01     -2.319196e-05     0.000000e+00     -2.741532e-05
9.660000e+01     -1.374244e-06     0.000000e+00     -3.890925e-05
9.690000e+01     -2.496700e-05     0.000000e+00     3.036323e-05
9.720000e+01     -3.392617e-05     0.000000e+00     2.746656e-05
9.750000e+01     -9.352216e-06     0.000000e+00     3.297059e-05
9.780000e+01     -6.518080e-05     0.000000e+00     2.507404e-05
9.810000e+01     -3.667244e-05     0.000000e+00     -4.521448e-05
9.840000e+01     6.535313e-06     0.000000e+00     -1.742722e-05
9.870000e+01     9.678126e-05     0.000000e+00     1.801721e-05
9.900000e+01     5.654541e-05     0.000000e+00     -2.106650e-06
9.930000e+01     5.837569e-05     0.000000e+00     -4.316771e-05
9.960000e+01     1.546493e-05     0.000000e+00     -2.217115e-05
9.990000e+01     -4.069785e-05     0.000000e+00     9.902162e-07
1.002000e+02     -1.201141e-05     0.000000e+00     -2.494844e-06
1.005000e+02     9.705106e-06     0.000000e+00     2.430559e-09
1.008000e+02     3.198072e-05     0.000000e+00     4.186154e-06
1.011000e+02     8.403369e-06     0.000000e+00     5.125134e-05
1.014000e+02     -1.344222e-05     0.000000e+00     4.775193e-05
1.017000e+02     -8.317123e-05     0.000000e+00     -6.630384e-06
1.020000e+02     -1.606574e-04     0.000000e+00     -2.577908e-05
1.023000e+02     -1.026727e-04     0.000000e+00     7.545476e-06
1.026000e+02     3.872440e-05     0.000000e+00     7.729819e-06
1.029000e+02     1.151163e-04     0.000000e+00     -1.478251e-05
1.032000e+02     5.416404e-05     0.000000e+00     -1.931245e-05
1.035000e+02     3.082351e-06     0.000000e+00     -2.397652e-05
1.038000e+02     3.641978e-06     0.000000e+00     -2.962329e-05
1.041000e+02     6.262770e-05     0.000000e+00     -2.807129e-06
1.044000e+02     4.947517e-05     0.000000e+00     -2.560081e-05
1.047000e+02     -1.430965e-05     0.000000e+00     -4.075716e-05
1.050000e+02     2.989105e-05     0.000000e+00     1.060022e-05
1.053000e+02     7.190024e-05     0.000000e+00     9.988990e-06
1.056000e+02     5.962485e-05     0.000000e+00     1.222555e-06
1.059000e+02     1.819151e-05     0.000000e+00     2.105389e-06
1.062000e+02     -3.420664e-05     0.000000e+00     4.477905e-06
1.065000e+02     -6.836279e-05     0.000000e+00     3.568277e-05
1.068000e+02     -5.142311e-05     0.000000e+00     4.515500e-05
1.071000e+02     -4.326793e-05     0.000000e+00     1.116569e-05
1.074000e+02     -7.898187e-05     0.000000e+00     -1.461839e-06
1.077000e+02     -9.117077e-05     0.000000e+00     -5.068687e-07
1.080000e+02     -3.323304e-05     0.000000e+00     -1.459270e-05
1.083000e+02     -7.754892e-06     0.000000e+00     1.191809e-05
1.086000e+02     2.492274e-06     0.000000e+00     1.484564e-05
1.089000e+02     1.953290e-05     0.000000e+00     -1.794988e-05
1.092000e+02     3.077937e-05     0.000000e+00     -1.611341e-05
1.095000e+02     8.998576e-05     0.000000e+00     4.028519e-06
1.098000e+02     8.822120e-05     0.000000e+00     -2.353218e-05
1.101000e+02     9.132320e-05     0.000000e+00     -5.538618e-05
1.104000e+02     1.811110e-05     0.000000e+00     6.344751e-06
1.107000e+02     -5.770842e-06     0.000000e+00     3.595732e-05
1.110000e+02     -4.293043e-05     0.000000e+00     -3.426945e-05
1.113000e+02     -3.544999e-05     0.000000e+00     -1.864312e-05
1.116000e+02     -6.624955e-05     0.000000e+00     8.508552e-06
1.119000e+02     -3.050101e-05     0.000000e+00     5.509269e-06
1.122000e+02     3.469910e-06     0.000000e+00     4.440705e-06
1.125000e+02     -2.061334e-05     0.000000e+00     -3.852856e-06
1.128000e+02     -5.285534e-06     0.000000e+00     9.444321e-06
1.131000e+02     -2.812886e-06     0.000000e+00     4.146750e-06
1.134000e+02     -7.575891e-06     0.000000e+00     -4.811121e-06
1.137000e+02     1.424842e-05     0.000000e+00     1.383913e-05
1.140000e+02     5.747808e-05     0.000000e+00     3.477204e-05
1.143000e+02     7.589360e-05     0.000000e+00     4.515898e-06
1.146000e+02     -5.555174e-06     0.000000e+00     2.752439e-06
1.149000e+02     -7.258066e-05     0.000000e+00     4.430997e-06
1.152000e+02     -6.615765e-05     0.000000e+00     -1.367021e-05
1.155000e+02     7.977971e-06     0.000000e+00     -8.074626e-06
1.158000e+02     7.649816e-05     0.000000e+00     2.111508e-06
1.161000e+02     8.227965e-05     0.000000e+00     -3.008793e-05
1.164000e+02     2.292572e-05     0.000000e+00     -2.757313e-05
1.167000e+02     -3.136576e-05     0.000000e+00     -5.044800e-06
1.170000e+02     -5.063902e-05     0.000000e+00     4.891160e-06
1.173000e+02     -4.026067e-05     0.000000e+00     3.462067e-05
1.176000e+02     -3.349859e-05     0.000000e+00     -1.456756e-05
1.179000e+02     -5.626865e-05     0.000000e+00     -3.120777e-05
1.182000e+02     -2.758863e-05     0.000000e+00     -2.878323e-05
1.185000e+02     2.005066e-05     0.000000e+00     -8.517785e-06
1.188000e+02     3.908705e-05     0.000000e+00     6.798879e-06
1.191000e+02     3.936486e-05     0.000000e+00     1.236749e-05
1.194000e+02     2.514841e-05     0.000000e+00     2.312980e-05
1.197000e+02     4.680522e-06     0.000000e+00     2.243848e-05
1.200000e+02     -2.409180e-05     0.000000e+00     4.794967e-06
1.203000e+02     -4.181120e-05     0.000000e+00     -1.055200e-05
1.206000e+02     -4.176544e-05     0.000000e+00     2.297425e-05
1.209000e+02     -2.460330e-05     0.000000e+00     1.047649e-05
1.212000e+02     -9.376276e-06     0.000000e+00     1.765136e-06
1.215000e+02     2.365016e-05     0.000000e+00     -8.454390e-06
1.218000e+02     3.323680e-05     0.000000e+00     -1.860433e-05
1.221000e+02     1.528672e-05     0.000000e+00     -1.321942e-05
1.224000e+02     -2.507529e-06     0.000000e+00     -1.251928e-05
1.227000e+02     1.970540e-06     0.000000e+00     -4.746268e-06
1.230000e+02     1.344091e-05     0.000000e+00     -1.576671e-05
1.233000e+02     4.544197e-05     0.000000e+00     -2.938906e-05
1.236000e+02     4.115787e-05     0.000000e+00     -1.879584e-05
1.239000e+02     -1.634644e-05     0.000000e+00     1.873107e-05
1.242000e+02     -5.323394e-05     0.000000e+00     2.255021e-05
1.245000e+02     -3.452361e-05     0.000000e+00     2.310656e-05
1.248000e+02     2.986574e-06     0.000000e+00     1.819768e-06
1.251000e+02     1.253719e-05     0.000000e+00     -4.732824e-07
1.254000e+02     3.040489e-05     0.000000e+00     1.817275e-05
1.257000e+02     9.068458e-06     0.000000e+00     1.698713e-05
1.260000e+02     -4.491670e-05     0.000000e+00     7.035837e-06
1.263000e+02     -5.560864e-05     0.000000e+00     6.494299e-06
1.266000e+02     -5.286983e-06     0.000000e+00     7.712587e-06
1.269000e+02     2.072021e-05     0.000000e+00     -8.735139e-06
1.272000e+02     8.084192e-06     0.000000e+00     -2.478182e-05
1.275000e+02     -3.489088e-05     0.000000e+00     -1.484049e-05
1.278000e+02     -2.905046e-05     0.000000e+00     -1.028615e-05
1.281000e+02     1.039603e-05     0.000000e+00     -7.523700e-06
1.284000e+02     4.008801e-05     0.000000e+00     -1.368766e-05
1.287000e+02     5.153092e-05     0.000000e+00     -2.486462e-05
1.290000e+02     2.384459e-05     0.000000e+00     8.227478e-06
1.293000e+02     4.087686e-06     0.000000e+00     2.165308e-05
1.296000e+02     -2.077040e-05     0.000000e+00     3.018227e-05
1.299000e+02     -5.509464e-05     0.000000e+00     2.052296e-05
1.302000e+02     -7.926685e-05     0.000000e+00     8.861879e-06
1.305000e+02     -7.563342e-05     0.000000e+00     -5.831071e-06
1.308000e+02     -2.081764e-05     0.000000e+00     -1.339563e-05
1.311000e+02     4.000143e-05     0.000000e+00     -7.830125e-06
1.314000e+02     7.129353e-05     0.000000e+00     -7.764324e-06
1.317000e+02     6.099510e-05     0.000000e+00     -1.903421e-05
1.320000e+02     3.596830e-05     0.000000e+00     -1.762995e-05
1.323000e+02     1.684444e-05     0.000000e+00     -1.705586e-05
1.326000e+02     -4.363113e-05     0.000000e+00     -9.971500e-07
1.329000e+02     -6.171926e-05     0.000000e+00     1.448111e-05
1.332000e+02     -2.339358e-05     0.000000e+00     -5.568183e-06
1.335000e+02     1.756195e-05     0.000000e+00     -1.121848e-06
1.338000e+02     4.915579e-05     0.000000e+00     1.505884e-05
1.341000e+02     3.169132e-05     0.000000e+00     3.195973e-06
1.344000e+02     -7.969624e-06     0.000000e+00     8.503003e-06
1.347000e+02     -2.807045e-05     0.000000e+00     2.097716e-05
1.350000e+02     -3.882313e-05     0.000000e+00     2.554652e-05
1.353000e+02     -3.471991e-05     0.000000e+00     1.527016e-05
1.356000e+02     -2.920504e-05     0.000000e+00     -4.364284e-06
1.359000e+02     -4.110674e-05     0.000000e+00     -1.581560e-05
1.362000e+02     -3.376320e-05     0.000000e+00     -1.677292e-05
1.365000e+02     7.676440e-06     0.000000e+00     -1.167552e-05
1.368000e+02     4.517124e-05     0.000000e+00     -2.335647e-06
1.371000e+02     6.230082e-05     0.000000e+00     6.070133e-07
1.374000e+02     1.929792e-05     0.000000e+00     -1.040119e-05
1.377000e+02     -4.722171e-05     0.000000e+00     -1.808890e-05
1.380000e+02     -6.106266e-05     0.000000e+00     -4.544521e-06
1.383000e+02     -1.451824e-05     0.000000e+00     3.191328e-06
1.386000e+02     3.585855e-05     0.000000e+00     -5.471893e-06
1.389000e+02     5.651908e-05     0.000000e+00     -5.157211e-06
1.392000e+02     2.850762e-05     0.000000e+00     -7.256650e-06
1.395000e+02     -9.991692e-06     0.000000e+00     1.194821e-05
1.398000e+02     -2.517979e-05     0.000000e+00     3.567764e-05
1.401000e+02     -4.926555e-05     0.000000e+00     2.343312e-05
1.404000e+02     -5.896152e-05     0.000000e+00     -2.116670e-06
1.407000e+02     -4.270354e-05     0.000000e+00     -3.444459e-06
1.410000e+02     8.377819e-06     0.000000e+00     9.215293e-06
1.413000e+02     5.355629e-05     0.000000e+00     1.563731e-05
1.416000e+02     6.249313e-05     0.000000e+00     2.166895e-06
1.419000e+02     2.058464e-05     0.000000e+00     -3.022576e-05
1.422000e+02     -3.487466e-05     0.000000e+00     -3.472229e-05
1.425000e+02     -5.471489e-05     0.000000e+00     -1.910496e-05
1.428000e+02     -2.212208e-05     0.000000e+00     -1.435899e-06
1.431000e+02     2.712655e-05     0.000000e+00     1.462138e-05
1.434000e+02     4.589024e-05     0.000000e+00     1.056644e-05
1.437000e+02     1.345688e-05     0.000000e+00     1.443116e-05
1.440000e+02     -3.833720e-05     0.000000e+00     4.440750e-06
1.443000e+02     -6.123590e-05     0.000000e+00     3.032999e-06
1.446000e+02     -5.463850e-05     0.000000e+00     2.670932e-06
1.449000e+02     -2.980404e-05     0.000000e+00     -4.972387e-06
1.452000e+02     -1.206247e-05     0.000000e+00     1.918603e-06
1.455000e+02     1.336176e-05     0.000000e+00     5.159864e-06
1.458000e+02     3.443274e-05     0.000000e+00     -4.995218e-06
1.461000e+02     2.552092e-05     0.000000e+00     -3.663214e-06
1.464000e+02     6.994067e-07     0.000000e+00     -2.803254e-06
1.467000e+02     -4.004953e-06     0.000000e+00     -5.803786e-06
1.470000e+02     -3.111080e-07     0.000000e+00     -3.707676e-06
1.473000e+02     1.384878e-05     0.000000e+00     -7.436499e-06
1.476000e+02     2.084967e-05     0.000000e+00     4.025545e-06
1.479000e+02     1.419454e-05     0.000000e+00     1.177652e-05
1.482000e+02     -7.530022e-07     0.000000e+00     5.542475e-06
1.485000e+02     -2.738666e-05     0.000000e+00     1.299642e-05
1.488000e+02     -3.777563e-05     0.000000e+00     8.132771e-06
1.491000e+02     -2.666636e-05     0.000000e+00     -6.544012e-06
1.494000e+02     -2.253547e-05     0.000000e+00     -5.089993e-06
1.497000e+02     -1.780803e-05     0.000000e+00     -4.249387e-06
1.500000e+02     -1.388574e-05     0.000000e+00     4.658022e-06
1.503000e+02     -1.966335e-05     0.000000e+00     9.112045e-06
1.506000e+02     1.116422e-06     0.000000e+00     -2.207766e-06
1.509000e+02     1.619946e-05     0.000000e+00     1.590334e-07
1.512000e+02     8.603448e-06     0.000000e+00     -6.262788e-06
1.515000e+02     -8.654740e-06     0.000000e+00     -2.462560e-06
1.518000e+02     -1.898623e-05     0.000000e+00     1.418267e-06
1.521000e+02     -1.412197e-05     0.000000e+00     3.894892e-06
1.524000e+02     9.511848e-06     0.000000e+00     -4.104905e-06
1.527000e+02     4.899625e-05     0.000000e+00     -1.057700e-05
1.530000e+02     5.177717e-05     0.000000e+00     -1.487511e-05
1.533000e+02     2.630389e-05     0.000000e+00     -2.010024e-05
1.536000e+02     -9.511824e-06     0.000000e+00     -4.377354e-06
1.539000e+02     -4.794254e-05     0.000000e+00     7.770593e-06
1.542000e+02     -6.467326e-05     0.000000e+00     1.756752e-05
1.545000e+02     -5.720920e-05     0.000000e+00     1.699644e-05
1.548000e+02     -3.119949e-05     0.000000e+00     2.306523e-06
1.551000e+02     3.583644e-06     0.000000e+00     3.581561e-06
1.554000e+02     2.812247e-05     0.000000e+00     -2.901402e-06
1.557000e+02     3.756277e-05     0.000000e+00     -1.046757e-05
1.560000e+02     1.721116e-05     0.000000e+00     -3.162841e-07
1.563000e+02     -1.107061e-05     0.000000e+00     1.642836e-05
1.566000e+02     -5.879045e-06     0.000000e+00     2.274842e-05
1.569000e+02     -1.341198e-05     0.000000e+00     5.373366e-06
1.572000e+02     -1.845423e-05     0.000000e+00     7.569385e-06
1.575000e+02     -2.677328e-05     0.000000e+00     8.830080e-06
1.578000e+02     -1.587117e-05     0.000000e+00     2.457547e-06
1.581000e+02     -6.044421e-06     0.000000e+00     2.911456e-07
1.584000e+02     -2.247769e-05     0.000000e+00     -9.281117e-06
1.587000e+02     -2.611564e-05     0.000000e+00     -1.831363e-05
1.590000e+02     -1.698751e-05     0.000000e+00     -1.438218e-05
1.593000e+02     -1.540914e-05     0.000000e+00     -9.336267e-06
1.596000e+02     -1.178085e-05     0.000000e+00     -1.027339e-05
1.599000e+02     1.346260e-05     0.000000e+00     -8.569537e-06
1.602000e+02     5.049222e-05     0.000000e+00     -6.171208e-06
1.605000e+02     5.683549e-05     0.000000e+00     2.891330e-06
1.608000e+02     3.588774e-05     0.000000e+00     2.477273e-05
1.611000e+02     9.977259e-06     0.000000e+00     3.055971e-05
1.614000e+02     -2.646550e-05     0.000000e+00     1.785479e-05
1.617000e+02     -6.143872e-05     0.000000e+00     7.899564e-06
1.620000e+02     -6.231563e-05     0.000000e+00     3.591426e-06
1.623000e+02     -2.665819e-05     0.000000e+00     4.528269e-06
1.626000e+02     1.611412e-05     0.000000e+00     -1.752533e-06
1.629000e+02     2.652487e-05     0.000000e+00     -1.782919e-05
1.632000e+02     1.767365e-05     0.000000e+00     -2.399474e-05
1.635000e+02     -8.693809e-06     0.000000e+00     -1.234552e-05
1.638000e+02     -2.390103e-05     0.000000e+00     -1.166137e-05
1.641000e+02     -3.486740e-05     0.000000e+00     -3.443391e-06
1.644000e+02     -3.141082e-05     0.000000e+00     5.011309e-06
1.647000e+02     -2.345014e-05     0.000000e+00     4.135089e-06
1.650000e+02     -8.380201e-06     0.000000e+00     1.957825e-05
1.653000e+02     1.239745e-05     0.000000e+00     2.556240e-05
1.656000e+02     1.819067e-05     0.000000e+00     1.634090e-05
1.659000e+02     3.047310e-06     0.000000e+00     5.657570e-06
1.662000e+02     -1.214454e-05     0.000000e+00     3.597286e-06
1.665000e+02     -7.911681e-06     0.000000e+00     4.957966e-06
1.668000e+02     -4.808311e-06     0.000000e+00     -7.912740e-06
1.671000e+02     -2.572831e-07     0.000000e+00     -1.295485e-05
1.674000e+02     4.146956e-06     0.000000e+00     -6.260539e-06
1.677000e+02     1.124104e-06     0.000000e+00     -7.430479e-06
1.680000e+02     -7.853328e-06     0.000000e+00     -4.558425e-06
1.683000e+02     -2.339434e-05     0.000000e+00     -7.455866e-06
1.686000e+02     -2.616470e-05     0.000000e+00     -1.252029e-05
1.689000e+02     -1.272605e-05     0.000000e+00     -6.943631e-06
1.692000e+02     2.760998e-06     0.000000e+00     7.761826e-06
1.695000e+02     1.274138e-05     0.000000e+00     1.313992e-05
1.698000e+02     1.887237e-05     0.000000e+00     1.563167e-05
1.701000e+02     1.378172e-05     0.000000e+00     1.414110e-05
1.704000e+02     2.852860e-06     0.000000e+00     2.228017e-06
1.707000e+02     -1.005771e-05     0.000000e+00     -2.819640e-06
1.710000e+02     -3.206131e-05     0.000000e+00     1.091045e-06
1.713000e+02     -4.719522e-05     0.000000e+00     2.395077e-06
1.716000e+02     -4.112366e-05     0.000000e+00     -6.545252e-07
1.719000e+02     -1.722771e-05     0.000000e+00     9.440558e-07
1.722000e+02     1.644948e-05     0.000000e+00     4.504936e-06
1.725000e+02     2.995822e-05     0.000000e+00     6.369294e-06
1.728000e+02     1.619714e-05     0.000000e+00     6.200028e-06
1.731000e+02     -5.339620e-06     0.000000e+00     -4.508343e-06
1.734000e+02     -2.505545e-05     0.000000e+00     -4.979710e-06
1.737000e+02     -4.094235e-05     0.000000e+00     -1.333288e-06
1.740000e+02     -3.660424e-05     0.000000e+00     -4.991805e-06
1.743000e+02     -1.663342e-05     0.000000e+00     -5.200598e-06
1.746000e+02     1.635512e-05     0.000000e+00     -1.553178e-06
1.749000e+02     3.018081e-05     0.000000e+00     2.052628e-06
1.752000e+02     1.920569e-05     0.000000e+00     5.326072e-06
1.755000e+02     4.407899e-06     0.000000e+00     3.709062e-06
1.758000e+02     -4.685926e-06     0.000000e+00     -2.167282e-06
1.761000e+02     1.375343e-06     0.000000e+00     -2.216906e-06
1.764000e+02     1.090960e-05     0.000000e+00     8.870755e-06
1.767000e+02     1.539395e-06     0.000000e+00     1.353261e-05
1.770000e+02     -2.012077e-05     0.000000e+00     1.170638e-05
1.773000e+02     -3.597966e-05     0.000000e+00     6.468355e-06
1.776000e+02     -3.390075e-05     0.000000e+00     -3.084253e-06
1.779000e+02     -2.878539e-05     0.000000e+00     -4.333543e-06
1.782000e+02     -3.028313e-05     0.000000e+00     5.641381e-06
1.785000e+02     -4.201581e-05     0.000000e+00     1.084437e-05
1.788000e+02     -4.135652e-05     0.000000e+00     8.847671e-06
1.791000e+02     -2.597609e-05     0.000000e+00     1.529335e-05
1.794000e+02     6.179476e-06     0.000000e+00     7.545661e-06
1.797000e+02     3.501795e-05     0.000000e+00     -9.470899e-06
1.800000e+02     4.485059e-05     0.000000e+00     -1.265264e-05
1.803000e+02     4.657771e-05     0.000000e+00     -7.619388e-06
1.806000e+02     2.904369e-05     0.000000e+00     -9.022878e-06
1.809000e+02     2.400775e-06     0.000000e+00     -1.212151e-05
1.812000e+02     -1.774792e-05     0.000000e+00     -7.632044e-06
1.815000e+02     -2.695981e-05     0.000000e+00     -1.115483e-05
1.818000e+02     -3.226519e-05     0.000000e+00     -3.602462e-06
1.821000e+02     -3.869932e-05     0.000000e+00     8.575156e-06
1.824000e+02     -4.515437e-05     0.000000e+00     1.031078e-05
1.827000e+02     -4.209185e-05     0.000000e+00     2.079773e-05
1.830000e+02     -2.138089e-05     0.000000e+00     1.846846e-05
1.833000e+02     4.340259e-06     0.000000e+00     7.419982e-06
1.836000e+02     1.236777e-05     0.000000e+00     6.875133e-06
1.839000e+02     1.504288e-05     0.000000e+00     5.035623e-06
1.842000e+02     2.453831e-05     0.000000e+00     2.817158e-06
1.845000e+02     3.370945e-05     0.000000e+00     4.126795e-06
1.848000e+02     2.226610e-05     0.000000e+00     4.897202e-07
1.851000e+02     3.362121e-06     0.000000e+00     1.972730e-06
1.854000e+02     -1.710499e-05     0.000000e+00     1.570606e-06
1.857000e+02     -3.229775e-05     0.000000e+00     -1.629462e-06
1.860000e+02     -3.640435e-05     0.000000e+00     7.474822e-07
1.863000e+02     -3.201133e-05     0.000000e+00     -8.210047e-07
1.866000e+02     -2.647478e-05     0.000000e+00     -6.026854e-06
1.869000e+02     -2.241877e-05     0.000000e+00     -3.056739e-06
1.872000e+02     -3.225714e-05     0.000000e+00     6.696446e-07
1.875000e+02     -3.820364e-05     0.000000e+00     -2.996447e-06
1.878000e+02     -2.116721e-05     0.000000e+00     -6.805251e-06
1.881000e+02     -3.156865e-06     0.000000e+00     -7.355413e-06
1.884000e+02     2.270312e-06     0.000000e+00     -1.340745e-06
1.887000e+02     7.027041e-06     0.000000e+00     1.610022e-05
1.890000e+02     2.060971e-05     0.000000e+00     1.313980e-05
1.893000e+02     3.046422e-05     0.000000e+00     1.042358e-05
1.896000e+02     1.719744e-05     0.000000e+00     1.345799e-05
1.899000e+02     -1.373756e-06     0.000000e+00     1.865888e-05
1.902000e+02     -1.103854e-05     0.000000e+00     1.890747e-05
1.905000e+02     6.964309e-06     0.000000e+00     4.203319e-06
1.908000e+02     1.260150e-05     0.000000e+00     -6.436751e-06
1.911000e+02     -9.421551e-07     0.000000e+00     -1.197352e-05
1.914000e+02     -2.649645e-05     0.000000e+00     -1.137276e-05
1.917000e+02     -5.632682e-05     0.000000e+00     -8.555230e-06
1.920000e+02     -6.797514e-05     0.000000e+00     -5.832282e-06
1.923000e+02     -5.964462e-05     0.000000e+00     -9.009839e-06
1.926000e+02     -2.815282e-05     0.000000e+00     -1.054941e-05
1.929000e+02     2.329716e-06     0.000000e+00     1.242121e-06
1.932000e+02     1.875748e-05     0.000000e+00     6.244490e-06
1.935000e+02     2.681858e-05     0.000000e+00     1.093591e-05
1.938000e+02     2.243605e-05     0.000000e+00     9.706086e-06
1.941000e+02     2.820522e-05     0.000000e+00     4.815818e-06
1.944000e+02     2.088467e-05     0.000000e+00     7.432719e-06
1.947000e+02     9.724073e-06     0.000000e+00     8.634980e-06
1.950000e+02     -1.039814e-05     0.000000e+00     1.037276e-05
1.953000e+02     -2.529639e-05     0.000000e+00     1.007655e-05
1.956000e+02     -3.744389e-05     0.000000e+00     9.861456e-06
1.959000e+02     -3.866608e-05     0.000000e+00     1.156776e-06
1.962000e+02     -3.079821e-05     0.000000e+00     -4.889188e-06
1.965000e+02     -2.229998e-05     0.000000e+00     -5.077756e-06
1.968000e+02     -1.589281e-05     0.000000e+00     -6.841862e-06
1.971000e+02     -6.000205e-06     0.000000e+00     -1.854773e-06
1.974000e+02     6.231767e-06     0.000000e+00     -1.051941e-06
1.977000e+02     1.097553e-05     0.000000e+00     2.115647e-06
1.980000e+02     -4.972794e-08     0.000000e+00     6.031068e-06
1.983000e+02     -9.281279e-06     0.000000e+00     1.783191e-05
1.986000e+02     -1.658696e-05     0.000000e+00     1.518860e-05
1.989000e+02     -1.599822e-05     0.000000e+00     9.722154e-06
1.992000e+02     -2.194530e-05     0.000000e+00     9.049715e-06
1.995000e+02     -1.483980e-05     0.000000e+00     6.730597e-06
1.998000e+02     5.683486e-06     0.000000e+00     1.200433e-06
2.001000e+02     1.929329e-05     0.000000e+00     -2.795911e-06
2.004000e+02     7.402773e-06     0.000000e+00     -8.355087e-06
2.007000e+02     -1.237433e-05     0.000000e+00     -1.269535e-05
2.010000e+02     -2.598687e-05     0.000000e+00     -1.213174e-05
2.013000e+02     -2.905517e-05     0.000000e+00     -7.854344e-06
2.016000e+02     -1.909475e-05     0.000000e+00     -5.667649e-06
2.019000e+02     -8.811639e-06     0.000000e+00     -2.519518e-06
2.022000e+02     8.508476e-06     0.000000e+00     -1.905715e-06
2.025000e+02     2.273857e-05     0.000000e+00     3.115640e-06
2.028000e+02     1.945191e-05     0.000000e+00     1.189617e-05
2.031000e+02     1.337371e-06     0.000000e+00     9.810962e-06
2.034000e+02     -1.995193e-05     0.000000e+00     1.492178e-05
2.037000e+02     -2.470791e-05     0.000000e+00     1.299176e-05
2.040000e+02     -2.208058e-05     0.000000e+00     9.970428e-06
2.043000e+02     -2.066380e-05     0.000000e+00     1.258436e-05
2.046000e+02     -2.426822e-05     0.000000e+00     9.508284e-06
2.049000e+02     -2.633941e-05     0.000000e+00     6.049818e-06
2.052000e+02     -2.346169e-05     0.000000e+00     9.108945e-07
2.055000e+02     -1.418497e-05     0.000000e+00     4.674346e-06
2.058000e+02     -1.310717e-05     0.000000e+00     3.419212e-06
2.061000e+02     -2.596338e-06     0.000000e+00     1.243282e-06
2.064000e+02     -9.312125e-06     0.000000e+00     1.139907e-06
2.067000e+02     -6.370453e-06     0.000000e+00     -4.692234e-06
2.070000e+02     5.831366e-06     0.000000e+00     -5.785061e-06
2.073000e+02     2.055976e-05     0.000000e+00     -6.743220e-06
2.076000e+02     2.680079e-05     0.000000e+00     -1.981055e-06
2.079000e+02     2.153950e-05     0.000000e+00     3.381469e-06
2.082000e+02     -2.072257e-06     0.000000e+00     4.430922e-06
2.085000e+02     -3.105826e-05     0.000000e+00     7.183180e-06
2.088000e+02     -4.541666e-05     0.000000e+00     6.658545e-06
2.091000e+02     -4.060021e-05     0.000000e+00     1.448315e-05
2.094000e+02     -2.508880e-05     0.000000e+00     1.246046e-05
2.097000e+02     -1.508215e-05     0.000000e+00     9.605489e-06
2.100000e+02     -6.841061e-06     0.000000e+00     3.362319e-06
2.103000e+02     -1.402182e-05     0.000000e+00     3.058495e-06
2.106000e+02     -8.304934e-06     0.000000e+00     1.366031e-06
2.109000e+02     -1.089713e-06     0.000000e+00     -2.031532e-06
2.112000e+02     1.512508e-05     0.000000e+00     -5.197666e-06
2.115000e+02     1.944159e-05     0.000000e+00     -8.599739e-06
2.118000e+02     1.388308e-05     0.000000e+00     -6.095859e-06
2.121000e+02     6.326432e-06     0.000000e+00     -8.341676e-06
2.124000e+02     -4.468983e-06     0.000000e+00     1.785111e-06
2.127000e+02     -1.532666e-05     0.000000e+00     7.703996e-06
2.130000e+02     -2.629775e-05     0.000000e+00     6.749008e-06
2.133000e+02     -2.567203e-05     0.000000e+00     3.895679e-06
2.136000e+02     -1.795676e-05     0.000000e+00     2.026645e-06
2.139000e+02     -1.726867e-05     0.000000e+00     1.289506e-07
2.142000e+02     -3.057196e-05     0.000000e+00     8.077918e-06
2.145000e+02     -3.442919e-05     0.000000e+00     1.076253e-05
2.148000e+02     -3.123963e-05     0.000000e+00     1.736966e-05
2.151000e+02     -6.312087e-06     0.000000e+00     1.040404e-05
2.154000e+02     2.217824e-05     0.000000e+00     1.130212e-06
2.157000e+02     1.895874e-05     0.000000e+00     5.044079e-06
2.160000e+02     -2.635427e-07     0.000000e+00     6.556001e-06
2.163000e+02     -1.230812e-05     0.000000e+00     7.471150e-06
2.166000e+02     -6.513576e-06     0.000000e+00     1.169945e-05
2.169000e+02     -2.234700e-06     0.000000e+00     4.991930e-06
2.172000e+02     4.848241e-06     0.000000e+00     2.161001e-06
2.175000e+02     7.233846e-06     0.000000e+00     7.018924e-07
2.178000e+02     -7.250833e-06     0.000000e+00     -2.465593e-06
2.181000e+02     -2.593996e-05     0.000000e+00     -4.861330e-07
2.184000e+02     -4.199050e-05     0.000000e+00     3.599179e-06
2.187000e+02     -3.245315e-05     0.000000e+00     3.203871e-06
2.190000e+02     -1.498929e-05     0.000000e+00     -1.011263e-06
2.193000e+02     -1.103640e-05     0.000000e+00     -2.995548e-06
2.196000e+02     -1.514879e-05     0.000000e+00     -4.538065e-06
2.199000e+02     -2.128378e-05     0.000000e+00     2.405864e-06
2.202000e+02     -2.301227e-05     0.000000e+00     6.950824e-06
2.205000e+02     -1.161340e-05     0.000000e+00     1.694382e-07
2.208000e+02     1.675101e-05     0.000000e+00     6.742251e-07
2.211000e+02     4.384738e-05     0.000000e+00     1.971086e-06
2.214000e+02     4.550516e-05     0.000000e+00     9.193746e-06
2.217000e+02     2.084110e-05     0.000000e+00     7.469715e-06
2.220000e+02     -4.435153e-06     0.000000e+00     1.020440e-05
2.223000e+02     -2.716583e-05     0.000000e+00     1.110226e-05
2.226000e+02     -3.417399e-05     0.000000e+00     6.258217e-06
2.229000e+02     -3.054900e-05     0.000000e+00     2.937485e-06
2.232000e+02     -2.082738e-05     0.000000e+00     -2.220075e-06
2.235000e+02     -1.548709e-05     0.000000e+00     -1.954997e-06
2.238000e+02     -6.812587e-06     0.000000e+00     2.796414e-07
2.241000e+02     -8.590709e-06     0.000000e+00     -1.297072e-08
2.244000e+02     -2.383739e-05     0.000000e+00     2.421002e-06
2.247000e+02     -3.588242e-05     0.000000e+00     3.274680e-06
2.250000e+02     -3.837655e-05     0.000000e+00     1.617519e-06
2.253000e+02     -2.976369e-05     0.000000e+00     7.805127e-06
2.256000e+02     -8.701693e-06     0.000000e+00     -6.236506e-07
2.259000e+02     7.010710e-06     0.000000e+00     1.198384e-07
2.262000e+02     1.410325e-05     0.000000e+00     4.339813e-06
2.265000e+02     1.348840e-05     0.000000e+00     3.137306e-06
2.268000e+02     8.558690e-06     0.000000e+00     6.402790e-06
2.271000e+02     -3.069232e-06     0.000000e+00     8.263964e-06
2.274000e+02     -1.130409e-05     0.000000e+00     1.344363e-05
2.277000e+02     -6.796371e-06     0.000000e+00     2.031864e-05
2.280000e+02     -4.041091e-06     0.000000e+00     1.460956e-05
2.283000e+02     -8.029370e-06     0.000000e+00     7.390821e-06
2.286000e+02     -8.315260e-06     0.000000e+00     6.183134e-06
2.289000e+02     -4.062277e-06     0.000000e+00     4.169762e-07
2.292000e+02     -3.526945e-06     0.000000e+00     1.586867e-06
2.295000e+02     -7.770332e-06     0.000000e+00     1.035395e-06
2.298000e+02     -1.274096e-05     0.000000e+00     -9.275762e-07
2.301000e+02     -2.145640e-05     0.000000e+00     -2.896175e-06
2.304000e+02     -2.638955e-05     0.000000e+00     -2.649219e-06
2.307000e+02     -2.712698e-05     0.000000e+00     -6.465311e-07
2.310000e+02     -2.937020e-05     0.000000e+00     -3.279222e-07
2.313000e+02     -2.389978e-05     0.000000e+00     -1.335908e-06
2.316000e+02     -1.092463e-05     0.000000e+00     -2.742140e-07
2.319000e+02     3.344021e-06     0.000000e+00     -3.003989e-06
2.322000e+02     1.097732e-05     0.000000e+00     -4.181179e-06
2.325000e+02     4.313885e-06     0.000000e+00     3.026661e-06
2.328000e+02     -4.606457e-06     0.000000e+00     6.113762e-06
2.331000e+02     -1.090676e-05     0.000000e+00     9.188659e-06
2.334000e+02     -1.345942e-05     0.000000e+00     1.327671e-05
2.337000e+02     -1.609113e-05     0.000000e+00     1.225856e-05
2.340000e+02     -1.367922e-05     0.000000e+00     1.571520e-05
2.343000e+02     -9.112900e-06     0.000000e+00     1.502152e-05
2.346000e+02     -4.461911e-06     0.000000e+00     6.523812e-06
2.349000e+02     3.160941e-06     0.000000e+00     3.158463e-06
2.352000e+02     6.774358e-06     0.000000e+00     5.544114e-06
2.355000e+02     -1.594471e-07     0.000000e+00     4.498510e-06
2.358000e+02     -1.164178e-05     0.000000e+00     1.095836e-06
2.361000e+02     -1.944963e-05     0.000000e+00     3.785452e-06
2.364000e+02     -1.402430e-05     0.000000e+00     7.103715e-06
2.367000e+02     -9.766840e-06     0.000000e+00     2.484465e-06
2.370000e+02     -6.634892e-06     0.000000e+00     -5.040299e-07
2.373000e+02     -9.658937e-06     0.000000e+00     -2.410381e-06
2.376000e+02     -1.788762e-05     0.000000e+00     -1.293140e-06
2.379000e+02     -2.510607e-05     0.000000e+00     1.782183e-06
2.382000e+02     -2.592457e-05     0.000000e+00     -8.441680e-07
2.385000e+02     -2.157394e-05     0.000000e+00     1.536872e-06
2.388000e+02     -1.311175e-05     0.000000e+00     4.336042e-06
2.391000e+02     -9.248435e-06     0.000000e+00     6.299262e-06
2.394000e+02     -4.191868e-06     0.000000e+00     6.338110e-06
2.397000e+02     -4.157087e-06     0.000000e+00     5.827173e-06
2.400000e+02     -6.199453e-06     0.000000e+00     3.426372e-06
2.403000e+02     -8.803756e-06     0.000000e+00     3.569387e-06
2.406000e+02     -1.097356e-05     0.000000e+00     2.875079e-06
2.409000e+02     -9.434704e-06     0.000000e+00     4.857498e-06
2.412000e+02     -9.268037e-06     0.000000e+00     1.071599e-05
2.415000e+02     -5.936390e-06     0.000000e+00     1.331019e-05
2.418000e+02     -4.870245e-06     0.000000e+00     1.311160e-05
2.421000e+02     2.052816e-06     0.000000e+00     1.033859e-05
2.424000e+02     5.883922e-06     0.000000e+00     4.080706e-06
2.427000e+02     -6.754389e-07     0.000000e+00     1.712910e-06
2.430000e+02     -1.211420e-05     0.000000e+00     4.172474e-07
2.433000e+02     -2.692593e-05     0.000000e+00     5.208536e-07
2.436000e+02     -3.720417e-05     0.000000e+00     -7.633890e-07
2.439000e+02     -3.890971e-05     0.000000e+00     -3.239559e-06
2.442000e+02     -3.171319e-05     0.000000e+00     -1.998668e-06
2.445000e+02     -1.913693e-05     0.000000e+00     3.047502e-06
2.448000e+02     -6.678773e-06     0.000000e+00     4.266776e-06
2.451000e+02     2.549434e-06     0.000000e+00     6.975662e-06
2.454000e+02     5.905054e-06     0.000000e+00     1.007068e-05
2.457000e+02     6.560866e-06     0.000000e+00     6.468700e-06
2.460000e+02     1.794460e-06     0.000000e+00     5.621160e-06
2.463000e+02     -6.660459e-06     0.000000e+00     8.419234e-06
2.466000e+02     -7.095860e-06     0.000000e+00     3.883757e-06
2.469000e+02     -3.826041e-06     0.000000e+00     1.064721e-06
2.472000e+02     7.656626e-07     0.000000e+00     5.446745e-06
2.475000e+02     -3.558830e-07     0.000000e+00     5.443158e-06
2.478000e+02     -1.055133e-05     0.000000e+00     3.947218e-06
2.481000e+02     -2.518975e-05     0.000000e+00     3.202056e-06
2.484000e+02     -2.790354e-05     0.000000e+00     1.795397e-06
2.487000e+02     -2.355848e-05     0.000000e+00     4.572621e-06
2.490000e+02     -1.264145e-05     0.000000e+00     1.106597e-06
2.493000e+02     -2.272287e-06     0.000000e+00     3.004169e-06
2.496000e+02     -9.927041e-07     0.000000e+00     5.969969e-06
2.499000e+02     -6.280227e-06     0.000000e+00     6.040183e-06
2.502000e+02     -1.324324e-05     0.000000e+00     7.126728e-06
2.505000e+02     -2.198289e-05     0.000000e+00     7.122267e-06
2.508000e+02     -2.594551e-05     0.000000e+00     7.331344e-06
2.511000e+02     -1.945236e-05     0.000000e+00     8.368144e-06
2.514000e+02     -9.763117e-06     0.000000e+00     7.410839e-06
2.517000e+02     -3.038187e-06     0.000000e+00     2.216544e-06
2.520000e+02     8.976238e-08     0.000000e+00     4.510600e-07
2.523000e+02     2.665498e-06     0.000000e+00     4.610319e-07
2.526000e+02     3.414867e-06     0.000000e+00     -7.177329e-07
2.529000e+02     -2.541648e-06     0.000000e+00     1.996726e-06
2.532000e+02     -1.319117e-05     0.000000e+00     5.956698e-06
2.535000e+02     -3.061966e-05     0.000000e+00     6.998004e-06
2.538000e+02     -4.433645e-05     0.000000e+00     9.551680e-06
2.541000e+02     -4.318477e-05     0.000000e+00     1.222522e-05
2.544000e+02     -2.884737e-05     0.000000e+00     1.141953e-05
2.547000e+02     -1.082880e-05     0.000000e+00     1.356146e-05
2.550000e+02     3.243452e-06     0.000000e+00     6.266775e-06
2.553000e+02     1.017448e-05     0.000000e+00     -3.565099e-06
2.556000e+02     1.114354e-05     0.000000e+00     -9.291837e-06
2.559000e+02     1.124925e-05     0.000000e+00     -1.081491e-05
2.562000e+02     7.863541e-06     0.000000e+00     -5.587232e-06
2.565000e+02     2.315416e-06     0.000000e+00     -5.195143e-06
2.568000e+02     -4.153608e-06     0.000000e+00     -3.397447e-08
2.571000e+02     -1.263798e-05     0.000000e+00     9.259817e-06
2.574000e+02     -1.910471e-05     0.000000e+00     1.574887e-05
2.577000e+02     -2.243243e-05     0.000000e+00     1.826933e-05
2.580000e+02     -2.439633e-05     0.000000e+00     1.907023e-05
2.583000e+02     -2.361381e-05     0.000000e+00     1.633505e-05
2.586000e+02     -2.264995e-05     0.000000e+00     1.335737e-05
2.589000e+02     -2.566403e-05     0.000000e+00     1.124744e-05
2.592000e+02     -2.483141e-05     0.000000e+00     8.131000e-06
2.595000e+02     -1.432983e-05     0.000000e+00     4.061176e-06
2.598000e+02     -9.521245e-07     0.000000e+00     -2.365518e-07
2.601000e+02     6.778706e-06     0.000000e+00     -3.072606e-06
2.604000e+02     6.690241e-06     0.000000e+00     -7.033271e-06
2.607000e+02     -9.219380e-07     0.000000e+00     -8.033202e-06
2.610000e+02     -1.396768e-05     0.000000e+00     -3.774011e-06
2.613000e+02     -1.747978e-05     0.000000e+00     -3.325275e-06
2.616000e+02     -9.007364e-06     0.000000e+00     -3.192764e-06
2.619000e+02     -7.331591e-07     0.000000e+00     3.383250e-06
2.622000e+02     -5.230874e-07     0.000000e+00     7.264485e-06
2.625000e+02     -1.501998e-05     0.000000e+00     1.000063e-05
2.628000e+02     -2.883382e-05     0.000000e+00     1.217127e-05
2.631000e+02     -3.152740e-05     0.000000e+00     1.133627e-05
2.634000e+02     -2.370137e-05     0.000000e+00     1.057610e-05
2.637000e+02     -1.481847e-05     0.000000e+00     9.132005e-06
2.640000e+02     -1.029656e-05     0.000000e+00     5.816404e-06
2.643000e+02     -4.978536e-06     0.000000e+00     4.773431e-06
2.646000e+02     -6.501776e-07     0.000000e+00     5.159438e-06
2.649000e+02     3.326020e-07     0.000000e+00     3.998577e-06
2.652000e+02     -3.023489e-06     0.000000e+00     5.736546e-06
2.655000e+02     -6.819250e-06     0.000000e+00     7.117024e-06
2.658000e+02     -3.466172e-06     0.000000e+00     5.494645e-06
2.661000e+02     1.953613e-06     0.000000e+00     3.405090e-06
2.664000e+02     1.994932e-06     0.000000e+00     2.955423e-06
2.667000e+02     -2.052132e-06     0.000000e+00     1.466862e-06
2.670000e+02     -5.158333e-06     0.000000e+00     1.778825e-06
2.673000e+02     -8.479895e-06     0.000000e+00     2.259276e-06
2.676000e+02     -1.762669e-05     0.000000e+00     1.656737e-06
2.679000e+02     -3.015650e-05     0.000000e+00     2.233968e-06
2.682000e+02     -3.683819e-05     0.000000e+00     4.808640e-06
2.685000e+02     -3.200329e-05     0.000000e+00     4.611279e-06
2.688000e+02     -2.149829e-05     0.000000e+00     4.134183e-06
2.691000e+02     -1.437481e-05     0.000000e+00     5.853095e-06
2.694000e+02     -9.709308e-06     0.000000e+00     8.067240e-06
2.697000e+02     -4.048195e-06     0.000000e+00     8.738234e-06
2.700000e+02     -3.654923e-08     0.000000e+00     1.017396e-05
2.703000e+02     -1.162258e-07     0.000000e+00     8.101511e-06
2.706000e+02     -3.996561e-06     0.000000e+00     5.460874e-06
2.709000e+02     -9.343747e-06     0.000000e+00     4.329982e-06
2.712000e+02     -1.285505e-05     0.000000e+00     4.991395e-06
2.715000e+02     -1.466138e-05     0.000000e+00     7.263104e-06
2.718000e+02     -1.254530e-05     0.000000e+00     5.032145e-06
2.721000e+02     -9.205666e-06     0.000000e+00     2.990940e-06
2.724000e+02     -6.169808e-06     0.000000e+00     3.567871e-06
2.727000e+02     -2.083910e-06     0.000000e+00     9.260102e-07
2.730000e+02     1.418015e-06     0.000000e+00     -2.682272e-07
2.733000e+02     1.748418e-06     0.000000e+00     1.431764e-06
2.736000e+02     -1.845840e-06     0.000000e+00     1.811366e-06
2.739000e+02     -6.087526e-06     0.000000e+00     3.872047e-06
2.742000e+02     -8.632000e-06     0.000000e+00     4.453243e-06
2.745000e+02     -9.617759e-06     0.000000e+00     3.408780e-06
2.748000e+02     -1.312052e-05     0.000000e+00     5.661420e-06
2.751000e+02     -2.056570e-05     0.000000e+00     6.214188e-06
2.754000e+02     -2.721888e-05     0.000000e+00     6.040931e-06
2.757000e+02     -3.275566e-05     0.000000e+00     7.963727e-06
2.760000e+02     -3.199335e-05     0.000000e+00     5.750303e-06
2.763000e+02     -2.661135e-05     0.000000e+00     7.062032e-06
2.766000e+02     -1.600297e-05     0.000000e+00     9.092046e-06
2.769000e+02     -3.749308e-06     0.000000e+00     7.782609e-06
2.772000e+02     5.636342e-06     0.000000e+00     8.080158e-06
2.775000e+02     8.426794e-06     0.000000e+00     7.385250e-06
2.778000e+02     4.522623e-06     0.000000e+00     4.429228e-06
2.781000e+02     -6.156932e-06     0.000000e+00     -1.700021e-07
2.784000e+02     -1.344231e-05     0.000000e+00     -1.610496e-06
2.787000e+02     -1.438673e-05     0.000000e+00     -1.373057e-06
2.790000e+02     -7.662235e-06     0.000000e+00     1.562148e-06
2.793000e+02     4.338780e-06     0.000000e+00     2.399460e-06
2.796000e+02     8.056937e-06     0.000000e+00     2.547337e-06
2.799000e+02     1.191090e-06     0.000000e+00     4.516777e-06
2.802000e+02     -8.030732e-06     0.000000e+00     6.714625e-06
2.805000e+02     -9.352326e-06     0.000000e+00     6.936502e-06
2.808000e+02     -6.568032e-06     0.000000e+00     7.200497e-06
2.811000e+02     -8.692129e-06     0.000000e+00     9.073536e-06
2.814000e+02     -1.534249e-05     0.000000e+00     9.933845e-06
2.817000e+02     -2.253110e-05     0.000000e+00     1.084039e-05
2.820000e+02     -2.457515e-05     0.000000e+00     1.100641e-05
2.823000e+02     -2.186791e-05     0.000000e+00     6.435786e-06
2.826000e+02     -1.764623e-05     0.000000e+00     3.642908e-06
2.829000e+02     -1.137133e-05     0.000000e+00     1.598078e-06
2.832000e+02     -7.991596e-06     0.000000e+00     1.156981e-07
2.835000e+02     -1.019738e-06     0.000000e+00     7.579944e-08
2.838000e+02     5.451151e-06     0.000000e+00     -6.955152e-07
2.841000e+02     7.043596e-06     0.000000e+00     -1.884681e-06
2.844000e+02     6.327409e-07     0.000000e+00     -1.705112e-07
2.847000e+02     -9.504108e-06     0.000000e+00     5.430587e-06
2.850000e+02     -1.418342e-05     0.000000e+00     6.766503e-06
2.853000e+02     -1.503192e-05     0.000000e+00     6.749531e-06
2.856000e+02     -1.218635e-05     0.000000e+00     8.004812e-06
2.859000e+02     -6.388464e-06     0.000000e+00     5.909416e-06
2.862000e+02     -1.953530e-06     0.000000e+00     2.717559e-06
2.865000e+02     -2.735176e-06     0.000000e+00     1.521905e-06
2.868000e+02     -8.994401e-06     0.000000e+00     1.367287e-06
2.871000e+02     -1.835163e-05     0.000000e+00     1.943592e-06
2.874000e+02     -2.094037e-05     0.000000e+00     4.627284e-06
2.877000e+02     -1.646729e-05     0.000000e+00     5.301430e-06
2.880000e+02     -9.908406e-06     0.000000e+00     8.431936e-06
2.883000e+02     -6.522176e-07     0.000000e+00     1.080841e-05
2.886000e+02     4.883261e-06     0.000000e+00     1.004542e-05
2.889000e+02     7.025412e-06     0.000000e+00     1.161601e-05
2.892000e+02     3.701898e-06     0.000000e+00     1.097520e-05
2.895000e+02     -8.333355e-06     0.000000e+00     1.289245e-05
2.898000e+02     -2.056409e-05     0.000000e+00     1.008567e-05
2.901000e+02     -2.661833e-05     0.000000e+00     6.547012e-06
2.904000e+02     -2.492783e-05     0.000000e+00     6.026136e-06
2.907000e+02     -1.826477e-05     0.000000e+00     2.685679e-07
2.910000e+02     -8.368281e-06     0.000000e+00     -5.297618e-06
2.913000e+02     -3.452955e-06     0.000000e+00     -7.167027e-06
2.916000e+02     -2.262098e-06     0.000000e+00     -7.357412e-06
2.919000e+02     -2.834212e-06     0.000000e+00     -3.718724e-06
2.922000e+02     -8.897315e-08     0.000000e+00     -5.450941e-07
2.925000e+02     3.228421e-06     0.000000e+00     2.827473e-06
2.928000e+02     2.541913e-06     0.000000e+00     3.248012e-06
2.931000e+02     -1.481166e-06     0.000000e+00     4.578614e-06
2.934000e+02     -5.915941e-06     0.000000e+00     5.445068e-06
2.937000e+02     -5.759605e-06     0.000000e+00     4.688109e-06
2.940000e+02     -3.380660e-06     0.000000e+00     8.603190e-06
2.943000e+02     -3.885948e-06     0.000000e+00     1.073763e-05
2.946000e+02     -7.595755e-06     0.000000e+00     9.646078e-06
2.949000e+02     -1.476531e-05     0.000000e+00     7.632890e-06
2.952000e+02     -2.032215e-05     0.000000e+00     6.890952e-06
2.955000e+02     -1.772930e-05     0.000000e+00     7.254604e-06
2.958000e+02     -1.333912e-05     0.000000e+00     9.587601e-06
2.961000e+02     -8.163286e-06     0.000000e+00     7.689204e-06
2.964000e+02     -7.086305e-06     0.000000e+00     6.548219e-06
2.967000e+02     -4.271590e-06     0.000000e+00     3.738750e-06
2.970000e+02     -6.390311e-06     0.000000e+00     2.163006e-06
2.973000e+02     -7.474519e-06     0.000000e+00     7.713655e-06
2.976000e+02     -9.905546e-06     0.000000e+00     6.908450e-06
2.979000e+02     -8.958619e-06     0.000000e+00     3.855096e-06
2.982000e+02     -5.297758e-06     0.000000e+00     2.739892e-06
2.985000e+02     -3.080439e-06     0.000000e+00     1.646772e-06
2.988000e+02     -1.223748e-06     0.000000e+00     9.902546e-07
2.991000e+02     -1.626345e-06     0.000000e+00     -7.221102e-07
2.994000e+02     -9.687403e-07     0.000000e+00     -2.903008e-06
2.997000e+02     -2.981180e-06     0.000000e+00     -1.245187e-06
3.000000e+02     -1.729145e-06     0.000000e+00     -1.681766e-06
3.003000e+02     -1.660702e-06     0.000000e+00     1.434401e-06
3.006000e+02     -2.746901e-06     0.000000e+00     7.483712e-06
3.009000e+02     -7.710060e-06     0.000000e+00     9.927213e-06
3.012000e+02     -1.260842e-05     0.000000e+00     1.111112e-05
3.015000e+02     -1.610471e-05     0.000000e+00     8.731783e-06
3.018000e+02     -1.767076e-05     0.000000e+00     5.849673e-06
3.021000e+02     -1.563819e-05     0.000000e+00     6.259517e-06
3.024000e+02     -9.829714e-06     0.000000e+00     6.048728e-06
3.027000e+02     -4.234995e-06     0.000000e+00     5.815260e-06
3.030000e+02     -4.093027e-06     0.000000e+00     5.453411e-06
3.033000e+02     -5.767820e-06     0.000000e+00     6.456676e-06
3.036000e+02     -4.953251e-06     0.000000e+00     5.618828e-06
3.039000e+02     -3.356237e-06     0.000000e+00     6.093899e-06
3.042000e+02     -1.430643e-06     0.000000e+00     4.046796e-06
3.045000e+02     -2.464408e-06     0.000000e+00     1.002701e-06
3.048000e+02     -3.981557e-06     0.000000e+00     1.055035e-06
3.051000e+02     -2.477971e-06     0.000000e+00     7.662907e-07
3.054000e+02     2.086665e-06     0.000000e+00     2.499342e-06
3.057000e+02     3.139295e-06     0.000000e+00     9.958879e-07
3.060000e+02     2.584555e-06     0.000000e+00     2.569210e-07
3.063000e+02     -2.394036e-06     0.000000e+00     -6.571323e-07
3.066000e+02     -8.038899e-06     0.000000e+00     9.255356e-07
3.069000e+02     -1.183753e-05     0.000000e+00     4.540063e-06
