  0.00000E+00 -0.10703E-10  0.53226E-10  0.80312E-10
  0.30000E+00 -0.30155E-10  0.14998E-09  0.22628E-09
  0.60000E+00 -0.68227E-10  0.33937E-09  0.51202E-09
  0.90000E+00 -0.13312E-09  0.66217E-09  0.99898E-09
  0.12000E+01 -0.23351E-09  0.11616E-08  0.17524E-08
  0.15000E+01 -0.37809E-09  0.18809E-08  0.28376E-08
  0.18000E+01 -0.57514E-09  0.28610E-08  0.43163E-08
  0.21000E+01 -0.83192E-09  0.41386E-08  0.62437E-08
  0.24000E+01 -0.11547E-08  0.57439E-08  0.86661E-08
  0.27000E+01 -0.15478E-08  0.76995E-08  0.11616E-07
  0.30000E+01 -0.20141E-08  0.10018E-07  0.15115E-07
  0.33000E+01 -0.25540E-08  0.12703E-07  0.19165E-07
  0.36000E+01 -0.31649E-08  0.15744E-07  0.23754E-07
  0.39000E+01 -0.38442E-08  0.19122E-07  0.28850E-07
  0.42000E+01 -0.45850E-08  0.22804E-07  0.34405E-07
  0.45000E+01 -0.53769E-08  0.26744E-07  0.40349E-07
  0.48000E+01 -0.62101E-08  0.30888E-07  0.46600E-07
  0.51000E+01 -0.70680E-08  0.35167E-07  0.53063E-07
  0.54000E+01 -0.79390E-08  0.39505E-07  0.59601E-07
  0.57000E+01 -0.88050E-08  0.43817E-07  0.66111E-07
  0.60000E+01 -0.96510E-08  0.48009E-07  0.72436E-07
  0.63000E+01 -0.10454E-07  0.51984E-07  0.78437E-07
  0.66000E+01 -0.11185E-07  0.55637E-07  0.83950E-07
  0.69000E+01 -0.11841E-07  0.58866E-07  0.88830E-07
  0.72000E+01 -0.12384E-07  0.61565E-07  0.92905E-07
  0.75000E+01 -0.12798E-07  0.63632E-07  0.96022E-07
  0.78000E+01 -0.13063E-07  0.64968E-07  0.98046E-07
  0.81000E+01 -0.13163E-07  0.65480E-07  0.98822E-07
  0.84000E+01 -0.13094E-07  0.65083E-07  0.98232E-07
  0.87000E+01 -0.12811E-07  0.63703E-07  0.96156E-07
  0.90000E+01 -0.12331E-07  0.61275E-07  0.92494E-07
  0.93000E+01 -0.11615E-07  0.57748E-07  0.87187E-07
  0.96000E+01 -0.10660E-07  0.53088E-07  0.80163E-07
  0.99000E+01 -0.95099E-08  0.47271E-07  0.71388E-07
  0.10200E+02 -0.81100E-08  0.40295E-07  0.60880E-07
  0.10500E+02 -0.64400E-08  0.32172E-07  0.48625E-07
  0.10800E+02 -0.46200E-08  0.22932E-07  0.34692E-07
  0.11100E+02 -0.25600E-08  0.12624E-07  0.19152E-07
  0.11400E+02 -0.29002E-09  0.13118E-08  0.20870E-08
  0.11700E+02  0.22100E-08 -0.10920E-07 -0.16359E-07
  0.12000E+02  0.47801E-08 -0.23974E-07 -0.36047E-07
  0.12300E+02  0.75599E-08 -0.37733E-07 -0.56801E-07
  0.12600E+02  0.10430E-07 -0.52067E-07 -0.78433E-07
  0.12900E+02  0.13400E-07 -0.66836E-07 -0.10071E-06
  0.13200E+02  0.16400E-07 -0.81882E-07 -0.12341E-06
  0.13500E+02  0.19470E-07 -0.97043E-07 -0.14628E-06
  0.13800E+02  0.22540E-07 -0.11215E-06 -0.16908E-06
  0.14100E+02  0.25470E-07 -0.12701E-06 -0.19151E-06
  0.14400E+02  0.28370E-07 -0.14146E-06 -0.21333E-06
  0.14700E+02  0.31189E-07 -0.15531E-06 -0.23423E-06
  0.15000E+02  0.33819E-07 -0.16837E-06 -0.25396E-06
  0.15300E+02  0.36250E-07 -0.18048E-06 -0.27223E-06
  0.15600E+02  0.38460E-07 -0.19144E-06 -0.28880E-06
  0.15900E+02  0.40411E-07 -0.20111E-06 -0.30340E-06
  0.16200E+02  0.42061E-07 -0.20932E-06 -0.31581E-06
  0.16500E+02  0.43400E-07 -0.21593E-06 -0.32581E-06
  0.16800E+02  0.44377E-07 -0.22081E-06 -0.33320E-06
  0.17100E+02  0.45003E-07 -0.22385E-06 -0.33780E-06
  0.17400E+02  0.45229E-07 -0.22495E-06 -0.33949E-06
  0.17700E+02  0.45000E-07 -0.22404E-06 -0.33819E-06
  0.18000E+02  0.44500E-07 -0.22105E-06 -0.33369E-06
  0.18300E+02  0.43440E-07 -0.21596E-06 -0.32601E-06
  0.18600E+02  0.41970E-07 -0.20875E-06 -0.31515E-06
  0.18900E+02  0.40150E-07 -0.19942E-06 -0.30114E-06
  0.19200E+02  0.37890E-07 -0.18801E-06 -0.28393E-06
  0.19500E+02  0.35160E-07 -0.17458E-06 -0.26370E-06
  0.19800E+02  0.32100E-07 -0.15920E-06 -0.24051E-06
  0.20100E+02  0.28630E-07 -0.14196E-06 -0.21461E-06
  0.20400E+02  0.24860E-07 -0.12299E-06 -0.18593E-06
  0.20700E+02  0.20700E-07 -0.10236E-06 -0.15483E-06
  0.21000E+02  0.16280E-07 -0.79923E-07 -0.12093E-06
  0.21300E+02  0.11630E-07 -0.54929E-07 -0.83080E-07
  0.21600E+02  0.69199E-08 -0.25672E-07 -0.39820E-07
  0.21900E+02  0.21500E-08  0.10158E-07  0.10390E-07
  0.22200E+02 -0.23497E-08  0.54592E-07  0.67740E-07
  0.22500E+02 -0.65802E-08  0.10871E-06  0.13134E-06
  0.22800E+02 -0.10380E-07  0.17256E-06  0.19993E-06
  0.23100E+02 -0.13460E-07  0.24544E-06  0.27245E-06
  0.23400E+02 -0.15790E-07  0.32621E-06  0.34728E-06
  0.23700E+02 -0.17230E-07  0.41356E-06  0.42333E-06
  0.24000E+02 -0.17680E-07  0.50601E-06  0.49881E-06
  0.24300E+02 -0.16940E-07  0.60199E-06  0.57230E-06
  0.24600E+02 -0.15050E-07  0.69973E-06  0.64216E-06
  0.24900E+02 -0.11920E-07  0.79723E-06  0.70657E-06
  0.25200E+02 -0.74201E-08  0.89225E-06  0.76374E-06
  0.25500E+02 -0.14700E-08  0.98232E-06  0.81192E-06
  0.25800E+02  0.57801E-08  0.10649E-05  0.84927E-06
  0.26100E+02  0.14440E-07  0.11374E-05  0.87444E-06
  0.26400E+02  0.24380E-07  0.11974E-05  0.88605E-06
  0.26700E+02  0.35480E-07  0.12427E-05  0.88289E-06
  0.27000E+02  0.47850E-07  0.12708E-05  0.86382E-06
  0.27300E+02  0.61170E-07  0.12795E-05  0.82795E-06
  0.27600E+02  0.75256E-07  0.12665E-05  0.77469E-06
  0.27900E+02  0.90049E-07  0.12296E-05  0.70384E-06
  0.28200E+02  0.10523E-06  0.11671E-05  0.61562E-06
  0.28500E+02  0.12056E-06  0.10775E-05  0.51067E-06
  0.28800E+02  0.13582E-06  0.95991E-06  0.38998E-06
  0.29100E+02  0.15070E-06  0.81385E-06  0.25494E-06
  0.29400E+02  0.16508E-06  0.63950E-06  0.10734E-06
  0.29700E+02  0.17848E-06  0.43771E-06 -0.50700E-07
  0.30000E+02  0.19090E-06  0.21003E-06 -0.21667E-06
  0.30300E+02  0.20189E-06 -0.41353E-07 -0.38809E-06
  0.30600E+02  0.21123E-06 -0.31372E-06 -0.56188E-06
  0.30900E+02  0.21873E-06 -0.60391E-06 -0.73528E-06
  0.31200E+02  0.22401E-06 -0.90825E-06 -0.90507E-06
  0.31500E+02  0.22699E-06 -0.12226E-05 -0.10685E-05
  0.31800E+02  0.22734E-06 -0.15426E-05 -0.12226E-05
  0.32100E+02  0.22481E-06 -0.18635E-05 -0.13650E-05
  0.32400E+02  0.21919E-06 -0.21808E-05 -0.14929E-05
  0.32700E+02  0.21019E-06 -0.24898E-05 -0.16040E-05
  0.33000E+02  0.19754E-06 -0.27857E-05 -0.16960E-05
  0.33300E+02  0.18124E-06 -0.30639E-05 -0.17666E-05
  0.33600E+02  0.16088E-06 -0.33197E-05 -0.18141E-05
  0.33900E+02  0.13635E-06 -0.35482E-05 -0.18369E-05
  0.34200E+02  0.10764E-06 -0.37449E-05 -0.18334E-05
  0.34500E+02  0.74750E-07 -0.39051E-05 -0.18027E-05
  0.34800E+02  0.37540E-07 -0.40245E-05 -0.17440E-05
  0.35100E+02 -0.39104E-08 -0.40991E-05 -0.16568E-05
  0.35400E+02 -0.49190E-07 -0.41252E-05 -0.15415E-05
  0.35700E+02 -0.98280E-07 -0.40998E-05 -0.13984E-05
  0.36000E+02 -0.15068E-06 -0.40204E-05 -0.12288E-05
  0.36300E+02 -0.20603E-06 -0.38850E-05 -0.10342E-05
  0.36600E+02 -0.26386E-06 -0.36928E-05 -0.81645E-06
  0.36900E+02 -0.32430E-06 -0.34435E-05 -0.57810E-06
  0.37200E+02 -0.38822E-06 -0.31379E-05 -0.32211E-06
  0.37500E+02 -0.45798E-06 -0.27776E-05 -0.51880E-07
  0.37800E+02 -0.53820E-06 -0.23641E-05  0.22898E-06
  0.38100E+02 -0.63371E-06 -0.18995E-05  0.51669E-06
  0.38400E+02 -0.74799E-06 -0.13871E-05  0.80730E-06
  0.38700E+02 -0.88213E-06 -0.83145E-06  0.10972E-05
  0.39000E+02 -0.10356E-05 -0.23773E-06  0.13834E-05
  0.39300E+02 -0.12068E-05  0.38851E-06  0.16635E-05
  0.39600E+02 -0.13931E-05  0.10416E-05  0.19347E-05
  0.39900E+02 -0.15920E-05  0.17151E-05  0.21943E-05
  0.40200E+02 -0.18001E-05  0.24021E-05  0.24391E-05
  0.40500E+02 -0.20136E-05  0.30943E-05  0.26655E-05
  0.40800E+02 -0.22283E-05  0.37831E-05  0.28706E-05
  0.41100E+02 -0.24403E-05  0.44595E-05  0.30514E-05
  0.41400E+02 -0.26452E-05  0.51147E-05  0.32058E-05
  0.41700E+02 -0.28386E-05  0.57404E-05  0.33317E-05
  0.42000E+02 -0.30162E-05  0.63284E-05  0.34273E-05
  0.42300E+02 -0.31736E-05  0.68708E-05  0.34905E-05
  0.42600E+02 -0.33060E-05  0.73603E-05  0.35197E-05
  0.42900E+02 -0.34084E-05  0.77898E-05  0.35135E-05
  0.43200E+02 -0.34758E-05  0.81532E-05  0.34713E-05
  0.43500E+02 -0.35037E-05  0.84452E-05  0.33927E-05
  0.43800E+02 -0.34875E-05  0.86616E-05  0.32779E-05
  0.44100E+02 -0.34226E-05  0.87988E-05  0.31276E-05
  0.44400E+02 -0.33045E-05  0.88540E-05  0.29425E-05
  0.44700E+02 -0.31293E-05  0.88250E-05  0.27241E-05
  0.45000E+02 -0.28937E-05  0.87105E-05  0.24742E-05
  0.45300E+02 -0.25947E-05  0.85101E-05  0.21958E-05
  0.45600E+02 -0.22293E-05  0.82247E-05  0.18920E-05
  0.45900E+02 -0.17947E-05  0.78562E-05  0.15667E-05
  0.46200E+02 -0.12893E-05  0.74075E-05  0.12235E-05
  0.46500E+02 -0.71249E-06  0.68819E-05  0.86607E-06
  0.46800E+02 -0.65280E-07  0.62832E-05  0.49882E-06
  0.47100E+02  0.64940E-06  0.56158E-05  0.12589E-06
  0.47400E+02  0.14271E-05  0.48847E-05 -0.24789E-06
  0.47700E+02  0.22609E-05  0.40956E-05 -0.61739E-06
  0.48000E+02  0.31428E-05  0.32548E-05 -0.97775E-06
  0.48300E+02  0.40627E-05  0.23692E-05 -0.13240E-05
  0.48600E+02  0.50089E-05  0.14458E-05 -0.16514E-05
  0.48900E+02  0.59686E-05  0.49147E-06 -0.19560E-05
  0.49200E+02  0.69277E-05 -0.48683E-06 -0.22341E-05
  0.49500E+02  0.78706E-05 -0.14822E-05 -0.24822E-05
  0.49800E+02  0.87825E-05 -0.24878E-05 -0.26976E-05
  0.50100E+02  0.96487E-05 -0.34965E-05 -0.28782E-05
  0.50400E+02  0.10452E-04 -0.45012E-05 -0.30226E-05
  0.50700E+02  0.11178E-04 -0.54951E-05 -0.31304E-05
  0.51000E+02  0.11814E-04 -0.64710E-05 -0.32021E-05
  0.51300E+02  0.12344E-04 -0.74221E-05 -0.32391E-05
  0.51600E+02  0.12757E-04 -0.83415E-05 -0.32436E-05
  0.51900E+02  0.13042E-04 -0.92224E-05 -0.32182E-05
  0.52200E+02  0.13191E-04 -0.10058E-04 -0.31665E-05
  0.52500E+02  0.13194E-04 -0.10841E-04 -0.30925E-05
  0.52800E+02  0.13047E-04 -0.11564E-04 -0.30006E-05
  0.53100E+02  0.12746E-04 -0.12221E-04 -0.28957E-05
  0.53400E+02  0.12288E-04 -0.12804E-04 -0.27825E-05
  0.53700E+02  0.11673E-04 -0.13308E-04 -0.26663E-05
  0.54000E+02  0.10903E-04 -0.13725E-04 -0.25518E-05
  0.54300E+02  0.99811E-05 -0.14049E-04 -0.24435E-05
  0.54600E+02  0.89143E-05 -0.14276E-04 -0.23458E-05
  0.54900E+02  0.77098E-05 -0.14400E-04 -0.22623E-05
  0.55200E+02  0.63771E-05 -0.14416E-04 -0.21964E-05
  0.55500E+02  0.49278E-05 -0.14322E-04 -0.21507E-05
  0.55800E+02  0.33751E-05 -0.14113E-04 -0.21271E-05
  0.56100E+02  0.17336E-05 -0.13788E-04 -0.21269E-05
  0.56400E+02  0.19700E-07 -0.13347E-04 -0.21506E-05
  0.56700E+02 -0.17494E-05 -0.12788E-04 -0.21977E-05
  0.57000E+02 -0.35554E-05 -0.12114E-04 -0.22672E-05
  0.57300E+02 -0.53792E-05 -0.11326E-04 -0.23572E-05
  0.57600E+02 -0.72010E-05 -0.10428E-04 -0.24652E-05
  0.57900E+02 -0.90011E-05 -0.94235E-05 -0.25877E-05
  0.58200E+02 -0.10760E-04 -0.83190E-05 -0.27211E-05
  0.58500E+02 -0.12457E-04 -0.71210E-05 -0.28607E-05
  0.58800E+02 -0.14074E-04 -0.58374E-05 -0.30015E-05
  0.59100E+02 -0.15593E-04 -0.44769E-05 -0.31385E-05
  0.59400E+02 -0.16995E-04 -0.30497E-05 -0.32661E-05
  0.59700E+02 -0.18264E-04 -0.15664E-05 -0.33784E-05
  0.60000E+02 -0.19386E-04 -0.38758E-07 -0.34700E-05
  0.60300E+02 -0.20347E-04  0.15209E-05 -0.35349E-05
  0.60600E+02 -0.21135E-04  0.30996E-05 -0.35678E-05
  0.60900E+02 -0.21739E-04  0.46838E-05 -0.35634E-05
  0.61200E+02 -0.22152E-04  0.62597E-05 -0.35169E-05
  0.61500E+02 -0.22367E-04  0.78133E-05 -0.34241E-05
  0.61800E+02 -0.22379E-04  0.93304E-05 -0.32811E-05
  0.62100E+02 -0.22188E-04  0.10797E-04 -0.30849E-05
  0.62400E+02 -0.21793E-04  0.12200E-04 -0.28333E-05
  0.62700E+02 -0.21197E-04  0.13524E-04 -0.25248E-05
  0.63000E+02 -0.20403E-04  0.14758E-04 -0.21585E-05
  0.63300E+02 -0.19418E-04  0.15890E-04 -0.17349E-05
  0.63600E+02 -0.18251E-04  0.16907E-04 -0.12551E-05
  0.63900E+02 -0.16913E-04  0.17799E-04 -0.72107E-06
  0.64200E+02 -0.15415E-04  0.18558E-04 -0.13601E-06
  0.64500E+02 -0.13771E-04  0.19174E-04  0.49641E-06
  0.64800E+02 -0.11996E-04  0.19641E-04  0.11713E-05
  0.65100E+02 -0.10108E-04  0.19953E-04  0.18831E-05
  0.65400E+02 -0.81228E-05  0.20106E-04  0.26256E-05
  0.65700E+02 -0.60601E-05  0.20097E-04  0.33916E-05
  0.66000E+02 -0.39389E-05  0.19926E-04  0.41737E-05
  0.66300E+02 -0.17793E-05  0.19592E-04  0.49637E-05
  0.66600E+02  0.39869E-06  0.19098E-04  0.57530E-05
  0.66900E+02  0.25748E-05  0.18447E-04  0.65328E-05
  0.67200E+02  0.47290E-05  0.17643E-04  0.72943E-05
  0.67500E+02  0.68415E-05  0.16694E-04  0.80281E-05
  0.67800E+02  0.88931E-05  0.15608E-04  0.87253E-05
  0.68100E+02  0.10865E-04  0.14392E-04  0.93770E-05
  0.68400E+02  0.12740E-04  0.13059E-04  0.99747E-05
  0.68700E+02  0.14502E-04  0.11619E-04  0.10510E-04
  0.69000E+02  0.16135E-04  0.10084E-04  0.10975E-04
  0.69300E+02  0.17626E-04  0.84688E-05  0.11363E-04
  0.69600E+02  0.18963E-04  0.67867E-05  0.11667E-04
  0.69900E+02  0.20133E-04  0.50527E-05  0.11883E-04
  0.70200E+02  0.21130E-04  0.32818E-05  0.12005E-04
  0.70500E+02  0.21946E-04  0.14897E-05  0.12028E-04
  0.70800E+02  0.22574E-04 -0.30821E-06  0.11952E-04
  0.71100E+02  0.23013E-04 -0.20962E-05  0.11773E-04
  0.71400E+02  0.23260E-04 -0.38590E-05  0.11490E-04
  0.71700E+02  0.23316E-04 -0.55813E-05  0.11105E-04
  0.72000E+02  0.23182E-04 -0.72487E-05  0.10619E-04
  0.72300E+02  0.22863E-04 -0.88471E-05  0.10034E-04
  0.72600E+02  0.22365E-04 -0.10363E-04  0.93546E-05
  0.72900E+02  0.21694E-04 -0.11785E-04  0.85846E-05
  0.73200E+02  0.20859E-04 -0.13101E-04  0.77298E-05
  0.73500E+02  0.19870E-04 -0.14300E-04  0.67971E-05
  0.73800E+02  0.18739E-04 -0.15374E-04  0.57937E-05
  0.74100E+02  0.17478E-04 -0.16315E-04  0.47279E-05
  0.74400E+02  0.16101E-04 -0.17116E-04  0.36087E-05
  0.74700E+02  0.14620E-04 -0.17773E-04  0.24457E-05
  0.75000E+02  0.13054E-04 -0.18281E-04  0.12487E-05
  0.75300E+02  0.11416E-04 -0.18638E-04  0.28390E-07
  0.75600E+02  0.97216E-05 -0.18843E-04 -0.12046E-05
  0.75900E+02  0.79885E-05 -0.18897E-04 -0.24393E-05
  0.76200E+02  0.62304E-05 -0.18801E-04 -0.36648E-05
  0.76500E+02  0.44644E-05 -0.18560E-04 -0.48703E-05
  0.76800E+02  0.27066E-05 -0.18177E-04 -0.60450E-05
  0.77100E+02  0.97070E-06 -0.17659E-04 -0.71785E-05
  0.77400E+02 -0.72790E-06 -0.17011E-04 -0.82608E-05
  0.77700E+02 -0.23765E-05 -0.16243E-04 -0.92824E-05
  0.78000E+02 -0.39606E-05 -0.15363E-04 -0.10234E-04
  0.78300E+02 -0.54696E-05 -0.14381E-04 -0.11108E-04
  0.78600E+02 -0.68927E-05 -0.13308E-04 -0.11896E-04
  0.78900E+02 -0.82196E-05 -0.12154E-04 -0.12593E-04
  0.79200E+02 -0.94418E-05 -0.10932E-04 -0.13191E-04
  0.79500E+02 -0.10551E-04 -0.96537E-05 -0.13687E-04
  0.79800E+02 -0.11544E-04 -0.83309E-05 -0.14077E-04
  0.80100E+02 -0.12414E-04 -0.69764E-05 -0.14357E-04
  0.80400E+02 -0.13158E-04 -0.56026E-05 -0.14526E-04
  0.80700E+02 -0.13774E-04 -0.42219E-05 -0.14584E-04
  0.81000E+02 -0.14261E-04 -0.28462E-05 -0.14530E-04
  0.81300E+02 -0.14620E-04 -0.14873E-05 -0.14367E-04
  0.81600E+02 -0.14852E-04 -0.15647E-06 -0.14096E-04
  0.81900E+02 -0.14961E-04  0.11357E-05 -0.13721E-04
  0.82200E+02 -0.14950E-04  0.23791E-05 -0.13247E-04
  0.82500E+02 -0.14823E-04  0.35644E-05 -0.12677E-04
  0.82800E+02 -0.14588E-04  0.46834E-05 -0.12018E-04
  0.83100E+02 -0.14250E-04  0.57282E-05 -0.11278E-04
  0.83400E+02 -0.13818E-04  0.66923E-05 -0.10463E-04
  0.83700E+02 -0.13298E-04  0.75699E-05 -0.95824E-05
  0.84000E+02 -0.12700E-04  0.83564E-05 -0.86422E-05
  0.84300E+02 -0.12033E-04  0.90481E-05 -0.76520E-05
  0.84600E+02 -0.11306E-04  0.96422E-05 -0.66223E-05
  0.84900E+02 -0.10528E-04  0.10137E-04 -0.55611E-05
  0.85200E+02 -0.97089E-05  0.10532E-04 -0.44782E-05
  0.85500E+02 -0.88586E-05  0.10828E-04 -0.33830E-05
  0.85800E+02 -0.79859E-05  0.11026E-04 -0.22850E-05
  0.86100E+02 -0.71005E-05  0.11127E-04 -0.11931E-05
  0.86400E+02 -0.62104E-05  0.11136E-04 -0.11641E-06
  0.86700E+02 -0.53260E-05  0.11055E-04  0.93647E-06
  0.87000E+02 -0.44531E-05  0.10890E-04  0.19574E-05
  0.87300E+02 -0.36006E-05  0.10645E-04  0.29386E-05
  0.87600E+02 -0.27753E-05  0.10327E-04  0.38732E-05
  0.87900E+02 -0.19828E-05  0.99411E-05  0.47543E-05
  0.88200E+02 -0.12291E-05  0.94947E-05  0.55763E-05
  0.88500E+02 -0.51920E-06  0.89946E-05  0.63340E-05
  0.88800E+02  0.14240E-06  0.84480E-05  0.70228E-05
  0.89100E+02  0.75360E-06  0.78623E-05  0.76391E-05
  0.89400E+02  0.13106E-05  0.72452E-05  0.81799E-05
  0.89700E+02  0.18121E-05  0.66039E-05  0.86433E-05
  0.90000E+02  0.22569E-05  0.59459E-05  0.90277E-05
  0.90300E+02  0.26447E-05  0.52784E-05  0.93325E-05
  0.90600E+02  0.29756E-05  0.46084E-05  0.95581E-05
  0.90900E+02  0.32507E-05  0.39426E-05  0.97052E-05
  0.91200E+02  0.34714E-05  0.32873E-05  0.97756E-05
  0.91500E+02  0.36399E-05  0.26484E-05  0.97713E-05
  0.91800E+02  0.37589E-05  0.20313E-05  0.96952E-05
  0.92100E+02  0.38314E-05  0.14409E-05  0.95509E-05
  0.92400E+02  0.38609E-05  0.88164E-06  0.93424E-05
  0.92700E+02  0.38511E-05  0.35734E-06  0.90744E-05
  0.93000E+02  0.38061E-05 -0.12878E-06  0.87506E-05
  0.93300E+02  0.37303E-05 -0.57410E-06  0.83765E-05
  0.93600E+02  0.36279E-05 -0.97658E-06  0.79594E-05
  0.93900E+02  0.35036E-05 -0.13348E-05  0.75021E-05
  0.94200E+02  0.33617E-05 -0.16479E-05  0.70121E-05
  0.94500E+02  0.32067E-05 -0.19156E-05  0.64948E-05
  0.94800E+02  0.30430E-05 -0.21383E-05  0.59562E-05
  0.95100E+02  0.28745E-05 -0.23166E-05  0.54019E-05
  0.95400E+02  0.27055E-05 -0.24520E-05  0.48377E-05
  0.95700E+02  0.25395E-05 -0.25462E-05  0.42691E-05
  0.96000E+02  0.23800E-05 -0.26014E-05  0.37014E-05
  0.96300E+02  0.22301E-05 -0.26200E-05  0.31397E-05
  0.96600E+02  0.20924E-05 -0.26050E-05  0.25888E-05
  0.96900E+02  0.19694E-05 -0.25596E-05  0.20529E-05
  0.97200E+02  0.18629E-05 -0.24869E-05  0.15361E-05
  0.97500E+02  0.17746E-05 -0.23906E-05  0.10422E-05
  0.97800E+02  0.17055E-05 -0.22744E-05  0.57416E-06
  0.98100E+02  0.16564E-05 -0.21418E-05  0.13487E-06
  0.98400E+02  0.16276E-05 -0.19967E-05 -0.27347E-06
  0.98700E+02  0.16189E-05 -0.18428E-05 -0.64888E-06
  0.99000E+02  0.16299E-05 -0.16835E-05 -0.99021E-06
  0.99300E+02  0.16598E-05 -0.15225E-05 -0.12964E-05
  0.99600E+02  0.17073E-05 -0.13630E-05 -0.15670E-05
  0.99900E+02  0.17710E-05 -0.12081E-05 -0.18020E-05
  0.10020E+03  0.18491E-05 -0.10608E-05 -0.20017E-05
  0.10050E+03  0.19397E-05 -0.92367E-06 -0.21669E-05
  0.10080E+03  0.20404E-05 -0.79902E-06 -0.22987E-05
  0.10110E+03  0.21489E-05 -0.68889E-06 -0.23985E-05
  0.10140E+03  0.22626E-05 -0.59496E-06 -0.24682E-05
  0.10170E+03  0.23790E-05 -0.51862E-06 -0.25095E-05
  0.10200E+03  0.24954E-05 -0.46087E-06 -0.25249E-05
  0.10230E+03  0.26090E-05 -0.42239E-06 -0.25167E-05
  0.10260E+03  0.27173E-05 -0.40353E-06 -0.24873E-05
  0.10290E+03  0.28176E-05 -0.40427E-06 -0.24395E-05
  0.10320E+03  0.29075E-05 -0.42429E-06 -0.23761E-05
  0.10350E+03  0.29846E-05 -0.46297E-06 -0.22997E-05
  0.10380E+03  0.30468E-05 -0.51937E-06 -0.22131E-05
  0.10410E+03  0.30920E-05 -0.59231E-06 -0.21190E-05
  0.10440E+03  0.31185E-05 -0.68034E-06 -0.20200E-05
  0.10470E+03  0.31248E-05 -0.78181E-06 -0.19187E-05
  0.10500E+03  0.31094E-05 -0.89486E-06 -0.18174E-05
  0.10530E+03  0.30717E-05 -0.10175E-05 -0.17183E-05
  0.10560E+03  0.30107E-05 -0.11476E-05 -0.16235E-05
  0.10590E+03  0.29260E-05 -0.12829E-05 -0.15348E-05
  0.10620E+03  0.28177E-05 -0.14211E-05 -0.14537E-05
  0.10650E+03  0.26857E-05 -0.15599E-05 -0.13817E-05
  0.10680E+03  0.25306E-05 -0.16970E-05 -0.13199E-05
  0.10710E+03  0.23531E-05 -0.18300E-05 -0.12691E-05
  0.10740E+03  0.21542E-05 -0.19568E-05 -0.12300E-05
  0.10770E+03  0.19352E-05 -0.20752E-05 -0.12029E-05
  0.10800E+03  0.16976E-05 -0.21832E-05 -0.11880E-05
  0.10830E+03  0.14432E-05 -0.22789E-05 -0.11851E-05
  0.10860E+03  0.11738E-05 -0.23606E-05 -0.11939E-05
  0.10890E+03  0.89153E-06 -0.24267E-05 -0.12138E-05
  0.10920E+03  0.59867E-06 -0.24760E-05 -0.12441E-05
  0.10950E+03  0.29749E-06 -0.25073E-05 -0.12837E-05
  0.10980E+03 -0.95299E-08 -0.25197E-05 -0.13317E-05
  0.11010E+03 -0.31974E-06 -0.25126E-05 -0.13866E-05
  0.11040E+03 -0.63077E-06 -0.24855E-05 -0.14472E-05
  0.11070E+03 -0.93989E-06 -0.24383E-05 -0.15119E-05
  0.11100E+03 -0.12448E-05 -0.23710E-05 -0.15792E-05
  0.11130E+03 -0.15427E-05 -0.22839E-05 -0.16476E-05
  0.11160E+03 -0.18315E-05 -0.21776E-05 -0.17152E-05
  0.11190E+03 -0.21088E-05 -0.20528E-05 -0.17807E-05
  0.11220E+03 -0.23723E-05 -0.19104E-05 -0.18422E-05
  0.11250E+03 -0.26201E-05 -0.17516E-05 -0.18983E-05
  0.11280E+03 -0.28504E-05 -0.15776E-05 -0.19476E-05
  0.11310E+03 -0.30612E-05 -0.13901E-05 -0.19884E-05
  0.11340E+03 -0.32513E-05 -0.11905E-05 -0.20197E-05
  0.11370E+03 -0.34194E-05 -0.98070E-06 -0.20401E-05
  0.11400E+03 -0.35643E-05 -0.76243E-06 -0.20487E-05
  0.11430E+03 -0.36853E-05 -0.53762E-06 -0.20444E-05
  0.11460E+03 -0.37817E-05 -0.30824E-06 -0.20268E-05
  0.11490E+03 -0.38533E-05 -0.76286E-07 -0.19950E-05
  0.11520E+03 -0.38997E-05  0.15625E-06 -0.19488E-05
  0.11550E+03 -0.39213E-05  0.38739E-06 -0.18880E-05
  0.11580E+03 -0.39181E-05  0.61519E-06 -0.18124E-05
  0.11610E+03 -0.38908E-05  0.83774E-06 -0.17223E-05
  0.11640E+03 -0.38402E-05  0.10532E-05 -0.16180E-05
  0.11670E+03 -0.37670E-05  0.12600E-05 -0.14998E-05
  0.11700E+03 -0.36724E-05  0.14563E-05 -0.13686E-05
  0.11730E+03 -0.35577E-05  0.16408E-05 -0.12251E-05
  0.11760E+03 -0.34243E-05  0.18120E-05 -0.10703E-05
  0.11790E+03 -0.32736E-05  0.19689E-05 -0.90527E-06
  0.11820E+03 -0.31073E-05  0.21103E-05 -0.73118E-06
  0.11850E+03 -0.29273E-05  0.22354E-05 -0.54935E-06
  0.11880E+03 -0.27352E-05  0.23435E-05 -0.36118E-06
  0.11910E+03 -0.25327E-05  0.24341E-05 -0.16803E-06
  0.11940E+03 -0.23220E-05  0.25068E-05  0.28430E-07
  0.11970E+03 -0.21047E-05  0.25615E-05  0.22669E-06
  0.12000E+03 -0.18828E-05  0.25982E-05  0.42530E-06
  0.12030E+03 -0.16582E-05  0.26170E-05  0.62254E-06
  0.12060E+03 -0.14325E-05  0.26183E-05  0.81692E-06
  0.12090E+03 -0.12075E-05  0.26025E-05  0.10070E-05
  0.12120E+03 -0.98469E-06  0.25704E-05  0.11910E-05
  0.12150E+03 -0.76592E-06  0.25226E-05  0.13679E-05
  0.12180E+03 -0.55247E-06  0.24600E-05  0.15361E-05
  0.12210E+03 -0.34573E-06  0.23837E-05  0.16944E-05
  0.12240E+03 -0.14679E-06  0.22948E-05  0.18418E-05
  0.12270E+03  0.43110E-07  0.21943E-05  0.19771E-05
  0.12300E+03  0.22322E-06  0.20836E-05  0.20994E-05
  0.12330E+03  0.39263E-06  0.19639E-05  0.22080E-05
  0.12360E+03  0.55069E-06  0.18365E-05  0.23023E-05
  0.12390E+03  0.69689E-06  0.17028E-05  0.23816E-05
  0.12420E+03  0.83087E-06  0.15642E-05  0.24456E-05
  0.12450E+03  0.95251E-06  0.14219E-05  0.24942E-05
  0.12480E+03  0.10615E-05  0.12772E-05  0.25270E-05
  0.12510E+03  0.11581E-05  0.11315E-05  0.25444E-05
  0.12540E+03  0.12423E-05  0.98600E-06  0.25463E-05
  0.12570E+03  0.13144E-05  0.84180E-06  0.25332E-05
  0.12600E+03  0.13749E-05  0.70003E-06  0.25054E-05
  0.12630E+03  0.14241E-05  0.56170E-06  0.24636E-05
  0.12660E+03  0.14627E-05  0.42774E-06  0.24083E-05
  0.12690E+03  0.14913E-05  0.29900E-06  0.23403E-05
  0.12720E+03  0.15106E-05  0.17621E-06  0.22605E-05
  0.12750E+03  0.15213E-05  0.60004E-07  0.21697E-05
  0.12780E+03  0.15241E-05 -0.49077E-07  0.20690E-05
  0.12810E+03  0.15200E-05 -0.15061E-06  0.19593E-05
  0.12840E+03  0.15097E-05 -0.24427E-06  0.18419E-05
  0.12870E+03  0.14940E-05 -0.32984E-06  0.17177E-05
  0.12900E+03  0.14739E-05 -0.40721E-06  0.15879E-05
  0.12930E+03  0.14499E-05 -0.47635E-06  0.14537E-05
  0.12960E+03  0.14229E-05 -0.53734E-06  0.13161E-05
  0.12990E+03  0.13937E-05 -0.59035E-06  0.11762E-05
  0.13020E+03  0.13630E-05 -0.63561E-06  0.10353E-05
  0.13050E+03  0.13313E-05 -0.67343E-06  0.89426E-06
  0.13080E+03  0.12992E-05 -0.70421E-06  0.75404E-06
  0.13110E+03  0.12673E-05 -0.72839E-06  0.61575E-06
  0.13140E+03  0.12360E-05 -0.74644E-06  0.48019E-06
  0.13170E+03  0.12056E-05 -0.75891E-06  0.34826E-06
  0.13200E+03  0.11765E-05 -0.76634E-06  0.22056E-06
  0.13230E+03  0.11489E-05 -0.76932E-06  0.97860E-07
  0.13260E+03  0.11229E-05 -0.76845E-06 -0.19277E-07
  0.13290E+03  0.10987E-05 -0.76432E-06 -0.13033E-06
  0.13320E+03  0.10761E-05 -0.75753E-06 -0.23489E-06
  0.13350E+03  0.10553E-05 -0.74866E-06 -0.33262E-06
  0.13380E+03  0.10361E-05 -0.73825E-06 -0.42326E-06
  0.13410E+03  0.10182E-05 -0.72686E-06 -0.50666E-06
  0.13440E+03  0.10017E-05 -0.71498E-06 -0.58269E-06
  0.13470E+03  0.98596E-06 -0.70306E-06 -0.65138E-06
  0.13500E+03  0.97090E-06 -0.69153E-06 -0.71277E-06
  0.13530E+03  0.95613E-06 -0.68075E-06 -0.76701E-06
  0.13560E+03  0.94130E-06 -0.67103E-06 -0.81420E-06
  0.13590E+03  0.92602E-06 -0.66263E-06 -0.85464E-06
  0.13620E+03  0.90992E-06 -0.65575E-06 -0.88875E-06
  0.13650E+03  0.89259E-06 -0.65056E-06 -0.91665E-06
  0.13680E+03  0.87366E-06 -0.64712E-06 -0.93887E-06
  0.13710E+03  0.85275E-06 -0.64548E-06 -0.95576E-06
  0.13740E+03  0.82949E-06 -0.64561E-06 -0.96773E-06
  0.13770E+03  0.80356E-06 -0.64744E-06 -0.97528E-06
  0.13800E+03  0.77466E-06 -0.65085E-06 -0.97883E-06
  0.13830E+03  0.74251E-06 -0.65567E-06 -0.97886E-06
  0.13860E+03  0.70688E-06 -0.66168E-06 -0.97575E-06
  0.13890E+03  0.66759E-06 -0.66864E-06 -0.97004E-06
  0.13920E+03  0.62451E-06 -0.67627E-06 -0.96213E-06
  0.13950E+03  0.57755E-06 -0.68425E-06 -0.95240E-06
  0.13980E+03  0.52668E-06 -0.69226E-06 -0.94128E-06
  0.14010E+03  0.47189E-06 -0.69994E-06 -0.92908E-06
  0.14040E+03  0.41329E-06 -0.70696E-06 -0.91616E-06
  0.14070E+03  0.35098E-06 -0.71293E-06 -0.90277E-06
  0.14100E+03  0.28515E-06 -0.71751E-06 -0.88909E-06
  0.14130E+03  0.21603E-06 -0.72035E-06 -0.87546E-06
  0.14160E+03  0.14389E-06 -0.72110E-06 -0.86196E-06
  0.14190E+03  0.69066E-07 -0.71944E-06 -0.84875E-06
  0.14220E+03 -0.81201E-08 -0.71508E-06 -0.83592E-06
  0.14250E+03 -0.87170E-07 -0.70775E-06 -0.82348E-06
  0.14280E+03 -0.16765E-06 -0.69720E-06 -0.81147E-06
  0.14310E+03 -0.24923E-06 -0.68322E-06 -0.79984E-06
  0.14340E+03 -0.33117E-06 -0.66567E-06 -0.78855E-06
  0.14370E+03 -0.41325E-06 -0.64439E-06 -0.77748E-06
  0.14400E+03 -0.49475E-06 -0.61932E-06 -0.76652E-06
  0.14430E+03 -0.57514E-06 -0.59040E-06 -0.75552E-06
  0.14460E+03 -0.65392E-06 -0.55765E-06 -0.74432E-06
  0.14490E+03 -0.73057E-06 -0.52111E-06 -0.73271E-06
  0.14520E+03 -0.80455E-06 -0.48088E-06 -0.72053E-06
  0.14550E+03 -0.87529E-06 -0.43709E-06 -0.70754E-06
  0.14580E+03 -0.94237E-06 -0.38992E-06 -0.69355E-06
  0.14610E+03 -0.10053E-05 -0.33959E-06 -0.67833E-06
  0.14640E+03 -0.10637E-05 -0.28636E-06 -0.66172E-06
  0.14670E+03 -0.11170E-05 -0.23052E-06 -0.64347E-06
  0.14700E+03 -0.11650E-05 -0.17239E-06 -0.62342E-06
  0.14730E+03 -0.12073E-05 -0.11233E-06 -0.60140E-06
  0.14760E+03 -0.12436E-05 -0.50713E-07 -0.57726E-06
  0.14790E+03 -0.12737E-05  0.12059E-07 -0.55086E-06
  0.14820E+03 -0.12974E-05  0.75573E-07 -0.52211E-06
  0.14850E+03 -0.13146E-05  0.13940E-06 -0.49094E-06
  0.14880E+03 -0.13252E-05  0.20312E-06 -0.45728E-06
  0.14910E+03 -0.13291E-05  0.26628E-06 -0.42111E-06
  0.14940E+03 -0.13263E-05  0.32846E-06 -0.38248E-06
  0.14970E+03 -0.13170E-05  0.38921E-06 -0.34139E-06
  0.15000E+03 -0.13012E-05  0.44814E-06 -0.29794E-06
  0.15030E+03 -0.12791E-05  0.50483E-06 -0.25223E-06
  0.15060E+03 -0.12510E-05  0.55889E-06 -0.20442E-06
  0.15090E+03 -0.12169E-05  0.60997E-06 -0.15465E-06
  0.15120E+03 -0.11773E-05  0.65772E-06 -0.10314E-06
  0.15150E+03 -0.11325E-05  0.70185E-06 -0.50107E-07
  0.15180E+03 -0.10828E-05  0.74206E-06  0.42029E-08
  0.15210E+03 -0.10286E-05  0.77812E-06  0.59540E-07
  0.15240E+03 -0.97028E-06  0.80981E-06  0.11558E-06
  0.15270E+03 -0.90836E-06  0.83696E-06  0.17200E-06
  0.15300E+03 -0.84322E-06  0.85945E-06  0.22844E-06
  0.15330E+03 -0.77526E-06  0.87716E-06  0.28472E-06
  0.15360E+03 -0.70513E-06  0.89006E-06  0.34040E-06
  0.15390E+03 -0.63318E-06  0.89811E-06  0.39520E-06
  0.15420E+03 -0.55984E-06  0.90133E-06  0.44866E-06
  0.15450E+03 -0.48565E-06  0.89979E-06  0.50061E-06
  0.15480E+03 -0.41103E-06  0.89358E-06  0.55056E-06
  0.15510E+03 -0.33655E-06  0.88283E-06  0.59829E-06
  0.15540E+03 -0.26241E-06  0.86768E-06  0.64345E-06
  0.15570E+03 -0.18923E-06  0.84834E-06  0.68578E-06
  0.15600E+03 -0.11730E-06  0.82502E-06  0.72499E-06
  0.15630E+03 -0.47030E-07  0.79797E-06  0.76082E-06
  0.15660E+03  0.21310E-07  0.76744E-06  0.79308E-06
  0.15690E+03  0.87320E-07  0.73373E-06  0.82155E-06
  0.15720E+03  0.15070E-06  0.69712E-06  0.84606E-06
  0.15750E+03  0.21136E-06  0.65795E-06  0.86647E-06
  0.15780E+03  0.26891E-06  0.61651E-06  0.88267E-06
  0.15810E+03  0.32327E-06  0.57315E-06  0.89458E-06
  0.15840E+03  0.37431E-06  0.52820E-06  0.90214E-06
  0.15870E+03  0.42180E-06  0.48199E-06  0.90535E-06
  0.15900E+03  0.46564E-06  0.43484E-06  0.90422E-06
  0.15930E+03  0.50586E-06  0.38708E-06  0.89877E-06
  0.15960E+03  0.54240E-06  0.33903E-06  0.88907E-06
  0.15990E+03  0.57524E-06  0.29098E-06  0.87531E-06
  0.16020E+03  0.60443E-06  0.24322E-06  0.85750E-06
  0.16050E+03  0.63001E-06  0.19604E-06  0.83590E-06
  0.16080E+03  0.65204E-06  0.14969E-06  0.81069E-06
  0.16110E+03  0.67063E-06  0.10441E-06  0.78202E-06
  0.16140E+03  0.68588E-06  0.60403E-07  0.75004E-06
  0.16170E+03  0.69791E-06  0.17882E-07  0.71520E-06
  0.16200E+03  0.70688E-06 -0.22983E-07  0.67754E-06
  0.16230E+03  0.71293E-06 -0.62041E-07  0.63748E-06
  0.16260E+03  0.71623E-06 -0.99162E-07  0.59527E-06
  0.16290E+03  0.71694E-06 -0.13424E-06  0.55116E-06
  0.16320E+03  0.71522E-06 -0.16719E-06  0.50551E-06
  0.16350E+03  0.71128E-06 -0.19796E-06  0.45853E-06
  0.16380E+03  0.70527E-06 -0.22650E-06  0.41058E-06
  0.16410E+03  0.69731E-06 -0.25279E-06  0.36189E-06
  0.16440E+03  0.68770E-06 -0.27683E-06  0.31282E-06
  0.16470E+03  0.67654E-06 -0.29865E-06  0.26368E-06
  0.16500E+03  0.66391E-06 -0.31827E-06  0.21462E-06
  0.16530E+03  0.64997E-06 -0.33575E-06  0.16600E-06
  0.16560E+03  0.63496E-06 -0.35115E-06  0.11805E-06
  0.16590E+03  0.61898E-06 -0.36455E-06  0.70980E-07
  0.16620E+03  0.60210E-06 -0.37603E-06  0.25040E-07
  0.16650E+03  0.58438E-06 -0.38569E-06 -0.19585E-07
  0.16680E+03  0.56603E-06 -0.39363E-06 -0.62711E-07
  0.16710E+03  0.54715E-06 -0.39995E-06 -0.10417E-06
  0.16740E+03  0.52769E-06 -0.40477E-06 -0.14381E-06
  0.16770E+03  0.50768E-06 -0.40819E-06 -0.18151E-06
  0.16800E+03  0.48735E-06 -0.41032E-06 -0.21716E-06
  0.16830E+03  0.46654E-06 -0.41128E-06 -0.25067E-06
  0.16860E+03  0.44548E-06 -0.41116E-06 -0.28197E-06
  0.16890E+03  0.42399E-06 -0.41008E-06 -0.31102E-06
  0.16920E+03  0.40222E-06 -0.40813E-06 -0.33777E-06
  0.16950E+03  0.38016E-06 -0.40539E-06 -0.36221E-06
  0.16980E+03  0.35770E-06 -0.40195E-06 -0.38435E-06
  0.17010E+03  0.33502E-06 -0.39789E-06 -0.40420E-06
  0.17040E+03  0.31193E-06 -0.39326E-06 -0.42178E-06
  0.17070E+03  0.28852E-06 -0.38814E-06 -0.43716E-06
  0.17100E+03  0.26478E-06 -0.38256E-06 -0.45037E-06
  0.17130E+03  0.24069E-06 -0.37657E-06 -0.46149E-06
  0.17160E+03  0.21624E-06 -0.37020E-06 -0.47058E-06
  0.17190E+03  0.19143E-06 -0.36346E-06 -0.47772E-06
  0.17220E+03  0.16625E-06 -0.35638E-06 -0.48301E-06
  0.17250E+03  0.14071E-06 -0.34896E-06 -0.48654E-06
  0.17280E+03  0.11484E-06 -0.34120E-06 -0.48839E-06
  0.17310E+03  0.88635E-07 -0.33309E-06 -0.48866E-06
  0.17340E+03  0.62119E-07 -0.32462E-06 -0.48746E-06
  0.17370E+03  0.35332E-07 -0.31577E-06 -0.48489E-06
  0.17400E+03  0.83124E-08 -0.30652E-06 -0.48103E-06
  0.17430E+03 -0.18896E-07 -0.29683E-06 -0.47598E-06
  0.17460E+03 -0.46231E-07 -0.28670E-06 -0.46982E-06
  0.17490E+03 -0.73651E-07 -0.27608E-06 -0.46265E-06
  0.17520E+03 -0.10105E-06 -0.26496E-06 -0.45454E-06
  0.17550E+03 -0.12838E-06 -0.25330E-06 -0.44558E-06
  0.17580E+03 -0.15556E-06 -0.24108E-06 -0.43583E-06
  0.17610E+03 -0.18247E-06 -0.22828E-06 -0.42535E-06
  0.17640E+03 -0.20903E-06 -0.21487E-06 -0.41421E-06
  0.17670E+03 -0.23514E-06 -0.20086E-06 -0.40245E-06
  0.17700E+03 -0.26070E-06 -0.18622E-06 -0.39012E-06
  0.17730E+03 -0.28558E-06 -0.17096E-06 -0.37727E-06
  0.17760E+03 -0.30969E-06 -0.15509E-06 -0.36392E-06
  0.17790E+03 -0.33291E-06 -0.13860E-06 -0.35011E-06
  0.17820E+03 -0.35512E-06 -0.12153E-06 -0.33586E-06
  0.17850E+03 -0.37620E-06 -0.10389E-06 -0.32120E-06
  0.17880E+03 -0.39608E-06 -0.85721E-07 -0.30613E-06
  0.17910E+03 -0.41462E-06 -0.67065E-07 -0.29066E-06
  0.17940E+03 -0.43174E-06 -0.47968E-07 -0.27483E-06
  0.17970E+03 -0.44732E-06 -0.28487E-07 -0.25862E-06
  0.18000E+03 -0.46128E-06 -0.86839E-08 -0.24206E-06
  0.18030E+03 -0.47354E-06  0.11372E-07 -0.22513E-06
  0.18060E+03 -0.48403E-06  0.31606E-07 -0.20786E-06
  0.18090E+03 -0.49267E-06  0.51937E-07 -0.19025E-06
  0.18120E+03 -0.49942E-06  0.72279E-07 -0.17231E-06
  0.18150E+03 -0.50422E-06  0.92543E-07 -0.15405E-06
  0.18180E+03 -0.50705E-06  0.11263E-06 -0.13549E-06
  0.18210E+03 -0.50787E-06  0.13246E-06 -0.11663E-06
  0.18240E+03 -0.50668E-06  0.15192E-06 -0.97505E-07
  0.18270E+03 -0.50347E-06  0.17092E-06 -0.78134E-07
  0.18300E+03 -0.49826E-06  0.18936E-06 -0.58552E-07
  0.18330E+03 -0.49108E-06  0.20714E-06 -0.38792E-07
  0.18360E+03 -0.48194E-06  0.22417E-06 -0.18881E-07
  0.18390E+03 -0.47091E-06  0.24035E-06  0.11350E-08
  0.18420E+03 -0.45804E-06  0.25561E-06  0.21217E-07
  0.18450E+03 -0.44340E-06  0.26984E-06  0.41301E-07
  0.18480E+03 -0.42706E-06  0.28298E-06  0.61337E-07
  0.18510E+03 -0.40912E-06  0.29496E-06  0.81262E-07
  0.18540E+03 -0.38968E-06  0.30569E-06  0.10102E-06
  0.18570E+03 -0.36883E-06  0.31514E-06  0.12057E-06
  0.18600E+03 -0.34669E-06  0.32324E-06  0.13976E-06
  0.18630E+03 -0.32339E-06  0.32995E-06  0.15867E-06
  0.18660E+03 -0.29904E-06  0.33525E-06  0.17706E-06
  0.18690E+03 -0.27378E-06  0.33909E-06  0.19495E-06
  0.18720E+03 -0.24773E-06  0.34147E-06  0.21225E-06
  0.18750E+03 -0.22105E-06  0.34238E-06  0.22887E-06
  0.18780E+03 -0.19384E-06  0.34183E-06  0.24470E-06
  0.18810E+03 -0.16627E-06  0.33982E-06  0.25971E-06
  0.18840E+03 -0.13847E-06  0.33636E-06  0.27390E-06
  0.18870E+03 -0.11057E-06  0.33151E-06  0.28711E-06
  0.18900E+03 -0.82697E-07  0.32528E-06  0.29929E-06
  0.18930E+03 -0.55004E-07  0.31773E-06  0.31038E-06
  0.18960E+03 -0.27599E-07  0.30890E-06  0.32033E-06
  0.18990E+03 -0.61399E-09  0.29887E-06  0.32909E-06
  0.19020E+03  0.25847E-07  0.28769E-06  0.33660E-06
  0.19050E+03  0.51653E-07  0.27543E-06  0.34284E-06
  0.19080E+03  0.76716E-07  0.26219E-06  0.34776E-06
  0.19110E+03  0.10093E-06  0.24804E-06  0.35134E-06
  0.19140E+03  0.12422E-06  0.23306E-06  0.35355E-06
  0.19170E+03  0.14649E-06  0.21735E-06  0.35439E-06
  0.19200E+03  0.16767E-06  0.20100E-06  0.35386E-06
  0.19230E+03  0.18769E-06  0.18410E-06  0.35193E-06
  0.19260E+03  0.20651E-06  0.16675E-06  0.34865E-06
  0.19290E+03  0.22407E-06  0.14905E-06  0.34402E-06
  0.19320E+03  0.24033E-06  0.13108E-06  0.33805E-06
  0.19350E+03  0.25527E-06  0.11295E-06  0.33080E-06
  0.19380E+03  0.26885E-06  0.94751E-07  0.32229E-06
  0.19410E+03  0.28108E-06  0.76565E-07  0.31259E-06
  0.19440E+03  0.29192E-06  0.58483E-07  0.30172E-06
  0.19470E+03  0.30140E-06  0.40587E-07  0.28978E-06
  0.19500E+03  0.30952E-06  0.22959E-07  0.27674E-06
  0.19530E+03  0.31628E-06  0.56728E-08  0.26278E-06
  0.19560E+03  0.32172E-06 -0.11201E-07  0.24796E-06
  0.19590E+03  0.32585E-06 -0.27596E-07  0.23232E-06
  0.19620E+03  0.32870E-06 -0.43452E-07  0.21594E-06
  0.19650E+03  0.33033E-06 -0.58715E-07  0.19897E-06
  0.19680E+03  0.33076E-06 -0.73336E-07  0.18142E-06
  0.19710E+03  0.33002E-06 -0.87271E-07  0.16335E-06
  0.19740E+03  0.32819E-06 -0.10048E-06  0.14502E-06
  0.19770E+03  0.32529E-06 -0.11294E-06  0.12632E-06
  0.19800E+03  0.32139E-06 -0.12461E-06  0.10749E-06
  0.19830E+03  0.31653E-06 -0.13549E-06  0.88490E-07
  0.19860E+03  0.31077E-06 -0.14554E-06  0.69510E-07
  0.19890E+03  0.30416E-06 -0.15477E-06  0.50600E-07
  0.19920E+03  0.29675E-06 -0.16317E-06  0.31784E-07
  0.19950E+03  0.28861E-06 -0.17073E-06  0.13257E-07
  0.19980E+03  0.27978E-06 -0.17747E-06 -0.49680E-08
  0.20010E+03  0.27031E-06 -0.18338E-06 -0.22794E-07
  0.20040E+03  0.26027E-06 -0.18849E-06 -0.40172E-07
  0.20070E+03  0.24969E-06 -0.19280E-06 -0.57026E-07
  0.20100E+03  0.23863E-06 -0.19633E-06 -0.73294E-07
  0.20130E+03  0.22713E-06 -0.19911E-06 -0.88925E-07
  0.20160E+03  0.21525E-06 -0.20115E-06 -0.10386E-06
  0.20190E+03  0.20302E-06 -0.20249E-06 -0.11807E-06
  0.20220E+03  0.19050E-06 -0.20314E-06 -0.13150E-06
  0.20250E+03  0.17770E-06 -0.20314E-06 -0.14412E-06
  0.20280E+03  0.16468E-06 -0.20251E-06 -0.15590E-06
  0.20310E+03  0.15148E-06 -0.20129E-06 -0.16682E-06
  0.20340E+03  0.13813E-06 -0.19949E-06 -0.17687E-06
  0.20370E+03  0.12465E-06 -0.19716E-06 -0.18601E-06
  0.20400E+03  0.11110E-06 -0.19432E-06 -0.19424E-06
  0.20430E+03  0.97482E-07 -0.19099E-06 -0.20158E-06
  0.20460E+03  0.83846E-07 -0.18721E-06 -0.20799E-06
  0.20490E+03  0.70204E-07 -0.18301E-06 -0.21351E-06
  0.20520E+03  0.56599E-07 -0.17840E-06 -0.21813E-06
  0.20550E+03  0.43054E-07 -0.17342E-06 -0.22187E-06
  0.20580E+03  0.29582E-07 -0.16809E-06 -0.22475E-06
  0.20610E+03  0.16227E-07 -0.16242E-06 -0.22677E-06
  0.20640E+03  0.30070E-08 -0.15646E-06 -0.22796E-06
  0.20670E+03 -0.10058E-07 -0.15021E-06 -0.22836E-06
  0.20700E+03 -0.22936E-07 -0.14369E-06 -0.22798E-06
  0.20730E+03 -0.35608E-07 -0.13693E-06 -0.22685E-06
  0.20760E+03 -0.48042E-07 -0.12994E-06 -0.22501E-06
  0.20790E+03 -0.60212E-07 -0.12274E-06 -0.22248E-06
  0.20820E+03 -0.72100E-07 -0.11535E-06 -0.21929E-06
  0.20850E+03 -0.83685E-07 -0.10777E-06 -0.21548E-06
  0.20880E+03 -0.94930E-07 -0.10004E-06 -0.21108E-06
  0.20910E+03 -0.10582E-06 -0.92158E-07 -0.20613E-06
  0.20940E+03 -0.11632E-06 -0.84144E-07 -0.20067E-06
  0.20970E+03 -0.12640E-06 -0.76013E-07 -0.19471E-06
  0.21000E+03 -0.13604E-06 -0.67778E-07 -0.18830E-06
  0.21030E+03 -0.14522E-06 -0.59456E-07 -0.18148E-06
  0.21060E+03 -0.15392E-06 -0.51061E-07 -0.17425E-06
  0.21090E+03 -0.16210E-06 -0.42609E-07 -0.16668E-06
  0.21120E+03 -0.16975E-06 -0.34116E-07 -0.15878E-06
  0.21150E+03 -0.17683E-06 -0.25599E-07 -0.15059E-06
  0.21180E+03 -0.18334E-06 -0.17074E-07 -0.14212E-06
  0.21210E+03 -0.18924E-06 -0.85611E-08 -0.13343E-06
  0.21240E+03 -0.19452E-06 -0.77279E-10 -0.12452E-06
  0.21270E+03 -0.19916E-06  0.83577E-08 -0.11542E-06
  0.21300E+03 -0.20314E-06  0.16724E-07 -0.10618E-06
  0.21330E+03 -0.20645E-06  0.25001E-07 -0.96791E-07
  0.21360E+03 -0.20907E-06  0.33166E-07 -0.87306E-07
  0.21390E+03 -0.21100E-06  0.41200E-07 -0.77734E-07
  0.21420E+03 -0.21222E-06  0.49077E-07 -0.68100E-07
  0.21450E+03 -0.21274E-06  0.56777E-07 -0.58430E-07
  0.21480E+03 -0.21254E-06  0.64276E-07 -0.48743E-07
  0.21510E+03 -0.21164E-06  0.71550E-07 -0.39062E-07
  0.21540E+03 -0.21002E-06  0.78576E-07 -0.29409E-07
  0.21570E+03 -0.20770E-06  0.85331E-07 -0.19801E-07
  0.21600E+03 -0.20469E-06  0.91791E-07 -0.10266E-07
  0.21630E+03 -0.20098E-06  0.97934E-07 -0.82900E-09
  0.21660E+03 -0.19661E-06  0.10374E-06  0.85050E-08
  0.21690E+03 -0.19158E-06  0.10918E-06  0.17717E-07
  0.21720E+03 -0.18592E-06  0.11424E-06  0.26761E-07
  0.21750E+03 -0.17965E-06  0.11890E-06  0.35639E-07
  0.21780E+03 -0.17280E-06  0.12314E-06  0.44333E-07
  0.21810E+03 -0.16539E-06  0.12695E-06  0.52807E-07
  0.21840E+03 -0.15745E-06  0.13030E-06  0.61048E-07
  0.21870E+03 -0.14902E-06  0.13319E-06  0.69035E-07
  0.21900E+03 -0.14013E-06  0.13560E-06  0.76748E-07
  0.21930E+03 -0.13083E-06  0.13752E-06  0.84175E-07
  0.21960E+03 -0.12114E-06  0.13895E-06  0.91288E-07
  0.21990E+03 -0.11112E-06  0.13988E-06  0.98074E-07
  0.22020E+03 -0.10079E-06  0.14030E-06  0.10451E-06
  0.22050E+03 -0.90218E-07  0.14021E-06  0.11057E-06
  0.22080E+03 -0.79433E-07  0.13962E-06  0.11626E-06
  0.22110E+03 -0.68484E-07  0.13853E-06  0.12154E-06
  0.22140E+03 -0.57419E-07  0.13694E-06  0.12641E-06
  0.22170E+03 -0.46282E-07  0.13487E-06  0.13083E-06
  0.22200E+03 -0.35107E-07  0.13232E-06  0.13482E-06
  0.22230E+03 -0.23963E-07  0.12930E-06  0.13835E-06
  0.22260E+03 -0.12879E-07  0.12583E-06  0.14141E-06
  0.22290E+03 -0.18950E-08  0.12192E-06  0.14399E-06
  0.22320E+03  0.89240E-08  0.11761E-06  0.14608E-06
  0.22350E+03  0.19563E-07  0.11290E-06  0.14769E-06
  0.22380E+03  0.29968E-07  0.10781E-06  0.14878E-06
  0.22410E+03  0.40112E-07  0.10238E-06  0.14938E-06
  0.22440E+03  0.49940E-07  0.96635E-07  0.14947E-06
  0.22470E+03  0.59430E-07  0.90591E-07  0.14906E-06
  0.22500E+03  0.68549E-07  0.84283E-07  0.14814E-06
  0.22530E+03  0.77260E-07  0.77738E-07  0.14674E-06
  0.22560E+03  0.85545E-07  0.70987E-07  0.14484E-06
  0.22590E+03  0.93377E-07  0.64061E-07  0.14246E-06
  0.22620E+03  0.10073E-06  0.56992E-07  0.13960E-06
  0.22650E+03  0.10758E-06  0.49810E-07  0.13628E-06
  0.22680E+03  0.11392E-06  0.42548E-07  0.13251E-06
  0.22710E+03  0.11972E-06  0.35236E-07  0.12832E-06
  0.22740E+03  0.12499E-06  0.27906E-07  0.12371E-06
  0.22770E+03  0.12970E-06  0.20589E-07  0.11871E-06
  0.22800E+03  0.13386E-06  0.13314E-07  0.11334E-06
  0.22830E+03  0.13746E-06  0.61117E-08  0.10762E-06
  0.22860E+03  0.14049E-06 -0.99050E-09  0.10158E-06
  0.22890E+03  0.14297E-06 -0.79652E-08  0.95238E-07
  0.22920E+03  0.14487E-06 -0.14786E-07  0.88624E-07
  0.22950E+03  0.14624E-06 -0.21429E-07  0.81767E-07
  0.22980E+03  0.14706E-06 -0.27870E-07  0.74692E-07
  0.23010E+03  0.14735E-06 -0.34087E-07  0.67437E-07
  0.23040E+03  0.14711E-06 -0.40060E-07  0.60020E-07
  0.23070E+03  0.14636E-06 -0.45772E-07  0.52481E-07
  0.23100E+03  0.14512E-06 -0.51204E-07  0.44848E-07
  0.23130E+03  0.14339E-06 -0.56341E-07  0.37148E-07
  0.23160E+03  0.14122E-06 -0.61171E-07  0.29425E-07
  0.23190E+03  0.13860E-06 -0.65682E-07  0.21696E-07
  0.23220E+03  0.13556E-06 -0.69864E-07  0.13997E-07
  0.23250E+03  0.13213E-06 -0.73708E-07  0.63568E-08
  0.23280E+03  0.12832E-06 -0.77209E-07 -0.11951E-08
  0.23310E+03  0.12415E-06 -0.80362E-07 -0.86298E-08
  0.23340E+03  0.11966E-06 -0.83164E-07 -0.15920E-07
  0.23370E+03  0.11485E-06 -0.85613E-07 -0.23041E-07
  0.23400E+03  0.10977E-06 -0.87710E-07 -0.29966E-07
  0.23430E+03  0.10443E-06 -0.89456E-07 -0.36671E-07
  0.23460E+03  0.98847E-07 -0.90855E-07 -0.43137E-07
  0.23490E+03  0.93058E-07 -0.91910E-07 -0.49332E-07
  0.23520E+03  0.87078E-07 -0.92627E-07 -0.55250E-07
  0.23550E+03  0.80936E-07 -0.93013E-07 -0.60871E-07
  0.23580E+03  0.74657E-07 -0.93075E-07 -0.66171E-07
  0.23610E+03  0.68265E-07 -0.92823E-07 -0.71139E-07
  0.23640E+03  0.61775E-07 -0.92265E-07 -0.75770E-07
  0.23670E+03  0.55207E-07 -0.91412E-07 -0.80036E-07
  0.23700E+03  0.48596E-07 -0.90275E-07 -0.83948E-07
  0.23730E+03  0.41951E-07 -0.88865E-07 -0.87486E-07
  0.23760E+03  0.35287E-07 -0.87195E-07 -0.90647E-07
  0.23790E+03  0.28649E-07 -0.85276E-07 -0.93437E-07
  0.23820E+03  0.22037E-07 -0.83123E-07 -0.95835E-07
  0.23850E+03  0.15469E-07 -0.80747E-07 -0.97847E-07
  0.23880E+03  0.89750E-08 -0.78163E-07 -0.99481E-07
  0.23910E+03  0.25540E-08 -0.75383E-07 -0.10074E-06
  0.23940E+03 -0.37630E-08 -0.72422E-07 -0.10161E-06
  0.23970E+03 -0.99620E-08 -0.69292E-07 -0.10212E-06
  0.24000E+03 -0.16028E-07 -0.66008E-07 -0.10227E-06
  0.24030E+03 -0.21949E-07 -0.62582E-07 -0.10205E-06
  0.24060E+03 -0.27702E-07 -0.59029E-07 -0.10149E-06
  0.24090E+03 -0.33290E-07 -0.55362E-07 -0.10060E-06
  0.24120E+03 -0.38694E-07 -0.51593E-07 -0.99386E-07
  0.24150E+03 -0.43888E-07 -0.47735E-07 -0.97852E-07
  0.24180E+03 -0.48886E-07 -0.43802E-07 -0.96011E-07
  0.24210E+03 -0.53648E-07 -0.39805E-07 -0.93892E-07
  0.24240E+03 -0.58192E-07 -0.35758E-07 -0.91494E-07
  0.24270E+03 -0.62484E-07 -0.31672E-07 -0.88842E-07
  0.24300E+03 -0.66537E-07 -0.27559E-07 -0.85945E-07
  0.24330E+03 -0.70321E-07 -0.23431E-07 -0.82821E-07
  0.24360E+03 -0.73852E-07 -0.19298E-07 -0.79480E-07
  0.24390E+03 -0.77101E-07 -0.15173E-07 -0.75945E-07
  0.24420E+03 -0.80079E-07 -0.11066E-07 -0.72230E-07
  0.24450E+03 -0.82765E-07 -0.69872E-08 -0.68350E-07
  0.24480E+03 -0.85164E-07 -0.29476E-08 -0.64322E-07
  0.24510E+03 -0.87279E-07  0.10427E-08 -0.60163E-07
  0.24540E+03 -0.89086E-07  0.49738E-08 -0.55886E-07
  0.24570E+03 -0.90604E-07  0.88359E-08 -0.51510E-07
  0.24600E+03 -0.91812E-07  0.12620E-07 -0.47055E-07
  0.24630E+03 -0.92722E-07  0.16316E-07 -0.42521E-07
  0.24660E+03 -0.93331E-07  0.19915E-07 -0.37941E-07
  0.24690E+03 -0.93638E-07  0.23410E-07 -0.33322E-07
  0.24720E+03 -0.93645E-07  0.26790E-07 -0.28672E-07
  0.24750E+03 -0.93356E-07  0.30048E-07 -0.24018E-07
  0.24780E+03 -0.92771E-07  0.33177E-07 -0.19375E-07
  0.24810E+03 -0.91896E-07  0.36167E-07 -0.14742E-07
  0.24840E+03 -0.90735E-07  0.39013E-07 -0.10146E-07
  0.24870E+03 -0.89295E-07  0.41707E-07 -0.55850E-08
  0.24900E+03 -0.87581E-07  0.44243E-07 -0.10930E-08
  0.24930E+03 -0.85602E-07  0.46614E-07  0.33380E-08
  0.24960E+03 -0.83365E-07  0.48814E-07  0.76850E-08
  0.24990E+03 -0.80880E-07  0.50839E-07  0.11944E-07
  0.25020E+03 -0.78152E-07  0.52683E-07  0.16098E-07
  0.25050E+03 -0.75202E-07  0.54342E-07  0.20136E-07
  0.25080E+03 -0.72034E-07  0.55811E-07  0.24062E-07
  0.25110E+03 -0.68667E-07  0.57088E-07  0.27845E-07
  0.25140E+03 -0.65102E-07  0.58170E-07  0.31492E-07
  0.25170E+03 -0.61369E-07  0.59054E-07  0.34992E-07
  0.25200E+03 -0.57461E-07  0.59739E-07  0.38330E-07
  0.25230E+03 -0.53411E-07  0.60223E-07  0.41501E-07
  0.25260E+03 -0.49217E-07  0.60506E-07  0.44507E-07
  0.25290E+03 -0.44914E-07  0.60589E-07  0.47332E-07
  0.25320E+03 -0.40506E-07  0.60472E-07  0.49966E-07
  0.25350E+03 -0.36018E-07  0.60157E-07  0.52423E-07
  0.25380E+03 -0.31458E-07  0.59646E-07  0.54669E-07
  0.25410E+03 -0.26840E-07  0.58941E-07  0.56724E-07
  0.25440E+03 -0.22187E-07  0.58048E-07  0.58575E-07
  0.25470E+03 -0.17521E-07  0.56969E-07  0.60222E-07
  0.25500E+03 -0.12844E-07  0.55709E-07  0.61656E-07
  0.25530E+03 -0.81900E-08  0.54275E-07  0.62878E-07
  0.25560E+03 -0.35530E-08  0.52673E-07  0.63888E-07
  0.25590E+03  0.10240E-08  0.50908E-07  0.64681E-07
  0.25620E+03  0.55460E-08  0.48990E-07  0.65260E-07
  0.25650E+03  0.99850E-08  0.46925E-07  0.65620E-07
  0.25680E+03  0.14325E-07  0.44722E-07  0.65774E-07
  0.25710E+03  0.18565E-07  0.42390E-07  0.65715E-07
  0.25740E+03  0.22680E-07  0.39939E-07  0.65434E-07
  0.25770E+03  0.26659E-07  0.37379E-07  0.64959E-07
  0.25800E+03  0.30484E-07  0.34719E-07  0.64266E-07
  0.25830E+03  0.34162E-07  0.31971E-07  0.63383E-07
  0.25860E+03  0.37654E-07  0.29145E-07  0.62294E-07
  0.25890E+03  0.40971E-07  0.26252E-07  0.61021E-07
  0.25920E+03  0.44102E-07  0.23304E-07  0.59556E-07
  0.25950E+03  0.47028E-07  0.20312E-07  0.57923E-07
  0.25980E+03  0.49741E-07  0.17288E-07  0.56110E-07
  0.26010E+03  0.52244E-07  0.14243E-07  0.54137E-07
  0.26040E+03  0.54530E-07  0.11188E-07  0.52000E-07
  0.26070E+03  0.56582E-07  0.81350E-08  0.49713E-07
  0.26100E+03  0.58403E-07  0.50954E-08  0.47300E-07
  0.26130E+03  0.59998E-07  0.20802E-08  0.44752E-07
  0.26160E+03  0.61358E-07 -0.89990E-09  0.42081E-07
  0.26190E+03  0.62485E-07 -0.38343E-08  0.39295E-07
  0.26220E+03  0.63374E-07 -0.67127E-08  0.36414E-07
  0.26250E+03  0.64028E-07 -0.95253E-08  0.33447E-07
  0.26280E+03  0.64445E-07 -0.12263E-07  0.30408E-07
  0.26310E+03  0.64633E-07 -0.14916E-07  0.27300E-07
  0.26340E+03  0.64602E-07 -0.17476E-07  0.24128E-07
  0.26370E+03  0.64340E-07 -0.19935E-07  0.20922E-07
  0.26400E+03  0.63865E-07 -0.22286E-07  0.17687E-07
  0.26430E+03  0.63175E-07 -0.24521E-07  0.14426E-07
  0.26460E+03  0.62278E-07 -0.26635E-07  0.11163E-07
  0.26490E+03  0.61182E-07 -0.28621E-07  0.79000E-08
  0.26520E+03  0.59889E-07 -0.30475E-07  0.46550E-08
  0.26550E+03  0.58419E-07 -0.32192E-07  0.14340E-08
  0.26580E+03  0.56773E-07 -0.33767E-07 -0.17410E-08
  0.26610E+03  0.54966E-07 -0.35199E-07 -0.48730E-08
  0.26640E+03  0.52990E-07 -0.36484E-07 -0.79459E-08
  0.26670E+03  0.50876E-07 -0.37619E-07 -0.10948E-07
  0.26700E+03  0.48633E-07 -0.38605E-07 -0.13871E-07
  0.26730E+03  0.46258E-07 -0.39440E-07 -0.16705E-07
  0.26760E+03  0.43759E-07 -0.40123E-07 -0.19440E-07
  0.26790E+03  0.41170E-07 -0.40656E-07 -0.22069E-07
  0.26820E+03  0.38474E-07 -0.41039E-07 -0.24584E-07
  0.26850E+03  0.35702E-07 -0.41274E-07 -0.26972E-07
  0.26880E+03  0.32866E-07 -0.41363E-07 -0.29245E-07
  0.26910E+03  0.29958E-07 -0.41309E-07 -0.31371E-07
  0.26940E+03  0.27008E-07 -0.41114E-07 -0.33351E-07
  0.26970E+03  0.24012E-07 -0.40782E-07 -0.35196E-07
  0.27000E+03  0.20992E-07 -0.40317E-07 -0.36889E-07
  0.27030E+03  0.17951E-07 -0.39724E-07 -0.38427E-07
  0.27060E+03  0.14899E-07 -0.39006E-07 -0.39803E-07
  0.27090E+03  0.11855E-07 -0.38169E-07 -0.41026E-07
  0.27120E+03  0.88240E-08 -0.37219E-07 -0.42084E-07
  0.27150E+03  0.58130E-08 -0.36160E-07 -0.42983E-07
  0.27180E+03  0.28365E-08 -0.34999E-07 -0.43717E-07
  0.27210E+03 -0.10240E-09 -0.33742E-07 -0.44288E-07
  0.27240E+03 -0.29925E-08 -0.32394E-07 -0.44705E-07
  0.27270E+03 -0.58248E-08 -0.30962E-07 -0.44956E-07
  0.27300E+03 -0.85950E-08 -0.29453E-07 -0.45043E-07
  0.27330E+03 -0.11285E-07 -0.27874E-07 -0.44974E-07
  0.27360E+03 -0.13900E-07 -0.26230E-07 -0.44753E-07
  0.27390E+03 -0.16429E-07 -0.24528E-07 -0.44387E-07
  0.27420E+03 -0.18861E-07 -0.22776E-07 -0.43876E-07
  0.27450E+03 -0.21202E-07 -0.20979E-07 -0.43215E-07
  0.27480E+03 -0.23430E-07 -0.19146E-07 -0.42426E-07
  0.27510E+03 -0.25546E-07 -0.17281E-07 -0.41494E-07
  0.27540E+03 -0.27559E-07 -0.15392E-07 -0.40443E-07
  0.27570E+03 -0.29435E-07 -0.13485E-07 -0.39278E-07
  0.27600E+03 -0.31205E-07 -0.11567E-07 -0.37995E-07
  0.27630E+03 -0.32832E-07 -0.96435E-08 -0.36602E-07
  0.27660E+03 -0.34346E-07 -0.77211E-08 -0.35116E-07
  0.27690E+03 -0.35716E-07 -0.58058E-08 -0.33534E-07
  0.27720E+03 -0.36959E-07 -0.39033E-08 -0.31866E-07
  0.27750E+03 -0.38059E-07 -0.20193E-08 -0.30117E-07
  0.27780E+03 -0.39018E-07 -0.15929E-09 -0.28299E-07
  0.27810E+03 -0.39845E-07  0.16715E-08 -0.26416E-07
  0.27840E+03 -0.40534E-07  0.34678E-08 -0.24477E-07
  0.27870E+03 -0.41080E-07  0.52248E-08 -0.22489E-07
  0.27900E+03 -0.41487E-07  0.69377E-08 -0.20461E-07
  0.27930E+03 -0.41756E-07  0.86019E-08 -0.18399E-07
  0.27960E+03 -0.41887E-07  0.10213E-07 -0.16311E-07
  0.27990E+03 -0.41887E-07  0.11767E-07 -0.14199E-07
  0.28020E+03 -0.41748E-07  0.13261E-07 -0.12082E-07
  0.28050E+03 -0.41470E-07  0.14690E-07 -0.99550E-08
  0.28080E+03 -0.41073E-07  0.16051E-07 -0.78300E-08
  0.28110E+03 -0.40540E-07  0.17341E-07 -0.57200E-08
  0.28140E+03 -0.39887E-07  0.18558E-07 -0.36200E-08
  0.28170E+03 -0.39116E-07  0.19698E-07 -0.15540E-08
  0.28200E+03 -0.38228E-07  0.20759E-07  0.49400E-09
  0.28230E+03 -0.37230E-07  0.21740E-07  0.25100E-08
  0.28260E+03 -0.36129E-07  0.22637E-07  0.44750E-08
  0.28290E+03 -0.34920E-07  0.23450E-07  0.64030E-08
  0.28320E+03 -0.33612E-07  0.24177E-07  0.82760E-08
  0.28350E+03 -0.32214E-07  0.24816E-07  0.10094E-07
  0.28380E+03 -0.30728E-07  0.25368E-07  0.11843E-07
  0.28410E+03 -0.29167E-07  0.25832E-07  0.13533E-07
  0.28440E+03 -0.27523E-07  0.26206E-07  0.15158E-07
  0.28470E+03 -0.25813E-07  0.26492E-07  0.16704E-07
  0.28500E+03 -0.24047E-07  0.26689E-07  0.18172E-07
  0.28530E+03 -0.22214E-07  0.26797E-07  0.19560E-07
  0.28560E+03 -0.20345E-07  0.26818E-07  0.20864E-07
  0.28590E+03 -0.18427E-07  0.26751E-07  0.22082E-07
  0.28620E+03 -0.16474E-07  0.26600E-07  0.23210E-07
  0.28650E+03 -0.14492E-07  0.26364E-07  0.24247E-07
  0.28680E+03 -0.12492E-07  0.26046E-07  0.25190E-07
  0.28710E+03 -0.10467E-07  0.25647E-07  0.26039E-07
  0.28740E+03 -0.84460E-08  0.25170E-07  0.26792E-07
  0.28770E+03 -0.64180E-08  0.24617E-07  0.27447E-07
  0.28800E+03 -0.43950E-08  0.23991E-07  0.28006E-07
  0.28830E+03 -0.23890E-08  0.23294E-07  0.28466E-07
  0.28860E+03 -0.39699E-09  0.22530E-07  0.28828E-07
  0.28890E+03  0.15620E-08  0.21701E-07  0.29092E-07
  0.28920E+03  0.34960E-08  0.20812E-07  0.29258E-07
  0.28950E+03  0.53910E-08  0.19865E-07  0.29329E-07
  0.28980E+03  0.72410E-08  0.18865E-07  0.29303E-07
  0.29010E+03  0.90370E-08  0.17816E-07  0.29184E-07
  0.29040E+03  0.10782E-07  0.16720E-07  0.28971E-07
  0.29070E+03  0.12465E-07  0.15583E-07  0.28668E-07
  0.29100E+03  0.14080E-07  0.14410E-07  0.28276E-07
  0.29130E+03  0.15630E-07  0.13203E-07  0.27797E-07
  0.29160E+03  0.17100E-07  0.11968E-07  0.27235E-07
  0.29190E+03  0.18500E-07  0.10709E-07  0.26592E-07
  0.29220E+03  0.19804E-07  0.94306E-08  0.25871E-07
  0.29250E+03  0.21026E-07  0.81374E-08  0.25076E-07
  0.29280E+03  0.22167E-07  0.68339E-08  0.24210E-07
  0.29310E+03  0.23211E-07  0.55248E-08  0.23275E-07
  0.29340E+03  0.24163E-07  0.42145E-08  0.22277E-07
  0.29370E+03  0.25018E-07  0.29077E-08  0.21219E-07
  0.29400E+03  0.25771E-07  0.16086E-08  0.20107E-07
  0.29430E+03  0.26429E-07  0.32184E-09  0.18943E-07
  0.29460E+03  0.26990E-07 -0.94848E-09  0.17731E-07
  0.29490E+03  0.27444E-07 -0.21982E-08  0.16478E-07
  0.29520E+03  0.27800E-07 -0.34233E-08  0.15186E-07
  0.29550E+03  0.28065E-07 -0.46199E-08  0.13863E-07
  0.29580E+03  0.28223E-07 -0.57842E-08  0.12513E-07
  0.29610E+03  0.28284E-07 -0.69125E-08  0.11134E-07
  0.29640E+03  0.28249E-07 -0.80015E-08  0.97420E-08
  0.29670E+03  0.28118E-07 -0.90478E-08  0.83340E-08
  0.29700E+03  0.27894E-07 -0.10048E-07  0.69180E-08
  0.29730E+03  0.27574E-07 -0.11000E-07  0.54930E-08
  0.29760E+03  0.27169E-07 -0.11900E-07  0.40780E-08
  0.29790E+03  0.26683E-07 -0.12748E-07  0.26650E-08
  0.29820E+03  0.26105E-07 -0.13539E-07  0.12620E-08
  0.29850E+03  0.25480E-07 -0.14273E-07 -0.12299E-09
  0.29880E+03  0.24730E-07 -0.14949E-07 -0.14933E-08
  0.29910E+03  0.23930E-07 -0.15564E-07 -0.28363E-08
  0.29940E+03  0.23070E-07 -0.16117E-07 -0.41506E-08
  0.29970E+03  0.22060E-07 -0.16608E-07 -0.54317E-08
  0.30000E+03  0.21160E-07 -0.17035E-07 -0.66755E-08
  0.30030E+03  0.20030E-07 -0.17399E-07 -0.78787E-08
  0.30060E+03  0.18910E-07 -0.17699E-07 -0.90371E-08
  0.30090E+03  0.17770E-07 -0.17936E-07 -0.10148E-07
  0.30120E+03  0.16620E-07 -0.18109E-07 -0.11209E-07
  0.30150E+03  0.15420E-07 -0.18219E-07 -0.12215E-07
  0.30180E+03  0.14130E-07 -0.18267E-07 -0.13164E-07
  0.30210E+03  0.12880E-07 -0.18253E-07 -0.14054E-07
  0.30240E+03  0.11570E-07 -0.18179E-07 -0.14883E-07
  0.30270E+03  0.10230E-07 -0.18044E-07 -0.15649E-07
  0.30300E+03  0.88550E-08 -0.17851E-07 -0.16350E-07
  0.30330E+03  0.74990E-08 -0.17600E-07 -0.16986E-07
  0.30360E+03  0.61500E-08 -0.17294E-07 -0.17556E-07
  0.30390E+03  0.47950E-08 -0.16935E-07 -0.18058E-07
  0.30420E+03  0.34400E-08 -0.16523E-07 -0.18492E-07
  0.30450E+03  0.20980E-08 -0.16062E-07 -0.18858E-07
  0.30480E+03  0.77802E-09 -0.15553E-07 -0.19150E-07
  0.30510E+03 -0.53399E-09 -0.14998E-07 -0.19387E-07
  0.30540E+03 -0.18150E-08 -0.14400E-07 -0.19550E-07
  0.30570E+03 -0.30789E-08 -0.13761E-07 -0.19638E-07
  0.30600E+03 -0.43094E-08 -0.13084E-07 -0.19669E-07
  0.30630E+03 -0.55030E-08 -0.12371E-07 -0.19628E-07
  0.30660E+03 -0.30127E-11  0.00000E+00  0.50022E-11
  0.30690E+03 -0.40075E-11  0.00000E+00 -0.20037E-11
