  0.000000E+00 -0.102826E-12  0.357517E-14  0.143414E-12
  0.300000E+00 -0.966709E-12 -0.387364E-14  0.151800E-11
  0.600000E+00 -0.438203E-11 -0.164091E-12  0.793756E-11
  0.900000E+00 -0.129209E-10 -0.908365E-12  0.279010E-10
  0.120000E+01 -0.280167E-10 -0.318126E-11  0.755565E-10
  0.150000E+01 -0.471235E-10 -0.888318E-11  0.170506E-09
  0.180000E+01 -0.609558E-10 -0.213028E-10  0.336930E-09
  0.210000E+01 -0.514908E-10 -0.450055E-10  0.602434E-09
  0.240000E+01  0.834071E-11 -0.853046E-10  0.996799E-09
  0.270000E+01  0.152368E-09 -0.148146E-09  0.155026E-08
  0.300000E+01  0.416815E-09 -0.240961E-09  0.229064E-08
  0.330000E+01  0.835688E-09 -0.374011E-09  0.323964E-08
  0.360000E+01  0.143749E-08 -0.561106E-09  0.441003E-08
  0.390000E+01  0.224379E-08 -0.819041E-09  0.580438E-08
  0.420000E+01  0.326939E-08 -0.116601E-08  0.741524E-08
  0.450000E+01  0.452411E-08 -0.161983E-08  0.922659E-08
  0.480000E+01  0.601563E-08 -0.219659E-08  0.112171E-07
  0.510000E+01  0.775129E-08 -0.290989E-08  0.133639E-07
  0.540000E+01  0.973676E-08 -0.377036E-08  0.156449E-07
  0.570000E+01  0.119728E-07 -0.478562E-08  0.180393E-07
  0.600000E+01  0.144519E-07 -0.596044E-08  0.205260E-07
  0.630000E+01  0.171561E-07 -0.729636E-08  0.230819E-07
  0.660000E+01  0.200548E-07 -0.879073E-08  0.256810E-07
  0.690000E+01  0.231053E-07 -0.104365E-07  0.282929E-07
  0.720000E+01  0.262557E-07 -0.122231E-07  0.308832E-07
  0.750000E+01  0.294495E-07 -0.141374E-07  0.334141E-07
  0.780000E+01  0.326308E-07 -0.161641E-07  0.358460E-07
  0.810000E+01  0.357462E-07 -0.182854E-07  0.381394E-07
  0.840000E+01  0.387450E-07 -0.204804E-07  0.402564E-07
  0.870000E+01  0.415770E-07 -0.227246E-07  0.421615E-07
  0.900000E+01  0.441899E-07 -0.249891E-07  0.438211E-07
  0.930000E+01  0.465270E-07 -0.272412E-07  0.452026E-07
  0.960000E+01  0.485273E-07 -0.294460E-07  0.462741E-07
  0.990000E+01  0.501247E-07 -0.315673E-07  0.470040E-07
  0.102000E+02  0.512490E-07 -0.335692E-07  0.473613E-07
  0.105000E+02  0.518262E-07 -0.354164E-07  0.473157E-07
  0.108000E+02  0.517806E-07 -0.370738E-07  0.468396E-07
  0.111000E+02  0.510377E-07 -0.385060E-07  0.459090E-07
  0.114000E+02  0.495279E-07 -0.396769E-07  0.445043E-07
  0.117000E+02  0.471892E-07 -0.405499E-07  0.426106E-07
  0.120000E+02  0.439693E-07 -0.410873E-07  0.402162E-07
  0.123000E+02  0.398249E-07 -0.412516E-07  0.373117E-07
  0.126000E+02  0.347206E-07 -0.410057E-07  0.338886E-07
  0.129000E+02  0.286292E-07 -0.403154E-07  0.299381E-07
  0.132000E+02  0.215349E-07 -0.391504E-07  0.254512E-07
  0.135000E+02  0.134370E-07 -0.374866E-07  0.204191E-07
  0.138000E+02  0.435319E-08 -0.353070E-07  0.148344E-07
  0.141000E+02 -0.567829E-08 -0.326018E-07  0.869370E-08
  0.144000E+02 -0.165996E-07 -0.293692E-07  0.199991E-08
  0.147000E+02 -0.283354E-07 -0.256151E-07 -0.523484E-08
  0.150000E+02 -0.407952E-07 -0.213523E-07 -0.129866E-07
  0.153000E+02 -0.538762E-07 -0.165996E-07 -0.212174E-07
  0.156000E+02 -0.674638E-07 -0.113818E-07 -0.298745E-07
  0.159000E+02 -0.814328E-07 -0.572889E-08 -0.388915E-07
  0.162000E+02 -0.956477E-07  0.323545E-09 -0.481911E-07
  0.165000E+02 -0.109964E-06  0.673519E-08 -0.576893E-07
  0.168000E+02 -0.124232E-06  0.134611E-07 -0.672982E-07
  0.171000E+02 -0.138294E-06  0.204517E-07 -0.769279E-07
  0.174000E+02 -0.151992E-06  0.276523E-07 -0.864849E-07
  0.177000E+02 -0.165163E-06  0.350030E-07 -0.958701E-07
  0.180000E+02 -0.177645E-06  0.424394E-07 -0.104979E-06
  0.183000E+02 -0.189275E-06  0.498946E-07 -0.113701E-06
  0.186000E+02 -0.199894E-06  0.572994E-07 -0.121926E-06
  0.189000E+02 -0.209346E-06  0.645842E-07 -0.129544E-06
  0.192000E+02 -0.217483E-06  0.716785E-07 -0.136450E-06
  0.195000E+02 -0.224162E-06  0.785129E-07 -0.142545E-06
  0.198000E+02 -0.229250E-06  0.850191E-07 -0.147738E-06
  0.201000E+02 -0.232620E-06  0.911307E-07 -0.151950E-06
  0.204000E+02 -0.234160E-06  0.967825E-07 -0.155110E-06
  0.207000E+02 -0.233772E-06  0.101911E-06 -0.157161E-06
  0.210000E+02 -0.231380E-06  0.106453E-06 -0.158061E-06
  0.213000E+02 -0.226934E-06  0.110351E-06 -0.157778E-06
  0.216000E+02 -0.220411E-06  0.113554E-06 -0.156293E-06
  0.219000E+02 -0.211819E-06  0.116018E-06 -0.153601E-06
  0.222000E+02 -0.201189E-06  0.117712E-06 -0.149706E-06
  0.225000E+02 -0.188574E-06  0.118613E-06 -0.144628E-06
  0.228000E+02 -0.174046E-06  0.118710E-06 -0.138401E-06
  0.231000E+02 -0.157688E-06  0.117994E-06 -0.131072E-06
  0.234000E+02 -0.139598E-06  0.116462E-06 -0.122702E-06
  0.237000E+02 -0.119886E-06  0.114110E-06 -0.113357E-06
  0.240000E+02 -0.986757E-07  0.110940E-06 -0.103112E-06
  0.243000E+02 -0.761057E-07  0.106955E-06 -0.920379E-07
  0.246000E+02 -0.523331E-07  0.102167E-06 -0.802020E-07
  0.249000E+02 -0.275436E-07  0.965935E-07 -0.676509E-07
  0.252000E+02 -0.196709E-08  0.902604E-07 -0.543966E-07
  0.255000E+02  0.240971E-07  0.831982E-07 -0.403987E-07
  0.258000E+02  0.502493E-07  0.754414E-07 -0.255488E-07
  0.261000E+02  0.759604E-07  0.670263E-07 -0.966908E-08
  0.264000E+02  0.100570E-06  0.579888E-07  0.745623E-08
  0.267000E+02  0.123325E-06  0.483636E-07  0.260327E-07
  0.270000E+02  0.143429E-06  0.381823E-07  0.462420E-07
  0.273000E+02  0.160060E-06  0.274744E-07  0.682884E-07
  0.276000E+02  0.172323E-06  0.162698E-07  0.924729E-07
  0.279000E+02  0.179185E-06  0.460347E-08  0.119226E-06
  0.282000E+02  0.179451E-06 -0.748568E-08  0.149051E-06
  0.285000E+02  0.171842E-06 -0.199602E-07  0.182389E-06
  0.288000E+02  0.155153E-06 -0.327879E-07  0.219480E-06
  0.291000E+02  0.128400E-06 -0.459380E-07  0.260282E-06
  0.294000E+02  0.909475E-07 -0.593735E-07  0.304466E-06
  0.297000E+02  0.425785E-07 -0.730465E-07  0.351467E-06
  0.300000E+02 -0.164699E-07 -0.868999E-07  0.400534E-06
  0.303000E+02 -0.855131E-07 -0.100870E-06  0.450754E-06
  0.306000E+02 -0.163455E-06 -0.114890E-06  0.501042E-06
  0.309000E+02 -0.248825E-06 -0.128880E-06  0.550100E-06
  0.312000E+02 -0.339796E-06 -0.142744E-06  0.596395E-06
  0.315000E+02 -0.434189E-06 -0.156371E-06  0.638177E-06
  0.318000E+02 -0.529480E-06 -0.169643E-06  0.673526E-06
  0.321000E+02 -0.622807E-06 -0.182447E-06  0.700416E-06
  0.324000E+02 -0.710972E-06 -0.194676E-06  0.716763E-06
  0.327000E+02 -0.790416E-06 -0.206226E-06  0.720464E-06
  0.330000E+02 -0.857251E-06 -0.216997E-06  0.709471E-06
  0.333000E+02 -0.907355E-06 -0.226887E-06  0.681893E-06
  0.336000E+02 -0.936574E-06 -0.235790E-06  0.636116E-06
  0.339000E+02 -0.940944E-06 -0.243593E-06  0.570895E-06
  0.342000E+02 -0.916875E-06 -0.250181E-06  0.485417E-06
  0.345000E+02 -0.861275E-06 -0.255431E-06  0.379333E-06
  0.348000E+02 -0.771656E-06 -0.259220E-06  0.252797E-06
  0.351000E+02 -0.646257E-06 -0.261419E-06  0.106504E-06
  0.354000E+02 -0.484193E-06 -0.261890E-06 -0.582683E-07
  0.357000E+02 -0.285553E-06 -0.260487E-06 -0.239662E-06
  0.360000E+02 -0.514253E-07 -0.257058E-06 -0.435269E-06
  0.363000E+02  0.216136E-06 -0.251449E-06 -0.642180E-06
  0.366000E+02  0.514148E-06 -0.243506E-06 -0.857017E-06
  0.369000E+02  0.838695E-06 -0.233074E-06 -0.107598E-05
  0.372000E+02  0.118495E-05 -0.219997E-06 -0.129496E-05
  0.375000E+02  0.154720E-05 -0.204136E-06 -0.150962E-05
  0.378000E+02  0.191902E-05 -0.185390E-06 -0.171557E-05
  0.381000E+02  0.229338E-05 -0.163699E-06 -0.190845E-05
  0.384000E+02  0.266287E-05 -0.139053E-06 -0.208404E-05
  0.387000E+02  0.301989E-05 -0.111487E-06 -0.223833E-05
  0.390000E+02  0.335677E-05 -0.810901E-07 -0.236766E-05
  0.393000E+02  0.366606E-05 -0.480101E-07 -0.246887E-05
  0.396000E+02  0.394060E-05 -0.124639E-07 -0.253936E-05
  0.399000E+02  0.417370E-05  0.252604E-07 -0.257718E-05
  0.402000E+02  0.435919E-05  0.647998E-07 -0.258098E-05
  0.405000E+02  0.449158E-05  0.105718E-06 -0.255012E-05
  0.408000E+02  0.456614E-05  0.147523E-06 -0.248458E-05
  0.411000E+02  0.457908E-05  0.189705E-06 -0.238491E-05
  0.414000E+02  0.452753E-05  0.231812E-06 -0.225206E-05
  0.417000E+02  0.440951E-05  0.273540E-06 -0.208722E-05
  0.420000E+02  0.422394E-05  0.314791E-06 -0.189172E-05
  0.423000E+02  0.397058E-05  0.355673E-06 -0.166688E-05
  0.426000E+02  0.365001E-05  0.396484E-06 -0.141399E-05
  0.429000E+02  0.326359E-05  0.437685E-06 -0.113420E-05
  0.432000E+02  0.281342E-05  0.479856E-06 -0.828639E-06
  0.435000E+02  0.230236E-05  0.523614E-06 -0.498498E-06
  0.438000E+02  0.173402E-05  0.569462E-06 -0.145341E-06
  0.441000E+02  0.111293E-05  0.617658E-06  0.228673E-06
  0.444000E+02  0.444556E-06  0.668167E-06  0.620672E-06
  0.447000E+02 -0.264666E-06  0.720750E-06  0.102711E-05
  0.450000E+02 -0.100729E-05  0.775100E-06  0.144388E-05
  0.453000E+02 -0.177501E-05  0.830961E-06  0.186652E-05
  0.456000E+02 -0.255884E-05  0.888191E-06  0.229023E-05
  0.459000E+02 -0.334915E-05  0.946809E-06  0.271008E-05
  0.462000E+02 -0.413584E-05  0.100700E-05  0.312111E-05
  0.465000E+02 -0.490855E-05  0.106903E-05  0.351841E-05
  0.468000E+02 -0.565673E-05  0.113313E-05  0.389720E-05
  0.471000E+02 -0.636982E-05  0.119928E-05  0.425285E-05
  0.474000E+02 -0.703733E-05  0.126714E-05  0.458101E-05
  0.477000E+02 -0.764903E-05  0.133585E-05  0.487763E-05
  0.480000E+02 -0.819520E-05  0.140393E-05  0.513902E-05
  0.483000E+02 -0.866686E-05  0.146924E-05  0.536186E-05
  0.486000E+02 -0.905602E-05  0.152907E-05  0.554320E-05
  0.489000E+02 -0.935590E-05  0.158023E-05  0.568045E-05
  0.492000E+02 -0.956096E-05  0.161915E-05  0.577127E-05
  0.495000E+02 -0.966691E-05  0.164199E-05  0.581340E-05
  0.498000E+02 -0.967082E-05  0.164472E-05  0.580468E-05
  0.501000E+02 -0.957108E-05  0.162310E-05  0.574322E-05
  0.504000E+02 -0.936750E-05  0.157276E-05  0.562771E-05
  0.507000E+02 -0.906125E-05  0.148929E-05  0.545766E-05
  0.510000E+02 -0.865463E-05  0.136834E-05  0.523360E-05
  0.513000E+02 -0.815071E-05  0.120571E-05  0.495715E-05
  0.516000E+02 -0.755292E-05  0.997519E-06  0.463082E-05
  0.519000E+02 -0.686481E-05  0.740451E-06  0.425784E-05
  0.522000E+02 -0.609020E-05  0.432132E-06  0.384195E-05
  0.525000E+02 -0.523350E-05  0.714754E-07  0.338729E-05
  0.528000E+02 -0.430012E-05 -0.341021E-06  0.289832E-05
  0.531000E+02 -0.329675E-05 -0.803166E-06  0.237972E-05
  0.534000E+02 -0.223152E-05 -0.131112E-05  0.183636E-05
  0.537000E+02 -0.111392E-05 -0.185953E-05  0.127331E-05
  0.540000E+02  0.456617E-07 -0.244153E-05  0.695887E-06
  0.543000E+02  0.123628E-05 -0.304886E-05  0.109576E-06
  0.546000E+02  0.244665E-05 -0.367179E-05 -0.480138E-06
  0.549000E+02  0.366517E-05 -0.429939E-05 -0.106801E-05
  0.552000E+02  0.488003E-05 -0.491968E-05 -0.164933E-05
  0.555000E+02  0.607917E-05 -0.552002E-05 -0.222012E-05
  0.558000E+02  0.725044E-05 -0.608727E-05 -0.277716E-05
  0.561000E+02  0.838158E-05 -0.660812E-05 -0.331764E-05
  0.564000E+02  0.946029E-05 -0.706932E-05 -0.383886E-05
  0.567000E+02  0.104742E-04 -0.745806E-05 -0.433808E-05
  0.570000E+02  0.114108E-04 -0.776233E-05 -0.481246E-05
  0.573000E+02  0.122581E-04 -0.797144E-05 -0.525910E-05
  0.576000E+02  0.130047E-04 -0.807646E-05 -0.567510E-05
  0.579000E+02  0.136407E-04 -0.807056E-05 -0.605777E-05
  0.582000E+02  0.141578E-04 -0.794910E-05 -0.640461E-05
  0.585000E+02  0.145493E-04 -0.770959E-05 -0.671348E-05
  0.588000E+02  0.148102E-04 -0.735168E-05 -0.698271E-05
  0.591000E+02  0.149369E-04 -0.687713E-05 -0.721120E-05
  0.594000E+02  0.149273E-04 -0.628978E-05 -0.739858E-05
  0.597000E+02  0.147809E-04 -0.559551E-05 -0.754511E-05
  0.600000E+02  0.144981E-04 -0.480200E-05 -0.765154E-05
  0.603000E+02  0.140808E-04 -0.391857E-05 -0.771895E-05
  0.606000E+02  0.135322E-04 -0.295581E-05 -0.774868E-05
  0.609000E+02  0.128568E-04 -0.192536E-05 -0.774229E-05
  0.612000E+02  0.120602E-04 -0.839646E-06 -0.770142E-05
  0.615000E+02  0.111485E-04  0.288233E-06 -0.762788E-05
  0.618000E+02  0.101286E-04  0.144474E-05 -0.752367E-05
  0.621000E+02  0.900791E-05  0.261611E-05 -0.739099E-05
  0.624000E+02  0.779413E-05  0.378860E-05 -0.723223E-05
  0.627000E+02  0.649557E-05  0.494872E-05 -0.704985E-05
  0.630000E+02  0.512090E-05  0.608334E-05 -0.684628E-05
  0.633000E+02  0.367932E-05  0.717981E-05 -0.662371E-05
  0.636000E+02  0.218071E-05  0.822585E-05 -0.638390E-05
  0.639000E+02  0.635700E-06  0.920966E-05 -0.612792E-05
  0.642000E+02 -0.944451E-06  0.101199E-04 -0.585605E-05
  0.645000E+02 -0.254792E-05  0.109461E-04 -0.556779E-05
  0.648000E+02 -0.416229E-05  0.116782E-04 -0.526174E-05
  0.651000E+02 -0.577450E-05  0.123069E-04 -0.493557E-05
  0.654000E+02 -0.737079E-05  0.128240E-04 -0.458612E-05
  0.657000E+02 -0.893672E-05  0.132218E-04 -0.420963E-05
  0.660000E+02 -0.104573E-04  0.134939E-04 -0.380218E-05
  0.663000E+02 -0.119174E-04  0.136353E-04 -0.336011E-05
  0.666000E+02 -0.133015E-04  0.136421E-04 -0.288035E-05
  0.669000E+02 -0.145942E-04  0.135120E-04 -0.236069E-05
  0.672000E+02 -0.157807E-04  0.132442E-04 -0.179983E-05
  0.675000E+02 -0.168470E-04  0.128395E-04 -0.119754E-05
  0.678000E+02 -0.177799E-04  0.123009E-04 -0.554799E-06
  0.681000E+02 -0.185675E-04  0.116327E-04  0.126170E-06
  0.684000E+02 -0.191996E-04  0.108413E-04  0.841816E-06
  0.687000E+02 -0.196676E-04  0.993445E-05  0.158727E-05
  0.690000E+02 -0.199651E-04  0.892143E-05  0.235651E-05
  0.693000E+02 -0.200879E-04  0.781295E-05  0.314277E-05
  0.696000E+02 -0.200339E-04  0.662095E-05  0.393909E-05
  0.699000E+02 -0.198031E-04  0.535848E-05  0.473876E-05
  0.702000E+02 -0.193968E-04  0.403945E-05  0.553549E-05
  0.705000E+02 -0.188181E-04  0.267834E-05  0.632354E-05
  0.708000E+02 -0.180709E-04  0.128989E-05  0.709774E-05
  0.711000E+02 -0.171606E-04 -0.111249E-06  0.785328E-05
  0.714000E+02 -0.160937E-04 -0.151072E-05  0.858552E-05
  0.717000E+02 -0.148783E-04 -0.289460E-05  0.928961E-05
  0.720000E+02 -0.135240E-04 -0.424951E-05  0.996036E-05
  0.723000E+02 -0.120421E-04 -0.556269E-05  0.105921E-04
  0.726000E+02 -0.104450E-04 -0.682204E-05  0.111786E-04
  0.729000E+02 -0.874691E-05 -0.801607E-05  0.117136E-04
  0.732000E+02 -0.696297E-05 -0.913400E-05  0.121903E-04
  0.735000E+02 -0.510950E-05 -0.101658E-04  0.126023E-04
  0.738000E+02 -0.320381E-05 -0.111022E-04  0.129433E-04
  0.741000E+02 -0.126403E-05 -0.119349E-04  0.132077E-04
  0.744000E+02  0.691147E-06 -0.126567E-04  0.133903E-04
  0.747000E+02  0.264276E-05 -0.132613E-04  0.134870E-04
  0.750000E+02  0.457187E-05 -0.137435E-04  0.134945E-04
  0.753000E+02  0.645974E-05 -0.140994E-04  0.134108E-04
  0.756000E+02  0.828805E-05 -0.143263E-04  0.132349E-04
  0.759000E+02  0.100390E-04 -0.144227E-04  0.129668E-04
  0.762000E+02  0.116956E-04 -0.143888E-04  0.126077E-04
  0.765000E+02  0.132419E-04 -0.142260E-04  0.121600E-04
  0.768000E+02  0.146635E-04 -0.139372E-04  0.116266E-04
  0.771000E+02  0.159474E-04 -0.135269E-04  0.110115E-04
  0.774000E+02  0.170826E-04 -0.130008E-04  0.103189E-04
  0.777000E+02  0.180600E-04 -0.123661E-04  0.955361E-05
  0.780000E+02  0.188721E-04 -0.116312E-04  0.872069E-05
  0.783000E+02  0.195132E-04 -0.108054E-04  0.782544E-05
  0.786000E+02  0.199792E-04 -0.989897E-05  0.687336E-05
  0.789000E+02  0.202681E-04 -0.892282E-05  0.587023E-05
  0.792000E+02  0.203790E-04 -0.788836E-05  0.482212E-05
  0.795000E+02  0.203131E-04 -0.680727E-05  0.373566E-05
  0.798000E+02  0.200729E-04 -0.569129E-05  0.261807E-05
  0.801000E+02  0.196627E-04 -0.455206E-05  0.147723E-05
  0.804000E+02  0.190888E-04 -0.340105E-05  0.321622E-06
  0.807000E+02  0.183592E-04 -0.224952E-05 -0.839897E-06
  0.810000E+02  0.174839E-04 -0.110847E-05 -0.199830E-05
  0.813000E+02  0.164747E-04  0.114924E-07 -0.314470E-05
  0.816000E+02  0.153450E-04  0.110027E-05 -0.427063E-05
  0.819000E+02  0.141089E-04  0.214837E-05 -0.536811E-05
  0.822000E+02  0.127814E-04  0.314704E-05 -0.642968E-05
  0.825000E+02  0.113776E-04  0.408831E-05 -0.744818E-05
  0.828000E+02  0.991246E-05  0.496499E-05 -0.841668E-05
  0.831000E+02  0.840099E-05  0.577075E-05 -0.932838E-05
  0.834000E+02  0.685780E-05  0.650010E-05 -0.101767E-04
  0.837000E+02  0.529727E-05  0.714843E-05 -0.109555E-04
  0.840000E+02  0.373350E-05  0.771205E-05 -0.116592E-04
  0.843000E+02  0.218020E-05  0.818828E-05 -0.122827E-04
  0.846000E+02  0.650702E-06  0.857542E-05 -0.128221E-04
  0.849000E+02 -0.841995E-06  0.887283E-05 -0.132741E-04
  0.852000E+02 -0.228528E-05  0.908094E-05 -0.136363E-04
  0.855000E+02 -0.366705E-05  0.920118E-05 -0.139075E-04
  0.858000E+02 -0.497591E-05  0.923603E-05 -0.140873E-04
  0.861000E+02 -0.620134E-05  0.918882E-05 -0.141764E-04
  0.864000E+02 -0.733383E-05  0.906369E-05 -0.141763E-04
  0.867000E+02 -0.836514E-05  0.886549E-05 -0.140890E-04
  0.870000E+02 -0.928852E-05  0.859973E-05 -0.139170E-04
  0.873000E+02 -0.100989E-04  0.827239E-05 -0.136633E-04
  0.876000E+02 -0.107928E-04  0.788987E-05 -0.133312E-04
  0.879000E+02 -0.113684E-04  0.745876E-05 -0.129239E-04
  0.882000E+02 -0.118255E-04  0.698580E-05 -0.124452E-04
  0.885000E+02 -0.121653E-04  0.647775E-05 -0.118989E-04
  0.888000E+02 -0.123898E-04  0.594139E-05 -0.112893E-04
  0.891000E+02 -0.125025E-04  0.538335E-05 -0.106211E-04
  0.894000E+02 -0.125075E-04  0.481016E-05 -0.989957E-05
  0.897000E+02 -0.124097E-04  0.422813E-05 -0.913038E-05
  0.900000E+02 -0.122145E-04  0.364339E-05 -0.831975E-05
  0.903000E+02 -0.119279E-04  0.306178E-05 -0.747430E-05
  0.906000E+02 -0.115563E-04  0.248884E-05 -0.660106E-05
  0.909000E+02 -0.111064E-04  0.192974E-05 -0.570734E-05
  0.912000E+02 -0.105855E-04  0.138927E-05 -0.480064E-05
  0.915000E+02 -0.100014E-04  0.871850E-06 -0.388842E-05
  0.918000E+02 -0.936277E-05  0.381505E-06 -0.297796E-05
  0.921000E+02 -0.867855E-05 -0.780928E-07 -0.207618E-05
  0.924000E+02 -0.795833E-05 -0.503694E-06 -0.118945E-05
  0.927000E+02 -0.721191E-05 -0.892516E-06 -0.323522E-06
  0.930000E+02 -0.644908E-05 -0.124230E-05  0.516502E-06
  0.933000E+02 -0.567932E-05 -0.155135E-05  0.132607E-05
  0.936000E+02 -0.491165E-05 -0.181856E-05  0.210105E-05
  0.939000E+02 -0.415447E-05 -0.204345E-05  0.283766E-05
  0.942000E+02 -0.341547E-05 -0.222611E-05  0.353240E-05
  0.945000E+02 -0.270164E-05 -0.236716E-05  0.418212E-05
  0.948000E+02 -0.201924E-05 -0.246771E-05  0.478406E-05
  0.951000E+02 -0.137385E-05 -0.252935E-05  0.533589E-05
  0.954000E+02 -0.770296E-06 -0.255414E-05  0.583583E-05
  0.957000E+02 -0.212774E-06 -0.254453E-05  0.628262E-05
  0.960000E+02  0.295182E-06 -0.250334E-05  0.667567E-05
  0.963000E+02  0.750686E-06 -0.243368E-05  0.701499E-05
  0.966000E+02  0.115156E-05 -0.233882E-05  0.730120E-05
  0.969000E+02  0.149642E-05 -0.222217E-05  0.753539E-05
  0.972000E+02  0.178480E-05 -0.208718E-05  0.771910E-05
  0.975000E+02  0.201712E-05 -0.193733E-05  0.785425E-05
  0.978000E+02  0.219472E-05 -0.177607E-05  0.794307E-05
  0.981000E+02  0.231968E-05 -0.160679E-05  0.798802E-05
  0.984000E+02  0.239481E-05 -0.143275E-05  0.799165E-05
  0.987000E+02  0.242341E-05 -0.125705E-05  0.795651E-05
  0.990000E+02  0.240928E-05 -0.108262E-05  0.788509E-05
  0.993000E+02  0.235655E-05 -0.912178E-06  0.777984E-05
  0.996000E+02  0.226964E-05 -0.748348E-06  0.764313E-05
  0.999000E+02  0.215321E-05 -0.593600E-06  0.747734E-05
  0.100200E+03  0.201208E-05 -0.450273E-06  0.728481E-05
  0.100500E+03  0.185121E-05 -0.320525E-06  0.706784E-05
  0.100800E+03  0.167567E-05 -0.206295E-06  0.682858E-05
  0.101100E+03  0.149055E-05 -0.109262E-06  0.656899E-05
  0.101400E+03  0.130088E-05 -0.308412E-07  0.629091E-05
  0.101700E+03  0.111154E-05  0.278286E-07  0.599621E-05
  0.102000E+03  0.927245E-06  0.658960E-07  0.568692E-05
  0.102300E+03  0.752487E-06  0.828338E-07  0.536533E-05
  0.102600E+03  0.591548E-06  0.784896E-07  0.503401E-05
  0.102900E+03  0.448477E-06  0.531246E-07  0.469578E-05
  0.103200E+03  0.327023E-06  0.742745E-08  0.435366E-05
  0.103500E+03  0.230524E-06 -0.575074E-07  0.401069E-05
  0.103800E+03  0.161787E-06 -0.140236E-06  0.366969E-05
  0.104100E+03  0.122983E-06 -0.239043E-06  0.333314E-05
  0.104400E+03  0.115563E-06 -0.352019E-06  0.300309E-05
  0.104700E+03  0.140195E-06 -0.477143E-06  0.268123E-05
  0.105000E+03  0.196761E-06 -0.612345E-06  0.236891E-05
  0.105300E+03  0.284430E-06 -0.755560E-06  0.206728E-05
  0.105600E+03  0.401822E-06 -0.904765E-06  0.177731E-05
  0.105900E+03  0.547165E-06 -0.105802E-05  0.149986E-05
  0.106200E+03  0.718416E-06 -0.121345E-05  0.123569E-05
  0.106500E+03  0.913290E-06 -0.136926E-05  0.985460E-06
  0.106800E+03  0.112923E-05 -0.152359E-05  0.749659E-06
  0.107100E+03  0.136338E-05 -0.167454E-05  0.528634E-06
  0.107400E+03  0.161252E-05 -0.182008E-05  0.322598E-06
  0.107700E+03  0.187322E-05 -0.195806E-05  0.131681E-06
  0.108000E+03  0.214188E-05 -0.208624E-05 -0.440449E-07
  0.108300E+03  0.241495E-05 -0.220233E-05 -0.204571E-06
  0.108600E+03  0.268905E-05 -0.230407E-05 -0.350038E-06
  0.108900E+03  0.296109E-05 -0.238931E-05 -0.480865E-06
  0.109200E+03  0.322820E-05 -0.245605E-05 -0.597917E-06
  0.109500E+03  0.348761E-05 -0.250259E-05 -0.702607E-06
  0.109800E+03  0.373652E-05 -0.252745E-05 -0.796873E-06
  0.110100E+03  0.397208E-05 -0.252953E-05 -0.883028E-06
  0.110400E+03  0.419136E-05 -0.250805E-05 -0.963551E-06
  0.110700E+03  0.439132E-05 -0.246266E-05 -0.104089E-05
  0.111000E+03  0.456887E-05 -0.239339E-05 -0.111732E-05
  0.111300E+03  0.472088E-05 -0.230062E-05 -0.119486E-05
  0.111600E+03  0.484430E-05 -0.218508E-05 -0.127525E-05
  0.111900E+03  0.493629E-05 -0.204774E-05 -0.135991E-05
  0.112200E+03  0.499427E-05 -0.188980E-05 -0.144989E-05
  0.112500E+03  0.501597E-05 -0.171257E-05 -0.154585E-05
  0.112800E+03  0.499944E-05 -0.151751E-05 -0.164806E-05
  0.113100E+03  0.494313E-05 -0.130619E-05 -0.175652E-05
  0.113400E+03  0.484593E-05 -0.108036E-05 -0.187096E-05
  0.113700E+03  0.470724E-05 -0.841993E-06 -0.199086E-05
  0.114000E+03  0.452702E-05 -0.593215E-06 -0.211558E-05
  0.114300E+03  0.430581E-05 -0.336332E-06 -0.224436E-05
  0.114600E+03  0.404473E-05 -0.737524E-07 -0.237652E-05
  0.114900E+03  0.374546E-05  0.192047E-06 -0.251141E-05
  0.115200E+03  0.341014E-05  0.458547E-06 -0.264847E-05
  0.115500E+03  0.304132E-05  0.723218E-06 -0.278711E-05
  0.115800E+03  0.264191E-05  0.983548E-06 -0.292665E-05
  0.116100E+03  0.221524E-05  0.123708E-05 -0.306626E-05
  0.116400E+03  0.176504E-05  0.148143E-05 -0.320482E-05
  0.116700E+03  0.129552E-05  0.171432E-05 -0.334100E-05
  0.117000E+03  0.811287E-06  0.193355E-05 -0.347316E-05
  0.117300E+03  0.317312E-06  0.213704E-05 -0.359941E-05
  0.117600E+03 -0.181174E-06  0.232288E-05 -0.371769E-05
  0.117900E+03 -0.678849E-06  0.248933E-05 -0.382590E-05
  0.118200E+03 -0.117049E-05  0.263489E-05 -0.392196E-05
  0.118500E+03 -0.165117E-05  0.275836E-05 -0.400396E-05
  0.118800E+03 -0.211646E-05  0.285886E-05 -0.407023E-05
  0.119100E+03 -0.256248E-05  0.293582E-05 -0.411937E-05
  0.119400E+03 -0.298596E-05  0.298902E-05 -0.415023E-05
  0.119700E+03 -0.338412E-05  0.301859E-05 -0.416193E-05
  0.120000E+03 -0.375458E-05  0.302494E-05 -0.415378E-05
  0.120300E+03 -0.409526E-05  0.300878E-05 -0.412521E-05
  0.120600E+03 -0.440428E-05  0.297106E-05 -0.407568E-05
  0.120900E+03 -0.467992E-05  0.291291E-05 -0.400472E-05
  0.121200E+03 -0.492061E-05  0.283564E-05 -0.391188E-05
  0.121500E+03 -0.512496E-05  0.274072E-05 -0.379682E-05
  0.121800E+03 -0.529187E-05  0.262975E-05 -0.365941E-05
  0.122100E+03 -0.542055E-05  0.250441E-05 -0.349981E-05
  0.122400E+03 -0.551053E-05  0.236647E-05 -0.331855E-05
  0.122700E+03 -0.556161E-05  0.221767E-05 -0.311653E-05
  0.123000E+03 -0.557385E-05  0.205979E-05 -0.289508E-05
  0.123300E+03 -0.554760E-05  0.189455E-05 -0.265592E-05
  0.123600E+03 -0.548356E-05  0.172362E-05 -0.240105E-05
  0.123900E+03 -0.538281E-05  0.154856E-05 -0.213270E-05
  0.124200E+03 -0.524682E-05  0.137085E-05 -0.185328E-05
  0.124500E+03 -0.507745E-05  0.119181E-05 -0.156528E-05
  0.124800E+03 -0.487699E-05  0.101266E-05 -0.127127E-05
  0.125100E+03 -0.464803E-05  0.834528E-06 -0.973766E-06
  0.125400E+03 -0.439343E-05  0.658412E-06 -0.675224E-06
  0.125700E+03 -0.411622E-05  0.485242E-06 -0.377938E-06
  0.126000E+03 -0.381952E-05  0.315869E-06 -0.840112E-07
  0.126300E+03 -0.350650E-05  0.151073E-06  0.204661E-06
  0.126600E+03 -0.318035E-05 -0.844376E-08  0.486370E-06
  0.126900E+03 -0.284428E-05 -0.162041E-06  0.759550E-06
  0.127200E+03 -0.250154E-05 -0.309128E-06  0.102274E-05
  0.127500E+03 -0.215539E-05 -0.449151E-06  0.127460E-05
  0.127800E+03 -0.180908E-05 -0.581589E-06  0.151396E-05
  0.128100E+03 -0.146570E-05 -0.705945E-06  0.173984E-05
  0.128400E+03 -0.112808E-05 -0.821752E-06  0.195148E-05
  0.128700E+03 -0.798738E-06 -0.928571E-06  0.214821E-05
  0.129000E+03 -0.479918E-06 -0.102601E-05  0.232944E-05
  0.129300E+03 -0.173644E-06 -0.111375E-05  0.249459E-05
  0.129600E+03  0.118201E-06 -0.119152E-05  0.264311E-05
  0.129900E+03  0.393841E-06 -0.125915E-05  0.277452E-05
  0.130200E+03  0.651615E-06 -0.131654E-05  0.288842E-05
  0.130500E+03  0.890018E-06 -0.136368E-05  0.298459E-05
  0.130800E+03  0.110775E-05 -0.140068E-05  0.306299E-05
  0.131100E+03  0.130378E-05 -0.142777E-05  0.312394E-05
  0.131400E+03  0.147742E-05 -0.144524E-05  0.316814E-05
  0.131700E+03  0.162842E-05 -0.145347E-05  0.319663E-05
  0.132000E+03  0.175699E-05 -0.145292E-05  0.321075E-05
  0.132300E+03  0.186379E-05 -0.144408E-05  0.321198E-05
  0.132600E+03  0.194983E-05 -0.142754E-05  0.320182E-05
  0.132900E+03  0.201639E-05 -0.140393E-05  0.318159E-05
  0.133200E+03  0.206490E-05 -0.137389E-05  0.315244E-05
  0.133500E+03  0.209689E-05 -0.133809E-05  0.311520E-05
  0.133800E+03  0.211397E-05 -0.129723E-05  0.307043E-05
  0.134100E+03  0.211777E-05 -0.125202E-05  0.301851E-05
  0.134400E+03  0.210987E-05 -0.120314E-05  0.295973E-05
  0.134700E+03  0.209181E-05 -0.115129E-05  0.289442E-05
  0.135000E+03  0.206505E-05 -0.109712E-05  0.282304E-05
  0.135300E+03  0.203100E-05 -0.104127E-05  0.274623E-05
  0.135600E+03  0.199105E-05 -0.984352E-06  0.266475E-05
  0.135900E+03  0.194656E-05 -0.926974E-06  0.257950E-05
  0.136200E+03  0.189883E-05 -0.869675E-06  0.249135E-05
  0.136500E+03  0.184909E-05 -0.812940E-06  0.240115E-05
  0.136800E+03  0.179846E-05 -0.757185E-06  0.230960E-05
  0.137100E+03  0.174785E-05 -0.702773E-06  0.221720E-05
  0.137400E+03  0.169807E-05 -0.650023E-06  0.212422E-05
  0.137700E+03  0.164969E-05 -0.599216E-06  0.203071E-05
  0.138000E+03  0.160316E-05 -0.550582E-06  0.193649E-05
  0.138300E+03  0.155875E-05 -0.504278E-06  0.184122E-05
  0.138600E+03  0.151667E-05 -0.460366E-06  0.174442E-05
  0.138900E+03  0.147702E-05 -0.418810E-06  0.164557E-05
  0.139200E+03  0.143985E-05 -0.379487E-06  0.154414E-05
  0.139500E+03  0.140517E-05 -0.342202E-06  0.143974E-05
  0.139800E+03  0.137287E-05 -0.306698E-06  0.133212E-05
  0.140100E+03  0.134277E-05 -0.272668E-06  0.122126E-05
  0.140400E+03  0.131465E-05 -0.239771E-06  0.110732E-05
  0.140700E+03  0.128816E-05 -0.207656E-06  0.990627E-06
  0.141000E+03  0.126294E-05 -0.175991E-06  0.871602E-06
  0.141300E+03  0.123850E-05 -0.144496E-06  0.750735E-06
  0.141600E+03  0.121430E-05 -0.112958E-06  0.628527E-06
  0.141900E+03  0.118977E-05 -0.812261E-07  0.505482E-06
  0.142200E+03  0.116440E-05 -0.492070E-07  0.382084E-06
  0.142500E+03  0.113780E-05 -0.168597E-07  0.258764E-06
  0.142800E+03  0.110975E-05  0.157970E-07  0.135848E-06
  0.143100E+03  0.108015E-05  0.486834E-07  0.134852E-07
  0.143400E+03  0.104903E-05  0.816708E-07 -0.108388E-06
  0.143700E+03  0.101644E-05  0.114611E-06 -0.230050E-06
  0.144000E+03  0.982410E-06  0.147375E-06 -0.351931E-06
  0.144300E+03  0.946881E-06  0.179887E-06 -0.474524E-06
  0.144600E+03  0.909686E-06  0.212135E-06 -0.598276E-06
  0.144900E+03  0.870523E-06  0.244145E-06 -0.723508E-06
  0.145200E+03  0.828955E-06  0.275962E-06 -0.850351E-06
  0.145500E+03  0.784424E-06  0.307617E-06 -0.978708E-06
  0.145800E+03  0.736293E-06  0.339125E-06 -0.110824E-05
  0.146100E+03  0.683912E-06  0.370486E-06 -0.123838E-05
  0.146400E+03  0.626695E-06  0.401681E-06 -0.136836E-05
  0.146700E+03  0.564179E-06  0.432669E-06 -0.149731E-05
  0.147000E+03  0.496047E-06  0.463372E-06 -0.162433E-05
  0.147300E+03  0.422105E-06  0.493659E-06 -0.174862E-05
  0.147600E+03  0.342251E-06  0.523336E-06 -0.186948E-05
  0.147900E+03  0.256472E-06  0.552136E-06 -0.198636E-05
  0.148200E+03  0.164871E-06  0.579728E-06 -0.209879E-05
  0.148500E+03  0.676916E-07  0.605746E-06 -0.220637E-05
  0.148800E+03 -0.346670E-07  0.629830E-06 -0.230867E-05
  0.149100E+03 -0.141656E-06  0.651666E-06 -0.240519E-05
  0.149400E+03 -0.252562E-06  0.671007E-06 -0.249532E-05
  0.149700E+03 -0.366474E-06  0.687674E-06 -0.257831E-05
  0.150000E+03 -0.482272E-06  0.701539E-06 -0.265332E-05
  0.150300E+03 -0.598646E-06  0.712502E-06 -0.271952E-05
  0.150600E+03 -0.714166E-06  0.720466E-06 -0.277620E-05
  0.150900E+03 -0.827362E-06  0.725319E-06 -0.282287E-05
  0.151200E+03 -0.936807E-06  0.726938E-06 -0.285930E-05
  0.151500E+03 -0.104119E-05  0.725207E-06 -0.288549E-05
  0.151800E+03 -0.113939E-05  0.720041E-06 -0.290159E-05
  0.152100E+03 -0.123045E-05  0.711412E-06 -0.290785E-05
  0.152400E+03 -0.131368E-05  0.699343E-06 -0.290448E-05
  0.152700E+03 -0.138861E-05  0.683892E-06 -0.289160E-05
  0.153000E+03 -0.145495E-05  0.665132E-06 -0.286913E-05
  0.153300E+03 -0.151258E-05  0.643131E-06 -0.283678E-05
  0.153600E+03 -0.156146E-05  0.617943E-06 -0.279409E-05
  0.153900E+03 -0.160157E-05  0.589609E-06 -0.274037E-05
  0.154200E+03 -0.163283E-05  0.558174E-06 -0.267484E-05
  0.154500E+03 -0.165500E-05  0.523703E-06 -0.259660E-05
  0.154800E+03 -0.166771E-05  0.486287E-06 -0.250479E-05
  0.155100E+03 -0.167040E-05  0.446067E-06 -0.239869E-05
  0.155400E+03 -0.166241E-05  0.403243E-06 -0.227784E-05
  0.155700E+03 -0.164304E-05  0.358082E-06 -0.214209E-05
  0.156000E+03 -0.161164E-05  0.310899E-06 -0.199168E-05
  0.156300E+03 -0.156777E-05  0.262026E-06 -0.182717E-05
  0.156600E+03 -0.151131E-05  0.211768E-06 -0.164940E-05
  0.156900E+03 -0.144253E-05  0.160375E-06 -0.145939E-05
  0.157200E+03 -0.136214E-05  0.108022E-06 -0.125827E-05
  0.157500E+03 -0.127126E-05  0.548097E-07 -0.104727E-05
  0.157800E+03 -0.117135E-05  0.782901E-09 -0.827629E-06
  0.158100E+03 -0.106417E-05 -0.540275E-07 -0.600588E-06
  0.158400E+03 -0.951655E-06 -0.109556E-06 -0.367406E-06
  0.158700E+03 -0.835887E-06 -0.165651E-06 -0.129363E-06
  0.159000E+03 -0.718951E-06 -0.222026E-06  0.112197E-06
  0.159300E+03 -0.602888E-06 -0.278231E-06  0.355827E-06
  0.159600E+03 -0.489659E-06 -0.333639E-06  0.599952E-06
  0.159900E+03 -0.381104E-06 -0.387477E-06  0.842872E-06
  0.160200E+03 -0.278891E-06 -0.438899E-06  0.108279E-05
  0.160500E+03 -0.184467E-06 -0.487057E-06  0.131783E-05
  0.160800E+03 -0.990054E-07 -0.531182E-06  0.154612E-05
  0.161100E+03 -0.233696E-07 -0.570639E-06  0.176586E-05
  0.161400E+03  0.419219E-07 -0.604968E-06  0.197538E-05
  0.161700E+03  0.967381E-07 -0.633903E-06  0.217322E-05
  0.162000E+03  0.141351E-06 -0.657364E-06  0.235816E-05
  0.162300E+03  0.176398E-06 -0.675429E-06  0.252926E-05
  0.162600E+03  0.202785E-06 -0.688278E-06  0.268572E-05
  0.162900E+03  0.221569E-06 -0.696148E-06  0.282689E-05
  0.163200E+03  0.233828E-06 -0.699275E-06  0.295212E-05
  0.163500E+03  0.240532E-06 -0.697858E-06  0.306072E-05
  0.163800E+03  0.242448E-06 -0.692035E-06  0.315196E-05
  0.164100E+03  0.240110E-06 -0.681888E-06  0.322506E-05
  0.164400E+03  0.233865E-06 -0.667475E-06  0.327926E-05
  0.164700E+03  0.223981E-06 -0.648865E-06  0.331390E-05
  0.165000E+03  0.210759E-06 -0.626160E-06  0.332848E-05
  0.165300E+03  0.194637E-06 -0.599508E-06  0.332276E-05
  0.165600E+03  0.176247E-06 -0.569097E-06  0.329677E-05
  0.165900E+03  0.156442E-06 -0.535150E-06  0.325086E-05
  0.166200E+03  0.136293E-06 -0.497914E-06  0.318567E-05
  0.166500E+03  0.117052E-06 -0.457639E-06  0.310209E-05
  0.166800E+03  0.100087E-06 -0.414566E-06  0.300122E-05
  0.167100E+03  0.868141E-07 -0.368921E-06  0.288425E-05
  0.167400E+03  0.786325E-07 -0.320915E-06  0.275238E-05
  0.167700E+03  0.768691E-07 -0.270768E-06  0.260683E-05
  0.168000E+03  0.827178E-07 -0.218723E-06  0.244878E-05
  0.168300E+03  0.971808E-07 -0.165064E-06  0.227939E-05
  0.168600E+03  0.121029E-06 -0.110130E-06  0.209981E-05
  0.168900E+03  0.154770E-06 -0.543056E-07  0.191122E-05
  0.169200E+03  0.198607E-06  0.197447E-08  0.171482E-05
  0.169500E+03  0.252377E-06  0.582377E-07  0.151186E-05
  0.169800E+03  0.315502E-06  0.113982E-06  0.130365E-05
  0.170100E+03  0.386978E-06  0.168689E-06  0.109156E-05
  0.170400E+03  0.465425E-06  0.221843E-06  0.877042E-06
  0.170700E+03  0.549176E-06  0.272944E-06  0.661557E-06
  0.171000E+03  0.636395E-06  0.321528E-06  0.446595E-06
  0.171300E+03  0.725196E-06  0.367164E-06  0.233638E-06
  0.171600E+03  0.813746E-06  0.409459E-06  0.241418E-07
  0.171900E+03  0.900342E-06  0.448051E-06 -0.180497E-06
  0.172200E+03  0.983467E-06  0.482602E-06 -0.378983E-06
  0.172500E+03  0.106181E-05  0.512795E-06 -0.570169E-06
  0.172800E+03  0.113423E-05  0.538321E-06 -0.753081E-06
  0.173100E+03  0.119974E-05  0.558873E-06 -0.926914E-06
  0.173400E+03  0.125747E-05  0.574149E-06 -0.109101E-05
  0.173700E+03  0.130660E-05  0.583867E-06 -0.124484E-05
  0.174000E+03  0.134642E-05  0.587806E-06 -0.138799E-05
  0.174300E+03  0.137622E-05  0.585840E-06 -0.152014E-05
  0.174600E+03  0.139531E-05  0.577955E-06 -0.164110E-05
  0.174900E+03  0.140297E-05  0.564252E-06 -0.175073E-05
  0.175200E+03  0.139844E-05  0.544925E-06 -0.184893E-05
  0.175500E+03  0.138094E-05  0.520250E-06 -0.193556E-05
  0.175800E+03  0.134974E-05  0.490566E-06 -0.201042E-05
  0.176100E+03  0.130427E-05  0.456256E-06 -0.207323E-05
  0.176400E+03  0.124411E-05  0.417731E-06 -0.212361E-05
  0.176700E+03  0.116914E-05  0.375408E-06 -0.216113E-05
  0.177000E+03  0.107949E-05  0.329714E-06 -0.218533E-05
  0.177300E+03  0.975520E-06  0.281090E-06 -0.219578E-05
  0.177600E+03  0.857875E-06  0.230023E-06 -0.219215E-05
  0.177900E+03  0.727403E-06  0.177055E-06 -0.217424E-05
  0.178200E+03  0.585164E-06  0.122798E-06 -0.214202E-05
  0.178500E+03  0.432403E-06  0.679210E-07 -0.209565E-05
  0.178800E+03  0.270520E-06  0.131332E-07 -0.203549E-05
  0.179100E+03  0.101049E-06 -0.408453E-07 -0.196213E-05
  0.179400E+03 -0.743622E-07 -0.933225E-07 -0.187634E-05
  0.179700E+03 -0.253965E-06 -0.143677E-06 -0.177904E-05
  0.180000E+03 -0.435920E-06 -0.191396E-06 -0.167129E-05
  0.180300E+03 -0.618284E-06 -0.236099E-06 -0.155426E-05
  0.180600E+03 -0.799001E-06 -0.277551E-06 -0.142914E-05
  0.180900E+03 -0.975897E-06 -0.315656E-06 -0.129721E-05
  0.181200E+03 -0.114672E-05 -0.350437E-06 -0.115980E-05
  0.181500E+03 -0.130914E-05 -0.382010E-06 -0.101831E-05
  0.181800E+03 -0.146085E-05 -0.410553E-06 -0.874262E-06
  0.182100E+03 -0.159949E-05 -0.436263E-06 -0.729276E-06
  0.182400E+03 -0.172282E-05 -0.459326E-06 -0.585053E-06
  0.182700E+03 -0.182869E-05 -0.479868E-06 -0.443314E-06
  0.183000E+03 -0.191517E-05 -0.497939E-06 -0.305727E-06
  0.183300E+03 -0.198061E-05 -0.513505E-06 -0.173845E-06
  0.183600E+03 -0.202364E-05 -0.526452E-06 -0.490538E-07
  0.183900E+03 -0.204324E-05 -0.536596E-06  0.674614E-07
  0.184200E+03 -0.203872E-05 -0.543696E-06  0.174744E-06
  0.184500E+03 -0.200975E-05 -0.547491E-06  0.272087E-06
  0.184800E+03 -0.195633E-05 -0.547728E-06  0.359043E-06
  0.185100E+03 -0.187877E-05 -0.544194E-06  0.435431E-06
  0.185400E+03 -0.177772E-05 -0.536715E-06  0.501309E-06
  0.185700E+03 -0.165412E-05 -0.525151E-06  0.556941E-06
  0.186000E+03 -0.150923E-05 -0.509384E-06  0.602740E-06
  0.186300E+03 -0.134461E-05 -0.489314E-06  0.639218E-06
  0.186600E+03 -0.116209E-05 -0.464846E-06  0.666944E-06
  0.186900E+03 -0.963811E-06 -0.435890E-06  0.686512E-06
  0.187200E+03 -0.752144E-06 -0.402358E-06  0.698534E-06
  0.187500E+03 -0.529703E-06 -0.364168E-06  0.703632E-06
  0.187800E+03 -0.299275E-06 -0.321269E-06  0.702427E-06
  0.188100E+03 -0.637696E-07 -0.273653E-06  0.695510E-06
  0.188400E+03  0.173843E-06 -0.221382E-06  0.683405E-06
  0.188700E+03  0.410588E-06 -0.164602E-06  0.666546E-06
  0.189000E+03  0.643536E-06 -0.103556E-06  0.645265E-06
  0.189300E+03  0.869829E-06 -0.385934E-07  0.619795E-06
  0.189600E+03  0.108668E-05  0.298220E-07  0.590293E-06
  0.189900E+03  0.129137E-05  0.101104E-06  0.556893E-06
  0.190200E+03  0.148127E-05  0.174547E-06  0.519784E-06
  0.190500E+03  0.165390E-05  0.249333E-06  0.479278E-06
  0.190800E+03  0.180693E-05  0.324560E-06  0.435864E-06
  0.191100E+03  0.193832E-05  0.399265E-06  0.390204E-06
  0.191400E+03  0.204633E-05  0.472458E-06  0.343101E-06
  0.191700E+03  0.212954E-05  0.543144E-06  0.295428E-06
  0.192000E+03  0.218691E-05  0.610353E-06  0.248067E-06
  0.192300E+03  0.221777E-05  0.673156E-06  0.201857E-06
  0.192600E+03  0.222181E-05  0.730681E-06  0.157565E-06
  0.192900E+03  0.219909E-05  0.782120E-06  0.115867E-06
  0.193200E+03  0.215000E-05  0.826729E-06  0.773242E-07
  0.193500E+03  0.207523E-05  0.863829E-06  0.423672E-07
  0.193800E+03  0.197573E-05  0.892816E-06  0.112875E-07
  0.194100E+03  0.185273E-05  0.913169E-06 -0.157416E-07
  0.194400E+03  0.170767E-05  0.924467E-06 -0.386228E-07
  0.194700E+03  0.154219E-05  0.926407E-06 -0.572780E-07
  0.195000E+03  0.135816E-05  0.918825E-06 -0.715893E-07
  0.195300E+03  0.115765E-05  0.901711E-06 -0.813535E-07
  0.195600E+03  0.942983E-06  0.875206E-06 -0.862640E-07
  0.195900E+03  0.716664E-06  0.839595E-06 -0.859241E-07
  0.196200E+03  0.481392E-06  0.795289E-06 -0.798905E-07
  0.196500E+03  0.239983E-06  0.742801E-06 -0.677412E-07
  0.196800E+03 -0.471141E-08  0.682722E-06 -0.491656E-07
  0.197100E+03 -0.249879E-06  0.615698E-06 -0.240654E-07
  0.197400E+03 -0.492807E-06  0.542409E-06  0.735848E-08
  0.197700E+03 -0.730915E-06  0.463568E-06  0.445615E-07
  0.198000E+03 -0.961757E-06  0.379921E-06  0.866739E-07
  0.198300E+03 -0.118299E-05  0.292250E-06  0.132582E-06
  0.198600E+03 -0.139233E-05  0.201385E-06  0.181050E-06
  0.198900E+03 -0.158749E-05  0.108200E-06  0.230854E-06
  0.199200E+03 -0.176617E-05  0.136090E-07  0.280894E-06
  0.199500E+03 -0.192610E-05 -0.814463E-07  0.330261E-06
  0.199800E+03 -0.206504E-05 -0.176008E-06  0.378260E-06
  0.200100E+03 -0.218092E-05 -0.269117E-06  0.424367E-06
  0.200400E+03 -0.227196E-05 -0.359831E-06  0.468168E-06
  0.200700E+03 -0.233680E-05 -0.447237E-06  0.509272E-06
  0.201000E+03 -0.237463E-05 -0.530467E-06  0.547238E-06
  0.201300E+03 -0.238524E-05 -0.608707E-06  0.581528E-06
  0.201600E+03 -0.236899E-05 -0.681209E-06  0.611490E-06
  0.201900E+03 -0.232679E-05 -0.747292E-06  0.636386E-06
  0.202200E+03 -0.225994E-05 -0.806339E-06  0.655451E-06
  0.202500E+03 -0.217000E-05 -0.857785E-06  0.667968E-06
  0.202800E+03 -0.205878E-05 -0.901109E-06  0.673337E-06
  0.203100E+03 -0.192820E-05 -0.935830E-06  0.671124E-06
  0.203400E+03 -0.178030E-05 -0.961523E-06  0.661077E-06
  0.203700E+03 -0.161725E-05 -0.977834E-06  0.643111E-06
  0.204000E+03 -0.144131E-05 -0.984498E-06  0.617280E-06
  0.204300E+03 -0.125484E-05 -0.981356E-06  0.583747E-06
  0.204600E+03 -0.106029E-05 -0.968372E-06  0.542768E-06
  0.204900E+03 -0.860121E-06 -0.945637E-06  0.494701E-06
  0.205200E+03 -0.656788E-06 -0.913381E-06  0.440029E-06
  0.205500E+03 -0.452629E-06 -0.871962E-06  0.379402E-06
  0.205800E+03 -0.249835E-06 -0.821858E-06  0.313661E-06
  0.206100E+03 -0.504061E-07 -0.763652E-06  0.243835E-06
  0.206400E+03  0.143844E-06 -0.698015E-06  0.171101E-06
  0.206700E+03  0.331262E-06 -0.625695E-06  0.967066E-07
  0.207000E+03  0.510312E-06 -0.547519E-06  0.218923E-07
  0.207300E+03  0.679539E-06 -0.464388E-06 -0.521809E-07
  0.207600E+03  0.837548E-06 -0.377275E-06 -0.124484E-06
  0.207900E+03  0.983007E-06 -0.287219E-06 -0.194148E-06
  0.208200E+03  0.111469E-05 -0.195307E-06 -0.260472E-06
  0.208500E+03  0.123154E-05 -0.102659E-06 -0.322904E-06
  0.208800E+03  0.133278E-05 -0.104091E-07 -0.381011E-06
  0.209100E+03  0.141793E-05  0.803181E-07 -0.434457E-06
  0.209400E+03  0.148693E-05  0.168436E-06 -0.482984E-06
  0.209700E+03  0.154002E-05  0.252920E-06 -0.526404E-06
  0.210000E+03  0.157780E-05  0.332818E-06 -0.564598E-06
  0.210300E+03  0.160105E-05  0.407265E-06 -0.597515E-06
  0.210600E+03  0.161075E-05  0.475478E-06 -0.625172E-06
  0.210900E+03  0.160789E-05  0.536763E-06 -0.647639E-06
  0.211200E+03  0.159347E-05  0.590512E-06 -0.665023E-06
  0.211500E+03  0.156839E-05  0.636212E-06 -0.677436E-06
  0.211800E+03  0.153348E-05  0.673454E-06 -0.684966E-06
  0.212100E+03  0.148944E-05  0.701952E-06 -0.687662E-06
  0.212400E+03  0.143693E-05  0.721559E-06 -0.685523E-06
  0.212700E+03  0.137656E-05  0.732271E-06 -0.678498E-06
  0.213000E+03  0.130900E-05  0.734230E-06 -0.666510E-06
  0.213300E+03  0.123502E-05  0.727712E-06 -0.649485E-06
  0.213600E+03  0.115555E-05  0.713100E-06 -0.627402E-06
  0.213900E+03  0.107164E-05  0.690858E-06 -0.600347E-06
  0.214200E+03  0.984534E-06  0.661499E-06 -0.568558E-06
  0.214500E+03  0.895503E-06  0.625555E-06 -0.532447E-06
  0.214800E+03  0.805832E-06  0.583566E-06 -0.492607E-06
  0.215100E+03  0.716721E-06  0.536069E-06 -0.449762E-06
  0.215400E+03  0.629231E-06  0.483600E-06 -0.404718E-06
  0.215700E+03  0.544267E-06  0.426696E-06 -0.358298E-06
  0.216000E+03  0.462581E-06  0.365910E-06 -0.311296E-06
  0.216300E+03  0.384787E-06  0.301820E-06 -0.264448E-06
  0.216600E+03  0.311382E-06  0.235044E-06 -0.218418E-06
  0.216900E+03  0.242752E-06  0.166248E-06 -0.173794E-06
  0.217200E+03  0.179173E-06  0.961439E-07 -0.131100E-06
  0.217500E+03  0.120816E-06  0.254910E-07 -0.908177E-07
  0.217800E+03  0.677354E-07 -0.449162E-07 -0.533980E-07
  0.218100E+03  0.198684E-07 -0.114261E-06 -0.192669E-07
  0.218400E+03 -0.229652E-07 -0.181722E-06  0.111890E-07
  0.218700E+03 -0.610505E-07 -0.246502E-06  0.376455E-07
  0.219000E+03 -0.947612E-07 -0.307840E-06  0.598619E-07
  0.219300E+03 -0.124541E-06 -0.365028E-06  0.776949E-07
  0.219600E+03 -0.150885E-06 -0.417422E-06  0.911064E-07
  0.219900E+03 -0.174320E-06 -0.464443E-06  0.100165E-06
  0.220200E+03 -0.195391E-06 -0.505583E-06  0.105041E-06
  0.220500E+03 -0.214636E-06 -0.540407E-06  0.106005E-06
  0.220800E+03 -0.232571E-06 -0.568553E-06  0.103421E-06
  0.221100E+03 -0.249679E-06 -0.589735E-06  0.977449E-07
  0.221400E+03 -0.266399E-06 -0.603743E-06  0.895228E-07
  0.221700E+03 -0.283123E-06 -0.610445E-06  0.793726E-07
  0.222000E+03 -0.300184E-06 -0.609794E-06  0.679634E-07
  0.222300E+03 -0.317856E-06 -0.601823E-06  0.559854E-07
  0.222600E+03 -0.336333E-06 -0.586646E-06  0.441112E-07
  0.222900E+03 -0.355719E-06 -0.564452E-06  0.329566E-07
  0.223200E+03 -0.376024E-06 -0.535491E-06  0.230488E-07
  0.223500E+03 -0.397162E-06 -0.500071E-06  0.148075E-07
  0.223800E+03 -0.418967E-06 -0.458553E-06  0.854243E-08
  0.224100E+03 -0.441213E-06 -0.411349E-06  0.446302E-08
  0.224400E+03 -0.463636E-06 -0.358925E-06  0.269149E-08
  0.224700E+03 -0.485969E-06 -0.301802E-06  0.327402E-08
  0.225000E+03 -0.507984E-06 -0.240548E-06  0.619056E-08
  0.225300E+03 -0.529526E-06 -0.175783E-06  0.113669E-07
  0.225600E+03 -0.550530E-06 -0.108180E-06  0.186906E-07
  0.225900E+03 -0.571018E-06 -0.384718E-07  0.280305E-07
  0.226200E+03 -0.591084E-06  0.325581E-07  0.392561E-07
  0.226500E+03 -0.610858E-06  0.104086E-06  0.522588E-07
  0.226800E+03 -0.630464E-06  0.175275E-06  0.669724E-07
  0.227100E+03 -0.649962E-06  0.245297E-06  0.833904E-07
  0.227400E+03 -0.669299E-06  0.313349E-06  0.101571E-06
  0.227700E+03 -0.688276E-06  0.378671E-06  0.121623E-06
  0.228000E+03 -0.706550E-06  0.440544E-06  0.143666E-06
  0.228300E+03 -0.723679E-06  0.498293E-06  0.167779E-06
  0.228600E+03 -0.739172E-06  0.551287E-06  0.193950E-06
  0.228900E+03 -0.752555E-06  0.598939E-06  0.222051E-06
  0.229200E+03 -0.763423E-06  0.640711E-06  0.251842E-06
  0.229500E+03 -0.771469E-06  0.676127E-06  0.282984E-06
  0.229800E+03 -0.776496E-06  0.704774E-06  0.315074E-06
  0.230100E+03 -0.778397E-06  0.726301E-06  0.347669E-06
  0.230400E+03 -0.777126E-06  0.740422E-06  0.380317E-06
  0.230700E+03 -0.772659E-06  0.746919E-06  0.412573E-06
  0.231000E+03 -0.764962E-06  0.745656E-06  0.444018E-06
  0.231300E+03 -0.753970E-06  0.736591E-06  0.474254E-06
  0.231600E+03 -0.739589E-06  0.719795E-06  0.502891E-06
  0.231900E+03 -0.721700E-06  0.695460E-06  0.529533E-06
  0.232200E+03 -0.700169E-06  0.663907E-06  0.553772E-06
  0.232500E+03 -0.674843E-06  0.625571E-06  0.575189E-06
  0.232800E+03 -0.645546E-06  0.580992E-06  0.593359E-06
  0.233100E+03 -0.612070E-06  0.530795E-06  0.607853E-06
  0.233400E+03 -0.574171E-06  0.475674E-06  0.618232E-06
  0.233700E+03 -0.531580E-06  0.416375E-06  0.624045E-06
  0.234000E+03 -0.484024E-06  0.353673E-06  0.624823E-06
  0.234300E+03 -0.431258E-06  0.288353E-06  0.620087E-06
  0.234600E+03 -0.373110E-06  0.221190E-06  0.609361E-06
  0.234900E+03 -0.309533E-06  0.152933E-06  0.592194E-06
  0.235200E+03 -0.240646E-06  0.842892E-07  0.568192E-06
  0.235500E+03 -0.166764E-06  0.159118E-07  0.537047E-06
  0.235800E+03 -0.884090E-07 -0.516056E-07  0.498568E-06
  0.236100E+03 -0.631248E-08 -0.117728E-06  0.452718E-06
  0.236400E+03  0.785883E-07 -0.181970E-06  0.399638E-06
  0.236700E+03  0.165178E-06 -0.243876E-06  0.339667E-06
  0.237000E+03  0.252213E-06 -0.303003E-06  0.273345E-06
  0.237300E+03  0.338394E-06 -0.358897E-06  0.201401E-06
  0.237600E+03  0.422451E-06 -0.411085E-06  0.124724E-06
  0.237900E+03  0.503217E-06 -0.459064E-06  0.443246E-07
  0.238200E+03  0.579687E-06 -0.502310E-06 -0.387214E-07
  0.238500E+03  0.651044E-06 -0.540299E-06 -0.123338E-06
  0.238800E+03  0.716681E-06 -0.572530E-06 -0.208515E-06
  0.239100E+03  0.776184E-06 -0.598567E-06 -0.293355E-06
  0.239400E+03  0.829310E-06 -0.618069E-06 -0.377085E-06
  0.239700E+03  0.875942E-06 -0.630831E-06 -0.459043E-06
  0.240000E+03  0.916038E-06 -0.636803E-06 -0.538645E-06
  0.240300E+03  0.949603E-06 -0.636101E-06 -0.615333E-06
  0.240600E+03  0.976674E-06 -0.628994E-06 -0.688535E-06
  0.240900E+03  0.997330E-06 -0.615882E-06 -0.757621E-06
  0.241200E+03  0.101171E-05 -0.597262E-06 -0.821882E-06
  0.241500E+03  0.102003E-05 -0.573686E-06 -0.880527E-06
  0.241800E+03  0.102257E-05 -0.545728E-06 -0.932713E-06
  0.242100E+03  0.101966E-05 -0.513957E-06 -0.977582E-06
  0.242400E+03  0.101166E-05 -0.478924E-06 -0.101433E-05
  0.242700E+03  0.998875E-06 -0.441161E-06 -0.104224E-05
  0.243000E+03  0.981550E-06 -0.401192E-06 -0.106079E-05
  0.243300E+03  0.959849E-06 -0.359534E-06 -0.106962E-05
  0.243600E+03  0.933842E-06 -0.316709E-06 -0.106860E-05
  0.243900E+03  0.903528E-06 -0.273238E-06 -0.105783E-05
  0.244200E+03  0.868874E-06 -0.229635E-06 -0.103755E-05
  0.244500E+03  0.829858E-06 -0.186406E-06 -0.100815E-05
  0.244800E+03  0.786510E-06 -0.144036E-06 -0.970045E-06
  0.245100E+03  0.738940E-06 -0.102977E-06 -0.923676E-06
  0.245400E+03  0.687337E-06 -0.636375E-07 -0.869415E-06
  0.245700E+03  0.631960E-06 -0.263724E-07 -0.807578E-06
  0.246000E+03  0.573108E-06  0.852398E-08 -0.738438E-06
  0.246300E+03  0.511101E-06  0.408177E-07 -0.662266E-06
  0.246600E+03  0.446246E-06  0.703333E-07 -0.579385E-06
  0.246900E+03  0.378833E-06  0.969485E-07 -0.490221E-06
  0.247200E+03  0.309138E-06  0.120587E-06 -0.395349E-06
  0.247500E+03  0.237448E-06  0.141208E-06 -0.295527E-06
  0.247800E+03  0.164084E-06  0.158798E-06 -0.191704E-06
  0.248100E+03  0.894449E-07  0.173360E-06 -0.850033E-07
  0.248400E+03  0.140326E-07  0.184917E-06  0.233101E-07
  0.248700E+03 -0.615323E-07  0.193511E-06  0.131879E-06
  0.249000E+03 -0.136518E-06  0.199220E-06  0.239315E-06
  0.249300E+03 -0.210113E-06  0.202165E-06  0.344257E-06
  0.249600E+03 -0.281479E-06  0.202515E-06  0.445426E-06
  0.249900E+03 -0.349815E-06  0.200493E-06  0.541662E-06
  0.250200E+03 -0.414413E-06  0.196372E-06  0.631941E-06
  0.250500E+03 -0.474694E-06  0.190458E-06  0.715377E-06
  0.250800E+03 -0.530214E-06  0.183076E-06  0.791224E-06
  0.251100E+03 -0.580641E-06  0.174554E-06  0.858860E-06
  0.251400E+03 -0.625731E-06  0.165206E-06  0.917782E-06
  0.251700E+03 -0.665293E-06  0.155329E-06  0.967593E-06
  0.252000E+03 -0.699149E-06  0.145192E-06  0.100798E-05
  0.252300E+03 -0.727109E-06  0.135028E-06  0.103872E-05
  0.252600E+03 -0.748946E-06  0.125021E-06  0.105963E-05
  0.252900E+03 -0.764398E-06  0.115301E-06  0.107061E-05
  0.253200E+03 -0.773183E-06  0.105934E-06  0.107164E-05
  0.253500E+03 -0.775040E-06  0.969317E-07  0.106276E-05
  0.253800E+03 -0.769767E-06  0.882518E-07  0.104416E-05
  0.254100E+03 -0.757257E-06  0.798140E-07  0.101611E-05
  0.254400E+03 -0.737522E-06  0.715120E-07  0.979011E-06
  0.254700E+03 -0.710691E-06  0.632275E-07  0.933355E-06
  0.255000E+03 -0.677010E-06  0.548446E-07  0.879758E-06
  0.255300E+03 -0.636816E-06  0.462615E-07  0.818930E-06
  0.255600E+03 -0.590523E-06  0.374008E-07  0.751667E-06
  0.255900E+03 -0.538606E-06  0.282171E-07  0.678825E-06
  0.256200E+03 -0.481595E-06  0.186998E-07  0.601307E-06
  0.256500E+03 -0.420079E-06  0.887331E-08  0.520037E-06
  0.256800E+03 -0.354719E-06 -0.120767E-08  0.435952E-06
  0.257100E+03 -0.286259E-06 -0.114649E-07  0.349986E-06
  0.257400E+03 -0.215537E-06 -0.218045E-07  0.263059E-06
  0.257700E+03 -0.143494E-06 -0.321237E-07  0.176062E-06
  0.258000E+03 -0.711745E-07 -0.423156E-07  0.898477E-07
  0.258300E+03  0.277637E-09 -0.522724E-07  0.522026E-08
  0.258600E+03  0.696355E-07 -0.618846E-07 -0.770680E-07
  0.258900E+03  0.135620E-06 -0.710383E-07 -0.156315E-06
  0.259200E+03  0.196947E-06 -0.796091E-07 -0.231868E-06
  0.259500E+03  0.252386E-06 -0.874563E-07 -0.303127E-06
  0.259800E+03  0.300820E-06 -0.944167E-07 -0.369555E-06
  0.260100E+03  0.341293E-06 -0.100301E-06 -0.430699E-06
  0.260400E+03  0.373035E-06 -0.104896E-06 -0.486205E-06
  0.260700E+03  0.395466E-06 -0.107968E-06 -0.535838E-06
  0.261000E+03  0.408195E-06 -0.109280E-06 -0.579490E-06
  0.261300E+03  0.411014E-06 -0.108610E-06 -0.617186E-06
  0.261600E+03  0.403890E-06 -0.105774E-06 -0.649070E-06
  0.261900E+03  0.386961E-06 -0.100649E-06 -0.675390E-06
  0.262200E+03  0.360519E-06 -0.931870E-07 -0.696462E-06
  0.262500E+03  0.325010E-06 -0.834131E-07 -0.712632E-06
  0.262800E+03  0.281025E-06 -0.714223E-07 -0.724221E-06
  0.263100E+03  0.229298E-06 -0.573674E-07 -0.731485E-06
  0.263400E+03  0.170711E-06 -0.414440E-07 -0.734590E-06
  0.263700E+03  0.106280E-06 -0.238743E-07 -0.733592E-06
  0.264000E+03  0.371352E-07 -0.489013E-08 -0.728448E-06
  0.264300E+03 -0.355139E-07  0.152795E-07 -0.719034E-06
  0.264600E+03 -0.110421E-06  0.364141E-07 -0.705181E-06
  0.264900E+03 -0.186342E-06  0.583013E-07 -0.686717E-06
  0.265200E+03 -0.262072E-06  0.807347E-07 -0.663500E-06
  0.265500E+03 -0.336457E-06  0.103514E-06 -0.635453E-06
  0.265800E+03 -0.408400E-06  0.126446E-06 -0.602581E-06
  0.266100E+03 -0.476841E-06  0.149349E-06 -0.564982E-06
  0.266400E+03 -0.540728E-06  0.172049E-06 -0.522847E-06
  0.266700E+03 -0.598999E-06  0.194376E-06 -0.476457E-06
  0.267000E+03 -0.650571E-06  0.216160E-06 -0.426170E-06
  0.267300E+03 -0.694373E-06  0.237227E-06 -0.372406E-06
  0.267600E+03 -0.729376E-06  0.257399E-06 -0.315628E-06
  0.267900E+03 -0.754647E-06  0.276497E-06 -0.256321E-06
  0.268200E+03 -0.769392E-06  0.294342E-06 -0.194969E-06
  0.268500E+03 -0.772988E-06  0.310760E-06 -0.132037E-06
  0.268800E+03 -0.765012E-06  0.325583E-06 -0.679564E-07
  0.269100E+03 -0.745247E-06  0.338652E-06 -0.311807E-08
  0.269400E+03 -0.713675E-06  0.349821E-06  0.621230E-07
  0.269700E+03 -0.670468E-06  0.358962E-06  0.127442E-06
  0.270000E+03 -0.615964E-06  0.365965E-06  0.192535E-06
  0.270300E+03 -0.550645E-06  0.370743E-06  0.257102E-06
  0.270600E+03 -0.475118E-06  0.373225E-06  0.320828E-06
  0.270900E+03 -0.390097E-06  0.373358E-06  0.383373E-06
  0.271200E+03 -0.296399E-06  0.371092E-06  0.444346E-06
  0.271500E+03 -0.194945E-06  0.366376E-06  0.503307E-06
  0.271800E+03 -0.867775E-07  0.359150E-06  0.559755E-06
  0.272100E+03  0.269308E-07  0.349343E-06  0.613141E-06
  0.272400E+03  0.144861E-06  0.336874E-06  0.662871E-06
  0.272700E+03  0.265551E-06  0.321657E-06  0.708324E-06
  0.273000E+03  0.387401E-06  0.303608E-06  0.748859E-06
  0.273300E+03  0.508705E-06  0.282654E-06  0.783833E-06
  0.273600E+03  0.627686E-06  0.258751E-06  0.812603E-06
  0.273900E+03  0.742533E-06  0.231896E-06  0.834537E-06
  0.274200E+03  0.851453E-06  0.202140E-06  0.849023E-06
  0.274500E+03  0.952716E-06  0.169603E-06  0.855493E-06
  0.274800E+03  0.104470E-05  0.134469E-06  0.853452E-06
  0.275100E+03  0.112594E-05  0.969868E-07  0.842514E-06
  0.275400E+03  0.119516E-05  0.574544E-07  0.822445E-06
  0.275700E+03  0.125136E-05  0.162015E-07  0.793191E-06
  0.276000E+03  0.129374E-05 -0.264262E-07  0.754899E-06
  0.276300E+03  0.132180E-05 -0.700785E-07  0.707909E-06
  0.276600E+03  0.133527E-05 -0.114406E-06  0.652732E-06
  0.276900E+03  0.133411E-05 -0.159053E-06  0.590005E-06
  0.277200E+03  0.131844E-05 -0.203653E-06  0.520448E-06
  0.277500E+03  0.128858E-05 -0.247809E-06  0.444824E-06
  0.277800E+03  0.124495E-05 -0.291095E-06  0.363913E-06
  0.278100E+03  0.118813E-05 -0.333052E-06  0.278504E-06
  0.278400E+03  0.111881E-05 -0.373201E-06  0.189395E-06
  0.278700E+03  0.103780E-05 -0.411063E-06  0.974106E-07
  0.279000E+03  0.946029E-06 -0.446172E-06  0.341795E-08
  0.279300E+03  0.844535E-06 -0.478104E-06 -0.916609E-07
  0.279600E+03  0.734413E-06 -0.506491E-06 -0.186849E-06
  0.279900E+03  0.616808E-06 -0.531034E-06 -0.281128E-06
  0.280200E+03  0.492883E-06 -0.551512E-06 -0.373454E-06
  0.280500E+03  0.363814E-06 -0.567779E-06 -0.462786E-06
  0.280800E+03  0.230791E-06 -0.579752E-06 -0.548100E-06
  0.281100E+03  0.950270E-07 -0.587399E-06 -0.628413E-06
  0.281400E+03 -0.422341E-07 -0.590718E-06 -0.702793E-06
  0.281700E+03 -0.179726E-06 -0.589728E-06 -0.770373E-06
  0.282000E+03 -0.316178E-06 -0.584468E-06 -0.830376E-06
  0.282300E+03 -0.450334E-06 -0.574999E-06 -0.882124E-06
  0.282600E+03 -0.580981E-06 -0.561419E-06 -0.925063E-06
  0.282900E+03 -0.706950E-06 -0.543871E-06 -0.958765E-06
  0.283200E+03 -0.827123E-06 -0.522550E-06 -0.982930E-06
  0.283500E+03 -0.940415E-06 -0.497703E-06 -0.997384E-06
  0.283800E+03 -0.104575E-05 -0.469625E-06 -0.100207E-05
  0.284100E+03 -0.114205E-05 -0.438650E-06 -0.997041E-06
  0.284400E+03 -0.122821E-05 -0.405129E-06 -0.982464E-06
  0.284700E+03 -0.130312E-05 -0.369416E-06 -0.958610E-06
  0.285000E+03 -0.136571E-05 -0.331852E-06 -0.925857E-06
  0.285300E+03 -0.141498E-05 -0.292748E-06 -0.884688E-06
  0.285600E+03 -0.145009E-05 -0.252389E-06 -0.835693E-06
  0.285900E+03 -0.147041E-05 -0.211036E-06 -0.779555E-06
  0.286200E+03 -0.147553E-05 -0.168943E-06 -0.717046E-06
  0.286500E+03 -0.146531E-05 -0.126372E-06 -0.649004E-06
  0.286800E+03 -0.143984E-05 -0.836004E-07 -0.576320E-06
  0.287100E+03 -0.139947E-05 -0.409304E-07 -0.499902E-06
  0.287400E+03 -0.134472E-05  0.131917E-08 -0.420656E-06
  0.287700E+03 -0.127634E-05  0.428201E-07 -0.339460E-06
  0.288000E+03 -0.119526E-05  0.832480E-07 -0.257143E-06
  0.288300E+03 -0.110258E-05  0.122294E-06 -0.174486E-06
  0.288600E+03 -0.999564E-06  0.159673E-06 -0.922247E-07
  0.288900E+03 -0.887620E-06  0.195123E-06 -0.110605E-07
  0.289200E+03 -0.768242E-06  0.228408E-06  0.683298E-07
  0.289500E+03 -0.642987E-06  0.259309E-06  0.145291E-06
  0.289800E+03 -0.513430E-06  0.287619E-06  0.219196E-06
  0.290100E+03 -0.381123E-06  0.313144E-06  0.289461E-06
  0.290400E+03 -0.247559E-06  0.335697E-06  0.355555E-06
  0.290700E+03 -0.114159E-06  0.355105E-06  0.417017E-06
  0.291000E+03  0.177396E-07  0.371219E-06  0.473459E-06
  0.291300E+03  0.146878E-06  0.383924E-06  0.524568E-06
  0.291600E+03  0.272073E-06  0.393148E-06  0.570107E-06
  0.291900E+03  0.392218E-06  0.398870E-06  0.609910E-06
  0.292200E+03  0.506298E-06  0.401121E-06  0.643869E-06
  0.292500E+03  0.613403E-06  0.399986E-06  0.671928E-06
  0.292800E+03  0.712745E-06  0.395600E-06  0.694067E-06
  0.293100E+03  0.803661E-06  0.388150E-06  0.710298E-06
  0.293400E+03  0.885622E-06  0.377863E-06  0.720665E-06
  0.293700E+03  0.958234E-06  0.364999E-06  0.725241E-06
  0.294000E+03  0.102125E-05  0.349841E-06  0.724142E-06
  0.294300E+03  0.107456E-05  0.332675E-06  0.717538E-06
  0.294600E+03  0.111822E-05  0.313781E-06  0.705660E-06
  0.294900E+03  0.115244E-05  0.293427E-06  0.688807E-06
  0.295200E+03  0.117753E-05  0.271869E-06  0.667349E-06
  0.295500E+03  0.119396E-05  0.249352E-06  0.641717E-06
  0.295800E+03  0.120224E-05  0.226112E-06  0.612400E-06
  0.296100E+03  0.120296E-05  0.202382E-06  0.579922E-06
  0.296400E+03  0.119669E-05  0.178388E-06  0.544834E-06
  0.296700E+03  0.118402E-05  0.154353E-06  0.507695E-06
  0.297000E+03  0.116541E-05  0.130488E-06  0.469052E-06
  0.297300E+03  0.114128E-05  0.106992E-06  0.429421E-06
  0.297600E+03  0.111190E-05  0.840526E-07  0.389276E-06
  0.297900E+03  0.107746E-05  0.618418E-07  0.349031E-06
  0.298200E+03  0.103806E-05  0.405253E-07  0.309042E-06
  0.298500E+03  0.993788E-06  0.202655E-07  0.269608E-06
  0.298800E+03  0.944719E-06  0.122543E-08  0.230977E-06
  0.299100E+03  0.890988E-06 -0.164304E-07  0.193363E-06
  0.299400E+03  0.832795E-06 -0.325381E-07  0.156961E-06
  0.299700E+03  0.770415E-06 -0.469400E-07  0.121963E-06
  0.300000E+03  0.704175E-06 -0.594914E-07  0.885620E-07
  0.300300E+03  0.634433E-06 -0.700666E-07  0.569517E-07
  0.300600E+03  0.561536E-06 -0.785646E-07  0.273064E-07
  0.300900E+03  0.485784E-06 -0.849124E-07 -0.240433E-09
  0.301200E+03  0.407411E-06 -0.890684E-07 -0.256171E-07
  0.301500E+03  0.326576E-06 -0.910222E-07 -0.488245E-07
  0.301800E+03  0.243383E-06 -0.907955E-07 -0.699321E-07
  0.302100E+03  0.157918E-06 -0.884404E-07 -0.890608E-07
  0.302400E+03  0.703025E-07 -0.840397E-07 -0.106356E-06
  0.302700E+03 -0.192583E-07 -0.777055E-07 -0.121960E-06
  0.303000E+03 -0.110431E-06 -0.695776E-07 -0.135997E-06
  0.303300E+03 -0.202731E-06 -0.598218E-07 -0.148566E-06
  0.303600E+03 -0.295528E-06 -0.486294E-07 -0.159752E-06
  0.303900E+03 -0.388063E-06 -0.362166E-07 -0.169646E-06
  0.304200E+03 -0.479491E-06 -0.228241E-07 -0.178366E-06
  0.304500E+03 -0.568927E-06 -0.871136E-08 -0.186065E-06
  0.304800E+03 -0.655497E-06  0.585127E-08 -0.192930E-06
  0.305100E+03 -0.738373E-06  0.205916E-07 -0.199166E-06
  0.305400E+03 -0.816803E-06  0.352425E-07 -0.204971E-06
  0.305700E+03 -0.890118E-06  0.495433E-07 -0.210511E-06
  0.306000E+03 -0.957735E-06  0.632375E-07 -0.215896E-06
  0.306300E+03 -0.101914E-05  0.760671E-07 -0.221171E-06
  0.306600E+03 -0.107387E-05  0.877676E-07 -0.226312E-06
  0.306900E+03 -0.112151E-05  0.980651E-07 -0.231247E-06
