  0.00000E+00 -0.19949E-10 -0.19553E-10  0.42502E-10
  0.30000E+00 -0.56213E-10 -0.55114E-10  0.11979E-09
  0.60000E+00 -0.12719E-09 -0.12473E-09  0.27109E-09
  0.90000E+00 -0.24817E-09 -0.24341E-09  0.52899E-09
  0.12000E+01 -0.43534E-09 -0.42703E-09  0.92805E-09
  0.15000E+01 -0.70489E-09 -0.69148E-09  0.15028E-08
  0.18000E+01 -0.10722E-08 -0.10519E-08  0.22861E-08
  0.21000E+01 -0.15510E-08 -0.15216E-08  0.33072E-08
  0.24000E+01 -0.21527E-08 -0.21119E-08  0.45904E-08
  0.27000E+01 -0.28855E-08 -0.28310E-08  0.61536E-08
  0.30000E+01 -0.37547E-08 -0.36838E-08  0.80071E-08
  0.33000E+01 -0.47609E-08 -0.46710E-08  0.10153E-07
  0.36000E+01 -0.59009E-08 -0.57896E-08  0.12584E-07
  0.39000E+01 -0.71670E-08 -0.70319E-08  0.15285E-07
  0.42000E+01 -0.85466E-08 -0.83859E-08  0.18228E-07
  0.45000E+01 -0.10024E-07 -0.98352E-08  0.21379E-07
  0.48000E+01 -0.11577E-07 -0.11359E-07  0.24692E-07
  0.51000E+01 -0.13182E-07 -0.12933E-07  0.28114E-07
  0.54000E+01 -0.14808E-07 -0.14529E-07  0.31584E-07
  0.57000E+01 -0.16424E-07 -0.16115E-07  0.35032E-07
  0.60000E+01 -0.17996E-07 -0.17657E-07  0.38386E-07
  0.63000E+01 -0.19486E-07 -0.19119E-07  0.41566E-07
  0.66000E+01 -0.20856E-07 -0.20463E-07  0.44490E-07
  0.69000E+01 -0.22067E-07 -0.21651E-07  0.47075E-07
  0.72000E+01 -0.23079E-07 -0.22645E-07  0.49237E-07
  0.75000E+01 -0.23854E-07 -0.23406E-07  0.50894E-07
  0.78000E+01 -0.24356E-07 -0.23898E-07  0.51967E-07
  0.81000E+01 -0.24550E-07 -0.24088E-07  0.52382E-07
  0.84000E+01 -0.24402E-07 -0.23944E-07  0.52071E-07
  0.87000E+01 -0.23887E-07 -0.23439E-07  0.50975E-07
  0.90000E+01 -0.22978E-07 -0.22549E-07  0.49041E-07
  0.93000E+01 -0.21658E-07 -0.21255E-07  0.46229E-07
  0.96000E+01 -0.19914E-07 -0.19545E-07  0.42510E-07
  0.99000E+01 -0.17735E-07 -0.17409E-07  0.37867E-07
  0.10200E+02 -0.15123E-07 -0.14848E-07  0.32297E-07
  0.10500E+02 -0.12081E-07 -0.11865E-07  0.25810E-07
  0.10800E+02 -0.86194E-08 -0.84718E-08  0.18430E-07
  0.11100E+02 -0.47583E-08 -0.46850E-08  0.10194E-07
  0.11400E+02 -0.52010E-09 -0.52990E-09  0.11553E-08
  0.11700E+02  0.40622E-08  0.39641E-08 -0.86204E-08
  0.12000E+02  0.89533E-08  0.87607E-08 -0.19053E-07
  0.12300E+02  0.14109E-07  0.13816E-07 -0.30051E-07
  0.12600E+02  0.19482E-07  0.19085E-07 -0.41511E-07
  0.12900E+02  0.25016E-07  0.24513E-07 -0.53320E-07
  0.13200E+02  0.30656E-07  0.30045E-07 -0.65353E-07
  0.13500E+02  0.36339E-07  0.35618E-07 -0.77478E-07
  0.13800E+02  0.42001E-07  0.41172E-07 -0.89556E-07
  0.14100E+02  0.47575E-07  0.46639E-07 -0.10146E-06
  0.14400E+02  0.52992E-07  0.51955E-07 -0.11302E-06
  0.14700E+02  0.58186E-07  0.57050E-07 -0.12410E-06
  0.15000E+02  0.63085E-07  0.61858E-07 -0.13456E-06
  0.15300E+02  0.67624E-07  0.66313E-07 -0.14426E-06
  0.15600E+02  0.71746E-07  0.70352E-07 -0.15304E-06
  0.15900E+02  0.75367E-07  0.73914E-07 -0.16079E-06
  0.16200E+02  0.78452E-07  0.76942E-07 -0.16738E-06
  0.16500E+02  0.80936E-07  0.79382E-07 -0.17269E-06
  0.16800E+02  0.82778E-07  0.81188E-07 -0.17661E-06
  0.17100E+02  0.83916E-07  0.82318E-07 -0.17907E-06
  0.17400E+02  0.84338E-07  0.82735E-07 -0.17998E-06
  0.17700E+02  0.84007E-07  0.82413E-07 -0.17927E-06
  0.18000E+02  0.82895E-07  0.81329E-07 -0.17691E-06
  0.18300E+02  0.80995E-07  0.79473E-07 -0.17287E-06
  0.18600E+02  0.78296E-07  0.76835E-07 -0.16713E-06
  0.18900E+02  0.74814E-07  0.73423E-07 -0.15970E-06
  0.19200E+02  0.70547E-07  0.69245E-07 -0.15061E-06
  0.19500E+02  0.65518E-07  0.64322E-07 -0.13990E-06
  0.19800E+02  0.59760E-07  0.58681E-07 -0.12762E-06
  0.20100E+02  0.53310E-07  0.52359E-07 -0.11386E-06
  0.20400E+02  0.46200E-07  0.45397E-07 -0.98712E-07
  0.20700E+02  0.38498E-07  0.37848E-07 -0.82282E-07
  0.21000E+02  0.30260E-07  0.29768E-07 -0.64698E-07
  0.21300E+02  0.21536E-07  0.21219E-07 -0.46098E-07
  0.21600E+02  0.12409E-07  0.12274E-07 -0.26623E-07
  0.21900E+02  0.29510E-08  0.29980E-08 -0.64510E-08
  0.22200E+02 -0.67590E-08 -0.65180E-08  0.14264E-07
  0.22500E+02 -0.16634E-07 -0.16197E-07  0.35332E-07
  0.22800E+02 -0.26596E-07 -0.25960E-07  0.56589E-07
  0.23100E+02 -0.36608E-07 -0.35726E-07  0.77958E-07
  0.23400E+02 -0.46834E-07 -0.45418E-07  0.99638E-07
  0.23700E+02 -0.57763E-07 -0.54970E-07  0.12220E-06
  0.24000E+02 -0.70379E-07 -0.64380E-07  0.14661E-06
  0.24300E+02 -0.86233E-07 -0.73635E-07  0.17411E-06
  0.24600E+02 -0.10730E-06 -0.82813E-07  0.20588E-06
  0.24900E+02 -0.13547E-06 -0.91966E-07  0.24240E-06
  0.25200E+02 -0.17207E-06 -0.10118E-06  0.28334E-06
  0.25500E+02 -0.21753E-06 -0.11050E-06  0.32785E-06
  0.25800E+02 -0.27161E-06 -0.11996E-06  0.37491E-06
  0.26100E+02 -0.33352E-06 -0.12954E-06  0.42337E-06
  0.26400E+02 -0.40220E-06 -0.13926E-06  0.47203E-06
  0.26700E+02 -0.47638E-06 -0.14911E-06  0.51956E-06
  0.27000E+02 -0.55472E-06 -0.15905E-06  0.56473E-06
  0.27300E+02 -0.63590E-06 -0.16907E-06  0.60631E-06
  0.27600E+02 -0.71850E-06 -0.17912E-06  0.64290E-06
  0.27900E+02 -0.80085E-06 -0.18917E-06  0.67294E-06
  0.28200E+02 -0.88115E-06 -0.19913E-06  0.69502E-06
  0.28500E+02 -0.95776E-06 -0.20893E-06  0.70826E-06
  0.28800E+02 -0.10292E-05 -0.21852E-06  0.71199E-06
  0.29100E+02 -0.10945E-05 -0.22778E-06  0.70531E-06
  0.29400E+02 -0.11519E-05 -0.23663E-06  0.68714E-06
  0.29700E+02 -0.11995E-05 -0.24493E-06  0.65635E-06
  0.30000E+02 -0.12354E-05 -0.25251E-06  0.61201E-06
  0.30300E+02 -0.12572E-05 -0.25917E-06  0.55355E-06
  0.30600E+02 -0.12630E-05 -0.26473E-06  0.48070E-06
  0.30900E+02 -0.12506E-05 -0.26897E-06  0.39358E-06
  0.31200E+02 -0.12187E-05 -0.27168E-06  0.29272E-06
  0.31500E+02 -0.11657E-05 -0.27266E-06  0.17891E-06
  0.31800E+02 -0.10904E-05 -0.27169E-06  0.53076E-07
  0.32100E+02 -0.99151E-06 -0.26858E-06 -0.83784E-07
  0.32400E+02 -0.86817E-06 -0.26311E-06 -0.23054E-06
  0.32700E+02 -0.71977E-06 -0.25511E-06 -0.38584E-06
  0.33000E+02 -0.54604E-06 -0.24440E-06 -0.54793E-06
  0.33300E+02 -0.34701E-06 -0.23082E-06 -0.71491E-06
  0.33600E+02 -0.12314E-06 -0.21424E-06 -0.88478E-06
  0.33900E+02  0.12446E-06 -0.19457E-06 -0.10554E-05
  0.34200E+02  0.39412E-06 -0.17174E-06 -0.12246E-05
  0.34500E+02  0.68382E-06 -0.14571E-06 -0.13905E-05
  0.34800E+02  0.99124E-06 -0.11650E-06 -0.15510E-05
  0.35100E+02  0.13139E-05 -0.84119E-07 -0.17040E-05
  0.35400E+02  0.16491E-05 -0.48600E-07 -0.18476E-05
  0.35700E+02  0.19937E-05 -0.10037E-07 -0.19795E-05
  0.36000E+02  0.23445E-05  0.31482E-07 -0.20976E-05
  0.36300E+02  0.26974E-05  0.75801E-07 -0.21998E-05
  0.36600E+02  0.30485E-05  0.12273E-06 -0.22839E-05
  0.36900E+02  0.33929E-05  0.17206E-06 -0.23479E-05
  0.37200E+02  0.37257E-05  0.22347E-06 -0.23895E-05
  0.37500E+02  0.40412E-05  0.27667E-06 -0.24069E-05
  0.37800E+02  0.43341E-05  0.33126E-06 -0.23980E-05
  0.38100E+02  0.45984E-05  0.38680E-06 -0.23614E-05
  0.38400E+02  0.48281E-05  0.44281E-06 -0.22954E-05
  0.38700E+02  0.50172E-05  0.49873E-06 -0.21991E-05
  0.39000E+02  0.51598E-05  0.55400E-06 -0.20719E-05
  0.39300E+02  0.52501E-05  0.60796E-06 -0.19138E-05
  0.39600E+02  0.52830E-05  0.65996E-06 -0.17251E-05
  0.39900E+02  0.52539E-05  0.70930E-06 -0.15073E-05
  0.40200E+02  0.51588E-05  0.75529E-06 -0.12620E-05
  0.40500E+02  0.49945E-05  0.79724E-06 -0.99142E-06
  0.40800E+02  0.47590E-05  0.83469E-06 -0.69798E-06
  0.41100E+02  0.44510E-05  0.86778E-06 -0.38421E-06
  0.41400E+02  0.40712E-05  0.89739E-06 -0.52460E-07
  0.41700E+02  0.36213E-05  0.92525E-06  0.29508E-06
  0.42000E+02  0.31041E-05  0.95376E-06  0.65638E-06
  0.42300E+02  0.25236E-05  0.98607E-06  0.10297E-05
  0.42600E+02  0.18842E-05  0.10259E-05  0.14131E-05
  0.42900E+02  0.11911E-05  0.10768E-05  0.18044E-05
  0.43200E+02  0.44992E-06  0.11411E-05  0.22006E-05
  0.43500E+02 -0.33294E-06  0.12195E-05  0.25978E-05
  0.43800E+02 -0.11502E-05  0.13111E-05  0.29916E-05
  0.44100E+02 -0.19928E-05  0.14139E-05  0.33769E-05
  0.44400E+02 -0.28506E-05  0.15254E-05  0.37486E-05
  0.44700E+02 -0.37131E-05  0.16425E-05  0.41024E-05
  0.45000E+02 -0.45696E-05  0.17617E-05  0.44347E-05
  0.45300E+02 -0.54101E-05  0.18790E-05  0.47422E-05
  0.45600E+02 -0.62246E-05  0.19902E-05  0.50216E-05
  0.45900E+02 -0.70034E-05  0.20912E-05  0.52696E-05
  0.46200E+02 -0.77362E-05  0.21782E-05  0.54824E-05
  0.46500E+02 -0.84130E-05  0.22473E-05  0.56571E-05
  0.46800E+02 -0.90242E-05  0.22952E-05  0.57908E-05
  0.47100E+02 -0.95609E-05  0.23187E-05  0.58820E-05
  0.47400E+02 -0.10015E-04  0.23143E-05  0.59291E-05
  0.47700E+02 -0.10381E-04  0.22788E-05  0.59315E-05
  0.48000E+02 -0.10652E-04  0.22092E-05  0.58879E-05
  0.48300E+02 -0.10823E-04  0.21027E-05  0.57974E-05
  0.48600E+02 -0.10890E-04  0.19568E-05  0.56589E-05
  0.48900E+02 -0.10849E-04  0.17696E-05  0.54722E-05
  0.49200E+02 -0.10697E-04  0.15392E-05  0.52377E-05
  0.49500E+02 -0.10432E-04  0.12637E-05  0.49567E-05
  0.49800E+02 -0.10055E-04  0.94072E-06  0.46308E-05
  0.50100E+02 -0.95662E-05  0.56810E-06  0.42620E-05
  0.50400E+02 -0.89680E-05  0.14366E-06  0.38522E-05
  0.50700E+02 -0.82638E-05 -0.33381E-06  0.34033E-05
  0.51000E+02 -0.74580E-05 -0.86456E-06  0.29170E-05
  0.51300E+02 -0.65559E-05 -0.14479E-05  0.23955E-05
  0.51600E+02 -0.55640E-05 -0.20813E-05  0.18413E-05
  0.51900E+02 -0.44901E-05 -0.27610E-05  0.12569E-05
  0.52200E+02 -0.33435E-05 -0.34818E-05  0.64545E-06
  0.52500E+02 -0.21347E-05 -0.42363E-05  0.97900E-08
  0.52800E+02 -0.87512E-06 -0.50162E-05 -0.64698E-06
  0.53100E+02  0.42275E-06 -0.58116E-05 -0.13218E-05
  0.53400E+02  0.17457E-05 -0.66108E-05 -0.20112E-05
  0.53700E+02  0.30800E-05 -0.74014E-05 -0.27122E-05
  0.54000E+02  0.44116E-05 -0.81698E-05 -0.34208E-05
  0.54300E+02  0.57258E-05 -0.89016E-05 -0.41330E-05
  0.54600E+02  0.70076E-05 -0.95822E-05 -0.48446E-05
  0.54900E+02  0.82423E-05 -0.10197E-04 -0.55509E-05
  0.55200E+02  0.94146E-05 -0.10731E-04 -0.62467E-05
  0.55500E+02  0.10510E-04 -0.11172E-04 -0.69269E-05
  0.55800E+02  0.11515E-04 -0.11506E-04 -0.75858E-05
  0.56100E+02  0.12416E-04 -0.11723E-04 -0.82173E-05
  0.56400E+02  0.13202E-04 -0.11811E-04 -0.88155E-05
  0.56700E+02  0.13862E-04 -0.11764E-04 -0.93738E-05
  0.57000E+02  0.14387E-04 -0.11575E-04 -0.98858E-05
  0.57300E+02  0.14770E-04 -0.11240E-04 -0.10345E-04
  0.57600E+02  0.15004E-04 -0.10756E-04 -0.10745E-04
  0.57900E+02  0.15087E-04 -0.10124E-04 -0.11079E-04
  0.58200E+02  0.15017E-04 -0.93448E-05 -0.11343E-04
  0.58500E+02  0.14792E-04 -0.84233E-05 -0.11530E-04
  0.58800E+02  0.14416E-04 -0.73651E-05 -0.11636E-04
  0.59100E+02  0.13891E-04 -0.61781E-05 -0.11658E-04
  0.59400E+02  0.13224E-04 -0.48719E-05 -0.11592E-04
  0.59700E+02  0.12421E-04 -0.34577E-05 -0.11436E-04
  0.60000E+02  0.11491E-04 -0.19485E-05 -0.11189E-04
  0.60300E+02  0.10444E-04 -0.35847E-06 -0.10850E-04
  0.60600E+02  0.92907E-05  0.12966E-05 -0.10420E-04
  0.60900E+02  0.80438E-05  0.29999E-05 -0.99004E-05
  0.61200E+02  0.67169E-05  0.47339E-05 -0.92932E-05
  0.61500E+02  0.53237E-05  0.64797E-05 -0.86018E-05
  0.61800E+02  0.38791E-05  0.82184E-05 -0.78305E-05
  0.62100E+02  0.23983E-05  0.99305E-05 -0.69842E-05
  0.62400E+02  0.89653E-06  0.11596E-04 -0.60685E-05
  0.62700E+02 -0.61053E-06  0.13197E-04 -0.50901E-05
  0.63000E+02 -0.21075E-05  0.14713E-04 -0.40562E-05
  0.63300E+02 -0.35790E-05  0.16126E-04 -0.29744E-05
  0.63600E+02 -0.50103E-05  0.17419E-04 -0.18532E-05
  0.63900E+02 -0.63872E-05  0.18576E-04 -0.70122E-06
  0.64200E+02 -0.76960E-05  0.19582E-04  0.47225E-06
  0.64500E+02 -0.89241E-05  0.20424E-04  0.16580E-05
  0.64800E+02 -0.10060E-04  0.21090E-04  0.28463E-05
  0.65100E+02 -0.11093E-04  0.21571E-04  0.40275E-05
  0.65400E+02 -0.12013E-04  0.21860E-04  0.51922E-05
  0.65700E+02 -0.12813E-04  0.21949E-04  0.63304E-05
  0.66000E+02 -0.13485E-04  0.21837E-04  0.74338E-05
  0.66300E+02 -0.14025E-04  0.21521E-04  0.84919E-05
  0.66600E+02 -0.14429E-04  0.21003E-04  0.94977E-05
  0.66900E+02 -0.14694E-04  0.20285E-04  0.10441E-04
  0.67200E+02 -0.14818E-04  0.19372E-04  0.11316E-04
  0.67500E+02 -0.14803E-04  0.18272E-04  0.12114E-04
  0.67800E+02 -0.14651E-04  0.16993E-04  0.12831E-04
  0.68100E+02 -0.14364E-04  0.15547E-04  0.13459E-04
  0.68400E+02 -0.13948E-04  0.13946E-04  0.13995E-04
  0.68700E+02 -0.13407E-04  0.12206E-04  0.14432E-04
  0.69000E+02 -0.12749E-04  0.10342E-04  0.14771E-04
  0.69300E+02 -0.11983E-04  0.83717E-05  0.15006E-04
  0.69600E+02 -0.11116E-04  0.63130E-05  0.15136E-04
  0.69900E+02 -0.10160E-04  0.41857E-05  0.15163E-04
  0.70200E+02 -0.91238E-05  0.20094E-05  0.15084E-04
  0.70500E+02 -0.80191E-05 -0.19496E-06  0.14902E-04
  0.70800E+02 -0.68579E-05 -0.24070E-05  0.14618E-04
  0.71100E+02 -0.56526E-05 -0.46058E-05  0.14236E-04
  0.71400E+02 -0.44147E-05 -0.67710E-05  0.13759E-04
  0.71700E+02 -0.31573E-05 -0.88823E-05  0.13191E-04
  0.72000E+02 -0.18920E-05 -0.10920E-04  0.12537E-04
  0.72300E+02 -0.63110E-06 -0.12867E-04  0.11803E-04
  0.72600E+02  0.61300E-06 -0.14703E-04  0.10995E-04
  0.72900E+02  0.18291E-05 -0.16414E-04  0.10120E-04
  0.73200E+02  0.30073E-05 -0.17983E-04  0.91845E-05
  0.73500E+02  0.41362E-05 -0.19397E-04  0.81969E-05
  0.73800E+02  0.52064E-05 -0.20645E-04  0.71646E-05
  0.74100E+02  0.62092E-05 -0.21715E-04  0.60959E-05
  0.74400E+02  0.71364E-05 -0.22601E-04  0.49989E-05
  0.74700E+02  0.79815E-05 -0.23293E-04  0.38821E-05
  0.75000E+02  0.87380E-05 -0.23790E-04  0.27535E-05
  0.75300E+02  0.94009E-05 -0.24087E-04  0.16218E-05
  0.75600E+02  0.99665E-05 -0.24184E-04  0.49490E-06
  0.75900E+02  0.10432E-04 -0.24082E-04 -0.61920E-06
  0.76200E+02  0.10794E-04 -0.23784E-04 -0.17123E-05
  0.76500E+02  0.11054E-04 -0.23296E-04 -0.27780E-05
  0.76800E+02  0.11211E-04 -0.22623E-04 -0.38084E-05
  0.77100E+02  0.11266E-04 -0.21776E-04 -0.47975E-05
  0.77400E+02  0.11222E-04 -0.20762E-04 -0.57391E-05
  0.77700E+02  0.11080E-04 -0.19593E-04 -0.66274E-05
  0.78000E+02  0.10847E-04 -0.18283E-04 -0.74573E-05
  0.78300E+02  0.10526E-04 -0.16846E-04 -0.82246E-05
  0.78600E+02  0.10122E-04 -0.15295E-04 -0.89256E-05
  0.78900E+02  0.96421E-05 -0.13646E-04 -0.95568E-05
  0.79200E+02  0.90920E-05 -0.11916E-04 -0.10115E-04
  0.79500E+02  0.84801E-05 -0.10121E-04 -0.10599E-04
  0.79800E+02  0.78139E-05 -0.82782E-05 -0.11007E-04
  0.80100E+02  0.70997E-05 -0.64048E-05 -0.11339E-04
  0.80400E+02  0.63478E-05 -0.45175E-05 -0.11593E-04
  0.80700E+02  0.55642E-05 -0.26332E-05 -0.11772E-04
  0.81000E+02  0.47579E-05 -0.76832E-06 -0.11875E-04
  0.81300E+02  0.39377E-05  0.10615E-05 -0.11904E-04
  0.81600E+02  0.31120E-05  0.28410E-05 -0.11861E-04
  0.81900E+02  0.22869E-05  0.45561E-05 -0.11749E-04
  0.82200E+02  0.14714E-05  0.61933E-05 -0.11570E-04
  0.82500E+02  0.67260E-06  0.77405E-05 -0.11329E-04
  0.82800E+02 -0.10354E-06  0.91866E-05 -0.11028E-04
  0.83100E+02 -0.84921E-06  0.10522E-04 -0.10671E-04
  0.83400E+02 -0.15599E-05  0.11738E-04 -0.10263E-04
  0.83700E+02 -0.22298E-05  0.12827E-04 -0.98089E-05
  0.84000E+02 -0.28545E-05  0.13783E-04 -0.93125E-05
  0.84300E+02 -0.34298E-05  0.14604E-04 -0.87786E-05
  0.84600E+02 -0.39524E-05  0.15284E-04 -0.82125E-05
  0.84900E+02 -0.44194E-05  0.15824E-04 -0.76188E-05
  0.85200E+02 -0.48290E-05  0.16222E-04 -0.70024E-05
  0.85500E+02 -0.51796E-05  0.16480E-04 -0.63682E-05
  0.85800E+02 -0.54704E-05  0.16602E-04 -0.57209E-05
  0.86100E+02 -0.57014E-05  0.16589E-04 -0.50652E-05
  0.86400E+02 -0.58731E-05  0.16448E-04 -0.44056E-05
  0.86700E+02 -0.59865E-05  0.16184E-04 -0.37460E-05
  0.87000E+02 -0.60432E-05  0.15804E-04 -0.30920E-05
  0.87300E+02 -0.60455E-05  0.15316E-04 -0.24453E-05
  0.87600E+02 -0.59958E-05  0.14729E-04 -0.18102E-05
  0.87900E+02 -0.58972E-05  0.14051E-04 -0.11909E-05
  0.88200E+02 -0.57530E-05  0.13293E-04 -0.59020E-06
  0.88500E+02 -0.55671E-05  0.12465E-04 -0.98998E-08
  0.88800E+02 -0.53432E-05  0.11576E-04  0.54770E-06
  0.89100E+02 -0.50857E-05  0.10639E-04  0.10789E-05
  0.89400E+02 -0.47988E-05  0.96628E-05  0.15824E-05
  0.89700E+02 -0.44871E-05  0.86585E-05  0.20576E-05
  0.90000E+02 -0.41548E-05  0.76366E-05  0.25023E-05
  0.90300E+02 -0.38067E-05  0.66072E-05  0.29167E-05
  0.90600E+02 -0.34471E-05  0.55800E-05  0.32984E-05
  0.90900E+02 -0.30802E-05  0.45644E-05  0.36488E-05
  0.91200E+02 -0.27103E-05  0.35693E-05  0.39669E-05
  0.91500E+02 -0.23414E-05  0.26026E-05  0.42530E-05
  0.91800E+02 -0.19773E-05  0.16718E-05  0.45074E-05
  0.92100E+02 -0.16215E-05  0.78386E-06  0.47307E-05
  0.92400E+02 -0.12771E-05 -0.55394E-07  0.49237E-05
  0.92700E+02 -0.94731E-06 -0.84077E-06  0.50871E-05
  0.93000E+02 -0.63448E-06 -0.15679E-05  0.52220E-05
  0.93300E+02 -0.34092E-06 -0.22334E-05  0.53296E-05
  0.93600E+02 -0.68650E-07 -0.28345E-05  0.54111E-05
  0.93900E+02  0.18093E-06 -0.33693E-05  0.54678E-05
  0.94200E+02  0.40663E-06 -0.38370E-05  0.55010E-05
  0.94500E+02  0.60756E-06 -0.42375E-05  0.55123E-05
  0.94800E+02  0.78326E-06 -0.45710E-05  0.55030E-05
  0.95100E+02  0.93365E-06 -0.48391E-05  0.54746E-05
  0.95400E+02  0.10589E-05 -0.50435E-05  0.54285E-05
  0.95700E+02  0.11595E-05 -0.51870E-05  0.53661E-05
  0.96000E+02  0.12363E-05 -0.52727E-05  0.52888E-05
  0.96300E+02  0.12903E-05 -0.53043E-05  0.51978E-05
  0.96600E+02  0.13228E-05 -0.52856E-05  0.50945E-05
  0.96900E+02  0.13352E-05 -0.52213E-05  0.49800E-05
  0.97200E+02  0.13293E-05 -0.51159E-05  0.48554E-05
  0.97500E+02  0.13070E-05 -0.49745E-05  0.47217E-05
  0.97800E+02  0.12700E-05 -0.48022E-05  0.45800E-05
  0.98100E+02  0.12205E-05 -0.46040E-05  0.44310E-05
  0.98400E+02  0.11605E-05 -0.43852E-05  0.42756E-05
  0.98700E+02  0.10922E-05 -0.41508E-05  0.41143E-05
  0.99000E+02  0.10177E-05 -0.39058E-05  0.39480E-05
  0.99300E+02  0.93895E-06 -0.36551E-05  0.37769E-05
  0.99600E+02  0.85804E-06 -0.34032E-05  0.36018E-05
  0.99900E+02  0.77681E-06 -0.31545E-05  0.34230E-05
  0.10020E+03  0.69728E-06 -0.29129E-05  0.32408E-05
  0.10050E+03  0.62091E-06 -0.26818E-05  0.30554E-05
  0.10080E+03  0.54937E-06 -0.24648E-05  0.28673E-05
  0.10110E+03  0.48405E-06 -0.22644E-05  0.26765E-05
  0.10140E+03  0.42611E-06 -0.20830E-05  0.24832E-05
  0.10170E+03  0.37656E-06 -0.19226E-05  0.22877E-05
  0.10200E+03  0.33626E-06 -0.17844E-05  0.20900E-05
  0.10230E+03  0.30581E-06 -0.16697E-05  0.18903E-05
  0.10260E+03  0.28566E-06 -0.15786E-05  0.16887E-05
  0.10290E+03  0.27603E-06 -0.15115E-05  0.14855E-05
  0.10320E+03  0.27697E-06 -0.14679E-05  0.12808E-05
  0.10350E+03  0.28833E-06 -0.14471E-05  0.10747E-05
  0.10380E+03  0.30977E-06 -0.14479E-05  0.86759E-06
  0.10410E+03  0.34078E-06 -0.14688E-05  0.65964E-06
  0.10440E+03  0.38073E-06 -0.15080E-05  0.45109E-06
  0.10470E+03  0.42881E-06 -0.15635E-05  0.24233E-06
  0.10500E+03  0.48409E-06 -0.16329E-05  0.33810E-07
  0.10530E+03  0.54552E-06 -0.17137E-05 -0.17412E-06
  0.10560E+03  0.61198E-06 -0.18032E-05 -0.38099E-06
  0.10590E+03  0.68227E-06 -0.18986E-05 -0.58644E-06
  0.10620E+03  0.75512E-06 -0.19971E-05 -0.78971E-06
  0.10650E+03  0.82924E-06 -0.20959E-05 -0.99024E-06
  0.10680E+03  0.90330E-06 -0.21919E-05 -0.11876E-05
  0.10710E+03  0.97602E-06 -0.22825E-05 -0.13811E-05
  0.10740E+03  0.10461E-05 -0.23649E-05 -0.15699E-05
  0.10770E+03  0.11122E-05 -0.24367E-05 -0.17535E-05
  0.10800E+03  0.11733E-05 -0.24953E-05 -0.19312E-05
  0.10830E+03  0.12281E-05 -0.25386E-05 -0.21023E-05
  0.10860E+03  0.12756E-05 -0.25646E-05 -0.22658E-05
  0.10890E+03  0.13150E-05 -0.25717E-05 -0.24215E-05
  0.10920E+03  0.13453E-05 -0.25583E-05 -0.25683E-05
  0.10950E+03  0.13658E-05 -0.25234E-05 -0.27057E-05
  0.10980E+03  0.13759E-05 -0.24661E-05 -0.28332E-05
  0.11010E+03  0.13752E-05 -0.23858E-05 -0.29498E-05
  0.11040E+03  0.13634E-05 -0.22823E-05 -0.30554E-05
  0.11070E+03  0.13402E-05 -0.21557E-05 -0.31490E-05
  0.11100E+03  0.13057E-05 -0.20064E-05 -0.32305E-05
  0.11130E+03  0.12599E-05 -0.18350E-05 -0.32994E-05
  0.11160E+03  0.12030E-05 -0.16426E-05 -0.33552E-05
  0.11190E+03  0.11355E-05 -0.14304E-05 -0.33977E-05
  0.11220E+03  0.10578E-05 -0.11999E-05 -0.34268E-05
  0.11250E+03  0.97047E-06 -0.95282E-06 -0.34422E-05
  0.11280E+03  0.87434E-06 -0.69113E-06 -0.34438E-05
  0.11310E+03  0.77013E-06 -0.41695E-06 -0.34317E-05
  0.11340E+03  0.65883E-06 -0.13256E-06 -0.34060E-05
  0.11370E+03  0.54134E-06  0.15961E-06 -0.33668E-05
  0.11400E+03  0.41872E-06  0.45709E-06 -0.33143E-05
  0.11430E+03  0.29211E-06  0.75717E-06 -0.32490E-05
  0.11460E+03  0.16263E-06  0.10573E-05 -0.31710E-05
  0.11490E+03  0.31360E-07  0.13550E-05 -0.30810E-05
  0.11520E+03 -0.10036E-06  0.16475E-05 -0.29795E-05
  0.11550E+03 -0.23158E-06  0.19323E-05 -0.28669E-05
  0.11580E+03 -0.36099E-06  0.22069E-05 -0.27440E-05
  0.11610E+03 -0.48746E-06  0.24691E-05 -0.26115E-05
  0.11640E+03 -0.61006E-06  0.27164E-05 -0.24702E-05
  0.11670E+03 -0.72758E-06  0.29469E-05 -0.23207E-05
  0.11700E+03 -0.83911E-06  0.31588E-05 -0.21640E-05
  0.11730E+03 -0.94389E-06  0.33501E-05 -0.20009E-05
  0.11760E+03 -0.10409E-05  0.35196E-05 -0.18323E-05
  0.11790E+03 -0.11295E-05  0.36659E-05 -0.16590E-05
  0.11820E+03 -0.12091E-05  0.37880E-05 -0.14821E-05
  0.11850E+03 -0.12791E-05  0.38851E-05 -0.13024E-05
  0.11880E+03 -0.13391E-05  0.39566E-05 -0.11207E-05
  0.11910E+03 -0.13888E-05  0.40021E-05 -0.93817E-06
  0.11940E+03 -0.14280E-05  0.40218E-05 -0.75553E-06
  0.11970E+03 -0.14563E-05  0.40157E-05 -0.57373E-06
  0.12000E+03 -0.14742E-05  0.39843E-05 -0.39348E-06
  0.12030E+03 -0.14814E-05  0.39281E-05 -0.21571E-06
  0.12060E+03 -0.14781E-05  0.38481E-05 -0.41080E-07
  0.12090E+03 -0.14648E-05  0.37452E-05  0.12948E-06
  0.12120E+03 -0.14418E-05  0.36208E-05  0.29552E-06
  0.12150E+03 -0.14096E-05  0.34762E-05  0.45618E-06
  0.12180E+03 -0.13685E-05  0.33129E-05  0.61109E-06
  0.12210E+03 -0.13194E-05  0.31327E-05  0.75959E-06
  0.12240E+03 -0.12627E-05  0.29374E-05  0.90115E-06
  0.12270E+03 -0.11994E-05  0.27288E-05  0.10354E-05
  0.12300E+03 -0.11300E-05  0.25088E-05  0.11620E-05
  0.12330E+03 -0.10555E-05  0.22796E-05  0.12806E-05
  0.12360E+03 -0.97656E-06  0.20430E-05  0.13909E-05
  0.12390E+03 -0.89401E-06  0.18011E-05  0.14929E-05
  0.12420E+03 -0.80882E-06  0.15559E-05  0.15862E-05
  0.12450E+03 -0.72165E-06  0.13093E-05  0.16709E-05
  0.12480E+03 -0.63339E-06  0.10634E-05  0.17469E-05
  0.12510E+03 -0.54493E-06  0.81984E-06  0.18141E-05
  0.12540E+03 -0.45683E-06  0.58046E-06  0.18727E-05
  0.12570E+03 -0.36992E-06  0.34688E-06  0.19228E-05
  0.12600E+03 -0.28492E-06  0.12063E-06  0.19643E-05
  0.12630E+03 -0.20240E-06 -0.96907E-07  0.19977E-05
  0.12660E+03 -0.12295E-06 -0.30447E-06  0.20229E-05
  0.12690E+03 -0.47180E-07 -0.50096E-06  0.20403E-05
  0.12720E+03  0.24560E-07 -0.68540E-06  0.20502E-05
  0.12750E+03  0.91810E-07 -0.85700E-06  0.20529E-05
  0.12780E+03  0.15422E-06 -0.10151E-05  0.20485E-05
  0.12810E+03  0.21160E-06 -0.11593E-05  0.20375E-05
  0.12840E+03  0.26372E-06 -0.12891E-05  0.20202E-05
  0.12870E+03  0.31046E-06 -0.14045E-05  0.19968E-05
  0.12900E+03  0.35174E-06 -0.15053E-05  0.19677E-05
  0.12930E+03  0.38755E-06 -0.15918E-05  0.19334E-05
  0.12960E+03  0.41793E-06 -0.16641E-05  0.18940E-05
  0.12990E+03  0.44304E-06 -0.17226E-05  0.18500E-05
  0.13020E+03  0.46301E-06 -0.17678E-05  0.18016E-05
  0.13050E+03  0.47810E-06 -0.18004E-05  0.17493E-05
  0.13080E+03  0.48852E-06 -0.18209E-05  0.16933E-05
  0.13110E+03  0.49461E-06 -0.18301E-05  0.16338E-05
  0.13140E+03  0.49668E-06 -0.18289E-05  0.15713E-05
  0.13170E+03  0.49512E-06 -0.18182E-05  0.15060E-05
  0.13200E+03  0.49019E-06 -0.17988E-05  0.14382E-05
  0.13230E+03  0.48249E-06 -0.17717E-05  0.13680E-05
  0.13260E+03  0.47233E-06 -0.17379E-05  0.12958E-05
  0.13290E+03  0.45999E-06 -0.16984E-05  0.12218E-05
  0.13320E+03  0.44610E-06 -0.16540E-05  0.11462E-05
  0.13350E+03  0.43099E-06 -0.16057E-05  0.10692E-05
  0.13380E+03  0.41497E-06 -0.15545E-05  0.99093E-06
  0.13410E+03  0.39847E-06 -0.15011E-05  0.91171E-06
  0.13440E+03  0.38187E-06 -0.14464E-05  0.83163E-06
  0.13470E+03  0.36551E-06 -0.13912E-05  0.75092E-06
  0.13500E+03  0.34955E-06 -0.13360E-05  0.66964E-06
  0.13530E+03  0.33450E-06 -0.12816E-05  0.58793E-06
  0.13560E+03  0.32035E-06 -0.12284E-05  0.50605E-06
  0.13590E+03  0.30756E-06 -0.11768E-05  0.42410E-06
  0.13620E+03  0.29603E-06 -0.11274E-05  0.34215E-06
  0.13650E+03  0.28609E-06 -0.10803E-05  0.26045E-06
  0.13680E+03  0.27766E-06 -0.10358E-05  0.17900E-06
  0.13710E+03  0.27095E-06 -0.99404E-06  0.98100E-07
  0.13740E+03  0.26597E-06 -0.95502E-06  0.17820E-07
  0.13770E+03  0.26249E-06 -0.91875E-06 -0.61590E-07
  0.13800E+03  0.26076E-06 -0.88512E-06 -0.14021E-06
  0.13830E+03  0.26045E-06 -0.85401E-06 -0.21778E-06
  0.13860E+03  0.26147E-06 -0.82518E-06 -0.29398E-06
  0.13890E+03  0.26382E-06 -0.79836E-06 -0.36893E-06
  0.13920E+03  0.26725E-06 -0.77326E-06 -0.44226E-06
  0.13950E+03  0.27147E-06 -0.74952E-06 -0.51386E-06
  0.13980E+03  0.27647E-06 -0.72677E-06 -0.58358E-06
  0.14010E+03  0.28187E-06 -0.70460E-06 -0.65124E-06
  0.14040E+03  0.28755E-06 -0.68259E-06 -0.71668E-06
  0.14070E+03  0.29315E-06 -0.66032E-06 -0.77957E-06
  0.14100E+03  0.29853E-06 -0.63737E-06 -0.84000E-06
  0.14130E+03  0.30343E-06 -0.61333E-06 -0.89756E-06
  0.14160E+03  0.30759E-06 -0.58780E-06 -0.95217E-06
  0.14190E+03  0.31081E-06 -0.56041E-06 -0.10036E-05
  0.14220E+03  0.31286E-06 -0.53080E-06 -0.10518E-05
  0.14250E+03  0.31354E-06 -0.49867E-06 -0.10964E-05
  0.14280E+03  0.31269E-06 -0.46375E-06 -0.11375E-05
  0.14310E+03  0.31011E-06 -0.42582E-06 -0.11747E-05
  0.14340E+03  0.30567E-06 -0.38469E-06 -0.12080E-05
  0.14370E+03  0.29927E-06 -0.34024E-06 -0.12372E-05
  0.14400E+03  0.29080E-06 -0.29240E-06 -0.12623E-05
  0.14430E+03  0.28020E-06 -0.24117E-06 -0.12831E-05
  0.14460E+03  0.26743E-06 -0.18656E-06 -0.12994E-05
  0.14490E+03  0.25247E-06 -0.12869E-06 -0.13114E-05
  0.14520E+03  0.23534E-06 -0.67698E-07 -0.13188E-05
  0.14550E+03  0.21610E-06 -0.37930E-08 -0.13217E-05
  0.14580E+03  0.19481E-06  0.62765E-07 -0.13200E-05
  0.14610E+03  0.17156E-06  0.13168E-06 -0.13137E-05
  0.14640E+03  0.14647E-06  0.20259E-06 -0.13029E-05
  0.14670E+03  0.11971E-06  0.27511E-06 -0.12875E-05
  0.14700E+03  0.91427E-07  0.34881E-06 -0.12677E-05
  0.14730E+03  0.61805E-07  0.42324E-06 -0.12436E-05
  0.14760E+03  0.31051E-07  0.49790E-06 -0.12151E-05
  0.14790E+03 -0.60800E-09  0.57229E-06 -0.11825E-05
  0.14820E+03 -0.32949E-07  0.64590E-06 -0.11459E-05
  0.14850E+03 -0.65728E-07  0.71819E-06 -0.11055E-05
  0.14880E+03 -0.98701E-07  0.78863E-06 -0.10614E-05
  0.14910E+03 -0.13161E-06  0.85670E-06 -0.10137E-05
  0.14940E+03 -0.16421E-06  0.92186E-06 -0.96282E-06
  0.14970E+03 -0.19624E-06  0.98362E-06 -0.90891E-06
  0.15000E+03 -0.22747E-06  0.10415E-05 -0.85222E-06
  0.15030E+03 -0.25764E-06  0.10950E-05 -0.79292E-06
  0.15060E+03 -0.28652E-06  0.11438E-05 -0.73140E-06
  0.15090E+03 -0.31390E-06  0.11874E-05 -0.66777E-06
  0.15120E+03 -0.33957E-06  0.12255E-05 -0.60250E-06
  0.15150E+03 -0.36332E-06  0.12577E-05 -0.53579E-06
  0.15180E+03 -0.38502E-06  0.12839E-05 -0.46789E-06
  0.15210E+03 -0.40447E-06  0.13037E-05 -0.39915E-06
  0.15240E+03 -0.42156E-06  0.13171E-05 -0.32988E-06
  0.15270E+03 -0.43617E-06  0.13238E-05 -0.26030E-06
  0.15300E+03 -0.44825E-06  0.13240E-05 -0.19073E-06
  0.15330E+03 -0.45768E-06  0.13174E-05 -0.12148E-06
  0.15360E+03 -0.46436E-06  0.13043E-05 -0.52890E-07
  0.15390E+03 -0.46837E-06  0.12846E-05  0.14930E-07
  0.15420E+03 -0.46973E-06  0.12585E-05  0.81560E-07
  0.15450E+03 -0.46840E-06  0.12263E-05  0.14680E-06
  0.15480E+03 -0.46451E-06  0.11881E-05  0.21041E-06
  0.15510E+03 -0.45800E-06  0.11443E-05  0.27211E-06
  0.15540E+03 -0.44901E-06  0.10951E-05  0.33176E-06
  0.15570E+03 -0.43764E-06  0.10410E-05  0.38911E-06
  0.15600E+03 -0.42404E-06  0.98225E-06  0.44402E-06
  0.15630E+03 -0.40837E-06  0.91938E-06  0.49623E-06
  0.15660E+03 -0.39081E-06  0.85281E-06  0.54560E-06
  0.15690E+03 -0.37133E-06  0.78299E-06  0.59201E-06
  0.15720E+03 -0.35034E-06  0.71042E-06  0.63543E-06
  0.15750E+03 -0.32795E-06  0.63558E-06  0.67563E-06
  0.15780E+03 -0.30430E-06  0.55898E-06  0.71257E-06
  0.15810E+03 -0.27963E-06  0.48112E-06  0.74621E-06
  0.15840E+03 -0.25411E-06  0.40250E-06  0.77639E-06
  0.15870E+03 -0.22796E-06  0.32361E-06  0.80318E-06
  0.15900E+03 -0.20136E-06  0.24492E-06  0.82652E-06
  0.15930E+03 -0.17452E-06  0.16692E-06  0.84640E-06
  0.15960E+03 -0.14761E-06  0.90031E-07  0.86285E-06
  0.15990E+03 -0.12082E-06  0.14693E-07  0.87588E-06
  0.16020E+03 -0.94331E-07 -0.58699E-07  0.88554E-06
  0.16050E+03 -0.68297E-07 -0.12977E-06  0.89187E-06
  0.16080E+03 -0.42880E-07 -0.19818E-06  0.89494E-06
  0.16110E+03 -0.18210E-07 -0.26362E-06  0.89483E-06
  0.16140E+03  0.55789E-08 -0.32581E-06  0.89158E-06
  0.16170E+03  0.28372E-07 -0.38450E-06  0.88542E-06
  0.16200E+03  0.50066E-07 -0.43950E-06  0.87626E-06
  0.16230E+03  0.70578E-07 -0.49064E-06  0.86446E-06
  0.16260E+03  0.89825E-07 -0.53776E-06  0.84982E-06
  0.16290E+03  0.10776E-06 -0.58078E-06  0.83279E-06
  0.16320E+03  0.12434E-06 -0.61963E-06  0.81322E-06
  0.16350E+03  0.13952E-06 -0.65428E-06  0.79142E-06
  0.16380E+03  0.15330E-06 -0.68472E-06  0.76756E-06
  0.16410E+03  0.16566E-06 -0.71099E-06  0.74156E-06
  0.16440E+03  0.17663E-06 -0.73316E-06  0.71376E-06
  0.16470E+03  0.18622E-06 -0.75130E-06  0.68430E-06
  0.16500E+03  0.19445E-06 -0.76552E-06  0.65318E-06
  0.16530E+03  0.20139E-06 -0.77597E-06  0.62066E-06
  0.16560E+03  0.20706E-06 -0.78279E-06  0.58677E-06
  0.16590E+03  0.21154E-06 -0.78615E-06  0.55176E-06
  0.16620E+03  0.21489E-06 -0.78624E-06  0.51577E-06
  0.16650E+03  0.21717E-06 -0.78325E-06  0.47889E-06
  0.16680E+03  0.21847E-06 -0.77740E-06  0.44122E-06
  0.16710E+03  0.21885E-06 -0.76887E-06  0.40285E-06
  0.16740E+03  0.21840E-06 -0.75790E-06  0.36408E-06
  0.16770E+03  0.21721E-06 -0.74469E-06  0.32493E-06
  0.16800E+03  0.21535E-06 -0.72947E-06  0.28548E-06
  0.16830E+03  0.21289E-06 -0.71243E-06  0.24599E-06
  0.16860E+03  0.20992E-06 -0.69380E-06  0.20641E-06
  0.16890E+03  0.20651E-06 -0.67377E-06  0.16692E-06
  0.16920E+03  0.20273E-06 -0.65252E-06  0.12762E-06
  0.16950E+03  0.19864E-06 -0.63023E-06  0.88560E-07
  0.16980E+03  0.19432E-06 -0.60708E-06  0.49950E-07
  0.17010E+03  0.18981E-06 -0.58321E-06  0.11860E-07
  0.17040E+03  0.18514E-06 -0.55877E-06 -0.25698E-07
  0.17070E+03  0.18041E-06 -0.53389E-06 -0.62563E-07
  0.17100E+03  0.17559E-06 -0.50868E-06 -0.98655E-07
  0.17130E+03  0.17076E-06 -0.48325E-06 -0.13391E-06
  0.17160E+03  0.16592E-06 -0.45766E-06 -0.16825E-06
  0.17190E+03  0.16109E-06 -0.43202E-06 -0.20158E-06
  0.17220E+03  0.15628E-06 -0.40636E-06 -0.23383E-06
  0.17250E+03  0.15151E-06 -0.38072E-06 -0.26494E-06
  0.17280E+03  0.14675E-06 -0.35517E-06 -0.29483E-06
  0.17310E+03  0.14204E-06 -0.32971E-06 -0.32344E-06
  0.17340E+03  0.13727E-06 -0.30435E-06 -0.35071E-06
  0.17370E+03  0.13260E-06 -0.27911E-06 -0.37658E-06
  0.17400E+03  0.12782E-06 -0.25397E-06 -0.40099E-06
  0.17430E+03  0.12302E-06 -0.22895E-06 -0.42394E-06
  0.17460E+03  0.11821E-06 -0.20402E-06 -0.44520E-06
  0.17490E+03  0.11327E-06 -0.17916E-06 -0.46493E-06
  0.17520E+03  0.10824E-06 -0.15436E-06 -0.48303E-06
  0.17550E+03  0.10304E-06 -0.12959E-06 -0.49946E-06
  0.17580E+03  0.97740E-07 -0.10485E-06 -0.51422E-06
  0.17610E+03  0.92170E-07 -0.80134E-07 -0.52713E-06
  0.17640E+03  0.86410E-07 -0.55399E-07 -0.53831E-06
  0.17670E+03  0.80440E-07 -0.30652E-07 -0.54763E-06
  0.17700E+03  0.74190E-07 -0.58960E-08 -0.55523E-06
  0.17730E+03  0.67650E-07  0.18880E-07 -0.56098E-06
  0.17760E+03  0.60855E-07  0.43653E-07 -0.56485E-06
  0.17790E+03  0.53783E-07  0.68415E-07 -0.56694E-06
  0.17820E+03  0.46424E-07  0.93136E-07 -0.56722E-06
  0.17850E+03  0.38773E-07  0.11779E-06 -0.56565E-06
  0.17880E+03  0.30850E-07  0.14233E-06 -0.56229E-06
  0.17910E+03  0.22649E-07  0.16672E-06 -0.55713E-06
  0.17940E+03  0.14195E-07  0.19091E-06 -0.55024E-06
  0.17970E+03  0.55050E-08  0.21481E-06 -0.54164E-06
  0.18000E+03 -0.33900E-08  0.23836E-06 -0.53129E-06
  0.18030E+03 -0.12464E-07  0.26150E-06 -0.51936E-06
  0.18060E+03 -0.21691E-07  0.28413E-06 -0.50583E-06
  0.18090E+03 -0.31027E-07  0.30616E-06 -0.49074E-06
  0.18120E+03 -0.40420E-07  0.32751E-06 -0.47419E-06
  0.18150E+03 -0.49840E-07  0.34808E-06 -0.45621E-06
  0.18180E+03 -0.59250E-07  0.36777E-06 -0.43689E-06
  0.18210E+03 -0.68590E-07  0.38648E-06 -0.41632E-06
  0.18240E+03 -0.77820E-07  0.40410E-06 -0.39454E-06
  0.18270E+03 -0.86890E-07  0.42055E-06 -0.37166E-06
  0.18300E+03 -0.95670E-07  0.43572E-06 -0.34777E-06
  0.18330E+03 -0.10421E-06  0.44952E-06 -0.32295E-06
  0.18360E+03 -0.11244E-06  0.46186E-06 -0.29731E-06
  0.18390E+03 -0.12034E-06  0.47260E-06 -0.27094E-06
  0.18420E+03 -0.12772E-06  0.48180E-06 -0.24394E-06
  0.18450E+03 -0.13465E-06  0.48931E-06 -0.21640E-06
  0.18480E+03 -0.14103E-06  0.49497E-06 -0.18845E-06
  0.18510E+03 -0.14687E-06  0.49891E-06 -0.16017E-06
  0.18540E+03 -0.15212E-06  0.50088E-06 -0.13168E-06
  0.18570E+03 -0.15672E-06  0.50105E-06 -0.10308E-06
  0.18600E+03 -0.16063E-06  0.49922E-06 -0.74480E-07
  0.18630E+03 -0.16381E-06  0.49555E-06 -0.45982E-07
  0.18660E+03 -0.16634E-06  0.48989E-06 -0.17696E-07
  0.18690E+03 -0.16810E-06  0.48233E-06  0.10292E-07
  0.18720E+03 -0.16911E-06  0.47286E-06  0.37864E-07
  0.18750E+03 -0.16937E-06  0.46152E-06  0.64932E-07
  0.18780E+03 -0.16887E-06  0.44837E-06  0.91407E-07
  0.18810E+03 -0.16761E-06  0.43345E-06  0.11720E-06
  0.18840E+03 -0.16560E-06  0.41684E-06  0.14222E-06
  0.18870E+03 -0.16286E-06  0.39861E-06  0.16637E-06
  0.18900E+03 -0.15940E-06  0.37885E-06  0.18959E-06
  0.18930E+03 -0.15527E-06  0.35768E-06  0.21181E-06
  0.18960E+03 -0.15042E-06  0.33517E-06  0.23295E-06
  0.18990E+03 -0.14503E-06  0.31146E-06  0.25295E-06
  0.19020E+03 -0.13893E-06  0.28667E-06  0.27176E-06
  0.19050E+03 -0.13240E-06  0.26091E-06  0.28933E-06
  0.19080E+03 -0.12527E-06  0.23433E-06  0.30560E-06
  0.19110E+03 -0.11768E-06  0.20706E-06  0.32055E-06
  0.19140E+03 -0.10967E-06  0.17925E-06  0.33414E-06
  0.19170E+03 -0.10136E-06  0.15101E-06  0.34633E-06
  0.19200E+03 -0.92690E-07  0.12252E-06  0.35711E-06
  0.19230E+03 -0.83730E-07  0.93896E-07  0.36647E-06
  0.19260E+03 -0.74490E-07  0.65291E-07  0.37438E-06
  0.19290E+03 -0.65210E-07  0.36840E-07  0.38087E-06
  0.19320E+03 -0.55800E-07  0.86690E-08  0.38591E-06
  0.19350E+03 -0.46270E-07 -0.19071E-07  0.38953E-06
  0.19380E+03 -0.36770E-07 -0.46274E-07  0.39173E-06
  0.19410E+03 -0.27370E-07 -0.72801E-07  0.39254E-06
  0.19440E+03 -0.18030E-07 -0.98533E-07  0.39197E-06
  0.19470E+03 -0.88099E-08 -0.12339E-06  0.39005E-06
  0.19500E+03  0.26000E-09 -0.14728E-06  0.38683E-06
  0.19530E+03  0.90500E-08 -0.17009E-06  0.38233E-06
  0.19560E+03  0.17603E-07 -0.19169E-06  0.37660E-06
  0.19590E+03  0.25844E-07 -0.21211E-06  0.36968E-06
  0.19620E+03  0.33752E-07 -0.23121E-06  0.36161E-06
  0.19650E+03  0.41303E-07 -0.24896E-06  0.35246E-06
  0.19680E+03  0.48470E-07 -0.26531E-06  0.34226E-06
  0.19710E+03  0.55231E-07 -0.28020E-06  0.33109E-06
  0.19740E+03  0.61563E-07 -0.29364E-06  0.31901E-06
  0.19770E+03  0.67455E-07 -0.30559E-06  0.30606E-06
  0.19800E+03  0.72943E-07 -0.31605E-06  0.29231E-06
  0.19830E+03  0.77910E-07 -0.32500E-06  0.27782E-06
  0.19860E+03  0.82370E-07 -0.33247E-06  0.26267E-06
  0.19890E+03  0.86410E-07 -0.33847E-06  0.24691E-06
  0.19920E+03  0.90030E-07 -0.34301E-06  0.23060E-06
  0.19950E+03  0.93100E-07 -0.34613E-06  0.21382E-06
  0.19980E+03  0.95760E-07 -0.34786E-06  0.19663E-06
  0.20010E+03  0.97980E-07 -0.34825E-06  0.17909E-06
  0.20040E+03  0.99840E-07 -0.34733E-06  0.16127E-06
  0.20070E+03  0.10120E-06 -0.34516E-06  0.14323E-06
  0.20100E+03  0.10207E-06 -0.34180E-06  0.12505E-06
  0.20130E+03  0.10266E-06 -0.33730E-06  0.10676E-06
  0.20160E+03  0.10281E-06 -0.33172E-06  0.88450E-07
  0.20190E+03  0.10261E-06 -0.32512E-06  0.70156E-07
  0.20220E+03  0.10216E-06 -0.31758E-06  0.51961E-07
  0.20250E+03  0.10130E-06 -0.30914E-06  0.33898E-07
  0.20280E+03  0.10012E-06 -0.29990E-06  0.16027E-07
  0.20310E+03  0.98700E-07 -0.28990E-06 -0.15860E-08
  0.20340E+03  0.97100E-07 -0.27921E-06 -0.18903E-07
  0.20370E+03  0.95150E-07 -0.26790E-06 -0.35879E-07
  0.20400E+03  0.92990E-07 -0.25604E-06 -0.52460E-07
  0.20430E+03  0.90660E-07 -0.24368E-06 -0.68593E-07
  0.20460E+03  0.88110E-07 -0.23088E-06 -0.84262E-07
  0.20490E+03  0.85379E-07 -0.21771E-06 -0.99399E-07
  0.20520E+03  0.82512E-07 -0.20421E-06 -0.11398E-06
  0.20550E+03  0.79511E-07 -0.19044E-06 -0.12797E-06
  0.20580E+03  0.76385E-07 -0.17646E-06 -0.14134E-06
  0.20610E+03  0.73144E-07 -0.16230E-06 -0.15405E-06
  0.20640E+03  0.69806E-07 -0.14803E-06 -0.16607E-06
  0.20670E+03  0.66382E-07 -0.13368E-06 -0.17738E-06
  0.20700E+03  0.62872E-07 -0.11928E-06 -0.18797E-06
  0.20730E+03  0.59299E-07 -0.10488E-06 -0.19779E-06
  0.20760E+03  0.55668E-07 -0.90515E-07 -0.20684E-06
  0.20790E+03  0.51977E-07 -0.76219E-07 -0.21511E-06
  0.20820E+03  0.48290E-07 -0.62017E-07 -0.22257E-06
  0.20850E+03  0.44440E-07 -0.47941E-07 -0.22921E-06
  0.20880E+03  0.40680E-07 -0.34020E-07 -0.23504E-06
  0.20910E+03  0.36830E-07 -0.20282E-07 -0.24003E-06
  0.20940E+03  0.32930E-07 -0.67440E-08 -0.24418E-06
  0.20970E+03  0.29120E-07  0.65700E-08 -0.24751E-06
  0.21000E+03  0.25200E-07  0.19638E-07 -0.25000E-06
  0.21030E+03  0.21250E-07  0.32435E-07 -0.25165E-06
  0.21060E+03  0.17350E-07  0.44948E-07 -0.25248E-06
  0.21090E+03  0.13490E-07  0.57153E-07 -0.25249E-06
  0.21120E+03  0.95699E-08  0.69032E-07 -0.25169E-06
  0.21150E+03  0.56899E-08  0.80562E-07 -0.25010E-06
  0.21180E+03  0.17800E-08  0.91744E-07 -0.24772E-06
  0.21210E+03 -0.20600E-08  0.10253E-06 -0.24457E-06
  0.21240E+03 -0.59700E-08  0.11293E-06 -0.24067E-06
  0.21270E+03 -0.97400E-08  0.12291E-06 -0.23606E-06
  0.21300E+03 -0.13500E-07  0.13246E-06 -0.23073E-06
  0.21330E+03 -0.17280E-07  0.14156E-06 -0.22472E-06
  0.21360E+03 -0.20950E-07  0.15019E-06 -0.21807E-06
  0.21390E+03 -0.24560E-07  0.15833E-06 -0.21079E-06
  0.21420E+03 -0.28066E-07  0.16596E-06 -0.20291E-06
  0.21450E+03 -0.31517E-07  0.17307E-06 -0.19447E-06
  0.21480E+03 -0.34868E-07  0.17965E-06 -0.18551E-06
  0.21510E+03 -0.38129E-07  0.18566E-06 -0.17604E-06
  0.21540E+03 -0.41269E-07  0.19110E-06 -0.16612E-06
  0.21570E+03 -0.44293E-07  0.19595E-06 -0.15578E-06
  0.21600E+03 -0.47179E-07  0.20020E-06 -0.14506E-06
  0.21630E+03 -0.49923E-07  0.20382E-06 -0.13399E-06
  0.21660E+03 -0.52508E-07  0.20682E-06 -0.12261E-06
  0.21690E+03 -0.54918E-07  0.20918E-06 -0.11098E-06
  0.21720E+03 -0.57167E-07  0.21088E-06 -0.99129E-07
  0.21750E+03 -0.59224E-07  0.21193E-06 -0.87098E-07
  0.21780E+03 -0.61085E-07  0.21231E-06 -0.74930E-07
  0.21810E+03 -0.62736E-07  0.21202E-06 -0.62669E-07
  0.21840E+03 -0.64177E-07  0.21106E-06 -0.50356E-07
  0.21870E+03 -0.65399E-07  0.20943E-06 -0.38033E-07
  0.21900E+03 -0.66394E-07  0.20712E-06 -0.25744E-07
  0.21930E+03 -0.67156E-07  0.20415E-06 -0.13528E-07
  0.21960E+03 -0.67680E-07  0.20053E-06 -0.14266E-08
  0.21990E+03 -0.67960E-07  0.19626E-06  0.10520E-07
  0.22020E+03 -0.68001E-07  0.19135E-06  0.22272E-07
  0.22050E+03 -0.67796E-07  0.18583E-06  0.33792E-07
  0.22080E+03 -0.67351E-07  0.17971E-06  0.45045E-07
  0.22110E+03 -0.66649E-07  0.17301E-06  0.55993E-07
  0.22140E+03 -0.65709E-07  0.16577E-06  0.66603E-07
  0.22170E+03 -0.64533E-07  0.15799E-06  0.76843E-07
  0.22200E+03 -0.63124E-07  0.14972E-06  0.86680E-07
  0.22230E+03 -0.61486E-07  0.14098E-06  0.96088E-07
  0.22260E+03 -0.59633E-07  0.13180E-06  0.10504E-06
  0.22290E+03 -0.57559E-07  0.12224E-06  0.11351E-06
  0.22320E+03 -0.55284E-07  0.11231E-06  0.12147E-06
  0.22350E+03 -0.52822E-07  0.10206E-06  0.12891E-06
  0.22380E+03 -0.50167E-07  0.91537E-07  0.13579E-06
  0.22410E+03 -0.47353E-07  0.80781E-07  0.14212E-06
  0.22440E+03 -0.44386E-07  0.69835E-07  0.14787E-06
  0.22470E+03 -0.41269E-07  0.58738E-07  0.15303E-06
  0.22500E+03 -0.38034E-07  0.47532E-07  0.15760E-06
  0.22530E+03 -0.34676E-07  0.36277E-07  0.16157E-06
  0.22560E+03 -0.31230E-07  0.25010E-07  0.16492E-06
  0.22590E+03 -0.27708E-07  0.13777E-07  0.16765E-06
  0.22620E+03 -0.24114E-07  0.26211E-08  0.16978E-06
  0.22650E+03 -0.20478E-07 -0.84140E-08  0.17129E-06
  0.22680E+03 -0.16814E-07 -0.19275E-07  0.17220E-06
  0.22710E+03 -0.13132E-07 -0.29933E-07  0.17250E-06
  0.22740E+03 -0.94490E-08 -0.40341E-07  0.17222E-06
  0.22770E+03 -0.57860E-08 -0.50459E-07  0.17135E-06
  0.22800E+03 -0.21600E-08 -0.60246E-07  0.16991E-06
  0.22830E+03  0.14110E-08 -0.69677E-07  0.16791E-06
  0.22860E+03  0.49280E-08 -0.78713E-07  0.16537E-06
  0.22890E+03  0.83650E-08 -0.87321E-07  0.16231E-06
  0.22920E+03  0.11707E-07 -0.95479E-07  0.15875E-06
  0.22950E+03  0.14941E-07 -0.10315E-06  0.15469E-06
  0.22980E+03  0.18064E-07 -0.11033E-06  0.15019E-06
  0.23010E+03  0.21063E-07 -0.11697E-06  0.14524E-06
  0.23040E+03  0.23924E-07 -0.12307E-06  0.13989E-06
  0.23070E+03  0.26641E-07 -0.12861E-06  0.13413E-06
  0.23100E+03  0.29198E-07 -0.13358E-06  0.12803E-06
  0.23130E+03  0.31590E-07 -0.13798E-06  0.12158E-06
  0.23160E+03  0.33821E-07 -0.14179E-06  0.11483E-06
  0.23190E+03  0.35880E-07 -0.14501E-06  0.10780E-06
  0.23220E+03  0.37761E-07 -0.14764E-06  0.10052E-06
  0.23250E+03  0.39457E-07 -0.14969E-06  0.93019E-07
  0.23280E+03  0.40974E-07 -0.15115E-06  0.85329E-07
  0.23310E+03  0.42300E-07 -0.15202E-06  0.77473E-07
  0.23340E+03  0.43449E-07 -0.15235E-06  0.69482E-07
  0.23370E+03  0.44410E-07 -0.15209E-06  0.61395E-07
  0.23400E+03  0.45196E-07 -0.15132E-06  0.53223E-07
  0.23430E+03  0.45792E-07 -0.15001E-06  0.45017E-07
  0.23460E+03  0.46220E-07 -0.14818E-06  0.36781E-07
  0.23490E+03  0.46467E-07 -0.14587E-06  0.28564E-07
  0.23520E+03  0.46544E-07 -0.14309E-06  0.20382E-07
  0.23550E+03  0.46456E-07 -0.13986E-06  0.12267E-07
  0.23580E+03  0.46211E-07 -0.13620E-06  0.42380E-08
  0.23610E+03  0.45811E-07 -0.13214E-06 -0.36820E-08
  0.23640E+03  0.45261E-07 -0.12771E-06 -0.11452E-07
  0.23670E+03  0.44568E-07 -0.12293E-06 -0.19063E-07
  0.23700E+03  0.43743E-07 -0.11782E-06 -0.26495E-07
  0.23730E+03  0.42794E-07 -0.11242E-06 -0.33719E-07
  0.23760E+03  0.41721E-07 -0.10674E-06 -0.40716E-07
  0.23790E+03  0.40537E-07 -0.10081E-06 -0.47470E-07
  0.23820E+03  0.39247E-07 -0.94670E-07 -0.53960E-07
  0.23850E+03  0.37854E-07 -0.88349E-07 -0.60171E-07
  0.23880E+03  0.36371E-07 -0.81850E-07 -0.66085E-07
  0.23910E+03  0.34814E-07 -0.75217E-07 -0.71695E-07
  0.23940E+03  0.33170E-07 -0.68479E-07 -0.76975E-07
  0.23970E+03  0.31462E-07 -0.61651E-07 -0.81923E-07
  0.24000E+03  0.29698E-07 -0.54753E-07 -0.86535E-07
  0.24030E+03  0.27873E-07 -0.47821E-07 -0.90783E-07
  0.24060E+03  0.26004E-07 -0.40874E-07 -0.94665E-07
  0.24090E+03  0.24100E-07 -0.33932E-07 -0.98191E-07
  0.24120E+03  0.22160E-07 -0.27022E-07 -0.10133E-06
  0.24150E+03  0.20190E-07 -0.20166E-07 -0.10411E-06
  0.24180E+03  0.18170E-07 -0.13368E-07 -0.10648E-06
  0.24210E+03  0.16160E-07 -0.66670E-08 -0.10849E-06
  0.24240E+03  0.14180E-07 -0.64006E-10 -0.11011E-06
  0.24270E+03  0.12165E-07  0.64090E-08 -0.11134E-06
  0.24300E+03  0.10150E-07  0.12748E-07 -0.11220E-06
  0.24330E+03  0.81390E-08  0.18926E-07 -0.11268E-06
  0.24360E+03  0.61420E-08  0.24941E-07 -0.11277E-06
  0.24390E+03  0.41680E-08  0.30762E-07 -0.11250E-06
  0.24420E+03  0.22040E-08  0.36395E-07 -0.11187E-06
  0.24450E+03  0.27796E-09  0.41824E-07 -0.11089E-06
  0.24480E+03 -0.16300E-08  0.47024E-07 -0.10956E-06
  0.24510E+03 -0.34900E-08  0.51993E-07 -0.10789E-06
  0.24540E+03 -0.53230E-08  0.56733E-07 -0.10588E-06
  0.24570E+03 -0.71100E-08  0.61214E-07 -0.10357E-06
  0.24600E+03 -0.88520E-08  0.65442E-07 -0.10095E-06
  0.24630E+03 -0.10539E-07  0.69407E-07 -0.98036E-07
  0.24660E+03 -0.12174E-07  0.73100E-07 -0.94835E-07
  0.24690E+03 -0.13757E-07  0.76516E-07 -0.91381E-07
  0.24720E+03 -0.15272E-07  0.79652E-07 -0.87679E-07
  0.24750E+03 -0.16732E-07  0.82499E-07 -0.83737E-07
  0.24780E+03 -0.18116E-07  0.85057E-07 -0.79574E-07
  0.24810E+03 -0.19435E-07  0.87321E-07 -0.75211E-07
  0.24840E+03 -0.20686E-07  0.89289E-07 -0.70663E-07
  0.24870E+03 -0.21858E-07  0.90961E-07 -0.65951E-07
  0.24900E+03 -0.22948E-07  0.92330E-07 -0.61075E-07
  0.24930E+03 -0.23963E-07  0.93395E-07 -0.56083E-07
  0.24960E+03 -0.24899E-07  0.94165E-07 -0.50964E-07
  0.24990E+03 -0.25745E-07  0.94633E-07 -0.45758E-07
  0.25020E+03 -0.26503E-07  0.94812E-07 -0.40459E-07
  0.25050E+03 -0.27174E-07  0.94687E-07 -0.35113E-07
  0.25080E+03 -0.27754E-07  0.94272E-07 -0.29726E-07
  0.25110E+03 -0.28241E-07  0.93569E-07 -0.24310E-07
  0.25140E+03 -0.28641E-07  0.92582E-07 -0.18888E-07
  0.25170E+03 -0.28943E-07  0.91316E-07 -0.13477E-07
  0.25200E+03 -0.29149E-07  0.89777E-07 -0.81200E-08
  0.25230E+03 -0.29269E-07  0.87973E-07 -0.27800E-08
  0.25260E+03 -0.29286E-07  0.85909E-07  0.25300E-08
  0.25290E+03 -0.29218E-07  0.83595E-07  0.77100E-08
  0.25320E+03 -0.29043E-07  0.81039E-07  0.12740E-07
  0.25350E+03 -0.28790E-07  0.78252E-07  0.17760E-07
  0.25380E+03 -0.28437E-07  0.75242E-07  0.22560E-07
  0.25410E+03 -0.27987E-07  0.72021E-07  0.27290E-07
  0.25440E+03 -0.27462E-07  0.68602E-07  0.31841E-07
  0.25470E+03 -0.26841E-07  0.64996E-07  0.36215E-07
  0.25500E+03 -0.26140E-07  0.61217E-07  0.40408E-07
  0.25530E+03 -0.25356E-07  0.57277E-07  0.44410E-07
  0.25560E+03 -0.24493E-07  0.53190E-07  0.48207E-07
  0.25590E+03 -0.23556E-07  0.48972E-07  0.51795E-07
  0.25620E+03 -0.22545E-07  0.44637E-07  0.55157E-07
  0.25650E+03 -0.21469E-07  0.40200E-07  0.58277E-07
  0.25680E+03 -0.20329E-07  0.35678E-07  0.61162E-07
  0.25710E+03 -0.19139E-07  0.31086E-07  0.63806E-07
  0.25740E+03 -0.17887E-07  0.26440E-07  0.66199E-07
  0.25770E+03 -0.16584E-07  0.21757E-07  0.68332E-07
  0.25800E+03 -0.15234E-07  0.17052E-07  0.70206E-07
  0.25830E+03 -0.13850E-07  0.12345E-07  0.71817E-07
  0.25860E+03 -0.12431E-07  0.76474E-08  0.73162E-07
  0.25890E+03 -0.10980E-07  0.29787E-08  0.74245E-07
  0.25920E+03 -0.95130E-08 -0.16451E-08  0.75062E-07
  0.25950E+03 -0.80340E-08 -0.62083E-08  0.75613E-07
  0.25980E+03 -0.65300E-08 -0.10696E-07  0.75905E-07
  0.26010E+03 -0.50270E-08 -0.15092E-07  0.75941E-07
  0.26040E+03 -0.35250E-08 -0.19383E-07  0.75715E-07
  0.26070E+03 -0.20340E-08 -0.23553E-07  0.75232E-07
  0.26100E+03 -0.54499E-09 -0.27589E-07  0.74510E-07
  0.26130E+03  0.92402E-09 -0.31479E-07  0.73554E-07
  0.26160E+03  0.23600E-08 -0.35209E-07  0.72360E-07
  0.26190E+03  0.37810E-08 -0.38767E-07  0.70940E-07
  0.26220E+03  0.51690E-08 -0.42144E-07  0.69298E-07
  0.26250E+03  0.65100E-08 -0.45328E-07  0.67458E-07
  0.26280E+03  0.78150E-08 -0.48311E-07  0.65409E-07
  0.26310E+03  0.90780E-08 -0.51085E-07  0.63175E-07
  0.26340E+03  0.10281E-07 -0.53642E-07  0.60760E-07
  0.26370E+03  0.11436E-07 -0.55974E-07  0.58178E-07
  0.26400E+03  0.12531E-07 -0.58078E-07  0.55442E-07
  0.26430E+03  0.13564E-07 -0.59949E-07  0.52556E-07
  0.26460E+03  0.14529E-07 -0.61581E-07  0.49539E-07
  0.26490E+03  0.15438E-07 -0.62979E-07  0.46403E-07
  0.26520E+03  0.16268E-07 -0.64125E-07  0.43160E-07
  0.26550E+03  0.17033E-07 -0.65036E-07  0.39817E-07
  0.26580E+03  0.17720E-07 -0.65704E-07  0.36399E-07
  0.26610E+03  0.18329E-07 -0.66131E-07  0.32908E-07
  0.26640E+03  0.18872E-07 -0.66321E-07  0.29363E-07
  0.26670E+03  0.19341E-07 -0.66284E-07  0.25763E-07
  0.26700E+03  0.19729E-07 -0.66000E-07  0.22140E-07
  0.26730E+03  0.20037E-07 -0.65503E-07  0.18504E-07
  0.26760E+03  0.20274E-07 -0.64781E-07  0.14852E-07
  0.26790E+03  0.20433E-07 -0.63843E-07  0.11209E-07
  0.26820E+03  0.20518E-07 -0.62708E-07  0.75910E-08
  0.26850E+03  0.20532E-07 -0.61360E-07  0.39930E-08
  0.26880E+03  0.20468E-07 -0.59827E-07  0.44260E-09
  0.26910E+03  0.20343E-07 -0.58118E-07 -0.30555E-08
  0.26940E+03  0.20145E-07 -0.56229E-07 -0.64890E-08
  0.26970E+03  0.19882E-07 -0.54188E-07 -0.98480E-08
  0.27000E+03  0.19556E-07 -0.51985E-07 -0.13125E-07
  0.27030E+03  0.19165E-07 -0.49647E-07 -0.16308E-07
  0.27060E+03  0.18722E-07 -0.47175E-07 -0.19382E-07
  0.27090E+03  0.18223E-07 -0.44582E-07 -0.22347E-07
  0.27120E+03  0.17661E-07 -0.41878E-07 -0.25194E-07
  0.27150E+03  0.17065E-07 -0.39084E-07 -0.27913E-07
  0.27180E+03  0.16412E-07 -0.36210E-07 -0.30495E-07
  0.27210E+03  0.15719E-07 -0.33257E-07 -0.32939E-07
  0.27240E+03  0.14991E-07 -0.30236E-07 -0.35229E-07
  0.27270E+03  0.14221E-07 -0.27173E-07 -0.37376E-07
  0.27300E+03  0.13421E-07 -0.24072E-07 -0.39361E-07
  0.27330E+03  0.12585E-07 -0.20946E-07 -0.41187E-07
  0.27360E+03  0.11726E-07 -0.17799E-07 -0.42857E-07
  0.27390E+03  0.10853E-07 -0.14654E-07 -0.44343E-07
  0.27420E+03  0.99530E-08 -0.11510E-07 -0.45677E-07
  0.27450E+03  0.90360E-08 -0.83870E-08 -0.46827E-07
  0.27480E+03  0.81000E-08 -0.52810E-08 -0.47808E-07
  0.27510E+03  0.71400E-08 -0.22202E-08 -0.48616E-07
  0.27540E+03  0.62601E-08  0.79740E-09 -0.49255E-07
  0.27570E+03  0.52599E-08  0.37605E-08 -0.49719E-07
  0.27600E+03  0.43400E-08  0.66598E-08 -0.50011E-07
  0.27630E+03  0.34000E-08  0.94875E-08 -0.50141E-07
  0.27660E+03  0.24700E-08  0.12234E-07 -0.50098E-07
  0.27690E+03  0.15100E-08  0.14897E-07 -0.49885E-07
  0.27720E+03  0.64006E-09  0.17467E-07 -0.49522E-07
  0.27750E+03 -0.31991E-09  0.19931E-07 -0.48996E-07
  0.27780E+03 -0.11501E-08  0.22295E-07 -0.48317E-07
  0.27810E+03 -0.20700E-08  0.24548E-07 -0.47486E-07
  0.27840E+03 -0.28900E-08  0.26679E-07 -0.46515E-07
  0.27870E+03 -0.37001E-08  0.28687E-07 -0.45399E-07
  0.27900E+03 -0.45110E-08  0.30568E-07 -0.44154E-07
  0.27930E+03 -0.52750E-08  0.32326E-07 -0.42783E-07
  0.27960E+03 -0.60170E-08  0.33949E-07 -0.41289E-07
  0.27990E+03 -0.67320E-08  0.35446E-07 -0.39688E-07
  0.28020E+03 -0.74070E-08  0.36788E-07 -0.37974E-07
  0.28050E+03 -0.80460E-08  0.38001E-07 -0.36156E-07
  0.28080E+03 -0.86590E-08  0.39078E-07 -0.34250E-07
  0.28110E+03 -0.92330E-08  0.40001E-07 -0.32263E-07
  0.28140E+03 -0.97661E-08  0.40792E-07 -0.30193E-07
  0.28170E+03 -0.10266E-07  0.41432E-07 -0.28053E-07
  0.28200E+03 -0.10718E-07  0.41932E-07 -0.25856E-07
  0.28230E+03 -0.11134E-07  0.42301E-07 -0.23604E-07
  0.28260E+03 -0.11511E-07  0.42511E-07 -0.21303E-07
  0.28290E+03 -0.11850E-07  0.42599E-07 -0.18975E-07
  0.28320E+03 -0.12133E-07  0.42540E-07 -0.16610E-07
  0.28350E+03 -0.12385E-07  0.42347E-07 -0.14224E-07
  0.28380E+03 -0.12550E-07  0.42025E-07 -0.11830E-07
  0.28410E+03 -0.12750E-07  0.41570E-07 -0.94310E-08
  0.28440E+03 -0.12910E-07  0.40991E-07 -0.70340E-08
  0.28470E+03 -0.12920E-07  0.40284E-07 -0.46400E-08
  0.28500E+03 -0.13010E-07  0.39468E-07 -0.22770E-08
  0.28530E+03 -0.12980E-07  0.38532E-07  0.62016E-10
  0.28560E+03 -0.12990E-07  0.37481E-07  0.23670E-08
  0.28590E+03 -0.12910E-07  0.36324E-07  0.46350E-08
  0.28620E+03 -0.12730E-07  0.35067E-07  0.68540E-08
  0.28650E+03 -0.12610E-07  0.33718E-07  0.90260E-08
  0.28680E+03 -0.12340E-07  0.32280E-07  0.11120E-07
  0.28710E+03 -0.12070E-07  0.30753E-07  0.13158E-07
  0.28740E+03 -0.11820E-07  0.29148E-07  0.15124E-07
  0.28770E+03 -0.11540E-07  0.27470E-07  0.17010E-07
  0.28800E+03 -0.11160E-07  0.25725E-07  0.18817E-07
  0.28830E+03 -0.10780E-07  0.23919E-07  0.20534E-07
  0.28860E+03 -0.10384E-07  0.22063E-07  0.22155E-07
  0.28890E+03 -0.99400E-08  0.20153E-07  0.23678E-07
  0.28920E+03 -0.94720E-08  0.18198E-07  0.25105E-07
  0.28950E+03 -0.89870E-08  0.16219E-07  0.26431E-07
  0.28980E+03 -0.84600E-08  0.14209E-07  0.27646E-07
  0.29010E+03 -0.79230E-08  0.12174E-07  0.28751E-07
  0.29040E+03 -0.73690E-08  0.10137E-07  0.29745E-07
  0.29070E+03 -0.67890E-08  0.80850E-08  0.30627E-07
  0.29100E+03 -0.61924E-08  0.60290E-08  0.31389E-07
  0.29130E+03 -0.55820E-08  0.39840E-08  0.32048E-07
  0.29160E+03 -0.49670E-08  0.19480E-08  0.32577E-07
  0.29190E+03 -0.43320E-08 -0.60027E-10  0.33000E-07
  0.29220E+03 -0.37020E-08 -0.20490E-08  0.33299E-07
  0.29250E+03 -0.30570E-08 -0.40040E-08  0.33488E-07
  0.29280E+03 -0.24150E-08 -0.59200E-08  0.33567E-07
  0.29310E+03 -0.17690E-08 -0.77900E-08  0.33528E-07
  0.29340E+03 -0.11280E-08 -0.96070E-08  0.33375E-07
  0.29370E+03 -0.49602E-09 -0.11371E-07  0.33111E-07
  0.29400E+03  0.14995E-09 -0.13079E-07  0.32752E-07
  0.29430E+03  0.76000E-09 -0.14715E-07  0.32278E-07
  0.29460E+03  0.14199E-08 -0.16279E-07  0.31710E-07
  0.29490E+03  0.19400E-08 -0.17773E-07  0.31037E-07
  0.29520E+03  0.25300E-08 -0.19181E-07  0.30279E-07
  0.29550E+03  0.31599E-08 -0.20508E-07  0.29427E-07
  0.29580E+03  0.36400E-08 -0.21748E-07  0.28490E-07
  0.29610E+03  0.42600E-08 -0.22898E-07  0.27472E-07
  0.29640E+03  0.46900E-08 -0.23952E-07  0.26374E-07
  0.29670E+03  0.52200E-08 -0.24917E-07  0.25205E-07
  0.29700E+03  0.57100E-08 -0.25782E-07  0.23972E-07
  0.29730E+03  0.60800E-08 -0.26548E-07  0.22681E-07
  0.29760E+03  0.65000E-08 -0.27207E-07  0.21336E-07
  0.29790E+03  0.69599E-08 -0.27773E-07  0.19941E-07
  0.29820E+03  0.72599E-08 -0.28234E-07  0.18492E-07
  0.29850E+03  0.76180E-08 -0.28592E-07  0.17018E-07
  0.29880E+03  0.79190E-08 -0.28848E-07  0.15497E-07
  0.29910E+03  0.81980E-08 -0.29002E-07  0.13953E-07
  0.29940E+03  0.84351E-08 -0.29057E-07  0.12391E-07
  0.29970E+03  0.86550E-08 -0.29011E-07  0.10813E-07
  0.30000E+03  0.88350E-08 -0.28868E-07  0.92160E-08
  0.30030E+03  0.89830E-08 -0.28629E-07  0.76167E-08
  0.30060E+03  0.91060E-08 -0.28296E-07  0.60164E-08
  0.30090E+03  0.91940E-08 -0.27872E-07  0.44207E-08
  0.30120E+03  0.92410E-08 -0.27360E-07  0.28329E-08
  0.30150E+03  0.92660E-08 -0.26763E-07  0.12595E-08
  0.30180E+03  0.92530E-08 -0.26084E-07 -0.29610E-09
  0.30210E+03  0.92180E-08 -0.25326E-07 -0.18288E-08
  0.30240E+03  0.91425E-08 -0.24495E-07 -0.33360E-08
  0.30270E+03  0.90377E-08 -0.23594E-07 -0.48100E-08
  0.30300E+03  0.88990E-08 -0.22625E-07 -0.62470E-08
  0.30330E+03  0.87390E-08 -0.21595E-07 -0.76460E-08
  0.30360E+03  0.85420E-08 -0.20507E-07 -0.90020E-08
  0.30390E+03  0.83070E-08 -0.19367E-07 -0.10306E-07
  0.30420E+03  0.80590E-08 -0.18179E-07 -0.11566E-07
  0.30450E+03  0.77730E-08 -0.16948E-07 -0.12775E-07
  0.30480E+03  0.74730E-08 -0.15680E-07 -0.13920E-07
  0.30510E+03  0.71370E-08 -0.14377E-07 -0.15006E-07
  0.30540E+03  0.67770E-08 -0.13048E-07 -0.16031E-07
  0.30570E+03  0.64020E-08 -0.11695E-07 -0.16991E-07
  0.30600E+03  0.60151E-08 -0.10323E-07 -0.17886E-07
  0.30630E+03  0.55601E-08 -0.89399E-08 -0.18711E-07
  0.30660E+03  0.30013E-10 -0.39790E-12 -0.20037E-11
  0.30690E+03 -0.10004E-10  0.99476E-13  0.29985E-11
