  0.000000E+00  0.205755E-13  0.928609E-14  0.104704E-12
  0.300000E+00  0.286659E-12  0.952320E-13  0.111675E-11
  0.600000E+00  0.183155E-11  0.484958E-12  0.608156E-11
  0.900000E+00  0.759063E-11  0.178077E-11  0.227343E-10
  0.120000E+01  0.237056E-10  0.553194E-11  0.660519E-10
  0.150000E+01  0.606275E-10  0.151277E-10  0.159990E-09
  0.180000E+01  0.133599E-09  0.363622E-10  0.338186E-09
  0.210000E+01  0.261909E-09  0.773349E-10  0.643974E-09
  0.240000E+01  0.466387E-09  0.147998E-09  0.112984E-08
  0.270000E+01  0.765689E-09  0.259355E-09  0.185610E-08
  0.300000E+01  0.117293E-08  0.422160E-09  0.288919E-08
  0.330000E+01  0.169372E-08  0.645621E-09  0.430032E-08
  0.360000E+01  0.232557E-08  0.936944E-09  0.616484E-08
  0.390000E+01  0.305807E-08  0.130205E-08  0.856156E-08
  0.420000E+01  0.387386E-08  0.174708E-08  0.115717E-07
  0.450000E+01  0.474946E-08  0.227974E-08  0.152770E-07
  0.480000E+01  0.565556E-08  0.290972E-08  0.197565E-07
  0.510000E+01  0.655691E-08  0.364830E-08  0.250832E-07
  0.540000E+01  0.741267E-08  0.450709E-08  0.313205E-07
  0.570000E+01  0.817796E-08  0.549619E-08  0.385196E-07
  0.600000E+01  0.880647E-08  0.662229E-08  0.467166E-07
  0.630000E+01  0.925328E-08  0.788748E-08  0.559308E-07
  0.660000E+01  0.947714E-08  0.928893E-08  0.661626E-07
  0.690000E+01  0.944184E-08  0.108193E-07  0.773915E-07
  0.720000E+01  0.911684E-08  0.124677E-07  0.895743E-07
  0.750000E+01  0.847797E-08  0.142204E-07  0.102643E-06
  0.780000E+01  0.750816E-08  0.160622E-07  0.116505E-06
  0.810000E+01  0.619793E-08  0.179765E-07  0.131039E-06
  0.840000E+01  0.454522E-08  0.199452E-07  0.146099E-06
  0.870000E+01  0.255442E-08  0.219485E-07  0.161512E-06
  0.900000E+01  0.234813E-09  0.239632E-07  0.177083E-06
  0.930000E+01 -0.240052E-08  0.259613E-07  0.192591E-06
  0.960000E+01 -0.533474E-08  0.279086E-07  0.207798E-06
  0.990000E+01 -0.854651E-08  0.297665E-07  0.222448E-06
  0.102000E+02 -0.120092E-07  0.314938E-07  0.236271E-06
  0.105000E+02 -0.156901E-07  0.330498E-07  0.248985E-06
  0.108000E+02 -0.195504E-07  0.343947E-07  0.260303E-06
  0.111000E+02 -0.235452E-07  0.354893E-07  0.269935E-06
  0.114000E+02 -0.276227E-07  0.362942E-07  0.277594E-06
  0.117000E+02 -0.317239E-07  0.367695E-07  0.282999E-06
  0.120000E+02 -0.357830E-07  0.368743E-07  0.285882E-06
  0.123000E+02 -0.397280E-07  0.365685E-07  0.285992E-06
  0.126000E+02 -0.434826E-07  0.358132E-07  0.283103E-06
  0.129000E+02 -0.469684E-07  0.345728E-07  0.277022E-06
  0.132000E+02 -0.501081E-07  0.328172E-07  0.267589E-06
  0.135000E+02 -0.528265E-07  0.305236E-07  0.254682E-06
  0.138000E+02 -0.550532E-07  0.276793E-07  0.238219E-06
  0.141000E+02 -0.567232E-07  0.242812E-07  0.218155E-06
  0.144000E+02 -0.577787E-07  0.203354E-07  0.194486E-06
  0.147000E+02 -0.581706E-07  0.158561E-07  0.167249E-06
  0.150000E+02 -0.578601E-07  0.108650E-07  0.136519E-06
  0.153000E+02 -0.568196E-07  0.539161E-08  0.102414E-06
  0.156000E+02 -0.550346E-07 -0.527256E-09  0.650891E-07
  0.159000E+02 -0.525037E-07 -0.684767E-08  0.247434E-07
  0.162000E+02 -0.492394E-07 -0.135198E-07 -0.183855E-07
  0.165000E+02 -0.452668E-07 -0.204888E-07 -0.640203E-07
  0.168000E+02 -0.406227E-07 -0.276967E-07 -0.111845E-06
  0.171000E+02 -0.353544E-07 -0.350832E-07 -0.161508E-06
  0.174000E+02 -0.295176E-07 -0.425862E-07 -0.212622E-06
  0.177000E+02 -0.231751E-07 -0.501421E-07 -0.264770E-06
  0.180000E+02 -0.163946E-07 -0.576841E-07 -0.317506E-06
  0.183000E+02 -0.924764E-08 -0.651427E-07 -0.370365E-06
  0.186000E+02 -0.180798E-08 -0.724460E-07 -0.422866E-06
  0.189000E+02  0.584972E-08 -0.795207E-07 -0.474515E-06
  0.192000E+02  0.136517E-07 -0.862926E-07 -0.524815E-06
  0.195000E+02  0.215268E-07 -0.926860E-07 -0.573270E-06
  0.198000E+02  0.294074E-07 -0.986240E-07 -0.619390E-06
  0.201000E+02  0.372295E-07 -0.104029E-06 -0.662694E-06
  0.204000E+02  0.449320E-07 -0.108824E-06 -0.702720E-06
  0.207000E+02  0.524563E-07 -0.112935E-06 -0.739027E-06
  0.210000E+02  0.597462E-07 -0.116292E-06 -0.771200E-06
  0.213000E+02  0.667477E-07 -0.118831E-06 -0.798852E-06
  0.216000E+02  0.734092E-07 -0.120495E-06 -0.821633E-06
  0.219000E+02  0.796816E-07 -0.121236E-06 -0.839227E-06
  0.222000E+02  0.855181E-07 -0.121018E-06 -0.851359E-06
  0.225000E+02  0.908735E-07 -0.119814E-06 -0.857795E-06
  0.228000E+02  0.957058E-07 -0.117609E-06 -0.858348E-06
  0.231000E+02  0.999766E-07 -0.114402E-06 -0.852879E-06
  0.234000E+02  0.103652E-06 -0.110201E-06 -0.841300E-06
  0.237000E+02  0.106703E-06 -0.105024E-06 -0.823577E-06
  0.240000E+02  0.109105E-06 -0.988992E-07 -0.799723E-06
  0.243000E+02  0.110835E-06 -0.918667E-07 -0.769806E-06
  0.246000E+02  0.111875E-06 -0.839747E-07 -0.733940E-06
  0.249000E+02  0.112205E-06 -0.752810E-07 -0.692293E-06
  0.252000E+02  0.111807E-06 -0.658507E-07 -0.645083E-06
  0.255000E+02  0.110667E-06 -0.557556E-07 -0.592576E-06
  0.258000E+02  0.108773E-06 -0.450722E-07 -0.535091E-06
  0.261000E+02  0.106122E-06 -0.338812E-07 -0.472988E-06
  0.264000E+02  0.102716E-06 -0.222656E-07 -0.406673E-06
  0.267000E+02  0.985674E-07 -0.103097E-07 -0.336589E-06
  0.270000E+02  0.936962E-07  0.190138E-08 -0.263216E-06
  0.273000E+02  0.881315E-07  0.142815E-07 -0.187065E-06
  0.276000E+02  0.819098E-07  0.267421E-07 -0.108677E-06
  0.279000E+02  0.750739E-07  0.391912E-07 -0.286131E-07
  0.282000E+02  0.676713E-07  0.515328E-07  0.525430E-07
  0.285000E+02  0.597528E-07  0.636665E-07  0.134198E-06
  0.288000E+02  0.513718E-07  0.754899E-07  0.215750E-06
  0.291000E+02  0.425838E-07  0.869008E-07  0.296603E-06
  0.294000E+02  0.334466E-07  0.978002E-07  0.376165E-06
  0.297000E+02  0.240198E-07  0.108095E-06  0.453859E-06
  0.300000E+02  0.143636E-07  0.117699E-06  0.529125E-06
  0.303000E+02  0.453773E-08  0.126534E-06  0.601425E-06
  0.306000E+02 -0.539947E-08  0.134530E-06  0.670241E-06
  0.309000E+02 -0.153920E-07  0.141622E-06  0.735083E-06
  0.312000E+02 -0.253856E-07  0.147755E-06  0.795491E-06
  0.315000E+02 -0.353271E-07  0.152882E-06  0.851040E-06
  0.318000E+02 -0.451617E-07  0.156970E-06  0.901346E-06
  0.321000E+02 -0.548317E-07  0.159998E-06  0.946068E-06
  0.324000E+02 -0.642750E-07  0.161954E-06  0.984912E-06
  0.327000E+02 -0.734250E-07  0.162843E-06  0.101763E-05
  0.330000E+02 -0.822118E-07  0.162678E-06  0.104404E-05
  0.333000E+02 -0.905628E-07  0.161482E-06  0.106399E-05
  0.336000E+02 -0.984051E-07  0.159286E-06  0.107740E-05
  0.339000E+02 -0.105667E-06  0.156129E-06  0.108424E-05
  0.342000E+02 -0.112281E-06  0.152052E-06  0.108452E-05
  0.345000E+02 -0.118182E-06  0.147103E-06  0.107831E-05
  0.348000E+02 -0.123311E-06  0.141336E-06  0.106574E-05
  0.351000E+02 -0.127611E-06  0.134803E-06  0.104698E-05
  0.354000E+02 -0.131027E-06  0.127557E-06  0.102225E-05
  0.357000E+02 -0.133510E-06  0.119646E-06  0.991833E-06
  0.360000E+02 -0.135013E-06  0.111110E-06  0.956042E-06
  0.363000E+02 -0.135496E-06  0.101982E-06  0.915234E-06
  0.366000E+02 -0.134923E-06  0.922910E-07  0.869799E-06
  0.369000E+02 -0.133261E-06  0.820541E-07  0.820164E-06
  0.372000E+02 -0.130473E-06  0.712753E-07  0.766793E-06
  0.375000E+02 -0.126506E-06  0.599329E-07  0.710204E-06
  0.378000E+02 -0.121270E-06  0.479601E-07  0.650986E-06
  0.381000E+02 -0.114618E-06  0.352215E-07  0.589810E-06
  0.384000E+02 -0.106328E-06  0.214970E-07  0.527439E-06
  0.387000E+02 -0.961006E-07  0.647854E-08  0.464708E-06
  0.390000E+02 -0.835618E-07 -0.102192E-07  0.402502E-06
  0.393000E+02 -0.682838E-07 -0.290353E-07  0.341710E-06
  0.396000E+02 -0.498210E-07 -0.504209E-07  0.283174E-06
  0.399000E+02 -0.277561E-07 -0.747902E-07  0.227635E-06
  0.402000E+02 -0.172420E-08 -0.102497E-06  0.175730E-06
  0.405000E+02  0.285909E-07 -0.133847E-06  0.128011E-06
  0.408000E+02  0.634715E-07 -0.169131E-06  0.849642E-07
  0.411000E+02  0.103162E-06 -0.208616E-06  0.469854E-07
  0.414000E+02  0.147837E-06 -0.252501E-06  0.143213E-07
  0.417000E+02  0.197530E-06 -0.300828E-06 -0.130180E-07
  0.420000E+02  0.252051E-06 -0.353401E-06 -0.353265E-07
  0.423000E+02  0.310920E-06 -0.409748E-06 -0.532170E-07
  0.426000E+02  0.373371E-06 -0.469143E-06 -0.675697E-07
  0.429000E+02  0.438395E-06 -0.530680E-06 -0.794444E-07
  0.432000E+02  0.504818E-06 -0.593343E-06 -0.899969E-07
  0.435000E+02  0.571353E-06 -0.656040E-06 -0.100424E-06
  0.438000E+02  0.636623E-06 -0.717588E-06 -0.111941E-06
  0.441000E+02  0.699143E-06 -0.776667E-06 -0.125798E-06
  0.444000E+02  0.757277E-06 -0.831774E-06 -0.143312E-06
  0.447000E+02  0.809193E-06 -0.881192E-06 -0.165894E-06
  0.450000E+02  0.852850E-06 -0.922997E-06 -0.195028E-06
  0.453000E+02  0.886040E-06 -0.955101E-06 -0.232203E-06
  0.456000E+02  0.906468E-06 -0.975311E-06 -0.278806E-06
  0.459000E+02  0.911829E-06 -0.981394E-06 -0.336026E-06
  0.462000E+02  0.899892E-06 -0.971138E-06 -0.404762E-06
  0.465000E+02  0.868566E-06 -0.942392E-06 -0.485577E-06
  0.468000E+02  0.815950E-06 -0.893120E-06 -0.578691E-06
  0.471000E+02  0.740387E-06 -0.821456E-06 -0.683997E-06
  0.474000E+02  0.640544E-06 -0.725785E-06 -0.801062E-06
  0.477000E+02  0.515498E-06 -0.604841E-06 -0.929116E-06
  0.480000E+02  0.364822E-06 -0.457816E-06 -0.106703E-05
  0.483000E+02  0.188638E-06 -0.284450E-06 -0.121332E-05
  0.486000E+02 -0.123296E-07 -0.850975E-07 -0.136610E-05
  0.489000E+02 -0.236721E-06  0.139222E-06 -0.152310E-05
  0.492000E+02 -0.482516E-06  0.386794E-06 -0.168172E-05
  0.495000E+02 -0.747029E-06  0.655201E-06 -0.183903E-05
  0.498000E+02 -0.102691E-05  0.941333E-06 -0.199187E-05
  0.501000E+02 -0.131818E-05  0.124143E-05 -0.213692E-05
  0.504000E+02 -0.161630E-05  0.155111E-05 -0.227073E-05
  0.507000E+02 -0.191627E-05  0.186548E-05 -0.238981E-05
  0.510000E+02 -0.221274E-05  0.217918E-05 -0.249069E-05
  0.513000E+02 -0.250015E-05  0.248649E-05 -0.257002E-05
  0.516000E+02 -0.277281E-05  0.278148E-05 -0.262462E-05
  0.519000E+02 -0.302501E-05  0.305812E-05 -0.265155E-05
  0.522000E+02 -0.325115E-05  0.331046E-05 -0.264826E-05
  0.525000E+02 -0.344585E-05  0.353275E-05 -0.261259E-05
  0.528000E+02 -0.360407E-05  0.371963E-05 -0.254292E-05
  0.531000E+02 -0.372121E-05  0.386614E-05 -0.243818E-05
  0.534000E+02 -0.379320E-05  0.396791E-05 -0.229786E-05
  0.537000E+02 -0.381658E-05  0.402113E-05 -0.212207E-05
  0.540000E+02 -0.378858E-05  0.402265E-05 -0.191142E-05
  0.543000E+02 -0.370716E-05  0.397006E-05 -0.166708E-05
  0.546000E+02 -0.357108E-05  0.386171E-05 -0.139079E-05
  0.549000E+02 -0.337994E-05  0.369679E-05 -0.108486E-05
  0.552000E+02 -0.313423E-05  0.347540E-05 -0.752191E-06
  0.555000E+02 -0.283532E-05  0.319847E-05 -0.396225E-06
  0.558000E+02 -0.248546E-05  0.286783E-05 -0.208528E-07
  0.561000E+02 -0.208772E-05  0.248611E-05  0.369677E-06
  0.564000E+02 -0.164595E-05  0.205675E-05  0.770832E-06
  0.567000E+02 -0.116471E-05  0.158396E-05  0.117787E-05
  0.570000E+02 -0.649176E-06  0.107264E-05  0.158590E-05
  0.573000E+02 -0.105073E-06  0.528229E-06  0.198999E-05
  0.576000E+02  0.461441E-06 -0.433063E-07  0.238525E-05
  0.579000E+02  0.104385E-05 -0.635619E-06  0.276687E-05
  0.582000E+02  0.163538E-05 -0.124204E-05  0.313019E-05
  0.585000E+02  0.222909E-05 -0.185568E-05  0.347073E-05
  0.588000E+02  0.281795E-05 -0.246947E-05  0.378420E-05
  0.591000E+02  0.339490E-05 -0.307629E-05  0.406655E-05
  0.594000E+02  0.395295E-05 -0.366910E-05  0.431403E-05
  0.597000E+02  0.448519E-05 -0.424095E-05  0.452314E-05
  0.600000E+02  0.498498E-05 -0.478513E-05  0.469070E-05
  0.603000E+02  0.544602E-05 -0.529520E-05  0.481387E-05
  0.606000E+02  0.586248E-05 -0.576503E-05  0.489017E-05
  0.609000E+02  0.622908E-05 -0.618882E-05  0.491757E-05
  0.612000E+02  0.654120E-05 -0.656121E-05  0.489459E-05
  0.615000E+02  0.679498E-05 -0.687728E-05  0.482038E-05
  0.618000E+02  0.698733E-05 -0.713262E-05  0.469488E-05
  0.621000E+02  0.711600E-05 -0.732340E-05  0.451884E-05
  0.624000E+02  0.717955E-05 -0.744637E-05  0.429385E-05
  0.627000E+02  0.717729E-05 -0.749893E-05  0.402226E-05
  0.630000E+02  0.710919E-05 -0.747918E-05  0.370710E-05
  0.633000E+02  0.697583E-05 -0.738600E-05  0.335192E-05
  0.636000E+02  0.677839E-05 -0.721912E-05  0.296066E-05
  0.639000E+02  0.651864E-05 -0.697920E-05  0.253753E-05
  0.642000E+02  0.619891E-05 -0.666779E-05  0.208695E-05
  0.645000E+02  0.582213E-05 -0.628733E-05  0.161344E-05
  0.648000E+02  0.539177E-05 -0.584112E-05  0.112159E-05
  0.651000E+02  0.491177E-05 -0.533328E-05  0.616126E-06
  0.654000E+02  0.438643E-05 -0.476873E-05  0.101879E-06
  0.657000E+02  0.382046E-05 -0.415310E-05 -0.416133E-06
  0.660000E+02  0.321884E-05 -0.349257E-05 -0.932727E-06
  0.663000E+02  0.258690E-05 -0.279378E-05 -0.144259E-05
  0.666000E+02  0.193017E-05 -0.206369E-05 -0.194033E-05
  0.669000E+02  0.125436E-05 -0.130956E-05 -0.242055E-05
  0.672000E+02  0.565269E-06 -0.538831E-06 -0.287786E-05
  0.675000E+02 -0.131247E-06  0.240923E-06 -0.330697E-05
  0.678000E+02 -0.829341E-06  0.102204E-05 -0.370273E-05
  0.681000E+02 -0.152328E-05  0.179679E-05 -0.406017E-05
  0.684000E+02 -0.220758E-05  0.255746E-05 -0.437455E-05
  0.687000E+02 -0.287711E-05  0.329645E-05 -0.464150E-05
  0.690000E+02 -0.352713E-05  0.400645E-05 -0.485707E-05
  0.693000E+02 -0.415331E-05  0.468066E-05 -0.501790E-05
  0.696000E+02 -0.475167E-05  0.531287E-05 -0.512147E-05
  0.699000E+02 -0.531865E-05  0.589749E-05 -0.516624E-05
  0.702000E+02 -0.585107E-05  0.642941E-05 -0.515177E-05
  0.705000E+02 -0.634608E-05  0.690389E-05 -0.507866E-05
  0.708000E+02 -0.680113E-05  0.731651E-05 -0.494850E-05
  0.711000E+02 -0.721382E-05  0.766310E-05 -0.476358E-05
  0.714000E+02 -0.758193E-05  0.793982E-05 -0.452677E-05
  0.717000E+02 -0.790342E-05  0.814320E-05 -0.424121E-05
  0.720000E+02 -0.817656E-05  0.827033E-05 -0.391020E-05
  0.723000E+02 -0.839999E-05  0.831912E-05 -0.353713E-05
  0.726000E+02 -0.857277E-05  0.828856E-05 -0.312550E-05
  0.729000E+02 -0.869437E-05  0.817893E-05 -0.267902E-05
  0.732000E+02 -0.876455E-05  0.799185E-05 -0.220172E-05
  0.735000E+02 -0.878329E-05  0.773030E-05 -0.169811E-05
  0.738000E+02 -0.875065E-05  0.739850E-05 -0.117325E-05
  0.741000E+02 -0.866663E-05  0.700180E-05 -0.632728E-06
  0.744000E+02 -0.853107E-05  0.654655E-05 -0.826084E-07
  0.747000E+02 -0.834356E-05  0.604001E-05  0.470730E-06
  0.750000E+02 -0.810349E-05  0.549026E-05  0.102076E-05
  0.753000E+02 -0.781018E-05  0.490615E-05  0.156097E-05
  0.756000E+02 -0.746308E-05  0.429718E-05  0.208492E-05
  0.759000E+02 -0.706194E-05  0.367325E-05  0.258628E-05
  0.762000E+02 -0.660707E-05  0.304428E-05  0.305883E-05
  0.765000E+02 -0.609950E-05  0.241982E-05  0.349654E-05
  0.768000E+02 -0.554105E-05  0.180870E-05  0.389364E-05
  0.771000E+02 -0.493443E-05  0.121878E-05  0.424477E-05
  0.774000E+02 -0.428327E-05  0.656854E-06  0.454500E-05
  0.777000E+02 -0.359218E-05  0.128544E-06  0.478986E-05
  0.780000E+02 -0.286673E-05 -0.361665E-06  0.497534E-05
  0.783000E+02 -0.211330E-05 -0.810351E-06  0.509803E-05
  0.786000E+02 -0.133898E-05 -0.121502E-05  0.515512E-05
  0.789000E+02 -0.551300E-06 -0.157393E-05  0.514439E-05
  0.792000E+02  0.241966E-06 -0.188597E-05  0.506424E-05
  0.795000E+02  0.103307E-05 -0.215054E-05  0.491357E-05
  0.798000E+02  0.181450E-05 -0.236752E-05  0.469173E-05
  0.801000E+02  0.257922E-05 -0.253728E-05  0.439861E-05
  0.804000E+02  0.332073E-05 -0.266079E-05  0.403462E-05
  0.807000E+02  0.403313E-05 -0.273973E-05  0.360076E-05
  0.810000E+02  0.471123E-05 -0.277659E-05  0.309874E-05
  0.813000E+02  0.535050E-05 -0.277477E-05  0.253107E-05
  0.816000E+02  0.594713E-05 -0.273859E-05  0.190131E-05
  0.819000E+02  0.649790E-05 -0.267329E-05  0.121419E-05
  0.822000E+02  0.700019E-05 -0.258499E-05  0.475752E-06
  0.825000E+02  0.745184E-05 -0.248044E-05 -0.306665E-06
  0.828000E+02  0.785114E-05 -0.236682E-05 -0.112446E-05
  0.831000E+02  0.819670E-05 -0.225141E-05 -0.196786E-05
  0.834000E+02  0.848748E-05 -0.214121E-05 -0.282610E-05
  0.837000E+02  0.872272E-05 -0.204262E-05 -0.368758E-05
  0.840000E+02  0.890204E-05 -0.196113E-05 -0.454016E-05
  0.843000E+02  0.902544E-05 -0.190117E-05 -0.537146E-05
  0.846000E+02  0.909331E-05 -0.186599E-05 -0.616919E-05
  0.849000E+02  0.910634E-05 -0.185770E-05 -0.692133E-05
  0.852000E+02  0.906554E-05 -0.187736E-05 -0.761639E-05
  0.855000E+02  0.897214E-05 -0.192516E-05 -0.824353E-05
  0.858000E+02  0.882766E-05 -0.200071E-05 -0.879276E-05
  0.861000E+02  0.863395E-05 -0.210320E-05 -0.925504E-05
  0.864000E+02  0.839326E-05 -0.223153E-05 -0.962227E-05
  0.867000E+02  0.810825E-05 -0.238434E-05 -0.988733E-05
  0.870000E+02  0.778198E-05 -0.255995E-05 -0.100440E-04
  0.873000E+02  0.741783E-05 -0.275629E-05 -0.100871E-04
  0.876000E+02  0.701942E-05 -0.297085E-05 -0.100125E-04
  0.879000E+02  0.659050E-05 -0.320059E-05 -0.981685E-05
  0.882000E+02  0.613487E-05 -0.344189E-05 -0.949840E-05
  0.885000E+02  0.565621E-05 -0.369053E-05 -0.905657E-05
  0.888000E+02  0.515802E-05 -0.394178E-05 -0.849232E-05
  0.891000E+02  0.464348E-05 -0.419048E-05 -0.780828E-05
  0.894000E+02  0.411541E-05 -0.443118E-05 -0.700880E-05
  0.897000E+02  0.357636E-05 -0.465838E-05 -0.609999E-05
  0.900000E+02  0.302860E-05 -0.486670E-05 -0.508967E-05
  0.903000E+02  0.247430E-05 -0.505101E-05 -0.398725E-05
  0.906000E+02  0.191557E-05 -0.520659E-05 -0.280359E-05
  0.909000E+02  0.135454E-05 -0.532915E-05 -0.155077E-05
  0.912000E+02  0.793343E-06 -0.541486E-05 -0.241894E-06
  0.915000E+02  0.234143E-06 -0.546038E-05  0.110916E-05
  0.918000E+02 -0.320881E-06 -0.546270E-05  0.248792E-05
  0.921000E+02 -0.869490E-06 -0.541911E-05  0.387956E-05
  0.924000E+02 -0.140936E-05 -0.532711E-05  0.526902E-05
  0.927000E+02 -0.193806E-05 -0.518451E-05  0.664110E-05
  0.930000E+02 -0.245307E-05 -0.498948E-05  0.798058E-05
  0.933000E+02 -0.295178E-05 -0.474069E-05  0.927231E-05
  0.936000E+02 -0.343159E-05 -0.443740E-05  0.105014E-04
  0.939000E+02 -0.388985E-05 -0.407960E-05  0.116535E-04
  0.942000E+02 -0.432396E-05 -0.366809E-05  0.127148E-04
  0.945000E+02 -0.473142E-05 -0.320454E-05  0.136724E-04
  0.948000E+02 -0.510991E-05 -0.269159E-05  0.145147E-04
  0.951000E+02 -0.545740E-05 -0.213275E-05  0.152312E-04
  0.954000E+02 -0.577227E-05 -0.153241E-05  0.158130E-04
  0.957000E+02 -0.605333E-05 -0.895661E-06  0.162526E-04
  0.960000E+02 -0.629988E-05 -0.228172E-06  0.165442E-04
  0.963000E+02 -0.651171E-05  0.463947E-06  0.166838E-04
  0.966000E+02 -0.668905E-05  0.117425E-05  0.166685E-04
  0.969000E+02 -0.683245E-05  0.189600E-05  0.164974E-04
  0.972000E+02 -0.694273E-05  0.262220E-05  0.161709E-04
  0.975000E+02 -0.702077E-05  0.334555E-05  0.156913E-04
  0.978000E+02 -0.706752E-05  0.405854E-05  0.150621E-04
  0.981000E+02 -0.708381E-05  0.475353E-05  0.142888E-04
  0.984000E+02 -0.707040E-05  0.542286E-05  0.133785E-04
  0.987000E+02 -0.702790E-05  0.605911E-05  0.123396E-04
  0.990000E+02 -0.695675E-05  0.665518E-05  0.111823E-04
  0.993000E+02 -0.685724E-05  0.720449E-05  0.991792E-05
  0.996000E+02 -0.672948E-05  0.770107E-05  0.855893E-05
  0.999000E+02 -0.657346E-05  0.813969E-05  0.711886E-05
  0.100200E+03 -0.638914E-05  0.851588E-05  0.561198E-05
  0.100500E+03 -0.617655E-05  0.882599E-05  0.405317E-05
  0.100800E+03 -0.593592E-05  0.906717E-05  0.245764E-05
  0.101100E+03 -0.566774E-05  0.923729E-05  0.840772E-06
  0.101400E+03 -0.537282E-05  0.933483E-05 -0.782074E-06
  0.101700E+03 -0.505228E-05  0.935886E-05 -0.239566E-05
  0.102000E+03 -0.470751E-05  0.930895E-05 -0.398495E-05
  0.102300E+03 -0.434021E-05  0.918524E-05 -0.553518E-05
  0.102600E+03 -0.395239E-05  0.898849E-05 -0.703204E-05
  0.102900E+03 -0.354637E-05  0.872016E-05 -0.846173E-05
  0.103200E+03 -0.312476E-05  0.838254E-05 -0.981121E-05
  0.103500E+03 -0.269035E-05  0.797880E-05 -0.110683E-04
  0.103800E+03 -0.224607E-05  0.751304E-05 -0.122219E-04
  0.104100E+03 -0.179488E-05  0.699026E-05 -0.132621E-04
  0.104400E+03 -0.133967E-05  0.641619E-05 -0.141804E-04
  0.104700E+03 -0.883232E-06  0.579720E-05 -0.149698E-04
  0.105000E+03 -0.428171E-06  0.514000E-05 -0.156250E-04
  0.105300E+03  0.230833E-07  0.445146E-05 -0.161422E-04
  0.105600E+03  0.468278E-06  0.373832E-05 -0.165193E-04
  0.105900E+03  0.905302E-06  0.300715E-05 -0.167553E-04
  0.106200E+03  0.133212E-05  0.226422E-05 -0.168511E-04
  0.106500E+03  0.174671E-05  0.151551E-05 -0.168083E-04
  0.106800E+03  0.214699E-05  0.766817E-06 -0.166301E-04
  0.107100E+03  0.253080E-05  0.237887E-07 -0.163205E-04
  0.107400E+03  0.289595E-05 -0.708015E-06 -0.158849E-04
  0.107700E+03  0.324030E-05 -0.142312E-05 -0.153293E-04
  0.108000E+03  0.356187E-05 -0.211616E-05 -0.146611E-04
  0.108300E+03  0.385892E-05 -0.278195E-05 -0.138882E-04
  0.108600E+03  0.412995E-05 -0.341553E-05 -0.130196E-04
  0.108900E+03  0.437365E-05 -0.401227E-05 -0.120646E-04
  0.109200E+03  0.458885E-05 -0.456794E-05 -0.110334E-04
  0.109500E+03  0.477449E-05 -0.507871E-05 -0.993660E-05
  0.109800E+03  0.492962E-05 -0.554120E-05 -0.878519E-05
  0.110100E+03  0.505344E-05 -0.595244E-05 -0.759055E-05
  0.110400E+03  0.514532E-05 -0.630992E-05 -0.636427E-05
  0.110700E+03  0.520495E-05 -0.661159E-05 -0.511809E-05
  0.111000E+03  0.523234E-05 -0.685596E-05 -0.386368E-05
  0.111300E+03  0.522794E-05 -0.704208E-05 -0.261258E-05
  0.111600E+03  0.519260E-05 -0.716960E-05 -0.137602E-05
  0.111900E+03  0.512748E-05 -0.723876E-05 -0.164828E-06
  0.112200E+03  0.503402E-05 -0.725039E-05  0.101065E-05
  0.112500E+03  0.491385E-05 -0.720585E-05  0.214068E-05
  0.112800E+03  0.476874E-05 -0.710701E-05  0.321622E-05
  0.113100E+03  0.460065E-05 -0.695614E-05  0.422908E-05
  0.113400E+03  0.441168E-05 -0.675592E-05  0.517203E-05
  0.113700E+03  0.420408E-05 -0.650936E-05  0.603888E-05
  0.114000E+03  0.398024E-05 -0.621978E-05  0.682451E-05
  0.114300E+03  0.374262E-05 -0.589080E-05  0.752488E-05
  0.114600E+03  0.349367E-05 -0.552630E-05  0.813694E-05
  0.114900E+03  0.323583E-05 -0.513039E-05  0.865859E-05
  0.115200E+03  0.297148E-05 -0.470731E-05  0.908863E-05
  0.115500E+03  0.270294E-05 -0.426140E-05  0.942673E-05
  0.115800E+03  0.243248E-05 -0.379704E-05  0.967342E-05
  0.116100E+03  0.216231E-05 -0.331861E-05  0.983006E-05
  0.116400E+03  0.189459E-05 -0.283050E-05  0.989888E-05
  0.116700E+03  0.163141E-05 -0.233714E-05  0.988293E-05
  0.117000E+03  0.137471E-05 -0.184299E-05  0.978610E-05
  0.117300E+03  0.112633E-05 -0.135254E-05  0.961303E-05
  0.117600E+03  0.887919E-06 -0.870266E-06  0.936907E-05
  0.117900E+03  0.660922E-06 -0.400498E-06  0.906021E-05
  0.118200E+03  0.446575E-06  0.526780E-07  0.869297E-05
  0.118500E+03  0.245878E-06  0.485506E-06  0.827431E-05
  0.118800E+03  0.595894E-07  0.894595E-06  0.781148E-05
  0.119100E+03 -0.111791E-06  0.127692E-05  0.731191E-05
  0.119400E+03 -0.268020E-06  0.162980E-05  0.678301E-05
  0.119700E+03 -0.409107E-06  0.195085E-05  0.623208E-05
  0.120000E+03 -0.535294E-06  0.223800E-05  0.566618E-05
  0.120300E+03 -0.647043E-06  0.248944E-05  0.509202E-05
  0.120600E+03 -0.745013E-06  0.270366E-05  0.451596E-05
  0.120900E+03 -0.830048E-06  0.287948E-05  0.394397E-05
  0.121200E+03 -0.903176E-06  0.301606E-05  0.338164E-05
  0.121500E+03 -0.965581E-06  0.311296E-05  0.283416E-05
  0.121800E+03 -0.101857E-05  0.317017E-05  0.230628E-05
  0.122100E+03 -0.106354E-05  0.318816E-05  0.180228E-05
  0.122400E+03 -0.110186E-05  0.316789E-05  0.132592E-05
  0.122700E+03 -0.113490E-05  0.311082E-05  0.880387E-06
  0.123000E+03 -0.116394E-05  0.301891E-05  0.468334E-06
  0.123300E+03 -0.119021E-05  0.289454E-05  0.918534E-07
  0.123600E+03 -0.121486E-05  0.274054E-05 -0.247499E-06
  0.123900E+03 -0.123900E-05  0.256007E-05 -0.548684E-06
  0.124200E+03 -0.126372E-05  0.235659E-05 -0.811148E-06
  0.124500E+03 -0.129010E-05  0.213386E-05 -0.103480E-05
  0.124800E+03 -0.131914E-05  0.189591E-05 -0.122002E-05
  0.125100E+03 -0.135173E-05  0.164698E-05 -0.136768E-05
  0.125400E+03 -0.138860E-05  0.139149E-05 -0.147918E-05
  0.125700E+03 -0.143023E-05  0.113392E-05 -0.155644E-05
  0.126000E+03 -0.147689E-05  0.878701E-06 -0.160187E-05
  0.126300E+03 -0.152868E-05  0.630086E-06 -0.161824E-05
  0.126600E+03 -0.158556E-05  0.392067E-06 -0.160863E-05
  0.126900E+03 -0.164741E-05  0.168271E-06 -0.157628E-05
  0.127200E+03 -0.171409E-05 -0.381170E-07 -0.152455E-05
  0.127500E+03 -0.178545E-05 -0.224390E-06 -0.145685E-05
  0.127800E+03 -0.186131E-05 -0.388321E-06 -0.137660E-05
  0.128100E+03 -0.194149E-05 -0.528135E-06 -0.128719E-05
  0.128400E+03 -0.202565E-05 -0.642486E-06 -0.119191E-05
  0.128700E+03 -0.211329E-05 -0.730421E-06 -0.109396E-05
  0.129000E+03 -0.220363E-05 -0.791346E-06 -0.996429E-06
  0.129300E+03 -0.229564E-05 -0.825005E-06 -0.902246E-06
  0.129600E+03 -0.238800E-05 -0.831465E-06 -0.814197E-06
  0.129900E+03 -0.247916E-05 -0.811120E-06 -0.734878E-06
  0.130200E+03 -0.256738E-05 -0.764702E-06 -0.666682E-06
  0.130500E+03 -0.265076E-05 -0.693322E-06 -0.611752E-06
  0.130800E+03 -0.272721E-05 -0.598499E-06 -0.571928E-06
  0.131100E+03 -0.279452E-05 -0.482179E-06 -0.548691E-06
  0.131400E+03 -0.285027E-05 -0.346714E-06 -0.543089E-06
  0.131700E+03 -0.289193E-05 -0.194804E-06 -0.555691E-06
  0.132000E+03 -0.291690E-05 -0.294083E-07 -0.586552E-06
  0.132300E+03 -0.292264E-05  0.146354E-06 -0.635202E-06
  0.132600E+03 -0.290675E-05  0.329310E-06 -0.700671E-06
  0.132900E+03 -0.286710E-05  0.516308E-06 -0.781542E-06
  0.133200E+03 -0.280195E-05  0.704274E-06 -0.876025E-06
  0.133500E+03 -0.271004E-05  0.890253E-06 -0.982044E-06
  0.133800E+03 -0.259063E-05  0.107143E-05 -0.109732E-05
  0.134100E+03 -0.244353E-05  0.124514E-05 -0.121947E-05
  0.134400E+03 -0.226911E-05  0.140889E-05 -0.134609E-05
  0.134700E+03 -0.206827E-05  0.156030E-05 -0.147480E-05
  0.135000E+03 -0.184239E-05  0.169717E-05 -0.160338E-05
  0.135300E+03 -0.159327E-05  0.181741E-05 -0.172969E-05
  0.135600E+03 -0.132317E-05  0.191912E-05 -0.185178E-05
  0.135900E+03 -0.103472E-05  0.200060E-05 -0.196780E-05
  0.136200E+03 -0.730941E-06  0.206042E-05 -0.207606E-05
  0.136500E+03 -0.415181E-06  0.209741E-05 -0.217496E-05
  0.136800E+03 -0.910786E-07  0.211075E-05 -0.226307E-05
  0.137100E+03  0.237498E-06  0.209992E-05 -0.233909E-05
  0.137400E+03  0.566534E-06  0.206473E-05 -0.240186E-05
  0.137700E+03  0.891963E-06  0.200536E-05 -0.245045E-05
  0.138000E+03  0.120978E-05  0.192232E-05 -0.248410E-05
  0.138300E+03  0.151616E-05  0.181654E-05 -0.250227E-05
  0.138600E+03  0.180756E-05  0.168930E-05 -0.250466E-05
  0.138900E+03  0.208076E-05  0.154225E-05 -0.249117E-05
  0.139200E+03  0.233294E-05  0.137731E-05 -0.246188E-05
  0.139500E+03  0.256163E-05  0.119663E-05 -0.241709E-05
  0.139800E+03  0.276473E-05  0.100248E-05 -0.235727E-05
  0.140100E+03  0.294053E-05  0.797095E-06 -0.228303E-05
  0.140400E+03  0.308767E-05  0.582641E-06 -0.219515E-05
  0.140700E+03  0.320518E-05  0.361129E-06 -0.209449E-05
  0.141000E+03  0.329247E-05  0.134408E-06 -0.198199E-05
  0.141300E+03  0.334928E-05 -0.958082E-07 -0.185865E-05
  0.141600E+03  0.337573E-05 -0.327880E-06 -0.172553E-05
  0.141900E+03  0.337224E-05 -0.560182E-06 -0.158372E-05
  0.142200E+03  0.333956E-05 -0.791045E-06 -0.143435E-05
  0.142500E+03  0.327874E-05 -0.101871E-05 -0.127857E-05
  0.142800E+03  0.319110E-05 -0.124129E-05 -0.111754E-05
  0.143100E+03  0.307827E-05 -0.145677E-05 -0.952415E-06
  0.143400E+03  0.294219E-05 -0.166303E-05 -0.784290E-06
  0.143700E+03  0.278511E-05 -0.185788E-05 -0.614193E-06
  0.144000E+03  0.260958E-05 -0.203911E-05 -0.443030E-06
  0.144300E+03  0.241841E-05 -0.220459E-05 -0.271580E-06
  0.144600E+03  0.221456E-05 -0.235227E-05 -0.100512E-06
  0.144900E+03  0.200113E-05 -0.248028E-05  0.695905E-07
  0.145200E+03  0.178121E-05 -0.258695E-05  0.238202E-06
  0.145500E+03  0.155780E-05 -0.267088E-05  0.404840E-06
  0.145800E+03  0.133373E-05 -0.273097E-05  0.569053E-06
  0.146100E+03  0.111159E-05 -0.276649E-05  0.730406E-06
  0.146400E+03  0.893713E-06 -0.277712E-05  0.888440E-06
  0.146700E+03  0.682136E-06 -0.276293E-05  0.104263E-05
  0.147000E+03  0.478622E-06 -0.272441E-05  0.119236E-05
  0.147300E+03  0.284651E-06 -0.266242E-05  0.133688E-05
  0.147600E+03  0.101439E-06 -0.257806E-05  0.147533E-05
  0.147900E+03 -0.700320E-07 -0.247260E-05  0.160670E-05
  0.148200E+03 -0.228963E-06 -0.234742E-05  0.172991E-05
  0.148500E+03 -0.374698E-06 -0.220388E-05  0.184380E-05
  0.148800E+03 -0.506682E-06 -0.204337E-05  0.194718E-05
  0.149100E+03 -0.624438E-06 -0.186727E-05  0.203888E-05
  0.149400E+03 -0.727558E-06 -0.167702E-05  0.211782E-05
  0.149700E+03 -0.815702E-06 -0.147415E-05  0.218305E-05
  0.150000E+03 -0.888624E-06 -0.126036E-05  0.223381E-05
  0.150300E+03 -0.946208E-06 -0.103749E-05  0.226963E-05
  0.150600E+03 -0.988506E-06 -0.807628E-06  0.229028E-05
  0.150900E+03 -0.101576E-05 -0.573034E-06  0.229583E-05
  0.151200E+03 -0.102844E-05 -0.336115E-06  0.228657E-05
  0.151500E+03 -0.102725E-05 -0.993519E-07  0.226300E-05
  0.151800E+03 -0.101308E-05  0.134777E-06  0.222578E-05
  0.152100E+03 -0.987061E-06  0.363864E-06  0.217560E-05
  0.152400E+03 -0.950427E-06  0.585628E-06  0.211325E-05
  0.152700E+03 -0.904526E-06  0.797949E-06  0.203950E-05
  0.153000E+03 -0.850748E-06  0.998878E-06  0.195515E-05
  0.153300E+03 -0.790494E-06  0.118664E-05  0.186101E-05
  0.153600E+03 -0.725151E-06  0.135960E-05  0.175790E-05
  0.153900E+03 -0.656073E-06  0.151629E-05  0.164671E-05
  0.154200E+03 -0.584576E-06  0.165542E-05  0.152835E-05
  0.154500E+03 -0.511927E-06  0.177589E-05  0.140386E-05
  0.154800E+03 -0.439356E-06  0.187682E-05  0.127431E-05
  0.155100E+03 -0.368059E-06  0.195760E-05  0.114089E-05
  0.155400E+03 -0.299201E-06  0.201788E-05  0.100486E-05
  0.155700E+03 -0.233910E-06  0.205752E-05  0.867556E-06
  0.156000E+03 -0.173265E-06  0.207652E-05  0.730356E-06
  0.156300E+03 -0.118284E-06  0.207505E-05  0.594670E-06
  0.156600E+03 -0.699229E-07  0.205333E-05  0.461909E-06
  0.156900E+03 -0.290586E-07  0.201171E-05  0.333455E-06
  0.157200E+03  0.353177E-08  0.195068E-05  0.210622E-06
  0.157500E+03  0.272216E-07  0.187090E-05  0.946182E-07
  0.157800E+03  0.415948E-07  0.177321E-05 -0.134908E-07
  0.158100E+03  0.465026E-07  0.165873E-05 -0.112809E-06
  0.158400E+03  0.420972E-07  0.152875E-05 -0.202614E-06
  0.158700E+03  0.288324E-07  0.138482E-05 -0.282352E-06
  0.159000E+03  0.742870E-08  0.122862E-05 -0.351614E-06
  0.159300E+03 -0.211902E-07  0.106201E-05 -0.410126E-06
  0.159600E+03 -0.559809E-07  0.886986E-06 -0.457737E-06
  0.159900E+03 -0.958749E-07  0.705627E-06 -0.494442E-06
  0.160200E+03 -0.139871E-06  0.520085E-06 -0.520400E-06
  0.160500E+03 -0.187114E-06  0.332533E-06 -0.535966E-06
  0.160800E+03 -0.236947E-06  0.145135E-06 -0.541702E-06
  0.161100E+03 -0.288933E-06 -0.399766E-07 -0.538366E-06
  0.161400E+03 -0.342839E-06 -0.220711E-06 -0.526887E-06
  0.161700E+03 -0.398594E-06 -0.395015E-06 -0.508333E-06
  0.162000E+03 -0.456198E-06 -0.560875E-06 -0.483883E-06
  0.162300E+03 -0.515619E-06 -0.716318E-06 -0.454807E-06
  0.162600E+03 -0.576683E-06 -0.859445E-06 -0.422459E-06
  0.162900E+03 -0.638981E-06 -0.988487E-06 -0.388265E-06
  0.163200E+03 -0.701835E-06 -0.110187E-05 -0.353712E-06
  0.163500E+03 -0.764302E-06 -0.119828E-05 -0.320312E-06
  0.163800E+03 -0.825238E-06 -0.127671E-05 -0.289558E-06
  0.164100E+03 -0.883387E-06 -0.133645E-05 -0.262861E-06
  0.164400E+03 -0.937478E-06 -0.137716E-05 -0.241480E-06
  0.164700E+03 -0.986323E-06 -0.139876E-05 -0.226483E-06
  0.165000E+03 -0.102888E-05 -0.140152E-05 -0.218713E-06
  0.165300E+03 -0.106428E-05 -0.138590E-05 -0.218804E-06
  0.165600E+03 -0.109184E-05 -0.135263E-05 -0.227192E-06
  0.165900E+03 -0.111104E-05 -0.130260E-05 -0.244146E-06
  0.166200E+03 -0.112145E-05 -0.123689E-05 -0.269779E-06
  0.166500E+03 -0.112278E-05 -0.115670E-05 -0.304054E-06
  0.166800E+03 -0.111477E-05 -0.106335E-05 -0.346788E-06
  0.167100E+03 -0.109727E-05 -0.958241E-06 -0.397640E-06
  0.167400E+03 -0.107017E-05 -0.842838E-06 -0.456104E-06
  0.167700E+03 -0.103349E-05 -0.718634E-06 -0.521500E-06
  0.168000E+03 -0.987358E-06 -0.587135E-06 -0.592979E-06
  0.168300E+03 -0.931981E-06 -0.449840E-06 -0.669529E-06
  0.168600E+03 -0.867675E-06 -0.308220E-06 -0.749999E-06
  0.168900E+03 -0.794823E-06 -0.163705E-06 -0.833124E-06
  0.169200E+03 -0.713863E-06 -0.176824E-07 -0.917549E-06
  0.169500E+03 -0.625288E-06  0.128519E-06 -0.100186E-05
  0.169800E+03 -0.529642E-06  0.273625E-06 -0.108459E-05
  0.170100E+03 -0.427521E-06  0.416402E-06 -0.116426E-05
  0.170400E+03 -0.319568E-06  0.555640E-06 -0.123940E-05
  0.170700E+03 -0.206455E-06  0.690122E-06 -0.130851E-05
  0.171000E+03 -0.888625E-07  0.818618E-06 -0.137016E-05
  0.171300E+03  0.325210E-07  0.939876E-06 -0.142296E-05
  0.171600E+03  0.157004E-06  0.105263E-05 -0.146559E-05
  0.171900E+03  0.283873E-06  0.115562E-05 -0.149684E-05
  0.172200E+03  0.412365E-06  0.124761E-05 -0.151557E-05
  0.172500E+03  0.541628E-06  0.132741E-05 -0.152073E-05
  0.172800E+03  0.670676E-06  0.139390E-05 -0.151137E-05
  0.173100E+03  0.798358E-06  0.144611E-05 -0.148665E-05
  0.173400E+03  0.923342E-06  0.148320E-05 -0.144592E-05
  0.173700E+03  0.104413E-05  0.150448E-05 -0.138870E-05
  0.174000E+03  0.115910E-05  0.150944E-05 -0.131485E-05
  0.174300E+03  0.126654E-05  0.149773E-05 -0.122453E-05
  0.174600E+03  0.136477E-05  0.146916E-05 -0.111830E-05
  0.174900E+03  0.145217E-05  0.142370E-05 -0.997138E-06
  0.175200E+03  0.152730E-05  0.136150E-05 -0.862380E-06
  0.175500E+03  0.158893E-05  0.128289E-05 -0.715705E-06
  0.175800E+03  0.163608E-05  0.118835E-05 -0.559052E-06
  0.176100E+03  0.166800E-05  0.107852E-05 -0.394551E-06
  0.176400E+03  0.168422E-05  0.954195E-06 -0.224436E-06
  0.176700E+03  0.168449E-05  0.816358E-06 -0.509756E-07
  0.177000E+03  0.166879E-05  0.666171E-06  0.123605E-06
  0.177300E+03  0.163735E-05  0.505012E-06  0.297175E-06
  0.177600E+03  0.159060E-05  0.334488E-06  0.467728E-06
  0.177900E+03  0.152921E-05  0.156416E-06  0.633394E-06
  0.178200E+03  0.145406E-05 -0.272038E-07  0.792423E-06
  0.178500E+03  0.136617E-05 -0.214237E-06  0.943175E-06
  0.178800E+03  0.126672E-05 -0.402465E-06  0.108410E-05
  0.179100E+03  0.115702E-05 -0.589630E-06  0.121374E-05
  0.179400E+03  0.103852E-05 -0.773468E-06  0.133072E-05
  0.179700E+03  0.912760E-06 -0.951714E-06  0.143379E-05
  0.180000E+03  0.781362E-06 -0.112210E-05  0.152184E-05
  0.180300E+03  0.645968E-06 -0.128237E-05  0.159393E-05
  0.180600E+03  0.508203E-06 -0.143028E-05  0.164932E-05
  0.180900E+03  0.369645E-06 -0.156362E-05  0.168749E-05
  0.181200E+03  0.231812E-06 -0.168033E-05  0.170818E-05
  0.181500E+03  0.961569E-07 -0.177847E-05  0.171133E-05
  0.181800E+03 -0.359279E-07 -0.185641E-05  0.169715E-05
  0.182100E+03 -0.163123E-06 -0.191282E-05  0.166608E-05
  0.182400E+03 -0.284194E-06 -0.194679E-05  0.161880E-05
  0.182700E+03 -0.398013E-06 -0.195785E-05  0.155620E-05
  0.183000E+03 -0.503568E-06 -0.194593E-05  0.147935E-05
  0.183300E+03 -0.599972E-06 -0.191138E-05  0.138949E-05
  0.183600E+03 -0.686451E-06 -0.185486E-05  0.128797E-05
  0.183900E+03 -0.762343E-06 -0.177731E-05  0.117622E-05
  0.184200E+03 -0.827082E-06 -0.167986E-05  0.105574E-05
  0.184500E+03 -0.880210E-06 -0.156380E-05  0.928105E-06
  0.184800E+03 -0.921383E-06 -0.143053E-05  0.794879E-06
  0.185100E+03 -0.950393E-06 -0.128160E-05  0.657645E-06
  0.185400E+03 -0.967189E-06 -0.111861E-05  0.517958E-06
  0.185700E+03 -0.971895E-06 -0.943305E-06  0.377331E-06
  0.186000E+03 -0.964831E-06 -0.757520E-06  0.237224E-06
  0.186300E+03 -0.946517E-06 -0.563237E-06  0.990481E-07
  0.186600E+03 -0.917682E-06 -0.362608E-06 -0.358327E-07
  0.186900E+03 -0.879247E-06 -0.157977E-06 -0.166100E-06
  0.187200E+03 -0.832295E-06  0.481437E-07 -0.290478E-06
  0.187500E+03 -0.778024E-06  0.253113E-06 -0.407738E-06
  0.187800E+03 -0.717683E-06  0.454230E-06 -0.516709E-06
  0.188100E+03 -0.652511E-06  0.648808E-06 -0.616289E-06
  0.188400E+03 -0.583695E-06  0.834243E-06 -0.705468E-06
  0.188700E+03 -0.512341E-06  0.100808E-05 -0.783342E-06
  0.189000E+03 -0.439463E-06  0.116805E-05 -0.849131E-06
  0.189300E+03 -0.365988E-06  0.131212E-05 -0.902197E-06
  0.189600E+03 -0.292765E-06  0.143850E-05 -0.942051E-06
  0.189900E+03 -0.220588E-06  0.154568E-05 -0.968364E-06
  0.190200E+03 -0.150207E-06  0.163244E-05 -0.980975E-06
  0.190500E+03 -0.823415E-07  0.169787E-05 -0.979889E-06
  0.190800E+03 -0.176747E-07  0.174143E-05 -0.965270E-06
  0.191100E+03  0.431531E-07  0.176288E-05 -0.937431E-06
  0.191400E+03  0.995581E-07  0.176236E-05 -0.896824E-06
  0.191700E+03  0.151021E-06  0.174026E-05 -0.844027E-06
  0.192000E+03  0.197090E-06  0.169732E-05 -0.779746E-06
  0.192300E+03  0.237376E-06  0.163451E-05 -0.704804E-06
  0.192600E+03  0.271557E-06  0.155303E-05 -0.620143E-06
  0.192900E+03  0.299379E-06  0.145434E-05 -0.526817E-06
  0.193200E+03  0.320656E-06  0.134007E-05 -0.425983E-06
  0.193500E+03  0.335283E-06  0.121208E-05 -0.318906E-06
  0.193800E+03  0.343241E-06  0.107235E-05 -0.206957E-06
  0.194100E+03  0.344594E-06  0.922969E-06 -0.916209E-07
  0.194400E+03  0.339473E-06  0.766094E-06  0.255021E-07
  0.194700E+03  0.328053E-06  0.603878E-06  0.142700E-06
  0.195000E+03  0.310522E-06  0.438452E-06  0.258168E-06
  0.195300E+03  0.287074E-06  0.271916E-06  0.370050E-06
  0.195600E+03  0.257912E-06  0.106334E-06  0.476476E-06
  0.195900E+03  0.223263E-06 -0.562611E-07  0.575624E-06
  0.196200E+03  0.183394E-06 -0.213860E-06  0.665771E-06
  0.196500E+03  0.138634E-06 -0.364501E-06  0.745338E-06
  0.196800E+03  0.893682E-07 -0.506296E-06  0.812930E-06
  0.197100E+03  0.360465E-07 -0.637489E-06  0.867366E-06
  0.197400E+03 -0.208270E-07 -0.756507E-06  0.907688E-06
  0.197700E+03 -0.806920E-07 -0.862012E-06  0.933181E-06
  0.198000E+03 -0.142925E-06 -0.952938E-06  0.943367E-06
  0.198300E+03 -0.206823E-06 -0.102851E-05  0.938022E-06
  0.198600E+03 -0.271576E-06 -0.108824E-05  0.917172E-06
  0.198900E+03 -0.336245E-06 -0.113192E-05  0.881104E-06
  0.199200E+03 -0.399745E-06 -0.115964E-05  0.830359E-06
  0.199500E+03 -0.460848E-06 -0.117173E-05  0.765723E-06
  0.199800E+03 -0.518207E-06 -0.116874E-05  0.688211E-06
  0.200100E+03 -0.570423E-06 -0.115145E-05  0.599046E-06
  0.200400E+03 -0.616122E-06 -0.112084E-05  0.499637E-06
  0.200700E+03 -0.654057E-06 -0.107803E-05  0.391553E-06
  0.201000E+03 -0.683194E-06 -0.102431E-05  0.276512E-06
  0.201300E+03 -0.702787E-06 -0.961087E-06  0.156356E-06
  0.201600E+03 -0.712421E-06 -0.889842E-06  0.330357E-07
  0.201900E+03 -0.712021E-06 -0.812095E-06 -0.914305E-07
  0.202200E+03 -0.701834E-06 -0.729350E-06 -0.215001E-06
  0.202500E+03 -0.682387E-06 -0.643052E-06 -0.335667E-06
  0.202800E+03 -0.654428E-06 -0.554537E-06 -0.451507E-06
  0.203100E+03 -0.618868E-06 -0.465001E-06 -0.560738E-06
  0.203400E+03 -0.576717E-06 -0.375469E-06 -0.661767E-06
  0.203700E+03 -0.529023E-06 -0.286785E-06 -0.753238E-06
  0.204000E+03 -0.476817E-06 -0.199625E-06 -0.834069E-06
  0.204300E+03 -0.421070E-06 -0.114521E-06 -0.903478E-06
  0.204600E+03 -0.362649E-06 -0.319157E-07 -0.960982E-06
  0.204900E+03 -0.302301E-06  0.477902E-07 -0.100637E-05
  0.205200E+03 -0.240643E-06  0.124192E-06 -0.103968E-05
  0.205500E+03 -0.178166E-06  0.196851E-06 -0.106112E-05
  0.205800E+03 -0.115243E-06  0.265289E-06 -0.107104E-05
  0.206100E+03 -0.521439E-07  0.328993E-06 -0.106986E-05
  0.206400E+03  0.109428E-07  0.387449E-06 -0.105805E-05
  0.206700E+03  0.738895E-07  0.440175E-06 -0.103611E-05
  0.207000E+03  0.136605E-06  0.486771E-06 -0.100450E-05
  0.207300E+03  0.199007E-06  0.526955E-06 -0.963682E-06
  0.207600E+03  0.260990E-06  0.560592E-06 -0.914102E-06
  0.207900E+03  0.322394E-06  0.587706E-06 -0.856234E-06
  0.208200E+03  0.382971E-06  0.608472E-06 -0.790588E-06
  0.208500E+03  0.442375E-06  0.623204E-06 -0.717748E-06
  0.208800E+03  0.500166E-06  0.632327E-06 -0.638389E-06
  0.209100E+03  0.555825E-06  0.636344E-06 -0.553304E-06
  0.209400E+03  0.608794E-06  0.635797E-06 -0.463413E-06
  0.209700E+03  0.658521E-06  0.631228E-06 -0.369757E-06
  0.210000E+03  0.704504E-06  0.623160E-06 -0.273484E-06
  0.210300E+03  0.746328E-06  0.612086E-06 -0.175814E-06
  0.210600E+03  0.783678E-06  0.598478E-06 -0.779947E-07
  0.210900E+03  0.816331E-06  0.582794E-06  0.187341E-07
  0.211200E+03  0.844139E-06  0.565490E-06  0.113176E-06
  0.211500E+03  0.866998E-06  0.547020E-06  0.204195E-06
  0.211800E+03  0.884830E-06  0.527831E-06  0.290730E-06
  0.212100E+03  0.897563E-06  0.508342E-06  0.371801E-06
  0.212400E+03  0.905111E-06  0.488915E-06  0.446523E-06
  0.212700E+03  0.907353E-06  0.469821E-06  0.514113E-06
  0.213000E+03  0.904120E-06  0.451206E-06  0.573892E-06
  0.213300E+03  0.895191E-06  0.433066E-06  0.625290E-06
  0.213600E+03  0.880300E-06  0.415239E-06  0.667836E-06
  0.213900E+03  0.859162E-06  0.397410E-06  0.701154E-06
  0.214200E+03  0.831503E-06  0.379122E-06  0.724960E-06
  0.214500E+03  0.797101E-06  0.359804E-06  0.739068E-06
  0.214800E+03  0.755822E-06  0.338803E-06  0.743405E-06
  0.215100E+03  0.707656E-06  0.315423E-06  0.738035E-06
  0.215400E+03  0.652738E-06  0.288967E-06  0.723177E-06
  0.215700E+03  0.591355E-06  0.258780E-06  0.699219E-06
  0.216000E+03  0.523937E-06  0.224292E-06  0.666722E-06
  0.216300E+03  0.451038E-06  0.185054E-06  0.626415E-06
  0.216600E+03  0.373319E-06  0.140775E-06  0.579163E-06
  0.216900E+03  0.291529E-06  0.913481E-07  0.525942E-06
  0.217200E+03  0.206500E-06  0.368619E-07  0.467800E-06
  0.217500E+03  0.119142E-06 -0.224076E-07  0.405825E-06
  0.217800E+03  0.304346E-07 -0.860206E-07  0.341127E-06
  0.218100E+03 -0.585781E-07 -0.153410E-06  0.274820E-06
  0.218400E+03 -0.146801E-06 -0.223924E-06  0.208011E-06
  0.218700E+03 -0.233101E-06 -0.296859E-06  0.141784E-06
  0.219000E+03 -0.316323E-06 -0.371493E-06  0.771883E-07
  0.219300E+03 -0.395322E-06 -0.447097E-06  0.152286E-07
  0.219600E+03 -0.469005E-06 -0.522945E-06 -0.431489E-07
  0.219900E+03 -0.536375E-06 -0.598303E-06 -0.970696E-07
  0.220200E+03 -0.596586E-06 -0.672405E-06 -0.145745E-06
  0.220500E+03 -0.648983E-06 -0.744420E-06 -0.188480E-06
  0.220800E+03 -0.693134E-06 -0.813428E-06 -0.224681E-06
  0.221100E+03 -0.728828E-06 -0.878406E-06 -0.253854E-06
  0.221400E+03 -0.756067E-06 -0.938237E-06 -0.275609E-06
  0.221700E+03 -0.775040E-06 -0.991734E-06 -0.289672E-06
  0.222000E+03 -0.786092E-06 -0.103769E-05 -0.295907E-06
  0.222300E+03 -0.789692E-06 -0.107491E-05 -0.294337E-06
  0.222600E+03 -0.786406E-06 -0.110231E-05 -0.285167E-06
  0.222900E+03 -0.776874E-06 -0.111894E-05 -0.268789E-06
  0.223200E+03 -0.761778E-06 -0.112405E-05 -0.245777E-06
  0.223500E+03 -0.741816E-06 -0.111713E-05 -0.216860E-06
  0.223800E+03 -0.717675E-06 -0.109794E-05 -0.182878E-06
  0.224100E+03 -0.690007E-06 -0.106649E-05 -0.144741E-06
  0.224400E+03 -0.659410E-06 -0.102307E-05 -0.103368E-06
  0.224700E+03 -0.626407E-06 -0.968177E-06 -0.596549E-07
  0.225000E+03 -0.591439E-06 -0.902510E-06 -0.144366E-07
  0.225300E+03 -0.554860E-06 -0.826939E-06  0.315215E-07
  0.225600E+03 -0.516951E-06 -0.742473E-06  0.775229E-07
  0.225900E+03 -0.477941E-06 -0.650236E-06  0.122929E-06
  0.226200E+03 -0.438032E-06 -0.551430E-06  0.167143E-06
  0.226500E+03 -0.397429E-06 -0.447293E-06  0.209597E-06
  0.226800E+03 -0.356358E-06 -0.339048E-06  0.249741E-06
  0.227100E+03 -0.315068E-06 -0.227863E-06  0.287032E-06
  0.227400E+03 -0.273828E-06 -0.114820E-06  0.320925E-06
  0.227700E+03 -0.232907E-06 -0.915108E-09  0.350881E-06
  0.228000E+03 -0.192552E-06  0.112932E-06  0.376369E-06
  0.228300E+03 -0.152973E-06  0.225849E-06  0.396896E-06
  0.228600E+03 -0.114326E-06  0.336998E-06  0.412022E-06
  0.228900E+03 -0.767002E-07  0.445562E-06  0.421385E-06
  0.229200E+03 -0.401196E-07  0.550753E-06  0.424724E-06
  0.229500E+03 -0.454531E-08  0.651821E-06  0.421890E-06
  0.229800E+03  0.301061E-07  0.748070E-06  0.412861E-06
  0.230100E+03  0.639354E-07  0.838866E-06  0.397748E-06
  0.230400E+03  0.970247E-07  0.923633E-06  0.376798E-06
  0.230700E+03  0.129399E-06  0.100185E-05  0.350380E-06
  0.231000E+03  0.160993E-06  0.107301E-05  0.318973E-06
  0.231300E+03  0.191639E-06  0.113662E-05  0.283135E-06
  0.231600E+03  0.221064E-06  0.119220E-05  0.243483E-06
  0.231900E+03  0.248917E-06  0.123921E-05  0.200673E-06
  0.232200E+03  0.274794E-06  0.127710E-05  0.155380E-06
  0.232500E+03  0.298270E-06  0.130530E-05  0.108293E-06
  0.232800E+03  0.318934E-06  0.132329E-05  0.600964E-07
  0.233100E+03  0.336419E-06  0.133055E-05  0.114661E-07
  0.233400E+03  0.350434E-06  0.132668E-05 -0.369481E-07
  0.233700E+03  0.360795E-06  0.131138E-05 -0.845342E-07
  0.234000E+03  0.367442E-06  0.128451E-05 -0.130730E-06
  0.234300E+03  0.370441E-06  0.124607E-05 -0.175027E-06
  0.234600E+03  0.369969E-06  0.119625E-05 -0.216972E-06
  0.234900E+03  0.366290E-06  0.113538E-05 -0.256162E-06
  0.235200E+03  0.359719E-06  0.106398E-05 -0.292239E-06
  0.235500E+03  0.350593E-06  0.982689E-06 -0.324887E-06
  0.235800E+03  0.339238E-06  0.892323E-06 -0.353836E-06
  0.236100E+03  0.325955E-06  0.793797E-06 -0.378862E-06
  0.236400E+03  0.311013E-06  0.688111E-06 -0.399791E-06
  0.236700E+03  0.294656E-06  0.576307E-06 -0.416511E-06
  0.237000E+03  0.277122E-06  0.459426E-06 -0.428973E-06
  0.237300E+03  0.258664E-06  0.338474E-06 -0.437202E-06
  0.237600E+03  0.239571E-06  0.214410E-06 -0.441301E-06
  0.237900E+03  0.220172E-06  0.881400E-07 -0.441448E-06
  0.238200E+03  0.200833E-06 -0.394681E-07 -0.437890E-06
  0.238500E+03  0.181938E-06 -0.167562E-06 -0.430940E-06
  0.238800E+03  0.163866E-06 -0.295277E-06 -0.420960E-06
  0.239100E+03  0.146961E-06 -0.421704E-06 -0.408347E-06
  0.239400E+03  0.131509E-06 -0.545860E-06 -0.393512E-06
  0.239700E+03  0.117719E-06 -0.666672E-06 -0.376862E-06
  0.240000E+03  0.105706E-06 -0.782972E-06 -0.358788E-06
  0.240300E+03  0.954928E-07 -0.893522E-06 -0.339654E-06
  0.240600E+03  0.870011E-07 -0.997046E-06 -0.319799E-06
  0.240900E+03  0.800608E-07 -0.109228E-05 -0.299535E-06
  0.241200E+03  0.744151E-07 -0.117803E-05 -0.279149E-06
  0.241500E+03  0.697316E-07 -0.125318E-05 -0.258905E-06
  0.241800E+03  0.656175E-07 -0.131673E-05 -0.239043E-06
  0.242100E+03  0.616373E-07 -0.136783E-05 -0.219784E-06
  0.242400E+03  0.573331E-07 -0.140571E-05 -0.201324E-06
  0.242700E+03  0.522467E-07 -0.142977E-05 -0.183832E-06
  0.243000E+03  0.459434E-07 -0.143951E-05 -0.167447E-06
  0.243300E+03  0.380333E-07 -0.143459E-05 -0.152277E-06
  0.243600E+03  0.281906E-07 -0.141483E-05 -0.138394E-06
  0.243900E+03  0.161695E-07 -0.138021E-05 -0.125838E-06
  0.244200E+03  0.181531E-08 -0.133091E-05 -0.114620E-06
  0.244500E+03 -0.149290E-07 -0.126731E-05 -0.104726E-06
  0.244800E+03 -0.340229E-07 -0.118998E-05 -0.961130E-07
  0.245100E+03 -0.553312E-07 -0.109970E-05 -0.887054E-07
  0.245400E+03 -0.786281E-07 -0.997417E-06 -0.823876E-07
  0.245700E+03 -0.103600E-06 -0.884254E-06 -0.769951E-07
  0.246000E+03 -0.129849E-06 -0.761479E-06 -0.723089E-07
  0.246300E+03 -0.156896E-06 -0.630501E-06 -0.680531E-07
  0.246600E+03 -0.184192E-06 -0.492861E-06 -0.638968E-07
  0.246900E+03 -0.211132E-06 -0.350219E-06 -0.594628E-07
  0.247200E+03 -0.237076E-06 -0.204341E-06 -0.543422E-07
  0.247500E+03 -0.261378E-06 -0.570663E-07 -0.481133E-07
  0.247800E+03 -0.283409E-06  0.897243E-07 -0.403614E-07
  0.248100E+03 -0.302590E-06  0.234155E-06 -0.306985E-07
  0.248400E+03 -0.318418E-06  0.374402E-06 -0.187815E-07
  0.248700E+03 -0.330481E-06  0.508734E-06 -0.433069E-08
  0.249000E+03 -0.338478E-06  0.635548E-06  0.128534E-07
  0.249300E+03 -0.342214E-06  0.753390E-06  0.328767E-07
  0.249600E+03 -0.341599E-06  0.860970E-06  0.557442E-07
  0.249900E+03 -0.336632E-06  0.957169E-06  0.813569E-07
  0.250200E+03 -0.327376E-06  0.104105E-05  0.109516E-06
  0.250500E+03 -0.313937E-06  0.111185E-05  0.139932E-06
  0.250800E+03 -0.296444E-06  0.116899E-05  0.172240E-06
  0.251100E+03 -0.275043E-06  0.121206E-05  0.206018E-06
  0.251400E+03 -0.249897E-06  0.124083E-05  0.240804E-06
  0.251700E+03 -0.221196E-06  0.125521E-05  0.276115E-06
  0.252000E+03 -0.189172E-06  0.125526E-05  0.311449E-06
  0.252300E+03 -0.154111E-06  0.124118E-05  0.346291E-06
  0.252600E+03 -0.116362E-06  0.121333E-05  0.380112E-06
  0.252900E+03 -0.763365E-07  0.117219E-05  0.412360E-06
  0.253200E+03 -0.345028E-07  0.111844E-05  0.442471E-06
  0.253500E+03  0.862255E-08  0.105288E-05  0.469874E-06
  0.253800E+03  0.524865E-07  0.976516E-06  0.494016E-06
  0.254100E+03  0.965112E-07  0.890454E-06  0.514380E-06
  0.254400E+03  0.140108E-06  0.795949E-06  0.530519E-06
  0.254700E+03  0.182695E-06  0.694356E-06  0.542070E-06
  0.255000E+03  0.223717E-06  0.587113E-06  0.548778E-06
  0.255300E+03  0.262663E-06  0.475712E-06  0.550496E-06
  0.255600E+03  0.299068E-06  0.361674E-06  0.547189E-06
  0.255900E+03  0.332510E-06  0.246522E-06  0.538932E-06
  0.256200E+03  0.362581E-06  0.131746E-06  0.525899E-06
  0.256500E+03  0.388876E-06  0.187792E-07  0.508348E-06
  0.256800E+03  0.410976E-06 -0.910218E-07  0.486602E-06
  0.257100E+03  0.428446E-06 -0.196395E-06  0.461020E-06
  0.257400E+03  0.440848E-06 -0.296179E-06  0.431983E-06
  0.257700E+03  0.447764E-06 -0.389317E-06  0.399870E-06
  0.258000E+03  0.448823E-06 -0.474864E-06  0.365041E-06
  0.258300E+03  0.443741E-06 -0.551989E-06  0.327835E-06
  0.258600E+03  0.432351E-06 -0.619993E-06  0.288555E-06
  0.258900E+03  0.414636E-06 -0.678320E-06  0.247468E-06
  0.259200E+03  0.390736E-06 -0.726574E-06  0.204803E-06
  0.259500E+03  0.360950E-06 -0.764530E-06  0.160754E-06
  0.259800E+03  0.325722E-06 -0.792149E-06  0.115488E-06
  0.260100E+03  0.285615E-06 -0.809585E-06  0.691502E-07
  0.260400E+03  0.241289E-06 -0.817183E-06  0.218773E-07
  0.260700E+03  0.193483E-06 -0.815472E-06 -0.261817E-07
  0.261000E+03  0.142989E-06 -0.805137E-06 -0.748428E-07
  0.261300E+03  0.906406E-07 -0.786981E-06 -0.123861E-06
  0.261600E+03  0.372903E-07 -0.761878E-06 -0.172908E-06
  0.261900E+03 -0.162108E-07 -0.730716E-06 -0.221561E-06
  0.262200E+03 -0.690360E-07 -0.694361E-06 -0.269299E-06
  0.262500E+03 -0.120409E-06 -0.653615E-06 -0.315514E-06
  0.262800E+03 -0.169626E-06 -0.609198E-06 -0.359536E-06
  0.263100E+03 -0.216078E-06 -0.561743E-06 -0.400666E-06
  0.263400E+03 -0.259252E-06 -0.511801E-06 -0.438208E-06
  0.263700E+03 -0.298732E-06 -0.459856E-06 -0.471510E-06
  0.264000E+03 -0.334183E-06 -0.406349E-06 -0.499991E-06
  0.264300E+03 -0.365340E-06 -0.351693E-06 -0.523171E-06
  0.264600E+03 -0.391993E-06 -0.296290E-06 -0.540678E-06
  0.264900E+03 -0.413979E-06 -0.240542E-06 -0.552265E-06
  0.265200E+03 -0.431171E-06 -0.184864E-06 -0.557810E-06
  0.265500E+03 -0.443467E-06 -0.129692E-06 -0.557318E-06
  0.265800E+03 -0.450790E-06 -0.754905E-07 -0.550908E-06
  0.266100E+03 -0.453088E-06 -0.227582E-07 -0.538801E-06
  0.266400E+03 -0.450342E-06  0.279836E-07 -0.521297E-06
  0.266700E+03 -0.442584E-06  0.762119E-07 -0.498750E-06
  0.267000E+03 -0.429923E-06  0.121433E-06 -0.471550E-06
  0.267300E+03 -0.412561E-06  0.163220E-06 -0.440099E-06
  0.267600E+03 -0.390806E-06  0.201244E-06 -0.404801E-06
  0.267900E+03 -0.365079E-06  0.235306E-06 -0.366056E-06
  0.268200E+03 -0.335901E-06  0.265342E-06 -0.324261E-06
  0.268500E+03 -0.303875E-06  0.291428E-06 -0.279833E-06
  0.268800E+03 -0.269659E-06  0.313756E-06 -0.233221E-06
  0.269100E+03 -0.233927E-06  0.332612E-06 -0.184927E-06
  0.269400E+03 -0.197334E-06  0.348339E-06 -0.135516E-06
  0.269700E+03 -0.160475E-06  0.361304E-06 -0.856127E-07
  0.270000E+03 -0.123850E-06  0.371865E-06 -0.358866E-07
  0.270300E+03 -0.878475E-07  0.380348E-06  0.129681E-07
  0.270600E+03 -0.527355E-07  0.387034E-06  0.602591E-07
  0.270900E+03 -0.186689E-07  0.392153E-06  0.105321E-06
  0.271200E+03  0.142921E-07  0.395879E-06  0.147541E-06
  0.271500E+03  0.461585E-07  0.398340E-06  0.186374E-06
  0.271800E+03  0.769855E-07  0.399618E-06  0.221360E-06
  0.272100E+03  0.106846E-06  0.399759E-06  0.252129E-06
  0.272400E+03  0.135803E-06  0.398779E-06  0.278402E-06
  0.272700E+03  0.163884E-06  0.396667E-06  0.299987E-06
  0.273000E+03  0.191065E-06  0.393394E-06  0.316771E-06
  0.273300E+03  0.217255E-06  0.388906E-06  0.328710E-06
  0.273600E+03  0.242300E-06  0.383122E-06  0.335815E-06
  0.273900E+03  0.266002E-06  0.375930E-06  0.338140E-06
  0.274200E+03  0.288142E-06  0.367187E-06  0.335775E-06
  0.274500E+03  0.308512E-06  0.356721E-06  0.328836E-06
  0.274800E+03  0.326935E-06  0.344351E-06  0.317468E-06
  0.275100E+03  0.343284E-06  0.329900E-06  0.301849E-06
  0.275400E+03  0.357481E-06  0.313225E-06  0.282197E-06
  0.275700E+03  0.369490E-06  0.294234E-06  0.258775E-06
  0.276000E+03  0.379310E-06  0.272906E-06  0.231894E-06
  0.276300E+03  0.386959E-06  0.249297E-06  0.201918E-06
  0.276600E+03  0.392468E-06  0.223534E-06  0.169254E-06
  0.276900E+03  0.395866E-06  0.195807E-06  0.134357E-06
  0.277200E+03  0.397174E-06  0.166345E-06  0.977248E-07
  0.277500E+03  0.396401E-06  0.135406E-06  0.598943E-07
  0.277800E+03  0.393532E-06  0.103261E-06  0.214402E-07
  0.278100E+03  0.388525E-06  0.701755E-07 -0.170335E-07
  0.278400E+03  0.381301E-06  0.363959E-07 -0.549030E-07
  0.278700E+03  0.371741E-06  0.213758E-08 -0.915398E-07
  0.279000E+03  0.359680E-06 -0.324283E-07 -0.126330E-06
  0.279300E+03  0.344909E-06 -0.671817E-07 -0.158698E-06
  0.279600E+03  0.327187E-06 -0.102052E-06 -0.188125E-06
  0.279900E+03  0.306257E-06 -0.137011E-06 -0.214173E-06
  0.280200E+03  0.281873E-06 -0.172054E-06 -0.236501E-06
  0.280500E+03  0.253826E-06 -0.207176E-06 -0.254870E-06
  0.280800E+03  0.221965E-06 -0.242353E-06 -0.269154E-06
  0.281100E+03  0.186212E-06 -0.277512E-06 -0.279333E-06
  0.281400E+03  0.146575E-06 -0.312519E-06 -0.285483E-06
  0.281700E+03  0.103160E-06 -0.347162E-06 -0.287752E-06
  0.282000E+03  0.561718E-07 -0.381144E-06 -0.286347E-06
  0.282300E+03  0.592844E-08 -0.414079E-06 -0.281504E-06
  0.282600E+03 -0.471406E-07 -0.445501E-06 -0.273475E-06
  0.282900E+03 -0.102493E-06 -0.474885E-06 -0.262522E-06
  0.283200E+03 -0.159478E-06 -0.501669E-06 -0.248902E-06
  0.283500E+03 -0.217353E-06 -0.525294E-06 -0.232871E-06
  0.283800E+03 -0.275291E-06 -0.545235E-06 -0.214674E-06
  0.284100E+03 -0.332413E-06 -0.561032E-06 -0.194542E-06
  0.284400E+03 -0.387808E-06 -0.572317E-06 -0.172682E-06
  0.284700E+03 -0.440572E-06 -0.578819E-06 -0.149275E-06
  0.285000E+03 -0.489836E-06 -0.580367E-06 -0.124467E-06
  0.285300E+03 -0.534795E-06 -0.576871E-06 -0.983705E-07
  0.285600E+03 -0.574723E-06 -0.568299E-06 -0.710716E-07
  0.285900E+03 -0.608985E-06 -0.554656E-06 -0.426414E-07
  0.286200E+03 -0.637032E-06 -0.535954E-06 -0.131527E-07
  0.286500E+03 -0.658401E-06 -0.512204E-06  0.173041E-07
  0.286800E+03 -0.672711E-06 -0.483407E-06  0.486046E-07
  0.287100E+03 -0.679662E-06 -0.449564E-06  0.805748E-07
  0.287400E+03 -0.679042E-06 -0.410692E-06  0.112976E-06
  0.287700E+03 -0.670731E-06 -0.366846E-06  0.145490E-06
  0.288000E+03 -0.654710E-06 -0.318142E-06  0.177716E-06
  0.288300E+03 -0.631055E-06 -0.264777E-06  0.209170E-06
  0.288600E+03 -0.599933E-06 -0.207055E-06  0.239309E-06
  0.288900E+03 -0.561590E-06 -0.145398E-06  0.267552E-06
  0.289200E+03 -0.516335E-06 -0.803562E-07  0.293326E-06
  0.289500E+03 -0.464535E-06 -0.126065E-07  0.316098E-06
  0.289800E+03 -0.406610E-06  0.570542E-07  0.335417E-06
  0.290100E+03 -0.343036E-06  0.127730E-06  0.350945E-06
  0.290400E+03 -0.274364E-06  0.198453E-06  0.362477E-06
  0.290700E+03 -0.201229E-06  0.268223E-06  0.369950E-06
  0.291000E+03 -0.124367E-06  0.336041E-06  0.373435E-06
  0.291300E+03 -0.446271E-07  0.400948E-06  0.373125E-06
  0.291600E+03  0.370290E-07  0.462054E-06  0.369306E-06
  0.291900E+03  0.119533E-06  0.518565E-06  0.362323E-06
  0.292200E+03  0.201728E-06  0.569802E-06  0.352552E-06
  0.292500E+03  0.282398E-06  0.615209E-06  0.340363E-06
  0.292800E+03  0.360294E-06  0.654359E-06  0.326093E-06
  0.293100E+03  0.434176E-06  0.686941E-06  0.310026E-06
  0.293400E+03  0.502843E-06  0.712750E-06  0.292385E-06
  0.293700E+03  0.565174E-06  0.731668E-06  0.273329E-06
  0.294000E+03  0.620156E-06  0.743638E-06  0.252961E-06
  0.294300E+03  0.666913E-06  0.748642E-06  0.231350E-06
  0.294600E+03  0.704720E-06  0.746681E-06  0.208549E-06
  0.294900E+03  0.733024E-06  0.737756E-06  0.184614E-06
  0.295200E+03  0.751445E-06  0.721861E-06  0.159622E-06
  0.295500E+03  0.759788E-06  0.698983E-06  0.133672E-06
  0.295800E+03  0.758030E-06  0.669116E-06  0.106891E-06
  0.296100E+03  0.746313E-06  0.632289E-06  0.794238E-07
  0.296400E+03  0.724929E-06  0.588599E-06  0.514299E-07
  0.296700E+03  0.694301E-06  0.538245E-06  0.230703E-07
  0.297000E+03  0.654970E-06  0.481557E-06 -0.549344E-08
  0.297300E+03  0.607582E-06  0.419011E-06 -0.340990E-07
  0.297600E+03  0.552875E-06  0.351240E-06 -0.625785E-07
  0.297900E+03  0.491667E-06  0.279028E-06 -0.907537E-07
  0.298200E+03  0.424847E-06  0.203298E-06 -0.118433E-06
  0.298500E+03  0.353362E-06  0.125086E-06 -0.145413E-06
  0.298800E+03  0.278206E-06  0.455115E-07 -0.171481E-06
  0.299100E+03  0.200411E-06 -0.342613E-07 -0.196418E-06
  0.299400E+03  0.121036E-06 -0.113055E-06 -0.220008E-06
  0.299700E+03  0.411584E-07 -0.189708E-06 -0.242042E-06
  0.300000E+03 -0.381352E-07 -0.263106E-06 -0.262327E-06
  0.300300E+03 -0.115765E-06 -0.332199E-06 -0.280692E-06
  0.300600E+03 -0.190674E-06 -0.396026E-06 -0.296993E-06
  0.300900E+03 -0.261850E-06 -0.453730E-06 -0.311114E-06
  0.301200E+03 -0.328342E-06 -0.504575E-06 -0.322973E-06
  0.301500E+03 -0.389285E-06 -0.547952E-06 -0.332516E-06
  0.301800E+03 -0.443908E-06 -0.583384E-06 -0.339716E-06
  0.302100E+03 -0.491552E-06 -0.610522E-06 -0.344578E-06
  0.302400E+03 -0.531676E-06 -0.629146E-06 -0.347135E-06
  0.302700E+03 -0.563862E-06 -0.639153E-06 -0.347449E-06
  0.303000E+03 -0.587821E-06 -0.640558E-06 -0.345607E-06
  0.303300E+03 -0.603396E-06 -0.633482E-06 -0.341725E-06
  0.303600E+03 -0.610565E-06 -0.618147E-06 -0.335941E-06
  0.303900E+03 -0.609435E-06 -0.594873E-06 -0.328414E-06
  0.304200E+03 -0.600236E-06 -0.564070E-06 -0.319315E-06
  0.304500E+03 -0.583309E-06 -0.526235E-06 -0.308812E-06
  0.304800E+03 -0.559083E-06 -0.481945E-06 -0.297063E-06
  0.305100E+03 -0.528055E-06 -0.431856E-06 -0.284196E-06
  0.305400E+03 -0.490764E-06 -0.376689E-06 -0.270303E-06
  0.305700E+03 -0.447775E-06 -0.317235E-06 -0.255433E-06
  0.306000E+03 -0.399675E-06 -0.254344E-06 -0.239590E-06
  0.306300E+03 -0.347069E-06 -0.188930E-06 -0.222734E-06
  0.306600E+03 -0.290594E-06 -0.121965E-06 -0.204790E-06
  0.306900E+03 -0.230926E-06 -0.544753E-07 -0.185657E-06
