  0.00000E+00  0.45881E-12 -0.21698E-11  0.13195E-10
  0.30000E+00  0.12970E-11 -0.61179E-11  0.37195E-10
  0.60000E+00  0.29425E-11 -0.13850E-10  0.84188E-10
  0.90000E+00  0.57528E-11 -0.27033E-10  0.16429E-09
  0.12000E+01  0.10108E-10 -0.47435E-10  0.28825E-09
  0.15000E+01  0.16389E-10 -0.76823E-10  0.46679E-09
  0.18000E+01  0.24949E-10 -0.11688E-09  0.71010E-09
  0.21000E+01  0.36129E-10 -0.16910E-09  0.10273E-08
  0.24000E+01  0.50177E-10 -0.23471E-09  0.14258E-08
  0.27000E+01  0.67289E-10 -0.31465E-09  0.19113E-08
  0.30000E+01  0.87630E-10 -0.40946E-09  0.24870E-08
  0.33000E+01  0.11112E-09 -0.51918E-09  0.31535E-08
  0.36000E+01  0.13777E-09 -0.64356E-09  0.39087E-08
  0.39000E+01  0.16737E-09 -0.78175E-09  0.47475E-08
  0.42000E+01  0.19956E-09 -0.93232E-09  0.56617E-08
  0.45000E+01  0.23416E-09 -0.10935E-08  0.66404E-08
  0.48000E+01  0.27056E-09 -0.12630E-08  0.76695E-08
  0.51000E+01  0.30811E-09 -0.14381E-08  0.87332E-08
  0.54000E+01  0.34627E-09 -0.16156E-08  0.98115E-08
  0.57000E+01  0.38416E-09 -0.17921E-08  0.10884E-07
  0.60000E+01  0.42107E-09 -0.19637E-08  0.11926E-07
  0.63000E+01  0.45608E-09 -0.21265E-08  0.12915E-07
  0.66000E+01  0.48824E-09 -0.22761E-08  0.13825E-07
  0.69000E+01  0.51674E-09 -0.24087E-08  0.14629E-07
  0.72000E+01  0.54054E-09 -0.25203E-08  0.15303E-07
  0.75000E+01  0.55867E-09 -0.26056E-08  0.15820E-07
  0.78000E+01  0.57026E-09 -0.26608E-08  0.16155E-07
  0.81000E+01  0.57453E-09 -0.26835E-08  0.16289E-07
  0.84000E+01  0.57082E-09 -0.26688E-08  0.16199E-07
  0.87000E+01  0.55822E-09 -0.26145E-08  0.15862E-07
  0.90000E+01  0.53625E-09 -0.25178E-08  0.15263E-07
  0.93000E+01  0.50448E-09 -0.23757E-08  0.14391E-07
  0.96000E+01  0.46266E-09 -0.21884E-08  0.13238E-07
  0.99000E+01  0.41039E-09 -0.19535E-08  0.11798E-07
  0.10200E+02  0.34780E-09 -0.16722E-08  0.10071E-07
  0.10500E+02  0.27490E-09 -0.13432E-08  0.80650E-08
  0.10800E+02  0.19260E-09 -0.96930E-09  0.57730E-08
  0.11100E+02  0.99801E-10 -0.55170E-09  0.32150E-08
  0.11400E+02 -0.69988E-12 -0.92800E-10  0.41402E-09
  0.11700E+02 -0.10990E-09  0.40350E-09 -0.26210E-08
  0.12000E+02 -0.22700E-09  0.93330E-09 -0.58680E-08
  0.12300E+02 -0.34900E-09  0.14925E-08 -0.92780E-08
  0.12600E+02 -0.47660E-09  0.20762E-08 -0.12847E-07
  0.12900E+02 -0.60840E-09  0.26778E-08 -0.16508E-07
  0.13200E+02 -0.74210E-09  0.32912E-08 -0.20251E-07
  0.13500E+02 -0.87650E-09  0.39096E-08 -0.24018E-07
  0.13800E+02 -0.10102E-08  0.45263E-08 -0.27781E-07
  0.14100E+02 -0.11412E-08  0.51342E-08 -0.31475E-07
  0.14400E+02 -0.12687E-08  0.57264E-08 -0.35074E-07
  0.14700E+02 -0.13896E-08  0.62946E-08 -0.38531E-07
  0.15000E+02 -0.15041E-08  0.68316E-08 -0.41781E-07
  0.15300E+02 -0.16096E-08  0.73302E-08 -0.44806E-07
  0.15600E+02 -0.17046E-08  0.77834E-08 -0.47541E-07
  0.15900E+02 -0.17877E-08  0.81843E-08 -0.49963E-07
  0.16200E+02 -0.18574E-08  0.85262E-08 -0.52019E-07
  0.16500E+02 -0.19128E-08  0.88042E-08 -0.53680E-07
  0.16800E+02 -0.19527E-08  0.90133E-08 -0.54913E-07
  0.17100E+02 -0.19754E-08  0.91468E-08 -0.55688E-07
  0.17400E+02 -0.19806E-08  0.92018E-08 -0.55982E-07
  0.17700E+02 -0.19681E-08  0.91749E-08 -0.55780E-07
  0.18000E+02 -0.19366E-08  0.90649E-08 -0.55056E-07
  0.18300E+02 -0.18861E-08  0.88683E-08 -0.53815E-07
  0.18600E+02 -0.18169E-08  0.85860E-08 -0.52046E-07
  0.18900E+02 -0.17290E-08  0.82183E-08 -0.49745E-07
  0.19200E+02 -0.16223E-08  0.77644E-08 -0.46935E-07
  0.19500E+02 -0.14982E-08  0.72290E-08 -0.43620E-07
  0.19800E+02 -0.13566E-08  0.66160E-08 -0.39810E-07
  0.20100E+02 -0.11985E-08  0.59210E-08 -0.35544E-07
  0.20400E+02 -0.10260E-08  0.51560E-08 -0.30850E-07
  0.20700E+02 -0.83870E-09  0.43250E-08 -0.25747E-07
  0.21000E+02 -0.63980E-09  0.34380E-08 -0.20290E-07
  0.21300E+02 -0.42930E-09  0.24990E-08 -0.14512E-07
  0.21600E+02 -0.21080E-09  0.15150E-08 -0.84630E-08
  0.21900E+02  0.15596E-10  0.48401E-09 -0.21971E-08
  0.22200E+02  0.24711E-09 -0.56801E-09  0.42410E-08
  0.22500E+02  0.48250E-09 -0.16340E-08  0.10795E-07
  0.22800E+02  0.71780E-09 -0.27190E-08  0.17402E-07
  0.23100E+02  0.95361E-09 -0.38020E-08  0.24011E-07
  0.23400E+02  0.11820E-08 -0.48710E-08  0.30560E-07
  0.23700E+02  0.14130E-08 -0.59310E-08  0.36993E-07
  0.24000E+02  0.16350E-08 -0.69592E-08  0.43247E-07
  0.24300E+02  0.18450E-08 -0.79517E-08  0.49274E-07
  0.24600E+02  0.20450E-08 -0.88977E-08  0.55020E-07
  0.24900E+02  0.22250E-08 -0.97900E-08  0.60417E-07
  0.25200E+02  0.23970E-08 -0.10619E-07  0.65437E-07
  0.25500E+02  0.25570E-08 -0.11379E-07  0.70014E-07
  0.25800E+02  0.26930E-08 -0.12062E-07  0.74119E-07
  0.26100E+02  0.28120E-08 -0.12661E-07  0.77722E-07
  0.26400E+02  0.29140E-08 -0.13173E-07  0.80767E-07
  0.26700E+02  0.29914E-08 -0.13591E-07  0.83241E-07
  0.27000E+02  0.30482E-08 -0.13913E-07  0.85124E-07
  0.27300E+02  0.30815E-08 -0.14133E-07  0.86385E-07
  0.27600E+02  0.30928E-08 -0.14252E-07  0.87023E-07
  0.27900E+02  0.30809E-08 -0.14268E-07  0.87027E-07
  0.28200E+02  0.30473E-08 -0.14180E-07  0.86395E-07
  0.28500E+02  0.29898E-08 -0.13989E-07  0.85136E-07
  0.28800E+02  0.29108E-08 -0.13697E-07  0.83260E-07
  0.29100E+02  0.28108E-08 -0.13309E-07  0.80773E-07
  0.29400E+02  0.26906E-08 -0.12820E-07  0.77715E-07
  0.29700E+02  0.25498E-08 -0.12245E-07  0.74099E-07
  0.30000E+02  0.23916E-08 -0.11581E-07  0.69955E-07
  0.30300E+02  0.22162E-08 -0.10836E-07  0.65315E-07
  0.30600E+02  0.20254E-08 -0.10010E-07  0.60231E-07
  0.30900E+02  0.18210E-08 -0.91280E-08  0.54733E-07
  0.31200E+02  0.16034E-08 -0.81750E-08  0.48881E-07
  0.31500E+02  0.13769E-08 -0.71780E-08  0.42700E-07
  0.31800E+02  0.11413E-08 -0.61300E-08  0.36266E-07
  0.32100E+02  0.89830E-09 -0.50520E-08  0.29618E-07
  0.32400E+02  0.65100E-09 -0.39460E-08  0.22812E-07
  0.32700E+02  0.40200E-09 -0.28170E-08  0.15930E-07
  0.33000E+02  0.15120E-09 -0.16820E-08  0.89400E-08
  0.33300E+02 -0.94801E-10 -0.54800E-09  0.19900E-08
  0.33600E+02 -0.30610E-09  0.54601E-09 -0.48000E-08
  0.33900E+02 -0.39700E-09  0.15090E-08 -0.11260E-07
  0.34200E+02 -0.17100E-09  0.21520E-08 -0.16980E-07
  0.34500E+02  0.64800E-09  0.21730E-08 -0.21490E-07
  0.34800E+02  0.24190E-08  0.12260E-08 -0.24360E-07
  0.35100E+02  0.55490E-08 -0.10970E-08 -0.25120E-07
  0.35400E+02  0.10403E-07 -0.51830E-08 -0.23550E-07
  0.35700E+02  0.17340E-07 -0.11394E-07 -0.19367E-07
  0.36000E+02  0.26637E-07 -0.20030E-07 -0.12328E-07
  0.36300E+02  0.38544E-07 -0.31338E-07 -0.23660E-08
  0.36600E+02  0.53197E-07 -0.45489E-07  0.10489E-07
  0.36900E+02  0.70689E-07 -0.62586E-07  0.26144E-07
  0.37200E+02  0.91017E-07 -0.82665E-07  0.44343E-07
  0.37500E+02  0.11403E-06 -0.10559E-06  0.64664E-07
  0.37800E+02  0.13946E-06 -0.13111E-06  0.86456E-07
  0.38100E+02  0.16679E-06 -0.15876E-06  0.10892E-06
  0.38400E+02  0.19537E-06 -0.18788E-06  0.13105E-06
  0.38700E+02  0.22429E-06 -0.21761E-06  0.15163E-06
  0.39000E+02  0.25249E-06 -0.24692E-06  0.16939E-06
  0.39300E+02  0.27884E-06 -0.27469E-06  0.18319E-06
  0.39600E+02  0.30229E-06 -0.29987E-06  0.19214E-06
  0.39900E+02  0.32207E-06 -0.32171E-06  0.19592E-06
  0.40200E+02  0.33798E-06 -0.33996E-06  0.19493E-06
  0.40500E+02  0.35029E-06 -0.35489E-06  0.18985E-06
  0.40800E+02  0.35953E-06 -0.36695E-06  0.18102E-06
  0.41100E+02  0.36600E-06 -0.37643E-06  0.16830E-06
  0.41400E+02  0.36959E-06 -0.38316E-06  0.15125E-06
  0.41700E+02  0.36990E-06 -0.38675E-06  0.12952E-06
  0.42000E+02  0.36646E-06 -0.38667E-06  0.10304E-06
  0.42300E+02  0.35891E-06 -0.38253E-06  0.71923E-07
  0.42600E+02  0.34699E-06 -0.37402E-06  0.36410E-07
  0.42900E+02  0.33057E-06 -0.36096E-06 -0.32274E-08
  0.43200E+02  0.30954E-06 -0.34319E-06 -0.46651E-07
  0.43500E+02  0.28379E-06 -0.32057E-06 -0.93491E-07
  0.43800E+02  0.25317E-06 -0.29285E-06 -0.14335E-06
  0.44100E+02  0.21739E-06 -0.25973E-06 -0.19590E-06
  0.44400E+02  0.17612E-06 -0.22080E-06 -0.25087E-06
  0.44700E+02  0.12898E-06 -0.17567E-06 -0.30805E-06
  0.45000E+02  0.75690E-07 -0.12399E-06 -0.36723E-06
  0.45300E+02  0.15970E-07 -0.65431E-07 -0.42821E-06
  0.45600E+02 -0.50462E-07  0.33901E-09 -0.49074E-06
  0.45900E+02 -0.12387E-06  0.73606E-07 -0.55445E-06
  0.46200E+02 -0.20441E-06  0.15456E-06 -0.61897E-06
  0.46500E+02 -0.29193E-06  0.24311E-06 -0.68404E-06
  0.46800E+02 -0.38635E-06  0.33918E-06 -0.74935E-06
  0.47100E+02 -0.48761E-06  0.44284E-06 -0.81445E-06
  0.47400E+02 -0.59546E-06  0.55371E-06 -0.87857E-06
  0.47700E+02 -0.70940E-06  0.67136E-06 -0.94080E-06
  0.48000E+02 -0.82868E-06  0.79508E-06 -0.10000E-05
  0.48300E+02 -0.95226E-06  0.92375E-06 -0.10552E-05
  0.48600E+02 -0.10787E-05  0.10562E-05 -0.11051E-05
  0.48900E+02 -0.12067E-05  0.11907E-05 -0.11484E-05
  0.49200E+02 -0.13345E-05  0.13259E-05 -0.11840E-05
  0.49500E+02 -0.14604E-05  0.14598E-05 -0.12106E-05
  0.49800E+02 -0.15824E-05  0.15905E-05 -0.12269E-05
  0.50100E+02 -0.16986E-05  0.17161E-05 -0.12319E-05
  0.50400E+02 -0.18069E-05  0.18343E-05 -0.12242E-05
  0.50700E+02 -0.19052E-05  0.19430E-05 -0.12030E-05
  0.51000E+02 -0.19914E-05  0.20401E-05 -0.11674E-05
  0.51300E+02 -0.20634E-05  0.21233E-05 -0.11165E-05
  0.51600E+02 -0.21191E-05  0.21906E-05 -0.10499E-05
  0.51900E+02 -0.21566E-05  0.22399E-05 -0.96725E-06
  0.52200E+02 -0.21742E-05  0.22693E-05 -0.86806E-06
  0.52500E+02 -0.21699E-05  0.22768E-05 -0.75249E-06
  0.52800E+02 -0.21422E-05  0.22610E-05 -0.62052E-06
  0.53100E+02 -0.20897E-05  0.22200E-05 -0.47258E-06
  0.53400E+02 -0.20111E-05  0.21527E-05 -0.30926E-06
  0.53700E+02 -0.19054E-05  0.20578E-05 -0.13137E-06
  0.54000E+02 -0.17719E-05  0.19346E-05  0.60180E-07
  0.54300E+02 -0.16102E-05  0.17825E-05  0.26392E-06
  0.54600E+02 -0.14202E-05  0.16012E-05  0.47851E-06
  0.54900E+02 -0.12022E-05  0.13911E-05  0.70194E-06
  0.55200E+02 -0.95703E-06  0.11526E-05  0.93221E-06
  0.55500E+02 -0.68572E-06  0.88687E-06  0.11669E-05
  0.55800E+02 -0.38996E-06  0.59523E-06  0.14032E-05
  0.56100E+02 -0.71520E-07  0.27971E-06  0.16384E-05
  0.56400E+02  0.26685E-06 -0.57450E-07  0.18691E-05
  0.56700E+02  0.62229E-06 -0.41334E-06  0.20925E-05
  0.57000E+02  0.99142E-06 -0.78446E-06  0.23053E-05
  0.57300E+02  0.13702E-05 -0.11672E-05  0.25044E-05
  0.57600E+02  0.17547E-05 -0.15575E-05  0.26869E-05
  0.57900E+02  0.21407E-05 -0.19511E-05  0.28498E-05
  0.58200E+02  0.25240E-05 -0.23438E-05  0.29906E-05
  0.58500E+02  0.29000E-05 -0.27313E-05  0.31069E-05
  0.58800E+02  0.32646E-05 -0.31092E-05  0.31964E-05
  0.59100E+02  0.36138E-05 -0.34736E-05  0.32573E-05
  0.59400E+02  0.39439E-05 -0.38202E-05  0.32883E-05
  0.59700E+02  0.42512E-05 -0.41452E-05  0.32882E-05
  0.60000E+02  0.45323E-05 -0.44443E-05  0.32568E-05
  0.60300E+02  0.47840E-05 -0.47135E-05  0.31940E-05
  0.60600E+02  0.50029E-05 -0.49488E-05  0.31002E-05
  0.60900E+02  0.51863E-05 -0.51462E-05  0.29765E-05
  0.61200E+02  0.53317E-05 -0.53027E-05  0.28241E-05
  0.61500E+02  0.54368E-05 -0.54152E-05  0.26449E-05
  0.61800E+02  0.54997E-05 -0.54811E-05  0.24405E-05
  0.62100E+02  0.55187E-05 -0.54985E-05  0.22129E-05
  0.62400E+02  0.54923E-05 -0.54654E-05  0.19645E-05
  0.62700E+02  0.54196E-05 -0.53807E-05  0.16978E-05
  0.63000E+02  0.52994E-05 -0.52439E-05  0.14151E-05
  0.63300E+02  0.51317E-05 -0.50547E-05  0.11194E-05
  0.63600E+02  0.49167E-05 -0.48139E-05  0.81376E-06
  0.63900E+02  0.46552E-05 -0.45232E-05  0.50123E-06
  0.64200E+02  0.43487E-05 -0.41846E-05  0.18485E-06
  0.64500E+02  0.39990E-05 -0.38008E-05 -0.13236E-06
  0.64800E+02  0.36084E-05 -0.33752E-05 -0.44781E-06
  0.65100E+02  0.31792E-05 -0.29114E-05 -0.75877E-06
  0.65400E+02  0.27140E-05 -0.24132E-05 -0.10630E-05
  0.65700E+02  0.22158E-05 -0.18851E-05 -0.13581E-05
  0.66000E+02  0.16874E-05 -0.13318E-05 -0.16421E-05
  0.66300E+02  0.11326E-05 -0.75828E-06 -0.19127E-05
  0.66600E+02  0.55517E-06 -0.16979E-06 -0.21678E-05
  0.66900E+02 -0.40540E-07  0.42794E-06 -0.24057E-05
  0.67200E+02 -0.64973E-06  0.10290E-05 -0.26247E-05
  0.67500E+02 -0.12669E-05  0.16269E-05 -0.28235E-05
  0.67800E+02 -0.18868E-05  0.22155E-05 -0.30010E-05
  0.68100E+02 -0.25038E-05  0.27892E-05 -0.31565E-05
  0.68400E+02 -0.31122E-05  0.33426E-05 -0.32896E-05
  0.68700E+02 -0.37066E-05  0.38711E-05 -0.33994E-05
  0.69000E+02 -0.42813E-05  0.43705E-05 -0.34857E-05
  0.69300E+02 -0.48311E-05  0.48372E-05 -0.35476E-05
  0.69600E+02 -0.53509E-05  0.52681E-05 -0.35843E-05
  0.69900E+02 -0.58362E-05  0.56599E-05 -0.35950E-05
  0.70200E+02 -0.62829E-05  0.60093E-05 -0.35794E-05
  0.70500E+02 -0.66876E-05  0.63129E-05 -0.35375E-05
  0.70800E+02 -0.70472E-05  0.65678E-05 -0.34698E-05
  0.71100E+02 -0.73594E-05  0.67711E-05 -0.33777E-05
  0.71400E+02 -0.76228E-05  0.69204E-05 -0.32623E-05
  0.71700E+02 -0.78367E-05  0.70138E-05 -0.31253E-05
  0.72000E+02 -0.80007E-05  0.70494E-05 -0.29680E-05
  0.72300E+02 -0.81148E-05  0.70260E-05 -0.27918E-05
  0.72600E+02 -0.81788E-05  0.69429E-05 -0.25982E-05
  0.72900E+02 -0.81931E-05  0.68000E-05 -0.23885E-05
  0.73200E+02 -0.81582E-05  0.65986E-05 -0.21646E-05
  0.73500E+02 -0.80751E-05  0.63400E-05 -0.19285E-05
  0.73800E+02 -0.79451E-05  0.60268E-05 -0.16825E-05
  0.74100E+02 -0.77697E-05  0.56617E-05 -0.14292E-05
  0.74400E+02 -0.75504E-05  0.52484E-05 -0.11711E-05
  0.74700E+02 -0.72890E-05  0.47906E-05 -0.91067E-06
  0.75000E+02 -0.69871E-05  0.42932E-05 -0.65044E-06
  0.75300E+02 -0.66464E-05  0.37609E-05 -0.39253E-06
  0.75600E+02 -0.62690E-05  0.31994E-05 -0.13928E-06
  0.75900E+02 -0.58565E-05  0.26145E-05  0.10688E-06
  0.76200E+02 -0.54110E-05  0.20130E-05  0.34373E-06
  0.76500E+02 -0.49344E-05  0.14012E-05  0.56884E-06
  0.76800E+02 -0.44285E-05  0.78630E-06  0.77964E-06
  0.77100E+02 -0.38950E-05  0.17498E-06  0.97407E-06
  0.77400E+02 -0.33359E-05 -0.42545E-06  0.11503E-05
  0.77700E+02 -0.27530E-05 -0.10083E-05  0.13064E-05
  0.78000E+02 -0.21481E-05 -0.15667E-05  0.14406E-05
  0.78300E+02 -0.15232E-05 -0.20942E-05  0.15515E-05
  0.78600E+02 -0.88031E-06 -0.25847E-05  0.16378E-05
  0.78900E+02 -0.22138E-06 -0.30329E-05  0.16982E-05
  0.79200E+02  0.45133E-06 -0.34342E-05  0.17319E-05
  0.79500E+02  0.11355E-05 -0.37842E-05  0.17385E-05
  0.79800E+02  0.18287E-05 -0.40802E-05  0.17178E-05
  0.80100E+02  0.25282E-05 -0.43199E-05  0.16702E-05
  0.80400E+02  0.32311E-05 -0.45020E-05  0.15961E-05
  0.80700E+02  0.39343E-05 -0.46263E-05  0.14967E-05
  0.81000E+02  0.46341E-05 -0.46935E-05  0.13731E-05
  0.81300E+02  0.53269E-05 -0.47051E-05  0.12277E-05
  0.81600E+02  0.60084E-05 -0.46636E-05  0.10625E-05
  0.81900E+02  0.66745E-05 -0.45725E-05  0.88083E-06
  0.82200E+02  0.73207E-05 -0.44359E-05  0.68591E-06
  0.82500E+02  0.79423E-05 -0.42586E-05  0.48151E-06
  0.82800E+02  0.85345E-05 -0.40459E-05  0.27174E-06
  0.83100E+02  0.90922E-05 -0.38035E-05  0.60840E-07
  0.83400E+02  0.96105E-05 -0.35370E-05 -0.14670E-06
  0.83700E+02  0.10084E-04 -0.32522E-05 -0.34598E-06
  0.84000E+02  0.10508E-04 -0.29548E-05 -0.53256E-06
  0.84300E+02  0.10877E-04 -0.26503E-05 -0.70176E-06
  0.84600E+02  0.11186E-04 -0.23441E-05 -0.84919E-06
  0.84900E+02  0.11431E-04 -0.20409E-05 -0.97073E-06
  0.85200E+02  0.11607E-04 -0.17452E-05 -0.10628E-05
  0.85500E+02  0.11710E-04 -0.14610E-05 -0.11224E-05
  0.85800E+02  0.11738E-04 -0.11918E-05 -0.11472E-05
  0.86100E+02  0.11687E-04 -0.94060E-06 -0.11354E-05
  0.86400E+02  0.11554E-04 -0.70983E-06 -0.10864E-05
  0.86700E+02  0.11337E-04 -0.50164E-06 -0.99973E-06
  0.87000E+02  0.11037E-04 -0.31755E-06 -0.87600E-06
  0.87300E+02  0.10653E-04 -0.15889E-06 -0.71680E-06
  0.87600E+02  0.10185E-04 -0.26750E-07 -0.52420E-06
  0.87900E+02  0.96354E-05  0.78510E-07 -0.30055E-06
  0.88200E+02  0.90066E-05  0.15631E-06 -0.49400E-07
  0.88500E+02  0.83019E-05  0.20677E-06  0.22563E-06
  0.88800E+02  0.75258E-05  0.23022E-06  0.52058E-06
  0.89100E+02  0.66836E-05  0.22712E-06  0.83092E-06
  0.89400E+02  0.57812E-05  0.19842E-06  0.11523E-05
  0.89700E+02  0.48257E-05  0.14542E-06  0.14801E-05
  0.90000E+02  0.38243E-05  0.69600E-07  0.18098E-05
  0.90300E+02  0.27851E-05 -0.27110E-07  0.21368E-05
  0.90600E+02  0.17167E-05 -0.14249E-06  0.24565E-05
  0.90900E+02  0.62794E-06 -0.27395E-06  0.27647E-05
  0.91200E+02 -0.47206E-06 -0.41876E-06  0.30574E-05
  0.91500E+02 -0.15740E-05 -0.57398E-06  0.33306E-05
  0.91800E+02 -0.26685E-05 -0.73630E-06  0.35808E-05
  0.92100E+02 -0.37463E-05 -0.90251E-06  0.38047E-05
  0.92400E+02 -0.47982E-05 -0.10692E-05  0.39993E-05
  0.92700E+02 -0.58154E-05 -0.12331E-05  0.41621E-05
  0.93000E+02 -0.67893E-05 -0.13909E-05  0.42910E-05
  0.93300E+02 -0.77119E-05 -0.15392E-05  0.43840E-05
  0.93600E+02 -0.85756E-05 -0.16749E-05  0.44400E-05
  0.93900E+02 -0.93735E-05 -0.17951E-05  0.44580E-05
  0.94200E+02 -0.10099E-04 -0.18970E-05  0.44376E-05
  0.94500E+02 -0.10747E-04 -0.19779E-05  0.43785E-05
  0.94800E+02 -0.11313E-04 -0.20356E-05  0.42817E-05
  0.95100E+02 -0.11792E-04 -0.20678E-05  0.41472E-05
  0.95400E+02 -0.12181E-04 -0.20730E-05  0.39760E-05
  0.95700E+02 -0.12478E-04 -0.20495E-05  0.37706E-05
  0.96000E+02 -0.12682E-04 -0.19962E-05  0.35322E-05
  0.96300E+02 -0.12791E-04 -0.19124E-05  0.32628E-05
  0.96600E+02 -0.12807E-04 -0.17976E-05  0.29645E-05
  0.96900E+02 -0.12730E-04 -0.16520E-05  0.26404E-05
  0.97200E+02 -0.12562E-04 -0.14759E-05  0.22929E-05
  0.97500E+02 -0.12306E-04 -0.12701E-05  0.19253E-05
  0.97800E+02 -0.11966E-04 -0.10358E-05  0.15401E-05
  0.98100E+02 -0.11545E-04 -0.77467E-06  0.11408E-05
  0.98400E+02 -0.11049E-04 -0.48864E-06  0.73150E-06
  0.98700E+02 -0.10483E-04 -0.17999E-06  0.31360E-06
  0.99000E+02 -0.98528E-05  0.14848E-06 -0.10870E-06
  0.99300E+02 -0.91654E-05  0.49409E-06 -0.53208E-06
  0.99600E+02 -0.84272E-05  0.85337E-06 -0.95337E-06
  0.99900E+02 -0.76453E-05  0.12232E-05 -0.13696E-05
  0.10020E+03 -0.68270E-05  0.15999E-05 -0.17780E-05
  0.10050E+03 -0.59798E-05  0.19796E-05 -0.21755E-05
  0.10080E+03 -0.51111E-05  0.23587E-05 -0.25597E-05
  0.10110E+03 -0.42284E-05  0.27332E-05 -0.29277E-05
  0.10140E+03 -0.33390E-05  0.30992E-05 -0.32775E-05
  0.10170E+03 -0.24504E-05  0.34530E-05 -0.36069E-05
  0.10200E+03 -0.15692E-05  0.37905E-05 -0.39138E-05
  0.10230E+03 -0.70241E-06  0.41081E-05 -0.41967E-05
  0.10260E+03  0.14351E-06  0.44025E-05 -0.44539E-05
  0.10290E+03  0.96283E-06  0.46701E-05 -0.46842E-05
  0.10320E+03  0.17497E-05  0.49078E-05 -0.48865E-05
  0.10350E+03  0.24993E-05  0.51129E-05 -0.50600E-05
  0.10380E+03  0.32067E-05  0.52826E-05 -0.52040E-05
  0.10410E+03  0.38682E-05  0.54149E-05 -0.53180E-05
  0.10440E+03  0.44802E-05  0.55078E-05 -0.54019E-05
  0.10470E+03  0.50399E-05  0.55600E-05 -0.54556E-05
  0.10500E+03  0.55448E-05  0.55702E-05 -0.54790E-05
  0.10530E+03  0.59934E-05  0.55379E-05 -0.54732E-05
  0.10560E+03  0.63844E-05  0.54627E-05 -0.54383E-05
  0.10590E+03  0.67173E-05  0.53450E-05 -0.53743E-05
  0.10620E+03  0.69920E-05  0.51850E-05 -0.52831E-05
  0.10650E+03  0.72090E-05  0.49840E-05 -0.51653E-05
  0.10680E+03  0.73694E-05  0.47431E-05 -0.50211E-05
  0.10710E+03  0.74746E-05  0.44643E-05 -0.48535E-05
  0.10740E+03  0.75263E-05  0.41496E-05 -0.46619E-05
  0.10770E+03  0.75271E-05  0.38015E-05 -0.44493E-05
  0.10800E+03  0.74795E-05  0.34227E-05 -0.42161E-05
  0.10830E+03  0.73862E-05  0.30164E-05 -0.39640E-05
  0.10860E+03  0.72509E-05  0.25859E-05 -0.36951E-05
  0.10890E+03  0.70765E-05  0.21346E-05 -0.34108E-05
  0.10920E+03  0.68671E-05  0.16665E-05 -0.31127E-05
  0.10950E+03  0.66261E-05  0.11853E-05 -0.28026E-05
  0.10980E+03  0.63573E-05  0.69500E-06 -0.24823E-05
  0.11010E+03  0.60648E-05  0.19976E-06 -0.21534E-05
  0.11040E+03  0.57522E-05 -0.29632E-06 -0.18177E-05
  0.11070E+03  0.54234E-05 -0.78939E-06 -0.14770E-05
  0.11100E+03  0.50820E-05 -0.12752E-05 -0.11330E-05
  0.11130E+03  0.47317E-05 -0.17499E-05 -0.78748E-06
  0.11160E+03  0.43758E-05 -0.22097E-05 -0.44192E-06
  0.11190E+03  0.40176E-05 -0.26511E-05 -0.98119E-07
  0.11220E+03  0.36601E-05 -0.30705E-05  0.24235E-06
  0.11250E+03  0.33061E-05 -0.34649E-05  0.57798E-06
  0.11280E+03  0.29583E-05 -0.38311E-05  0.90712E-06
  0.11310E+03  0.26187E-05 -0.41666E-05  0.12286E-05
  0.11340E+03  0.22896E-05 -0.44692E-05  0.15407E-05
  0.11370E+03  0.19725E-05 -0.47367E-05  0.18424E-05
  0.11400E+03  0.16689E-05 -0.49674E-05  0.21321E-05
  0.11430E+03  0.13800E-05 -0.51600E-05  0.24090E-05
  0.11460E+03  0.11068E-05 -0.53137E-05  0.26717E-05
  0.11490E+03  0.84973E-06 -0.54277E-05  0.29194E-05
  0.11520E+03  0.60918E-06 -0.55017E-05  0.31509E-05
  0.11550E+03  0.38534E-06 -0.55360E-05  0.33655E-05
  0.11580E+03  0.17808E-06 -0.55309E-05  0.35624E-05
  0.11610E+03 -0.12990E-07 -0.54874E-05  0.37410E-05
  0.11640E+03 -0.18831E-06 -0.54063E-05  0.39005E-05
  0.11670E+03 -0.34859E-06 -0.52892E-05  0.40405E-05
  0.11700E+03 -0.49469E-06 -0.51380E-05  0.41607E-05
  0.11730E+03 -0.62747E-06 -0.49542E-05  0.42607E-05
  0.11760E+03 -0.74818E-06 -0.47405E-05  0.43402E-05
  0.11790E+03 -0.85778E-06 -0.44989E-05  0.43991E-05
  0.11820E+03 -0.95743E-06 -0.42323E-05  0.44376E-05
  0.11850E+03 -0.10485E-05 -0.39434E-05  0.44554E-05
  0.11880E+03 -0.11321E-05 -0.36349E-05  0.44529E-05
  0.11910E+03 -0.12094E-05 -0.33101E-05  0.44304E-05
  0.11940E+03 -0.12816E-05 -0.29717E-05  0.43881E-05
  0.11970E+03 -0.13498E-05 -0.26230E-05  0.43265E-05
  0.12000E+03 -0.14150E-05 -0.22671E-05  0.42461E-05
  0.12030E+03 -0.14782E-05 -0.19068E-05  0.41475E-05
  0.12060E+03 -0.15402E-05 -0.15453E-05  0.40315E-05
  0.12090E+03 -0.16017E-05 -0.11854E-05  0.38988E-05
  0.12120E+03 -0.16633E-05 -0.83004E-06  0.37503E-05
  0.12150E+03 -0.17255E-05 -0.48164E-06  0.35868E-05
  0.12180E+03 -0.17886E-05 -0.14293E-06  0.34094E-05
  0.12210E+03 -0.18529E-05  0.18396E-06  0.32190E-05
  0.12240E+03 -0.19184E-05  0.49669E-06  0.30168E-05
  0.12270E+03 -0.19851E-05  0.79342E-06  0.28039E-05
  0.12300E+03 -0.20527E-05  0.10725E-05  0.25815E-05
  0.12330E+03 -0.21210E-05  0.13323E-05  0.23508E-05
  0.12360E+03 -0.21895E-05  0.15717E-05  0.21130E-05
  0.12390E+03 -0.22577E-05  0.17897E-05  0.18694E-05
  0.12420E+03 -0.23249E-05  0.19854E-05  0.16213E-05
  0.12450E+03 -0.23905E-05  0.21583E-05  0.13699E-05
  0.12480E+03 -0.24537E-05  0.23082E-05  0.11165E-05
  0.12510E+03 -0.25136E-05  0.24349E-05  0.86242E-06
  0.12540E+03 -0.25695E-05  0.25385E-05  0.60882E-06
  0.12570E+03 -0.26203E-05  0.26195E-05  0.35706E-06
  0.12600E+03 -0.26652E-05  0.26785E-05  0.10823E-06
  0.12630E+03 -0.27033E-05  0.27161E-05 -0.13644E-06
  0.12660E+03 -0.27337E-05  0.27332E-05 -0.37593E-06
  0.12690E+03 -0.27554E-05  0.27309E-05 -0.60902E-06
  0.12720E+03 -0.27679E-05  0.27104E-05 -0.83478E-06
  0.12750E+03 -0.27704E-05  0.26729E-05 -0.10522E-05
  0.12780E+03 -0.27620E-05  0.26200E-05 -0.12605E-05
  0.12810E+03 -0.27424E-05  0.25531E-05 -0.14586E-05
  0.12840E+03 -0.27110E-05  0.24736E-05 -0.16461E-05
  0.12870E+03 -0.26673E-05  0.23833E-05 -0.18220E-05
  0.12900E+03 -0.26113E-05  0.22836E-05 -0.19858E-05
  0.12930E+03 -0.25426E-05  0.21762E-05 -0.21370E-05
  0.12960E+03 -0.24613E-05  0.20625E-05 -0.22752E-05
  0.12990E+03 -0.23674E-05  0.19444E-05 -0.24000E-05
  0.13020E+03 -0.22612E-05  0.18231E-05 -0.25110E-05
  0.13050E+03 -0.21429E-05  0.17000E-05 -0.26082E-05
  0.13080E+03 -0.20131E-05  0.15766E-05 -0.26913E-05
  0.13110E+03 -0.18723E-05  0.14542E-05 -0.27605E-05
  0.13140E+03 -0.17211E-05  0.13338E-05 -0.28156E-05
  0.13170E+03 -0.15603E-05  0.12165E-05 -0.28568E-05
  0.13200E+03 -0.13909E-05  0.11032E-05 -0.28845E-05
  0.13230E+03 -0.12138E-05  0.99483E-06 -0.28986E-05
  0.13260E+03 -0.10300E-05  0.89201E-06 -0.28997E-05
  0.13290E+03 -0.84060E-06  0.79529E-06 -0.28880E-05
  0.13320E+03 -0.64685E-06  0.70512E-06 -0.28642E-05
  0.13350E+03 -0.44984E-06  0.62181E-06 -0.28285E-05
  0.13380E+03 -0.25093E-06  0.54556E-06 -0.27818E-05
  0.13410E+03 -0.51330E-07  0.47642E-06 -0.27244E-05
  0.13440E+03  0.14769E-06  0.41437E-06 -0.26570E-05
  0.13470E+03  0.34483E-06  0.35920E-06 -0.25803E-05
  0.13500E+03  0.53881E-06  0.31077E-06 -0.24949E-05
  0.13530E+03  0.72843E-06  0.26861E-06 -0.24017E-05
  0.13560E+03  0.91253E-06  0.23242E-06 -0.23012E-05
  0.13590E+03  0.10900E-05  0.20170E-06 -0.21943E-05
  0.13620E+03  0.12598E-05  0.17572E-06 -0.20816E-05
  0.13650E+03  0.14206E-05  0.15411E-06 -0.19640E-05
  0.13680E+03  0.15719E-05  0.13615E-06 -0.18420E-05
  0.13710E+03  0.17127E-05  0.12112E-06 -0.17166E-05
  0.13740E+03  0.18422E-05  0.10843E-06 -0.15883E-05
  0.13770E+03  0.19599E-05  0.97460E-07 -0.14578E-05
  0.13800E+03  0.20650E-05  0.87320E-07 -0.13259E-05
  0.13830E+03  0.21572E-05  0.77540E-07 -0.11931E-05
  0.13860E+03  0.22363E-05  0.67400E-07 -0.10601E-05
  0.13890E+03  0.23018E-05  0.56350E-07 -0.92737E-06
  0.13920E+03  0.23538E-05  0.43810E-07 -0.79568E-06
  0.13950E+03  0.23923E-05  0.29230E-07 -0.66539E-06
  0.13980E+03  0.24173E-05  0.12330E-07 -0.53697E-06
  0.14010E+03  0.24290E-05 -0.73950E-08 -0.41083E-06
  0.14040E+03  0.24277E-05 -0.30219E-07 -0.28755E-06
  0.14070E+03  0.24138E-05 -0.56381E-07 -0.16739E-06
  0.14100E+03  0.23877E-05 -0.86052E-07 -0.50590E-07
  0.14130E+03  0.23501E-05 -0.11932E-06  0.62350E-07
  0.14160E+03  0.23016E-05 -0.15621E-06  0.17137E-06
  0.14190E+03  0.22427E-05 -0.19667E-06  0.27618E-06
  0.14220E+03  0.21744E-05 -0.24056E-06  0.37655E-06
  0.14250E+03  0.20972E-05 -0.28769E-06  0.47233E-06
  0.14280E+03  0.20122E-05 -0.33780E-06  0.56346E-06
  0.14310E+03  0.19201E-05 -0.39057E-06  0.64978E-06
  0.14340E+03  0.18217E-05 -0.44563E-06  0.73131E-06
  0.14370E+03  0.17180E-05 -0.50248E-06  0.80791E-06
  0.14400E+03  0.16099E-05 -0.56071E-06  0.87967E-06
  0.14430E+03  0.14983E-05 -0.61979E-06  0.94642E-06
  0.14460E+03  0.13839E-05 -0.67927E-06  0.10084E-05
  0.14490E+03  0.12676E-05 -0.73838E-06  0.10656E-05
  0.14520E+03  0.11503E-05 -0.79675E-06  0.11179E-05
  0.14550E+03  0.10327E-05 -0.85368E-06  0.11655E-05
  0.14580E+03  0.91560E-06 -0.90867E-06  0.12086E-05
  0.14610E+03  0.79965E-06 -0.96099E-06  0.12470E-05
  0.14640E+03  0.68551E-06 -0.10102E-05  0.12810E-05
  0.14670E+03  0.57375E-06 -0.10557E-05  0.13106E-05
  0.14700E+03  0.46491E-06 -0.10970E-05  0.13360E-05
  0.14730E+03  0.35946E-06 -0.11337E-05  0.13572E-05
  0.14760E+03  0.25781E-06 -0.11653E-05  0.13743E-05
  0.14790E+03  0.16031E-06 -0.11912E-05  0.13874E-05
  0.14820E+03  0.67257E-07 -0.12113E-05  0.13967E-05
  0.14850E+03 -0.21128E-07 -0.12253E-05  0.14021E-05
  0.14880E+03 -0.10467E-06 -0.12329E-05  0.14039E-05
  0.14910E+03 -0.18327E-06 -0.12339E-05  0.14020E-05
  0.14940E+03 -0.25685E-06 -0.12282E-05  0.13967E-05
  0.14970E+03 -0.32542E-06 -0.12158E-05  0.13879E-05
  0.15000E+03 -0.38901E-06 -0.11967E-05  0.13757E-05
  0.15030E+03 -0.44771E-06 -0.11709E-05  0.13602E-05
  0.15060E+03 -0.50164E-06 -0.11386E-05  0.13415E-05
  0.15090E+03 -0.55096E-06 -0.11000E-05  0.13196E-05
  0.15120E+03 -0.59586E-06 -0.10552E-05  0.12947E-05
  0.15150E+03 -0.63656E-06 -0.10047E-05  0.12668E-05
  0.15180E+03 -0.67328E-06 -0.94872E-06  0.12359E-05
  0.15210E+03 -0.70629E-06 -0.88764E-06  0.12022E-05
  0.15240E+03 -0.73583E-06 -0.82207E-06  0.11657E-05
  0.15270E+03 -0.76219E-06 -0.75225E-06  0.11264E-05
  0.15300E+03 -0.78561E-06 -0.67882E-06  0.10845E-05
  0.15330E+03 -0.80638E-06 -0.60216E-06  0.10401E-05
  0.15360E+03 -0.82473E-06 -0.52310E-06  0.99324E-06
  0.15390E+03 -0.84093E-06 -0.44191E-06  0.94401E-06
  0.15420E+03 -0.85521E-06 -0.35938E-06  0.89251E-06
  0.15450E+03 -0.86777E-06 -0.27591E-06  0.83890E-06
  0.15480E+03 -0.87881E-06 -0.19218E-06  0.78326E-06
  0.15510E+03 -0.88850E-06 -0.10870E-06  0.72573E-06
  0.15540E+03 -0.89699E-06 -0.26020E-07  0.66646E-06
  0.15570E+03 -0.90440E-06  0.55320E-07  0.60560E-06
  0.15600E+03 -0.91083E-06  0.13472E-06  0.54330E-06
  0.15630E+03 -0.91633E-06  0.21175E-06  0.47972E-06
  0.15660E+03 -0.92098E-06  0.28603E-06  0.41506E-06
  0.15690E+03 -0.92476E-06  0.35711E-06  0.34949E-06
  0.15720E+03 -0.92769E-06  0.42458E-06  0.28321E-06
  0.15750E+03 -0.92971E-06  0.48800E-06  0.21642E-06
  0.15780E+03 -0.93080E-06  0.54731E-06  0.14932E-06
  0.15810E+03 -0.93085E-06  0.60203E-06  0.82131E-07
  0.15840E+03 -0.92979E-06  0.65202E-06  0.15076E-07
  0.15870E+03 -0.92751E-06  0.69714E-06 -0.51622E-07
  0.15900E+03 -0.92389E-06  0.73723E-06 -0.11774E-06
  0.15930E+03 -0.91880E-06  0.77222E-06 -0.18306E-06
  0.15960E+03 -0.91211E-06  0.80209E-06 -0.24733E-06
  0.15990E+03 -0.90366E-06  0.82682E-06 -0.31033E-06
  0.16020E+03 -0.89334E-06  0.84647E-06 -0.37185E-06
  0.16050E+03 -0.88098E-06  0.86111E-06 -0.43165E-06
  0.16080E+03 -0.86647E-06  0.87087E-06 -0.48950E-06
  0.16110E+03 -0.84967E-06  0.87592E-06 -0.54522E-06
  0.16140E+03 -0.83048E-06  0.87639E-06 -0.59858E-06
  0.16170E+03 -0.80879E-06  0.87259E-06 -0.64939E-06
  0.16200E+03 -0.78452E-06  0.86472E-06 -0.69747E-06
  0.16230E+03 -0.75761E-06  0.85298E-06 -0.74265E-06
  0.16260E+03 -0.72799E-06  0.83765E-06 -0.78475E-06
  0.16290E+03 -0.69567E-06  0.81911E-06 -0.82362E-06
  0.16320E+03 -0.66063E-06  0.79753E-06 -0.85915E-06
  0.16350E+03 -0.62290E-06  0.77332E-06 -0.89121E-06
  0.16380E+03 -0.58252E-06  0.74679E-06 -0.91969E-06
  0.16410E+03 -0.53958E-06  0.71815E-06 -0.94450E-06
  0.16440E+03 -0.49416E-06  0.68774E-06 -0.96558E-06
  0.16470E+03 -0.44639E-06  0.65594E-06 -0.98287E-06
  0.16500E+03 -0.39644E-06  0.62298E-06 -0.99635E-06
  0.16530E+03 -0.34445E-06  0.58910E-06 -0.10060E-05
  0.16560E+03 -0.29063E-06  0.55467E-06 -0.10118E-05
  0.16590E+03 -0.23521E-06  0.51980E-06 -0.10138E-05
  0.16620E+03 -0.17840E-06  0.48481E-06 -0.10120E-05
  0.16650E+03 -0.12048E-06  0.44990E-06 -0.10064E-05
  0.16680E+03 -0.61670E-07  0.41535E-06 -0.99726E-06
  0.16710E+03 -0.23700E-08  0.38116E-06 -0.98451E-06
  0.16740E+03  0.57330E-07  0.34756E-06 -0.96828E-06
  0.16770E+03  0.11691E-06  0.31467E-06 -0.94871E-06
  0.16800E+03  0.17614E-06  0.28258E-06 -0.92592E-06
  0.16830E+03  0.23482E-06  0.25142E-06 -0.90005E-06
  0.16860E+03  0.29252E-06  0.22124E-06 -0.87125E-06
  0.16890E+03  0.34898E-06  0.19208E-06 -0.83969E-06
  0.16920E+03  0.40384E-06  0.16396E-06 -0.80555E-06
  0.16950E+03  0.45691E-06  0.13690E-06 -0.76901E-06
  0.16980E+03  0.50786E-06  0.11090E-06 -0.73027E-06
  0.17010E+03  0.55634E-06  0.85912E-07 -0.68950E-06
  0.17040E+03  0.60220E-06  0.61930E-07 -0.64694E-06
  0.17070E+03  0.64516E-06  0.38892E-07 -0.60276E-06
  0.17100E+03  0.68502E-06  0.16758E-07 -0.55719E-06
  0.17130E+03  0.72156E-06 -0.45340E-08 -0.51044E-06
  0.17160E+03  0.75462E-06 -0.25070E-07 -0.46269E-06
  0.17190E+03  0.78404E-06 -0.44880E-07 -0.41414E-06
  0.17220E+03  0.80970E-06 -0.64090E-07 -0.36507E-06
  0.17250E+03  0.83151E-06 -0.82690E-07 -0.31573E-06
  0.17280E+03  0.84937E-06 -0.10080E-06 -0.26607E-06
  0.17310E+03  0.86324E-06 -0.11859E-06 -0.21655E-06
  0.17340E+03  0.87311E-06 -0.13590E-06 -0.16722E-06
  0.17370E+03  0.87896E-06 -0.15292E-06 -0.11820E-06
  0.17400E+03  0.88084E-06 -0.16966E-06 -0.69850E-07
  0.17430E+03  0.87879E-06 -0.18617E-06 -0.22230E-07
  0.17460E+03  0.87290E-06 -0.20254E-06  0.24500E-07
  0.17490E+03  0.86326E-06 -0.21860E-06  0.70262E-07
  0.17520E+03  0.84999E-06 -0.23460E-06  0.11472E-06
  0.17550E+03  0.83324E-06 -0.25041E-06  0.15790E-06
  0.17580E+03  0.81318E-06 -0.26595E-06  0.19965E-06
  0.17610E+03  0.78996E-06 -0.28128E-06  0.23984E-06
  0.17640E+03  0.76380E-06 -0.29641E-06  0.27838E-06
  0.17670E+03  0.73489E-06 -0.31124E-06  0.31517E-06
  0.17700E+03  0.70345E-06 -0.32568E-06  0.35015E-06
  0.17730E+03  0.66972E-06 -0.33972E-06  0.38322E-06
  0.17760E+03  0.63392E-06 -0.35327E-06  0.41433E-06
  0.17790E+03  0.59628E-06 -0.36626E-06  0.44341E-06
  0.17820E+03  0.55707E-06 -0.37860E-06  0.47045E-06
  0.17850E+03  0.51652E-06 -0.39022E-06  0.49538E-06
  0.17880E+03  0.47487E-06 -0.40100E-06  0.51819E-06
  0.17910E+03  0.43235E-06 -0.41087E-06  0.53886E-06
  0.17940E+03  0.38922E-06 -0.41973E-06  0.55737E-06
  0.17970E+03  0.34569E-06 -0.42748E-06  0.57373E-06
  0.18000E+03  0.30199E-06 -0.43404E-06  0.58792E-06
  0.18030E+03  0.25834E-06 -0.43932E-06  0.59998E-06
  0.18060E+03  0.21492E-06 -0.44325E-06  0.60992E-06
  0.18090E+03  0.17196E-06 -0.44572E-06  0.61769E-06
  0.18120E+03  0.12962E-06 -0.44673E-06  0.62338E-06
  0.18150E+03  0.88073E-07 -0.44607E-06  0.62703E-06
  0.18180E+03  0.47472E-07 -0.44391E-06  0.62875E-06
  0.18210E+03  0.79570E-08 -0.44002E-06  0.62838E-06
  0.18240E+03 -0.30334E-07 -0.43449E-06  0.62608E-06
  0.18270E+03 -0.67303E-07 -0.42715E-06  0.62192E-06
  0.18300E+03 -0.10283E-06 -0.41813E-06  0.61592E-06
  0.18330E+03 -0.13685E-06 -0.40748E-06  0.60813E-06
  0.18360E+03 -0.16928E-06 -0.39506E-06  0.59862E-06
  0.18390E+03 -0.20006E-06 -0.38101E-06  0.58745E-06
  0.18420E+03 -0.22916E-06 -0.36526E-06  0.57466E-06
  0.18450E+03 -0.25653E-06 -0.34810E-06  0.56034E-06
  0.18480E+03 -0.28215E-06 -0.32933E-06  0.54454E-06
  0.18510E+03 -0.30602E-06 -0.30914E-06  0.52732E-06
  0.18540E+03 -0.32813E-06 -0.28763E-06  0.50878E-06
  0.18570E+03 -0.34849E-06 -0.26489E-06  0.48898E-06
  0.18600E+03 -0.36711E-06 -0.24105E-06  0.46797E-06
  0.18630E+03 -0.38402E-06 -0.21620E-06  0.44586E-06
  0.18660E+03 -0.39925E-06 -0.19047E-06  0.42271E-06
  0.18690E+03 -0.41284E-06 -0.16400E-06  0.39859E-06
  0.18720E+03 -0.42480E-06 -0.13693E-06  0.37359E-06
  0.18750E+03 -0.43522E-06 -0.10940E-06  0.34779E-06
  0.18780E+03 -0.44411E-06 -0.81550E-07  0.32127E-06
  0.18810E+03 -0.45154E-06 -0.53532E-07  0.29410E-06
  0.18840E+03 -0.45755E-06 -0.25487E-07  0.26639E-06
  0.18870E+03 -0.46217E-06  0.23799E-08  0.23816E-06
  0.18900E+03 -0.46547E-06  0.30050E-07  0.20967E-06
  0.18930E+03 -0.46750E-06  0.57320E-07  0.18080E-06
  0.18960E+03 -0.46829E-06  0.83900E-07  0.15165E-06
  0.18990E+03 -0.46790E-06  0.10988E-06  0.12244E-06
  0.19020E+03 -0.46636E-06  0.13504E-06  0.93225E-07
  0.19050E+03 -0.46371E-06  0.15927E-06  0.64011E-07
  0.19080E+03 -0.46000E-06  0.18243E-06  0.34930E-07
  0.19110E+03 -0.45527E-06  0.20438E-06  0.60890E-08
  0.19140E+03 -0.44953E-06  0.22516E-06 -0.22454E-07
  0.19170E+03 -0.44282E-06  0.24456E-06 -0.50607E-07
  0.19200E+03 -0.43517E-06  0.26252E-06 -0.78286E-07
  0.19230E+03 -0.42661E-06  0.27901E-06 -0.10540E-06
  0.19260E+03 -0.41716E-06  0.29393E-06 -0.13188E-06
  0.19290E+03 -0.40684E-06  0.30734E-06 -0.15766E-06
  0.19320E+03 -0.39566E-06  0.31907E-06 -0.18262E-06
  0.19350E+03 -0.38367E-06  0.32916E-06 -0.20673E-06
  0.19380E+03 -0.37086E-06  0.33763E-06 -0.22989E-06
  0.19410E+03 -0.35726E-06  0.34444E-06 -0.25204E-06
  0.19440E+03 -0.34289E-06  0.34962E-06 -0.27312E-06
  0.19470E+03 -0.32778E-06  0.35318E-06 -0.29307E-06
  0.19500E+03 -0.31193E-06  0.35515E-06 -0.31182E-06
  0.19530E+03 -0.29538E-06  0.35556E-06 -0.32932E-06
  0.19560E+03 -0.27814E-06  0.35447E-06 -0.34553E-06
  0.19590E+03 -0.26025E-06  0.35193E-06 -0.36041E-06
  0.19620E+03 -0.24175E-06  0.34800E-06 -0.37393E-06
  0.19650E+03 -0.22265E-06  0.34274E-06 -0.38596E-06
  0.19680E+03 -0.20299E-06  0.33622E-06 -0.39657E-06
  0.19710E+03 -0.18283E-06  0.32853E-06 -0.40573E-06
  0.19740E+03 -0.16220E-06  0.31969E-06 -0.41341E-06
  0.19770E+03 -0.14114E-06  0.30989E-06 -0.41962E-06
  0.19800E+03 -0.11972E-06  0.29916E-06 -0.42423E-06
  0.19830E+03 -0.97983E-07  0.28759E-06 -0.42738E-06
  0.19860E+03 -0.75986E-07  0.27526E-06 -0.42903E-06
  0.19890E+03 -0.53785E-07  0.26228E-06 -0.42920E-06
  0.19920E+03 -0.31465E-07  0.24866E-06 -0.42784E-06
  0.19950E+03 -0.90880E-08  0.23457E-06 -0.42508E-06
  0.19980E+03  0.13283E-07  0.22006E-06 -0.42079E-06
  0.20010E+03  0.35577E-07  0.20525E-06 -0.41515E-06
  0.20040E+03  0.57698E-07  0.19006E-06 -0.40816E-06
  0.20070E+03  0.79593E-07  0.17477E-06 -0.39984E-06
  0.20100E+03  0.10116E-06  0.15939E-06 -0.39022E-06
  0.20130E+03  0.12233E-06  0.14391E-06 -0.37938E-06
  0.20160E+03  0.14303E-06  0.12856E-06 -0.36736E-06
  0.20190E+03  0.16317E-06  0.11315E-06 -0.35424E-06
  0.20220E+03  0.18267E-06  0.97900E-07 -0.34006E-06
  0.20250E+03  0.20145E-06  0.82828E-07 -0.32490E-06
  0.20280E+03  0.21945E-06  0.67973E-07 -0.30882E-06
  0.20310E+03  0.23659E-06  0.53379E-07 -0.29189E-06
  0.20340E+03  0.25279E-06  0.39071E-07 -0.27420E-06
  0.20370E+03  0.26800E-06  0.25095E-07 -0.25581E-06
  0.20400E+03  0.28214E-06  0.11465E-07 -0.23680E-06
  0.20430E+03  0.29517E-06 -0.17910E-08 -0.21725E-06
  0.20460E+03  0.30703E-06 -0.14661E-07 -0.19725E-06
  0.20490E+03  0.31767E-06 -0.27118E-07 -0.17686E-06
  0.20520E+03  0.32705E-06 -0.39158E-07 -0.15618E-06
  0.20550E+03  0.33512E-06 -0.50759E-07 -0.13529E-06
  0.20580E+03  0.34188E-06 -0.61921E-07 -0.11426E-06
  0.20610E+03  0.34730E-06 -0.72647E-07 -0.93170E-07
  0.20640E+03  0.35133E-06 -0.82911E-07 -0.72090E-07
  0.20670E+03  0.35401E-06 -0.92735E-07 -0.51110E-07
  0.20700E+03  0.35530E-06 -0.10210E-06 -0.30290E-07
  0.20730E+03  0.35524E-06 -0.11102E-06 -0.97220E-08
  0.20760E+03  0.35381E-06 -0.11947E-06  0.10548E-07
  0.20790E+03  0.35104E-06 -0.12747E-06  0.30436E-07
  0.20820E+03  0.34696E-06 -0.13503E-06  0.49882E-07
  0.20850E+03  0.34160E-06 -0.14213E-06  0.68832E-07
  0.20880E+03  0.33498E-06 -0.14877E-06  0.87221E-07
  0.20910E+03  0.32717E-06 -0.15497E-06  0.10501E-06
  0.20940E+03  0.31820E-06 -0.16071E-06  0.12212E-06
  0.20970E+03  0.30813E-06 -0.16599E-06  0.13852E-06
  0.21000E+03  0.29702E-06 -0.17082E-06  0.15417E-06
  0.21030E+03  0.28494E-06 -0.17518E-06  0.16903E-06
  0.21060E+03  0.27195E-06 -0.17908E-06  0.18305E-06
  0.21090E+03  0.25812E-06 -0.18251E-06  0.19621E-06
  0.21120E+03  0.24352E-06 -0.18546E-06  0.20848E-06
  0.21150E+03  0.22823E-06 -0.18793E-06  0.21984E-06
  0.21180E+03  0.21233E-06 -0.18992E-06  0.23026E-06
  0.21210E+03  0.19589E-06 -0.19141E-06  0.23973E-06
  0.21240E+03  0.17900E-06 -0.19240E-06  0.24823E-06
  0.21270E+03  0.16174E-06 -0.19289E-06  0.25575E-06
  0.21300E+03  0.14419E-06 -0.19286E-06  0.26230E-06
  0.21330E+03  0.12642E-06 -0.19231E-06  0.26786E-06
  0.21360E+03  0.10852E-06 -0.19125E-06  0.27245E-06
  0.21390E+03  0.90562E-07 -0.18966E-06  0.27604E-06
  0.21420E+03  0.72623E-07 -0.18754E-06  0.27867E-06
  0.21450E+03  0.54771E-07 -0.18489E-06  0.28034E-06
  0.21480E+03  0.37082E-07 -0.18171E-06  0.28106E-06
  0.21510E+03  0.19626E-07 -0.17800E-06  0.28085E-06
  0.21540E+03  0.24680E-08 -0.17376E-06  0.27973E-06
  0.21570E+03 -0.14345E-07 -0.16901E-06  0.27771E-06
  0.21600E+03 -0.30743E-07 -0.16375E-06  0.27482E-06
  0.21630E+03 -0.46672E-07 -0.15799E-06  0.27108E-06
  0.21660E+03 -0.62081E-07 -0.15173E-06  0.26654E-06
  0.21690E+03 -0.76941E-07 -0.14500E-06  0.26121E-06
  0.21720E+03 -0.91190E-07 -0.13781E-06  0.25512E-06
  0.21750E+03 -0.10480E-06 -0.13019E-06  0.24832E-06
  0.21780E+03 -0.11774E-06 -0.12215E-06  0.24082E-06
  0.21810E+03 -0.12997E-06 -0.11372E-06  0.23266E-06
  0.21840E+03 -0.14148E-06 -0.10493E-06  0.22389E-06
  0.21870E+03 -0.15225E-06 -0.95809E-07  0.21454E-06
  0.21900E+03 -0.16224E-06 -0.86383E-07  0.20466E-06
  0.21930E+03 -0.17146E-06 -0.76687E-07  0.19427E-06
  0.21960E+03 -0.17989E-06 -0.66755E-07  0.18342E-06
  0.21990E+03 -0.18754E-06 -0.56633E-07  0.17216E-06
  0.22020E+03 -0.19439E-06 -0.46355E-07  0.16052E-06
  0.22050E+03 -0.20043E-06 -0.35960E-07  0.14854E-06
  0.22080E+03 -0.20568E-06 -0.25498E-07  0.13627E-06
  0.22110E+03 -0.21016E-06 -0.14996E-07  0.12375E-06
  0.22140E+03 -0.21385E-06 -0.44970E-08  0.11101E-06
  0.22170E+03 -0.21677E-06  0.59459E-08  0.98118E-07
  0.22200E+03 -0.21894E-06  0.16310E-07  0.85093E-07
  0.22230E+03 -0.22038E-06  0.26490E-07  0.71983E-07
  0.22260E+03 -0.22109E-06  0.36490E-07  0.58843E-07
  0.22290E+03 -0.22109E-06  0.46360E-07  0.45691E-07
  0.22320E+03 -0.22042E-06  0.55850E-07  0.32583E-07
  0.22350E+03 -0.21907E-06  0.65070E-07  0.19550E-07
  0.22380E+03 -0.21709E-06  0.74060E-07  0.66420E-08
  0.22410E+03 -0.21447E-06  0.82610E-07 -0.61110E-08
  0.22440E+03 -0.21126E-06  0.90730E-07 -0.18662E-07
  0.22470E+03 -0.20749E-06  0.98423E-07 -0.30987E-07
  0.22500E+03 -0.20315E-06  0.10559E-06 -0.43045E-07
  0.22530E+03 -0.19829E-06  0.11233E-06 -0.54800E-07
  0.22560E+03 -0.19293E-06  0.11854E-06 -0.66217E-07
  0.22590E+03 -0.18710E-06  0.12421E-06 -0.77281E-07
  0.22620E+03 -0.18081E-06  0.12934E-06 -0.87937E-07
  0.22650E+03 -0.17411E-06  0.13389E-06 -0.98163E-07
  0.22680E+03 -0.16700E-06  0.13786E-06 -0.10795E-06
  0.22710E+03 -0.15951E-06  0.14124E-06 -0.11725E-06
  0.22740E+03 -0.15168E-06  0.14402E-06 -0.12604E-06
  0.22770E+03 -0.14352E-06  0.14621E-06 -0.13431E-06
  0.22800E+03 -0.13507E-06  0.14780E-06 -0.14204E-06
  0.22830E+03 -0.12635E-06  0.14879E-06 -0.14919E-06
  0.22860E+03 -0.11738E-06  0.14920E-06 -0.15578E-06
  0.22890E+03 -0.10819E-06  0.14903E-06 -0.16175E-06
  0.22920E+03 -0.98810E-07  0.14829E-06 -0.16714E-06
  0.22950E+03 -0.89261E-07  0.14700E-06 -0.17189E-06
  0.22980E+03 -0.79574E-07  0.14517E-06 -0.17601E-06
  0.23010E+03 -0.69765E-07  0.14284E-06 -0.17950E-06
  0.23040E+03 -0.59875E-07  0.13999E-06 -0.18236E-06
  0.23070E+03 -0.49921E-07  0.13669E-06 -0.18457E-06
  0.23100E+03 -0.39937E-07  0.13293E-06 -0.18614E-06
  0.23130E+03 -0.29941E-07  0.12872E-06 -0.18708E-06
  0.23160E+03 -0.19976E-07  0.12420E-06 -0.18737E-06
  0.23190E+03 -0.10043E-07  0.11921E-06 -0.18704E-06
  0.23220E+03 -0.18602E-09  0.11400E-06 -0.18608E-06
  0.23250E+03  0.95600E-08  0.10840E-06 -0.18452E-06
  0.23280E+03  0.19184E-07  0.10249E-06 -0.18236E-06
  0.23310E+03  0.28659E-07  0.96350E-07 -0.17961E-06
  0.23340E+03  0.37954E-07  0.90080E-07 -0.17631E-06
  0.23370E+03  0.47035E-07  0.83580E-07 -0.17245E-06
  0.23400E+03  0.55882E-07  0.76910E-07 -0.16807E-06
  0.23430E+03  0.64471E-07  0.70070E-07 -0.16317E-06
  0.23460E+03  0.72779E-07  0.63150E-07 -0.15780E-06
  0.23490E+03  0.80780E-07  0.56280E-07 -0.15196E-06
  0.23520E+03  0.88439E-07  0.49280E-07 -0.14569E-06
  0.23550E+03  0.95753E-07  0.42239E-07 -0.13901E-06
  0.23580E+03  0.10269E-06  0.35243E-07 -0.13196E-06
  0.23610E+03  0.10922E-06  0.28287E-07 -0.12454E-06
  0.23640E+03  0.11534E-06  0.21391E-07 -0.11682E-06
  0.23670E+03  0.12103E-06  0.14587E-07 -0.10881E-06
  0.23700E+03  0.12626E-06  0.78760E-08 -0.10054E-06
  0.23730E+03  0.13102E-06  0.12940E-08 -0.92042E-07
  0.23760E+03  0.13531E-06 -0.51400E-08 -0.83361E-07
  0.23790E+03  0.13910E-06 -0.11411E-07 -0.74518E-07
  0.23820E+03  0.14238E-06 -0.17509E-07 -0.65540E-07
  0.23850E+03  0.14515E-06 -0.23412E-07 -0.56480E-07
  0.23880E+03  0.14740E-06 -0.29117E-07 -0.47350E-07
  0.23910E+03  0.14913E-06 -0.34604E-07 -0.38197E-07
  0.23940E+03  0.15033E-06 -0.39860E-07 -0.29052E-07
  0.23970E+03  0.15100E-06 -0.44882E-07 -0.19942E-07
  0.24000E+03  0.15114E-06 -0.49652E-07 -0.10898E-07
  0.24030E+03  0.15075E-06 -0.54172E-07 -0.19540E-08
  0.24060E+03  0.14985E-06 -0.58436E-07  0.68710E-08
  0.24090E+03  0.14844E-06 -0.62380E-07  0.15525E-07
  0.24120E+03  0.14652E-06 -0.66130E-07  0.24011E-07
  0.24150E+03  0.14411E-06 -0.69580E-07  0.32275E-07
  0.24180E+03  0.14123E-06 -0.72730E-07  0.40307E-07
  0.24210E+03  0.13788E-06 -0.75730E-07  0.48086E-07
  0.24240E+03  0.13408E-06 -0.78310E-07  0.55566E-07
  0.24270E+03  0.12986E-06 -0.80670E-07  0.62758E-07
  0.24300E+03  0.12523E-06 -0.82710E-07  0.69623E-07
  0.24330E+03  0.12022E-06 -0.84490E-07  0.76143E-07
  0.24360E+03  0.11484E-06 -0.85930E-07  0.82296E-07
  0.24390E+03  0.10912E-06 -0.87210E-07  0.88082E-07
  0.24420E+03  0.10310E-06 -0.88110E-07  0.93480E-07
  0.24450E+03  0.96781E-07 -0.88810E-07  0.98484E-07
  0.24480E+03  0.90207E-07 -0.89180E-07  0.10307E-06
  0.24510E+03  0.83409E-07 -0.89400E-07  0.10723E-06
  0.24540E+03  0.76412E-07 -0.89227E-07  0.11097E-06
  0.24570E+03  0.69230E-07 -0.88844E-07  0.11428E-06
  0.24600E+03  0.61911E-07 -0.88199E-07  0.11715E-06
  0.24630E+03  0.54484E-07 -0.87301E-07  0.11959E-06
  0.24660E+03  0.46978E-07 -0.86171E-07  0.12157E-06
  0.24690E+03  0.39408E-07 -0.84789E-07  0.12313E-06
  0.24720E+03  0.31824E-07 -0.83181E-07  0.12425E-06
  0.24750E+03  0.24242E-07 -0.81343E-07  0.12493E-06
  0.24780E+03  0.16691E-07 -0.79286E-07  0.12519E-06
  0.24810E+03  0.92000E-08 -0.77015E-07  0.12502E-06
  0.24840E+03  0.18020E-08 -0.74538E-07  0.12444E-06
  0.24870E+03 -0.54810E-08 -0.71866E-07  0.12345E-06
  0.24900E+03 -0.12628E-07 -0.69002E-07  0.12207E-06
  0.24930E+03 -0.19604E-07 -0.65960E-07  0.12031E-06
  0.24960E+03 -0.26399E-07 -0.62750E-07  0.11817E-06
  0.24990E+03 -0.32992E-07 -0.59331E-07  0.11568E-06
  0.25020E+03 -0.39346E-07 -0.55850E-07  0.11284E-06
  0.25050E+03 -0.45457E-07 -0.52150E-07  0.10968E-06
  0.25080E+03 -0.51294E-07 -0.48410E-07  0.10620E-06
  0.25110E+03 -0.56853E-07 -0.44540E-07  0.10243E-06
  0.25140E+03 -0.62127E-07 -0.40470E-07  0.98374E-07
  0.25170E+03 -0.67076E-07 -0.36390E-07  0.94065E-07
  0.25200E+03 -0.71712E-07 -0.32240E-07  0.89509E-07
  0.25230E+03 -0.76020E-07 -0.28020E-07  0.84731E-07
  0.25260E+03 -0.79986E-07 -0.23670E-07  0.79752E-07
  0.25290E+03 -0.83606E-07 -0.19310E-07  0.74590E-07
  0.25320E+03 -0.86873E-07 -0.14960E-07  0.69261E-07
  0.25350E+03 -0.89784E-07 -0.10620E-07  0.63784E-07
  0.25380E+03 -0.92334E-07 -0.62739E-08  0.58186E-07
  0.25410E+03 -0.94529E-07 -0.19260E-08  0.52480E-07
  0.25440E+03 -0.96362E-07  0.23690E-08  0.46689E-07
  0.25470E+03 -0.97835E-07  0.66260E-08  0.40840E-07
  0.25500E+03 -0.98963E-07  0.10823E-07  0.34938E-07
  0.25530E+03 -0.99727E-07  0.14942E-07  0.29016E-07
  0.25560E+03 -0.10015E-06  0.18964E-07  0.23089E-07
  0.25590E+03 -0.10023E-06  0.22882E-07  0.17172E-07
  0.25620E+03 -0.99979E-07  0.26686E-07  0.11289E-07
  0.25650E+03 -0.99394E-07  0.30364E-07  0.54580E-08
  0.25680E+03 -0.98494E-07  0.33898E-07 -0.29797E-09
  0.25710E+03 -0.97294E-07  0.37275E-07 -0.59700E-08
  0.25740E+03 -0.95792E-07  0.40491E-07 -0.11547E-07
  0.25770E+03 -0.94006E-07  0.43523E-07 -0.16990E-07
  0.25800E+03 -0.91947E-07  0.46376E-07 -0.22309E-07
  0.25830E+03 -0.89619E-07  0.49041E-07 -0.27475E-07
  0.25860E+03 -0.87049E-07  0.51497E-07 -0.32475E-07
  0.25890E+03 -0.84244E-07  0.53740E-07 -0.37292E-07
  0.25920E+03 -0.81214E-07  0.55776E-07 -0.41927E-07
  0.25950E+03 -0.77970E-07  0.57590E-07 -0.46356E-07
  0.25980E+03 -0.74538E-07  0.59171E-07 -0.50562E-07
  0.26010E+03 -0.70925E-07  0.60535E-07 -0.54550E-07
  0.26040E+03 -0.67141E-07  0.61657E-07 -0.58293E-07
  0.26070E+03 -0.63217E-07  0.62548E-07 -0.61797E-07
  0.26100E+03 -0.59151E-07  0.63203E-07 -0.65049E-07
  0.26130E+03 -0.54959E-07  0.63629E-07 -0.68041E-07
  0.26160E+03 -0.50670E-07  0.63822E-07 -0.70768E-07
  0.26190E+03 -0.46286E-07  0.63784E-07 -0.73221E-07
  0.26220E+03 -0.41824E-07  0.63529E-07 -0.75409E-07
  0.26250E+03 -0.37302E-07  0.63035E-07 -0.77304E-07
  0.26280E+03 -0.32736E-07  0.62332E-07 -0.78926E-07
  0.26310E+03 -0.28128E-07  0.61417E-07 -0.80266E-07
  0.26340E+03 -0.23512E-07  0.60299E-07 -0.81328E-07
  0.26370E+03 -0.18882E-07  0.58974E-07 -0.82100E-07
  0.26400E+03 -0.14263E-07  0.57461E-07 -0.82591E-07
  0.26430E+03 -0.96700E-08  0.55777E-07 -0.82801E-07
  0.26460E+03 -0.51130E-08  0.53910E-07 -0.82738E-07
  0.26490E+03 -0.60899E-09  0.51888E-07 -0.82405E-07
  0.26520E+03  0.38290E-08  0.49716E-07 -0.81800E-07
  0.26550E+03  0.82030E-08  0.47398E-07 -0.80938E-07
  0.26580E+03  0.12480E-07  0.44950E-07 -0.79818E-07
  0.26610E+03  0.16662E-07  0.42386E-07 -0.78441E-07
  0.26640E+03  0.20738E-07  0.39715E-07 -0.76837E-07
  0.26670E+03  0.24696E-07  0.36949E-07 -0.74990E-07
  0.26700E+03  0.28507E-07  0.34100E-07 -0.72920E-07
  0.26730E+03  0.32189E-07  0.31180E-07 -0.70639E-07
  0.26760E+03  0.35714E-07  0.28204E-07 -0.68161E-07
  0.26790E+03  0.39081E-07  0.25176E-07 -0.65486E-07
  0.26820E+03  0.42279E-07  0.22122E-07 -0.62631E-07
  0.26850E+03  0.45305E-07  0.19038E-07 -0.59603E-07
  0.26880E+03  0.48141E-07  0.15946E-07 -0.56421E-07
  0.26910E+03  0.50793E-07  0.12852E-07 -0.53097E-07
  0.26940E+03  0.53236E-07  0.97790E-08 -0.49647E-07
  0.26970E+03  0.55485E-07  0.67140E-08 -0.46077E-07
  0.27000E+03  0.57530E-07  0.36950E-08 -0.42402E-07
  0.27030E+03  0.59352E-07  0.70801E-09 -0.38639E-07
  0.27060E+03  0.60964E-07 -0.22260E-08 -0.34799E-07
  0.27090E+03  0.62359E-07 -0.50870E-08 -0.30899E-07
  0.27120E+03  0.63531E-07 -0.78910E-08 -0.26949E-07
  0.27150E+03  0.64481E-07 -0.10610E-07 -0.22966E-07
  0.27180E+03  0.65209E-07 -0.13252E-07 -0.18960E-07
  0.27210E+03  0.65713E-07 -0.15791E-07 -0.14951E-07
  0.27240E+03  0.65995E-07 -0.18231E-07 -0.10948E-07
  0.27270E+03  0.66054E-07 -0.20573E-07 -0.69730E-08
  0.27300E+03  0.65895E-07 -0.22796E-07 -0.30290E-08
  0.27330E+03  0.65515E-07 -0.24914E-07  0.87999E-09
  0.27360E+03  0.64930E-07 -0.26898E-07  0.47150E-08
  0.27390E+03  0.64132E-07 -0.28760E-07  0.84800E-08
  0.27420E+03  0.63132E-07 -0.30503E-07  0.12165E-07
  0.27450E+03  0.61932E-07 -0.32109E-07  0.15756E-07
  0.27480E+03  0.60535E-07 -0.33579E-07  0.19238E-07
  0.27510E+03  0.58964E-07 -0.34910E-07  0.22609E-07
  0.27540E+03  0.57201E-07 -0.36105E-07  0.25847E-07
  0.27570E+03  0.55280E-07 -0.37166E-07  0.28955E-07
  0.27600E+03  0.53190E-07 -0.38094E-07  0.31924E-07
  0.27630E+03  0.50949E-07 -0.38873E-07  0.34738E-07
  0.27660E+03  0.48558E-07 -0.39516E-07  0.37394E-07
  0.27690E+03  0.46046E-07 -0.40023E-07  0.39881E-07
  0.27720E+03  0.43404E-07 -0.40395E-07  0.42200E-07
  0.27750E+03  0.40651E-07 -0.40624E-07  0.44341E-07
  0.27780E+03  0.37792E-07 -0.40729E-07  0.46302E-07
  0.27810E+03  0.34845E-07 -0.40694E-07  0.48078E-07
  0.27840E+03  0.31821E-07 -0.40533E-07  0.49667E-07
  0.27870E+03  0.28721E-07 -0.40247E-07  0.51060E-07
  0.27900E+03  0.25570E-07 -0.39839E-07  0.52270E-07
  0.27930E+03  0.22379E-07 -0.39310E-07  0.53282E-07
  0.27960E+03  0.19157E-07 -0.38665E-07  0.54095E-07
  0.27990E+03  0.15907E-07 -0.37907E-07  0.54717E-07
  0.28020E+03  0.12653E-07 -0.37044E-07  0.55149E-07
  0.28050E+03  0.93960E-08 -0.36076E-07  0.55390E-07
  0.28080E+03  0.61650E-08 -0.35003E-07  0.55446E-07
  0.28110E+03  0.29520E-08 -0.33842E-07  0.55307E-07
  0.28140E+03 -0.22500E-09 -0.32589E-07  0.54987E-07
  0.28170E+03 -0.33600E-08 -0.31252E-07  0.54488E-07
  0.28200E+03 -0.64302E-08 -0.29834E-07  0.53813E-07
  0.28230E+03 -0.94346E-08 -0.28349E-07  0.52976E-07
  0.28260E+03 -0.12363E-07 -0.26781E-07  0.51975E-07
  0.28290E+03 -0.15204E-07 -0.25165E-07  0.50808E-07
  0.28320E+03 -0.17948E-07 -0.23479E-07  0.49488E-07
  0.28350E+03 -0.20593E-07 -0.21754E-07  0.48029E-07
  0.28380E+03 -0.23131E-07 -0.19975E-07  0.46436E-07
  0.28410E+03 -0.25543E-07 -0.18162E-07  0.44708E-07
  0.28440E+03 -0.27828E-07 -0.16307E-07  0.42858E-07
  0.28470E+03 -0.29992E-07 -0.14429E-07  0.40895E-07
  0.28500E+03 -0.32016E-07 -0.12527E-07  0.38823E-07
  0.28530E+03 -0.33895E-07 -0.10621E-07  0.36660E-07
  0.28560E+03 -0.35633E-07 -0.86890E-08  0.34408E-07
  0.28590E+03 -0.37225E-07 -0.67660E-08  0.32072E-07
  0.28620E+03 -0.38662E-07 -0.48340E-08  0.29668E-07
  0.28650E+03 -0.39951E-07 -0.29140E-08  0.27203E-07
  0.28680E+03 -0.41081E-07 -0.10170E-08  0.24688E-07
  0.28710E+03 -0.42052E-07  0.87601E-09  0.22129E-07
  0.28740E+03 -0.42872E-07  0.27280E-08  0.19537E-07
  0.28770E+03 -0.43531E-07  0.45640E-08  0.16920E-07
  0.28800E+03 -0.44030E-07  0.63480E-08  0.14296E-07
  0.28830E+03 -0.44375E-07  0.81030E-08  0.11650E-07
  0.28860E+03 -0.44573E-07  0.98050E-08  0.90190E-08
  0.28890E+03 -0.44610E-07  0.11462E-07  0.64020E-08
  0.28920E+03 -0.44505E-07  0.13058E-07  0.37960E-08
  0.28950E+03 -0.44245E-07  0.14592E-07  0.12180E-08
  0.28980E+03 -0.43850E-07  0.16060E-07 -0.13230E-08
  0.29010E+03 -0.43316E-07  0.17460E-07 -0.38150E-08
  0.29040E+03 -0.42634E-07  0.18783E-07 -0.62630E-08
  0.29070E+03 -0.41839E-07  0.20023E-07 -0.86500E-08
  0.29100E+03 -0.40905E-07  0.21191E-07 -0.10975E-07
  0.29130E+03 -0.39855E-07  0.22268E-07 -0.13225E-07
  0.29160E+03 -0.38688E-07  0.23264E-07 -0.15404E-07
  0.29190E+03 -0.37407E-07  0.24165E-07 -0.17507E-07
  0.29220E+03 -0.36032E-07  0.24972E-07 -0.19518E-07
  0.29250E+03 -0.34552E-07  0.25679E-07 -0.21437E-07
  0.29280E+03 -0.32976E-07  0.26289E-07 -0.23257E-07
  0.29310E+03 -0.31324E-07  0.26811E-07 -0.24974E-07
  0.29340E+03 -0.29587E-07  0.27230E-07 -0.26595E-07
  0.29370E+03 -0.27786E-07  0.27548E-07 -0.28101E-07
  0.29400E+03 -0.25914E-07  0.27758E-07 -0.29499E-07
  0.29430E+03 -0.23977E-07  0.27882E-07 -0.30780E-07
  0.29460E+03 -0.22000E-07  0.27901E-07 -0.31941E-07
  0.29490E+03 -0.19976E-07  0.27816E-07 -0.32986E-07
  0.29520E+03 -0.17915E-07  0.27651E-07 -0.33908E-07
  0.29550E+03 -0.15832E-07  0.27383E-07 -0.34708E-07
  0.29580E+03 -0.13720E-07  0.27016E-07 -0.35389E-07
  0.29610E+03 -0.11597E-07  0.26569E-07 -0.35936E-07
  0.29640E+03 -0.94710E-08  0.26029E-07 -0.36367E-07
  0.29670E+03 -0.73390E-08  0.25415E-07 -0.36669E-07
  0.29700E+03 -0.52200E-08  0.24707E-07 -0.36845E-07
  0.29730E+03 -0.31080E-08  0.23931E-07 -0.36898E-07
  0.29760E+03 -0.10250E-08  0.23090E-07 -0.36828E-07
  0.29790E+03  0.10270E-08  0.22178E-07 -0.36636E-07
  0.29820E+03  0.30570E-08  0.21198E-07 -0.36323E-07
  0.29850E+03  0.50320E-08  0.20156E-07 -0.35893E-07
  0.29880E+03  0.69660E-08  0.19070E-07 -0.35351E-07
  0.29910E+03  0.88510E-08  0.17932E-07 -0.34698E-07
  0.29940E+03  0.10676E-07  0.16745E-07 -0.33938E-07
  0.29970E+03  0.12435E-07  0.15532E-07 -0.33072E-07
  0.30000E+03  0.14128E-07  0.14274E-07 -0.32107E-07
  0.30030E+03  0.15745E-07  0.12991E-07 -0.31042E-07
  0.30060E+03  0.17296E-07  0.11684E-07 -0.29893E-07
  0.30090E+03  0.18750E-07  0.10360E-07 -0.28664E-07
  0.30120E+03  0.20138E-07  0.90250E-08 -0.27343E-07
  0.30150E+03  0.21425E-07  0.76780E-08 -0.25956E-07
  0.30180E+03  0.22622E-07  0.63260E-08 -0.24506E-07
  0.30210E+03  0.23738E-07  0.49780E-08 -0.22988E-07
  0.30240E+03  0.24754E-07  0.36340E-08 -0.21415E-07
  0.30270E+03  0.25668E-07  0.23070E-08 -0.19789E-07
  0.30300E+03  0.26489E-07  0.98197E-09 -0.18127E-07
  0.30330E+03  0.27214E-07 -0.32196E-09 -0.16425E-07
  0.30360E+03  0.27835E-07 -0.15970E-08 -0.14701E-07
  0.30390E+03  0.28355E-07 -0.28430E-08 -0.12944E-07
  0.30420E+03  0.28774E-07 -0.40600E-08 -0.11175E-07
  0.30450E+03  0.29101E-07 -0.52450E-08 -0.93920E-08
  0.30480E+03  0.29317E-07 -0.63950E-08 -0.76030E-08
  0.30510E+03  0.29445E-07 -0.75060E-08 -0.58160E-08
  0.30540E+03  0.29466E-07 -0.85690E-08 -0.40330E-08
  0.30570E+03  0.29395E-07 -0.95850E-08 -0.22730E-08
  0.30600E+03  0.29225E-07 -0.10554E-07 -0.52000E-09
  0.30630E+03  0.28961E-07 -0.11460E-07  0.12060E-08
  0.30660E+03 -0.39790E-11 -0.50022E-11  0.00000E+00
  0.30690E+03  0.39933E-11 -0.30198E-12  0.29985E-11
