 trial position no.            1
 
 
 
 
 
 
 
 
 
 
 
 
  Covariance matrix; NOT corrected for  scaling
   0.446010E+11  -0.130363E+11   0.606909E+10   0.146099E+10   0.504659E+10  -0.215778E+11
  -0.130363E+11   0.303205E+11   0.734898E+10  -0.192134E+10   0.252477E+09  -0.111738E+11
   0.606909E+10   0.734898E+10   0.405779E+11  -0.323157E+10   0.490604E+10   0.166403E+11
   0.146099E+10  -0.192134E+10  -0.323157E+10   0.647612E+11  -0.288510E+11  -0.168365E+11
   0.504659E+10   0.252478E+09   0.490604E+10  -0.288510E+11   0.897069E+11  -0.793466E+11
  -0.215778E+11  -0.111738E+11   0.166403E+11  -0.168365E+11  -0.793466E+11   0.296527E+12
