  0.00000E+00  0.30807E-09 -0.42353E-09 -0.50295E-09
  0.30000E+00  0.84892E-09 -0.11962E-08 -0.14161E-08
  0.60000E+00  0.18427E-08 -0.27194E-08 -0.32049E-08
  0.90000E+00  0.33678E-08 -0.53428E-08 -0.62591E-08
  0.12000E+01  0.53812E-08 -0.94536E-08 -0.10996E-07
  0.15000E+01  0.76734E-08 -0.15459E-07 -0.17841E-07
  0.18000E+01  0.98330E-08 -0.23768E-07 -0.27204E-07
  0.21000E+01  0.11221E-07 -0.34778E-07 -0.39464E-07
  0.24000E+01  0.10957E-07 -0.48859E-07 -0.54953E-07
  0.27000E+01  0.79108E-08 -0.66343E-07 -0.73941E-07
  0.30000E+01  0.72016E-09 -0.87512E-07 -0.96624E-07
  0.33000E+01 -0.12191E-07 -0.11259E-06 -0.12312E-06
  0.36000E+01 -0.32577E-07 -0.14172E-06 -0.15344E-06
  0.39000E+01 -0.62333E-07 -0.17498E-06 -0.18753E-06
  0.42000E+01 -0.10345E-06 -0.21237E-06 -0.22520E-06
  0.45000E+01 -0.15796E-06 -0.25376E-06 -0.26616E-06
  0.48000E+01 -0.22788E-06 -0.29896E-06 -0.31003E-06
  0.51000E+01 -0.31514E-06 -0.34764E-06 -0.35630E-06
  0.54000E+01 -0.42153E-06 -0.39939E-06 -0.40434E-06
  0.57000E+01 -0.54827E-06 -0.45337E-06 -0.45436E-06
  0.60000E+01 -0.69446E-06 -0.50731E-06 -0.50972E-06
  0.63000E+01 -0.85572E-06 -0.55633E-06 -0.57715E-06
  0.66000E+01 -0.10246E-05 -0.59325E-06 -0.66314E-06
  0.69000E+01 -0.11928E-05 -0.61017E-06 -0.77089E-06
  0.72000E+01 -0.13528E-05 -0.60012E-06 -0.90044E-06
  0.75000E+01 -0.14990E-05 -0.55798E-06 -0.10496E-05
  0.78000E+01 -0.16276E-05 -0.48088E-06 -0.12147E-05
  0.81000E+01 -0.17364E-05 -0.36821E-06 -0.13908E-05
  0.84000E+01 -0.18244E-05 -0.22164E-06 -0.15720E-05
  0.87000E+01 -0.18919E-05 -0.44946E-07 -0.17518E-05
  0.90000E+01 -0.19400E-05  0.15628E-06 -0.19239E-05
  0.93000E+01 -0.19697E-05  0.37498E-06 -0.20822E-05
  0.96000E+01 -0.19823E-05  0.60317E-06 -0.22218E-05
  0.99000E+01 -0.19785E-05  0.83261E-06 -0.23398E-05
  0.10200E+02 -0.19591E-05  0.10567E-05 -0.24353E-05
  0.10500E+02 -0.19261E-05  0.12718E-05 -0.25088E-05
  0.10800E+02 -0.18812E-05  0.14752E-05 -0.25597E-05
  0.11100E+02 -0.18255E-05  0.16622E-05 -0.25862E-05
  0.11400E+02 -0.17597E-05  0.18280E-05 -0.25848E-05
  0.11700E+02 -0.16858E-05  0.19714E-05 -0.25508E-05
  0.12000E+02 -0.16086E-05  0.20981E-05 -0.24767E-05
  0.12300E+02 -0.15347E-05  0.22216E-05 -0.23530E-05
  0.12600E+02 -0.14706E-05  0.23620E-05 -0.21705E-05
  0.12900E+02 -0.14189E-05  0.25415E-05 -0.19232E-05
  0.13200E+02 -0.13765E-05  0.27813E-05 -0.16104E-05
  0.13500E+02 -0.13362E-05  0.30987E-05 -0.12370E-05
  0.13800E+02 -0.12893E-05  0.35047E-05 -0.81214E-06
  0.14100E+02 -0.12265E-05  0.40026E-05 -0.34723E-06
  0.14400E+02 -0.11387E-05  0.45860E-05  0.14518E-06
  0.14700E+02 -0.10162E-05  0.52376E-05  0.65324E-06
  0.15000E+02 -0.84808E-06  0.59300E-05  0.11672E-05
  0.15300E+02 -0.62259E-06  0.66289E-05  0.16802E-05
  0.15600E+02 -0.32694E-06  0.72955E-05  0.21885E-05
  0.15900E+02  0.52402E-07  0.78910E-05  0.26901E-05
  0.16200E+02  0.52879E-06  0.83778E-05  0.31837E-05
  0.16500E+02  0.11140E-05  0.87213E-05  0.36674E-05
  0.16800E+02  0.18166E-05  0.88914E-05  0.41383E-05
  0.17100E+02  0.26410E-05  0.88626E-05  0.45928E-05
  0.17400E+02  0.35869E-05  0.86142E-05  0.50262E-05
  0.17700E+02  0.46494E-05  0.81299E-05  0.54337E-05
  0.18000E+02  0.58201E-05  0.73979E-05  0.58097E-05
  0.18300E+02  0.70880E-05  0.64118E-05  0.61480E-05
  0.18600E+02  0.84395E-05  0.51714E-05  0.64431E-05
  0.18900E+02  0.98578E-05  0.36834E-05  0.66907E-05
  0.19200E+02  0.11322E-04  0.19616E-05  0.68885E-05
  0.19500E+02  0.12809E-04  0.26008E-07  0.70360E-05
  0.19800E+02  0.14289E-04 -0.20979E-05  0.71339E-05
  0.20100E+02  0.15733E-04 -0.43794E-05  0.71836E-05
  0.20400E+02  0.17107E-04 -0.67835E-05  0.71872E-05
  0.20700E+02  0.18380E-04 -0.92725E-05  0.71470E-05
  0.21000E+02  0.19519E-04 -0.11807E-04  0.70650E-05
  0.21300E+02  0.20495E-04 -0.14347E-04  0.69436E-05
  0.21600E+02  0.21279E-04 -0.16854E-04  0.67850E-05
  0.21900E+02  0.21845E-04 -0.19290E-04  0.65923E-05
  0.22200E+02  0.22170E-04 -0.21618E-04  0.63687E-05
  0.22500E+02  0.22235E-04 -0.23802E-04  0.61174E-05
  0.22800E+02  0.22024E-04 -0.25807E-04  0.58415E-05
  0.23100E+02  0.21526E-04 -0.27597E-04  0.55433E-05
  0.23400E+02  0.20733E-04 -0.29140E-04  0.52231E-05
  0.23700E+02  0.19643E-04 -0.30404E-04  0.48786E-05
  0.24000E+02  0.18254E-04 -0.31362E-04  0.45054E-05
  0.24300E+02  0.16572E-04 -0.31992E-04  0.40974E-05
  0.24600E+02  0.14603E-04 -0.32272E-04  0.36494E-05
  0.24900E+02  0.12359E-04 -0.32187E-04  0.31574E-05
  0.25200E+02  0.98501E-05 -0.31723E-04  0.26196E-05
  0.25500E+02  0.70921E-05 -0.30869E-04  0.20355E-05
  0.25800E+02  0.41030E-05 -0.29621E-04  0.14054E-05
  0.26100E+02  0.90426E-06 -0.27978E-04  0.73036E-06
  0.26400E+02 -0.24786E-05 -0.25945E-04  0.12456E-07
  0.26700E+02 -0.60162E-05 -0.23532E-04 -0.74492E-06
  0.27000E+02 -0.96748E-05 -0.20755E-04 -0.15367E-05
  0.27300E+02 -0.13417E-04 -0.17638E-04 -0.23561E-05
  0.27600E+02 -0.17203E-04 -0.14205E-04 -0.31954E-05
  0.27900E+02 -0.20990E-04 -0.10488E-04 -0.40461E-05
  0.28200E+02 -0.24732E-04 -0.65205E-05 -0.49002E-05
  0.28500E+02 -0.28384E-04 -0.23410E-05 -0.57502E-05
  0.28800E+02 -0.31901E-04  0.20083E-05 -0.65895E-05
  0.29100E+02 -0.35238E-04  0.64811E-05 -0.74127E-05
  0.29400E+02 -0.38355E-04  0.11028E-04 -0.82150E-05
  0.29700E+02 -0.41210E-04  0.15595E-04 -0.89918E-05
  0.30000E+02 -0.43769E-04  0.20130E-04 -0.97382E-05
  0.30300E+02 -0.45996E-04  0.24579E-04 -0.10448E-04
  0.30600E+02 -0.47861E-04  0.28892E-04 -0.11117E-04
  0.30900E+02 -0.49337E-04  0.33020E-04 -0.11738E-04
  0.31200E+02 -0.50401E-04  0.36920E-04 -0.12307E-04
  0.31500E+02 -0.51036E-04  0.40551E-04 -0.12820E-04
  0.31800E+02 -0.51228E-04  0.43875E-04 -0.13270E-04
  0.32100E+02 -0.50972E-04  0.46857E-04 -0.13652E-04
  0.32400E+02 -0.50268E-04  0.49466E-04 -0.13958E-04
  0.32700E+02 -0.49118E-04  0.51672E-04 -0.14182E-04
  0.33000E+02 -0.47530E-04  0.53449E-04 -0.14316E-04
  0.33300E+02 -0.45510E-04  0.54771E-04 -0.14354E-04
  0.33600E+02 -0.43072E-04  0.55619E-04 -0.14291E-04
  0.33900E+02 -0.40228E-04  0.55972E-04 -0.14120E-04
  0.34200E+02 -0.36995E-04  0.55819E-04 -0.13839E-04
  0.34500E+02 -0.33394E-04  0.55151E-04 -0.13446E-04
  0.34800E+02 -0.29450E-04  0.53970E-04 -0.12942E-04
  0.35100E+02 -0.25193E-04  0.52281E-04 -0.12329E-04
  0.35400E+02 -0.20658E-04  0.50099E-04 -0.11615E-04
  0.35700E+02 -0.15883E-04  0.47441E-04 -0.10808E-04
  0.36000E+02 -0.10911E-04  0.44332E-04 -0.99149E-05
  0.36300E+02 -0.57913E-05  0.40799E-04 -0.89450E-05
  0.36600E+02 -0.57137E-06  0.36874E-04 -0.79061E-05
  0.36900E+02  0.46986E-05  0.32593E-04 -0.68056E-05
  0.37200E+02  0.99692E-05  0.28001E-04 -0.56503E-05
  0.37500E+02  0.15193E-04  0.23142E-04 -0.44470E-05
  0.37800E+02  0.20323E-04  0.18068E-04 -0.32022E-05
  0.38100E+02  0.25315E-04  0.12828E-04 -0.19228E-05
  0.38400E+02  0.30127E-04  0.74763E-05 -0.61551E-06
  0.38700E+02  0.34717E-04  0.20630E-05  0.71222E-06
  0.39000E+02  0.39048E-04 -0.33608E-05  0.20524E-05
  0.39300E+02  0.43081E-04 -0.87458E-05  0.33957E-05
  0.39600E+02  0.46783E-04 -0.14044E-04  0.47319E-05
  0.39900E+02  0.50124E-04 -0.19209E-04  0.60494E-05
  0.40200E+02  0.53076E-04 -0.24195E-04  0.73363E-05
  0.40500E+02  0.55616E-04 -0.28959E-04  0.85802E-05
  0.40800E+02  0.57726E-04 -0.33460E-04  0.97692E-05
  0.41100E+02  0.59392E-04 -0.37659E-04  0.10892E-04
  0.41400E+02  0.60601E-04 -0.41521E-04  0.11940E-04
  0.41700E+02  0.61346E-04 -0.45014E-04  0.12904E-04
  0.42000E+02  0.61623E-04 -0.48111E-04  0.13779E-04
  0.42300E+02  0.61433E-04 -0.50790E-04  0.14561E-04
  0.42600E+02  0.60780E-04 -0.53033E-04  0.15248E-04
  0.42900E+02  0.59679E-04 -0.54827E-04  0.15836E-04
  0.43200E+02  0.58145E-04 -0.56160E-04  0.16323E-04
  0.43500E+02  0.56200E-04 -0.57026E-04  0.16705E-04
  0.43800E+02  0.53868E-04 -0.57422E-04  0.16979E-04
  0.44100E+02  0.51175E-04 -0.57349E-04  0.17140E-04
  0.44400E+02  0.48149E-04 -0.56814E-04  0.17186E-04
  0.44700E+02  0.44818E-04 -0.55826E-04  0.17117E-04
  0.45000E+02  0.41215E-04 -0.54404E-04  0.16932E-04
  0.45300E+02  0.37371E-04 -0.52568E-04  0.16636E-04
  0.45600E+02  0.33320E-04 -0.50343E-04  0.16231E-04
  0.45900E+02  0.29097E-04 -0.47760E-04  0.15725E-04
  0.46200E+02  0.24738E-04 -0.44852E-04  0.15122E-04
  0.46500E+02  0.20277E-04 -0.41654E-04  0.14428E-04
  0.46800E+02  0.15753E-04 -0.38205E-04  0.13648E-04
  0.47100E+02  0.11202E-04 -0.34542E-04  0.12790E-04
  0.47400E+02  0.66626E-05 -0.30706E-04  0.11857E-04
  0.47700E+02  0.21719E-05 -0.26734E-04  0.10859E-04
  0.48000E+02 -0.22340E-05 -0.22663E-04  0.98002E-05
  0.48300E+02 -0.65220E-05 -0.18531E-04  0.86898E-05
  0.48600E+02 -0.10662E-04 -0.14374E-04  0.75359E-05
  0.48900E+02 -0.14625E-04 -0.10228E-04  0.63475E-05
  0.49200E+02 -0.18390E-04 -0.61288E-05  0.51342E-05
  0.49500E+02 -0.21933E-04 -0.21095E-05  0.39060E-05
  0.49800E+02 -0.25235E-04  0.17973E-05  0.26732E-05
  0.50100E+02 -0.28279E-04  0.55615E-05  0.14464E-05
  0.50400E+02 -0.31048E-04  0.91547E-05  0.23628E-06
  0.50700E+02 -0.33528E-04  0.12551E-04 -0.94656E-06
  0.51000E+02 -0.35707E-04  0.15726E-04 -0.20925E-05
  0.51300E+02 -0.37576E-04  0.18660E-04 -0.31929E-05
  0.51600E+02 -0.39131E-04  0.21332E-04 -0.42409E-05
  0.51900E+02 -0.40370E-04  0.23728E-04 -0.52306E-05
  0.52200E+02 -0.41294E-04  0.25835E-04 -0.61573E-05
  0.52500E+02 -0.41907E-04  0.27647E-04 -0.70170E-05
  0.52800E+02 -0.42215E-04  0.29160E-04 -0.78066E-05
  0.53100E+02 -0.42228E-04  0.30377E-04 -0.85240E-05
  0.53400E+02 -0.41957E-04  0.31303E-04 -0.91674E-05
  0.53700E+02 -0.41416E-04  0.31946E-04 -0.97357E-05
  0.54000E+02 -0.40619E-04  0.32315E-04 -0.10228E-04
  0.54300E+02 -0.39584E-04  0.32421E-04 -0.10642E-04
  0.54600E+02 -0.38328E-04  0.32278E-04 -0.10976E-04
  0.54900E+02 -0.36871E-04  0.31901E-04 -0.11229E-04
  0.55200E+02 -0.35234E-04  0.31307E-04 -0.11402E-04
  0.55500E+02 -0.33438E-04  0.30513E-04 -0.11495E-04
  0.55800E+02 -0.31505E-04  0.29536E-04 -0.11512E-04
  0.56100E+02 -0.29458E-04  0.28396E-04 -0.11457E-04
  0.56400E+02 -0.27319E-04  0.27109E-04 -0.11334E-04
  0.56700E+02 -0.25109E-04  0.25695E-04 -0.11149E-04
  0.57000E+02 -0.22851E-04  0.24172E-04 -0.10907E-04
  0.57300E+02 -0.20565E-04  0.22559E-04 -0.10612E-04
  0.57600E+02 -0.18269E-04  0.20878E-04 -0.10270E-04
  0.57900E+02 -0.15982E-04  0.19149E-04 -0.98846E-05
  0.58200E+02 -0.13724E-04  0.17392E-04 -0.94596E-05
  0.58500E+02 -0.11511E-04  0.15627E-04 -0.89991E-05
  0.58800E+02 -0.93594E-05  0.13874E-04 -0.85074E-05
  0.59100E+02 -0.72817E-05  0.12151E-04 -0.79896E-05
  0.59400E+02 -0.52902E-05  0.10475E-04 -0.74507E-05
  0.59700E+02 -0.33955E-05  0.88613E-05 -0.68967E-05
  0.60000E+02 -0.16073E-05  0.73246E-05 -0.63333E-05
  0.60300E+02  0.65955E-07  0.58762E-05 -0.57664E-05
  0.60600E+02  0.16167E-05  0.45255E-05 -0.52011E-05
  0.60900E+02  0.30391E-05  0.32795E-05 -0.46421E-05
  0.61200E+02  0.43292E-05  0.21434E-05 -0.40933E-05
  0.61500E+02  0.54855E-05  0.11205E-05 -0.35582E-05
  0.61800E+02  0.65087E-05  0.21222E-06 -0.30401E-05
  0.62100E+02  0.74014E-05 -0.58227E-06 -0.25420E-05
  0.62400E+02  0.81678E-05 -0.12661E-05 -0.20666E-05
  0.62700E+02  0.88138E-05 -0.18441E-05 -0.16160E-05
  0.63000E+02  0.93461E-05 -0.23227E-05 -0.11921E-05
  0.63300E+02  0.97729E-05 -0.27086E-05 -0.79612E-06
  0.63600E+02  0.10102E-04 -0.30090E-05 -0.42889E-06
  0.63900E+02  0.10343E-04 -0.32308E-05 -0.90670E-07
  0.64200E+02  0.10504E-04 -0.33810E-05  0.21863E-06
  0.64500E+02  0.10594E-04 -0.34665E-05  0.49934E-06
  0.64800E+02  0.10620E-04 -0.34946E-05  0.75200E-06
  0.65100E+02  0.10591E-04 -0.34728E-05  0.97728E-06
  0.65400E+02  0.10516E-04 -0.34094E-05  0.11762E-05
  0.65700E+02  0.10405E-04 -0.33132E-05  0.13501E-05
  0.66000E+02  0.10267E-04 -0.31933E-05  0.15012E-05
  0.66300E+02  0.10111E-04 -0.30589E-05  0.16323E-05
  0.66600E+02  0.99459E-05 -0.29194E-05  0.17470E-05
  0.66900E+02  0.97809E-05 -0.27835E-05  0.18492E-05
  0.67200E+02  0.96238E-05 -0.26594E-05  0.19428E-05
  0.67500E+02  0.94817E-05 -0.25545E-05  0.20314E-05
  0.67800E+02  0.93605E-05 -0.24753E-05  0.21180E-05
  0.68100E+02  0.92651E-05 -0.24275E-05  0.22047E-05
  0.68400E+02  0.91993E-05 -0.24164E-05  0.22931E-05
  0.68700E+02  0.91660E-05 -0.24462E-05  0.23839E-05
  0.69000E+02  0.91672E-05 -0.25203E-05  0.24779E-05
  0.69300E+02  0.92039E-05 -0.26404E-05  0.25752E-05
  0.69600E+02  0.92760E-05 -0.28065E-05  0.26762E-05
  0.69900E+02  0.93823E-05 -0.30176E-05  0.27811E-05
  0.70200E+02  0.95206E-05 -0.32713E-05  0.28898E-05
  0.70500E+02  0.96880E-05 -0.35648E-05  0.30027E-05
  0.70800E+02  0.98810E-05 -0.38947E-05  0.31200E-05
  0.71100E+02  0.10095E-04 -0.42572E-05  0.32420E-05
  0.71400E+02  0.10325E-04 -0.46487E-05  0.33692E-05
  0.71700E+02  0.10565E-04 -0.50649E-05  0.35014E-05
  0.72000E+02  0.10808E-04 -0.55017E-05  0.36384E-05
  0.72300E+02  0.11046E-04 -0.59539E-05  0.37795E-05
  0.72600E+02  0.11269E-04 -0.64160E-05  0.39231E-05
  0.72900E+02  0.11470E-04 -0.68815E-05  0.40675E-05
  0.73200E+02  0.11640E-04 -0.73431E-05  0.42099E-05
  0.73500E+02  0.11772E-04 -0.77932E-05  0.43478E-05
  0.73800E+02  0.11863E-04 -0.82238E-05  0.44786E-05
  0.74100E+02  0.11906E-04 -0.86272E-05  0.46000E-05
  0.74400E+02  0.11900E-04 -0.89959E-05  0.47106E-05
  0.74700E+02  0.11842E-04 -0.93227E-05  0.48094E-05
  0.75000E+02  0.11730E-04 -0.96017E-05  0.48959E-05
  0.75300E+02  0.11562E-04 -0.98277E-05  0.49696E-05
  0.75600E+02  0.11337E-04 -0.99974E-05  0.50296E-05
  0.75900E+02  0.11053E-04 -0.10109E-04  0.50747E-05
  0.76200E+02  0.10706E-04 -0.10162E-04  0.51030E-05
  0.76500E+02  0.10296E-04 -0.10157E-04  0.51124E-05
  0.76800E+02  0.98201E-05 -0.10095E-04  0.51004E-05
  0.77100E+02  0.92786E-05 -0.99769E-05  0.50648E-05
  0.77400E+02  0.86721E-05 -0.98044E-05  0.50034E-05
  0.77700E+02  0.80023E-05 -0.95772E-05  0.49149E-05
  0.78000E+02  0.72720E-05 -0.92951E-05  0.47981E-05
  0.78300E+02  0.64849E-05 -0.89580E-05  0.46522E-05
  0.78600E+02  0.56454E-05 -0.85662E-05  0.44767E-05
  0.78900E+02  0.47581E-05 -0.81204E-05  0.42713E-05
  0.79200E+02  0.38279E-05 -0.76223E-05  0.40363E-05
  0.79500E+02  0.28595E-05 -0.70743E-05  0.37720E-05
  0.79800E+02  0.18582E-05 -0.64793E-05  0.34795E-05
  0.80100E+02  0.82955E-06 -0.58412E-05  0.31596E-05
  0.80400E+02 -0.22040E-06 -0.51641E-05  0.28137E-05
  0.80700E+02 -0.12850E-05 -0.44531E-05  0.24438E-05
  0.81000E+02 -0.23573E-05 -0.37137E-05  0.20521E-05
  0.81300E+02 -0.34302E-05 -0.29521E-05  0.16416E-05
  0.81600E+02 -0.44967E-05 -0.21744E-05  0.12154E-05
  0.81900E+02 -0.55500E-05 -0.13868E-05  0.77703E-06
  0.82200E+02 -0.65831E-05 -0.59577E-06  0.33002E-06
  0.82500E+02 -0.75893E-05  0.19239E-06 -0.12217E-06
  0.82800E+02 -0.85617E-05  0.97148E-06 -0.57628E-06
  0.83100E+02 -0.94933E-05  0.17357E-05 -0.10294E-05
  0.83400E+02 -0.10377E-04  0.24797E-05 -0.14788E-05
  0.83700E+02 -0.11207E-04  0.31988E-05 -0.19217E-05
  0.84000E+02 -0.11977E-04  0.38890E-05 -0.23550E-05
  0.84300E+02 -0.12682E-04  0.45468E-05 -0.27750E-05
  0.84600E+02 -0.13318E-04  0.51693E-05 -0.31776E-05
  0.84900E+02 -0.13880E-04  0.57539E-05 -0.35583E-05
  0.85200E+02 -0.14365E-04  0.62983E-05 -0.39131E-05
  0.85500E+02 -0.14769E-04  0.68000E-05 -0.42381E-05
  0.85800E+02 -0.15090E-04  0.72572E-05 -0.45302E-05
  0.86100E+02 -0.15325E-04  0.76678E-05 -0.47874E-05
  0.86400E+02 -0.15471E-04  0.80306E-05 -0.50083E-05
  0.86700E+02 -0.15526E-04  0.83442E-05 -0.51927E-05
  0.87000E+02 -0.15489E-04  0.86081E-05 -0.53410E-05
  0.87300E+02 -0.15359E-04  0.88217E-05 -0.54541E-05
  0.87600E+02 -0.15137E-04  0.89851E-05 -0.55330E-05
  0.87900E+02 -0.14826E-04  0.90989E-05 -0.55786E-05
  0.88200E+02 -0.14429E-04  0.91643E-05 -0.55912E-05
  0.88500E+02 -0.13951E-04  0.91828E-05 -0.55711E-05
  0.88800E+02 -0.13397E-04  0.91557E-05 -0.55182E-05
  0.89100E+02 -0.12774E-04  0.90845E-05 -0.54325E-05
  0.89400E+02 -0.12087E-04  0.89703E-05 -0.53143E-05
  0.89700E+02 -0.11343E-04  0.88145E-05 -0.51648E-05
  0.90000E+02 -0.10546E-04  0.86182E-05 -0.49855E-05
  0.90300E+02 -0.97028E-05  0.83833E-05 -0.47787E-05
  0.90600E+02 -0.88198E-05  0.81119E-05 -0.45469E-05
  0.90900E+02 -0.79039E-05  0.78068E-05 -0.42931E-05
  0.91200E+02 -0.69630E-05  0.74710E-05 -0.40202E-05
  0.91500E+02 -0.60052E-05  0.71077E-05 -0.37316E-05
  0.91800E+02 -0.50390E-05  0.67200E-05 -0.34302E-05
  0.92100E+02 -0.40727E-05  0.63107E-05 -0.31194E-05
  0.92400E+02 -0.31141E-05  0.58825E-05 -0.28022E-05
  0.92700E+02 -0.21702E-05  0.54375E-05 -0.24818E-05
  0.93000E+02 -0.12475E-05  0.49775E-05 -0.21613E-05
  0.93300E+02 -0.35152E-06  0.45043E-05 -0.18434E-05
  0.93600E+02  0.51253E-06  0.40199E-05 -0.15305E-05
  0.93900E+02  0.13397E-05  0.35265E-05 -0.12243E-05
  0.94200E+02  0.21252E-05  0.30269E-05 -0.92597E-06
  0.94500E+02  0.28642E-05  0.25244E-05 -0.63640E-06
  0.94800E+02  0.35522E-05  0.20225E-05 -0.35627E-06
  0.95100E+02  0.41856E-05  0.15252E-05 -0.86423E-07
  0.95400E+02  0.47614E-05  0.10365E-05  0.17217E-06
  0.95700E+02  0.52782E-05  0.55999E-06  0.41852E-06
  0.96000E+02  0.57356E-05  0.98889E-07  0.65179E-06
  0.96300E+02  0.61344E-05 -0.34465E-06  0.87142E-06
  0.96600E+02  0.64762E-05 -0.76941E-06  0.10771E-05
  0.96900E+02  0.67631E-05 -0.11750E-05  0.12688E-05
  0.97200E+02  0.69973E-05 -0.15618E-05  0.14465E-05
  0.97500E+02  0.71810E-05 -0.19299E-05  0.16099E-05
  0.97800E+02  0.73164E-05 -0.22799E-05  0.17588E-05
  0.98100E+02  0.74053E-05 -0.26116E-05  0.18925E-05
  0.98400E+02  0.74496E-05 -0.29246E-05  0.20104E-05
  0.98700E+02  0.74513E-05 -0.32180E-05  0.21116E-05
  0.99000E+02  0.74126E-05 -0.34907E-05  0.21956E-05
  0.99300E+02  0.73366E-05 -0.37415E-05  0.22619E-05
  0.99600E+02  0.72266E-05 -0.39696E-05  0.23103E-05
  0.99900E+02  0.70867E-05 -0.41745E-05  0.23413E-05
  0.10020E+03  0.69215E-05 -0.43561E-05  0.23555E-05
  0.10050E+03  0.67355E-05 -0.45147E-05  0.23544E-05
  0.10080E+03  0.65337E-05 -0.46506E-05  0.23399E-05
  0.10110E+03  0.63206E-05 -0.47647E-05  0.23140E-05
  0.10140E+03  0.61003E-05 -0.48576E-05  0.22789E-05
  0.10170E+03  0.58768E-05 -0.49300E-05  0.22365E-05
  0.10200E+03  0.56536E-05 -0.49827E-05  0.21882E-05
  0.10230E+03  0.54336E-05 -0.50164E-05  0.21352E-05
  0.10260E+03  0.52196E-05 -0.50317E-05  0.20782E-05
  0.10290E+03  0.50139E-05 -0.50291E-05  0.20177E-05
  0.10320E+03  0.48184E-05 -0.50088E-05  0.19542E-05
  0.10350E+03  0.46348E-05 -0.49710E-05  0.18881E-05
  0.10380E+03  0.44643E-05 -0.49155E-05  0.18202E-05
  0.10410E+03  0.43080E-05 -0.48420E-05  0.17512E-05
  0.10440E+03  0.41660E-05 -0.47505E-05  0.16821E-05
  0.10470E+03  0.40381E-05 -0.46408E-05  0.16133E-05
  0.10500E+03  0.39233E-05 -0.45129E-05  0.15454E-05
  0.10530E+03  0.38199E-05 -0.43671E-05  0.14784E-05
  0.10560E+03  0.37255E-05 -0.42041E-05  0.14121E-05
  0.10590E+03  0.36370E-05 -0.40243E-05  0.13463E-05
  0.10620E+03  0.35511E-05 -0.38287E-05  0.12807E-05
  0.10650E+03  0.34644E-05 -0.36180E-05  0.12151E-05
  0.10680E+03  0.33738E-05 -0.33935E-05  0.11494E-05
  0.10710E+03  0.32770E-05 -0.31566E-05  0.10833E-05
  0.10740E+03  0.31726E-05 -0.29092E-05  0.10167E-05
  0.10770E+03  0.30602E-05 -0.26536E-05  0.94951E-06
  0.10800E+03  0.29398E-05 -0.23925E-05  0.88195E-06
  0.10830E+03  0.28115E-05 -0.21282E-05  0.81441E-06
  0.10860E+03  0.26751E-05 -0.18630E-05  0.74741E-06
  0.10890E+03  0.25297E-05 -0.15981E-05  0.68155E-06
  0.10920E+03  0.23737E-05 -0.13340E-05  0.61733E-06
  0.10950E+03  0.22054E-05 -0.10709E-05  0.55513E-06
  0.10980E+03  0.20231E-05 -0.80892E-06  0.49517E-06
  0.11010E+03  0.18256E-05 -0.54834E-06  0.43750E-06
  0.11040E+03  0.16123E-05 -0.29005E-06  0.38202E-06
  0.11070E+03  0.13833E-05 -0.35463E-07  0.32852E-06
  0.11100E+03  0.11390E-05  0.21359E-06  0.27679E-06
  0.11130E+03  0.88006E-06  0.45509E-06  0.22664E-06
  0.11160E+03  0.60689E-06  0.68706E-06  0.17798E-06
  0.11190E+03  0.31981E-06  0.90779E-06  0.13078E-06
  0.11220E+03  0.19186E-07  0.11159E-05  0.85004E-07
  0.11250E+03 -0.29435E-06  0.13103E-05  0.40550E-07
  0.11280E+03 -0.61972E-06  0.14903E-05 -0.27366E-08
  0.11310E+03 -0.95530E-06  0.16553E-05 -0.44984E-07
  0.11340E+03 -0.12990E-05  0.18048E-05 -0.86173E-07
  0.11370E+03 -0.16482E-05  0.19387E-05 -0.12603E-06
  0.11400E+03 -0.20001E-05  0.20565E-05 -0.16398E-06
  0.11430E+03 -0.23515E-05  0.21580E-05 -0.19923E-06
  0.11460E+03 -0.26992E-05  0.22427E-05 -0.23081E-06
  0.11490E+03 -0.30397E-05  0.23101E-05 -0.25775E-06
  0.11520E+03 -0.33697E-05  0.23598E-05 -0.27922E-06
  0.11550E+03 -0.36864E-05  0.23911E-05 -0.29471E-06
  0.11580E+03 -0.39868E-05  0.24038E-05 -0.30420E-06
  0.11610E+03 -0.42687E-05  0.23983E-05 -0.30822E-06
  0.11640E+03 -0.45301E-05  0.23758E-05 -0.30785E-06
  0.11670E+03 -0.47693E-05  0.23381E-05 -0.30461E-06
  0.11700E+03 -0.49849E-05  0.22876E-05 -0.30033E-06
  0.11730E+03 -0.51753E-05  0.22268E-05 -0.29694E-06
  0.11760E+03 -0.53392E-05  0.21579E-05 -0.29625E-06
  0.11790E+03 -0.54753E-05  0.20827E-05 -0.29980E-06
  0.11820E+03 -0.55827E-05  0.20025E-05 -0.30871E-06
  0.11850E+03 -0.56608E-05  0.19180E-05 -0.32374E-06
  0.11880E+03 -0.57094E-05  0.18299E-05 -0.34532E-06
  0.11910E+03 -0.57287E-05  0.17382E-05 -0.37365E-06
  0.11940E+03 -0.57189E-05  0.16433E-05 -0.40873E-06
  0.11970E+03 -0.56802E-05  0.15456E-05 -0.45033E-06
  0.12000E+03 -0.56125E-05  0.14457E-05 -0.49802E-06
  0.12030E+03 -0.55157E-05  0.13447E-05 -0.55120E-06
  0.12060E+03 -0.53895E-05  0.12435E-05 -0.60916E-06
  0.12090E+03 -0.52336E-05  0.11434E-05 -0.67109E-06
  0.12120E+03 -0.50483E-05  0.10461E-05 -0.73611E-06
  0.12150E+03 -0.48341E-05  0.95318E-06 -0.80319E-06
  0.12180E+03 -0.45922E-05  0.86640E-06 -0.87110E-06
  0.12210E+03 -0.43241E-05  0.78746E-06 -0.93844E-06
  0.12240E+03 -0.40316E-05  0.71785E-06 -0.10037E-05
  0.12270E+03 -0.37171E-05  0.65866E-06 -0.10654E-05
  0.12300E+03 -0.33831E-05  0.61047E-06 -0.11224E-05
  0.12330E+03 -0.30325E-05  0.57339E-06 -0.11740E-05
  0.12360E+03 -0.26685E-05  0.54718E-06 -0.12198E-05
  0.12390E+03 -0.22946E-05  0.53140E-06 -0.12597E-05
  0.12420E+03 -0.19144E-05  0.52563E-06 -0.12940E-05
  0.12450E+03 -0.15317E-05  0.52946E-06 -0.13230E-05
  0.12480E+03 -0.11500E-05  0.54252E-06 -0.13468E-05
  0.12510E+03 -0.77311E-06  0.56427E-06 -0.13655E-05
  0.12540E+03 -0.40430E-06  0.59378E-06 -0.13787E-05
  0.12570E+03 -0.46796E-07  0.62951E-06 -0.13859E-05
  0.12600E+03  0.29650E-06  0.66929E-06 -0.13862E-05
  0.12630E+03  0.62316E-06  0.71040E-06 -0.13788E-05
  0.12660E+03  0.93125E-06  0.74983E-06 -0.13630E-05
  0.12690E+03  0.12194E-05  0.78458E-06 -0.13381E-05
  0.12720E+03  0.14869E-05  0.81208E-06 -0.13037E-05
  0.12750E+03  0.17330E-05  0.83034E-06 -0.12598E-05
  0.12780E+03  0.19576E-05  0.83801E-06 -0.12062E-05
  0.12810E+03  0.21603E-05  0.83430E-06 -0.11431E-05
  0.12840E+03  0.23413E-05  0.81868E-06 -0.10708E-05
  0.12870E+03  0.25007E-05  0.79077E-06 -0.98998E-06
  0.12900E+03  0.26389E-05  0.75018E-06 -0.90127E-06
  0.12930E+03  0.27567E-05  0.69656E-06 -0.80562E-06
  0.12960E+03  0.28545E-05  0.62965E-06 -0.70414E-06
  0.12990E+03  0.29331E-05  0.54941E-06 -0.59804E-06
  0.13020E+03  0.29927E-05  0.45601E-06 -0.48862E-06
  0.13050E+03  0.30334E-05  0.34987E-06 -0.37718E-06
  0.13080E+03  0.30553E-05  0.23161E-06 -0.26496E-06
  0.13110E+03  0.30588E-05  0.10203E-06 -0.15310E-06
  0.13140E+03  0.30446E-05 -0.37820E-07 -0.42643E-07
  0.13170E+03  0.30139E-05 -0.18666E-06  0.65481E-07
  0.13200E+03  0.29682E-05 -0.34299E-06  0.17046E-06
  0.13230E+03  0.29097E-05 -0.50511E-06  0.27165E-06
  0.13260E+03  0.28404E-05 -0.67124E-06  0.36852E-06
  0.13290E+03  0.27624E-05 -0.83962E-06  0.46071E-06
  0.13320E+03  0.26776E-05 -0.10086E-05  0.54793E-06
  0.13350E+03  0.25878E-05 -0.11765E-05  0.62990E-06
  0.13380E+03  0.24942E-05 -0.13418E-05  0.70631E-06
  0.13410E+03  0.23983E-05 -0.15033E-05  0.77681E-06
  0.13440E+03  0.23011E-05 -0.16594E-05  0.84103E-06
  0.13470E+03  0.22039E-05 -0.18091E-05  0.89865E-06
  0.13500E+03  0.21078E-05 -0.19511E-05  0.94940E-06
  0.13530E+03  0.20139E-05 -0.20845E-05  0.99315E-06
  0.13560E+03  0.19233E-05 -0.22083E-05  0.10299E-05
  0.13590E+03  0.18368E-05 -0.23217E-05  0.10598E-05
  0.13620E+03  0.17552E-05 -0.24239E-05  0.10831E-05
  0.13650E+03  0.16792E-05 -0.25141E-05  0.11004E-05
  0.13680E+03  0.16091E-05 -0.25915E-05  0.11123E-05
  0.13710E+03  0.15452E-05 -0.26551E-05  0.11195E-05
  0.13740E+03  0.14876E-05 -0.27040E-05  0.11224E-05
  0.13770E+03  0.14365E-05 -0.27370E-05  0.11217E-05
  0.13800E+03  0.13916E-05 -0.27530E-05  0.11175E-05
  0.13830E+03  0.13529E-05 -0.27505E-05  0.11101E-05
  0.13860E+03  0.13198E-05 -0.27282E-05  0.10996E-05
  0.13890E+03  0.12914E-05 -0.26848E-05  0.10862E-05
  0.13920E+03  0.12664E-05 -0.26192E-05  0.10703E-05
  0.13950E+03  0.12432E-05 -0.25307E-05  0.10523E-05
  0.13980E+03  0.12199E-05 -0.24190E-05  0.10329E-05
  0.14010E+03  0.11947E-05 -0.22847E-05  0.10127E-05
  0.14040E+03  0.11660E-05 -0.21290E-05  0.99218E-06
  0.14070E+03  0.11323E-05 -0.19537E-05  0.97168E-06
  0.14100E+03  0.10922E-05 -0.17611E-05  0.95130E-06
  0.14130E+03  0.10449E-05 -0.15536E-05  0.93089E-06
  0.14160E+03  0.98950E-06 -0.13336E-05  0.91014E-06
  0.14190E+03  0.92554E-06 -0.11035E-05  0.88867E-06
  0.14220E+03  0.85257E-06 -0.86522E-06  0.86612E-06
  0.14250E+03  0.77022E-06 -0.62066E-06  0.84230E-06
  0.14280E+03  0.67815E-06 -0.37148E-06  0.81716E-06
  0.14310E+03  0.57610E-06 -0.11935E-06  0.79078E-06
  0.14340E+03  0.46391E-06  0.13402E-06  0.76325E-06
  0.14370E+03  0.34164E-06  0.38686E-06  0.73456E-06
  0.14400E+03  0.20961E-06  0.63728E-06  0.70463E-06
  0.14430E+03  0.68342E-07  0.88343E-06  0.67326E-06
  0.14460E+03 -0.81380E-07  0.11234E-05  0.64026E-06
  0.14490E+03 -0.23854E-06  0.13553E-05  0.60543E-06
  0.14520E+03 -0.40189E-06  0.15773E-05  0.56862E-06
  0.14550E+03 -0.56998E-06  0.17873E-05  0.52968E-06
  0.14580E+03 -0.74118E-06  0.19834E-05  0.48850E-06
  0.14610E+03 -0.91380E-06  0.21636E-05  0.44501E-06
  0.14640E+03 -0.10861E-05  0.23263E-05  0.39916E-06
  0.14670E+03 -0.12565E-05  0.24701E-05  0.35092E-06
  0.14700E+03 -0.14233E-05  0.25941E-05  0.30022E-06
  0.14730E+03 -0.15848E-05  0.26975E-05  0.24698E-06
  0.14760E+03 -0.17394E-05  0.27802E-05  0.19103E-06
  0.14790E+03 -0.18858E-05  0.28420E-05  0.13214E-06
  0.14820E+03 -0.20226E-05  0.28833E-05  0.70106E-07
  0.14850E+03 -0.21488E-05  0.29045E-05  0.47062E-08
  0.14880E+03 -0.22637E-05  0.29061E-05 -0.64170E-07
  0.14910E+03 -0.23668E-05  0.28884E-05 -0.13649E-06
  0.14940E+03 -0.24577E-05  0.28517E-05 -0.21200E-06
  0.14970E+03 -0.25359E-05  0.27963E-05 -0.29025E-06
  0.15000E+03 -0.26012E-05  0.27222E-05 -0.37055E-06
  0.15030E+03 -0.26532E-05  0.26297E-05 -0.45201E-06
  0.15060E+03 -0.26914E-05  0.25191E-05 -0.53358E-06
  0.15090E+03 -0.27154E-05  0.23912E-05 -0.61411E-06
  0.15120E+03 -0.27249E-05  0.22468E-05 -0.69244E-06
  0.15150E+03 -0.27197E-05  0.20874E-05 -0.76746E-06
  0.15180E+03 -0.26999E-05  0.19148E-05 -0.83827E-06
  0.15210E+03 -0.26658E-05  0.17312E-05 -0.90423E-06
  0.15240E+03 -0.26180E-05  0.15395E-05 -0.96504E-06
  0.15270E+03 -0.25574E-05  0.13428E-05 -0.10207E-05
  0.15300E+03 -0.24849E-05  0.11442E-05 -0.10716E-05
  0.15330E+03 -0.24015E-05  0.94704E-06 -0.11181E-05
  0.15360E+03 -0.23080E-05  0.75431E-06 -0.11605E-05
  0.15390E+03 -0.22052E-05  0.56872E-06 -0.11993E-05
  0.15420E+03 -0.20936E-05  0.39261E-06 -0.12345E-05
  0.15450E+03 -0.19739E-05  0.22792E-06 -0.12662E-05
  0.15480E+03 -0.18468E-05  0.76190E-07 -0.12940E-05
  0.15510E+03 -0.17130E-05 -0.61447E-07 -0.13179E-05
  0.15540E+03 -0.15729E-05 -0.18423E-06 -0.13373E-05
  0.15570E+03 -0.14272E-05 -0.29173E-06 -0.13518E-05
  0.15600E+03 -0.12765E-05 -0.38388E-06 -0.13611E-05
  0.15630E+03 -0.11211E-05 -0.46092E-06 -0.13644E-05
  0.15660E+03 -0.96152E-06 -0.52334E-06 -0.13612E-05
  0.15690E+03 -0.79833E-06 -0.57183E-06 -0.13507E-05
  0.15720E+03 -0.63216E-06 -0.60722E-06 -0.13322E-05
  0.15750E+03 -0.46378E-06 -0.63039E-06 -0.13049E-05
  0.15780E+03 -0.29413E-06 -0.64230E-06 -0.12684E-05
  0.15810E+03 -0.12429E-06 -0.64398E-06 -0.12225E-05
  0.15840E+03  0.44489E-07 -0.63654E-06 -0.11673E-05
  0.15870E+03  0.21083E-06 -0.62116E-06 -0.11032E-05
  0.15900E+03  0.37326E-06 -0.59905E-06 -0.10308E-05
  0.15930E+03  0.53033E-06 -0.57142E-06 -0.95100E-06
  0.15960E+03  0.68064E-06 -0.53946E-06 -0.86451E-06
  0.15990E+03  0.82298E-06 -0.50439E-06 -0.77221E-06
  0.16020E+03  0.95632E-06 -0.46749E-06 -0.67494E-06
  0.16050E+03  0.10800E-05 -0.43014E-06 -0.57343E-06
  0.16080E+03  0.11935E-05 -0.39374E-06 -0.46833E-06
  0.16110E+03  0.12969E-05 -0.35974E-06 -0.36022E-06
  0.16140E+03  0.13903E-05 -0.32948E-06 -0.24965E-06
  0.16170E+03  0.14739E-05 -0.30418E-06 -0.13712E-06
  0.16200E+03  0.15480E-05 -0.28488E-06 -0.23174E-07
  0.16230E+03  0.16130E-05 -0.27238E-06  0.91576E-07
  0.16260E+03  0.16691E-05 -0.26724E-06  0.20647E-06
  0.16290E+03  0.17168E-05 -0.26973E-06  0.32079E-06
  0.16320E+03  0.17563E-05 -0.27987E-06  0.43376E-06
  0.16350E+03  0.17878E-05 -0.29744E-06  0.54461E-06
  0.16380E+03  0.18116E-05 -0.32204E-06  0.65252E-06
  0.16410E+03  0.18277E-05 -0.35310E-06  0.75672E-06
  0.16440E+03  0.18360E-05 -0.38993E-06  0.85643E-06
  0.16470E+03  0.18363E-05 -0.43167E-06  0.95094E-06
  0.16500E+03  0.18282E-05 -0.47736E-06  0.10396E-05
  0.16530E+03  0.18116E-05 -0.52598E-06  0.11217E-05
  0.16560E+03  0.17862E-05 -0.57654E-06  0.11966E-05
  0.16590E+03  0.17523E-05 -0.62813E-06  0.12637E-05
  0.16620E+03  0.17098E-05 -0.68011E-06  0.13222E-05
  0.16650E+03  0.16592E-05 -0.73203E-06  0.13715E-05
  0.16680E+03  0.16011E-05 -0.78373E-06  0.14108E-05
  0.16710E+03  0.15359E-05 -0.83527E-06  0.14397E-05
  0.16740E+03  0.14644E-05 -0.88682E-06  0.14575E-05
  0.16770E+03  0.13872E-05 -0.93861E-06  0.14643E-05
  0.16800E+03  0.13047E-05 -0.99085E-06  0.14598E-05
  0.16830E+03  0.12174E-05 -0.10436E-05  0.14442E-05
  0.16860E+03  0.11254E-05 -0.10966E-05  0.14177E-05
  0.16890E+03  0.10289E-05 -0.11494E-05  0.13807E-05
  0.16920E+03  0.92826E-06 -0.12012E-05  0.13335E-05
  0.16950E+03  0.82383E-06 -0.12510E-05  0.12768E-05
  0.16980E+03  0.71629E-06 -0.12974E-05  0.12109E-05
  0.17010E+03  0.60663E-06 -0.13395E-05  0.11367E-05
  0.17040E+03  0.49617E-06 -0.13760E-05  0.10549E-05
  0.17070E+03  0.38654E-06 -0.14064E-05  0.96628E-06
  0.17100E+03  0.27950E-06 -0.14303E-05  0.87172E-06
  0.17130E+03  0.17682E-06 -0.14480E-05  0.77212E-06
  0.17160E+03  0.80101E-07 -0.14596E-05  0.66838E-06
  0.17190E+03 -0.93662E-08 -0.14656E-05  0.56138E-06
  0.17220E+03 -0.90618E-07 -0.14661E-05  0.45191E-06
  0.17250E+03 -0.16301E-06 -0.14610E-05  0.34064E-06
  0.17280E+03 -0.22616E-06 -0.14501E-05  0.22813E-06
  0.17310E+03 -0.27982E-06 -0.14327E-05  0.11485E-06
  0.17340E+03 -0.32388E-06 -0.14081E-05  0.12303E-08
  0.17370E+03 -0.35834E-06 -0.13755E-05 -0.11220E-06
  0.17400E+03 -0.38329E-06 -0.13340E-05 -0.22481E-06
  0.17430E+03 -0.39898E-06 -0.12829E-05 -0.33578E-06
  0.17460E+03 -0.40572E-06 -0.12213E-05 -0.44414E-06
  0.17490E+03 -0.40383E-06 -0.11481E-05 -0.54879E-06
  0.17520E+03 -0.39363E-06 -0.10626E-05 -0.64855E-06
  0.17550E+03 -0.37537E-06 -0.96416E-06 -0.74229E-06
  0.17580E+03 -0.34931E-06 -0.85235E-06 -0.82892E-06
  0.17610E+03 -0.31579E-06 -0.72736E-06 -0.90746E-06
  0.17640E+03 -0.27530E-06 -0.58984E-06 -0.97709E-06
  0.17670E+03 -0.22858E-06 -0.44095E-06 -0.10371E-05
  0.17700E+03 -0.17663E-06 -0.28226E-06 -0.10868E-05
  0.17730E+03 -0.12077E-06 -0.11565E-06 -0.11258E-05
  0.17760E+03 -0.62562E-07  0.56870E-07 -0.11536E-05
  0.17790E+03 -0.37204E-08  0.23326E-06 -0.11698E-05
  0.17820E+03  0.53948E-07  0.41161E-06 -0.11743E-05
  0.17850E+03  0.10863E-06  0.59018E-06 -0.11669E-05
  0.17880E+03  0.15855E-06  0.76743E-06 -0.11476E-05
  0.17910E+03  0.20203E-06  0.94199E-06 -0.11165E-05
  0.17940E+03  0.23760E-06  0.11126E-05 -0.10740E-05
  0.17970E+03  0.26406E-06  0.12781E-05 -0.10202E-05
  0.18000E+03  0.28060E-06  0.14371E-05 -0.95568E-06
  0.18030E+03  0.28684E-06  0.15881E-05 -0.88088E-06
  0.18060E+03  0.28284E-06  0.17295E-05 -0.79639E-06
  0.18090E+03  0.26901E-06  0.18592E-05 -0.70285E-06
  0.18120E+03  0.24607E-06  0.19753E-05 -0.60093E-06
  0.18150E+03  0.21492E-06  0.20757E-05 -0.49136E-06
  0.18180E+03  0.17649E-06  0.21586E-05 -0.37499E-06
  0.18210E+03  0.13173E-06  0.22224E-05 -0.25279E-06
  0.18240E+03  0.81447E-07  0.22657E-05 -0.12588E-06
  0.18270E+03  0.26351E-07  0.22875E-05  0.44605E-08
  0.18300E+03 -0.32984E-07  0.22873E-05  0.13682E-06
  0.18330E+03 -0.96071E-07  0.22647E-05  0.26967E-06
  0.18360E+03 -0.16245E-06  0.22197E-05  0.40135E-06
  0.18390E+03 -0.23166E-06  0.21525E-05  0.53011E-06
  0.18420E+03 -0.30315E-06  0.20637E-05  0.65410E-06
  0.18450E+03 -0.37632E-06  0.19537E-05  0.77139E-06
  0.18480E+03 -0.45052E-06  0.18237E-05  0.88008E-06
  0.18510E+03 -0.52502E-06  0.16748E-05  0.97830E-06
  0.18540E+03 -0.59912E-06  0.15084E-05  0.10644E-05
  0.18570E+03 -0.67215E-06  0.13264E-05  0.11370E-05
  0.18600E+03 -0.74346E-06  0.11305E-05  0.11951E-05
  0.18630E+03 -0.81244E-06  0.92283E-06  0.12379E-05
  0.18660E+03 -0.87847E-06  0.70531E-06  0.12649E-05
  0.18690E+03 -0.94088E-06  0.48000E-06  0.12761E-05
  0.18720E+03 -0.99897E-06  0.24894E-06  0.12712E-05
  0.18750E+03 -0.10520E-05  0.14216E-07  0.12506E-05
  0.18780E+03 -0.10992E-05 -0.22201E-06  0.12146E-05
  0.18810E+03 -0.11400E-05 -0.45734E-06  0.11636E-05
  0.18840E+03 -0.11737E-05 -0.68916E-06  0.10984E-05
  0.18870E+03 -0.11999E-05 -0.91451E-06  0.10197E-05
  0.18900E+03 -0.12179E-05 -0.11302E-05  0.92835E-06
  0.18930E+03 -0.12275E-05 -0.13330E-05  0.82534E-06
  0.18960E+03 -0.12281E-05 -0.15194E-05  0.71163E-06
  0.18990E+03 -0.12194E-05 -0.16866E-05  0.58829E-06
  0.19020E+03 -0.12012E-05 -0.18317E-05  0.45644E-06
  0.19050E+03 -0.11732E-05 -0.19524E-05  0.31739E-06
  0.19080E+03 -0.11357E-05 -0.20472E-05  0.17257E-06
  0.19110E+03 -0.10887E-05 -0.21147E-05  0.23637E-07
  0.19140E+03 -0.10327E-05 -0.21542E-05 -0.12763E-06
  0.19170E+03 -0.96825E-06 -0.21654E-05 -0.27934E-06
  0.19200E+03 -0.89618E-06 -0.21484E-05 -0.42956E-06
  0.19230E+03 -0.81733E-06 -0.21034E-05 -0.57639E-06
  0.19260E+03 -0.73260E-06 -0.20310E-05 -0.71798E-06
  0.19290E+03 -0.64284E-06 -0.19322E-05 -0.85257E-06
  0.19320E+03 -0.54876E-06 -0.18083E-05 -0.97853E-06
  0.19350E+03 -0.45095E-06 -0.16607E-05 -0.10943E-05
  0.19380E+03 -0.34984E-06 -0.14914E-05 -0.11986E-05
  0.19410E+03 -0.24577E-06 -0.13023E-05 -0.12901E-05
  0.19440E+03 -0.13903E-06 -0.10957E-05 -0.13676E-05
  0.19470E+03 -0.29929E-07 -0.87390E-06 -0.14303E-05
  0.19500E+03  0.81151E-07 -0.63928E-06 -0.14774E-05
  0.19530E+03  0.19369E-06 -0.39428E-06 -0.15083E-05
  0.19560E+03  0.30698E-06 -0.14144E-06 -0.15228E-05
  0.19590E+03  0.42005E-06  0.11660E-06 -0.15209E-05
  0.19620E+03  0.53171E-06  0.37706E-06 -0.15029E-05
  0.19650E+03  0.64053E-06  0.63698E-06 -0.14694E-05
  0.19680E+03  0.74502E-06  0.89331E-06 -0.14211E-05
  0.19710E+03  0.84369E-06  0.11428E-05 -0.13591E-05
  0.19740E+03  0.93521E-06  0.13822E-05 -0.12846E-05
  0.19770E+03  0.10184E-05  0.16081E-05 -0.11989E-05
  0.19800E+03  0.10925E-05  0.18172E-05 -0.11034E-05
  0.19830E+03  0.11565E-05  0.20064E-05 -0.99930E-06
  0.19860E+03  0.12100E-05  0.21728E-05 -0.88805E-06
  0.19890E+03  0.12525E-05  0.23142E-05 -0.77083E-06
  0.19920E+03  0.12835E-05  0.24288E-05 -0.64877E-06
  0.19950E+03  0.13026E-05  0.25153E-05 -0.52295E-06
  0.19980E+03  0.13098E-05  0.25731E-05 -0.39435E-06
  0.20010E+03  0.13049E-05  0.26021E-05 -0.26397E-06
  0.20040E+03  0.12881E-05  0.26024E-05 -0.13283E-06
  0.20070E+03  0.12595E-05  0.25745E-05 -0.19942E-08
  0.20100E+03  0.12194E-05  0.25190E-05  0.12742E-06
  0.20130E+03  0.11684E-05  0.24365E-05  0.25425E-06
  0.20160E+03  0.11068E-05  0.23278E-05  0.37733E-06
  0.20190E+03  0.10351E-05  0.21939E-05  0.49555E-06
  0.20220E+03  0.95369E-06  0.20360E-05  0.60786E-06
  0.20250E+03  0.86303E-06  0.18555E-05  0.71335E-06
  0.20280E+03  0.76347E-06  0.16544E-05  0.81119E-06
  0.20310E+03  0.65543E-06  0.14346E-05  0.90061E-06
  0.20340E+03  0.53943E-06  0.11986E-05  0.98087E-06
  0.20370E+03  0.41622E-06  0.94917E-06  0.10512E-05
  0.20400E+03  0.28683E-06  0.68916E-06  0.11110E-05
  0.20430E+03  0.15269E-06  0.42180E-06  0.11594E-05
  0.20460E+03  0.15658E-07  0.15045E-06  0.11962E-05
  0.20490E+03 -0.12207E-06 -0.12145E-06  0.12210E-05
  0.20520E+03 -0.25803E-06 -0.39053E-06  0.12339E-05
  0.20550E+03 -0.38967E-06 -0.65348E-06  0.12352E-05
  0.20580E+03 -0.51457E-06 -0.90722E-06  0.12253E-05
  0.20610E+03 -0.63055E-06 -0.11489E-05  0.12050E-05
  0.20640E+03 -0.73583E-06 -0.13758E-05  0.11751E-05
  0.20670E+03 -0.82905E-06 -0.15856E-05  0.11363E-05
  0.20700E+03 -0.90930E-06 -0.17762E-05  0.10895E-05
  0.20730E+03 -0.97598E-06 -0.19457E-05  0.10354E-05
  0.20760E+03 -0.10288E-05 -0.20924E-05  0.97480E-06
  0.20790E+03 -0.10676E-05 -0.22147E-05  0.90863E-06
  0.20820E+03 -0.10923E-05 -0.23114E-05  0.83774E-06
  0.20850E+03 -0.11028E-05 -0.23819E-05  0.76305E-06
  0.20880E+03 -0.10990E-05 -0.24256E-05  0.68550E-06
  0.20910E+03 -0.10808E-05 -0.24427E-05  0.60603E-06
  0.20940E+03 -0.10480E-05 -0.24339E-05  0.52551E-06
  0.20970E+03 -0.10005E-05 -0.24002E-05  0.44480E-06
  0.21000E+03 -0.93852E-06 -0.23432E-05  0.36464E-06
  0.21030E+03 -0.86247E-06 -0.22648E-05  0.28573E-06
  0.21060E+03 -0.77314E-06 -0.21675E-05  0.20872E-06
  0.21090E+03 -0.67163E-06 -0.20535E-05  0.13425E-06
  0.21120E+03 -0.55930E-06 -0.19257E-05  0.62975E-07
  0.21150E+03 -0.43762E-06 -0.17868E-05 -0.44748E-08
  0.21180E+03 -0.30815E-06 -0.16393E-05 -0.67480E-07
  0.21210E+03 -0.17243E-06 -0.14859E-05 -0.12550E-06
  0.21240E+03 -0.32051E-07 -0.13286E-05 -0.17811E-06
  0.21270E+03  0.11138E-06 -0.11696E-05 -0.22505E-06
  0.21300E+03  0.25611E-06 -0.10103E-05 -0.26626E-06
  0.21330E+03  0.40032E-06 -0.85208E-06 -0.30191E-06
  0.21360E+03  0.54211E-06 -0.69611E-06 -0.33233E-06
  0.21390E+03  0.67961E-06 -0.54341E-06 -0.35800E-06
  0.21420E+03  0.81105E-06 -0.39504E-06 -0.37942E-06
  0.21450E+03  0.93481E-06 -0.25211E-06 -0.39709E-06
  0.21480E+03  0.10494E-05 -0.11580E-06 -0.41139E-06
  0.21510E+03  0.11537E-05  0.12637E-07 -0.42261E-06
  0.21540E+03  0.12463E-05  0.13195E-06 -0.43091E-06
  0.21570E+03  0.13262E-05  0.24094E-06 -0.43636E-06
  0.21600E+03  0.13923E-05  0.33855E-06 -0.43898E-06
  0.21630E+03  0.14433E-05  0.42396E-06 -0.43874E-06
  0.21660E+03  0.14783E-05  0.49664E-06 -0.43565E-06
  0.21690E+03  0.14962E-05  0.55645E-06 -0.42974E-06
  0.21720E+03  0.14960E-05  0.60368E-06 -0.42112E-06
  0.21750E+03  0.14773E-05  0.63901E-06 -0.41004E-06
  0.21780E+03  0.14397E-05  0.66351E-06 -0.39683E-06
  0.21810E+03  0.13835E-05  0.67849E-06 -0.38196E-06
  0.21840E+03  0.13090E-05  0.68545E-06 -0.36598E-06
  0.21870E+03  0.12171E-05  0.68595E-06 -0.34948E-06
  0.21900E+03  0.11088E-05  0.68157E-06 -0.33306E-06
  0.21930E+03  0.98540E-06  0.67383E-06 -0.31726E-06
  0.21960E+03  0.84821E-06  0.66417E-06 -0.30250E-06
  0.21990E+03  0.69859E-06  0.65397E-06 -0.28909E-06
  0.22020E+03  0.53797E-06  0.64450E-06 -0.27725E-06
  0.22050E+03  0.36789E-06  0.63690E-06 -0.26706E-06
  0.22080E+03  0.19002E-06  0.63215E-06 -0.25859E-06
  0.22110E+03  0.61993E-08  0.63104E-06 -0.25185E-06
  0.22140E+03 -0.18153E-06  0.63415E-06 -0.24686E-06
  0.22170E+03 -0.37099E-06  0.64180E-06 -0.24361E-06
  0.22200E+03 -0.55990E-06  0.65405E-06 -0.24214E-06
  0.22230E+03 -0.74601E-06  0.67070E-06 -0.24253E-06
  0.22260E+03 -0.92715E-06  0.69127E-06 -0.24488E-06
  0.22290E+03 -0.11013E-05  0.71508E-06 -0.24933E-06
  0.22320E+03 -0.12667E-05  0.74128E-06 -0.25599E-06
  0.22350E+03 -0.14218E-05  0.76888E-06 -0.26492E-06
  0.22380E+03 -0.15652E-05  0.79686E-06 -0.27599E-06
  0.22410E+03 -0.16957E-05  0.82424E-06 -0.28890E-06
  0.22440E+03 -0.18121E-05  0.85013E-06 -0.30309E-06
  0.22470E+03 -0.19133E-05  0.87381E-06 -0.31779E-06
  0.22500E+03 -0.19984E-05  0.89473E-06 -0.33202E-06
  0.22530E+03 -0.20662E-05  0.91252E-06 -0.34471E-06
  0.22560E+03 -0.21160E-05  0.92693E-06 -0.35477E-06
  0.22590E+03 -0.21471E-05  0.93776E-06 -0.36119E-06
  0.22620E+03 -0.21590E-05  0.94481E-06 -0.36310E-06
  0.22650E+03 -0.21516E-05  0.94776E-06 -0.35986E-06
  0.22680E+03 -0.21253E-05  0.94616E-06 -0.35103E-06
  0.22710E+03 -0.20806E-05  0.93937E-06 -0.33637E-06
  0.22740E+03 -0.20184E-05  0.92659E-06 -0.31583E-06
  0.22770E+03 -0.19396E-05  0.90696E-06 -0.28949E-06
  0.22800E+03 -0.18454E-05  0.87968E-06 -0.25751E-06
  0.22830E+03 -0.17369E-05  0.84406E-06 -0.22016E-06
  0.22860E+03 -0.16152E-05  0.79973E-06 -0.17775E-06
  0.22890E+03 -0.14811E-05  0.74660E-06 -0.13062E-06
  0.22920E+03 -0.13355E-05  0.68495E-06 -0.79189E-07
  0.22950E+03 -0.11791E-05  0.61534E-06 -0.23926E-07
  0.22980E+03 -0.10127E-05  0.53862E-06  0.34596E-07
  0.23010E+03 -0.83720E-06  0.45579E-06  0.95659E-07
  0.23040E+03 -0.65347E-06  0.36804E-06  0.15837E-06
  0.23070E+03 -0.46267E-06  0.27661E-06  0.22166E-06
  0.23100E+03 -0.26610E-06  0.18282E-06  0.28430E-06
  0.23130E+03 -0.65202E-07  0.87978E-07  0.34496E-06
  0.23160E+03  0.13848E-06 -0.65814E-08  0.40232E-06
  0.23190E+03  0.34338E-06 -0.99593E-07  0.45516E-06
  0.23220E+03  0.54789E-06 -0.18986E-06  0.50243E-06
  0.23250E+03  0.75042E-06 -0.27628E-06  0.54334E-06
  0.23280E+03  0.94933E-06 -0.35785E-06  0.57734E-06
  0.23310E+03  0.11429E-05 -0.43370E-06  0.60416E-06
  0.23340E+03  0.13294E-05 -0.50313E-06  0.62375E-06
  0.23370E+03  0.15069E-05 -0.56558E-06  0.63627E-06
  0.23400E+03  0.16735E-05 -0.62075E-06  0.64198E-06
  0.23430E+03  0.18273E-05 -0.66853E-06  0.64122E-06
  0.23460E+03  0.19665E-05 -0.70902E-06  0.63438E-06
  0.23490E+03  0.20896E-05 -0.74246E-06  0.62179E-06
  0.23520E+03  0.21952E-05 -0.76921E-06  0.60377E-06
  0.23550E+03  0.22821E-05 -0.78965E-06  0.58056E-06
  0.23580E+03  0.23496E-05 -0.80417E-06  0.55238E-06
  0.23610E+03  0.23970E-05 -0.81311E-06  0.51944E-06
  0.23640E+03  0.24239E-05 -0.81675E-06  0.48198E-06
  0.23670E+03  0.24302E-05 -0.81542E-06  0.44034E-06
  0.23700E+03  0.24158E-05 -0.80942E-06  0.39499E-06
  0.23730E+03  0.23812E-05 -0.79916E-06  0.34653E-06
  0.23760E+03  0.23269E-05 -0.78506E-06  0.29576E-06
  0.23790E+03  0.22539E-05 -0.76762E-06  0.24355E-06
  0.23820E+03  0.21633E-05 -0.74733E-06  0.19089E-06
  0.23850E+03  0.20567E-05 -0.72468E-06  0.13873E-06
  0.23880E+03  0.19358E-05 -0.70013E-06  0.88016E-07
  0.23910E+03  0.18022E-05 -0.67408E-06  0.39613E-07
  0.23940E+03  0.16577E-05 -0.64688E-06 -0.57221E-08
  0.23970E+03  0.15038E-05 -0.61881E-06 -0.47359E-07
  0.24000E+03  0.13419E-05 -0.59009E-06 -0.84824E-07
  0.24030E+03  0.11731E-05 -0.56085E-06 -0.11782E-06
  0.24060E+03  0.99836E-06 -0.53117E-06 -0.14622E-06
  0.24090E+03  0.81873E-06 -0.50108E-06 -0.17009E-06
  0.24120E+03  0.63520E-06 -0.47058E-06 -0.18965E-06
  0.24150E+03  0.44893E-06 -0.43971E-06 -0.20525E-06
  0.24180E+03  0.26133E-06 -0.40856E-06 -0.21731E-06
  0.24210E+03  0.74046E-07 -0.37736E-06 -0.22628E-06
  0.24240E+03 -0.11102E-06 -0.34644E-06 -0.23257E-06
  0.24270E+03 -0.29183E-06 -0.31623E-06 -0.23651E-06
  0.24300E+03 -0.46624E-06 -0.28726E-06 -0.23835E-06
  0.24330E+03 -0.63215E-06 -0.26007E-06 -0.23826E-06
  0.24360E+03 -0.78755E-06 -0.23519E-06 -0.23634E-06
  0.24390E+03 -0.93063E-06 -0.21308E-06 -0.23267E-06
  0.24420E+03 -0.10598E-05 -0.19412E-06 -0.22734E-06
  0.24450E+03 -0.11737E-05 -0.17859E-06 -0.22044E-06
  0.24480E+03 -0.12714E-05 -0.16667E-06 -0.21208E-06
  0.24510E+03 -0.13522E-05 -0.15849E-06 -0.20236E-06
  0.24540E+03 -0.14159E-05 -0.15408E-06 -0.19138E-06
  0.24570E+03 -0.14624E-05 -0.15348E-06 -0.17922E-06
  0.24600E+03 -0.14921E-05 -0.15665E-06 -0.16595E-06
  0.24630E+03 -0.15057E-05 -0.16348E-06 -0.15164E-06
  0.24660E+03 -0.15039E-05 -0.17378E-06 -0.13641E-06
  0.24690E+03 -0.14878E-05 -0.18720E-06 -0.12049E-06
  0.24720E+03 -0.14584E-05 -0.20319E-06 -0.10418E-06
  0.24750E+03 -0.14171E-05 -0.22106E-06 -0.87957E-07
  0.24780E+03 -0.13649E-05 -0.23993E-06 -0.72362E-07
  0.24810E+03 -0.13033E-05 -0.25883E-06 -0.58028E-07
  0.24840E+03 -0.12336E-05 -0.27671E-06 -0.45591E-07
  0.24870E+03 -0.11570E-05 -0.29257E-06 -0.35621E-07
  0.24900E+03 -0.10749E-05 -0.30546E-06 -0.28546E-07
  0.24930E+03 -0.98858E-06 -0.31454E-06 -0.24592E-07
  0.24960E+03 -0.89925E-06 -0.31909E-06 -0.23754E-07
  0.24990E+03 -0.80819E-06 -0.31855E-06 -0.25796E-07
  0.25020E+03 -0.71667E-06 -0.31254E-06 -0.30285E-07
  0.25050E+03 -0.62596E-06 -0.30083E-06 -0.36651E-07
  0.25080E+03 -0.53725E-06 -0.28336E-06 -0.44251E-07
  0.25110E+03 -0.45167E-06 -0.26021E-06 -0.52433E-07
  0.25140E+03 -0.37019E-06 -0.23161E-06 -0.60588E-07
  0.25170E+03 -0.29362E-06 -0.19790E-06 -0.68189E-07
  0.25200E+03 -0.22255E-06 -0.15947E-06 -0.74818E-07
  0.25230E+03 -0.15742E-06 -0.11678E-06 -0.80178E-07
  0.25260E+03 -0.98476E-07 -0.70244E-07 -0.84097E-07
  0.25290E+03 -0.45844E-07 -0.20270E-07 -0.86514E-07
  0.25320E+03  0.49102E-09  0.32822E-07 -0.87444E-07
  0.25350E+03  0.40668E-07  0.88784E-07 -0.86945E-07
  0.25380E+03  0.74942E-07  0.14743E-06 -0.85069E-07
  0.25410E+03  0.10368E-06  0.20858E-06 -0.81828E-07
  0.25440E+03  0.12732E-06  0.27206E-06 -0.77179E-07
  0.25470E+03  0.14637E-06  0.33761E-06 -0.71027E-07
  0.25500E+03  0.16134E-06  0.40492E-06 -0.63243E-07
  0.25530E+03  0.17270E-06  0.47365E-06 -0.53706E-07
  0.25560E+03  0.18090E-06  0.54343E-06 -0.42339E-07
  0.25590E+03  0.18633E-06  0.61394E-06 -0.29157E-07
  0.25620E+03  0.18931E-06  0.68492E-06 -0.14298E-07
  0.25650E+03  0.19011E-06  0.75614E-06  0.19608E-08
  0.25680E+03  0.18896E-06  0.82740E-06  0.19207E-07
  0.25710E+03  0.18602E-06  0.89843E-06  0.36922E-07
  0.25740E+03  0.18144E-06  0.96885E-06  0.54524E-07
  0.25770E+03  0.17535E-06  0.10382E-05  0.71418E-07
  0.25800E+03  0.16787E-06  0.11057E-05  0.87048E-07
  0.25830E+03  0.15914E-06  0.11707E-05  0.10093E-06
  0.25860E+03  0.14932E-06  0.12323E-05  0.11265E-06
  0.25890E+03  0.13859E-06  0.12897E-05  0.12190E-06
  0.25920E+03  0.12717E-06  0.13419E-05  0.12843E-06
  0.25950E+03  0.11537E-06  0.13880E-05  0.13210E-06
  0.25980E+03  0.10357E-06  0.14271E-05  0.13279E-06
  0.26010E+03  0.92194E-07  0.14580E-05  0.13053E-06
  0.26040E+03  0.81691E-07  0.14795E-05  0.12538E-06
  0.26070E+03  0.72456E-07  0.14904E-05  0.11752E-06
  0.26100E+03  0.64783E-07  0.14893E-05  0.10720E-06
  0.26130E+03  0.58834E-07  0.14749E-05  0.94690E-07
  0.26160E+03  0.54651E-07  0.14459E-05  0.80301E-07
  0.26190E+03  0.52189E-07  0.14013E-05  0.64317E-07
  0.26220E+03  0.51367E-07  0.13404E-05  0.46993E-07
  0.26250E+03  0.52117E-07  0.12631E-05  0.28541E-07
  0.26280E+03  0.54401E-07  0.11694E-05  0.91313E-08
  0.26310E+03  0.58222E-07  0.10601E-05 -0.11098E-07
  0.26340E+03  0.63601E-07  0.93611E-06 -0.32019E-07
  0.26370E+03  0.70545E-07  0.79862E-06 -0.53497E-07
  0.26400E+03  0.79034E-07  0.64908E-06 -0.75368E-07
  0.26430E+03  0.89011E-07  0.48902E-06 -0.97427E-07
  0.26460E+03  0.10040E-06  0.31998E-06 -0.11942E-06
  0.26490E+03  0.11313E-06  0.14354E-06 -0.14106E-06
  0.26520E+03  0.12717E-06 -0.38717E-07 -0.16203E-06
  0.26550E+03  0.14248E-06 -0.22516E-06 -0.18200E-06
  0.26580E+03  0.15907E-06 -0.41409E-06 -0.20064E-06
  0.26610E+03  0.17688E-06 -0.60375E-06 -0.21765E-06
  0.26640E+03  0.19580E-06 -0.79228E-06 -0.23270E-06
  0.26670E+03  0.21561E-06 -0.97773E-06 -0.24548E-06
  0.26700E+03  0.23596E-06 -0.11581E-05 -0.25563E-06
  0.26730E+03  0.25643E-06 -0.13313E-05 -0.26280E-06
  0.26760E+03  0.27652E-06 -0.14952E-05 -0.26660E-06
  0.26790E+03  0.29565E-06 -0.16480E-05 -0.26664E-06
  0.26820E+03  0.31320E-06 -0.17876E-05 -0.26254E-06
  0.26850E+03  0.32853E-06 -0.19126E-05 -0.25397E-06
  0.26880E+03  0.34094E-06 -0.20213E-05 -0.24065E-06
  0.26910E+03  0.34972E-06 -0.21127E-05 -0.22245E-06
  0.26940E+03  0.35416E-06 -0.21858E-05 -0.19939E-06
  0.26970E+03  0.35365E-06 -0.22398E-05 -0.17165E-06
  0.27000E+03  0.34770E-06 -0.22742E-05 -0.13958E-06
  0.27030E+03  0.33604E-06 -0.22883E-05 -0.10363E-06
  0.27060E+03  0.31862E-06 -0.22818E-05 -0.64319E-07
  0.27090E+03  0.29566E-06 -0.22546E-05 -0.22192E-07
  0.27120E+03  0.26761E-06 -0.22066E-05  0.22207E-07
  0.27150E+03  0.23515E-06 -0.21379E-05  0.68342E-07
  0.27180E+03  0.19907E-06 -0.20490E-05  0.11568E-06
  0.27210E+03  0.16026E-06 -0.19404E-05  0.16366E-06
  0.27240E+03  0.11964E-06 -0.18132E-05  0.21172E-06
  0.27270E+03  0.78119E-07 -0.16684E-05  0.25923E-06
  0.27300E+03  0.36570E-07 -0.15074E-05  0.30556E-06
  0.27330E+03 -0.41872E-08 -0.13319E-05  0.35008E-06
  0.27360E+03 -0.43379E-07 -0.11438E-05  0.39221E-06
  0.27390E+03 -0.80278E-07 -0.94512E-06  0.43145E-06
  0.27420E+03 -0.11421E-06 -0.73811E-06  0.46734E-06
  0.27450E+03 -0.14457E-06 -0.52511E-06  0.49954E-06
  0.27480E+03 -0.17083E-06 -0.30855E-06  0.52769E-06
  0.27510E+03 -0.19259E-06 -0.90828E-07  0.55148E-06
  0.27540E+03 -0.20956E-06  0.12569E-06  0.57053E-06
  0.27570E+03 -0.22157E-06  0.33874E-06  0.58448E-06
  0.27600E+03 -0.22851E-06  0.54619E-06  0.59294E-06
  0.27630E+03 -0.23034E-06  0.74605E-06  0.59558E-06
  0.27660E+03 -0.22707E-06  0.93647E-06  0.59214E-06
  0.27690E+03 -0.21869E-06  0.11157E-05  0.58247E-06
  0.27720E+03 -0.20527E-06  0.12822E-05  0.56654E-06
  0.27750E+03 -0.18693E-06  0.14344E-05  0.54445E-06
  0.27780E+03 -0.16393E-06  0.15708E-05  0.51639E-06
  0.27810E+03 -0.13661E-06  0.16900E-05  0.48264E-06
  0.27840E+03 -0.10552E-06  0.17908E-05  0.44357E-06
  0.27870E+03 -0.71324E-07  0.18720E-05  0.39958E-06
  0.27900E+03 -0.34836E-07  0.19328E-05  0.35113E-06
  0.27930E+03  0.30450E-08  0.19725E-05  0.29865E-06
  0.27960E+03  0.41375E-07  0.19911E-05  0.24260E-06
  0.27990E+03  0.79221E-07  0.19886E-05  0.18344E-06
  0.28020E+03  0.11570E-06  0.19657E-05  0.12161E-06
  0.28050E+03  0.15001E-06  0.19232E-05  0.57588E-07
  0.28080E+03  0.18143E-06  0.18625E-05 -0.81157E-08
  0.28110E+03  0.20930E-06  0.17848E-05 -0.74966E-07
  0.28140E+03  0.23305E-06  0.16919E-05 -0.14239E-06
  0.28170E+03  0.25216E-06  0.15852E-05 -0.20981E-06
  0.28200E+03  0.26618E-06  0.14667E-05 -0.27660E-06
  0.28230E+03  0.27475E-06  0.13381E-05 -0.34215E-06
  0.28260E+03  0.27761E-06  0.12012E-05 -0.40581E-06
  0.28290E+03  0.27460E-06  0.10580E-05 -0.46694E-06
  0.28320E+03  0.26573E-06  0.91015E-06 -0.52485E-06
  0.28350E+03  0.25112E-06  0.75963E-06 -0.57887E-06
  0.28380E+03  0.23106E-06  0.60824E-06 -0.62829E-06
  0.28410E+03  0.20598E-06  0.45781E-06 -0.67247E-06
  0.28440E+03  0.17641E-06  0.31021E-06 -0.71078E-06
  0.28470E+03  0.14297E-06  0.16728E-06 -0.74268E-06
  0.28500E+03  0.10626E-06  0.30853E-07 -0.76768E-06
  0.28530E+03  0.66843E-07 -0.97319E-07 -0.78544E-06
  0.28560E+03  0.25164E-07 -0.21559E-06 -0.79568E-06
  0.28590E+03 -0.18449E-07 -0.32248E-06 -0.79826E-06
  0.28620E+03 -0.63786E-07 -0.41669E-06 -0.79312E-06
  0.28650E+03 -0.11071E-06 -0.49717E-06 -0.78031E-06
  0.28680E+03 -0.15914E-06 -0.56313E-06 -0.75994E-06
  0.28710E+03 -0.20898E-06 -0.61406E-06 -0.73220E-06
  0.28740E+03 -0.26015E-06 -0.64970E-06 -0.69736E-06
  0.28770E+03 -0.31252E-06 -0.67009E-06 -0.65579E-06
  0.28800E+03 -0.36591E-06 -0.67557E-06 -0.60798E-06
  0.28830E+03 -0.42004E-06 -0.66670E-06 -0.55451E-06
  0.28860E+03 -0.47454E-06 -0.64431E-06 -0.49613E-06
  0.28890E+03 -0.52887E-06 -0.60947E-06 -0.43365E-06
  0.28920E+03 -0.58240E-06 -0.56340E-06 -0.36798E-06
  0.28950E+03 -0.63434E-06 -0.50748E-06 -0.30005E-06
  0.28980E+03 -0.68388E-06 -0.44322E-06 -0.23078E-06
  0.29010E+03 -0.73015E-06 -0.37224E-06 -0.16110E-06
  0.29040E+03 -0.77230E-06 -0.29624E-06 -0.91855E-07
  0.29070E+03 -0.80953E-06 -0.21698E-06 -0.23833E-07
  0.29100E+03 -0.84109E-06 -0.13623E-06  0.42277E-07
  0.29130E+03 -0.86629E-06 -0.55763E-07  0.10590E-06
  0.29160E+03 -0.88451E-06  0.22758E-07  0.16658E-06
  0.29190E+03 -0.89520E-06  0.97787E-07  0.22397E-06
  0.29220E+03 -0.89785E-06  0.16796E-06  0.27784E-06
  0.29250E+03 -0.89205E-06  0.23210E-06  0.32799E-06
  0.29280E+03 -0.87748E-06  0.28925E-06  0.37428E-06
  0.29310E+03 -0.85387E-06  0.33861E-06  0.41658E-06
  0.29340E+03 -0.82107E-06  0.37956E-06  0.45471E-06
  0.29370E+03 -0.77903E-06  0.41160E-06  0.48849E-06
  0.29400E+03 -0.72782E-06  0.43438E-06  0.51770E-06
  0.29430E+03 -0.66768E-06  0.44765E-06  0.54210E-06
  0.29460E+03 -0.59904E-06  0.45129E-06  0.56151E-06
  0.29490E+03 -0.52257E-06  0.44532E-06  0.57579E-06
  0.29520E+03 -0.43917E-06  0.42984E-06  0.58489E-06
  0.29550E+03 -0.34998E-06  0.40502E-06  0.58891E-06
  0.29580E+03 -0.25633E-06  0.37111E-06  0.58802E-06
  0.29610E+03 -0.15968E-06  0.32842E-06  0.58253E-06
  0.29640E+03 -0.61522E-07  0.27736E-06  0.57281E-06
  0.29670E+03  0.36633E-07  0.21840E-06  0.55926E-06
  0.29700E+03  0.13337E-06  0.15211E-06  0.54228E-06
  0.29730E+03  0.22736E-06  0.79171E-07  0.52221E-06
  0.29760E+03  0.31745E-06  0.35985E-09  0.49931E-06
  0.29790E+03  0.40260E-06 -0.83483E-07  0.47376E-06
  0.29820E+03  0.48191E-06 -0.17147E-06  0.44565E-06
  0.29850E+03  0.55458E-06 -0.26271E-06  0.41506E-06
  0.29880E+03  0.61992E-06 -0.35626E-06  0.38204E-06
  0.29910E+03  0.67734E-06 -0.45121E-06  0.34669E-06
  0.29940E+03  0.72632E-06 -0.54658E-06  0.30919E-06
  0.29970E+03  0.76649E-06 -0.64136E-06  0.26978E-06
  0.30000E+03  0.79758E-06 -0.73443E-06  0.22883E-06
  0.30030E+03  0.81946E-06 -0.82464E-06  0.18676E-06
  0.30060E+03  0.83219E-06 -0.91075E-06  0.14404E-06
  0.30090E+03  0.83594E-06 -0.99149E-06  0.10114E-06
  0.30120E+03  0.83110E-06 -0.10656E-05  0.58473E-07
  0.30150E+03  0.81819E-06 -0.11318E-05  0.16400E-07
  0.30180E+03  0.79790E-06 -0.11891E-05 -0.24792E-07
  0.30210E+03  0.77105E-06 -0.12365E-05 -0.64867E-07
  0.30240E+03  0.73857E-06 -0.12731E-05 -0.10360E-06
  0.30270E+03  0.70145E-06 -0.12984E-05 -0.14077E-06
  0.30300E+03  0.66069E-06 -0.13118E-05 -0.17609E-06
  0.30330E+03  0.61725E-06 -0.13130E-05 -0.20926E-06
  0.30360E+03  0.57207E-06 -0.13020E-05 -0.23991E-06
  0.30390E+03  0.52600E-06 -0.12786E-05 -0.26767E-06
  0.30420E+03  0.47981E-06 -0.12431E-05 -0.29214E-06
  0.30450E+03  0.43427E-06 -0.11957E-05 -0.31299E-06
  0.30480E+03  0.39008E-06 -0.11369E-05 -0.32992E-06
  0.30510E+03  0.34791E-06 -0.10674E-05 -0.34273E-06
  0.30540E+03  0.30842E-06 -0.98787E-06 -0.35132E-06
  0.30570E+03  0.27221E-06 -0.89934E-06 -0.35570E-06
  0.30600E+03  0.23980E-06 -0.80279E-06 -0.35596E-06
  0.30630E+03  0.21166E-06 -0.69931E-06 -0.35231E-06
  0.30660E+03  0.21413E-06 -0.58485E-06 -0.36430E-06
  0.30690E+03  0.19423E-06 -0.47164E-06 -0.35349E-06
