  0.00000E+00 -0.31035E-09  0.42308E-09  0.50283E-09
  0.30000E+00 -0.87346E-09  0.11915E-08  0.14148E-08
  0.60000E+00 -0.19748E-08  0.26950E-08  0.31984E-08
  0.90000E+00 -0.38510E-08  0.52568E-08  0.62363E-08
  0.12000E+01 -0.67526E-08  0.92195E-08  0.10934E-07
  0.15000E+01 -0.10930E-07  0.14926E-07  0.17698E-07
  0.18000E+01 -0.16622E-07  0.22700E-07  0.26913E-07
  0.21000E+01 -0.24039E-07  0.32833E-07  0.38921E-07
  0.24000E+01 -0.33359E-07  0.45565E-07  0.54007E-07
  0.27000E+01 -0.44710E-07  0.61074E-07  0.72383E-07
  0.30000E+01 -0.58168E-07  0.79462E-07  0.94168E-07
  0.33000E+01 -0.73747E-07  0.10075E-06  0.11939E-06
  0.36000E+01 -0.91396E-07  0.12487E-06  0.14795E-06
  0.39000E+01 -0.11100E-06  0.15165E-06  0.17968E-06
  0.42000E+01 -0.13235E-06  0.18084E-06  0.21425E-06
  0.45000E+01 -0.15521E-06  0.21208E-06  0.25125E-06
  0.48000E+01 -0.17924E-06  0.24493E-06  0.29016E-06
  0.51000E+01 -0.20407E-06  0.27886E-06  0.33034E-06
  0.54000E+01 -0.22923E-06  0.31326E-06  0.37105E-06
  0.57000E+01 -0.25459E-06  0.34716E-06  0.41241E-06
  0.60000E+01 -0.28183E-06  0.37819E-06  0.45770E-06
  0.63000E+01 -0.31573E-06  0.40139E-06  0.51362E-06
  0.66000E+01 -0.36382E-06  0.40941E-06  0.58679E-06
  0.69000E+01 -0.43423E-06  0.39390E-06  0.68080E-06
  0.72000E+01 -0.53402E-06  0.34682E-06  0.79634E-06
  0.75000E+01 -0.66797E-06  0.26118E-06  0.93203E-06
  0.78000E+01 -0.83854E-06  0.13128E-06  0.10849E-05
  0.81000E+01 -0.10460E-05 -0.47277E-07  0.12504E-05
  0.84000E+01 -0.12886E-05 -0.27758E-06  0.14227E-05
  0.87000E+01 -0.15629E-05 -0.56144E-06  0.15948E-05
  0.90000E+01 -0.18632E-05 -0.89946E-06  0.17591E-05
  0.93000E+01 -0.21832E-05 -0.12909E-05  0.19070E-05
  0.96000E+01 -0.25142E-05 -0.17335E-05  0.20295E-05
  0.99000E+01 -0.28467E-05 -0.22242E-05  0.21179E-05
  0.10200E+02 -0.31712E-05 -0.27587E-05  0.21641E-05
  0.10500E+02 -0.34791E-05 -0.33302E-05  0.21621E-05
  0.10800E+02 -0.37650E-05 -0.39258E-05  0.21078E-05
  0.11100E+02 -0.40259E-05 -0.45240E-05  0.20007E-05
  0.11400E+02 -0.42605E-05 -0.51001E-05  0.18421E-05
  0.11700E+02 -0.44675E-05 -0.56295E-05  0.16357E-05
  0.12000E+02 -0.46445E-05 -0.60897E-05  0.13862E-05
  0.12300E+02 -0.47888E-05 -0.64605E-05  0.10988E-05
  0.12600E+02 -0.48964E-05 -0.67240E-05  0.77986E-06
  0.12900E+02 -0.49622E-05 -0.68640E-05  0.43626E-06
  0.13200E+02 -0.49802E-05 -0.68669E-05  0.75500E-07
  0.13500E+02 -0.49436E-05 -0.67219E-05 -0.29419E-06
  0.13800E+02 -0.48450E-05 -0.64210E-05 -0.66438E-06
  0.14100E+02 -0.46775E-05 -0.59597E-05 -0.10272E-05
  0.14400E+02 -0.44345E-05 -0.53374E-05 -0.13754E-05
  0.14700E+02 -0.41102E-05 -0.45567E-05 -0.17027E-05
  0.15000E+02 -0.36993E-05 -0.36237E-05 -0.20037E-05
  0.15300E+02 -0.31973E-05 -0.25484E-05 -0.22741E-05
  0.15600E+02 -0.26003E-05 -0.13433E-05 -0.25104E-05
  0.15900E+02 -0.19056E-05 -0.24040E-07 -0.27099E-05
  0.16200E+02 -0.11124E-05  0.13915E-05 -0.28711E-05
  0.16500E+02 -0.22120E-06  0.28835E-05 -0.29934E-05
  0.16800E+02  0.76549E-06  0.44306E-05 -0.30768E-05
  0.17100E+02  0.18434E-05  0.60102E-05 -0.31226E-05
  0.17400E+02  0.30062E-05  0.75986E-05 -0.31327E-05
  0.17700E+02  0.42460E-05  0.91719E-05 -0.31098E-05
  0.18000E+02  0.55527E-05  0.10706E-04 -0.30576E-05
  0.18300E+02  0.69147E-05  0.12176E-04 -0.29799E-05
  0.18600E+02  0.83186E-05  0.13558E-04 -0.28816E-05
  0.18900E+02  0.97495E-05  0.14830E-04 -0.27677E-05
  0.19200E+02  0.11191E-04  0.15970E-04 -0.26438E-05
  0.19500E+02  0.12625E-04  0.16957E-04 -0.25155E-05
  0.19800E+02  0.14035E-04  0.17775E-04 -0.23882E-05
  0.20100E+02  0.15399E-04  0.18405E-04 -0.22671E-05
  0.20400E+02  0.16701E-04  0.18836E-04 -0.21571E-05
  0.20700E+02  0.17919E-04  0.19055E-04 -0.20627E-05
  0.21000E+02  0.19035E-04  0.19055E-04 -0.19878E-05
  0.21300E+02  0.20028E-04  0.18828E-04 -0.19359E-05
  0.21600E+02  0.20880E-04  0.18374E-04 -0.19095E-05
  0.21900E+02  0.21575E-04  0.17691E-04 -0.19109E-05
  0.22200E+02  0.22096E-04  0.16784E-04 -0.19413E-05
  0.22500E+02  0.22428E-04  0.15656E-04 -0.20013E-05
  0.22800E+02  0.22558E-04  0.14320E-04 -0.20906E-05
  0.23100E+02  0.22475E-04  0.12784E-04 -0.22080E-05
  0.23400E+02  0.22171E-04  0.11065E-04 -0.23513E-05
  0.23700E+02  0.21637E-04  0.91771E-05 -0.25174E-05
  0.24000E+02  0.20872E-04  0.71400E-05 -0.27028E-05
  0.24300E+02  0.19873E-04  0.49763E-05 -0.29028E-05
  0.24600E+02  0.18642E-04  0.27067E-05 -0.31123E-05
  0.24900E+02  0.17182E-04  0.35680E-06 -0.33257E-05
  0.25200E+02  0.15500E-04 -0.20485E-05 -0.35368E-05
  0.25500E+02  0.13605E-04 -0.44844E-05 -0.37393E-05
  0.25800E+02  0.11509E-04 -0.69227E-05 -0.39264E-05
  0.26100E+02  0.92259E-05 -0.93372E-05 -0.40913E-05
  0.26400E+02  0.67726E-05 -0.11701E-04 -0.42274E-05
  0.26700E+02  0.41679E-05 -0.13989E-04 -0.43278E-05
  0.27000E+02  0.14327E-05 -0.16177E-04 -0.43862E-05
  0.27300E+02 -0.14105E-05 -0.18238E-04 -0.43966E-05
  0.27600E+02 -0.43369E-05 -0.20153E-04 -0.43531E-05
  0.27900E+02 -0.73205E-05 -0.21898E-04 -0.42511E-05
  0.28200E+02 -0.10336E-04 -0.23455E-04 -0.40860E-05
  0.28500E+02 -0.13354E-04 -0.24807E-04 -0.38542E-05
  0.28800E+02 -0.16347E-04 -0.25940E-04 -0.35531E-05
  0.29100E+02 -0.19288E-04 -0.26839E-04 -0.31807E-05
  0.29400E+02 -0.22145E-04 -0.27497E-04 -0.27362E-05
  0.29700E+02 -0.24895E-04 -0.27904E-04 -0.22198E-05
  0.30000E+02 -0.27506E-04 -0.28057E-04 -0.16325E-05
  0.30300E+02 -0.29955E-04 -0.27955E-04 -0.97710E-06
  0.30600E+02 -0.32215E-04 -0.27598E-04 -0.25520E-06
  0.30900E+02 -0.34264E-04 -0.26988E-04  0.52670E-06
  0.31200E+02 -0.36078E-04 -0.26133E-04  0.13641E-05
  0.31500E+02 -0.37639E-04 -0.25042E-04  0.22517E-05
  0.31800E+02 -0.38929E-04 -0.23726E-04  0.31812E-05
  0.32100E+02 -0.39934E-04 -0.22197E-04  0.41459E-05
  0.32400E+02 -0.40640E-04 -0.20472E-04  0.51358E-05
  0.32700E+02 -0.41037E-04 -0.18568E-04  0.61423E-05
  0.33000E+02 -0.41119E-04 -0.16504E-04  0.71546E-05
  0.33300E+02 -0.40884E-04 -0.14300E-04  0.81631E-05
  0.33600E+02 -0.40327E-04 -0.11981E-04  0.91580E-05
  0.33900E+02 -0.39453E-04 -0.95651E-05  0.10127E-04
  0.34200E+02 -0.38265E-04 -0.70793E-05  0.11060E-04
  0.34500E+02 -0.36774E-04 -0.45455E-05  0.11946E-04
  0.34800E+02 -0.34987E-04 -0.19902E-05  0.12775E-04
  0.35100E+02 -0.32920E-04  0.56430E-06  0.13535E-04
  0.35400E+02 -0.30587E-04  0.30927E-05  0.14218E-04
  0.35700E+02 -0.28008E-04  0.55734E-05  0.14814E-04
  0.36000E+02 -0.25204E-04  0.79822E-05  0.15315E-04
  0.36300E+02 -0.22195E-04  0.10298E-04  0.15712E-04
  0.36600E+02 -0.19009E-04  0.12501E-04  0.15998E-04
  0.36900E+02 -0.15669E-04  0.14574E-04  0.16169E-04
  0.37200E+02 -0.12205E-04  0.16497E-04  0.16219E-04
  0.37500E+02 -0.86438E-05  0.18256E-04  0.16144E-04
  0.37800E+02 -0.50145E-05  0.19836E-04  0.15941E-04
  0.38100E+02 -0.13466E-05  0.21228E-04  0.15610E-04
  0.38400E+02  0.23295E-05  0.22421E-04  0.15151E-04
  0.38700E+02  0.59853E-05  0.23407E-04  0.14564E-04
  0.39000E+02  0.95898E-05  0.24183E-04  0.13851E-04
  0.39300E+02  0.13117E-04  0.24744E-04  0.13018E-04
  0.39600E+02  0.16537E-04  0.25090E-04  0.12068E-04
  0.39900E+02  0.19824E-04  0.25223E-04  0.11007E-04
  0.40200E+02  0.22953E-04  0.25145E-04  0.98431E-05
  0.40500E+02  0.25902E-04  0.24862E-04  0.85842E-05
  0.40800E+02  0.28648E-04  0.24382E-04  0.72395E-05
  0.41100E+02  0.31172E-04  0.23713E-04  0.58191E-05
  0.41400E+02  0.33456E-04  0.22866E-04  0.43330E-05
  0.41700E+02  0.35486E-04  0.21854E-04  0.27942E-05
  0.42000E+02  0.37247E-04  0.20690E-04  0.12142E-05
  0.42300E+02  0.38731E-04  0.19388E-04 -0.39430E-06
  0.42600E+02  0.39930E-04  0.17964E-04 -0.20195E-05
  0.42900E+02  0.40838E-04  0.16436E-04 -0.36470E-05
  0.43200E+02  0.41453E-04  0.14818E-04 -0.52646E-05
  0.43500E+02  0.41775E-04  0.13129E-04 -0.68586E-05
  0.43800E+02  0.41806E-04  0.11386E-04 -0.84172E-05
  0.44100E+02  0.41550E-04  0.96075E-05 -0.99265E-05
  0.44400E+02  0.41016E-04  0.78111E-05 -0.11375E-04
  0.44700E+02  0.40213E-04  0.60114E-05 -0.12752E-04
  0.45000E+02  0.39151E-04  0.42277E-05 -0.14044E-04
  0.45300E+02  0.37844E-04  0.24746E-05 -0.15244E-04
  0.45600E+02  0.36308E-04  0.76630E-06 -0.16340E-04
  0.45900E+02  0.34559E-04 -0.88180E-06 -0.17327E-04
  0.46200E+02  0.32614E-04 -0.24568E-05 -0.18194E-04
  0.46500E+02  0.30495E-04 -0.39478E-05 -0.18936E-04
  0.46800E+02  0.28219E-04 -0.53430E-05 -0.19548E-04
  0.47100E+02  0.25810E-04 -0.66351E-05 -0.20026E-04
  0.47400E+02  0.23287E-04 -0.78141E-05 -0.20366E-04
  0.47700E+02  0.20673E-04 -0.88748E-05 -0.20569E-04
  0.48000E+02  0.17991E-04 -0.98129E-05 -0.20631E-04
  0.48300E+02  0.15261E-04 -0.10624E-04 -0.20555E-04
  0.48600E+02  0.12507E-04 -0.11306E-04 -0.20342E-04
  0.48900E+02  0.97470E-05 -0.11859E-04 -0.19995E-04
  0.49200E+02  0.70054E-05 -0.12283E-04 -0.19518E-04
  0.49500E+02  0.42992E-05 -0.12581E-04 -0.18916E-04
  0.49800E+02  0.16476E-05 -0.12755E-04 -0.18195E-04
  0.50100E+02 -0.93080E-06 -0.12811E-04 -0.17362E-04
  0.50400E+02 -0.34203E-05 -0.12753E-04 -0.16425E-04
  0.50700E+02 -0.58054E-05 -0.12589E-04 -0.15392E-04
  0.51000E+02 -0.80726E-05 -0.12325E-04 -0.14273E-04
  0.51300E+02 -0.10211E-04 -0.11971E-04 -0.13076E-04
  0.51600E+02 -0.12207E-04 -0.11533E-04 -0.11813E-04
  0.51900E+02 -0.14054E-04 -0.11023E-04 -0.10493E-04
  0.52200E+02 -0.15744E-04 -0.10448E-04 -0.91273E-05
  0.52500E+02 -0.17272E-04 -0.98209E-05 -0.77268E-05
  0.52800E+02 -0.18633E-04 -0.91488E-05 -0.63023E-05
  0.53100E+02 -0.19825E-04 -0.84430E-05 -0.48647E-05
  0.53400E+02 -0.20846E-04 -0.77132E-05 -0.34248E-05
  0.53700E+02 -0.21698E-04 -0.69696E-05 -0.19930E-05
  0.54000E+02 -0.22382E-04 -0.62209E-05 -0.57890E-06
  0.54300E+02 -0.22902E-04 -0.54755E-05  0.80687E-06
  0.54600E+02 -0.23263E-04 -0.47426E-05  0.21551E-05
  0.54900E+02 -0.23470E-04 -0.40298E-05  0.34572E-05
  0.55200E+02 -0.23529E-04 -0.33449E-05  0.47062E-05
  0.55500E+02 -0.23449E-04 -0.26937E-05  0.58931E-05
  0.55800E+02 -0.23237E-04 -0.20811E-05  0.70126E-05
  0.56100E+02 -0.22903E-04 -0.15139E-05  0.80585E-05
  0.56400E+02 -0.22457E-04 -0.99400E-06  0.90248E-05
  0.56700E+02 -0.21910E-04 -0.52650E-06  0.99080E-05
  0.57000E+02 -0.21269E-04 -0.11270E-06  0.10705E-04
  0.57300E+02 -0.20547E-04  0.24640E-06  0.11411E-04
  0.57600E+02 -0.19755E-04  0.54860E-06  0.12026E-04
  0.57900E+02 -0.18904E-04  0.79470E-06  0.12549E-04
  0.58200E+02 -0.18002E-04  0.98600E-06  0.12980E-04
  0.58500E+02 -0.17060E-04  0.11243E-05  0.13318E-04
  0.58800E+02 -0.16088E-04  0.12109E-05  0.13566E-04
  0.59100E+02 -0.15096E-04  0.12489E-05  0.13724E-04
  0.59400E+02 -0.14092E-04  0.12420E-05  0.13796E-04
  0.59700E+02 -0.13085E-04  0.11946E-05  0.13785E-04
  0.60000E+02 -0.12081E-04  0.11104E-05  0.13695E-04
  0.60300E+02 -0.11089E-04  0.99438E-06  0.13529E-04
  0.60600E+02 -0.10113E-04  0.85128E-06  0.13292E-04
  0.60900E+02 -0.91597E-05  0.68637E-06  0.12990E-04
  0.61200E+02 -0.82335E-05  0.50493E-06  0.12628E-04
  0.61500E+02 -0.73383E-05  0.31230E-06  0.12210E-04
  0.61800E+02 -0.64774E-05  0.11371E-06  0.11743E-04
  0.62100E+02 -0.56529E-05 -0.85698E-07  0.11233E-04
  0.62400E+02 -0.48667E-05 -0.28088E-06  0.10685E-04
  0.62700E+02 -0.41199E-05 -0.46723E-06  0.10105E-04
  0.63000E+02 -0.34125E-05 -0.64010E-06  0.94992E-05
  0.63300E+02 -0.27448E-05 -0.79556E-06  0.88728E-05
  0.63600E+02 -0.21152E-05 -0.92971E-06  0.82315E-05
  0.63900E+02 -0.15234E-05 -0.10394E-05  0.75804E-05
  0.64200E+02 -0.96743E-06 -0.11217E-05  0.69246E-05
  0.64500E+02 -0.44580E-06 -0.11745E-05  0.62688E-05
  0.64800E+02  0.45400E-07 -0.11957E-05  0.56173E-05
  0.65100E+02  0.50810E-06 -0.11842E-05  0.49743E-05
  0.65400E+02  0.94510E-06 -0.11391E-05  0.43432E-05
  0.65700E+02  0.13586E-05 -0.10602E-05  0.37275E-05
  0.66000E+02  0.17519E-05 -0.94793E-06  0.31301E-05
  0.66300E+02  0.21282E-05 -0.80300E-06  0.25535E-05
  0.66600E+02  0.24906E-05 -0.62651E-06  0.19998E-05
  0.66900E+02  0.28415E-05 -0.42032E-06  0.14705E-05
  0.67200E+02  0.31834E-05 -0.18660E-06  0.96702E-06
  0.67500E+02  0.35188E-05  0.72170E-07  0.49039E-06
  0.67800E+02  0.38498E-05  0.35312E-06  0.41130E-07
  0.68100E+02  0.41782E-05  0.65300E-06 -0.38043E-06
  0.68400E+02  0.45055E-05  0.96850E-06 -0.77453E-06
  0.68700E+02  0.48328E-05  0.12958E-05 -0.11413E-05
  0.69000E+02  0.51609E-05  0.16312E-05 -0.14817E-05
  0.69300E+02  0.54904E-05  0.19709E-05 -0.17961E-05
  0.69600E+02  0.58212E-05  0.23107E-05 -0.20860E-05
  0.69900E+02  0.61530E-05  0.26467E-05 -0.23525E-05
  0.70200E+02  0.64852E-05  0.29750E-05 -0.25967E-05
  0.70500E+02  0.68168E-05  0.32918E-05 -0.28204E-05
  0.70800E+02  0.71464E-05  0.35934E-05 -0.30249E-05
  0.71100E+02  0.74725E-05  0.38762E-05 -0.32119E-05
  0.71400E+02  0.77931E-05  0.41370E-05 -0.33830E-05
  0.71700E+02  0.81061E-05  0.43726E-05 -0.35397E-05
  0.72000E+02  0.84088E-05  0.45804E-05 -0.36835E-05
  0.72300E+02  0.86986E-05  0.47579E-05 -0.38160E-05
  0.72600E+02  0.89739E-05  0.49031E-05 -0.39384E-05
  0.72900E+02  0.92305E-05  0.50143E-05 -0.40521E-05
  0.73200E+02  0.94666E-05  0.50899E-05 -0.41581E-05
  0.73500E+02  0.96800E-05  0.51293E-05 -0.42575E-05
  0.73800E+02  0.98654E-05  0.51316E-05 -0.43511E-05
  0.74100E+02  0.10023E-04  0.50969E-05 -0.44396E-05
  0.74400E+02  0.10148E-04  0.50255E-05 -0.45234E-05
  0.74700E+02  0.10239E-04  0.49176E-05 -0.46030E-05
  0.75000E+02  0.10294E-04  0.47745E-05 -0.46786E-05
  0.75300E+02  0.10311E-04  0.45973E-05 -0.47501E-05
  0.75600E+02  0.10287E-04  0.43880E-05 -0.48173E-05
  0.75900E+02  0.10221E-04  0.41484E-05 -0.48801E-05
  0.76200E+02  0.10114E-04  0.38806E-05 -0.49379E-05
  0.76500E+02  0.99625E-05  0.35873E-05 -0.49902E-05
  0.76800E+02  0.97674E-05  0.32708E-05 -0.50363E-05
  0.77100E+02  0.95282E-05  0.29338E-05 -0.50756E-05
  0.77400E+02  0.92451E-05  0.25804E-05 -0.51070E-05
  0.77700E+02  0.89188E-05  0.22132E-05 -0.51298E-05
  0.78000E+02  0.85503E-05  0.18353E-05 -0.51429E-05
  0.78300E+02  0.81410E-05  0.14501E-05 -0.51454E-05
  0.78600E+02  0.76926E-05  0.10610E-05 -0.51362E-05
  0.78900E+02  0.72071E-05  0.67103E-06 -0.51145E-05
  0.79200E+02  0.66869E-05  0.28354E-06 -0.50793E-05
  0.79500E+02  0.61347E-05 -0.98370E-07 -0.50295E-05
  0.79800E+02  0.55534E-05 -0.47186E-06 -0.49648E-05
  0.80100E+02  0.49461E-05 -0.83386E-06 -0.48840E-05
  0.80400E+02  0.43164E-05 -0.11819E-05 -0.47866E-05
  0.80700E+02  0.36677E-05 -0.15135E-05 -0.46723E-05
  0.81000E+02  0.30039E-05 -0.18266E-05 -0.45404E-05
  0.81300E+02  0.23287E-05 -0.21188E-05 -0.43910E-05
  0.81600E+02  0.16461E-05 -0.23887E-05 -0.42237E-05
  0.81900E+02  0.96031E-06 -0.26347E-05 -0.40387E-05
  0.82200E+02  0.27503E-06 -0.28556E-05 -0.38362E-05
  0.82500E+02 -0.40560E-06 -0.30504E-05 -0.36166E-05
  0.82800E+02 -0.10777E-05 -0.32186E-05 -0.33803E-05
  0.83100E+02 -0.17373E-05 -0.33598E-05 -0.31282E-05
  0.83400E+02 -0.23812E-05 -0.34738E-05 -0.28611E-05
  0.83700E+02 -0.30051E-05 -0.35607E-05 -0.25798E-05
  0.84000E+02 -0.36060E-05 -0.36211E-05 -0.22857E-05
  0.84300E+02 -0.41807E-05 -0.36554E-05 -0.19799E-05
  0.84600E+02 -0.47258E-05 -0.36647E-05 -0.16639E-05
  0.84900E+02 -0.52396E-05 -0.36498E-05 -0.13392E-05
  0.85200E+02 -0.57190E-05 -0.36121E-05 -0.10073E-05
  0.85500E+02 -0.61628E-05 -0.35529E-05 -0.66999E-06
  0.85800E+02 -0.65681E-05 -0.34741E-05 -0.32908E-06
  0.86100E+02 -0.69333E-05 -0.33768E-05  0.13790E-07
  0.86400E+02 -0.72578E-05 -0.32633E-05  0.35659E-06
  0.86700E+02 -0.75406E-05 -0.31351E-05  0.69753E-06
  0.87000E+02 -0.77807E-05 -0.29944E-05  0.10347E-05
  0.87300E+02 -0.79786E-05 -0.28429E-05  0.13663E-05
  0.87600E+02 -0.81343E-05 -0.26826E-05  0.16904E-05
  0.87900E+02 -0.82473E-05 -0.25153E-05  0.20054E-05
  0.88200E+02 -0.83188E-05 -0.23431E-05  0.23093E-05
  0.88500E+02 -0.83495E-05 -0.21678E-05  0.26007E-05
  0.88800E+02 -0.83411E-05 -0.19911E-05  0.28779E-05
  0.89100E+02 -0.82938E-05 -0.18146E-05  0.31396E-05
  0.89400E+02 -0.82102E-05 -0.16398E-05  0.33842E-05
  0.89700E+02 -0.80908E-05 -0.14684E-05  0.36107E-05
  0.90000E+02 -0.79393E-05 -0.13015E-05  0.38179E-05
  0.90300E+02 -0.77568E-05 -0.11403E-05  0.40050E-05
  0.90600E+02 -0.75456E-05 -0.98582E-06  0.41710E-05
  0.90900E+02 -0.73080E-05 -0.83895E-06  0.43155E-05
  0.91200E+02 -0.70464E-05 -0.70042E-06  0.44377E-05
  0.91500E+02 -0.67632E-05 -0.57081E-06  0.45376E-05
  0.91800E+02 -0.64608E-05 -0.45048E-06  0.46148E-05
  0.92100E+02 -0.61418E-05 -0.33959E-06  0.46694E-05
  0.92400E+02 -0.58086E-05 -0.23842E-06  0.47015E-05
  0.92700E+02 -0.54636E-05 -0.14691E-06  0.47112E-05
  0.93000E+02 -0.51090E-05 -0.64800E-07  0.46992E-05
  0.93300E+02 -0.47472E-05  0.81700E-08  0.46658E-05
  0.93600E+02 -0.43804E-05  0.72340E-07  0.46119E-05
  0.93900E+02 -0.40107E-05  0.12826E-06  0.45382E-05
  0.94200E+02 -0.36400E-05  0.17648E-06  0.44456E-05
  0.94500E+02 -0.32702E-05  0.21762E-06  0.43351E-05
  0.94800E+02 -0.29028E-05  0.25256E-06  0.42078E-05
  0.95100E+02 -0.25397E-05  0.28197E-06  0.40649E-05
  0.95400E+02 -0.21820E-05  0.30663E-06  0.39076E-05
  0.95700E+02 -0.18311E-05  0.32749E-06  0.37372E-05
  0.96000E+02 -0.14882E-05  0.34527E-06  0.35549E-05
  0.96300E+02 -0.11541E-05  0.36085E-06  0.33622E-05
  0.96600E+02 -0.82984E-06  0.37502E-06  0.31605E-05
  0.96900E+02 -0.51596E-06  0.38852E-06  0.29510E-05
  0.97200E+02 -0.21299E-06  0.40228E-06  0.27351E-05
  0.97500E+02  0.78690E-07  0.41666E-06  0.25143E-05
  0.97800E+02  0.35863E-06  0.43259E-06  0.22898E-05
  0.98100E+02  0.62676E-06  0.45043E-06  0.20628E-05
  0.98400E+02  0.88294E-06  0.47072E-06  0.18346E-05
  0.98700E+02  0.11272E-05  0.49385E-06  0.16065E-05
  0.99000E+02  0.13597E-05  0.52016E-06  0.13795E-05
  0.99300E+02  0.15805E-05  0.54980E-06  0.11546E-05
  0.99600E+02  0.17898E-05  0.58296E-06  0.93288E-06
  0.99900E+02  0.19880E-05  0.61965E-06  0.71515E-06
  0.10020E+03  0.21752E-05  0.65979E-06  0.50241E-06
  0.10050E+03  0.23521E-05  0.70333E-06  0.29526E-06
  0.10080E+03  0.25185E-05  0.74985E-06  0.94330E-07
  0.10110E+03  0.26751E-05  0.79931E-06 -0.99670E-07
  0.10140E+03  0.28222E-05  0.85120E-06 -0.28629E-06
  0.10170E+03  0.29601E-05  0.90501E-06 -0.46512E-06
  0.10200E+03  0.30889E-05  0.96029E-06 -0.63572E-06
  0.10230E+03  0.32092E-05  0.10165E-05 -0.79798E-06
  0.10260E+03  0.33209E-05  0.10730E-05 -0.95164E-06
  0.10290E+03  0.34244E-05  0.11292E-05 -0.10965E-05
  0.10320E+03  0.35199E-05  0.11844E-05 -0.12327E-05
  0.10350E+03  0.36074E-05  0.12379E-05 -0.13599E-05
  0.10380E+03  0.36870E-05  0.12891E-05 -0.14784E-05
  0.10410E+03  0.37586E-05  0.13371E-05 -0.15882E-05
  0.10440E+03  0.38223E-05  0.13815E-05 -0.16895E-05
  0.10470E+03  0.38780E-05  0.14215E-05 -0.17823E-05
  0.10500E+03  0.39255E-05  0.14565E-05 -0.18669E-05
  0.10530E+03  0.39648E-05  0.14858E-05 -0.19436E-05
  0.10560E+03  0.39956E-05  0.15091E-05 -0.20125E-05
  0.10590E+03  0.40177E-05  0.15257E-05 -0.20740E-05
  0.10620E+03  0.40309E-05  0.15353E-05 -0.21282E-05
  0.10650E+03  0.40349E-05  0.15374E-05 -0.21754E-05
  0.10680E+03  0.40293E-05  0.15318E-05 -0.22159E-05
  0.10710E+03  0.40141E-05  0.15183E-05 -0.22500E-05
  0.10740E+03  0.39890E-05  0.14967E-05 -0.22778E-05
  0.10770E+03  0.39536E-05  0.14669E-05 -0.22996E-05
  0.10800E+03  0.39078E-05  0.14290E-05 -0.23157E-05
  0.10830E+03  0.38514E-05  0.13829E-05 -0.23262E-05
  0.10860E+03  0.37841E-05  0.13290E-05 -0.23313E-05
  0.10890E+03  0.37058E-05  0.12675E-05 -0.23313E-05
  0.10920E+03  0.36165E-05  0.11984E-05 -0.23261E-05
  0.10950E+03  0.35162E-05  0.11224E-05 -0.23160E-05
  0.10980E+03  0.34048E-05  0.10400E-05 -0.23011E-05
  0.11010E+03  0.32824E-05  0.95140E-06 -0.22814E-05
  0.11040E+03  0.31492E-05  0.85736E-06 -0.22570E-05
  0.11070E+03  0.30053E-05  0.75845E-06 -0.22280E-05
  0.11100E+03  0.28512E-05  0.65531E-06 -0.21945E-05
  0.11130E+03  0.26871E-05  0.54864E-06 -0.21564E-05
  0.11160E+03  0.25135E-05  0.43914E-06 -0.21137E-05
  0.11190E+03  0.23308E-05  0.32755E-06 -0.20666E-05
  0.11220E+03  0.21396E-05  0.21461E-06 -0.20150E-05
  0.11250E+03  0.19405E-05  0.10113E-06 -0.19589E-05
  0.11280E+03  0.17343E-05 -0.12210E-07 -0.18983E-05
  0.11310E+03  0.15217E-05 -0.12462E-06 -0.18333E-05
  0.11340E+03  0.13035E-05 -0.23526E-06 -0.17639E-05
  0.11370E+03  0.10805E-05 -0.34366E-06 -0.16902E-05
  0.11400E+03  0.85376E-06 -0.44894E-06 -0.16122E-05
  0.11430E+03  0.62411E-06 -0.55058E-06 -0.15300E-05
  0.11460E+03  0.39266E-06 -0.64787E-06 -0.14438E-05
  0.11490E+03  0.16026E-06 -0.74021E-06 -0.13535E-05
  0.11520E+03 -0.72090E-07 -0.82725E-06 -0.12594E-05
  0.11550E+03 -0.30310E-06 -0.90836E-06 -0.11616E-05
  0.11580E+03 -0.53197E-06 -0.98316E-06 -0.10604E-05
  0.11610E+03 -0.75755E-06 -0.10513E-05 -0.95595E-06
  0.11640E+03 -0.97882E-06 -0.11127E-05 -0.84850E-06
  0.11670E+03 -0.11948E-05 -0.11668E-05 -0.73834E-06
  0.11700E+03 -0.14044E-05 -0.12136E-05 -0.62577E-06
  0.11730E+03 -0.16069E-05 -0.12530E-05 -0.51113E-06
  0.11760E+03 -0.18012E-05 -0.12849E-05 -0.39477E-06
  0.11790E+03 -0.19866E-05 -0.13094E-05 -0.27706E-06
  0.11820E+03 -0.21621E-05 -0.13265E-05 -0.15840E-06
  0.11850E+03 -0.23270E-05 -0.13362E-05 -0.39208E-07
  0.11880E+03 -0.24807E-05 -0.13389E-05  0.80068E-07
  0.11910E+03 -0.26226E-05 -0.13347E-05  0.19898E-06
  0.11940E+03 -0.27521E-05 -0.13239E-05  0.31709E-06
  0.11970E+03 -0.28686E-05 -0.13068E-05  0.43390E-06
  0.12000E+03 -0.29721E-05 -0.12837E-05  0.54896E-06
  0.12030E+03 -0.30618E-05 -0.12551E-05  0.66177E-06
  0.12060E+03 -0.31377E-05 -0.12213E-05  0.77188E-06
  0.12090E+03 -0.31998E-05 -0.11827E-05  0.87882E-06
  0.12120E+03 -0.32477E-05 -0.11399E-05  0.98212E-06
  0.12150E+03 -0.32817E-05 -0.10932E-05  0.10813E-05
  0.12180E+03 -0.33018E-05 -0.10431E-05  0.11760E-05
  0.12210E+03 -0.33080E-05 -0.99015E-06  0.12658E-05
  0.12240E+03 -0.33008E-05 -0.93472E-06  0.13503E-05
  0.12270E+03 -0.32804E-05 -0.87729E-06  0.14291E-05
  0.12300E+03 -0.32470E-05 -0.81832E-06  0.15019E-05
  0.12330E+03 -0.32013E-05 -0.75823E-06  0.15683E-05
  0.12360E+03 -0.31436E-05 -0.69745E-06  0.16282E-05
  0.12390E+03 -0.30744E-05 -0.63637E-06  0.16812E-05
  0.12420E+03 -0.29945E-05 -0.57537E-06  0.17272E-05
  0.12450E+03 -0.29044E-05 -0.51478E-06  0.17661E-05
  0.12480E+03 -0.28049E-05 -0.45494E-06  0.17975E-05
  0.12510E+03 -0.26964E-05 -0.39612E-06  0.18216E-05
  0.12540E+03 -0.25799E-05 -0.33860E-06  0.18382E-05
  0.12570E+03 -0.24561E-05 -0.28258E-06  0.18474E-05
  0.12600E+03 -0.23256E-05 -0.22828E-06  0.18491E-05
  0.12630E+03 -0.21893E-05 -0.17586E-06  0.18435E-05
  0.12660E+03 -0.20479E-05 -0.12546E-06  0.18307E-05
  0.12690E+03 -0.19022E-05 -0.77159E-07  0.18108E-05
  0.12720E+03 -0.17530E-05 -0.31061E-07  0.17839E-05
  0.12750E+03 -0.16009E-05  0.12792E-07  0.17504E-05
  0.12780E+03 -0.14468E-05  0.54396E-07  0.17104E-05
  0.12810E+03 -0.12912E-05  0.93730E-07  0.16643E-05
  0.12840E+03 -0.11350E-05  0.13084E-06  0.16123E-05
  0.12870E+03 -0.97870E-06  0.16576E-06  0.15549E-05
  0.12900E+03 -0.82290E-06  0.19855E-06  0.14923E-05
  0.12930E+03 -0.66838E-06  0.22928E-06  0.14249E-05
  0.12960E+03 -0.51545E-06  0.25806E-06  0.13531E-05
  0.12990E+03 -0.36489E-06  0.28497E-06  0.12774E-05
  0.13020E+03 -0.21706E-06  0.31013E-06  0.11981E-05
  0.13050E+03 -0.72380E-07  0.33364E-06  0.11156E-05
  0.13080E+03  0.68750E-07  0.35561E-06  0.10305E-05
  0.13110E+03  0.20588E-06  0.37616E-06  0.94313E-06
  0.13140E+03  0.33868E-06  0.39539E-06  0.85391E-06
  0.13170E+03  0.46683E-06  0.41342E-06  0.76329E-06
  0.13200E+03  0.59020E-06  0.43034E-06  0.67169E-06
  0.13230E+03  0.70836E-06  0.44624E-06  0.57951E-06
  0.13260E+03  0.82125E-06  0.46119E-06  0.48719E-06
  0.13290E+03  0.92871E-06  0.47528E-06  0.39509E-06
  0.13320E+03  0.10306E-05  0.48860E-06  0.30361E-06
  0.13350E+03  0.11267E-05  0.50112E-06  0.21310E-06
  0.13380E+03  0.12171E-05  0.51283E-06  0.12390E-06
  0.13410E+03  0.13015E-05  0.52398E-06  0.36341E-07
  0.13440E+03  0.13801E-05  0.53429E-06 -0.49274E-07
  0.13470E+03  0.14528E-05  0.54399E-06 -0.13267E-06
  0.13500E+03  0.15196E-05  0.55290E-06 -0.21357E-06
  0.13530E+03  0.15805E-05  0.56109E-06 -0.29175E-06
  0.13560E+03  0.16354E-05  0.56845E-06 -0.36700E-06
  0.13590E+03  0.16846E-05  0.57496E-06 -0.43913E-06
  0.13620E+03  0.17280E-05  0.58054E-06 -0.50788E-06
  0.13650E+03  0.17657E-05  0.58514E-06 -0.57321E-06
  0.13680E+03  0.17978E-05  0.58871E-06 -0.63497E-06
  0.13710E+03  0.18243E-05  0.59109E-06 -0.69310E-06
  0.13740E+03  0.18453E-05  0.59229E-06 -0.74733E-06
  0.13770E+03  0.18607E-05  0.59212E-06 -0.79782E-06
  0.13800E+03  0.18710E-05  0.59066E-06 -0.84435E-06
  0.13830E+03  0.18760E-05  0.58765E-06 -0.88701E-06
  0.13860E+03  0.18758E-05  0.58308E-06 -0.92575E-06
  0.13890E+03  0.18704E-05  0.57688E-06 -0.96056E-06
  0.13920E+03  0.18601E-05  0.56899E-06 -0.99150E-06
  0.13950E+03  0.18448E-05  0.55939E-06 -0.10185E-05
  0.13980E+03  0.18248E-05  0.54792E-06 -0.10417E-05
  0.14010E+03  0.18001E-05  0.53465E-06 -0.10611E-05
  0.14040E+03  0.17708E-05  0.51952E-06 -0.10767E-05
  0.14070E+03  0.17368E-05  0.50250E-06 -0.10888E-05
  0.14100E+03  0.16986E-05  0.48362E-06 -0.10972E-05
  0.14130E+03  0.16559E-05  0.46286E-06 -0.11022E-05
  0.14160E+03  0.16092E-05  0.44021E-06 -0.11037E-05
  0.14190E+03  0.15584E-05  0.41585E-06 -0.11020E-05
  0.14220E+03  0.15036E-05  0.38970E-06 -0.10971E-05
  0.14250E+03  0.14451E-05  0.36191E-06 -0.10890E-05
  0.14280E+03  0.13829E-05  0.33253E-06 -0.10779E-05
  0.14310E+03  0.13172E-05  0.30169E-06 -0.10640E-05
  0.14340E+03  0.12482E-05  0.26950E-06 -0.10472E-05
  0.14370E+03  0.11761E-05  0.23607E-06 -0.10278E-05
  0.14400E+03  0.11010E-05  0.20158E-06 -0.10058E-05
  0.14430E+03  0.10231E-05  0.16613E-06 -0.98127E-06
  0.14460E+03  0.94274E-06  0.12992E-06 -0.95442E-06
  0.14490E+03  0.86002E-06  0.93140E-07 -0.92531E-06
  0.14520E+03  0.77521E-06  0.55850E-07 -0.89405E-06
  0.14550E+03  0.68856E-06  0.18360E-07 -0.86075E-06
  0.14580E+03  0.60032E-06 -0.19250E-07 -0.82552E-06
  0.14610E+03  0.51075E-06 -0.56660E-07 -0.78847E-06
  0.14640E+03  0.42010E-06 -0.93760E-07 -0.74971E-06
  0.14670E+03  0.32875E-06 -0.13033E-06 -0.70936E-06
  0.14700E+03  0.23695E-06 -0.16629E-06 -0.66750E-06
  0.14730E+03  0.14495E-06 -0.20128E-06 -0.62429E-06
  0.14760E+03  0.53010E-07 -0.23533E-06 -0.57981E-06
  0.14790E+03 -0.38400E-07 -0.26804E-06 -0.53417E-06
  0.14820E+03 -0.12911E-06 -0.29939E-06 -0.48753E-06
  0.14850E+03 -0.21880E-06 -0.32923E-06 -0.43998E-06
  0.14880E+03 -0.30711E-06 -0.35744E-06 -0.39165E-06
  0.14910E+03 -0.39369E-06 -0.38378E-06 -0.34266E-06
  0.14940E+03 -0.47824E-06 -0.40815E-06 -0.29315E-06
  0.14970E+03 -0.56059E-06 -0.43055E-06 -0.24324E-06
  0.15000E+03 -0.64029E-06 -0.45076E-06 -0.19307E-06
  0.15030E+03 -0.71708E-06 -0.46879E-06 -0.14277E-06
  0.15060E+03 -0.79075E-06 -0.48449E-06 -0.92483E-07
  0.15090E+03 -0.86105E-06 -0.49795E-06 -0.42347E-07
  0.15120E+03 -0.92768E-06 -0.50896E-06  0.75070E-08
  0.15150E+03 -0.99041E-06 -0.51762E-06  0.56917E-07
  0.15180E+03 -0.10490E-05 -0.52393E-06  0.10576E-06
  0.15210E+03 -0.11032E-05 -0.52780E-06  0.15387E-06
  0.15240E+03 -0.11530E-05 -0.52938E-06  0.20112E-06
  0.15270E+03 -0.11981E-05 -0.52871E-06  0.24733E-06
  0.15300E+03 -0.12385E-05 -0.52569E-06  0.29245E-06
  0.15330E+03 -0.12739E-05 -0.52052E-06  0.33629E-06
  0.15360E+03 -0.13043E-05 -0.51323E-06  0.37860E-06
  0.15390E+03 -0.13295E-05 -0.50392E-06  0.41945E-06
  0.15420E+03 -0.13496E-05 -0.49268E-06  0.45854E-06
  0.15450E+03 -0.13646E-05 -0.47961E-06  0.49590E-06
  0.15480E+03 -0.13743E-05 -0.46484E-06  0.53117E-06
  0.15510E+03 -0.13788E-05 -0.44847E-06  0.56455E-06
  0.15540E+03 -0.13784E-05 -0.43063E-06  0.59567E-06
  0.15570E+03 -0.13728E-05 -0.41147E-06  0.62446E-06
  0.15600E+03 -0.13622E-05 -0.39110E-06  0.65100E-06
  0.15630E+03 -0.13468E-05 -0.36965E-06  0.67497E-06
  0.15660E+03 -0.13266E-05 -0.34727E-06  0.69648E-06
  0.15690E+03 -0.13019E-05 -0.32410E-06  0.71539E-06
  0.15720E+03 -0.12728E-05 -0.30027E-06  0.73173E-06
  0.15750E+03 -0.12394E-05 -0.27590E-06  0.74531E-06
  0.15780E+03 -0.12019E-05 -0.25113E-06  0.75616E-06
  0.15810E+03 -0.11607E-05 -0.22609E-06  0.76426E-06
  0.15840E+03 -0.11159E-05 -0.20090E-06  0.76957E-06
  0.15870E+03 -0.10677E-05 -0.17568E-06  0.77210E-06
  0.15900E+03 -0.10164E-05 -0.15053E-06  0.77183E-06
  0.15930E+03 -0.96227E-06 -0.12556E-06  0.76893E-06
  0.15960E+03 -0.90555E-06 -0.10087E-06  0.76328E-06
  0.15990E+03 -0.84655E-06 -0.76556E-07  0.75496E-06
  0.16020E+03 -0.78551E-06 -0.52703E-07  0.74405E-06
  0.16050E+03 -0.72275E-06 -0.29375E-07  0.73059E-06
  0.16080E+03 -0.65841E-06 -0.66660E-08  0.71467E-06
  0.16110E+03 -0.59297E-06  0.15389E-07  0.69637E-06
  0.16140E+03 -0.52664E-06  0.36719E-07  0.67580E-06
  0.16170E+03 -0.45965E-06  0.57275E-07  0.65306E-06
  0.16200E+03 -0.39224E-06  0.77020E-07  0.62825E-06
  0.16230E+03 -0.32475E-06  0.95912E-07  0.60151E-06
  0.16260E+03 -0.25731E-06  0.11393E-06  0.57295E-06
  0.16290E+03 -0.19038E-06  0.13106E-06  0.54272E-06
  0.16320E+03 -0.12407E-06  0.14727E-06  0.51097E-06
  0.16350E+03 -0.58550E-07  0.16256E-06  0.47781E-06
  0.16380E+03  0.58400E-08  0.17691E-06  0.44343E-06
  0.16410E+03  0.68940E-07  0.19033E-06  0.40795E-06
  0.16440E+03  0.13053E-06  0.20282E-06  0.37154E-06
  0.16470E+03  0.19040E-06  0.21438E-06  0.33435E-06
  0.16500E+03  0.24851E-06  0.22502E-06  0.29650E-06
  0.16530E+03  0.30455E-06  0.23476E-06  0.25822E-06
  0.16560E+03  0.35856E-06  0.24360E-06  0.21966E-06
  0.16590E+03  0.41012E-06  0.25155E-06  0.18091E-06
  0.16620E+03  0.45938E-06  0.25866E-06  0.14221E-06
  0.16650E+03  0.50609E-06  0.26489E-06  0.10360E-06
  0.16680E+03  0.55008E-06  0.27030E-06  0.65350E-07
  0.16710E+03  0.59149E-06  0.27489E-06  0.27400E-07
  0.16740E+03  0.63010E-06  0.27868E-06 -0.98200E-08
  0.16770E+03  0.66585E-06  0.28168E-06 -0.46510E-07
  0.16800E+03  0.69878E-06  0.28392E-06 -0.82300E-07
  0.16830E+03  0.72870E-06  0.28543E-06 -0.11715E-06
  0.16860E+03  0.75572E-06  0.28617E-06 -0.15093E-06
  0.16890E+03  0.77984E-06  0.28618E-06 -0.18361E-06
  0.16920E+03  0.80093E-06  0.28548E-06 -0.21497E-06
  0.16950E+03  0.81908E-06  0.28414E-06 -0.24515E-06
  0.16980E+03  0.83427E-06  0.28197E-06 -0.27374E-06
  0.17010E+03  0.84653E-06  0.27929E-06 -0.30092E-06
  0.17040E+03  0.85590E-06  0.27583E-06 -0.32656E-06
  0.17070E+03  0.86239E-06  0.27176E-06 -0.35056E-06
  0.17100E+03  0.86607E-06  0.26698E-06 -0.37290E-06
  0.17130E+03  0.86697E-06  0.26169E-06 -0.39355E-06
  0.17160E+03  0.86515E-06  0.25568E-06 -0.41245E-06
  0.17190E+03  0.86068E-06  0.24910E-06 -0.42959E-06
  0.17220E+03  0.85362E-06  0.24188E-06 -0.44495E-06
  0.17250E+03  0.84403E-06  0.23399E-06 -0.45851E-06
  0.17280E+03  0.83200E-06  0.22561E-06 -0.47028E-06
  0.17310E+03  0.81760E-06  0.21666E-06 -0.48025E-06
  0.17340E+03  0.80092E-06  0.20719E-06 -0.48842E-06
  0.17370E+03  0.78205E-06  0.19718E-06 -0.49482E-06
  0.17400E+03  0.76107E-06  0.18658E-06 -0.49946E-06
  0.17430E+03  0.73808E-06  0.17554E-06 -0.50237E-06
  0.17460E+03  0.71319E-06  0.16409E-06 -0.50357E-06
  0.17490E+03  0.68648E-06  0.15210E-06 -0.50310E-06
  0.17520E+03  0.65805E-06  0.13973E-06 -0.50102E-06
  0.17550E+03  0.62802E-06  0.12706E-06 -0.49734E-06
  0.17580E+03  0.59649E-06  0.11398E-06 -0.49212E-06
  0.17610E+03  0.56356E-06  0.10060E-06 -0.48542E-06
  0.17640E+03  0.52936E-06  0.86939E-07 -0.47728E-06
  0.17670E+03  0.49400E-06  0.73054E-07 -0.46775E-06
  0.17700E+03  0.45758E-06  0.58981E-07 -0.45697E-06
  0.17730E+03  0.42022E-06  0.44770E-07 -0.44485E-06
  0.17760E+03  0.38205E-06  0.30452E-07 -0.43153E-06
  0.17790E+03  0.34318E-06  0.16090E-07 -0.41713E-06
  0.17820E+03  0.30372E-06  0.17280E-08 -0.40159E-06
  0.17850E+03  0.26381E-06 -0.12581E-07 -0.38507E-06
  0.17880E+03  0.22356E-06 -0.26790E-07 -0.36765E-06
  0.17910E+03  0.18310E-06 -0.40844E-07 -0.34942E-06
  0.17940E+03  0.14254E-06 -0.54670E-07 -0.33028E-06
  0.17970E+03  0.10201E-06 -0.68290E-07 -0.31052E-06
  0.18000E+03  0.61635E-07 -0.81550E-07 -0.29006E-06
  0.18030E+03  0.21527E-07 -0.94420E-07 -0.26903E-06
  0.18060E+03 -0.18198E-07 -0.10697E-06 -0.24750E-06
  0.18090E+03 -0.57403E-07 -0.11898E-06 -0.22552E-06
  0.18120E+03 -0.95979E-07 -0.13052E-06 -0.20317E-06
  0.18150E+03 -0.13382E-06 -0.14145E-06 -0.18053E-06
  0.18180E+03 -0.17080E-06 -0.15181E-06 -0.15767E-06
  0.18210E+03 -0.20683E-06 -0.16159E-06 -0.13464E-06
  0.18240E+03 -0.24177E-06 -0.17067E-06 -0.11153E-06
  0.18270E+03 -0.27554E-06 -0.17899E-06 -0.88398E-07
  0.18300E+03 -0.30803E-06 -0.18664E-06 -0.65313E-07
  0.18330E+03 -0.33916E-06 -0.19349E-06 -0.42351E-07
  0.18360E+03 -0.36882E-06 -0.19955E-06 -0.19565E-07
  0.18390E+03 -0.39692E-06 -0.20476E-06  0.29770E-08
  0.18420E+03 -0.42341E-06 -0.20927E-06  0.25209E-07
  0.18450E+03 -0.44819E-06 -0.21278E-06  0.47080E-07
  0.18480E+03 -0.47119E-06 -0.21555E-06  0.68501E-07
  0.18510E+03 -0.49235E-06 -0.21746E-06  0.89440E-07
  0.18540E+03 -0.51163E-06 -0.21844E-06  0.10984E-06
  0.18570E+03 -0.52896E-06 -0.21868E-06  0.12965E-06
  0.18600E+03 -0.54430E-06 -0.21802E-06  0.14876E-06
  0.18630E+03 -0.55762E-06 -0.21661E-06  0.16718E-06
  0.18660E+03 -0.56889E-06 -0.21436E-06  0.18490E-06
  0.18690E+03 -0.57810E-06 -0.21132E-06  0.20168E-06
  0.18720E+03 -0.58523E-06 -0.20752E-06  0.21776E-06
  0.18750E+03 -0.59027E-06 -0.20300E-06  0.23288E-06
  0.18780E+03 -0.59328E-06 -0.19777E-06  0.24703E-06
  0.18810E+03 -0.59415E-06 -0.19188E-06  0.26030E-06
  0.18840E+03 -0.59300E-06 -0.18534E-06  0.27251E-06
  0.18870E+03 -0.58974E-06 -0.17822E-06  0.28370E-06
  0.18900E+03 -0.58461E-06 -0.17057E-06  0.29386E-06
  0.18930E+03 -0.57740E-06 -0.16232E-06  0.30293E-06
  0.18960E+03 -0.56836E-06 -0.15375E-06  0.31091E-06
  0.18990E+03 -0.55749E-06 -0.14460E-06  0.31776E-06
  0.19020E+03 -0.54478E-06 -0.13512E-06  0.32349E-06
  0.19050E+03 -0.53048E-06 -0.12541E-06  0.32808E-06
  0.19080E+03 -0.51437E-06 -0.11528E-06  0.33154E-06
  0.19110E+03 -0.49676E-06 -0.10499E-06  0.33386E-06
  0.19140E+03 -0.47765E-06 -0.94530E-07  0.33503E-06
  0.19170E+03 -0.45719E-06 -0.83930E-07  0.33507E-06
  0.19200E+03 -0.43540E-06 -0.73150E-07  0.33399E-06
  0.19230E+03 -0.41240E-06 -0.62360E-07  0.33181E-06
  0.19260E+03 -0.38831E-06 -0.51620E-07  0.32854E-06
  0.19290E+03 -0.36321E-06 -0.40890E-07  0.32420E-06
  0.19320E+03 -0.33723E-06 -0.30160E-07  0.31881E-06
  0.19350E+03 -0.31045E-06 -0.19630E-07  0.31238E-06
  0.19380E+03 -0.28300E-06 -0.91700E-08  0.30503E-06
  0.19410E+03 -0.25498E-06  0.10200E-08  0.29674E-06
  0.19440E+03 -0.22651E-06  0.11010E-07  0.28746E-06
  0.19470E+03 -0.19769E-06  0.20739E-07  0.27736E-06
  0.19500E+03 -0.16863E-06  0.30194E-07  0.26648E-06
  0.19530E+03 -0.13944E-06  0.39342E-07  0.25479E-06
  0.19560E+03 -0.11024E-06  0.48163E-07  0.24240E-06
  0.19590E+03 -0.81122E-07  0.56624E-07  0.22934E-06
  0.19620E+03 -0.52202E-07  0.64695E-07  0.21567E-06
  0.19650E+03 -0.23558E-07  0.72387E-07  0.20147E-06
  0.19680E+03  0.46960E-08  0.79660E-07  0.18668E-06
  0.19710E+03  0.32475E-07  0.86540E-07  0.17146E-06
  0.19740E+03  0.59679E-07  0.92930E-07  0.15587E-06
  0.19770E+03  0.86270E-07  0.98890E-07  0.13999E-06
  0.19800E+03  0.11200E-06  0.10439E-06  0.12391E-06
  0.19830E+03  0.13706E-06  0.10942E-06  0.10753E-06
  0.19860E+03  0.16118E-06  0.11407E-06  0.91041E-07
  0.19890E+03  0.18427E-06  0.11820E-06  0.74473E-07
  0.19920E+03  0.20638E-06  0.12182E-06  0.57880E-07
  0.19950E+03  0.22751E-06  0.12503E-06  0.41345E-07
  0.19980E+03  0.24741E-06  0.12778E-06  0.24902E-07
  0.20010E+03  0.26617E-06  0.13003E-06  0.86160E-08
  0.20040E+03  0.28363E-06  0.13188E-06 -0.74530E-08
  0.20070E+03  0.29986E-06  0.13328E-06 -0.23250E-07
  0.20100E+03  0.31489E-06  0.13421E-06 -0.38727E-07
  0.20130E+03  0.32850E-06  0.13473E-06 -0.53833E-07
  0.20160E+03  0.34083E-06  0.13484E-06 -0.68518E-07
  0.20190E+03  0.35181E-06  0.13452E-06 -0.82746E-07
  0.20220E+03  0.36146E-06  0.13378E-06 -0.96457E-07
  0.20250E+03  0.36971E-06  0.13272E-06 -0.10962E-06
  0.20280E+03  0.37658E-06  0.13117E-06 -0.12221E-06
  0.20310E+03  0.38209E-06  0.12935E-06 -0.13417E-06
  0.20340E+03  0.38624E-06  0.12716E-06 -0.14548E-06
  0.20370E+03  0.38904E-06  0.12456E-06 -0.15607E-06
  0.20400E+03  0.39052E-06  0.12166E-06 -0.16606E-06
  0.20430E+03  0.39069E-06  0.11845E-06 -0.17516E-06
  0.20460E+03  0.38956E-06  0.11495E-06 -0.18363E-06
  0.20490E+03  0.38718E-06  0.11115E-06 -0.19130E-06
  0.20520E+03  0.38358E-06  0.10708E-06 -0.19822E-06
  0.20550E+03  0.37877E-06  0.10275E-06 -0.20437E-06
  0.20580E+03  0.37282E-06  0.98181E-07 -0.20964E-06
  0.20610E+03  0.36575E-06  0.93420E-07 -0.21413E-06
  0.20640E+03  0.35761E-06  0.88390E-07 -0.21788E-06
  0.20670E+03  0.34843E-06  0.83140E-07 -0.22078E-06
  0.20700E+03  0.33828E-06  0.77720E-07 -0.22296E-06
  0.20730E+03  0.32719E-06  0.72180E-07 -0.22431E-06
  0.20760E+03  0.31523E-06  0.66550E-07 -0.22483E-06
  0.20790E+03  0.30246E-06  0.60730E-07 -0.22463E-06
  0.20820E+03  0.28891E-06  0.54720E-07 -0.22369E-06
  0.20850E+03  0.27461E-06  0.48740E-07 -0.22201E-06
  0.20880E+03  0.25963E-06  0.42590E-07 -0.21961E-06
  0.20910E+03  0.24409E-06  0.36380E-07 -0.21654E-06
  0.20940E+03  0.22800E-06  0.30200E-07 -0.21278E-06
  0.20970E+03  0.21139E-06  0.23960E-07 -0.20839E-06
  0.21000E+03  0.19438E-06  0.17700E-07 -0.20338E-06
  0.21030E+03  0.17700E-06  0.11380E-07 -0.19778E-06
  0.21060E+03  0.15931E-06  0.52401E-08 -0.19161E-06
  0.21090E+03  0.14137E-06 -0.10100E-08 -0.18492E-06
  0.21120E+03  0.12324E-06 -0.71200E-08 -0.17774E-06
  0.21150E+03  0.10498E-06 -0.13080E-07 -0.17009E-06
  0.21180E+03  0.86651E-07 -0.19040E-07 -0.16200E-06
  0.21210E+03  0.68297E-07 -0.24770E-07 -0.15352E-06
  0.21240E+03  0.49998E-07 -0.30510E-07 -0.14467E-06
  0.21270E+03  0.31790E-07 -0.35960E-07 -0.13549E-06
  0.21300E+03  0.13748E-07 -0.41310E-07 -0.12603E-06
  0.21330E+03 -0.40910E-08 -0.46480E-07 -0.11630E-06
  0.21360E+03 -0.21668E-07 -0.51424E-07 -0.10636E-06
  0.21390E+03 -0.38931E-07 -0.56156E-07 -0.96211E-07
  0.21420E+03 -0.55832E-07 -0.60653E-07 -0.85925E-07
  0.21450E+03 -0.72318E-07 -0.64902E-07 -0.75517E-07
  0.21480E+03 -0.88301E-07 -0.68896E-07 -0.65035E-07
  0.21510E+03 -0.10391E-06 -0.72616E-07 -0.54501E-07
  0.21540E+03 -0.11886E-06 -0.76056E-07 -0.43952E-07
  0.21570E+03 -0.13325E-06 -0.79202E-07 -0.33426E-07
  0.21600E+03 -0.14705E-06 -0.82046E-07 -0.22948E-07
  0.21630E+03 -0.16007E-06 -0.84587E-07 -0.12564E-07
  0.21660E+03 -0.17249E-06 -0.86812E-07 -0.22880E-08
  0.21690E+03 -0.18422E-06 -0.88711E-07  0.78390E-08
  0.21720E+03 -0.19509E-06 -0.90291E-07  0.17778E-07
  0.21750E+03 -0.20526E-06 -0.91534E-07  0.27523E-07
  0.21780E+03 -0.21455E-06 -0.92455E-07  0.37032E-07
  0.21810E+03 -0.22312E-06 -0.93041E-07  0.46286E-07
  0.21840E+03 -0.23078E-06 -0.93299E-07  0.55258E-07
  0.21870E+03 -0.23760E-06 -0.93223E-07  0.63915E-07
  0.21900E+03 -0.24350E-06 -0.92827E-07  0.72240E-07
  0.21930E+03 -0.24854E-06 -0.92115E-07  0.80218E-07
  0.21960E+03 -0.25271E-06 -0.91082E-07  0.87817E-07
  0.21990E+03 -0.25598E-06 -0.89747E-07  0.95019E-07
  0.22020E+03 -0.25836E-06 -0.88115E-07  0.10183E-06
  0.22050E+03 -0.25985E-06 -0.86194E-07  0.10820E-06
  0.22080E+03 -0.26047E-06 -0.83990E-07  0.11414E-06
  0.22110E+03 -0.26020E-06 -0.81513E-07  0.11961E-06
  0.22140E+03 -0.25907E-06 -0.78787E-07  0.12463E-06
  0.22170E+03 -0.25709E-06 -0.75821E-07  0.12918E-06
  0.22200E+03 -0.25429E-06 -0.72627E-07  0.13323E-06
  0.22230E+03 -0.25067E-06 -0.69228E-07  0.13680E-06
  0.22260E+03 -0.24625E-06 -0.65622E-07  0.13988E-06
  0.22290E+03 -0.24109E-06 -0.61833E-07  0.14246E-06
  0.22320E+03 -0.23519E-06 -0.57890E-07  0.14453E-06
  0.22350E+03 -0.22856E-06 -0.53797E-07  0.14611E-06
  0.22380E+03 -0.22125E-06 -0.49571E-07  0.14718E-06
  0.22410E+03 -0.21327E-06 -0.45237E-07  0.14776E-06
  0.22440E+03 -0.20470E-06 -0.40806E-07  0.14784E-06
  0.22470E+03 -0.19561E-06 -0.36302E-07  0.14745E-06
  0.22500E+03 -0.18587E-06 -0.31737E-07  0.14657E-06
  0.22530E+03 -0.17576E-06 -0.27136E-07  0.14521E-06
  0.22560E+03 -0.16514E-06 -0.22517E-07  0.14340E-06
  0.22590E+03 -0.15408E-06 -0.17886E-07  0.14113E-06
  0.22620E+03 -0.14271E-06 -0.13273E-07  0.13843E-06
  0.22650E+03 -0.13108E-06 -0.86800E-08  0.13530E-06
  0.22680E+03 -0.11909E-06 -0.41380E-08  0.13178E-06
  0.22710E+03 -0.10687E-06  0.33600E-09  0.12785E-06
  0.22740E+03 -0.94400E-07  0.47390E-08  0.12356E-06
  0.22770E+03 -0.81870E-07  0.90560E-08  0.11893E-06
  0.22800E+03 -0.69250E-07  0.13253E-07  0.11394E-06
  0.22830E+03 -0.56580E-07  0.17348E-07  0.10865E-06
  0.22860E+03 -0.43840E-07  0.21301E-07  0.10307E-06
  0.22890E+03 -0.31190E-07  0.25118E-07  0.97221E-07
  0.22920E+03 -0.18600E-07  0.28774E-07  0.91126E-07
  0.22950E+03 -0.61700E-08  0.32273E-07  0.84809E-07
  0.22980E+03  0.60900E-08  0.35588E-07  0.78294E-07
  0.23010E+03  0.18200E-07  0.38739E-07  0.71606E-07
  0.23040E+03  0.30038E-07  0.41691E-07  0.64772E-07
  0.23070E+03  0.41594E-07  0.44451E-07  0.57812E-07
  0.23100E+03  0.52832E-07  0.47002E-07  0.50749E-07
  0.23130E+03  0.63718E-07  0.49359E-07  0.43620E-07
  0.23160E+03  0.74226E-07  0.51503E-07  0.36446E-07
  0.23190E+03  0.84312E-07  0.53435E-07  0.29249E-07
  0.23220E+03  0.93964E-07  0.55153E-07  0.22058E-07
  0.23250E+03  0.10314E-06  0.56657E-07  0.14885E-07
  0.23280E+03  0.11184E-06  0.57941E-07  0.77680E-08
  0.23310E+03  0.12003E-06  0.59004E-07  0.72703E-09
  0.23340E+03  0.12765E-06  0.59866E-07 -0.62080E-08
  0.23370E+03  0.13473E-06  0.60498E-07 -0.13032E-07
  0.23400E+03  0.14124E-06  0.60925E-07 -0.19713E-07
  0.23430E+03  0.14719E-06  0.61145E-07 -0.26222E-07
  0.23460E+03  0.15259E-06  0.61166E-07 -0.32559E-07
  0.23490E+03  0.15734E-06  0.60980E-07 -0.38684E-07
  0.23520E+03  0.16147E-06  0.60599E-07 -0.44593E-07
  0.23550E+03  0.16508E-06  0.60020E-07 -0.50260E-07
  0.23580E+03  0.16799E-06  0.59261E-07 -0.55674E-07
  0.23610E+03  0.17031E-06  0.58332E-07 -0.60822E-07
  0.23640E+03  0.17204E-06  0.57215E-07 -0.65685E-07
  0.23670E+03  0.17312E-06  0.55947E-07 -0.70255E-07
  0.23700E+03  0.17371E-06  0.54506E-07 -0.74525E-07
  0.23730E+03  0.17364E-06  0.52926E-07 -0.78466E-07
  0.23760E+03  0.17300E-06  0.51195E-07 -0.82093E-07
  0.23790E+03  0.17174E-06  0.49335E-07 -0.85376E-07
  0.23820E+03  0.17000E-06  0.47345E-07 -0.88335E-07
  0.23850E+03  0.16770E-06  0.45234E-07 -0.90942E-07
  0.23880E+03  0.16484E-06  0.43016E-07 -0.93202E-07
  0.23910E+03  0.16155E-06  0.40695E-07 -0.95115E-07
  0.23940E+03  0.15775E-06  0.38283E-07 -0.96678E-07
  0.23970E+03  0.15348E-06  0.35786E-07 -0.97892E-07
  0.24000E+03  0.14873E-06  0.33220E-07 -0.98758E-07
  0.24030E+03  0.14356E-06  0.30583E-07 -0.99274E-07
  0.24060E+03  0.13807E-06  0.27888E-07 -0.99453E-07
  0.24090E+03  0.13217E-06  0.25151E-07 -0.99295E-07
  0.24120E+03  0.12592E-06  0.22375E-07 -0.98808E-07
  0.24150E+03  0.11937E-06  0.19574E-07 -0.97996E-07
  0.24180E+03  0.11251E-06  0.16740E-07 -0.96870E-07
  0.24210E+03  0.10540E-06  0.13901E-07 -0.95434E-07
  0.24240E+03  0.98047E-07  0.11064E-07 -0.93700E-07
  0.24270E+03  0.90490E-07  0.82280E-08 -0.91685E-07
  0.24300E+03  0.82746E-07  0.54120E-08 -0.89397E-07
  0.24330E+03  0.74851E-07  0.26150E-08 -0.86841E-07
  0.24360E+03  0.66826E-07 -0.15000E-09 -0.84037E-07
  0.24390E+03  0.58714E-07 -0.28790E-08 -0.81000E-07
  0.24420E+03  0.50540E-07 -0.55610E-08 -0.77737E-07
  0.24450E+03  0.42300E-07 -0.81860E-08 -0.74266E-07
  0.24480E+03  0.34060E-07 -0.10755E-07 -0.70600E-07
  0.24510E+03  0.25810E-07 -0.13244E-07 -0.66762E-07
  0.24540E+03  0.17670E-07 -0.15673E-07 -0.62764E-07
  0.24570E+03  0.95299E-08 -0.18009E-07 -0.58622E-07
  0.24600E+03  0.14500E-08 -0.20254E-07 -0.54345E-07
  0.24630E+03 -0.64500E-08 -0.22412E-07 -0.49957E-07
  0.24660E+03 -0.14260E-07 -0.24467E-07 -0.45479E-07
  0.24690E+03 -0.21860E-07 -0.26410E-07 -0.40908E-07
  0.24720E+03 -0.29350E-07 -0.28258E-07 -0.36287E-07
  0.24750E+03 -0.36500E-07 -0.29982E-07 -0.31606E-07
  0.24780E+03 -0.43570E-07 -0.31587E-07 -0.26897E-07
  0.24810E+03 -0.50350E-07 -0.33060E-07 -0.22173E-07
  0.24840E+03 -0.56820E-07 -0.34421E-07 -0.17448E-07
  0.24870E+03 -0.63080E-07 -0.35651E-07 -0.12738E-07
  0.24900E+03 -0.69010E-07 -0.36745E-07 -0.80577E-08
  0.24930E+03 -0.74600E-07 -0.37698E-07 -0.34235E-08
  0.24960E+03 -0.79881E-07 -0.38518E-07  0.11515E-08
  0.24990E+03 -0.84837E-07 -0.39210E-07  0.56536E-08
  0.25020E+03 -0.89448E-07 -0.39758E-07  0.10068E-07
  0.25050E+03 -0.93689E-07 -0.40168E-07  0.14383E-07
  0.25080E+03 -0.97570E-07 -0.40436E-07  0.18586E-07
  0.25110E+03 -0.10107E-06 -0.40573E-07  0.22664E-07
  0.25140E+03 -0.10420E-06 -0.40574E-07  0.26607E-07
  0.25170E+03 -0.10693E-06 -0.40433E-07  0.30404E-07
  0.25200E+03 -0.10928E-06 -0.40166E-07  0.34045E-07
  0.25230E+03 -0.11123E-06 -0.39759E-07  0.37520E-07
  0.25260E+03 -0.11280E-06 -0.39233E-07  0.40819E-07
  0.25290E+03 -0.11397E-06 -0.38578E-07  0.43937E-07
  0.25320E+03 -0.11474E-06 -0.37802E-07  0.46864E-07
  0.25350E+03 -0.11513E-06 -0.36910E-07  0.49594E-07
  0.25380E+03 -0.11514E-06 -0.35908E-07  0.52122E-07
  0.25410E+03 -0.11476E-06 -0.34790E-07  0.54442E-07
  0.25440E+03 -0.11401E-06 -0.33577E-07  0.56549E-07
  0.25470E+03 -0.11289E-06 -0.32263E-07  0.58441E-07
  0.25500E+03 -0.11143E-06 -0.30853E-07  0.60113E-07
  0.25530E+03 -0.10961E-06 -0.29367E-07  0.61563E-07
  0.25560E+03 -0.10745E-06 -0.27797E-07  0.62791E-07
  0.25590E+03 -0.10497E-06 -0.26152E-07  0.63794E-07
  0.25620E+03 -0.10218E-06 -0.24444E-07  0.64573E-07
  0.25650E+03 -0.99086E-07 -0.22668E-07  0.65128E-07
  0.25680E+03 -0.95716E-07 -0.20847E-07  0.65462E-07
  0.25710E+03 -0.92070E-07 -0.18982E-07  0.65576E-07
  0.25740E+03 -0.88170E-07 -0.17074E-07  0.65472E-07
  0.25770E+03 -0.84034E-07 -0.15180E-07  0.65154E-07
  0.25800E+03 -0.79673E-07 -0.13190E-07  0.64627E-07
  0.25830E+03 -0.75108E-07 -0.11210E-07  0.63889E-07
  0.25860E+03 -0.70365E-07 -0.92000E-08  0.62958E-07
  0.25890E+03 -0.65460E-07 -0.72400E-08  0.61830E-07
  0.25920E+03 -0.60399E-07 -0.52299E-08  0.60522E-07
  0.25950E+03 -0.55209E-07 -0.32099E-08  0.59017E-07
  0.25980E+03 -0.49914E-07 -0.13000E-08  0.57356E-07
  0.26010E+03 -0.44524E-07  0.61993E-09  0.55512E-07
  0.26040E+03 -0.39064E-07  0.25600E-08  0.53521E-07
  0.26070E+03 -0.33554E-07  0.44300E-08  0.51381E-07
  0.26100E+03 -0.28012E-07  0.62601E-08  0.49095E-07
  0.26130E+03 -0.22456E-07  0.79899E-08  0.46685E-07
  0.26160E+03 -0.16905E-07  0.96900E-08  0.44152E-07
  0.26190E+03 -0.11378E-07  0.11350E-07  0.41509E-07
  0.26220E+03 -0.58930E-08  0.13000E-07  0.38765E-07
  0.26250E+03 -0.46980E-09  0.14480E-07  0.35931E-07
  0.26280E+03  0.48771E-08  0.16000E-07  0.33018E-07
  0.26310E+03  0.10130E-07  0.17360E-07  0.30037E-07
  0.26340E+03  0.15271E-07  0.18622E-07  0.26997E-07
  0.26370E+03  0.20286E-07  0.19837E-07  0.23911E-07
  0.26400E+03  0.25159E-07  0.20971E-07  0.20789E-07
  0.26430E+03  0.29876E-07  0.22006E-07  0.17641E-07
  0.26460E+03  0.34424E-07  0.22955E-07  0.14477E-07
  0.26490E+03  0.38792E-07  0.23808E-07  0.11311E-07
  0.26520E+03  0.42956E-07  0.24571E-07  0.81560E-08
  0.26550E+03  0.46927E-07  0.25241E-07  0.50190E-08
  0.26580E+03  0.50674E-07  0.25808E-07  0.19020E-08
  0.26610E+03  0.54201E-07  0.26283E-07 -0.11680E-08
  0.26640E+03  0.57490E-07  0.26665E-07 -0.41980E-08
  0.26670E+03  0.60531E-07  0.26949E-07 -0.71630E-08
  0.26700E+03  0.63334E-07  0.27150E-07 -0.10070E-07
  0.26730E+03  0.65883E-07  0.27260E-07 -0.12896E-07
  0.26760E+03  0.68165E-07  0.27190E-07 -0.15642E-07
  0.26790E+03  0.70188E-07  0.27160E-07 -0.18298E-07
  0.26820E+03  0.71956E-07  0.26930E-07 -0.20855E-07
  0.26850E+03  0.73448E-07  0.26750E-07 -0.23295E-07
  0.26880E+03  0.74671E-07  0.26360E-07 -0.25629E-07
  0.26910E+03  0.75622E-07  0.25920E-07 -0.27844E-07
  0.26940E+03  0.76314E-07  0.25410E-07 -0.29932E-07
  0.26970E+03  0.76736E-07  0.24790E-07 -0.31896E-07
  0.27000E+03  0.76898E-07  0.24210E-07 -0.33719E-07
  0.27030E+03  0.76793E-07  0.23450E-07 -0.35401E-07
  0.27060E+03  0.76436E-07  0.22590E-07 -0.36940E-07
  0.27090E+03  0.75830E-07  0.21760E-07 -0.38333E-07
  0.27120E+03  0.74987E-07  0.20880E-07 -0.39578E-07
  0.27150E+03  0.73894E-07  0.19890E-07 -0.40672E-07
  0.27180E+03  0.72573E-07  0.18910E-07 -0.41615E-07
  0.27210E+03  0.71032E-07  0.17780E-07 -0.42396E-07
  0.27240E+03  0.69279E-07  0.16710E-07 -0.43035E-07
  0.27270E+03  0.67321E-07  0.15570E-07 -0.43516E-07
  0.27300E+03  0.65165E-07  0.14360E-07 -0.43844E-07
  0.27330E+03  0.62824E-07  0.13130E-07 -0.44017E-07
  0.27360E+03  0.60309E-07  0.11920E-07 -0.44038E-07
  0.27390E+03  0.57631E-07  0.10672E-07 -0.43924E-07
  0.27420E+03  0.54801E-07  0.94080E-08 -0.43650E-07
  0.27450E+03  0.51835E-07  0.81220E-08 -0.43246E-07
  0.27480E+03  0.48735E-07  0.68400E-08 -0.42690E-07
  0.27510E+03  0.45519E-07  0.55535E-08 -0.42011E-07
  0.27540E+03  0.42197E-07  0.42700E-08 -0.41191E-07
  0.27570E+03  0.38793E-07  0.29930E-08 -0.40255E-07
  0.27600E+03  0.35303E-07  0.17220E-08 -0.39196E-07
  0.27630E+03  0.31742E-07  0.46100E-09 -0.38023E-07
  0.27660E+03  0.28145E-07 -0.78097E-09 -0.36740E-07
  0.27690E+03  0.24496E-07 -0.19700E-08 -0.35351E-07
  0.27720E+03  0.20822E-07 -0.31699E-08 -0.33860E-07
  0.27750E+03  0.17125E-07 -0.43500E-08 -0.32286E-07
  0.27780E+03  0.13442E-07 -0.54800E-08 -0.30630E-07
  0.27810E+03  0.97520E-08 -0.65399E-08 -0.28892E-07
  0.27840E+03  0.60945E-08 -0.76100E-08 -0.27088E-07
  0.27870E+03  0.24667E-08 -0.86200E-08 -0.25213E-07
  0.27900E+03 -0.11148E-08 -0.96400E-08 -0.23294E-07
  0.27930E+03 -0.46413E-08 -0.10520E-07 -0.21316E-07
  0.27960E+03 -0.81008E-08 -0.11470E-07 -0.19296E-07
  0.27990E+03 -0.11482E-07 -0.12290E-07 -0.17253E-07
  0.28020E+03 -0.14773E-07 -0.13090E-07 -0.15177E-07
  0.28050E+03 -0.17969E-07 -0.13750E-07 -0.13080E-07
  0.28080E+03 -0.21065E-07 -0.14460E-07 -0.10974E-07
  0.28110E+03 -0.24039E-07 -0.15030E-07 -0.88632E-08
  0.28140E+03 -0.26894E-07 -0.15660E-07 -0.67580E-08
  0.28170E+03 -0.29619E-07 -0.16100E-07 -0.46530E-08
  0.28200E+03 -0.32203E-07 -0.16570E-07 -0.25720E-08
  0.28230E+03 -0.34644E-07 -0.16960E-07 -0.51000E-09
  0.28260E+03 -0.36941E-07 -0.17240E-07  0.15140E-08
  0.28290E+03 -0.39072E-07 -0.17540E-07  0.35110E-08
  0.28320E+03 -0.41054E-07 -0.17685E-07  0.54600E-08
  0.28350E+03 -0.42867E-07 -0.17814E-07  0.73730E-08
  0.28380E+03 -0.44510E-07 -0.17891E-07  0.92190E-08
  0.28410E+03 -0.45986E-07 -0.17900E-07  0.11013E-07
  0.28440E+03 -0.47283E-07 -0.17855E-07  0.12739E-07
  0.28470E+03 -0.48411E-07 -0.17745E-07  0.14406E-07
  0.28500E+03 -0.49358E-07 -0.17581E-07  0.15986E-07
  0.28530E+03 -0.50131E-07 -0.17362E-07  0.17504E-07
  0.28560E+03 -0.50726E-07 -0.17092E-07  0.18934E-07
  0.28590E+03 -0.51147E-07 -0.16763E-07  0.20283E-07
  0.28620E+03 -0.51392E-07 -0.16388E-07  0.21537E-07
  0.28650E+03 -0.51466E-07 -0.15966E-07  0.22707E-07
  0.28680E+03 -0.51362E-07 -0.15496E-07  0.23782E-07
  0.28710E+03 -0.51098E-07 -0.14970E-07  0.24762E-07
  0.28740E+03 -0.50663E-07 -0.14410E-07  0.25643E-07
  0.28770E+03 -0.50066E-07 -0.13819E-07  0.26425E-07
  0.28800E+03 -0.49311E-07 -0.13174E-07  0.27119E-07
  0.28830E+03 -0.48413E-07 -0.12502E-07  0.27698E-07
  0.28860E+03 -0.47359E-07 -0.11807E-07  0.28187E-07
  0.28890E+03 -0.46175E-07 -0.11069E-07  0.28568E-07
  0.28920E+03 -0.44840E-07 -0.10306E-07  0.28855E-07
  0.28950E+03 -0.43389E-07 -0.95220E-08  0.29044E-07
  0.28980E+03 -0.41806E-07 -0.87200E-08  0.29123E-07
  0.29010E+03 -0.40108E-07 -0.78990E-08  0.29115E-07
  0.29040E+03 -0.38308E-07 -0.70610E-08  0.29007E-07
  0.29070E+03 -0.36406E-07 -0.62100E-08  0.28804E-07
  0.29100E+03 -0.34410E-07 -0.53600E-08  0.28508E-07
  0.29130E+03 -0.32331E-07 -0.44964E-08  0.28121E-07
  0.29160E+03 -0.30175E-07 -0.36326E-08  0.27646E-07
  0.29190E+03 -0.27941E-07 -0.27682E-08  0.27092E-07
  0.29220E+03 -0.25656E-07 -0.19100E-08  0.26445E-07
  0.29250E+03 -0.23322E-07 -0.10520E-08  0.25728E-07
  0.29280E+03 -0.20932E-07 -0.20901E-09  0.24938E-07
  0.29310E+03 -0.18516E-07  0.62900E-09  0.24067E-07
  0.29340E+03 -0.16076E-07  0.14500E-08  0.23139E-07
  0.29370E+03 -0.13616E-07  0.22580E-08  0.22144E-07
  0.29400E+03 -0.11150E-07  0.30360E-08  0.21086E-07
  0.29430E+03 -0.86790E-08  0.37950E-08  0.19981E-07
  0.29460E+03 -0.62180E-08  0.45400E-08  0.18818E-07
  0.29490E+03 -0.37680E-08  0.52510E-08  0.17606E-07
  0.29520E+03 -0.13470E-08  0.59290E-08  0.16364E-07
  0.29550E+03  0.10420E-08  0.65810E-08  0.15073E-07
  0.29580E+03  0.33940E-08  0.72040E-08  0.13762E-07
  0.29610E+03  0.57070E-08  0.78020E-08  0.12422E-07
  0.29640E+03  0.79552E-08  0.83550E-08  0.11059E-07
  0.29670E+03  0.10147E-07  0.88690E-08  0.96810E-08
  0.29700E+03  0.12267E-07  0.93490E-08  0.82870E-08
  0.29730E+03  0.14327E-07  0.97936E-08  0.68850E-08
  0.29760E+03  0.16302E-07  0.10197E-07  0.54820E-08
  0.29790E+03  0.18191E-07  0.10560E-07  0.40780E-08
  0.29820E+03  0.19988E-07  0.10881E-07  0.26910E-08
  0.29850E+03  0.21697E-07  0.11173E-07  0.13080E-08
  0.29880E+03  0.23310E-07  0.11409E-07 -0.57014E-10
  0.29910E+03  0.24813E-07  0.11612E-07 -0.13990E-08
  0.29940E+03  0.26220E-07  0.11769E-07 -0.27260E-08
  0.29970E+03  0.27509E-07  0.11895E-07 -0.40130E-08
  0.30000E+03  0.28684E-07  0.11966E-07 -0.52740E-08
  0.30030E+03  0.29755E-07  0.12002E-07 -0.64960E-08
  0.30060E+03  0.30697E-07  0.11999E-07 -0.76780E-08
  0.30090E+03  0.31538E-07  0.11959E-07 -0.88218E-08
  0.30120E+03  0.32251E-07  0.11890E-07 -0.99139E-08
  0.30150E+03  0.32848E-07  0.11720E-07 -0.10957E-07
  0.30180E+03  0.33325E-07  0.11580E-07 -0.11948E-07
  0.30210E+03  0.33685E-07  0.11430E-07 -0.12882E-07
  0.30240E+03  0.33923E-07  0.11190E-07 -0.13763E-07
  0.30270E+03  0.34039E-07  0.10980E-07 -0.14577E-07
  0.30300E+03  0.34035E-07  0.10690E-07 -0.15339E-07
  0.30330E+03  0.33932E-07  0.10310E-07 -0.16033E-07
  0.30360E+03  0.33709E-07  0.10010E-07 -0.16669E-07
  0.30390E+03  0.33373E-07  0.96001E-08 -0.17232E-07
  0.30420E+03  0.32945E-07  0.92300E-08 -0.17740E-07
  0.30450E+03  0.32401E-07  0.87899E-08 -0.18170E-07
  0.30480E+03  0.31753E-07  0.83199E-08 -0.18535E-07
  0.30510E+03  0.31017E-07  0.78801E-08 -0.18832E-07
  0.30540E+03  0.30183E-07  0.73539E-08 -0.19063E-07
  0.30570E+03  0.29256E-07  0.68500E-08 -0.19222E-07
  0.30600E+03  0.28253E-07  0.63260E-08 -0.19325E-07
  0.30630E+03  0.27163E-07  0.57770E-08 -0.19351E-07
  0.30660E+03  0.29985E-11 -0.30127E-11 -0.99476E-12
  0.30690E+03  0.00000E+00  0.99476E-12  0.00000E+00
