  0.000000E+00  0.266127E-12  0.178469E-12 -0.137662E-12
  0.300000E+00  0.268869E-11  0.184726E-11 -0.151933E-11
  0.600000E+00  0.135955E-10  0.957433E-11 -0.824857E-11
  0.900000E+00  0.464595E-10  0.335889E-10 -0.300514E-10
  0.120000E+01  0.122021E-09  0.904167E-10 -0.841068E-10
  0.150000E+01  0.265215E-09  0.200012E-09 -0.194998E-09
  0.180000E+01  0.500795E-09  0.379977E-09 -0.392403E-09
  0.210000E+01  0.849603E-09  0.639496E-09 -0.707152E-09
  0.240000E+01  0.132626E-08  0.974804E-09 -0.116694E-08
  0.270000E+01  0.193883E-08  0.136683E-08 -0.179255E-08
  0.300000E+01  0.269064E-08  0.178168E-08 -0.259516E-08
  0.330000E+01  0.358332E-08  0.217386E-08 -0.357543E-08
  0.360000E+01  0.462008E-08  0.249083E-08 -0.472488E-08
  0.390000E+01  0.580844E-08  0.267709E-08 -0.602889E-08
  0.420000E+01  0.716093E-08  0.267675E-08 -0.747022E-08
  0.450000E+01  0.869309E-08  0.243453E-08 -0.903154E-08
  0.480000E+01  0.104197E-07  0.189596E-08 -0.106964E-07
  0.510000E+01  0.123517E-07  0.100724E-08 -0.124481E-07
  0.540000E+01  0.144942E-07 -0.284690E-09 -0.142683E-07
  0.570000E+01  0.168469E-07 -0.203097E-08 -0.161360E-07
  0.600000E+01  0.194036E-07 -0.427883E-08 -0.180277E-07
  0.630000E+01  0.221526E-07 -0.706997E-08 -0.199176E-07
  0.660000E+01  0.250758E-07 -0.104395E-07 -0.217774E-07
  0.690000E+01  0.281492E-07 -0.144147E-07 -0.235749E-07
  0.720000E+01  0.313428E-07 -0.190136E-07 -0.252726E-07
  0.750000E+01  0.346198E-07 -0.242434E-07 -0.268282E-07
  0.780000E+01  0.379369E-07 -0.300983E-07 -0.281955E-07
  0.810000E+01  0.412463E-07 -0.365575E-07 -0.293274E-07
  0.840000E+01  0.444988E-07 -0.435829E-07 -0.301787E-07
  0.870000E+01  0.476469E-07 -0.511170E-07 -0.307074E-07
  0.900000E+01  0.506462E-07 -0.590822E-07 -0.308762E-07
  0.930000E+01  0.534559E-07 -0.673808E-07 -0.306542E-07
  0.960000E+01  0.560377E-07 -0.758976E-07 -0.300173E-07
  0.990000E+01  0.583546E-07 -0.845046E-07 -0.289494E-07
  0.102000E+02  0.603669E-07 -0.930662E-07 -0.274430E-07
  0.105000E+02  0.620296E-07 -0.101444E-06 -0.254995E-07
  0.108000E+02  0.632906E-07 -0.109502E-06 -0.231285E-07
  0.111000E+02  0.640918E-07 -0.117104E-06 -0.203469E-07
  0.114000E+02  0.643708E-07 -0.124120E-06 -0.171765E-07
  0.117000E+02  0.640635E-07 -0.130421E-06 -0.136421E-07
  0.120000E+02  0.631070E-07 -0.135884E-06 -0.976920E-08
  0.123000E+02  0.614436E-07 -0.140389E-06 -0.558215E-08
  0.126000E+02  0.590239E-07 -0.143817E-06 -0.110403E-08
  0.129000E+02  0.558097E-07 -0.146056E-06  0.364261E-08
  0.132000E+02  0.517759E-07 -0.147002E-06  0.863375E-08
  0.135000E+02  0.469099E-07 -0.146558E-06  0.138412E-07
  0.138000E+02  0.412118E-07 -0.144641E-06  0.192302E-07
  0.141000E+02  0.346950E-07 -0.141183E-06  0.247571E-07
  0.144000E+02  0.273851E-07 -0.136130E-06  0.303688E-07
  0.147000E+02  0.193179E-07 -0.129444E-06  0.360033E-07
  0.150000E+02  0.105373E-07 -0.121104E-06  0.415912E-07
  0.153000E+02  0.109218E-08 -0.111102E-06  0.470590E-07
  0.156000E+02 -0.896577E-08 -0.994472E-07  0.523333E-07
  0.159000E+02 -0.195848E-07 -0.861661E-07  0.573442E-07
  0.162000E+02 -0.307136E-07 -0.713017E-07  0.620290E-07
  0.165000E+02 -0.423002E-07 -0.549162E-07  0.663339E-07
  0.168000E+02 -0.542903E-07 -0.370905E-07  0.702148E-07
  0.171000E+02 -0.666247E-07 -0.179230E-07  0.736377E-07
  0.174000E+02 -0.792352E-07  0.247154E-08  0.765774E-07
  0.177000E+02 -0.920420E-07  0.239645E-07  0.790162E-07
  0.180000E+02 -0.104951E-06  0.464164E-07  0.809421E-07
  0.183000E+02 -0.117852E-06  0.696795E-07  0.823474E-07
  0.186000E+02 -0.130623E-06  0.935975E-07  0.832273E-07
  0.189000E+02 -0.143133E-06  0.118004E-06  0.835791E-07
  0.192000E+02 -0.155247E-06  0.142719E-06  0.834011E-07
  0.195000E+02 -0.166829E-06  0.167546E-06  0.826918E-07
  0.198000E+02 -0.177752E-06  0.192276E-06  0.814490E-07
  0.201000E+02 -0.187896E-06  0.216684E-06  0.796698E-07
  0.204000E+02 -0.197151E-06  0.240538E-06  0.773517E-07
  0.207000E+02 -0.205419E-06  0.263601E-06  0.744926E-07
  0.210000E+02 -0.212615E-06  0.285635E-06  0.710920E-07
  0.213000E+02 -0.218660E-06  0.306409E-06  0.671527E-07
  0.216000E+02 -0.223482E-06  0.325701E-06  0.626831E-07
  0.219000E+02 -0.227010E-06  0.343300E-06  0.576990E-07
  0.222000E+02 -0.229183E-06  0.359014E-06  0.522245E-07
  0.225000E+02 -0.229944E-06  0.372665E-06  0.462907E-07
  0.228000E+02 -0.229242E-06  0.384090E-06  0.399346E-07
  0.231000E+02 -0.227038E-06  0.393144E-06  0.331970E-07
  0.234000E+02 -0.223302E-06  0.399699E-06  0.261206E-07
  0.237000E+02 -0.218015E-06  0.403641E-06  0.187497E-07
  0.240000E+02 -0.211171E-06  0.404878E-06  0.111303E-07
  0.243000E+02 -0.202780E-06  0.403336E-06  0.331087E-08
  0.246000E+02 -0.192865E-06  0.398965E-06 -0.465636E-08
  0.249000E+02 -0.181469E-06  0.391739E-06 -0.127151E-07
  0.252000E+02 -0.168646E-06  0.381664E-06 -0.208062E-07
  0.255000E+02 -0.154463E-06  0.368774E-06 -0.288703E-07
  0.258000E+02 -0.138999E-06  0.353128E-06 -0.368513E-07
  0.261000E+02 -0.122339E-06  0.334814E-06 -0.446987E-07
  0.264000E+02 -0.104578E-06  0.313938E-06 -0.523672E-07
  0.267000E+02 -0.858173E-07  0.290630E-06 -0.598145E-07
  0.270000E+02 -0.661682E-07  0.265040E-06 -0.669972E-07
  0.273000E+02 -0.457480E-07  0.237339E-06 -0.738689E-07
  0.276000E+02 -0.246828E-07  0.207711E-06 -0.803796E-07
  0.279000E+02 -0.310767E-08  0.176358E-06 -0.864781E-07
  0.282000E+02  0.188341E-07  0.143490E-06 -0.921138E-07
  0.285000E+02  0.409933E-07  0.109324E-06 -0.972392E-07
  0.288000E+02  0.632172E-07  0.740871E-07 -0.101811E-06
  0.291000E+02  0.853516E-07  0.380128E-07 -0.105795E-06
  0.294000E+02  0.107246E-06  0.134760E-08 -0.109175E-06
  0.297000E+02  0.128764E-06 -0.356406E-07 -0.111965E-06
  0.300000E+02  0.149797E-06 -0.726543E-07 -0.114213E-06
  0.303000E+02  0.170271E-06 -0.109362E-06 -0.116004E-06
  0.306000E+02  0.190151E-06 -0.145401E-06 -0.117443E-06
  0.309000E+02  0.209435E-06 -0.180390E-06 -0.118641E-06
  0.312000E+02  0.228144E-06 -0.213947E-06 -0.119706E-06
  0.315000E+02  0.246306E-06 -0.245708E-06 -0.120717E-06
  0.318000E+02  0.263934E-06 -0.275362E-06 -0.121690E-06
  0.321000E+02  0.280989E-06 -0.302682E-06 -0.122558E-06
  0.324000E+02  0.297348E-06 -0.327542E-06 -0.123161E-06
  0.327000E+02  0.312790E-06 -0.349927E-06 -0.123273E-06
  0.330000E+02  0.327009E-06 -0.369923E-06 -0.122629E-06
  0.333000E+02  0.339624E-06 -0.387707E-06 -0.120945E-06
  0.336000E+02  0.350203E-06 -0.403532E-06 -0.117937E-06
  0.339000E+02  0.358288E-06 -0.417691E-06 -0.113341E-06
  0.342000E+02  0.363435E-06 -0.430484E-06 -0.106952E-06
  0.345000E+02  0.365259E-06 -0.442180E-06 -0.986499E-07
  0.348000E+02  0.363467E-06 -0.453002E-06 -0.884054E-07
  0.351000E+02  0.357876E-06 -0.463116E-06 -0.762704E-07
  0.354000E+02  0.348418E-06 -0.472620E-06 -0.623675E-07
  0.357000E+02  0.335139E-06 -0.481545E-06 -0.468817E-07
  0.360000E+02  0.318192E-06 -0.489859E-06 -0.300547E-07
  0.363000E+02  0.297824E-06 -0.497478E-06 -0.121616E-07
  0.366000E+02  0.274358E-06 -0.504280E-06  0.651287E-08
  0.369000E+02  0.248173E-06 -0.510104E-06  0.256732E-07
  0.372000E+02  0.219701E-06 -0.514747E-06  0.450057E-07
  0.375000E+02  0.189433E-06 -0.517963E-06  0.641786E-07
  0.378000E+02  0.157917E-06 -0.519457E-06  0.828386E-07
  0.381000E+02  0.125754E-06 -0.518892E-06  0.100612E-06
  0.384000E+02  0.935875E-07 -0.515882E-06  0.117122E-06
  0.387000E+02  0.620945E-07 -0.510009E-06  0.131992E-06
  0.390000E+02  0.319792E-07 -0.500830E-06  0.144847E-06
  0.393000E+02  0.396788E-08 -0.487882E-06  0.155319E-06
  0.396000E+02 -0.212177E-07 -0.470688E-06  0.163051E-06
  0.399000E+02 -0.428966E-07 -0.448768E-06  0.167712E-06
  0.402000E+02 -0.604623E-07 -0.421647E-06  0.169002E-06
  0.405000E+02 -0.734088E-07 -0.388876E-06  0.166672E-06
  0.408000E+02 -0.813479E-07 -0.350064E-06  0.160550E-06
  0.411000E+02 -0.840268E-07 -0.304935E-06  0.150554E-06
  0.414000E+02 -0.813462E-07 -0.253365E-06  0.136705E-06
  0.417000E+02 -0.733615E-07 -0.195397E-06  0.119123E-06
  0.420000E+02 -0.602715E-07 -0.131237E-06  0.980151E-07
  0.423000E+02 -0.424079E-07 -0.612477E-07  0.736553E-07
  0.426000E+02 -0.202283E-07  0.140466E-07  0.463863E-07
  0.429000E+02  0.568522E-08  0.939576E-07  0.166517E-07
  0.432000E+02  0.346332E-07  0.177626E-06 -0.149745E-07
  0.435000E+02  0.658056E-07  0.264023E-06 -0.477922E-07
  0.438000E+02  0.982827E-07  0.351972E-06 -0.810073E-07
  0.441000E+02  0.131039E-06  0.440164E-06 -0.113767E-06
  0.444000E+02  0.162951E-06  0.527184E-06 -0.145196E-06
  0.447000E+02  0.192817E-06  0.611532E-06 -0.174425E-06
  0.450000E+02  0.219381E-06  0.691654E-06 -0.200603E-06
  0.453000E+02  0.241371E-06  0.765951E-06 -0.222919E-06
  0.456000E+02  0.257541E-06  0.832830E-06 -0.240631E-06
  0.459000E+02  0.266736E-06  0.890788E-06 -0.253112E-06
  0.462000E+02  0.267943E-06  0.938496E-06 -0.259873E-06
  0.465000E+02  0.260339E-06  0.974843E-06 -0.260584E-06
  0.468000E+02  0.243328E-06  0.998936E-06 -0.255086E-06
  0.471000E+02  0.216553E-06  0.101009E-05 -0.243371E-06
  0.474000E+02  0.179903E-06  0.100785E-05 -0.225562E-06
  0.477000E+02  0.133501E-06  0.991990E-06 -0.201906E-06
  0.480000E+02  0.777114E-07  0.962562E-06 -0.172778E-06
  0.483000E+02  0.131299E-07  0.919878E-06 -0.138671E-06
  0.486000E+02 -0.594413E-07  0.864502E-06 -0.100168E-06
  0.489000E+02 -0.139031E-06  0.797235E-06 -0.579279E-07
  0.492000E+02 -0.224544E-06  0.719101E-06 -0.126617E-07
  0.495000E+02 -0.314782E-06  0.631323E-06  0.348833E-07
  0.498000E+02 -0.408473E-06  0.535279E-06  0.839292E-07
  0.501000E+02 -0.504360E-06  0.432482E-06  0.133675E-06
  0.504000E+02 -0.601316E-06  0.324581E-06  0.183339E-06
  0.507000E+02 -0.698404E-06  0.213367E-06  0.232243E-06
  0.510000E+02 -0.794793E-06  0.100745E-06  0.279901E-06
  0.513000E+02 -0.889639E-06 -0.113529E-07  0.326098E-06
  0.516000E+02 -0.982127E-06 -0.121102E-06  0.370895E-06
  0.519000E+02 -0.107159E-05 -0.226879E-06  0.414558E-06
  0.522000E+02 -0.115745E-05 -0.327254E-06  0.457459E-06
  0.525000E+02 -0.123895E-05 -0.420941E-06  0.499993E-06
  0.528000E+02 -0.131511E-05 -0.506781E-06  0.542476E-06
  0.531000E+02 -0.138489E-05 -0.583739E-06  0.585037E-06
  0.534000E+02 -0.144736E-05 -0.650863E-06  0.627525E-06
  0.537000E+02 -0.150165E-05 -0.707262E-06  0.669443E-06
  0.540000E+02 -0.154682E-05 -0.752110E-06  0.709925E-06
  0.543000E+02 -0.158178E-05 -0.784720E-06  0.747787E-06
  0.546000E+02 -0.160521E-05 -0.804682E-06  0.781679E-06
  0.549000E+02 -0.161565E-05 -0.811934E-06  0.810253E-06
  0.552000E+02 -0.161163E-05 -0.806747E-06  0.832276E-06
  0.555000E+02 -0.159188E-05 -0.789712E-06  0.846685E-06
  0.558000E+02 -0.155537E-05 -0.761738E-06  0.852631E-06
  0.561000E+02 -0.150127E-05 -0.723982E-06  0.849521E-06
  0.564000E+02 -0.142900E-05 -0.677793E-06  0.836994E-06
  0.567000E+02 -0.133842E-05 -0.624699E-06  0.814846E-06
  0.570000E+02 -0.122992E-05 -0.566356E-06  0.782956E-06
  0.573000E+02 -0.110439E-05 -0.504461E-06  0.741249E-06
  0.576000E+02 -0.963033E-06 -0.440733E-06  0.689717E-06
  0.579000E+02 -0.807334E-06 -0.376895E-06  0.628528E-06
  0.582000E+02 -0.638925E-06 -0.314651E-06  0.558112E-06
  0.585000E+02 -0.459579E-06 -0.255617E-06  0.479143E-06
  0.588000E+02 -0.271088E-06 -0.201212E-06  0.392418E-06
  0.591000E+02 -0.749041E-07 -0.152701E-06  0.298683E-06
  0.594000E+02  0.128213E-06 -0.111431E-06  0.198440E-06
  0.597000E+02  0.338160E-06 -0.789614E-07  0.918181E-07
  0.600000E+02  0.555149E-06 -0.568805E-07 -0.213454E-07
  0.603000E+02  0.779483E-06 -0.464126E-07 -0.141233E-06
  0.606000E+02  0.101149E-05 -0.482076E-07 -0.267756E-06
  0.609000E+02  0.125136E-05 -0.624416E-07 -0.400374E-06
  0.612000E+02  0.149889E-05 -0.889282E-07 -0.538036E-06
  0.615000E+02  0.175317E-05 -0.127078E-06 -0.679221E-06
  0.618000E+02  0.201263E-05 -0.175907E-06 -0.822061E-06
  0.621000E+02  0.227554E-05 -0.234216E-06 -0.964520E-06
  0.624000E+02  0.254030E-05 -0.300686E-06 -0.110457E-05
  0.627000E+02  0.280534E-05 -0.373713E-06 -0.124031E-05
  0.630000E+02  0.306848E-05 -0.451159E-06 -0.137006E-05
  0.633000E+02  0.332689E-05 -0.530334E-06 -0.149237E-05
  0.636000E+02  0.357742E-05 -0.608217E-06 -0.160590E-05
  0.639000E+02  0.381682E-05 -0.681704E-06 -0.170942E-05
  0.642000E+02  0.404153E-05 -0.747722E-06 -0.180182E-05
  0.645000E+02  0.424769E-05 -0.803292E-06 -0.188215E-05
  0.648000E+02  0.443130E-05 -0.845578E-06 -0.194968E-05
  0.651000E+02  0.458840E-05 -0.871941E-06 -0.200379E-05
  0.654000E+02  0.471514E-05 -0.879939E-06 -0.204388E-05
  0.657000E+02  0.480750E-05 -0.867260E-06 -0.206933E-05
  0.660000E+02  0.486126E-05 -0.831627E-06 -0.207949E-05
  0.663000E+02  0.487207E-05 -0.770893E-06 -0.207376E-05
  0.666000E+02  0.483566E-05 -0.683325E-06 -0.205173E-05
  0.669000E+02  0.474811E-05 -0.567838E-06 -0.201320E-05
  0.672000E+02  0.460626E-05 -0.424081E-06 -0.195830E-05
  0.675000E+02  0.440783E-05 -0.252440E-06 -0.188749E-05
  0.678000E+02  0.415147E-05 -0.540423E-07 -0.180163E-05
  0.681000E+02  0.383680E-05  0.169220E-06 -0.170204E-05
  0.684000E+02  0.346436E-05  0.414733E-06 -0.159041E-05
  0.687000E+02  0.303558E-05  0.679238E-06 -0.146874E-05
  0.690000E+02  0.255267E-05  0.958869E-06 -0.133915E-05
  0.693000E+02  0.201861E-05  0.124913E-05 -0.120373E-05
  0.696000E+02  0.143709E-05  0.154492E-05 -0.106448E-05
  0.699000E+02  0.812505E-06  0.184053E-05 -0.923134E-06
  0.702000E+02  0.150116E-06  0.212976E-05 -0.781053E-06
  0.705000E+02 -0.543782E-06  0.240607E-05 -0.639051E-06
  0.708000E+02 -0.126188E-05  0.266289E-05 -0.497354E-06
  0.711000E+02 -0.199606E-05  0.289381E-05 -0.355607E-06
  0.714000E+02 -0.273759E-05  0.309277E-05 -0.212894E-06
  0.717000E+02 -0.347740E-05  0.325422E-05 -0.677946E-07
  0.720000E+02 -0.420619E-05  0.337330E-05  0.815310E-07
  0.723000E+02 -0.491458E-05  0.344614E-05  0.237206E-06
  0.726000E+02 -0.559320E-05  0.346984E-05  0.401471E-06
  0.729000E+02 -0.623274E-05  0.344261E-05  0.576498E-06
  0.732000E+02 -0.682410E-05  0.336372E-05  0.764252E-06
  0.735000E+02 -0.735846E-05  0.323377E-05  0.966347E-06
  0.738000E+02 -0.782750E-05  0.305490E-05  0.118388E-05
  0.741000E+02 -0.822351E-05  0.283088E-05  0.141717E-05
  0.744000E+02 -0.853945E-05  0.256691E-05  0.166563E-05
  0.747000E+02 -0.876904E-05  0.226929E-05  0.192756E-05
  0.750000E+02 -0.890712E-05  0.194516E-05  0.220018E-05
  0.753000E+02 -0.894989E-05  0.160210E-05  0.247963E-05
  0.756000E+02 -0.889505E-05  0.124782E-05  0.276114E-05
  0.759000E+02 -0.874185E-05  0.889810E-06  0.303916E-05
  0.762000E+02 -0.849121E-05  0.534929E-06  0.330756E-05
  0.765000E+02 -0.814562E-05  0.189116E-06  0.355976E-05
  0.768000E+02 -0.770910E-05 -0.142781E-06  0.378899E-05
  0.771000E+02 -0.718709E-05 -0.457171E-06  0.398853E-05
  0.774000E+02 -0.658628E-05 -0.751855E-06  0.415207E-05
  0.777000E+02 -0.591447E-05 -0.102596E-05  0.427404E-05
  0.780000E+02 -0.518043E-05 -0.127972E-05  0.434995E-05
  0.783000E+02 -0.439377E-05 -0.151424E-05  0.437666E-05
  0.786000E+02 -0.356483E-05 -0.173128E-05  0.435243E-05
  0.789000E+02 -0.270439E-05 -0.193297E-05  0.427697E-05
  0.792000E+02 -0.182341E-05 -0.212165E-05  0.415126E-05
  0.795000E+02 -0.932727E-06 -0.229969E-05  0.397738E-05
  0.798000E+02 -0.428822E-07 -0.246933E-05  0.375832E-05
  0.801000E+02  0.836096E-06 -0.263250E-05  0.349775E-05
  0.804000E+02  0.169481E-05 -0.279059E-05  0.319992E-05
  0.807000E+02  0.252449E-05 -0.294437E-05  0.286942E-05
  0.810000E+02  0.331689E-05 -0.309390E-05  0.251110E-05
  0.813000E+02  0.406416E-05 -0.323853E-05  0.212991E-05
  0.816000E+02  0.475870E-05 -0.337682E-05  0.173078E-05
  0.819000E+02  0.539327E-05 -0.350647E-05  0.131852E-05
  0.822000E+02  0.596103E-05 -0.362449E-05  0.897801E-06
  0.825000E+02  0.645582E-05 -0.372740E-05  0.473149E-06
  0.828000E+02  0.687231E-05 -0.381154E-05  0.490589E-07
  0.831000E+02  0.720622E-05 -0.387328E-05 -0.369893E-06
  0.834000E+02  0.745457E-05 -0.390924E-05 -0.778990E-06
  0.837000E+02  0.761588E-05 -0.391641E-05 -0.117345E-05
  0.840000E+02  0.769030E-05 -0.389226E-05 -0.154862E-05
  0.843000E+02  0.767960E-05 -0.383480E-05 -0.190019E-05
  0.846000E+02  0.758709E-05 -0.374265E-05 -0.222439E-05
  0.849000E+02  0.741741E-05 -0.361503E-05 -0.251819E-05
  0.852000E+02  0.717644E-05 -0.345178E-05 -0.277941E-05
  0.855000E+02  0.687097E-05 -0.325336E-05 -0.300672E-05
  0.858000E+02  0.650850E-05 -0.302097E-05 -0.319956E-05
  0.861000E+02  0.609692E-05 -0.275656E-05 -0.335793E-05
  0.864000E+02  0.564432E-05 -0.246280E-05 -0.348230E-05
  0.867000E+02  0.515872E-05 -0.214289E-05 -0.357349E-05
  0.870000E+02  0.464790E-05 -0.180041E-05 -0.363263E-05
  0.873000E+02  0.411924E-05 -0.143920E-05 -0.366112E-05
  0.876000E+02  0.357963E-05 -0.106331E-05 -0.366067E-05
  0.879000E+02  0.303542E-05 -0.676889E-06 -0.363327E-05
  0.882000E+02  0.249240E-05 -0.284171E-06 -0.358107E-05
  0.885000E+02  0.195584E-05  0.110655E-06 -0.350632E-05
  0.888000E+02  0.143045E-05  0.503486E-06 -0.341126E-05
  0.891000E+02  0.920599E-06  0.890357E-06 -0.329808E-05
  0.894000E+02  0.430442E-06  0.126746E-05 -0.316896E-05
  0.897000E+02 -0.359303E-07  0.163121E-05 -0.302618E-05
  0.900000E+02 -0.474540E-06  0.197824E-05 -0.287226E-05
  0.903000E+02 -0.881705E-06  0.230550E-05 -0.270992E-05
  0.906000E+02 -0.125427E-05  0.261018E-05 -0.254206E-05
  0.909000E+02 -0.158975E-05  0.288968E-05 -0.237167E-05
  0.912000E+02 -0.188639E-05  0.314164E-05 -0.220168E-05
  0.915000E+02 -0.214309E-05  0.336395E-05 -0.203482E-05
  0.918000E+02 -0.235941E-05  0.355485E-05 -0.187348E-05
  0.921000E+02 -0.253548E-05  0.371304E-05 -0.171953E-05
  0.924000E+02 -0.267202E-05  0.383775E-05 -0.157419E-05
  0.927000E+02 -0.277034E-05  0.392873E-05 -0.143803E-05
  0.930000E+02 -0.283228E-05  0.398624E-05 -0.131098E-05
  0.933000E+02 -0.286020E-05  0.401099E-05 -0.119246E-05
  0.936000E+02 -0.285686E-05  0.400409E-05 -0.108149E-05
  0.939000E+02 -0.282518E-05  0.396697E-05 -0.976807E-06
  0.942000E+02 -0.276810E-05  0.390115E-05 -0.876926E-06
  0.945000E+02 -0.268840E-05  0.380812E-05 -0.780303E-06
  0.948000E+02 -0.258864E-05  0.368922E-05 -0.685408E-06
  0.951000E+02 -0.247119E-05  0.354563E-05 -0.590797E-06
  0.954000E+02 -0.233826E-05  0.337850E-05 -0.495168E-06
  0.957000E+02 -0.219196E-05  0.318908E-05 -0.397427E-06
  0.960000E+02 -0.203437E-05  0.297897E-05 -0.296767E-06
  0.963000E+02 -0.186763E-05  0.275018E-05 -0.192706E-06
  0.966000E+02 -0.169414E-05  0.250514E-05 -0.850727E-07
  0.969000E+02 -0.151665E-05  0.224659E-05  0.260517E-07
  0.972000E+02 -0.133821E-05  0.197738E-05  0.140427E-06
  0.975000E+02 -0.116204E-05  0.170032E-05  0.257759E-06
  0.978000E+02 -0.991382E-06  0.141810E-05  0.377768E-06
  0.981000E+02 -0.829364E-06  0.113319E-05  0.500218E-06
  0.984000E+02 -0.678897E-06  0.847814E-06  0.624924E-06
  0.987000E+02 -0.542566E-06  0.564014E-06  0.751752E-06
  0.990000E+02 -0.422540E-06  0.283738E-06  0.880624E-06
  0.993000E+02 -0.320506E-06  0.891467E-08  0.101150E-05
  0.996000E+02 -0.237624E-06 -0.258552E-06  0.114433E-05
  0.999000E+02 -0.174505E-06 -0.516799E-06  0.127898E-05
  0.100200E+03 -0.131191E-06 -0.763997E-06  0.141512E-05
  0.100500E+03 -0.107097E-06 -0.998299E-06  0.155217E-05
  0.100800E+03 -0.100984E-06 -0.121779E-05  0.168928E-05
  0.101100E+03 -0.111043E-06 -0.142051E-05  0.182529E-05
  0.101400E+03 -0.135093E-06 -0.160451E-05  0.195881E-05
  0.101700E+03 -0.170784E-06 -0.176800E-05  0.208820E-05
  0.102000E+03 -0.215784E-06 -0.190947E-05  0.221171E-05
  0.102300E+03 -0.267884E-06 -0.202774E-05  0.232757E-05
  0.102600E+03 -0.325077E-06 -0.212214E-05  0.243418E-05
  0.102900E+03 -0.385611E-06 -0.219255E-05  0.253014E-05
  0.103200E+03 -0.448002E-06 -0.223942E-05  0.261440E-05
  0.103500E+03 -0.510939E-06 -0.226371E-05  0.268622E-05
  0.103800E+03 -0.573158E-06 -0.226671E-05  0.274514E-05
  0.104100E+03 -0.633371E-06 -0.224995E-05  0.279088E-05
  0.104400E+03 -0.690287E-06 -0.221498E-05  0.282322E-05
  0.104700E+03 -0.742673E-06 -0.216323E-05  0.284188E-05
  0.105000E+03 -0.789390E-06 -0.209584E-05  0.284651E-05
  0.105300E+03 -0.829404E-06 -0.201361E-05  0.283669E-05
  0.105600E+03 -0.861762E-06 -0.191711E-05  0.281197E-05
  0.105900E+03 -0.885541E-06 -0.180683E-05  0.277186E-05
  0.106200E+03 -0.899813E-06 -0.168331E-05  0.271592E-05
  0.106500E+03 -0.903688E-06 -0.154726E-05  0.264379E-05
  0.106800E+03 -0.896434E-06 -0.139963E-05  0.255528E-05
  0.107100E+03 -0.877637E-06 -0.124169E-05  0.245043E-05
  0.107400E+03 -0.847295E-06 -0.107504E-05  0.232950E-05
  0.107700E+03 -0.805837E-06 -0.901655E-06  0.219299E-05
  0.108000E+03 -0.754064E-06 -0.723781E-06  0.204158E-05
  0.108300E+03 -0.693013E-06 -0.543827E-06  0.187612E-05
  0.108600E+03 -0.623813E-06 -0.364264E-06  0.169759E-05
  0.108900E+03 -0.547609E-06 -0.187551E-06  0.150702E-05
  0.109200E+03 -0.465552E-06 -0.160429E-07  0.130549E-05
  0.109500E+03 -0.378781E-06  0.148067E-06  0.109408E-05
  0.109800E+03 -0.288377E-06  0.302749E-06  0.873885E-06
  0.110100E+03 -0.195278E-06  0.446090E-06  0.646056E-06
  0.110400E+03 -0.100200E-06  0.576259E-06  0.411760E-06
  0.110700E+03 -0.360172E-08  0.691518E-06  0.172194E-06
  0.111000E+03  0.942809E-07  0.790292E-06 -0.714167E-07
  0.111300E+03  0.193304E-06  0.871244E-06 -0.317807E-06
  0.111600E+03  0.293259E-06  0.933324E-06 -0.565625E-06
  0.111900E+03  0.393768E-06  0.975789E-06 -0.813380E-06
  0.112200E+03  0.494236E-06  0.998215E-06 -0.105938E-05
  0.112500E+03  0.593891E-06  0.100051E-05 -0.130172E-05
  0.112800E+03  0.691844E-06  0.982919E-06 -0.153828E-05
  0.113100E+03  0.787123E-06  0.946074E-06 -0.176677E-05
  0.113400E+03  0.878658E-06  0.890935E-06 -0.198486E-05
  0.113700E+03  0.965284E-06  0.818768E-06 -0.219021E-05
  0.114000E+03  0.104579E-05  0.731089E-06 -0.238060E-05
  0.114300E+03  0.111902E-05  0.629631E-06 -0.255394E-05
  0.114600E+03  0.118397E-05  0.516318E-06 -0.270833E-05
  0.114900E+03  0.123997E-05  0.393223E-06 -0.284212E-05
  0.115200E+03  0.128675E-05  0.262492E-06 -0.295399E-05
  0.115500E+03  0.132450E-05  0.126281E-06 -0.304293E-05
  0.115800E+03  0.135381E-05 -0.132643E-07 -0.310834E-05
  0.116100E+03  0.137558E-05 -0.154016E-06 -0.314998E-05
  0.116400E+03  0.139088E-05 -0.293890E-06 -0.316797E-05
  0.116700E+03  0.140082E-05 -0.430901E-06 -0.316269E-05
  0.117000E+03  0.140640E-05 -0.563225E-06 -0.313470E-05
  0.117300E+03  0.140844E-05 -0.689216E-06 -0.308464E-05
  0.117600E+03  0.140749E-05 -0.807370E-06 -0.301322E-05
  0.117900E+03  0.140383E-05 -0.916273E-06 -0.292114E-05
  0.118200E+03  0.139740E-05 -0.101458E-05 -0.280912E-05
  0.118500E+03  0.138795E-05 -0.110104E-05 -0.267796E-05
  0.118800E+03  0.137507E-05 -0.117453E-05 -0.252858E-05
  0.119100E+03  0.135835E-05 -0.123411E-05 -0.236204E-05
  0.119400E+03  0.133738E-05 -0.127908E-05 -0.217957E-05
  0.119700E+03  0.131186E-05 -0.130890E-05 -0.198263E-05
  0.120000E+03  0.128150E-05 -0.132321E-05 -0.177288E-05
  0.120300E+03  0.124595E-05 -0.132178E-05 -0.155222E-05
  0.120600E+03  0.120480E-05 -0.130445E-05 -0.132275E-05
  0.120900E+03  0.115748E-05 -0.127119E-05 -0.108673E-05
  0.121200E+03  0.110324E-05 -0.122216E-05 -0.846526E-06
  0.121500E+03  0.104125E-05 -0.115777E-05 -0.604519E-06
  0.121800E+03  0.970683E-06 -0.107864E-05 -0.363081E-06
  0.122100E+03  0.890897E-06 -0.985628E-06 -0.124512E-06
  0.122400E+03  0.801555E-06 -0.879746E-06  0.109015E-06
  0.122700E+03  0.702748E-06 -0.762144E-06  0.335523E-06
  0.123000E+03  0.595017E-06 -0.634065E-06  0.553258E-06
  0.123300E+03  0.479286E-06 -0.496819E-06  0.760682E-06
  0.123600E+03  0.356706E-06 -0.351760E-06  0.956424E-06
  0.123900E+03  0.228518E-06 -0.200290E-06  0.113921E-05
  0.124200E+03  0.959431E-07 -0.438507E-07  0.130784E-05
  0.124500E+03 -0.398713E-07  0.116056E-06  0.146113E-05
  0.124800E+03 -0.177846E-06  0.277849E-06  0.159799E-05
  0.125100E+03 -0.316930E-06  0.439873E-06  0.171743E-05
  0.125400E+03 -0.456041E-06  0.600423E-06  0.181864E-05
  0.125700E+03 -0.594037E-06  0.757801E-06  0.190098E-05
  0.126000E+03 -0.729732E-06  0.910379E-06  0.196411E-05
  0.126300E+03 -0.861950E-06  0.105667E-05  0.200795E-05
  0.126600E+03 -0.989572E-06  0.119538E-05  0.203268E-05
  0.126900E+03 -0.111156E-05  0.132543E-05  0.203874E-05
  0.127200E+03 -0.122694E-05  0.144588E-05  0.202677E-05
  0.127500E+03 -0.133482E-05  0.155586E-05  0.199764E-05
  0.127800E+03 -0.143438E-05  0.165455E-05  0.195242E-05
  0.128100E+03 -0.152487E-05  0.174112E-05  0.189234E-05
  0.128400E+03 -0.160559E-05  0.181476E-05  0.181886E-05
  0.128700E+03 -0.167586E-05  0.187464E-05  0.173353E-05
  0.129000E+03 -0.173508E-05  0.191993E-05  0.163804E-05
  0.129300E+03 -0.178265E-05  0.194980E-05  0.153409E-05
  0.129600E+03 -0.181801E-05  0.196346E-05  0.142340E-05
  0.129900E+03 -0.184061E-05  0.196038E-05  0.130758E-05
  0.130200E+03 -0.184998E-05  0.194030E-05  0.118817E-05
  0.130500E+03 -0.184575E-05  0.190339E-05  0.106657E-05
  0.130800E+03 -0.182762E-05  0.185015E-05  0.944038E-06
  0.131100E+03 -0.179536E-05  0.178142E-05  0.821771E-06
  0.131400E+03 -0.174879E-05  0.169827E-05  0.700863E-06
  0.131700E+03 -0.168780E-05  0.160190E-05  0.582320E-06
  0.132000E+03 -0.161235E-05  0.149355E-05  0.467034E-06
  0.132300E+03 -0.152253E-05  0.137448E-05  0.355777E-06
  0.132600E+03 -0.141863E-05  0.124591E-05  0.249197E-06
  0.132900E+03 -0.130116E-05  0.110898E-05  0.147829E-06
  0.133200E+03 -0.117086E-05  0.964740E-06  0.521018E-07
  0.133500E+03 -0.102869E-05  0.814180E-06 -0.376480E-07
  0.133800E+03 -0.875926E-06  0.658230E-06 -0.121182E-06
  0.134100E+03 -0.714092E-06  0.497811E-06 -0.198372E-06
  0.134400E+03 -0.544946E-06  0.333856E-06 -0.269223E-06
  0.134700E+03 -0.370393E-06  0.167315E-06 -0.333865E-06
  0.135000E+03 -0.192413E-06 -0.812122E-09 -0.392516E-06
  0.135300E+03 -0.130120E-07 -0.169441E-06 -0.445410E-06
  0.135600E+03  0.165824E-06 -0.337355E-06 -0.492745E-06
  0.135900E+03  0.342172E-06 -0.503170E-06 -0.534676E-06
  0.136200E+03  0.514197E-06 -0.665337E-06 -0.571337E-06
  0.136500E+03  0.680163E-06 -0.822192E-06 -0.602890E-06
  0.136800E+03  0.838443E-06 -0.972040E-06 -0.629574E-06
  0.137100E+03  0.987503E-06 -0.111322E-05 -0.651715E-06
  0.137400E+03  0.112587E-05 -0.124414E-05 -0.669699E-06
  0.137700E+03  0.125216E-05 -0.136328E-05 -0.683912E-06
  0.138000E+03  0.136504E-05 -0.146926E-05 -0.694697E-06
  0.138300E+03  0.146340E-05 -0.156082E-05 -0.702339E-06
  0.138600E+03  0.154633E-05 -0.163694E-05 -0.707045E-06
  0.138900E+03  0.161321E-05 -0.169683E-05 -0.708931E-06
  0.139200E+03  0.166368E-05 -0.174000E-05 -0.707989E-06
  0.139500E+03  0.169758E-05 -0.176623E-05 -0.704092E-06
  0.139800E+03  0.171497E-05 -0.177556E-05 -0.697013E-06
  0.140100E+03  0.171602E-05 -0.176830E-05 -0.686498E-06
  0.140400E+03  0.170111E-05 -0.174488E-05 -0.672317E-06
  0.140700E+03  0.167069E-05 -0.170587E-05 -0.654315E-06
  0.141000E+03  0.162523E-05 -0.165194E-05 -0.632422E-06
  0.141300E+03  0.156523E-05 -0.158384E-05 -0.606660E-06
  0.141600E+03  0.149113E-05 -0.150241E-05 -0.577163E-06
  0.141900E+03  0.140339E-05 -0.140868E-05 -0.544164E-06
  0.142200E+03  0.130248E-05 -0.130383E-05 -0.507947E-06
  0.142500E+03  0.118897E-05 -0.118921E-05 -0.468791E-06
  0.142800E+03  0.106355E-05 -0.106633E-05 -0.426922E-06
  0.143100E+03  0.927216E-06 -0.936905E-06 -0.382506E-06
  0.143400E+03  0.781236E-06 -0.802773E-06 -0.335673E-06
  0.143700E+03  0.627141E-06 -0.665891E-06 -0.286559E-06
  0.144000E+03  0.466633E-06 -0.528248E-06 -0.235360E-06
  0.144300E+03  0.301508E-06 -0.391782E-06 -0.182378E-06
  0.144600E+03  0.133609E-06 -0.258303E-06 -0.128041E-06
  0.144900E+03 -0.352150E-07 -0.129447E-06 -0.728787E-07
  0.145200E+03 -0.203150E-06 -0.666176E-08 -0.174676E-07
  0.145500E+03 -0.368433E-06  0.108790E-06  0.376149E-07
  0.145800E+03 -0.529345E-06  0.215836E-06  0.918063E-07
  0.146100E+03 -0.684180E-06  0.313602E-06  0.144540E-06
  0.146400E+03 -0.831255E-06  0.401429E-06  0.195222E-06
  0.146700E+03 -0.968954E-06  0.478874E-06  0.243232E-06
  0.147000E+03 -0.109579E-05  0.545705E-06  0.287943E-06
  0.147300E+03 -0.121047E-05  0.601878E-06  0.328733E-06
  0.147600E+03 -0.131189E-05  0.647511E-06  0.365007E-06
  0.147900E+03 -0.139916E-05  0.682865E-06  0.396205E-06
  0.148200E+03 -0.147165E-05  0.708313E-06  0.421841E-06
  0.148500E+03 -0.152900E-05  0.724333E-06  0.441558E-06
  0.148800E+03 -0.157119E-05  0.731490E-06  0.455188E-06
  0.149100E+03 -0.159840E-05  0.730434E-06  0.462780E-06
  0.149400E+03 -0.161093E-05  0.721893E-06  0.464584E-06
  0.149700E+03 -0.160907E-05  0.706686E-06  0.461004E-06
  0.150000E+03 -0.159299E-05  0.685722E-06  0.452545E-06
  0.150300E+03 -0.156274E-05  0.659990E-06  0.439747E-06
  0.150600E+03 -0.151832E-05  0.630515E-06  0.423127E-06
  0.150900E+03 -0.145969E-05  0.598307E-06  0.403144E-06
  0.151200E+03 -0.138693E-05  0.564310E-06  0.380176E-06
  0.151500E+03 -0.130027E-05  0.529334E-06  0.354544E-06
  0.151800E+03 -0.120018E-05  0.493995E-06  0.326549E-06
  0.152100E+03 -0.108743E-05  0.458701E-06  0.296505E-06
  0.152400E+03 -0.963047E-06  0.423654E-06  0.264768E-06
  0.152700E+03 -0.828228E-06  0.388875E-06  0.231729E-06
  0.153000E+03 -0.684284E-06  0.354215E-06  0.197809E-06
  0.153300E+03 -0.532594E-06  0.319366E-06  0.163441E-06
  0.153600E+03 -0.374579E-06  0.283892E-06  0.129064E-06
  0.153900E+03 -0.211697E-06  0.247289E-06  0.951075E-07
  0.154200E+03 -0.454500E-07  0.209054E-06  0.619799E-07
  0.154500E+03  0.122631E-06  0.168727E-06  0.300624E-07
  0.154800E+03  0.291006E-06  0.125929E-06 -0.282537E-09
  0.155100E+03  0.458135E-06  0.804100E-07 -0.287009E-07
  0.155400E+03  0.622480E-06  0.321135E-07 -0.548435E-07
  0.155700E+03  0.782505E-06 -0.187392E-07 -0.783719E-07
  0.156000E+03  0.936663E-06 -0.715958E-07 -0.989751E-07
  0.156300E+03  0.108341E-05 -0.125566E-06 -0.116406E-06
  0.156600E+03  0.122123E-05 -0.179461E-06 -0.130526E-06
  0.156900E+03  0.134869E-05 -0.231867E-06 -0.141342E-06
  0.157200E+03  0.146447E-05 -0.281213E-06 -0.149016E-06
  0.157500E+03  0.156739E-05 -0.325855E-06 -0.153846E-06
  0.157800E+03  0.165636E-05 -0.364181E-06 -0.156232E-06
  0.158100E+03  0.173039E-05 -0.394736E-06 -0.156624E-06
  0.158400E+03  0.178852E-05 -0.416319E-06 -0.155464E-06
  0.158700E+03  0.182988E-05 -0.428060E-06 -0.153148E-06
  0.159000E+03  0.185369E-05 -0.429455E-06 -0.149994E-06
  0.159300E+03  0.185931E-05 -0.420380E-06 -0.146250E-06
  0.159600E+03  0.184633E-05 -0.401069E-06 -0.142101E-06
  0.159900E+03  0.181466E-05 -0.372067E-06 -0.137689E-06
  0.160200E+03  0.176466E-05 -0.334175E-06 -0.133132E-06
  0.160500E+03  0.169718E-05 -0.288392E-06 -0.128538E-06
  0.160800E+03  0.161355E-05 -0.235849E-06 -0.123998E-06
  0.161100E+03  0.151543E-05 -0.177740E-06 -0.119571E-06
  0.161400E+03  0.140470E-05 -0.115257E-06 -0.115275E-06
  0.161700E+03  0.128323E-05 -0.495456E-07 -0.111074E-06
  0.162000E+03  0.115276E-05  0.183102E-07 -0.106905E-06
  0.162300E+03  0.101486E-05  0.872748E-07 -0.102705E-06
  0.162600E+03  0.870855E-06  0.156323E-06 -0.984551E-07
  0.162900E+03  0.721927E-06  0.224401E-06 -0.942066E-07
  0.163200E+03  0.569106E-06  0.290408E-06 -0.900997E-07
  0.163500E+03  0.413342E-06  0.353220E-06 -0.863575E-07
  0.163800E+03  0.255562E-06  0.411747E-06 -0.832628E-07
  0.164100E+03  0.967205E-07  0.465003E-06 -0.811194E-07
  0.164400E+03 -0.621708E-07  0.512150E-06 -0.802081E-07
  0.164700E+03 -0.220044E-06  0.552498E-06 -0.807457E-07
  0.165000E+03 -0.375793E-06  0.585503E-06 -0.828616E-07
  0.165300E+03 -0.528298E-06  0.610747E-06 -0.865933E-07
  0.165600E+03 -0.676460E-06  0.627946E-06 -0.918921E-07
  0.165900E+03 -0.819204E-06  0.636958E-06 -0.986335E-07
  0.166200E+03 -0.955464E-06  0.637804E-06 -0.106632E-06
  0.166500E+03 -0.108415E-05  0.630691E-06 -0.115661E-06
  0.166800E+03 -0.120413E-05  0.616023E-06 -0.125458E-06
  0.167100E+03 -0.131421E-05  0.594398E-06 -0.135748E-06
  0.167400E+03 -0.141316E-05  0.566580E-06 -0.146252E-06
  0.167700E+03 -0.149978E-05  0.533427E-06 -0.156721E-06
  0.168000E+03 -0.157293E-05  0.495810E-06 -0.166956E-06
  0.168300E+03 -0.163162E-05  0.454514E-06 -0.176816E-06
  0.168600E+03 -0.167500E-05  0.410154E-06 -0.186204E-06
  0.168900E+03 -0.170242E-05  0.363111E-06 -0.195030E-06
  0.169200E+03 -0.171348E-05  0.313502E-06 -0.203165E-06
  0.169500E+03 -0.170813E-05  0.261217E-06 -0.210384E-06
  0.169800E+03 -0.168663E-05  0.205981E-06 -0.216322E-06
  0.170100E+03 -0.164956E-05  0.147456E-06 -0.220464E-06
  0.170400E+03 -0.159775E-05  0.853626E-07 -0.222180E-06
  0.170700E+03 -0.153219E-05  0.196048E-07 -0.220790E-06
  0.171000E+03 -0.145410E-05 -0.496052E-07 -0.215651E-06
  0.171300E+03 -0.136488E-05 -0.121640E-06 -0.206239E-06
  0.171600E+03 -0.126612E-05 -0.195412E-06 -0.192228E-06
  0.171900E+03 -0.115961E-05 -0.269421E-06 -0.173533E-06
  0.172200E+03 -0.104723E-05 -0.341885E-06 -0.150310E-06
  0.172500E+03 -0.930871E-06 -0.410926E-06 -0.122934E-06
  0.172800E+03 -0.812339E-06 -0.474771E-06 -0.919364E-07
  0.173100E+03 -0.693244E-06 -0.531926E-06 -0.579369E-07
  0.173400E+03 -0.574912E-06 -0.581276E-06 -0.215785E-07
  0.173700E+03 -0.458311E-06 -0.622109E-06  0.165249E-07
  0.174000E+03 -0.344042E-06 -0.654071E-06  0.558175E-07
  0.174300E+03 -0.232394E-06 -0.677103E-06  0.958071E-07
  0.174600E+03 -0.123452E-06 -0.691378E-06  0.136049E-06
  0.174900E+03 -0.172066E-07 -0.697238E-06  0.176121E-06
  0.175200E+03  0.863512E-07 -0.695152E-06  0.215597E-06
  0.175500E+03  0.187158E-06 -0.685679E-06  0.254038E-06
  0.175800E+03  0.285016E-06 -0.669457E-06  0.290997E-06
  0.176100E+03  0.379545E-06 -0.647188E-06  0.326030E-06
  0.176400E+03  0.470151E-06 -0.619623E-06  0.358710E-06
  0.176700E+03  0.556034E-06 -0.587529E-06  0.388647E-06
  0.177000E+03  0.636230E-06 -0.551643E-06  0.415493E-06
  0.177300E+03  0.709687E-06 -0.512622E-06  0.438952E-06
  0.177600E+03  0.775368E-06 -0.471009E-06  0.458778E-06
  0.177900E+03  0.832347E-06 -0.427224E-06  0.474767E-06
  0.178200E+03  0.879890E-06 -0.381595E-06  0.486736E-06
  0.178500E+03  0.917501E-06 -0.334399E-06  0.494511E-06
  0.178800E+03  0.944941E-06 -0.285926E-06  0.497925E-06
  0.179100E+03  0.962220E-06 -0.236520E-06  0.496836E-06
  0.179400E+03  0.969559E-06 -0.186586E-06  0.491155E-06
  0.179700E+03  0.967345E-06 -0.136578E-06  0.480868E-06
  0.180000E+03  0.956095E-06 -0.869823E-07  0.466057E-06
  0.180300E+03  0.936438E-06 -0.383067E-07  0.446906E-06
  0.180600E+03  0.909113E-06  0.889996E-08  0.423690E-06
  0.180900E+03  0.874961E-06  0.540338E-07  0.396756E-06
  0.181200E+03  0.834899E-06  0.964219E-07  0.366486E-06
  0.181500E+03  0.789884E-06  0.135325E-06  0.333275E-06
  0.181800E+03  0.740856E-06  0.169971E-06  0.297509E-06
  0.182100E+03  0.688682E-06  0.199607E-06  0.259562E-06
  0.182400E+03  0.634107E-06  0.223581E-06  0.219793E-06
  0.182700E+03  0.577736E-06  0.241407E-06  0.178557E-06
  0.183000E+03  0.520067E-06  0.252820E-06  0.136223E-06
  0.183300E+03  0.461566E-06  0.257797E-06  0.931819E-07
  0.183600E+03  0.402761E-06  0.256564E-06  0.498483E-07
  0.183900E+03  0.344320E-06  0.249583E-06  0.663350E-08
  0.184200E+03  0.287070E-06  0.237529E-06 -0.360861E-07
  0.184500E+03  0.231973E-06  0.221245E-06 -0.779968E-07
  0.184800E+03  0.180039E-06  0.201679E-06 -0.118853E-06
  0.185100E+03  0.132249E-06  0.179816E-06 -0.158451E-06
  0.185400E+03  0.894514E-07  0.156636E-06 -0.196586E-06
  0.185700E+03  0.522854E-07  0.133107E-06 -0.233012E-06
  0.186000E+03  0.211044E-07  0.110202E-06 -0.267402E-06
  0.186300E+03 -0.405249E-08  0.889075E-07 -0.299342E-06
  0.186600E+03 -0.234452E-07  0.702092E-07 -0.328318E-06
  0.186900E+03 -0.375807E-07  0.550459E-07 -0.353745E-06
  0.187200E+03 -0.471413E-07  0.442501E-07 -0.375011E-06
  0.187500E+03 -0.529075E-07  0.384974E-07 -0.391555E-06
  0.187800E+03 -0.556875E-07  0.382763E-07 -0.402950E-06
  0.188100E+03 -0.562594E-07  0.438734E-07 -0.408982E-06
  0.188400E+03 -0.553341E-07  0.553527E-07 -0.409709E-06
  0.188700E+03 -0.535399E-07  0.725299E-07 -0.405468E-06
  0.189000E+03 -0.514319E-07  0.949596E-07 -0.396862E-06
  0.189300E+03 -0.495164E-07  0.121953E-06 -0.384688E-06
  0.189600E+03 -0.482736E-07  0.152627E-06 -0.369855E-06
  0.189900E+03 -0.481705E-07  0.185961E-06 -0.353291E-06
  0.190200E+03 -0.496571E-07  0.220862E-06 -0.335854E-06
  0.190500E+03 -0.531476E-07  0.256197E-06 -0.318274E-06
  0.190800E+03 -0.589856E-07  0.290839E-06 -0.301100E-06
  0.191100E+03 -0.674060E-07  0.323698E-06 -0.284686E-06
  0.191400E+03 -0.785050E-07  0.353770E-06 -0.269200E-06
  0.191700E+03 -0.922296E-07  0.380190E-06 -0.254652E-06
  0.192000E+03 -0.108383E-06  0.402277E-06 -0.240932E-06
  0.192300E+03 -0.126628E-06  0.419555E-06 -0.227857E-06
  0.192600E+03 -0.146490E-06  0.431755E-06 -0.215210E-06
  0.192900E+03 -0.167356E-06  0.438777E-06 -0.202778E-06
  0.193200E+03 -0.188517E-06  0.440633E-06 -0.190375E-06
  0.193500E+03 -0.209210E-06  0.437386E-06 -0.177844E-06
  0.193800E+03 -0.228670E-06  0.429099E-06 -0.165056E-06
  0.194100E+03 -0.246144E-06  0.415813E-06 -0.151904E-06
  0.194400E+03 -0.260904E-06  0.397528E-06 -0.138289E-06
  0.194700E+03 -0.272260E-06  0.374219E-06 -0.124109E-06
  0.195000E+03 -0.279589E-06  0.345864E-06 -0.109247E-06
  0.195300E+03 -0.282370E-06  0.312489E-06 -0.935687E-07
  0.195600E+03 -0.280217E-06  0.274215E-06 -0.769114E-07
  0.195900E+03 -0.272897E-06  0.231307E-06 -0.590879E-07
  0.196200E+03 -0.260333E-06  0.184207E-06 -0.398892E-07
  0.196500E+03 -0.242591E-06  0.133543E-06 -0.191057E-07
  0.196800E+03 -0.219849E-06  0.801146E-07  0.343183E-08
  0.197100E+03 -0.192364E-06  0.248569E-07  0.278017E-07
  0.197400E+03 -0.160466E-06 -0.312061E-07  0.539530E-07
  0.197700E+03 -0.124571E-06 -0.870151E-07  0.816965E-07
  0.198000E+03 -0.852196E-07 -0.141543E-06  0.110725E-06
  0.198300E+03 -0.431116E-07 -0.193872E-06  0.140648E-06
  0.198600E+03  0.882991E-09 -0.243258E-06  0.171023E-06
  0.198900E+03  0.457521E-07 -0.289180E-06  0.201388E-06
  0.199200E+03  0.903999E-07 -0.331343E-06  0.231282E-06
  0.199500E+03  0.133715E-06 -0.369668E-06  0.260277E-06
  0.199800E+03  0.174638E-06 -0.404256E-06  0.287992E-06
  0.200100E+03  0.212222E-06 -0.435344E-06  0.314123E-06
  0.200400E+03  0.245673E-06 -0.463263E-06  0.338444E-06
  0.200700E+03  0.274372E-06 -0.488379E-06  0.360817E-06
  0.201000E+03  0.297859E-06 -0.511040E-06  0.381180E-06
  0.201300E+03  0.315812E-06 -0.531504E-06  0.399534E-06
  0.201600E+03  0.328031E-06 -0.549875E-06  0.415915E-06
  0.201900E+03  0.334419E-06 -0.566054E-06  0.430368E-06
  0.202200E+03  0.334977E-06 -0.579731E-06  0.442903E-06
  0.202500E+03  0.329774E-06 -0.590401E-06  0.453478E-06
  0.202800E+03  0.318924E-06 -0.597427E-06  0.461975E-06
  0.203100E+03  0.302557E-06 -0.600123E-06  0.468199E-06
  0.203400E+03  0.280798E-06 -0.597851E-06  0.471872E-06
  0.203700E+03  0.253768E-06 -0.590095E-06  0.472642E-06
  0.204000E+03  0.221585E-06 -0.576504E-06  0.470095E-06
  0.204300E+03  0.184370E-06 -0.556900E-06  0.463782E-06
  0.204600E+03  0.142241E-06 -0.531265E-06  0.453242E-06
  0.204900E+03  0.953271E-07 -0.499715E-06  0.438021E-06
  0.205200E+03  0.437894E-07 -0.462479E-06  0.417690E-06
  0.205500E+03 -0.121332E-07 -0.419871E-06  0.391866E-06
  0.205800E+03 -0.720758E-07 -0.372262E-06  0.360247E-06
  0.206100E+03 -0.135503E-06 -0.320054E-06  0.322656E-06
  0.206400E+03 -0.201681E-06 -0.263665E-06  0.279093E-06
  0.206700E+03 -0.269673E-06 -0.203518E-06  0.229770E-06
  0.207000E+03 -0.338374E-06 -0.140055E-06  0.175120E-06
  0.207300E+03 -0.406559E-06 -0.737667E-07  0.115775E-06
  0.207600E+03 -0.472954E-06 -0.524637E-08  0.525198E-07
  0.207900E+03 -0.536302E-06  0.647710E-07 -0.137556E-07
  0.208200E+03 -0.595420E-06  0.135396E-06 -0.821104E-07
  0.208500E+03 -0.649267E-06  0.205621E-06 -0.151596E-06
  0.208800E+03 -0.696997E-06  0.274382E-06 -0.221291E-06
  0.209100E+03 -0.737997E-06  0.340629E-06 -0.290326E-06
  0.209400E+03 -0.771881E-06  0.403380E-06 -0.357894E-06
  0.209700E+03 -0.798471E-06  0.461752E-06 -0.423267E-06
  0.210000E+03 -0.817743E-06  0.514983E-06 -0.485804E-06
  0.210300E+03 -0.829777E-06  0.562443E-06 -0.544964E-06
  0.210600E+03 -0.834724E-06  0.603645E-06 -0.600315E-06
  0.210900E+03 -0.832780E-06  0.638241E-06 -0.651532E-06
  0.211200E+03 -0.824177E-06  0.665995E-06 -0.698391E-06
  0.211500E+03 -0.809178E-06  0.686747E-06 -0.740755E-06
  0.211800E+03 -0.788064E-06  0.700372E-06 -0.778560E-06
  0.212100E+03 -0.761134E-06  0.706752E-06 -0.811780E-06
  0.212400E+03 -0.728695E-06  0.705750E-06 -0.840392E-06
  0.212700E+03 -0.691060E-06  0.697215E-06 -0.864332E-06
  0.213000E+03 -0.648536E-06  0.681008E-06 -0.883454E-06
  0.213300E+03 -0.601408E-06  0.657046E-06 -0.897510E-06
  0.213600E+03 -0.549928E-06  0.625350E-06 -0.906125E-06
  0.213900E+03 -0.494295E-06  0.586096E-06 -0.908812E-06
  0.214200E+03 -0.434668E-06  0.539647E-06 -0.905000E-06
  0.214500E+03 -0.371180E-06  0.486564E-06 -0.894085E-06
  0.214800E+03 -0.303959E-06  0.427593E-06 -0.875494E-06
  0.215100E+03 -0.233147E-06  0.363651E-06 -0.848733E-06
  0.215400E+03 -0.158910E-06  0.295799E-06 -0.813424E-06
  0.215700E+03 -0.814328E-07  0.225221E-06 -0.769328E-06
  0.216000E+03 -0.921787E-09  0.153177E-06 -0.716355E-06
  0.216300E+03  0.823746E-07  0.809520E-07 -0.654574E-06
  0.216600E+03  0.168137E-06  0.979134E-08 -0.584201E-06
  0.216900E+03  0.255943E-06 -0.591439E-07 -0.505590E-06
  0.217200E+03  0.345229E-06 -0.124805E-06 -0.419220E-06
  0.217500E+03  0.435272E-06 -0.186260E-06 -0.325691E-06
  0.217800E+03  0.525186E-06 -0.242699E-06 -0.225731E-06
  0.218100E+03  0.613945E-06 -0.293433E-06 -0.120198E-06
  0.218400E+03  0.700431E-06 -0.337903E-06 -0.100839E-07
  0.218700E+03  0.783496E-06 -0.375682E-06  0.103501E-06
  0.219000E+03  0.862046E-06 -0.406471E-06  0.219346E-06
  0.219300E+03  0.935122E-06 -0.430090E-06  0.336164E-06
  0.219600E+03  0.100196E-05 -0.446457E-06  0.452620E-06
  0.219900E+03  0.106203E-05 -0.455571E-06  0.567360E-06
  0.220200E+03  0.111500E-05 -0.457487E-06  0.679036E-06
  0.220500E+03  0.116064E-05 -0.452302E-06  0.786332E-06
  0.220800E+03  0.119883E-05 -0.440127E-06  0.887985E-06
  0.221100E+03  0.122938E-05 -0.421091E-06  0.982795E-06
  0.221400E+03  0.125207E-05 -0.395352E-06  0.106964E-05
  0.221700E+03  0.126657E-05 -0.363134E-06  0.114748E-05
  0.222000E+03  0.127255E-05 -0.324775E-06  0.121538E-05
  0.222300E+03  0.126965E-05 -0.280768E-06  0.127248E-05
  0.222600E+03  0.125761E-05 -0.231807E-06  0.131804E-05
  0.222900E+03  0.123632E-05 -0.178804E-06  0.135141E-05
  0.223200E+03  0.120584E-05 -0.122891E-06  0.137206E-05
  0.223500E+03  0.116641E-05 -0.653901E-07  0.137957E-05
  0.223800E+03  0.111848E-05 -0.777095E-08  0.137369E-05
  0.224100E+03  0.106261E-05  0.484064E-07  0.135435E-05
  0.224400E+03  0.999498E-06  0.101552E-06  0.132171E-05
  0.224700E+03  0.929894E-06  0.150117E-06  0.127612E-05
  0.225000E+03  0.854572E-06  0.192663E-06  0.121820E-05
  0.225300E+03  0.774302E-06  0.227925E-06  0.114878E-05
  0.225600E+03  0.689822E-06  0.254861E-06  0.106891E-05
  0.225900E+03  0.601833E-06  0.272689E-06  0.979787E-06
  0.226200E+03  0.510984E-06  0.280911E-06  0.882792E-06
  0.226500E+03  0.417872E-06  0.279320E-06  0.779403E-06
  0.226800E+03  0.323045E-06  0.267993E-06  0.671200E-06
  0.227100E+03  0.227017E-06  0.247271E-06  0.559816E-06
  0.227400E+03  0.130276E-06  0.217736E-06  0.446894E-06
  0.227700E+03  0.332832E-07  0.180172E-06  0.334028E-06
  0.228000E+03 -0.635284E-07  0.135528E-06  0.222702E-06
  0.228300E+03 -0.159753E-06  0.848688E-07  0.114243E-06
  0.228600E+03 -0.254995E-06  0.293307E-07  0.979212E-08
  0.228900E+03 -0.348850E-06 -0.299229E-07 -0.897153E-07
  0.229200E+03 -0.440888E-06 -0.917318E-07 -0.183554E-06
  0.229500E+03 -0.530652E-06 -0.154963E-06 -0.271195E-06
  0.229800E+03 -0.617660E-06 -0.218523E-06 -0.352287E-06
  0.230100E+03 -0.701413E-06 -0.281358E-06 -0.426623E-06
  0.230400E+03 -0.781407E-06 -0.342442E-06 -0.494109E-06
  0.230700E+03 -0.857142E-06 -0.400755E-06 -0.554737E-06
  0.231000E+03 -0.928133E-06 -0.455264E-06 -0.608558E-06
  0.231300E+03 -0.993909E-06 -0.504914E-06 -0.655673E-06
  0.231600E+03 -0.105401E-05 -0.548652E-06 -0.696216E-06
  0.231900E+03 -0.110796E-05 -0.585459E-06 -0.730350E-06
  0.232200E+03 -0.115529E-05 -0.614393E-06 -0.758267E-06
  0.232500E+03 -0.119552E-05 -0.634627E-06 -0.780190E-06
  0.232800E+03 -0.122819E-05 -0.645491E-06 -0.796380E-06
  0.233100E+03 -0.125288E-05 -0.646507E-06 -0.807147E-06
  0.233400E+03 -0.126923E-05 -0.637424E-06 -0.812862E-06
  0.233700E+03 -0.127695E-05 -0.618218E-06 -0.813953E-06
  0.234000E+03 -0.127583E-05 -0.589084E-06 -0.810896E-06
  0.234300E+03 -0.126576E-05 -0.550406E-06 -0.804181E-06
  0.234600E+03 -0.124672E-05 -0.502725E-06 -0.794292E-06
  0.234900E+03 -0.121882E-05 -0.446696E-06 -0.781677E-06
  0.235200E+03 -0.118224E-05 -0.383056E-06 -0.766737E-06
  0.235500E+03 -0.113728E-05 -0.312588E-06 -0.749806E-06
  0.235800E+03 -0.108435E-05 -0.236102E-06 -0.731143E-06
  0.236100E+03 -0.102401E-05 -0.154430E-06 -0.710936E-06
  0.236400E+03 -0.956957E-06 -0.684350E-07 -0.689317E-06
  0.236700E+03 -0.883939E-06  0.209819E-07 -0.666383E-06
  0.237000E+03 -0.805745E-06  0.112874E-06 -0.642213E-06
  0.237300E+03 -0.723147E-06  0.206248E-06 -0.616885E-06
  0.237600E+03 -0.636869E-06  0.300073E-06 -0.590486E-06
  0.237900E+03 -0.547572E-06  0.393292E-06 -0.563120E-06
  0.238200E+03 -0.455862E-06  0.484826E-06 -0.534912E-06
  0.238500E+03 -0.362301E-06  0.573589E-06 -0.506005E-06
  0.238800E+03 -0.267425E-06  0.658492E-06 -0.476553E-06
  0.239100E+03 -0.171767E-06  0.738471E-06 -0.446725E-06
  0.239400E+03 -0.758803E-07  0.812511E-06 -0.416701E-06
  0.239700E+03  0.196551E-07  0.879666E-06 -0.386682E-06
  0.240000E+03  0.114233E-06  0.939083E-06 -0.356884E-06
  0.240300E+03  0.207236E-06  0.990000E-06 -0.327535E-06
  0.240600E+03  0.298045E-06  0.103175E-05 -0.298862E-06
  0.240900E+03  0.386050E-06  0.106373E-05 -0.271071E-06
  0.241200E+03  0.470641E-06  0.108543E-05 -0.244319E-06
  0.241500E+03  0.551215E-06  0.109637E-05 -0.218689E-06
  0.241800E+03  0.627181E-06  0.109613E-05 -0.194169E-06
  0.242100E+03  0.697978E-06  0.108436E-05 -0.170634E-06
  0.242400E+03  0.763102E-06  0.106080E-05 -0.147844E-06
  0.242700E+03  0.822128E-06  0.102532E-05 -0.125453E-06
  0.243000E+03  0.874726E-06  0.977964E-06 -0.103033E-06
  0.243300E+03  0.920661E-06  0.918984E-06 -0.801165E-07
  0.243600E+03  0.959778E-06  0.848879E-06 -0.562313E-07
  0.243900E+03  0.991978E-06  0.768396E-06 -0.309440E-07
  0.244200E+03  0.101720E-05  0.678519E-06 -0.388746E-08
  0.244500E+03  0.103538E-05  0.580434E-06  0.252211E-07
  0.244800E+03  0.104647E-05  0.475484E-06  0.565775E-07
  0.245100E+03  0.105038E-05  0.365110E-06  0.902998E-07
  0.245400E+03  0.104700E-05  0.250787E-06  0.126442E-06
  0.245700E+03  0.103622E-05  0.133974E-06  0.165003E-06
  0.246000E+03  0.101783E-05  0.160677E-07  0.205935E-06
  0.246300E+03  0.991600E-06 -0.101626E-06  0.249131E-06
  0.246600E+03  0.957212E-06 -0.217902E-06  0.294422E-06
  0.246900E+03  0.914335E-06 -0.331646E-06  0.341559E-06
  0.247200E+03  0.862691E-06 -0.441813E-06  0.390202E-06
  0.247500E+03  0.802141E-06 -0.547390E-06  0.439904E-06
  0.247800E+03  0.732760E-06 -0.647379E-06  0.490104E-06
  0.248100E+03  0.654889E-06 -0.740794E-06  0.540122E-06
  0.248400E+03  0.569148E-06 -0.826675E-06  0.589162E-06
  0.248700E+03  0.476420E-06 -0.904119E-06  0.636315E-06
  0.249000E+03  0.377808E-06 -0.972300E-06  0.680587E-06
  0.249300E+03  0.274590E-06 -0.103050E-05  0.720928E-06
  0.249600E+03  0.168157E-06 -0.107813E-05  0.756285E-06
  0.249900E+03  0.599694E-07 -0.111479E-05  0.785648E-06
  0.250200E+03 -0.484974E-07 -0.114023E-05  0.808106E-06
  0.250500E+03 -0.155795E-06 -0.115444E-05  0.822880E-06
  0.250800E+03 -0.260544E-06 -0.115758E-05  0.829359E-06
  0.251100E+03 -0.361464E-06 -0.114999E-05  0.827113E-06
  0.251400E+03 -0.457400E-06 -0.113218E-05  0.815902E-06
  0.251700E+03 -0.547322E-06 -0.110472E-05  0.795678E-06
  0.252000E+03 -0.630336E-06 -0.106823E-05  0.766575E-06
  0.252300E+03 -0.705676E-06 -0.102334E-05  0.728897E-06
  0.252600E+03 -0.772704E-06 -0.970644E-06  0.683106E-06
  0.252900E+03 -0.830920E-06 -0.910741E-06  0.629798E-06
  0.253200E+03 -0.879948E-06 -0.844210E-06  0.569688E-06
  0.253500E+03 -0.919531E-06 -0.771646E-06  0.503584E-06
  0.253800E+03 -0.949516E-06 -0.693677E-06  0.432364E-06
  0.254100E+03 -0.969831E-06 -0.610993E-06  0.356950E-06
  0.254400E+03 -0.980474E-06 -0.524353E-06  0.278295E-06
  0.254700E+03 -0.981498E-06 -0.434599E-06  0.197379E-06
  0.255000E+03 -0.972992E-06 -0.342648E-06  0.115208E-06
  0.255300E+03 -0.955081E-06 -0.249492E-06  0.328219E-07
  0.255600E+03 -0.927928E-06 -0.156182E-06 -0.486984E-07
  0.255900E+03 -0.891745E-06 -0.638147E-07 -0.128236E-06
  0.256200E+03 -0.846796E-06  0.264818E-07 -0.204650E-06
  0.256500E+03 -0.793390E-06  0.113571E-06 -0.276804E-06
  0.256800E+03 -0.731881E-06  0.196341E-06 -0.343595E-06
  0.257100E+03 -0.662665E-06  0.273747E-06 -0.403986E-06
  0.257400E+03 -0.586205E-06  0.344870E-06 -0.457035E-06
  0.257700E+03 -0.503063E-06  0.408966E-06 -0.501929E-06
  0.258000E+03 -0.413936E-06  0.465515E-06 -0.538004E-06
  0.258300E+03 -0.319684E-06  0.514242E-06 -0.564776E-06
  0.258600E+03 -0.221340E-06  0.555125E-06 -0.581948E-06
  0.258900E+03 -0.120097E-06  0.588370E-06 -0.589413E-06
  0.259200E+03 -0.172778E-07  0.614365E-06 -0.587258E-06
  0.259500E+03  0.857226E-07  0.633629E-06 -0.575751E-06
  0.259800E+03  0.187492E-06  0.646748E-06 -0.555329E-06
  0.260100E+03  0.286665E-06  0.654334E-06 -0.526590E-06
  0.260400E+03  0.381973E-06  0.656977E-06 -0.490279E-06
  0.260700E+03  0.472289E-06  0.655222E-06 -0.447266E-06
  0.261000E+03  0.556657E-06  0.649548E-06 -0.398530E-06
  0.261300E+03  0.634301E-06  0.640354E-06 -0.345122E-06
  0.261600E+03  0.704629E-06  0.627966E-06 -0.288125E-06
  0.261900E+03  0.767216E-06  0.612642E-06 -0.228612E-06
  0.262200E+03  0.821780E-06  0.594587E-06 -0.167605E-06
  0.262500E+03  0.868162E-06  0.573968E-06 -0.106045E-06
  0.262800E+03  0.906300E-06  0.550929E-06 -0.447735E-07
  0.263100E+03  0.936211E-06  0.525602E-06  0.154664E-07
  0.263400E+03  0.957979E-06  0.498120E-06  0.740268E-07
  0.263700E+03  0.971739E-06  0.468640E-06  0.130334E-06
  0.264000E+03  0.977678E-06  0.437353E-06  0.183863E-06
  0.264300E+03  0.976019E-06  0.404488E-06  0.234118E-06
  0.264600E+03  0.967011E-06  0.370314E-06  0.280624E-06
  0.264900E+03  0.950912E-06  0.335113E-06  0.322920E-06
  0.265200E+03  0.927979E-06  0.299174E-06  0.360576E-06
  0.265500E+03  0.898465E-06  0.262773E-06  0.393193E-06
  0.265800E+03  0.862645E-06  0.226177E-06  0.420415E-06
  0.266100E+03  0.820833E-06  0.189640E-06  0.441933E-06
  0.266400E+03  0.773404E-06  0.153408E-06  0.457490E-06
  0.266700E+03  0.720795E-06  0.117719E-06  0.466880E-06
  0.267000E+03  0.663506E-06  0.827959E-07  0.469952E-06
  0.267300E+03  0.602094E-06  0.488576E-07  0.466609E-06
  0.267600E+03  0.537169E-06  0.161191E-07  0.456815E-06
  0.267900E+03  0.469381E-06 -0.151960E-07  0.440600E-06
  0.268200E+03  0.399405E-06 -0.448453E-07  0.418069E-06
  0.268500E+03  0.327921E-06 -0.725595E-07  0.389418E-06
  0.268800E+03  0.255586E-06 -0.980360E-07  0.354938E-06
  0.269100E+03  0.183015E-06 -0.120938E-06  0.315018E-06
  0.269400E+03  0.110756E-06 -0.140904E-06  0.270137E-06
  0.269700E+03  0.392800E-07 -0.157558E-06  0.220848E-06
  0.270000E+03 -0.310220E-07 -0.170543E-06  0.167760E-06
  0.270300E+03 -0.998313E-07 -0.179547E-06  0.111518E-06
  0.270600E+03 -0.166878E-06 -0.184343E-06  0.527892E-07
  0.270900E+03 -0.231915E-06 -0.184832E-06 -0.774570E-08
  0.271200E+03 -0.294690E-06 -0.181084E-06 -0.693965E-07
  0.271500E+03 -0.354926E-06 -0.173350E-06 -0.131462E-06
  0.271800E+03 -0.412303E-06 -0.162055E-06 -0.193223E-06
  0.272100E+03 -0.466442E-06 -0.147762E-06 -0.253936E-06
  0.272400E+03 -0.516905E-06 -0.131134E-06 -0.312826E-06
  0.272700E+03 -0.563210E-06 -0.112883E-06 -0.369089E-06
  0.273000E+03 -0.604866E-06 -0.937221E-07 -0.421911E-06
  0.273300E+03 -0.641424E-06 -0.743175E-07 -0.470496E-06
  0.273600E+03 -0.672531E-06 -0.552433E-07 -0.514099E-06
  0.273900E+03 -0.697996E-06 -0.369524E-07 -0.552067E-06
  0.274200E+03 -0.717828E-06 -0.197669E-07 -0.583868E-06
  0.274500E+03 -0.732281E-06 -0.388912E-08 -0.609122E-06
  0.274800E+03 -0.741844E-06  0.105701E-07 -0.627614E-06
  0.275100E+03 -0.747219E-06  0.235561E-07 -0.639301E-06
  0.275400E+03 -0.749247E-06  0.350356E-07 -0.644312E-06
  0.275700E+03 -0.748830E-06  0.449688E-07 -0.642924E-06
  0.276000E+03 -0.746824E-06  0.532959E-07 -0.635552E-06
  0.276300E+03 -0.743950E-06  0.599381E-07 -0.622712E-06
  0.276600E+03 -0.740720E-06  0.648112E-07 -0.604983E-06
  0.276900E+03 -0.737393E-06  0.678448E-07 -0.582974E-06
  0.277200E+03 -0.733976E-06  0.690044E-07 -0.557276E-06
  0.277500E+03 -0.730243E-06  0.683111E-07 -0.528442E-06
  0.277800E+03 -0.725791E-06  0.658580E-07 -0.496972E-06
  0.278100E+03 -0.720103E-06  0.618168E-07 -0.463325E-06
  0.278400E+03 -0.712625E-06  0.564319E-07 -0.427932E-06
  0.278700E+03 -0.702833E-06  0.500041E-07 -0.391219E-06
  0.279000E+03 -0.690292E-06  0.428672E-07 -0.353623E-06
  0.279300E+03 -0.674687E-06  0.353611E-07 -0.315590E-06
  0.279600E+03 -0.655841E-06  0.278042E-07 -0.277576E-06
  0.279900E+03 -0.633701E-06  0.204664E-07 -0.240035E-06
  0.280200E+03 -0.608316E-06  0.135427E-07 -0.203396E-06
  0.280500E+03 -0.579805E-06  0.713106E-08 -0.168043E-06
  0.280800E+03 -0.548331E-06  0.121932E-08 -0.134293E-06
  0.281100E+03 -0.514072E-06 -0.431579E-08 -0.102371E-06
  0.281400E+03 -0.477209E-06 -0.969495E-08 -0.724062E-07
  0.281700E+03 -0.437914E-06 -0.152116E-07 -0.444220E-07
  0.282000E+03 -0.396340E-06 -0.212018E-07 -0.183512E-07
  0.282300E+03 -0.352608E-06 -0.280140E-07  0.594660E-08
  0.282600E+03 -0.306802E-06 -0.359815E-07  0.286584E-07
  0.282900E+03 -0.258971E-06 -0.453992E-07  0.499919E-07
  0.283200E+03 -0.209140E-06 -0.565070E-07  0.701566E-07
  0.283500E+03 -0.157329E-06 -0.694812E-07  0.893561E-07
  0.283800E+03 -0.103573E-06 -0.844331E-07  0.107789E-06
  0.284100E+03 -0.479513E-07 -0.101416E-06  0.125656E-06
  0.284400E+03  0.939094E-08 -0.120428E-06  0.143163E-06
  0.284700E+03  0.682261E-07 -0.141418E-06  0.160521E-06
  0.285000E+03  0.128240E-06 -0.164283E-06  0.177933E-06
  0.285300E+03  0.189040E-06 -0.188864E-06  0.195588E-06
  0.285600E+03  0.250177E-06 -0.214935E-06  0.213632E-06
  0.285900E+03  0.311159E-06 -0.242192E-06  0.232148E-06
  0.286200E+03  0.371473E-06 -0.270245E-06  0.251132E-06
  0.286500E+03  0.430590E-06 -0.298615E-06  0.270478E-06
  0.286800E+03  0.487983E-06 -0.326757E-06  0.289975E-06
  0.287100E+03  0.543139E-06 -0.354092E-06  0.309327E-06
  0.287400E+03  0.595587E-06 -0.380061E-06  0.328185E-06
  0.287700E+03  0.644923E-06 -0.404162E-06  0.346186E-06
  0.288000E+03  0.690835E-06 -0.425981E-06  0.362993E-06
  0.288300E+03  0.733119E-06 -0.445197E-06  0.378331E-06
  0.288600E+03  0.771674E-06 -0.461576E-06  0.392009E-06
  0.288900E+03  0.806483E-06 -0.474961E-06  0.403930E-06
  0.289200E+03  0.837578E-06 -0.485252E-06  0.414101E-06
  0.289500E+03  0.865012E-06 -0.492394E-06  0.422613E-06
  0.289800E+03  0.888827E-06 -0.496342E-06  0.429624E-06
  0.290100E+03  0.909033E-06 -0.497038E-06  0.435334E-06
  0.290400E+03  0.925593E-06 -0.494390E-06  0.439957E-06
  0.290700E+03  0.938412E-06 -0.488269E-06  0.443713E-06
  0.291000E+03  0.947337E-06 -0.478517E-06  0.446811E-06
  0.291300E+03  0.952157E-06 -0.464979E-06  0.449447E-06
  0.291600E+03  0.952619E-06 -0.447526E-06  0.451795E-06
  0.291900E+03  0.948442E-06 -0.426096E-06  0.453993E-06
  0.292200E+03  0.939351E-06 -0.400713E-06  0.456136E-06
  0.292500E+03  0.925104E-06 -0.371510E-06  0.458264E-06
  0.292800E+03  0.905527E-06 -0.338735E-06  0.460360E-06
  0.293100E+03  0.880536E-06 -0.302742E-06  0.462350E-06
  0.293400E+03  0.850154E-06 -0.263965E-06  0.464111E-06
  0.293700E+03  0.814504E-06 -0.222894E-06  0.465476E-06
  0.294000E+03  0.773789E-06 -0.180040E-06  0.466256E-06
  0.294300E+03  0.728260E-06 -0.135904E-06  0.466241E-06
  0.294600E+03  0.678188E-06 -0.909555E-07  0.465215E-06
  0.294900E+03  0.623840E-06 -0.455994E-07  0.462947E-06
  0.295200E+03  0.565479E-06 -0.162270E-09  0.459189E-06
  0.295500E+03  0.503368E-06  0.451230E-07  0.453659E-06
  0.295800E+03  0.437773E-06  0.901212E-07  0.446038E-06
  0.296100E+03  0.368980E-06  0.134789E-06  0.435965E-06
  0.296400E+03  0.297291E-06  0.179154E-06  0.423053E-06
  0.296700E+03  0.223032E-06  0.223280E-06  0.406903E-06
  0.297000E+03  0.146553E-06  0.267224E-06  0.387136E-06
  0.297300E+03  0.682322E-07  0.310985E-06  0.363423E-06
  0.297600E+03 -0.115223E-07  0.354474E-06  0.335514E-06
  0.297900E+03 -0.922711E-07  0.397497E-06  0.303255E-06
  0.298200E+03 -0.173545E-06  0.439752E-06  0.266600E-06
  0.298500E+03 -0.254850E-06  0.480854E-06  0.225606E-06
  0.298800E+03 -0.335666E-06  0.520354E-06  0.180435E-06
  0.299100E+03 -0.415447E-06  0.557774E-06  0.131338E-06
  0.299400E+03 -0.493613E-06  0.592635E-06  0.786396E-07
  0.299700E+03 -0.569531E-06  0.624480E-06  0.227231E-07
  0.300000E+03 -0.642511E-06  0.652896E-06 -0.359956E-07
  0.300300E+03 -0.711786E-06  0.677519E-06 -0.970846E-07
  0.300600E+03 -0.776520E-06  0.698038E-06 -0.160111E-06
  0.300900E+03 -0.835827E-06  0.714180E-06 -0.224650E-06
  0.301200E+03 -0.888805E-06  0.725712E-06 -0.290282E-06
  0.301500E+03 -0.934585E-06  0.732440E-06 -0.356587E-06
  0.301800E+03 -0.972384E-06  0.734218E-06 -0.423133E-06
  0.302100E+03 -0.100156E-05  0.730961E-06 -0.489458E-06
  0.302400E+03 -0.102164E-05  0.722660E-06 -0.555059E-06
  0.302700E+03 -0.103235E-05  0.709399E-06 -0.619375E-06
  0.303000E+03 -0.103366E-05  0.691355E-06 -0.681780E-06
  0.303300E+03 -0.102572E-05  0.668792E-06 -0.741589E-06
  0.303600E+03 -0.100887E-05  0.642044E-06 -0.798062E-06
  0.303900E+03 -0.983586E-06  0.611488E-06 -0.850424E-06
  0.304200E+03 -0.950465E-06  0.577530E-06 -0.897883E-06
  0.304500E+03 -0.910144E-06  0.540589E-06 -0.939649E-06
  0.304800E+03 -0.863285E-06  0.501082E-06 -0.974961E-06
  0.305100E+03 -0.810547E-06  0.459416E-06 -0.100310E-05
  0.305400E+03 -0.752575E-06  0.415963E-06 -0.102342E-05
  0.305700E+03 -0.690013E-06  0.371052E-06 -0.103537E-05
  0.306000E+03 -0.623509E-06  0.324955E-06 -0.103849E-05
  0.306300E+03 -0.553737E-06  0.277894E-06 -0.103249E-05
  0.306600E+03 -0.481394E-06  0.230056E-06 -0.101720E-05
  0.306900E+03 -0.407195E-06  0.181611E-06 -0.992611E-06
