0.000000e+00     1.492890e-06     1.001155e-06     -7.722417e-07
3.000000e-01     1.904766e-06     1.525215e-06     -1.706270e-06
6.000000e-01     8.385925e-07     9.380243e-07     -8.903747e-07
9.000000e-01     -8.445810e-07     3.180873e-08     -9.894668e-07
1.200000e+00     -1.720763e-06     -2.773775e-06     2.535526e-07
1.500000e+00     -3.660282e-07     -1.989703e-06     9.910120e-07
1.800000e+00     -1.138423e-06     -1.580576e-06     1.058025e-06
2.100000e+00     -1.433539e-07     -1.874980e-06     8.416387e-07
2.400000e+00     8.505672e-07     -7.274333e-07     1.165064e-06
2.700000e+00     1.380004e-06     4.799803e-07     4.233868e-07
3.000000e+00     1.149623e-06     7.233604e-07     -3.167036e-07
3.300000e+00     1.768727e-06     8.737229e-07     -9.803937e-07
3.600000e+00     1.341796e-06     -2.843006e-08     -1.537450e-06
3.900000e+00     -2.687927e-07     -7.007393e-07     -8.940336e-07
4.200000e+00     -1.081964e-06     -6.796050e-07     -6.998695e-07
4.500000e+00     -5.671877e-07     -9.834940e-07     1.934153e-07
4.800000e+00     -2.797113e-07     -1.352360e-06     9.165160e-07
5.100000e+00     6.779590e-07     -7.013880e-07     2.168767e-07
5.400000e+00     5.566448e-07     4.978525e-08     -4.243019e-07
5.700000e+00     3.281368e-07     -4.949233e-07     -1.663059e-07
6.000000e+00     -4.095618e-07     -1.129898e-06     -7.574801e-08
6.300000e+00     7.369881e-07     -6.701043e-07     7.142267e-07
6.600000e+00     4.823525e-07     -1.506949e-07     7.734642e-07
6.900000e+00     -5.251990e-07     -9.927020e-07     6.934531e-07
7.200000e+00     -2.142543e-07     -1.999003e-07     -3.543199e-07
7.500000e+00     7.698729e-07     4.241851e-07     -9.836879e-07
7.800000e+00     1.598945e-06     -4.031359e-07     -4.735093e-07
8.100000e+00     1.469154e-06     5.223315e-07     -1.628097e-07
8.400000e+00     7.298975e-07     4.130381e-07     -5.147986e-07
8.700000e+00     4.849251e-07     -8.256411e-08     -2.087495e-07
9.000000e+00     1.665020e-07     -6.062489e-07     -3.457685e-07
9.300000e+00     4.250084e-07     -1.395628e-06     -1.465998e-07
9.600000e+00     -1.371488e-06     -1.964711e-06     -6.509537e-07
9.900000e+00     -1.522600e-06     -1.892007e-06     -2.424819e-07
1.020000e+01     -4.429507e-07     -1.653007e-06     -7.932823e-08
1.050000e+01     3.710183e-07     -4.725611e-07     1.677752e-07
1.080000e+01     -2.703785e-08     2.693100e-07     3.441690e-07
1.110000e+01     6.223252e-07     -1.097676e-06     5.599214e-07
1.140000e+01     6.682794e-07     -7.421302e-07     9.372196e-07
1.170000e+01     1.020015e-06     9.763996e-07     6.134009e-07
1.200000e+01     7.703626e-07     1.219663e-07     2.488869e-07
1.230000e+01     1.501857e-06     -9.911529e-07     -7.165262e-08
1.260000e+01     8.267815e-07     -6.560301e-07     -5.982034e-07
1.290000e+01     -4.215532e-07     -8.919724e-07     -9.063920e-07
1.320000e+01     -2.833850e-08     -9.603069e-07     -1.164381e-06
1.350000e+01     1.246001e-06     -1.364046e-06     -8.679041e-07
1.380000e+01     3.132637e-07     -4.734951e-07     -9.666181e-07
1.410000e+01     -8.848461e-07     -3.430741e-08     -3.489594e-07
1.440000e+01     -3.984030e-07     -1.904117e-07     -1.081610e-07
1.470000e+01     3.571524e-08     -5.328977e-07     3.835982e-07
1.500000e+01     -1.448329e-06     -7.836373e-07     9.392672e-07
1.530000e+01     -1.094800e-06     3.865217e-08     8.426537e-07
1.560000e+01     1.660350e-07     -1.001766e-06     1.010248e-06
1.590000e+01     -1.152528e-07     -1.582825e-06     5.304792e-07
1.620000e+01     2.135566e-07     -4.251839e-07     1.552888e-07
1.650000e+01     1.100159e-06     -1.408445e-07     1.309279e-07
1.680000e+01     1.118986e-06     -5.350636e-07     -7.307519e-08
1.710000e+01     1.585026e-06     -3.358989e-07     -3.672162e-07
1.740000e+01     1.199204e-06     6.092494e-07     -5.700739e-07
1.770000e+01     1.337568e-06     9.105235e-07     -4.564811e-07
1.800000e+01     3.937166e-07     -8.269190e-07     -4.144936e-07
1.830000e+01     -6.868910e-07     -1.772778e-06     -4.298947e-08
1.860000e+01     -1.414914e-06     -2.118192e-06     -2.551921e-07
1.890000e+01     -8.874015e-07     -2.074284e-06     -9.718371e-07
1.920000e+01     -5.105005e-07     -1.472879e-06     -2.935498e-07
1.950000e+01     -9.663659e-07     -5.314009e-07     3.425299e-08
1.980000e+01     -7.003979e-07     -6.667643e-07     -1.202750e-07
2.010000e+01     -1.686201e-07     -1.583959e-07     -2.659968e-07
2.040000e+01     2.979199e-08     5.544192e-07     -8.142011e-08
2.070000e+01     1.413149e-06     -4.485531e-07     4.613705e-07
2.100000e+01     1.485115e-06     -5.951431e-08     6.124553e-07
2.130000e+01     8.202719e-07     3.751053e-07     7.705071e-07
2.160000e+01     -8.644185e-08     -5.162047e-07     4.976660e-07
2.190000e+01     -2.648040e-07     -9.400179e-07     -3.034201e-07
2.220000e+01     -4.239389e-07     -1.508404e-06     -6.908966e-07
2.250000e+01     2.522830e-07     -1.175912e-06     -3.544271e-07
2.280000e+01     5.964845e-07     -1.021085e-06     -6.791537e-07
2.310000e+01     -7.525922e-07     -1.070734e-06     -4.204789e-07
2.340000e+01     -5.629330e-07     -9.664135e-07     1.404241e-07
2.370000e+01     -5.864907e-07     -4.581969e-07     3.980737e-07
2.400000e+01     -1.663123e-07     -5.539162e-07     7.252180e-07
2.430000e+01     -4.978763e-07     3.883035e-07     2.957222e-07
2.460000e+01     -2.101510e-08     1.089168e-06     -3.345044e-08
2.490000e+01     1.094265e-06     -5.583202e-07     -8.124239e-07
2.520000e+01     4.524628e-07     -1.623618e-06     -1.309928e-06
2.550000e+01     9.852444e-08     -1.501986e-06     -1.325894e-06
2.580000e+01     1.100078e-07     -1.038104e-06     -3.740386e-07
2.610000e+01     -2.364467e-07     -3.791560e-07     1.176059e-06
2.640000e+01     -2.233846e-07     -5.990212e-07     1.476222e-06
2.670000e+01     -1.072212e-07     -3.832714e-07     1.110614e-06
2.700000e+01     -5.227439e-07     -1.051862e-06     2.347428e-07
2.730000e+01     -1.174190e-06     -1.525439e-06     -4.985321e-07
2.760000e+01     -7.775373e-07     -1.632101e-06     -5.798957e-07
2.790000e+01     1.162141e-06     -6.256537e-07     -1.177215e-06
2.820000e+01     -4.591959e-07     -1.128382e-06     7.009241e-07
2.850000e+01     7.604785e-07     4.644858e-07     -1.075426e-06
2.880000e+01     -2.585674e-06     -1.787130e-06     2.367120e-07
2.910000e+01     7.676417e-06     8.757188e-06     -1.830183e-05
2.940000e+01     1.501431e-06     1.219604e-07     1.534275e-05
2.970000e+01     8.925770e-06     6.009847e-06     -2.494543e-05
3.000000e+01     1.299029e-06     4.340470e-06     1.861880e-05
3.030000e+01     -2.459257e-06     -8.992185e-06     1.956555e-06
3.060000e+01     4.987853e-06     7.884227e-06     -1.091401e-05
3.090000e+01     -1.073017e-05     -1.655342e-05     2.324752e-05
3.120000e+01     8.098388e-06     3.595709e-06     -1.237072e-05
3.150000e+01     -2.470574e-05     -2.434461e-05     4.780337e-05
3.180000e+01     -1.624334e-05     -1.162681e-05     -1.829159e-05
3.210000e+01     -1.731186e-06     7.470273e-06     -1.711438e-06
3.240000e+01     -9.611367e-06     -1.615229e-05     6.462328e-06
3.270000e+01     1.107390e-05     5.529368e-06     -2.057141e-05
3.300000e+01     -1.442511e-05     -8.772718e-06     8.413555e-06
3.330000e+01     1.134074e-05     1.036901e-05     4.302005e-06
3.360000e+01     1.952392e-06     -2.537754e-07     -1.219643e-05
3.390000e+01     9.401868e-06     2.363920e-05     -4.339580e-05
3.420000e+01     2.561839e-05     -1.432573e-05     5.360987e-05
3.450000e+01     -1.488749e-05     8.762329e-06     -5.127171e-05
3.480000e+01     1.337341e-05     1.777359e-06     3.692877e-05
3.510000e+01     -5.877352e-06     -2.436310e-07     -4.533686e-06
3.540000e+01     9.156144e-06     -2.863391e-06     -2.234990e-05
3.570000e+01     -1.290344e-05     -5.213460e-06     2.532756e-05
3.600000e+01     5.081002e-06     6.102797e-06     3.666990e-06
3.630000e+01     -3.711978e-06     -2.762955e-05     7.935114e-06
3.660000e+01     -2.191024e-05     3.726176e-05     -3.802393e-05
3.690000e+01     4.758074e-05     -1.828147e-05     3.678582e-05
3.720000e+01     -2.946073e-05     1.831711e-06     -2.519013e-05
3.750000e+01     1.591677e-05     1.936068e-05     -1.356164e-05
3.780000e+01     1.167331e-05     -1.543964e-05     2.828572e-05
3.810000e+01     -2.153732e-05     1.761006e-05     -1.307694e-05
3.840000e+01     2.836886e-05     -9.377037e-06     -1.595012e-05
3.870000e+01     -1.936796e-06     3.313519e-06     1.835412e-05
3.900000e+01     3.878222e-06     1.674021e-05     -2.231714e-05
3.930000e+01     -1.222916e-05     -7.065850e-06     1.489539e-05
3.960000e+01     -2.414427e-06     1.499430e-06     -9.453137e-06
3.990000e+01     -4.876571e-06     2.005518e-05     -3.604265e-06
4.020000e+01     -2.584969e-06     -1.461213e-05     1.853882e-05
4.050000e+01     3.814141e-06     -1.872223e-05     1.569111e-06
4.080000e+01     -1.423614e-05     -6.432044e-06     -8.224406e-06
4.110000e+01     -9.020423e-06     -1.087530e-05     1.758526e-05
4.140000e+01     2.711179e-05     1.143834e-05     -1.252634e-05
4.170000e+01     -2.408334e-05     5.036474e-06     -1.383219e-05
4.200000e+01     1.794081e-05     -1.842536e-05     4.482807e-06
4.230000e+01     -8.916901e-06     1.262571e-05     7.821116e-06
4.260000e+01     -1.919853e-05     -2.209748e-05     3.717067e-05
4.290000e+01     3.134578e-05     -5.894886e-06     -2.307774e-06
4.320000e+01     -4.362193e-05     4.687111e-06     -1.459905e-05
4.350000e+01     1.066997e-05     -1.164602e-05     5.353368e-06
4.380000e+01     -4.517531e-06     5.138332e-06     -2.584050e-06
4.410000e+01     -3.013284e-05     -1.819802e-05     -2.159578e-05
4.440000e+01     2.592271e-05     1.743643e-05     2.569557e-05
4.470000e+01     -2.400544e-05     -2.752487e-05     -7.993665e-06
4.500000e+01     9.713512e-06     -1.620810e-05     -6.855048e-07
4.530000e+01     2.302119e-07     4.606162e-05     -1.754497e-05
4.560000e+01     3.365503e-05     8.219942e-06     -1.122065e-05
4.590000e+01     -2.175653e-05     2.331207e-05     1.937100e-05
4.620000e+01     2.492764e-05     -1.802711e-05     -4.386340e-05
4.650000e+01     6.290132e-06     -2.858864e-05     2.661382e-05
4.680000e+01     -1.554189e-05     3.511307e-05     1.689397e-05
4.710000e+01     6.119754e-06     -2.220265e-05     -1.717611e-05
4.740000e+01     -3.548291e-06     2.319625e-05     -3.059744e-06
4.770000e+01     1.969754e-05     1.181978e-05     -1.723805e-06
4.800000e+01     -2.705629e-05     -2.515080e-05     8.749575e-06
4.830000e+01     1.548422e-05     1.659695e-05     2.621917e-06
4.860000e+01     -2.857627e-05     5.092111e-06     -7.833466e-06
4.890000e+01     -1.259911e-05     -9.007151e-06     1.459539e-05
4.920000e+01     3.966993e-05     4.192543e-06     1.785973e-06
4.950000e+01     -4.622035e-05     -1.872764e-05     -3.596769e-05
4.980000e+01     -5.310706e-05     2.542569e-05     3.770005e-05
5.010000e+01     -5.652424e-05     1.993795e-05     1.002808e-05
5.040000e+01     1.382426e-05     9.527012e-06     4.441695e-05
5.070000e+01     1.223716e-04     -1.182783e-06     4.334274e-05
5.100000e+01     -5.106613e-06     -6.956617e-05     3.307307e-05
5.130000e+01     -1.843474e-04     -1.739765e-05     -2.541229e-05
5.160000e+01     -7.072563e-06     -3.359948e-05     -4.444642e-05
5.190000e+01     2.543293e-04     1.084644e-04     3.625872e-05
5.220000e+01     1.105465e-05     -3.559094e-05     -6.178939e-05
5.250000e+01     -1.559207e-04     -3.256368e-05     -1.122200e-05
5.280000e+01     -4.667862e-05     8.660989e-05     -5.091802e-05
5.310000e+01     4.070372e-06     -2.038201e-05     -1.935661e-05
5.340000e+01     9.621419e-05     1.130974e-05     -3.146438e-05
5.370000e+01     4.099326e-05     3.113508e-05     -2.383032e-05
5.400000e+01     -2.672890e-05     -1.006971e-04     5.423636e-05
5.430000e+01     1.126244e-04     -6.313939e-05     5.639965e-05
5.460000e+01     -1.192964e-04     6.870413e-05     4.368767e-05
5.490000e+01     -7.490775e-05     8.284312e-06     -2.013457e-05
5.520000e+01     -1.032263e-06     -1.087256e-04     7.391603e-06
5.550000e+01     1.768441e-05     7.091641e-05     5.179157e-05
5.580000e+01     1.354807e-04     7.235221e-05     6.692580e-06
5.610000e+01     -2.635175e-04     -1.498025e-04     -8.793445e-05
5.640000e+01     -3.395296e-05     7.150123e-05     3.631607e-05
5.670000e+01     1.207679e-04     5.913147e-05     -5.120351e-05
5.700000e+01     -7.769870e-05     -9.063157e-05     -2.178563e-05
5.730000e+01     6.989167e-05     4.083876e-05     8.414413e-05
5.760000e+01     3.559405e-05     -3.890542e-06     4.295302e-05
5.790000e+01     -3.769170e-05     -8.156031e-05     1.273257e-05
5.820000e+01     -4.659239e-05     1.494721e-04     -6.587042e-05
5.850000e+01     1.311392e-04     1.534330e-05     -2.303711e-05
5.880000e+01     3.282995e-04     -2.293603e-04     -9.741079e-05
5.910000e+01     5.077445e-06     -6.161733e-05     -8.484871e-05
5.940000e+01     -2.588204e-04     -2.981658e-05     -4.608046e-05
5.970000e+01     -2.734661e-05     2.441745e-04     1.554436e-04
6.000000e+01     1.490655e-04     1.714778e-04     1.019547e-04
6.030000e+01     -9.786910e-05     -2.287727e-04     3.137236e-05
6.060000e+01     -5.013258e-05     -1.821570e-05     6.783644e-05
6.090000e+01     -1.666069e-04     5.019443e-05     -2.303684e-05
6.120000e+01     -9.726958e-05     1.060981e-04     -9.458917e-07
6.150000e+01     2.591288e-04     -1.618172e-04     -4.688883e-05
6.180000e+01     2.924717e-04     -1.101366e-04     -8.377599e-05
6.210000e+01     1.358526e-05     1.280807e-04     1.311981e-05
6.240000e+01     -5.475600e-04     1.869527e-04     -5.990873e-05
6.270000e+01     -7.816197e-05     4.205834e-05     -1.181133e-05
6.300000e+01     4.203685e-04     -1.089309e-04     4.876088e-05
6.330000e+01     4.918605e-05     -9.748133e-05     5.858456e-05
6.360000e+01     -2.875674e-04     4.781330e-05     -4.144997e-05
6.390000e+01     -6.519762e-06     -7.005476e-06     -3.682641e-05
6.420000e+01     8.882322e-05     -1.289620e-05     -2.356531e-05
6.450000e+01     6.535977e-05     3.602742e-05     4.339570e-05
6.480000e+01     4.646331e-05     -2.370048e-05     7.298811e-05
6.510000e+01     -2.456384e-04     2.713235e-05     -3.872321e-05
6.540000e+01     -8.447830e-05     1.748781e-04     5.908200e-05
6.570000e+01     6.863192e-05     -1.394995e-05     -1.433971e-05
6.600000e+01     -3.882666e-05     -1.238433e-04     -7.049768e-05
6.630000e+01     -2.351221e-05     -9.505719e-05     -4.514046e-05
6.660000e+01     2.506923e-04     1.458586e-05     2.396781e-05
6.690000e+01     9.247466e-06     2.662392e-05     -1.531081e-05
6.720000e+01     -1.450136e-04     -3.186555e-05     -8.522238e-05
6.750000e+01     9.617093e-05     -6.119609e-06     -7.974981e-06
6.780000e+01     2.518057e-05     -4.846763e-05     -3.260133e-05
6.810000e+01     -1.480620e-04     5.782537e-05     8.686678e-06
6.840000e+01     2.780782e-05     2.226868e-05     6.401183e-05
6.870000e+01     4.109156e-05     -1.448914e-04     8.124919e-06
6.900000e+01     -1.141547e-04     3.242939e-05     1.182272e-05
6.930000e+01     -3.788313e-06     -2.222371e-05     1.387160e-05
6.960000e+01     1.100487e-04     -1.305744e-04     5.881363e-05
6.990000e+01     1.079074e-04     5.563915e-05     8.722713e-05
7.020000e+01     4.122134e-05     7.388734e-05     1.957156e-05
7.050000e+01     -4.286330e-05     1.081882e-05     -3.517936e-06
7.080000e+01     -5.540576e-05     -4.567970e-05     5.254229e-05
7.110000e+01     -1.565515e-05     6.111454e-05     2.025123e-05
7.140000e+01     -1.239878e-05     -1.607270e-05     -7.815126e-06
7.170000e+01     3.593001e-05     1.148913e-04     3.828161e-05
7.200000e+01     -2.147182e-05     1.693878e-05     -4.601756e-05
7.230000e+01     3.800873e-05     -6.486617e-05     -9.549988e-06
7.260000e+01     5.435294e-05     4.452772e-05     -2.657179e-05
7.290000e+01     1.428850e-05     1.725190e-05     1.166593e-05
7.320000e+01     -4.938022e-05     2.269935e-04     -1.000426e-05
7.350000e+01     -2.442265e-05     1.509360e-04     -1.183066e-04
7.380000e+01     1.410414e-04     -1.494556e-04     -5.263955e-05
7.410000e+01     1.444769e-05     3.511849e-05     -5.190752e-05
7.440000e+01     -1.394515e-04     -1.034597e-05     -7.898117e-05
7.470000e+01     -7.902801e-05     -7.083064e-05     1.580631e-05
7.500000e+01     4.118642e-05     -4.358410e-05     -4.095917e-05
7.530000e+01     -5.505556e-05     -1.403974e-05     9.602996e-06
7.560000e+01     -5.307253e-05     -1.477504e-04     1.031728e-05
7.590000e+01     1.633593e-05     -1.060686e-04     -4.286147e-05
7.620000e+01     -1.096175e-05     2.448159e-05     6.339107e-06
7.650000e+01     1.142581e-05     -5.994673e-05     4.311531e-05
7.680000e+01     -8.702943e-06     -1.659678e-04     2.738252e-05
7.710000e+01     5.466594e-06     -1.005915e-05     8.581187e-05
7.740000e+01     4.179914e-05     1.108835e-04     1.105050e-04
7.770000e+01     -6.393371e-05     -2.393325e-05     7.414351e-05
7.800000e+01     -3.243443e-05     9.361324e-06     4.978525e-05
7.830000e+01     4.212014e-05     8.526761e-05     4.129582e-06
7.860000e+01     7.422309e-05     7.328377e-06     -1.327153e-06
7.890000e+01     1.233352e-05     4.074065e-06     -3.871831e-05
7.920000e+01     4.532651e-05     1.404851e-05     -5.000076e-05
7.950000e+01     1.415676e-05     2.715746e-05     -1.147635e-05
7.980000e+01     5.004375e-05     8.256421e-05     -3.096834e-05
8.010000e+01     -1.923107e-05     6.619127e-05     -1.617396e-05
8.040000e+01     -9.150001e-05     -3.890579e-05     -2.333443e-05
8.070000e+01     -6.605588e-05     1.700254e-05     -3.305428e-05
8.100000e+01     -1.101913e-04     9.843837e-05     -9.170220e-07
8.130000e+01     -4.199207e-05     4.659010e-05     -1.963726e-05
8.160000e+01     2.999551e-05     1.965501e-05     -3.381575e-05
8.190000e+01     9.603792e-06     -5.901632e-05     3.805105e-05
8.220000e+01     2.963190e-05     -3.010302e-05     5.022828e-05
8.250000e+01     2.064675e-05     -9.278250e-05     6.247405e-05
8.280000e+01     6.876378e-05     -5.385805e-06     9.454677e-05
8.310000e+01     1.139529e-04     6.332886e-06     -5.840616e-06
8.340000e+01     2.466391e-05     -5.280691e-05     -5.362166e-05
8.370000e+01     7.293645e-05     6.323855e-08     -2.985895e-05
8.400000e+01     -4.771302e-05     2.682940e-05     -6.034656e-05
8.430000e+01     1.772852e-05     -5.381072e-05     -4.723846e-05
8.460000e+01     1.996943e-05     3.193786e-05     -6.457120e-05
8.490000e+01     -4.288806e-05     4.207051e-05     -3.109486e-05
8.520000e+01     -4.952934e-05     -1.038825e-04     4.713194e-05
8.550000e+01     -1.605268e-05     -4.817811e-05     5.930365e-05
8.580000e+01     -4.023341e-05     1.948929e-05     1.305541e-05
8.610000e+01     -5.320688e-05     2.544605e-05     9.181977e-06
8.640000e+01     -2.833740e-05     7.081794e-05     4.175189e-05
8.670000e+01     -1.207178e-05     -4.650543e-06     -1.426282e-05
8.700000e+01     -4.658973e-05     -1.270077e-05     -4.371597e-05
8.730000e+01     1.549369e-05     9.664495e-06     -2.311520e-05
8.760000e+01     1.094932e-05     2.036673e-05     5.180433e-05
8.790000e+01     -1.134809e-05     -1.307903e-05     2.519636e-05
8.820000e+01     -8.781647e-06     2.708406e-05     -5.343794e-06
8.850000e+01     6.151318e-05     1.856937e-06     3.443002e-05
8.880000e+01     9.312478e-05     -2.946433e-05     4.361393e-06
8.910000e+01     7.773623e-05     2.056836e-05     -8.661214e-05
8.940000e+01     2.523155e-05     6.562796e-06     -8.895203e-05
8.970000e+01     -6.413130e-05     3.465602e-06     1.905338e-05
9.000000e+01     -8.111614e-05     -1.458572e-05     -2.255688e-05
9.030000e+01     -6.435976e-05     -3.727284e-05     -1.306045e-05
9.060000e+01     1.511547e-05     -6.352597e-06     3.985558e-05
9.090000e+01     7.463970e-06     -5.393147e-07     2.250564e-05
9.120000e+01     -1.734130e-05     2.888847e-06     2.464781e-05
9.150000e+01     5.307876e-05     6.795789e-05     5.644035e-05
9.180000e+01     -3.643078e-05     3.722669e-05     6.183699e-05
9.210000e+01     -3.355963e-05     -5.773015e-06     3.666721e-05
9.240000e+01     5.233554e-09     -1.802427e-05     -2.453571e-05
9.270000e+01     -1.029194e-05     1.643267e-05     -1.386492e-05
9.300000e+01     -7.998204e-06     2.591048e-06     -1.110268e-05
9.330000e+01     5.520045e-05     4.792887e-08     -1.294390e-05
9.360000e+01     6.560865e-05     -7.815360e-05     -1.589054e-05
9.390000e+01     6.309154e-05     -6.582652e-05     -1.585079e-05
9.420000e+01     -1.566419e-06     -3.150505e-05     -3.107092e-05
9.450000e+01     -1.063388e-05     -3.687525e-05     -3.590213e-06
9.480000e+01     -2.829502e-06     4.808186e-05     2.575837e-06
9.510000e+01     -1.610697e-05     4.900374e-05     -2.011417e-05
9.540000e+01     -2.026928e-05     6.359121e-05     -3.325805e-05
9.570000e+01     -1.138066e-05     8.311366e-05     -2.517790e-05
9.600000e+01     -1.033198e-04     1.865731e-05     9.389030e-06
9.630000e+01     -9.664478e-05     -4.487151e-05     6.369696e-08
9.660000e+01     1.996965e-05     -4.870368e-05     3.413502e-05
9.690000e+01     3.324948e-05     -5.615094e-05     3.341949e-05
9.720000e+01     7.216354e-06     3.348679e-06     3.708425e-05
9.750000e+01     3.314420e-05     -1.675002e-05     1.277632e-06
9.780000e+01     -1.133123e-06     -7.479376e-05     -4.387490e-06
9.810000e+01     2.429425e-05     4.561604e-05     2.598374e-05
9.840000e+01     2.839084e-05     6.952320e-05     9.939101e-07
9.870000e+01     6.729837e-07     7.547755e-06     -4.346857e-07
9.900000e+01     2.500922e-05     8.671938e-08     2.067406e-05
9.930000e+01     1.413684e-05     -1.035504e-05     -3.820515e-05
9.960000e+01     -1.537389e-05     8.167246e-06     -4.008574e-05
9.990000e+01     4.377807e-05     3.106081e-05     -2.811867e-05
1.002000e+02     8.613470e-05     3.381604e-05     -5.881541e-08
1.005000e+02     -2.521404e-05     4.734499e-05     -9.275559e-06
1.008000e+02     -5.472687e-05     -4.750833e-05     -2.973298e-05
1.011000e+02     -3.820633e-05     -2.751458e-05     1.643563e-06
1.014000e+02     -6.458308e-05     1.300622e-06     2.717838e-05
1.017000e+02     -1.892827e-05     -6.217559e-05     2.167110e-05
1.020000e+02     -1.376136e-06     -1.052810e-05     3.639995e-05
1.023000e+02     -3.430912e-05     -5.070550e-05     4.391513e-05
1.026000e+02     -2.627453e-05     -5.536956e-05     3.397874e-05
1.029000e+02     2.811237e-05     4.085502e-05     3.147409e-06
1.032000e+02     8.611885e-05     3.282720e-05     1.344737e-06
1.035000e+02     2.616727e-05     1.844372e-05     -2.182498e-05
1.038000e+02     -2.519150e-05     4.266153e-05     -5.585950e-05
1.041000e+02     -3.082415e-06     5.963697e-05     -4.081856e-05
1.044000e+02     -2.327113e-05     8.578149e-05     -8.952616e-06
1.047000e+02     3.950977e-08     3.547842e-05     8.984816e-06
1.050000e+02     2.333471e-05     -2.611011e-05     -2.239848e-06
1.053000e+02     7.641572e-06     -5.772696e-05     -1.148618e-05
1.056000e+02     5.032474e-05     -1.872197e-05     -5.165935e-07
1.059000e+02     5.779631e-06     -3.371645e-05     3.661004e-05
1.062000e+02     -5.339470e-05     -3.381110e-05     1.037867e-05
1.065000e+02     -6.955912e-05     -6.600440e-06     1.892416e-05
1.068000e+02     -2.909038e-05     -3.095349e-05     1.616212e-05
1.071000e+02     -3.351162e-05     -3.875490e-05     -1.922935e-05
1.074000e+02     9.843751e-07     7.134628e-06     5.161080e-06
1.077000e+02     4.317176e-05     6.241380e-05     -4.425114e-06
1.080000e+02     4.307198e-05     -2.486203e-06     -1.462331e-05
1.083000e+02     3.531039e-05     -2.531163e-06     -1.881802e-05
1.086000e+02     -3.412636e-05     3.769188e-05     -2.086310e-05
1.089000e+02     -1.580456e-05     1.711015e-05     -1.411563e-06
1.092000e+02     3.497176e-05     -5.716123e-06     2.517046e-06
1.095000e+02     1.438724e-05     -3.238220e-05     2.572805e-06
1.098000e+02     3.395167e-05     -3.664110e-05     -3.779102e-06
1.101000e+02     3.991366e-05     -9.992795e-06     -4.341269e-06
1.104000e+02     1.983916e-06     2.556665e-05     -9.773026e-06
1.107000e+02     -4.004414e-05     1.990453e-05     2.166446e-06
1.110000e+02     -7.105766e-05     1.157081e-05     1.438934e-05
1.113000e+02     -3.176629e-05     -4.950203e-06     2.058709e-05
1.116000e+02     -1.826871e-05     6.602312e-06     3.541467e-05
1.119000e+02     -1.686524e-05     -2.569838e-06     1.549809e-05
1.122000e+02     5.369228e-05     9.480664e-06     1.402258e-05
1.125000e+02     -1.645628e-06     3.107127e-05     6.321365e-06
1.128000e+02     -4.185162e-05     -1.316302e-05     -2.586877e-05
1.131000e+02     -8.948227e-06     -1.948945e-06     -1.887283e-05
1.134000e+02     4.367744e-06     -5.942962e-06     -4.419524e-06
1.137000e+02     1.604741e-05     -1.031088e-05     -3.667878e-06
1.140000e+02     2.934776e-05     1.526255e-05     -7.146078e-06
1.143000e+02     6.253200e-05     1.058596e-05     -8.502809e-06
1.146000e+02     4.823223e-05     -2.814177e-05     -1.875037e-05
1.149000e+02     2.487370e-05     -2.841983e-05     -1.711794e-05
1.152000e+02     5.649291e-06     1.925916e-05     -8.355392e-06
1.155000e+02     -1.866749e-05     1.438083e-05     -1.047301e-05
1.158000e+02     -1.503262e-05     -5.004983e-06     -1.600153e-06
1.161000e+02     -4.781153e-05     -4.296570e-06     1.595194e-05
1.164000e+02     -3.677455e-05     -3.306676e-05     3.864385e-05
1.167000e+02     -5.380592e-06     -1.121956e-05     2.587615e-05
1.170000e+02     -3.609183e-05     3.145105e-05     1.482567e-05
1.173000e+02     -2.650914e-05     2.334459e-05     1.827852e-05
1.176000e+02     -5.946910e-06     2.111427e-05     2.108830e-06
1.179000e+02     1.476945e-05     -5.367003e-06     -1.525036e-05
1.182000e+02     2.329498e-05     -9.751005e-06     -1.057532e-05
1.185000e+02     3.063560e-05     -2.639303e-05     -1.775994e-05
1.188000e+02     2.855850e-05     2.248057e-06     -8.817435e-06
1.191000e+02     1.233044e-05     5.281951e-06     -6.080101e-08
1.194000e+02     -2.358447e-05     1.375085e-06     -2.642882e-05
1.197000e+02     -3.095235e-05     3.325574e-05     -1.174173e-05
1.200000e+02     -2.125629e-05     2.509533e-05     -1.724473e-06
1.203000e+02     -4.235148e-05     -1.048324e-05     -1.826845e-06
1.206000e+02     -1.766494e-05     -3.429434e-05     1.584805e-05
1.209000e+02     -6.631073e-06     -2.291519e-05     9.032291e-06
1.212000e+02     2.074842e-05     3.229389e-06     9.134614e-06
1.215000e+02     5.447439e-05     6.314429e-06     -4.028340e-06
1.218000e+02     4.675856e-05     1.081836e-05     1.461778e-05
1.221000e+02     3.626795e-05     5.793779e-06     2.965258e-05
1.224000e+02     4.010354e-05     9.003569e-06     9.851209e-06
1.227000e+02     -9.249585e-06     1.190525e-05     -5.803335e-06
1.230000e+02     -6.622727e-05     2.589121e-06     -1.377392e-05
1.233000e+02     -3.311541e-05     -5.503621e-06     -3.039802e-05
1.236000e+02     -3.339461e-05     2.598420e-06     -2.937711e-05
1.239000e+02     -2.328648e-05     -4.949900e-06     -7.022940e-06
1.242000e+02     6.229498e-07     -2.316274e-05     9.120586e-06
1.245000e+02     1.839754e-05     -9.066732e-06     -1.750786e-06
1.248000e+02     2.247447e-05     5.156631e-06     6.983781e-06
1.251000e+02     1.972604e-05     1.698149e-05     2.343751e-05
1.254000e+02     5.092798e-06     4.020429e-06     1.408120e-05
1.257000e+02     -3.016794e-05     2.493171e-05     1.353943e-05
1.260000e+02     -2.218526e-05     3.644172e-05     -4.905844e-06
1.263000e+02     3.111360e-06     1.323611e-05     -7.321698e-06
1.266000e+02     8.367455e-06     -3.449648e-05     -3.094757e-06
1.269000e+02     -4.561929e-06     -3.598792e-05     7.209168e-06
1.272000e+02     -8.432052e-06     2.870454e-07     4.721536e-06
1.275000e+02     8.706315e-06     -9.436519e-06     7.368271e-06
1.278000e+02     1.035324e-05     -1.286203e-05     3.715702e-06
1.281000e+02     7.013759e-06     -1.114158e-06     4.163292e-06
1.284000e+02     -1.816444e-05     -2.248872e-05     -3.228358e-06
1.287000e+02     1.757178e-05     -1.560529e-05     -1.321495e-05
1.290000e+02     2.605664e-05     1.352321e-05     -6.029978e-06
1.293000e+02     -6.932064e-06     5.297369e-05     -1.074763e-05
1.296000e+02     -2.421442e-05     4.393399e-05     -1.602511e-05
1.299000e+02     -4.067475e-06     2.930134e-05     -7.688935e-06
1.302000e+02     1.574153e-05     1.007745e-05     1.334002e-05
1.305000e+02     1.524376e-05     -1.275883e-05     1.386479e-05
1.308000e+02     8.244934e-06     -2.159651e-05     5.630721e-06
1.311000e+02     2.292745e-07     -2.370700e-05     -1.935886e-06
1.314000e+02     9.389864e-06     -1.338813e-05     -7.713774e-06
1.317000e+02     -6.855757e-06     -1.828269e-05     -2.893730e-06
1.320000e+02     -3.956491e-05     -9.694897e-06     -1.789888e-06
1.323000e+02     -6.333822e-06     -7.397093e-06     3.228566e-06
1.326000e+02     1.490408e-05     -1.272478e-05     5.160195e-06
1.329000e+02     -9.443941e-06     -3.757742e-07     -1.067140e-06
1.332000e+02     -3.817210e-05     8.104780e-06     2.677798e-06
1.335000e+02     -1.349283e-05     1.430684e-05     -7.298508e-06
1.338000e+02     1.495147e-05     7.880295e-06     -1.792478e-05
1.341000e+02     1.577234e-05     -8.757723e-06     -1.218595e-05
1.344000e+02     1.378141e-05     9.875420e-06     1.057163e-05
1.347000e+02     7.874051e-06     1.914329e-05     3.035806e-05
1.350000e+02     -2.561674e-06     1.997951e-05     1.740459e-05
1.353000e+02     1.753607e-05     2.481890e-05     4.615026e-06
1.356000e+02     1.638774e-06     2.246065e-05     -1.061693e-05
1.359000e+02     -7.461250e-06     -6.573788e-06     -1.752913e-05
1.362000e+02     6.802438e-07     -2.780899e-05     -2.377295e-05
1.365000e+02     2.168277e-06     -1.032438e-05     -2.008154e-05
1.368000e+02     -3.512495e-05     3.462043e-06     9.927211e-06
1.371000e+02     -1.073558e-05     8.399734e-06     2.686931e-05
1.374000e+02     7.380026e-06     9.523773e-06     9.576094e-06
1.377000e+02     1.698083e-05     -1.517747e-05     1.173744e-06
1.380000e+02     3.122728e-05     -1.281355e-05     2.175882e-06
1.383000e+02     1.457119e-05     -8.071351e-06     5.920402e-06
1.386000e+02     -1.227223e-06     -8.943948e-06     2.160842e-05
1.389000e+02     -1.980989e-05     -3.616707e-06     1.080734e-05
1.392000e+02     -1.951647e-05     -3.562301e-06     -4.287398e-06
1.395000e+02     7.583394e-06     1.405908e-05     -1.388128e-05
1.398000e+02     1.208779e-05     2.434463e-05     -2.633567e-05
1.401000e+02     -2.382791e-05     1.258647e-05     -1.331648e-05
1.404000e+02     -2.894587e-05     1.280485e-05     5.776437e-06
1.407000e+02     -3.109483e-05     1.156044e-05     -1.782598e-06
1.410000e+02     1.498240e-06     -1.545300e-05     -1.473828e-05
1.413000e+02     8.970371e-06     -2.603470e-05     -7.435742e-06
1.416000e+02     -1.569025e-05     -9.239695e-06     1.811648e-05
1.419000e+02     2.927517e-06     1.042765e-05     2.788751e-05
1.422000e+02     3.479958e-05     -1.440421e-05     1.836037e-05
1.425000e+02     5.263743e-05     -2.578777e-05     5.685598e-06
1.428000e+02     2.609485e-05     4.032742e-06     -3.753940e-06
1.431000e+02     -1.713600e-05     2.267221e-06     -1.297056e-05
1.434000e+02     -2.669987e-05     1.491466e-06     -1.552431e-05
1.437000e+02     -1.585192e-05     2.809591e-05     -2.212233e-05
1.440000e+02     -6.130389e-06     2.359167e-05     -1.593473e-05
1.443000e+02     -8.159498e-07     8.366530e-06     4.465072e-06
1.446000e+02     -1.470805e-05     -7.760125e-07     1.878851e-05
1.449000e+02     -8.020795e-06     -7.251690e-06     2.049201e-05
1.452000e+02     1.083146e-05     9.642339e-07     4.498000e-06
1.455000e+02     2.708921e-05     4.054058e-06     -1.742521e-05
1.458000e+02     1.260661e-05     6.164820e-06     -1.706162e-05
1.461000e+02     -1.853980e-05     1.142129e-05     -2.482224e-06
1.464000e+02     -1.770026e-05     -1.879534e-06     4.750439e-06
1.467000e+02     -2.016913e-05     -6.775394e-06     7.965270e-07
1.470000e+02     1.059173e-06     4.769236e-06     -1.659977e-06
1.473000e+02     2.415230e-06     -6.850400e-06     -4.513390e-06
1.476000e+02     -9.817411e-06     -4.011410e-06     3.521139e-06
1.479000e+02     -2.877040e-05     2.695589e-06     2.080370e-05
1.482000e+02     -3.311180e-05     2.328413e-06     2.854405e-05
1.485000e+02     1.093873e-05     3.072270e-06     1.845069e-05
1.488000e+02     5.614227e-05     2.631575e-06     -2.968993e-06
1.491000e+02     5.077769e-05     9.809759e-06     -8.684828e-06
1.494000e+02     2.588831e-05     2.207827e-05     -1.150282e-05
1.497000e+02     1.660693e-05     3.597363e-06     -1.624265e-05
1.500000e+02     -8.004906e-06     -1.235004e-05     -1.762653e-05
1.503000e+02     -1.836243e-05     -1.026244e-06     -1.447982e-05
1.506000e+02     -1.627007e-05     -1.007028e-05     -1.029837e-05
1.509000e+02     -2.414316e-05     -1.919201e-05     6.563023e-06
1.512000e+02     -4.134248e-05     -2.862117e-05     1.433783e-05
1.515000e+02     -2.256681e-05     -8.991085e-06     1.514141e-05
1.518000e+02     1.033827e-05     1.620469e-06     1.078434e-05
1.521000e+02     2.175304e-05     3.575017e-06     5.498554e-07
1.524000e+02     2.238373e-05     4.183041e-07     -2.853185e-06
1.527000e+02     7.835825e-06     -2.228844e-05     -3.307064e-06
1.530000e+02     3.302890e-06     -2.028935e-06     3.540685e-06
1.533000e+02     -5.107546e-07     1.909442e-05     -4.821012e-07
1.536000e+02     -1.313086e-05     1.336559e-05     -8.502997e-06
1.539000e+02     3.526895e-07     8.092821e-06     1.386193e-06
1.542000e+02     9.252397e-06     -1.161713e-06     5.994677e-06
1.545000e+02     -2.122703e-06     4.433385e-06     9.364632e-06
1.548000e+02     -5.168518e-06     2.798273e-05     3.655669e-06
1.551000e+02     -8.374345e-06     3.558043e-05     4.772505e-07
1.554000e+02     -5.413320e-06     3.238231e-05     3.484192e-06
1.557000e+02     -1.549179e-05     2.422065e-05     -1.042381e-05
1.560000e+02     7.144799e-08     -3.231774e-06     -1.999492e-05
1.563000e+02     2.363358e-05     -6.634460e-06     -1.803081e-05
1.566000e+02     8.971997e-06     -1.453771e-08     -7.213513e-06
1.569000e+02     -5.734952e-06     7.747471e-07     9.420870e-07
1.572000e+02     -1.292293e-05     -1.807510e-05     3.358265e-06
1.575000e+02     -1.892231e-05     -3.317204e-05     1.218354e-05
1.578000e+02     -1.953175e-05     -2.761214e-05     1.822121e-05
1.581000e+02     -4.218300e-06     -1.638766e-05     1.469855e-05
1.584000e+02     1.284028e-06     -1.381704e-05     6.362509e-06
1.587000e+02     -8.033885e-07     -1.232908e-05     1.120939e-06
1.590000e+02     1.557025e-05     6.748476e-07     -2.876023e-06
1.593000e+02     4.004363e-05     1.051461e-05     -5.974165e-06
1.596000e+02     5.557859e-05     8.060697e-06     -7.264446e-06
1.599000e+02     3.968369e-05     6.442794e-06     -4.057940e-06
1.602000e+02     5.776847e-06     1.476000e-05     1.145108e-06
1.605000e+02     -1.791967e-05     1.423028e-05     6.061100e-06
1.608000e+02     -4.093640e-05     2.064273e-05     1.050222e-05
1.611000e+02     -5.232283e-05     1.451157e-05     5.984921e-06
1.614000e+02     -4.966726e-05     3.401901e-06     -2.187171e-06
1.617000e+02     -2.177192e-05     -4.065615e-06     -1.370832e-05
1.620000e+02     -4.655566e-06     -1.883994e-05     -1.326418e-05
1.623000e+02     7.512555e-06     -1.925444e-05     -1.108161e-05
1.626000e+02     1.006426e-05     -1.958755e-05     -1.276489e-05
1.629000e+02     5.903796e-06     -1.692164e-06     -2.752784e-06
1.632000e+02     1.994979e-05     1.875141e-05     2.690650e-06
1.635000e+02     2.083837e-05     2.406178e-05     7.856358e-06
1.638000e+02     9.726311e-06     1.567005e-05     1.141153e-05
1.641000e+02     1.000523e-06     -3.667515e-06     1.493394e-05
1.644000e+02     -3.422761e-06     -7.919734e-06     9.541899e-06
1.647000e+02     -5.481761e-06     -2.546775e-06     -1.269275e-06
1.650000e+02     -1.263455e-05     -9.146592e-08     -9.647648e-07
1.653000e+02     -2.368343e-06     3.258335e-06     1.280430e-06
1.656000e+02     7.722555e-06     1.599111e-05     -2.494015e-06
1.659000e+02     1.886121e-05     1.034000e-05     -7.387361e-06
1.662000e+02     2.325146e-05     1.068210e-05     -4.594129e-07
1.665000e+02     1.089408e-05     1.803621e-05     2.324395e-06
1.668000e+02     7.900983e-09     4.773857e-07     -5.709247e-06
1.671000e+02     -4.718727e-06     -1.327743e-05     -1.175522e-05
1.674000e+02     -1.014293e-05     -2.176244e-05     -9.736513e-06
1.677000e+02     -1.394394e-05     -2.641269e-05     -5.212421e-06
1.680000e+02     9.564654e-07     -3.094783e-05     8.378346e-07
1.683000e+02     3.317336e-06     -3.057881e-05     9.087817e-06
1.686000e+02     -2.155577e-05     -2.483984e-05     1.775955e-05
1.689000e+02     -4.098236e-05     -1.728284e-06     2.346553e-05
1.692000e+02     -1.689087e-05     1.249982e-05     2.546987e-05
1.695000e+02     1.725685e-05     1.397952e-05     1.637181e-05
1.698000e+02     1.954080e-05     3.609822e-05     -5.221482e-07
1.701000e+02     7.899764e-06     3.481785e-05     -1.284065e-05
1.704000e+02     -1.055701e-05     4.369160e-05     -2.060385e-05
1.707000e+02     -1.929851e-05     5.850069e-05     -2.515305e-05
1.710000e+02     -1.864188e-05     4.290119e-05     -2.488987e-05
1.713000e+02     -8.395054e-06     1.191732e-05     -2.143566e-05
1.716000e+02     8.315406e-06     -2.316505e-05     -6.931802e-06
1.719000e+02     1.952915e-05     -3.804085e-05     1.598959e-06
1.722000e+02     2.291001e-05     -5.332685e-05     1.205008e-05
1.725000e+02     2.475046e-05     -5.987591e-05     1.817551e-05
1.728000e+02     3.546572e-05     -3.488743e-05     1.817327e-05
1.731000e+02     3.574286e-05     -5.585894e-06     1.618948e-05
1.734000e+02     2.120399e-05     9.313429e-06     8.687070e-06
1.737000e+02     -9.510905e-06     1.986202e-05     3.528502e-06
1.740000e+02     -2.747993e-05     1.315256e-05     -5.471889e-06
1.743000e+02     -3.032318e-05     1.007007e-05     -1.117553e-05
1.746000e+02     -2.587002e-05     1.491885e-05     -1.064910e-05
1.749000e+02     -1.473988e-05     6.545566e-06     -5.225248e-06
1.752000e+02     -1.986561e-05     -5.370027e-06     1.438361e-07
1.755000e+02     -2.588158e-05     -4.222309e-07     9.178858e-07
1.758000e+02     -2.146827e-05     3.448659e-08     4.491921e-06
1.761000e+02     -1.134136e-05     3.244376e-06     5.081866e-06
1.764000e+02     -7.827619e-07     1.289273e-05     1.043912e-06
1.767000e+02     1.061320e-05     2.156785e-05     1.145491e-06
1.770000e+02     2.263970e-05     1.611123e-05     1.835446e-06
1.773000e+02     3.012876e-05     6.028800e-06     -2.279564e-06
1.776000e+02     2.241834e-05     -1.445713e-06     -9.180884e-06
1.779000e+02     1.090828e-05     -1.558561e-05     -1.012221e-05
1.782000e+02     1.040025e-05     -1.937267e-05     -3.661791e-06
1.785000e+02     6.550000e-06     -1.747140e-05     4.833403e-06
1.788000e+02     -1.290868e-05     -7.844706e-06     9.811525e-06
1.791000e+02     -1.408669e-05     8.729858e-06     9.410716e-06
1.794000e+02     -7.735403e-06     9.184276e-06     5.940719e-06
1.797000e+02     6.141159e-08     -3.748169e-06     5.625103e-06
1.800000e+02     7.752603e-06     -1.020979e-05     3.307571e-06
1.803000e+02     4.282152e-06     -1.068500e-05     -5.312908e-06
1.806000e+02     -4.073217e-07     -1.405834e-05     -1.100256e-05
1.809000e+02     -3.582838e-06     -1.186511e-05     -7.888722e-06
1.812000e+02     -1.721149e-05     -3.038349e-07     -3.876402e-06
1.815000e+02     -1.948117e-05     1.161201e-05     -1.396111e-06
1.818000e+02     -1.645664e-05     1.963363e-05     -4.270904e-07
1.821000e+02     -1.728901e-05     2.416688e-05     1.409424e-06
1.824000e+02     3.879438e-06     1.776859e-05     9.759667e-06
1.827000e+02     2.932330e-05     1.080703e-05     7.984531e-06
1.830000e+02     3.487383e-05     8.689469e-06     2.323823e-06
1.833000e+02     3.770790e-05     1.825488e-06     -6.206645e-06
1.836000e+02     2.577565e-05     5.620736e-06     -1.269248e-05
1.839000e+02     -5.813045e-06     1.084968e-06     -1.375072e-05
1.842000e+02     -1.503939e-05     -1.246244e-05     -6.048645e-06
1.845000e+02     -1.938431e-05     -2.178216e-05     7.300566e-06
1.848000e+02     -2.288201e-05     -9.955030e-06     1.793524e-05
1.851000e+02     -2.641516e-05     1.064554e-05     1.724038e-05
1.854000e+02     -3.245084e-05     1.695609e-05     1.370210e-05
1.857000e+02     -2.027800e-05     1.692836e-05     1.078872e-05
1.860000e+02     -3.265335e-06     7.376612e-06     1.104155e-05
1.863000e+02     6.665374e-06     -7.779204e-06     7.333824e-06
1.866000e+02     1.331295e-05     -1.398711e-05     -9.572171e-06
1.869000e+02     1.508171e-05     -1.621746e-05     -1.889206e-05
1.872000e+02     1.699126e-05     -5.216797e-06     -2.386948e-05
1.875000e+02     1.249414e-05     3.560204e-06     -3.123036e-05
1.878000e+02     8.674408e-06     -8.284090e-06     -2.714381e-05
1.881000e+02     5.090860e-06     -1.749772e-05     -1.621301e-05
1.884000e+02     -6.753232e-06     -1.536857e-05     -4.846387e-06
1.887000e+02     -1.396940e-05     -4.611243e-06     6.715616e-06
1.890000e+02     -1.236455e-05     7.015625e-06     1.852966e-05
1.893000e+02     -8.821499e-06     1.362436e-05     2.212822e-05
1.896000e+02     -5.315750e-06     1.066895e-05     2.095267e-05
1.899000e+02     1.157666e-06     3.179681e-06     1.901542e-05
1.902000e+02     8.055365e-06     3.365620e-07     1.559744e-05
1.905000e+02     1.298055e-05     5.035206e-06     9.766712e-06
1.908000e+02     1.331874e-05     8.904171e-06     1.095425e-06
1.911000e+02     5.394813e-06     1.534291e-05     -5.677062e-06
1.914000e+02     -1.886008e-06     1.783516e-05     -7.323170e-06
1.917000e+02     -1.911960e-08     1.211900e-05     -8.911795e-06
1.920000e+02     1.149959e-05     4.122896e-06     -1.114927e-05
1.923000e+02     1.156411e-05     -4.730359e-06     -1.145385e-05
1.926000e+02     -2.387697e-06     -1.818830e-05     -6.503885e-06
1.929000e+02     -1.494970e-05     -2.190913e-05     9.644747e-07
1.932000e+02     -1.126880e-05     -1.495438e-05     1.544625e-06
1.935000e+02     2.790989e-06     -1.086467e-05     2.894193e-06
1.938000e+02     9.163618e-06     -8.449968e-06     2.991440e-06
1.941000e+02     2.187361e-06     -2.966956e-06     7.133753e-06
1.944000e+02     -4.164200e-06     6.550540e-06     6.230741e-06
1.947000e+02     -8.525952e-06     1.427914e-05     4.261436e-06
1.950000e+02     -1.046962e-05     1.275159e-05     4.082925e-06
1.953000e+02     -4.604559e-06     1.834360e-05     5.511058e-06
1.956000e+02     -2.386757e-06     2.048927e-05     6.225370e-06
1.959000e+02     1.235330e-06     1.215261e-05     -4.806884e-07
1.962000e+02     1.190802e-05     2.650166e-06     -9.943804e-06
1.965000e+02     1.376459e-05     -3.153789e-06     -1.960353e-05
1.968000e+02     5.947271e-06     -4.144247e-06     -1.785974e-05
1.971000e+02     -7.162555e-06     -4.178139e-06     -7.613343e-06
1.974000e+02     -1.876791e-05     -1.453654e-05     6.376150e-06
1.977000e+02     -2.134594e-05     -2.301625e-05     9.206003e-06
1.980000e+02     -1.746008e-05     -2.369393e-05     6.619132e-06
1.983000e+02     4.515850e-07     -1.953924e-05     5.538133e-06
1.986000e+02     1.210183e-05     -8.678496e-06     5.734166e-06
1.989000e+02     1.496399e-05     2.506415e-07     6.204054e-06
1.992000e+02     1.329678e-05     2.320950e-06     8.463807e-06
1.995000e+02     1.644486e-05     3.559017e-06     7.955445e-06
1.998000e+02     1.694690e-05     7.871922e-06     7.241506e-06
2.001000e+02     6.268595e-06     8.097758e-06     4.027457e-06
2.004000e+02     -4.357444e-06     1.159658e-05     8.375648e-07
2.007000e+02     -9.308673e-06     2.051220e-05     1.040999e-06
2.010000e+02     -4.693239e-06     2.737716e-05     -2.452891e-06
2.013000e+02     6.710215e-07     2.345894e-05     -8.733434e-06
2.016000e+02     -3.922347e-07     1.241416e-05     -1.148316e-05
2.019000e+02     -4.998960e-06     6.565979e-06     -9.653146e-06
2.022000e+02     -1.038983e-05     -4.973111e-06     -4.364687e-06
2.025000e+02     -1.172719e-05     -2.073087e-05     -5.339112e-06
2.028000e+02     -8.236690e-06     -2.703772e-05     -5.897251e-06
2.031000e+02     -2.459393e-06     -2.457833e-05     -3.746435e-06
2.034000e+02     1.217628e-06     -1.185002e-05     -1.495837e-06
2.037000e+02     -3.160344e-06     -1.064479e-06     2.247213e-06
2.040000e+02     -6.458417e-06     4.746518e-06     3.460740e-06
2.043000e+02     -4.256125e-06     6.050397e-06     -1.492716e-07
2.046000e+02     3.141999e-06     5.118591e-06     -2.688348e-06
2.049000e+02     1.403798e-05     5.659806e-06     -2.899743e-07
2.052000e+02     1.797284e-05     1.050926e-05     4.884191e-06
2.055000e+02     1.784224e-05     8.341185e-06     1.224241e-05
2.058000e+02     1.937043e-05     6.792382e-06     2.119876e-05
2.061000e+02     1.271508e-05     5.104737e-06     1.806200e-05
2.064000e+02     7.544706e-07     6.144153e-07     8.345639e-06
2.067000e+02     -8.305146e-06     -9.843496e-06     1.127327e-07
2.070000e+02     -1.237631e-05     -2.187864e-05     -7.402264e-06
2.073000e+02     -1.195337e-05     -2.555393e-05     -1.099981e-05
2.076000e+02     -1.053024e-05     -1.568120e-05     -1.086696e-05
2.079000e+02     -1.710621e-05     3.079659e-06     -8.530919e-06
2.082000e+02     -2.104481e-05     1.757533e-05     -8.491360e-06
2.085000e+02     -1.580817e-05     1.798345e-05     -5.100868e-06
2.088000e+02     -5.665450e-06     1.268920e-05     -1.933771e-06
2.091000e+02     4.892758e-06     5.918768e-06     -9.432367e-07
2.094000e+02     1.103568e-05     1.141577e-06     -4.730858e-06
2.097000e+02     1.497165e-05     5.014694e-06     -6.614806e-06
2.100000e+02     9.916719e-06     6.336337e-06     -5.277311e-06
2.103000e+02     1.820871e-06     1.334329e-06     -3.195325e-06
2.106000e+02     -7.148060e-07     -7.296894e-06     -1.864800e-06
2.109000e+02     1.658026e-06     -1.454598e-05     -1.340537e-06
2.112000e+02     -3.533627e-07     -1.337760e-05     6.261989e-07
2.115000e+02     -1.809841e-07     -1.354148e-05     3.941934e-06
2.118000e+02     1.658278e-06     -1.490957e-05     1.009402e-05
2.121000e+02     3.846083e-07     -6.691744e-06     1.543155e-05
2.124000e+02     7.267457e-08     4.410253e-06     1.417022e-05
2.127000e+02     5.812653e-06     8.608010e-06     1.300903e-05
2.130000e+02     9.353029e-06     1.540269e-05     1.299283e-05
2.133000e+02     9.695582e-06     1.747304e-05     9.427973e-06
2.136000e+02     -6.957485e-09     1.459798e-05     -2.012975e-07
2.139000e+02     -3.193367e-06     8.209368e-06     -1.044237e-05
2.142000e+02     -2.330908e-06     2.594501e-06     -1.328335e-05
2.145000e+02     -6.724005e-06     -4.259811e-07     -1.180485e-05
2.148000e+02     4.307165e-07     2.716784e-06     -6.780850e-06
2.151000e+02     7.411429e-06     5.220409e-06     -2.010746e-06
2.154000e+02     6.074148e-06     -2.271290e-06     -2.557573e-06
2.157000e+02     -5.228851e-06     -1.051165e-05     -2.154213e-06
2.160000e+02     -9.535382e-06     -1.475379e-05     1.795984e-06
2.163000e+02     -1.071564e-05     -1.271423e-05     5.636863e-06
2.166000e+02     -1.477010e-05     -3.851586e-06     5.529109e-06
2.169000e+02     -1.624128e-05     4.395489e-06     9.121029e-08
2.172000e+02     -1.100390e-05     3.113821e-06     -5.183955e-06
2.175000e+02     -9.207831e-07     9.062463e-07     -7.296926e-06
2.178000e+02     6.363901e-06     -1.108924e-06     -4.268233e-06
2.181000e+02     1.035239e-05     -2.158405e-06     -2.293306e-06
2.184000e+02     1.805105e-05     5.590073e-07     8.829270e-07
2.187000e+02     2.957713e-05     4.294259e-06     1.028840e-06
2.190000e+02     2.789101e-05     6.381316e-06     1.996999e-06
2.193000e+02     1.297786e-05     6.412950e-06     2.543794e-06
2.196000e+02     -3.642667e-06     6.727015e-06     3.343770e-06
2.199000e+02     -1.625618e-05     1.011208e-05     2.258702e-06
2.202000e+02     -2.579704e-05     1.154371e-05     4.291829e-07
2.205000e+02     -2.795696e-05     7.045902e-06     -9.086321e-07
2.208000e+02     -2.521131e-05     -7.705551e-07     -1.837310e-06
2.211000e+02     -6.428439e-06     -9.271810e-06     -7.193082e-07
2.214000e+02     3.788042e-06     -1.486538e-05     -2.860008e-06
2.217000e+02     1.336967e-05     -1.859605e-05     -4.030322e-06
2.220000e+02     2.266889e-05     -1.867593e-05     -3.991353e-06
2.223000e+02     1.967306e-05     -1.860407e-05     -4.683586e-06
2.226000e+02     1.351352e-05     -1.372934e-05     -3.104112e-06
2.229000e+02     1.085124e-05     -2.097887e-06     8.103663e-07
2.232000e+02     3.007721e-06     1.683562e-07     6.176417e-06
2.235000e+02     -6.646209e-06     1.474349e-06     1.032533e-05
2.238000e+02     -9.193137e-06     2.680433e-06     9.417279e-06
2.241000e+02     -6.269283e-06     1.158005e-05     9.498414e-06
2.244000e+02     -8.552445e-06     1.298587e-05     9.455772e-06
2.247000e+02     -1.221826e-05     9.965903e-06     3.955777e-06
2.250000e+02     -2.524743e-06     1.147128e-05     7.598847e-07
2.253000e+02     -8.570872e-08     8.541588e-06     1.904193e-07
2.256000e+02     -4.941222e-06     8.211871e-06     -4.978980e-07
2.259000e+02     -5.454956e-06     5.021200e-06     2.349170e-06
2.262000e+02     2.442602e-06     2.061569e-07     4.747265e-06
2.265000e+02     5.593205e-06     2.063617e-07     1.950155e-06
2.268000e+02     3.850267e-06     -1.278701e-06     -4.195035e-06
2.271000e+02     -4.317642e-06     -3.325909e-06     -1.261519e-05
2.274000e+02     -4.693975e-06     -5.691999e-06     -1.331489e-05
2.277000e+02     -9.092795e-07     -7.306614e-06     -9.946459e-06
2.280000e+02     4.004415e-06     -1.061165e-05     -8.416108e-06
2.283000e+02     7.039668e-06     -8.518480e-06     -6.312889e-06
2.286000e+02     6.935123e-06     -5.257693e-06     -2.474092e-06
2.289000e+02     3.002410e-06     -4.847253e-06     3.871137e-07
2.292000e+02     -2.895303e-06     -1.256146e-06     4.055352e-06
2.295000e+02     -1.278256e-06     1.303122e-06     6.492259e-06
2.298000e+02     2.589220e-07     7.872565e-06     9.101833e-06
2.301000e+02     -2.413162e-06     1.166376e-05     6.630783e-06
2.304000e+02     -4.469340e-06     1.706900e-05     4.485576e-06
2.307000e+02     -2.682310e-08     1.168994e-05     4.901186e-06
2.310000e+02     6.199746e-06     1.532995e-06     2.072621e-06
2.313000e+02     8.785300e-06     -5.513321e-06     6.545493e-07
2.316000e+02     7.931559e-06     -7.181766e-06     2.005125e-07
2.319000e+02     3.050993e-07     -4.385894e-06     -1.317342e-06
2.322000e+02     -5.800214e-06     -7.790957e-06     -3.228352e-06
2.325000e+02     -3.367870e-06     -1.330666e-05     -6.222027e-06
2.328000e+02     -3.955862e-07     -1.215055e-05     -8.641346e-06
2.331000e+02     1.037943e-06     -4.544698e-06     -5.075154e-06
2.334000e+02     -3.441903e-06     7.632043e-07     8.477328e-07
2.337000e+02     -8.164011e-06     5.860117e-06     6.702066e-06
2.340000e+02     -5.352037e-07     7.063103e-06     7.719337e-06
2.343000e+02     5.578682e-06     7.610602e-06     5.342464e-06
2.346000e+02     3.398657e-06     1.022880e-05     2.881056e-06
2.349000e+02     -5.040134e-06     1.082335e-05     6.104029e-06
2.352000e+02     -1.439481e-05     6.021104e-06     6.638219e-06
2.355000e+02     -1.142850e-05     -4.149328e-07     1.809859e-06
2.358000e+02     4.369366e-07     -4.220812e-06     -3.981620e-06
2.361000e+02     1.222769e-05     -5.187639e-06     -6.710334e-06
2.364000e+02     1.515103e-05     -5.143629e-06     -5.029218e-06
2.367000e+02     1.281906e-05     -4.421196e-06     -2.380787e-06
2.370000e+02     1.083789e-05     -3.416207e-07     -2.784949e-06
2.373000e+02     6.630365e-06     1.430464e-06     -4.991664e-06
2.376000e+02     2.345889e-07     -1.717803e-06     -1.689473e-06
2.379000e+02     -3.333390e-06     -5.343971e-06     4.391084e-07
2.382000e+02     -2.434883e-06     -1.084382e-06     2.098703e-06
2.385000e+02     -7.537517e-06     1.866969e-06     -6.403563e-07
2.388000e+02     -7.750194e-06     5.263571e-06     -3.802220e-06
2.391000e+02     -5.159864e-06     4.755840e-06     -3.634907e-06
2.394000e+02     3.610516e-07     2.556338e-06     -2.767633e-06
2.397000e+02     4.943218e-06     -4.654611e-08     -1.047574e-06
2.400000e+02     4.614798e-06     -5.116163e-06     4.805711e-07
2.403000e+02     4.790904e-07     -6.699567e-06     4.863449e-06
2.406000e+02     -2.481905e-06     -9.441446e-06     7.747543e-06
2.409000e+02     -4.604404e-06     -9.780308e-06     9.873744e-06
2.412000e+02     8.834350e-07     -7.472098e-06     9.595915e-06
2.415000e+02     4.825066e-06     -1.313969e-06     9.208199e-06
2.418000e+02     8.388424e-06     2.448287e-06     9.271305e-06
2.421000e+02     1.021908e-05     7.657585e-06     3.801411e-06
2.424000e+02     8.228794e-06     1.334171e-05     -9.278051e-07
2.427000e+02     1.699877e-06     1.528528e-05     -5.925356e-06
2.430000e+02     -2.785596e-06     1.469917e-05     -7.987592e-06
2.433000e+02     -4.366291e-06     9.247382e-06     -7.787505e-06
2.436000e+02     -6.223524e-06     3.941018e-06     -6.971975e-06
2.439000e+02     -9.255862e-06     -9.137132e-07     -4.035834e-06
2.442000e+02     -8.541307e-06     -4.765803e-06     9.384962e-07
2.445000e+02     -2.931411e-06     -1.108048e-05     5.637061e-06
2.448000e+02     -1.879295e-06     -1.373522e-05     6.884252e-06
2.451000e+02     -4.961603e-06     -1.234514e-05     7.006278e-06
2.454000e+02     -1.409252e-05     -9.809005e-06     2.931438e-06
2.457000e+02     -1.906138e-05     -7.394378e-06     -3.781928e-07
2.460000e+02     -1.221730e-05     -3.123599e-06     -2.227454e-06
2.463000e+02     3.149288e-06     2.630121e-06     -3.652474e-06
2.466000e+02     1.835238e-05     1.021120e-05     -5.552586e-06
2.469000e+02     2.516204e-05     1.778950e-05     -7.875581e-06
2.472000e+02     2.597443e-05     1.402034e-05     -7.655357e-06
2.475000e+02     2.025791e-05     5.034542e-06     -6.363020e-06
2.478000e+02     1.197886e-05     -1.753803e-06     -6.923734e-06
2.481000e+02     2.956874e-06     -3.218793e-06     -8.741517e-06
2.484000e+02     -5.687148e-06     -2.339189e-06     -4.704459e-06
2.487000e+02     -7.673075e-06     -3.214158e-06     1.595462e-06
2.490000e+02     -5.850263e-06     -8.667382e-06     5.858440e-06
2.493000e+02     -7.563570e-06     -9.596815e-06     8.838890e-06
2.496000e+02     -7.969522e-06     -8.218970e-06     9.006096e-06
2.499000e+02     -6.505363e-06     -7.476873e-06     8.735597e-06
2.502000e+02     -7.804061e-06     -5.321158e-06     5.504442e-06
2.505000e+02     -7.683105e-06     5.345705e-08     3.257083e-06
2.508000e+02     -3.640510e-06     5.825063e-06     2.682867e-06
2.511000e+02     -8.672878e-07     1.394729e-05     1.047178e-06
2.514000e+02     2.464491e-06     1.637515e-05     -1.053581e-06
2.517000e+02     1.890251e-06     1.212007e-05     -1.578554e-06
2.520000e+02     3.677256e-08     7.150620e-06     -1.110423e-06
2.523000e+02     -2.737294e-06     -4.239653e-07     -2.338982e-06
2.526000e+02     -1.466109e-06     -2.266903e-06     -2.034336e-06
2.529000e+02     4.548334e-06     -4.163918e-06     -2.715764e-06
2.532000e+02     4.582602e-06     -9.498155e-06     -5.348633e-06
2.535000e+02     3.564311e-06     -1.026964e-05     -5.150833e-06
2.538000e+02     5.458316e-06     -6.538941e-06     -1.856556e-06
2.541000e+02     5.629803e-06     -6.121261e-06     1.875068e-06
2.544000e+02     7.042854e-06     -6.171970e-06     5.003010e-06
2.547000e+02     4.652087e-06     -3.721970e-06     8.093029e-06
2.550000e+02     -9.190918e-07     -2.233728e-06     8.984894e-06
2.553000e+02     -2.999262e-06     -3.395350e-06     7.548455e-06
2.556000e+02     -7.746162e-07     -4.789064e-06     3.989882e-06
2.559000e+02     5.490693e-06     -2.787600e-06     -8.481829e-07
2.562000e+02     6.447157e-06     1.815108e-06     -3.330817e-06
2.565000e+02     2.255789e-06     6.442821e-06     -2.971707e-06
2.568000e+02     -4.617118e-06     1.319824e-05     -2.613633e-06
2.571000e+02     -1.136630e-05     1.756401e-05     -4.572149e-06
2.574000e+02     -1.637459e-05     1.609699e-05     -6.410537e-06
2.577000e+02     -1.597403e-05     1.274867e-05     -5.708994e-06
2.580000e+02     -1.127266e-05     8.956159e-06     -3.467354e-06
2.583000e+02     -6.671199e-06     1.598366e-06     -2.410237e-06
2.586000e+02     1.437647e-06     -6.942340e-06     -1.539300e-06
2.589000e+02     7.192124e-06     -1.244071e-05     -3.907454e-07
2.592000e+02     1.077650e-05     -1.282957e-05     -2.484708e-07
2.595000e+02     1.285710e-05     -1.000439e-05     -1.064099e-06
2.598000e+02     1.314753e-05     -8.999863e-06     -2.043614e-06
2.601000e+02     1.081761e-05     -7.903183e-06     -2.378240e-06
2.604000e+02     8.141206e-06     -6.199864e-06     -3.570045e-07
2.607000e+02     6.326236e-06     -4.429997e-06     3.140231e-06
2.610000e+02     2.444840e-06     -1.619268e-06     7.318522e-06
2.613000e+02     -3.189238e-06     1.941135e-06     1.027217e-05
2.616000e+02     -4.713823e-06     2.693243e-06     1.035997e-05
2.619000e+02     -3.438038e-06     1.985368e-06     8.071353e-06
2.622000e+02     -5.017268e-06     1.800507e-06     5.271650e-06
2.625000e+02     -4.543584e-06     2.165821e-06     2.481152e-06
2.628000e+02     -1.923312e-06     3.187393e-06     -1.469264e-06
2.631000e+02     -2.985918e-07     4.409638e-06     -5.555873e-06
2.634000e+02     -2.386351e-07     5.918545e-06     -8.912605e-06
2.637000e+02     -2.094144e-07     4.881964e-06     -8.765094e-06
2.640000e+02     -2.556193e-06     -8.373380e-07     -5.311309e-06
2.643000e+02     -5.826398e-06     -6.492077e-06     -9.445444e-07
2.646000e+02     -6.941704e-06     -6.047719e-06     2.002437e-06
2.649000e+02     -1.124547e-06     -4.039999e-06     1.026666e-06
2.652000e+02     7.152510e-06     -2.124157e-07     -1.841578e-08
2.655000e+02     1.134025e-05     1.182513e-06     4.036053e-07
2.658000e+02     8.315863e-06     6.718353e-07     1.905025e-07
2.661000e+02     2.853959e-06     -8.889903e-07     -1.016988e-06
2.664000e+02     9.489834e-07     -1.490001e-06     -1.151034e-06
2.667000e+02     2.413346e-06     4.232061e-07     -1.506420e-06
2.670000e+02     3.119779e-06     2.533779e-06     -4.145200e-07
2.673000e+02     2.128815e-06     4.399090e-06     1.799262e-06
2.676000e+02     -1.360755e-06     5.178968e-06     3.489928e-06
2.679000e+02     -3.546589e-06     5.271712e-06     4.899607e-06
2.682000e+02     -4.761606e-06     5.702622e-06     4.921507e-06
2.685000e+02     -5.789613e-06     4.966227e-06     3.366844e-06
2.688000e+02     -5.995966e-06     3.989692e-06     1.097820e-06
2.691000e+02     -5.241833e-06     -4.355804e-07     -2.079718e-06
2.694000e+02     -3.367367e-06     -4.023833e-06     -3.806609e-06
2.697000e+02     1.185699e-06     -4.748619e-06     -3.688826e-06
2.700000e+02     6.627494e-06     -9.477532e-06     -2.250664e-06
2.703000e+02     9.622560e-06     -1.621733e-05     -2.190802e-07
2.706000e+02     9.211793e-06     -1.807155e-05     1.783508e-06
2.709000e+02     8.335060e-06     -1.283976e-05     2.852074e-06
2.712000e+02     8.232181e-06     -3.003032e-06     5.349050e-06
2.715000e+02     1.062662e-05     4.199139e-06     8.164531e-06
2.718000e+02     9.927191e-06     6.579552e-06     8.878667e-06
2.721000e+02     2.855691e-06     7.579635e-06     6.704821e-06
2.724000e+02     -5.867499e-06     9.290731e-06     1.374215e-06
2.727000e+02     -1.213328e-05     1.274462e-05     -3.307598e-06
2.730000e+02     -1.543625e-05     1.394303e-05     -6.162336e-06
2.733000e+02     -1.924833e-05     1.162092e-05     -7.569746e-06
2.736000e+02     -2.222230e-05     6.075585e-06     -8.973860e-06
2.739000e+02     -2.127889e-05     -9.435302e-07     -8.627075e-06
2.742000e+02     -1.337605e-05     -6.502452e-06     -6.881818e-06
2.745000e+02     -2.363418e-06     -9.998735e-06     -4.685011e-06
2.748000e+02     7.225534e-06     -1.049238e-05     -2.778505e-06
2.751000e+02     1.719535e-05     -9.876685e-06     -8.903212e-07
2.754000e+02     2.548928e-05     -5.947089e-06     7.928280e-07
2.757000e+02     2.850092e-05     -7.089740e-07     3.085852e-06
2.760000e+02     2.541878e-05     3.761216e-06     6.545003e-06
2.763000e+02     1.845413e-05     6.438056e-06     9.652747e-06
2.766000e+02     9.955248e-06     6.767679e-06     1.107327e-05
2.769000e+02     5.215788e-07     8.264975e-06     8.565348e-06
2.772000e+02     -6.694461e-06     9.276635e-06     2.870723e-06
2.775000e+02     -1.285044e-05     6.947404e-06     -3.000941e-06
2.778000e+02     -1.661616e-05     2.746928e-06     -7.747975e-06
2.781000e+02     -1.805626e-05     -3.452787e-07     -9.392754e-06
2.784000e+02     -1.761029e-05     -2.971529e-06     -7.371501e-06
2.787000e+02     -1.209854e-05     -4.483305e-06     -4.366805e-06
2.790000e+02     -4.857302e-06     -5.143021e-06     -2.062831e-06
2.793000e+02     3.661570e-07     -6.144865e-06     4.991293e-07
2.796000e+02     5.507969e-06     -8.024176e-06     2.965172e-06
2.799000e+02     8.118929e-06     -8.870441e-06     5.315863e-06
2.802000e+02     8.594076e-06     -8.005431e-06     7.288505e-06
2.805000e+02     7.188011e-06     -4.855802e-06     7.192928e-06
2.808000e+02     3.553348e-06     -5.697599e-07     6.035109e-06
2.811000e+02     2.559573e-06     3.822048e-06     3.704516e-06
2.814000e+02     4.230755e-06     5.183507e-06     6.559531e-07
2.817000e+02     6.766493e-06     5.677670e-06     -2.898070e-06
2.820000e+02     5.843706e-06     5.595629e-06     -6.050050e-06
2.823000e+02     2.823872e-06     4.648284e-06     -7.023759e-06
2.826000e+02     -5.178696e-07     4.335728e-06     -5.077939e-06
2.829000e+02     -2.276353e-06     2.292554e-06     -9.783619e-07
2.832000e+02     -4.334962e-06     -5.056801e-07     2.982442e-06
2.835000e+02     -7.061795e-06     -3.436496e-06     4.696479e-06
2.838000e+02     -8.066711e-06     -2.809563e-06     4.346327e-06
2.841000e+02     -7.682279e-06     -4.962990e-07     2.252077e-06
2.844000e+02     -3.987316e-06     -2.837616e-08     -2.308379e-07
2.847000e+02     8.539337e-07     1.541152e-06     -2.532775e-06
2.850000e+02     4.063703e-06     4.620702e-06     -4.909423e-06
2.853000e+02     4.501193e-06     7.259936e-06     -8.033583e-06
2.856000e+02     2.278540e-06     8.108774e-06     -1.058727e-05
2.859000e+02     -2.175951e-08     6.727336e-06     -9.994088e-06
2.862000e+02     3.902977e-07     1.148319e-06     -5.858725e-06
2.865000e+02     2.816857e-06     -7.752142e-06     4.255679e-07
2.868000e+02     6.305080e-06     -1.392110e-05     6.085871e-06
2.871000e+02     9.794947e-06     -1.480023e-05     9.817700e-06
2.874000e+02     1.232230e-05     -9.229350e-06     1.081086e-05
2.877000e+02     9.529508e-06     -1.733416e-06     9.894106e-06
2.880000e+02     3.001263e-06     1.673041e-06     8.595262e-06
2.883000e+02     -2.418350e-06     2.027337e-06     6.925385e-06
2.886000e+02     -6.631471e-06     1.688818e-06     4.125522e-06
2.889000e+02     -7.704007e-06     3.798217e-06     6.066600e-07
2.892000e+02     -7.633547e-06     8.971575e-06     -3.249220e-06
2.895000e+02     -6.268357e-06     1.143636e-05     -5.614681e-06
2.898000e+02     -4.507103e-06     9.660261e-06     -4.760714e-06
2.901000e+02     -4.018262e-06     5.819259e-06     -1.826890e-06
2.904000e+02     -3.976986e-06     -8.380977e-07     4.547580e-07
2.907000e+02     -3.103253e-06     -6.198644e-06     1.126816e-06
2.910000e+02     -6.028049e-07     -7.903787e-06     -8.945433e-08
2.913000e+02     3.020554e-06     -9.067221e-06     -1.792514e-06
2.916000e+02     5.820978e-06     -1.033639e-05     -3.178504e-06
2.919000e+02     7.596968e-06     -9.616466e-06     -2.861487e-06
2.922000e+02     9.158295e-06     -6.477545e-06     -1.517098e-06
2.925000e+02     1.024570e-05     -1.817563e-06     -4.607277e-07
2.928000e+02     7.817698e-06     2.953296e-06     7.023254e-07
2.931000e+02     1.742267e-06     5.934289e-06     2.243095e-06
2.934000e+02     -5.383994e-06     5.674241e-06     3.580931e-06
2.937000e+02     -9.980273e-06     6.183954e-06     3.614301e-06
2.940000e+02     -1.047367e-05     7.190379e-06     1.937519e-06
2.943000e+02     -6.946670e-06     8.159999e-06     -1.516122e-06
2.946000e+02     -2.649881e-06     7.599774e-06     -4.955404e-06
2.949000e+02     1.665789e-06     6.607650e-06     -6.939416e-06
2.952000e+02     2.928170e-06     5.756920e-06     -7.024543e-06
2.955000e+02     1.122287e-06     4.213583e-06     -4.996333e-06
2.958000e+02     4.345647e-07     9.713309e-08     -2.284404e-06
2.961000e+02     1.738196e-07     -7.091421e-06     1.178023e-06
2.964000e+02     1.310484e-07     -1.249516e-05     5.046057e-06
2.967000e+02     3.666975e-07     -1.489036e-05     7.762123e-06
2.970000e+02     1.632425e-06     -1.337591e-05     7.460052e-06
2.973000e+02     1.301762e-06     -8.714122e-06     4.944770e-06
2.976000e+02     -5.922361e-07     -3.075949e-06     2.511772e-06
2.979000e+02     -8.438782e-07     1.637284e-06     1.078214e-06
2.982000e+02     -9.896529e-08     4.650905e-06     -3.031788e-07
2.985000e+02     2.034401e-06     5.094605e-06     -1.462054e-06
2.988000e+02     4.788098e-06     5.578131e-06     -3.367901e-06
2.991000e+02     7.929075e-06     5.973149e-06     -4.984132e-06
2.994000e+02     1.037399e-05     5.036535e-06     -5.959712e-06
2.997000e+02     1.124858e-05     1.443617e-06     -6.515536e-06
3.000000e+02     8.944014e-06     -2.873926e-06     -5.768106e-06
3.003000e+02     3.485560e-06     -5.009592e-06     -3.822379e-06
3.006000e+02     -2.555993e-06     -4.202563e-06     -1.352314e-06
3.009000e+02     -8.498598e-06     -1.202828e-06     1.257088e-06
3.012000e+02     -1.129592e-05     1.516955e-06     3.229847e-06
3.015000e+02     -1.214282e-05     3.341013e-06     4.992679e-06
3.018000e+02     -1.214470e-05     5.749189e-06     6.230623e-06
3.021000e+02     -1.047370e-05     6.959357e-06     6.982791e-06
3.024000e+02     -6.469717e-06     5.092319e-06     6.259420e-06
3.027000e+02     -1.924324e-06     1.103280e-07     4.358267e-06
3.030000e+02     2.491309e-06     -4.072273e-06     2.091860e-06
3.033000e+02     7.354598e-06     -5.526578e-06     3.141353e-07
3.036000e+02     1.074457e-05     -4.486213e-06     -4.259585e-07
3.039000e+02     1.155027e-05     -1.748485e-06     -8.011538e-07
3.042000e+02     1.079103e-05     -1.027548e-06     -8.801617e-07
3.045000e+02     7.758994e-06     -3.418928e-06     -1.010721e-06
3.048000e+02     2.434573e-06     -6.372655e-06     -1.594963e-06
3.051000e+02     -3.349077e-06     -7.259466e-06     -3.192851e-06
3.054000e+02     -6.517932e-06     -5.043048e-06     -5.000738e-06
3.057000e+02     -6.201967e-06     -1.278542e-06     -5.570729e-06
3.060000e+02     -4.039611e-06     2.271092e-06     -3.955790e-06
3.063000e+02     3.500113e-08     4.785910e-06     -1.356826e-06
3.066000e+02     3.093369e-06     6.853425e-06     1.316039e-06
3.069000e+02     4.504983e-06     7.229340e-06     3.460929e-06
