  0.00000E+00  0.41108E-11  0.35457E-11 -0.19453E-10
  0.30000E+00  0.11583E-10  0.99902E-11 -0.54817E-10
  0.60000E+00  0.26210E-10  0.22605E-10 -0.12405E-09
  0.90000E+00  0.51143E-10  0.44104E-10 -0.24203E-09
  0.12000E+01  0.89722E-10  0.77364E-10 -0.42459E-09
  0.15000E+01  0.14528E-09  0.12526E-09 -0.68751E-09
  0.18000E+01  0.22101E-09  0.19052E-09 -0.10458E-08
  0.21000E+01  0.31970E-09  0.27558E-09 -0.15128E-08
  0.24000E+01  0.44373E-09  0.38244E-09 -0.20997E-08
  0.27000E+01  0.59483E-09  0.51261E-09 -0.28146E-08
  0.30000E+01  0.77394E-09  0.66698E-09 -0.36624E-08
  0.33000E+01  0.98132E-09  0.84556E-09 -0.46438E-08
  0.36000E+01  0.12163E-08  0.10480E-08 -0.57558E-08
  0.39000E+01  0.14772E-08  0.12728E-08 -0.69906E-08
  0.42000E+01  0.17616E-08  0.15177E-08 -0.83363E-08
  0.45000E+01  0.20660E-08  0.17800E-08 -0.97765E-08
  0.48000E+01  0.23861E-08  0.20557E-08 -0.11291E-07
  0.51000E+01  0.27167E-08  0.23404E-08 -0.12854E-07
  0.54000E+01  0.30522E-08  0.26291E-08 -0.14439E-07
  0.57000E+01  0.33849E-08  0.29159E-08 -0.16014E-07
  0.60000E+01  0.37086E-08  0.31949E-08 -0.17544E-07
  0.63000E+01  0.40156E-08  0.34590E-08 -0.18995E-07
  0.66000E+01  0.42978E-08  0.37025E-08 -0.20328E-07
  0.69000E+01  0.45472E-08  0.39173E-08 -0.21505E-07
  0.72000E+01  0.47558E-08  0.40964E-08 -0.22488E-07
  0.75000E+01  0.49148E-08  0.42326E-08 -0.23239E-07
  0.78000E+01  0.50179E-08  0.43207E-08 -0.23723E-07
  0.81000E+01  0.50573E-08  0.43545E-08 -0.23905E-07
  0.84000E+01  0.50258E-08  0.43261E-08 -0.23755E-07
  0.87000E+01  0.49189E-08  0.42330E-08 -0.23245E-07
  0.90000E+01  0.47302E-08  0.40698E-08 -0.22353E-07
  0.93000E+01  0.44569E-08  0.38332E-08 -0.21058E-07
  0.96000E+01  0.40957E-08  0.35204E-08 -0.19349E-07
  0.99000E+01  0.36456E-08  0.31304E-08 -0.17218E-07
  0.10200E+02  0.31049E-08  0.26628E-08 -0.14665E-07
  0.10500E+02  0.24766E-08  0.21160E-08 -0.11691E-07
  0.10800E+02  0.17606E-08  0.14980E-08 -0.83105E-08
  0.11100E+02  0.96280E-09  0.81600E-09 -0.45409E-08
  0.11400E+02  0.86800E-10  0.49994E-10 -0.40450E-09
  0.11700E+02 -0.85950E-09 -0.76101E-09  0.40669E-08
  0.12000E+02 -0.18700E-08 -0.16340E-08  0.88378E-08
  0.12300E+02 -0.29344E-08 -0.25590E-08  0.13865E-07
  0.12600E+02 -0.40431E-08 -0.35070E-08  0.19102E-07
  0.12900E+02 -0.51863E-08 -0.44960E-08  0.24496E-07
  0.13200E+02 -0.63501E-08 -0.55020E-08  0.29990E-07
  0.13500E+02 -0.75221E-08 -0.65080E-08  0.35523E-07
  0.13800E+02 -0.86902E-08 -0.75210E-08  0.41035E-07
  0.14100E+02 -0.98390E-08 -0.85130E-08  0.46459E-07
  0.14400E+02 -0.10956E-07 -0.94700E-08  0.51730E-07
  0.14700E+02 -0.12026E-07 -0.10394E-07  0.56778E-07
  0.15000E+02 -0.13035E-07 -0.11254E-07  0.61540E-07
  0.15300E+02 -0.13970E-07 -0.12062E-07  0.65949E-07
  0.15600E+02 -0.14816E-07 -0.12788E-07  0.69942E-07
  0.15900E+02 -0.15561E-07 -0.13427E-07  0.73459E-07
  0.16200E+02 -0.16193E-07 -0.13969E-07  0.76443E-07
  0.16500E+02 -0.16701E-07 -0.14402E-07  0.78842E-07
  0.16800E+02 -0.17075E-07 -0.14721E-07  0.80608E-07
  0.17100E+02 -0.17307E-07 -0.14915E-07  0.81701E-07
  0.17400E+02 -0.17388E-07 -0.14979E-07  0.82085E-07
  0.17700E+02 -0.17313E-07 -0.14909E-07  0.81734E-07
  0.18000E+02 -0.17079E-07 -0.14701E-07  0.80626E-07
  0.18300E+02 -0.16682E-07 -0.14350E-07  0.78749E-07
  0.18600E+02 -0.16113E-07 -0.13862E-07  0.76098E-07
  0.18900E+02 -0.15393E-07 -0.13226E-07  0.72676E-07
  0.19200E+02 -0.14507E-07 -0.12451E-07  0.68495E-07
  0.19500E+02 -0.13459E-07 -0.11554E-07  0.63575E-07
  0.19800E+02 -0.12262E-07 -0.10514E-07  0.57944E-07
  0.20100E+02 -0.10926E-07 -0.93560E-08  0.51638E-07
  0.20400E+02 -0.94610E-08 -0.80820E-08  0.44699E-07
  0.20700E+02 -0.78590E-08 -0.66990E-08  0.37179E-07
  0.21000E+02 -0.61550E-08 -0.52250E-08  0.29134E-07
  0.21300E+02 -0.43500E-08 -0.36610E-08  0.20629E-07
  0.21600E+02 -0.24620E-08 -0.20290E-08  0.11730E-07
  0.21900E+02 -0.51000E-09 -0.34001E-09  0.25140E-08
  0.22200E+02  0.14970E-08  0.13940E-08 -0.69435E-08
  0.22500E+02  0.35360E-08  0.31550E-08 -0.16561E-07
  0.22800E+02  0.55880E-08  0.49200E-08 -0.26256E-07
  0.23100E+02  0.76420E-08  0.66940E-08 -0.35943E-07
  0.23400E+02  0.96780E-08  0.84490E-08 -0.45535E-07
  0.23700E+02  0.11675E-07  0.10171E-07 -0.54949E-07
  0.24000E+02  0.13609E-07  0.11838E-07 -0.64099E-07
  0.24300E+02  0.15480E-07  0.13446E-07 -0.72903E-07
  0.24600E+02  0.17255E-07  0.14965E-07 -0.81280E-07
  0.24900E+02  0.18921E-07  0.16399E-07 -0.89156E-07
  0.25200E+02  0.20474E-07  0.17724E-07 -0.96458E-07
  0.25500E+02  0.21877E-07  0.18934E-07 -0.10312E-06
  0.25800E+02  0.23141E-07  0.20018E-07 -0.10908E-06
  0.26100E+02  0.24241E-07  0.20964E-07 -0.11428E-06
  0.26400E+02  0.25172E-07  0.21748E-07 -0.11868E-06
  0.26700E+02  0.25923E-07  0.22390E-07 -0.12223E-06
  0.27000E+02  0.26490E-07  0.22870E-07 -0.12490E-06
  0.27300E+02  0.26863E-07  0.23179E-07 -0.12667E-06
  0.27600E+02  0.27040E-07  0.23321E-07 -0.12752E-06
  0.27900E+02  0.27019E-07  0.23288E-07 -0.12744E-06
  0.28200E+02  0.26792E-07  0.23080E-07 -0.12640E-06
  0.28500E+02  0.26319E-07  0.22648E-07 -0.12432E-06
  0.28800E+02  0.25502E-07  0.21893E-07 -0.12100E-06
  0.29100E+02  0.24174E-07  0.20639E-07 -0.11622E-06
  0.29400E+02  0.22110E-07  0.18648E-07 -0.10973E-06
  0.29700E+02  0.19064E-07  0.15651E-07 -0.10131E-06
  0.30000E+02  0.14797E-07  0.11387E-07 -0.90819E-07
  0.30300E+02  0.90810E-08  0.56080E-08 -0.78181E-07
  0.30600E+02  0.17510E-08 -0.18810E-08 -0.63354E-07
  0.30900E+02 -0.73450E-08 -0.11280E-07 -0.46377E-07
  0.31200E+02 -0.18276E-07 -0.22677E-07 -0.27471E-07
  0.31500E+02 -0.30954E-07 -0.36028E-07 -0.70470E-08
  0.31800E+02 -0.45146E-07 -0.51112E-07  0.14370E-07
  0.32100E+02 -0.60491E-07 -0.67612E-07  0.36202E-07
  0.32400E+02 -0.76522E-07 -0.85052E-07  0.57769E-07
  0.32700E+02 -0.92660E-07 -0.10288E-06  0.78347E-07
  0.33000E+02 -0.10828E-06 -0.12044E-06  0.97151E-07
  0.33300E+02 -0.12267E-06 -0.13705E-06  0.11336E-06
  0.33600E+02 -0.13517E-06 -0.15201E-06  0.12635E-06
  0.33900E+02 -0.14538E-06 -0.16491E-06  0.13602E-06
  0.34200E+02 -0.15327E-06 -0.17569E-06  0.14267E-06
  0.34500E+02 -0.15904E-06 -0.18458E-06  0.14660E-06
  0.34800E+02 -0.16289E-06 -0.19173E-06  0.14774E-06
  0.35100E+02 -0.16487E-06 -0.19720E-06  0.14586E-06
  0.35400E+02 -0.16489E-06 -0.20085E-06  0.14079E-06
  0.35700E+02 -0.16279E-06 -0.20248E-06  0.13246E-06
  0.36000E+02 -0.15840E-06 -0.20190E-06  0.12088E-06
  0.36300E+02 -0.15155E-06 -0.19888E-06  0.10604E-06
  0.36600E+02 -0.14211E-06 -0.19323E-06  0.88017E-07
  0.36900E+02 -0.12997E-06 -0.18477E-06  0.66925E-07
  0.37200E+02 -0.11498E-06 -0.17331E-06  0.42951E-07
  0.37500E+02 -0.96987E-07 -0.15861E-06  0.16322E-07
  0.37800E+02 -0.75813E-07 -0.14045E-06 -0.12712E-07
  0.38100E+02 -0.51296E-07 -0.11857E-06 -0.43878E-07
  0.38400E+02 -0.23242E-07 -0.92722E-07 -0.76898E-07
  0.38700E+02  0.84635E-08 -0.62689E-07 -0.11144E-06
  0.39000E+02  0.43929E-07 -0.28310E-07 -0.14716E-06
  0.39300E+02  0.83200E-07  0.10568E-07 -0.18368E-06
  0.39600E+02  0.12625E-06  0.53992E-07 -0.22058E-06
  0.39900E+02  0.17299E-06  0.10195E-06 -0.25747E-06
  0.40200E+02  0.22325E-06  0.15434E-06 -0.29395E-06
  0.40500E+02  0.27675E-06  0.21097E-06 -0.32967E-06
  0.40800E+02  0.33318E-06  0.27159E-06 -0.36418E-06
  0.41100E+02  0.39212E-06  0.33582E-06 -0.39697E-06
  0.41400E+02  0.45310E-06  0.40324E-06 -0.42741E-06
  0.41700E+02  0.51549E-06  0.47327E-06 -0.45486E-06
  0.42000E+02  0.57851E-06  0.54514E-06 -0.47858E-06
  0.42300E+02  0.64123E-06  0.61794E-06 -0.49787E-06
  0.42600E+02  0.70259E-06  0.69058E-06 -0.51201E-06
  0.42900E+02  0.76143E-06  0.76189E-06 -0.52032E-06
  0.43200E+02  0.81650E-06  0.83056E-06 -0.52212E-06
  0.43500E+02  0.86653E-06  0.89526E-06 -0.51684E-06
  0.43800E+02  0.91019E-06  0.95461E-06 -0.50392E-06
  0.44100E+02  0.94621E-06  0.10072E-05 -0.48291E-06
  0.44400E+02  0.97329E-06  0.10517E-05 -0.45341E-06
  0.44700E+02  0.99019E-06  0.10867E-05 -0.41518E-06
  0.45000E+02  0.99576E-06  0.11108E-05 -0.36809E-06
  0.45300E+02  0.98893E-06  0.11230E-05 -0.31221E-06
  0.45600E+02  0.96876E-06  0.11220E-05 -0.24774E-06
  0.45900E+02  0.93445E-06  0.11069E-05 -0.17505E-06
  0.46200E+02  0.88535E-06  0.10768E-05 -0.94673E-07
  0.46500E+02  0.82105E-06  0.10311E-05 -0.72740E-08
  0.46800E+02  0.74132E-06  0.96943E-06  0.86344E-07
  0.47100E+02  0.64618E-06  0.89144E-06  0.18527E-06
  0.47400E+02  0.53590E-06  0.79722E-06  0.28845E-06
  0.47700E+02  0.41097E-06  0.68702E-06  0.39474E-06
  0.48000E+02  0.27215E-06  0.56134E-06  0.50289E-06
  0.48300E+02  0.12041E-06  0.42092E-06  0.61157E-06
  0.48600E+02 -0.43080E-07  0.26672E-06  0.71937E-06
  0.48900E+02 -0.21692E-06  0.99935E-07  0.82485E-06
  0.49200E+02 -0.39954E-06 -0.78089E-07  0.92656E-06
  0.49500E+02 -0.58920E-06 -0.26575E-06  0.10230E-05
  0.49800E+02 -0.78401E-06 -0.46126E-06  0.11127E-05
  0.50100E+02 -0.98207E-06 -0.66262E-06  0.11945E-05
  0.50400E+02 -0.11814E-05 -0.86752E-06  0.12668E-05
  0.50700E+02 -0.13801E-05 -0.10734E-05  0.13288E-05
  0.51000E+02 -0.15760E-05 -0.12776E-05  0.13793E-05
  0.51300E+02 -0.17673E-05 -0.14770E-05  0.14176E-05
  0.51600E+02 -0.19518E-05 -0.16687E-05  0.14429E-05
  0.51900E+02 -0.21276E-05 -0.18499E-05  0.14550E-05
  0.52200E+02 -0.22926E-05 -0.20178E-05  0.14534E-05
  0.52500E+02 -0.24450E-05 -0.21697E-05  0.14379E-05
  0.52800E+02 -0.25827E-05 -0.23032E-05  0.14086E-05
  0.53100E+02 -0.27041E-05 -0.24161E-05  0.13656E-05
  0.53400E+02 -0.28072E-05 -0.25064E-05  0.13091E-05
  0.53700E+02 -0.28905E-05 -0.25722E-05  0.12396E-05
  0.54000E+02 -0.29525E-05 -0.26121E-05  0.11576E-05
  0.54300E+02 -0.29917E-05 -0.26250E-05  0.10639E-05
  0.54600E+02 -0.30067E-05 -0.26108E-05  0.95926E-06
  0.54900E+02 -0.29963E-05 -0.25694E-05  0.84431E-06
  0.55200E+02 -0.29592E-05 -0.25012E-05  0.71990E-06
  0.55500E+02 -0.28949E-05 -0.24071E-05  0.58684E-06
  0.55800E+02 -0.28025E-05 -0.22881E-05  0.44614E-06
  0.56100E+02 -0.26820E-05 -0.21460E-05  0.29884E-06
  0.56400E+02 -0.25335E-05 -0.19825E-05  0.14616E-06
  0.56700E+02 -0.23575E-05 -0.17998E-05 -0.10484E-07
  0.57000E+02 -0.21549E-05 -0.16000E-05 -0.16944E-06
  0.57300E+02 -0.19269E-05 -0.13852E-05 -0.32875E-06
  0.57600E+02 -0.16753E-05 -0.11574E-05 -0.48598E-06
  0.57900E+02 -0.14022E-05 -0.91851E-06 -0.63887E-06
  0.58200E+02 -0.11099E-05 -0.67018E-06 -0.78499E-06
  0.58500E+02 -0.80084E-06 -0.41393E-06 -0.92216E-06
  0.58800E+02 -0.47798E-06 -0.15137E-06 -0.10486E-05
  0.59100E+02 -0.14432E-06  0.11549E-06 -0.11630E-05
  0.59400E+02  0.19748E-06  0.38420E-06 -0.12643E-05
  0.59700E+02  0.54528E-06  0.65203E-06 -0.13515E-05
  0.60000E+02  0.89728E-06  0.91591E-06 -0.14235E-05
  0.60300E+02  0.12518E-05  0.11725E-05 -0.14797E-05
  0.60600E+02  0.16070E-05  0.14182E-05 -0.15193E-05
  0.60900E+02  0.19613E-05  0.16495E-05 -0.15417E-05
  0.61200E+02  0.23129E-05  0.18631E-05 -0.15468E-05
  0.61500E+02  0.26605E-05  0.20559E-05 -0.15348E-05
  0.61800E+02  0.30028E-05  0.22256E-05 -0.15057E-05
  0.62100E+02  0.33389E-05  0.23697E-05 -0.14599E-05
  0.62400E+02  0.36678E-05  0.24863E-05 -0.13976E-05
  0.62700E+02  0.39882E-05  0.25739E-05 -0.13197E-05
  0.63000E+02  0.42987E-05  0.26315E-05 -0.12271E-05
  0.63300E+02  0.45977E-05  0.26592E-05 -0.11211E-05
  0.63600E+02  0.48837E-05  0.26571E-05 -0.10032E-05
  0.63900E+02  0.51550E-05  0.26266E-05 -0.87509E-06
  0.64200E+02  0.54097E-05  0.25696E-05 -0.73862E-06
  0.64500E+02  0.56459E-05  0.24884E-05 -0.59595E-06
  0.64800E+02  0.58610E-05  0.23861E-05 -0.44938E-06
  0.65100E+02  0.60525E-05  0.22661E-05 -0.30149E-06
  0.65400E+02  0.62179E-05  0.21322E-05 -0.15528E-06
  0.65700E+02  0.63543E-05  0.19886E-05 -0.13730E-07
  0.66000E+02  0.64587E-05  0.18400E-05  0.12001E-06
  0.66300E+02  0.65280E-05  0.16906E-05  0.24264E-06
  0.66600E+02  0.65594E-05  0.15451E-05  0.35097E-06
  0.66900E+02  0.65495E-05  0.14075E-05  0.44180E-06
  0.67200E+02  0.64957E-05  0.12817E-05  0.51190E-06
  0.67500E+02  0.63950E-05  0.11713E-05  0.55801E-06
  0.67800E+02  0.62450E-05  0.10790E-05  0.57727E-06
  0.68100E+02  0.60434E-05  0.10070E-05  0.56716E-06
  0.68400E+02  0.57884E-05  0.95675E-06  0.52549E-06
  0.68700E+02  0.54782E-05  0.92869E-06  0.45076E-06
  0.69000E+02  0.51120E-05  0.92243E-06  0.34185E-06
  0.69300E+02  0.46888E-05  0.93676E-06  0.19827E-06
  0.69600E+02  0.42089E-05  0.96968E-06  0.20420E-07
  0.69900E+02  0.36726E-05  0.10185E-05 -0.19070E-06
  0.70200E+02  0.30812E-05  0.10798E-05 -0.43322E-06
  0.70500E+02  0.24364E-05  0.11496E-05 -0.70428E-06
  0.70800E+02  0.17407E-05  0.12236E-05 -0.10002E-05
  0.71100E+02  0.99734E-06  0.12971E-05 -0.13165E-05
  0.71400E+02  0.20991E-06  0.13655E-05 -0.16478E-05
  0.71700E+02 -0.61700E-06  0.14237E-05 -0.19883E-05
  0.72000E+02 -0.14781E-05  0.14675E-05 -0.23315E-05
  0.72300E+02 -0.23674E-05  0.14924E-05 -0.26703E-05
  0.72600E+02 -0.32783E-05  0.14946E-05 -0.29974E-05
  0.72900E+02 -0.42034E-05  0.14706E-05 -0.33054E-05
  0.73200E+02 -0.51352E-05  0.14174E-05 -0.35865E-05
  0.73500E+02 -0.60650E-05  0.13329E-05 -0.38337E-05
  0.73800E+02 -0.69841E-05  0.12150E-05 -0.40393E-05
  0.74100E+02 -0.78833E-05  0.10629E-05 -0.41971E-05
  0.74400E+02 -0.87534E-05  0.87601E-06 -0.43009E-05
  0.74700E+02 -0.95847E-05  0.65469E-06 -0.43452E-05
  0.75000E+02 -0.10368E-04  0.39986E-06 -0.43255E-05
  0.75300E+02 -0.11093E-04  0.11290E-06 -0.42381E-05
  0.75600E+02 -0.11752E-04 -0.20388E-06 -0.40802E-05
  0.75900E+02 -0.12335E-04 -0.54799E-06 -0.38499E-05
  0.76200E+02 -0.12834E-04 -0.91597E-06 -0.35469E-05
  0.76500E+02 -0.13242E-04 -0.13041E-05 -0.31714E-05
  0.76800E+02 -0.13552E-04 -0.17080E-05 -0.27252E-05
  0.77100E+02 -0.13758E-04 -0.21230E-05 -0.22109E-05
  0.77400E+02 -0.13855E-04 -0.25440E-05 -0.16321E-05
  0.77700E+02 -0.13839E-04 -0.29656E-05 -0.99396E-06
  0.78000E+02 -0.13708E-04 -0.33822E-05 -0.30215E-06
  0.78300E+02 -0.13459E-04 -0.37881E-05  0.43646E-06
  0.78600E+02 -0.13092E-04 -0.41779E-05  0.12142E-05
  0.78900E+02 -0.12607E-04 -0.45456E-05  0.20226E-05
  0.79200E+02 -0.12007E-04 -0.48859E-05  0.28525E-05
  0.79500E+02 -0.11296E-04 -0.51934E-05  0.36942E-05
  0.79800E+02 -0.10476E-04 -0.54634E-05  0.45378E-05
  0.80100E+02 -0.95539E-05 -0.56914E-05  0.53728E-05
  0.80400E+02 -0.85362E-05 -0.58732E-05  0.61889E-05
  0.80700E+02 -0.74307E-05 -0.60054E-05  0.69753E-05
  0.81000E+02 -0.62462E-05 -0.60849E-05  0.77219E-05
  0.81300E+02 -0.49920E-05 -0.61095E-05  0.84185E-05
  0.81600E+02 -0.36789E-05 -0.60775E-05  0.90555E-05
  0.81900E+02 -0.23179E-05 -0.59877E-05  0.96237E-05
  0.82200E+02 -0.92077E-06 -0.58398E-05  0.10115E-04
  0.82500E+02  0.50022E-06 -0.56340E-05  0.10520E-04
  0.82800E+02  0.19324E-05 -0.53715E-05  0.10835E-04
  0.83100E+02  0.33630E-05 -0.50539E-05  0.11052E-04
  0.83400E+02  0.47792E-05 -0.46836E-05  0.11166E-04
  0.83700E+02  0.61681E-05 -0.42634E-05  0.11175E-04
  0.84000E+02  0.75170E-05 -0.37971E-05  0.11074E-04
  0.84300E+02  0.88138E-05 -0.32889E-05  0.10866E-04
  0.84600E+02  0.10047E-04 -0.27433E-05  0.10547E-04
  0.84900E+02  0.11204E-04 -0.21656E-05  0.10120E-04
  0.85200E+02  0.12276E-04 -0.15614E-05  0.95866E-05
  0.85500E+02  0.13252E-04 -0.93636E-06  0.89513E-05
  0.85800E+02  0.14124E-04 -0.29667E-06  0.82194E-05
  0.86100E+02  0.14884E-04  0.35134E-06  0.73971E-05
  0.86400E+02  0.15526E-04  0.10013E-05  0.64901E-05
  0.86700E+02  0.16043E-04  0.16468E-05  0.55075E-05
  0.87000E+02  0.16431E-04  0.22814E-05  0.44580E-05
  0.87300E+02  0.16688E-04  0.28989E-05  0.33514E-05
  0.87600E+02  0.16811E-04  0.34933E-05  0.21981E-05
  0.87900E+02  0.16800E-04  0.40586E-05  0.10092E-05
  0.88200E+02  0.16655E-04  0.45894E-05 -0.20387E-06
  0.88500E+02  0.16379E-04  0.50808E-05 -0.14296E-05
  0.88800E+02  0.15974E-04  0.55278E-05 -0.26560E-05
  0.89100E+02  0.15447E-04  0.59264E-05 -0.38711E-05
  0.89400E+02  0.14799E-04  0.62729E-05 -0.50632E-05
  0.89700E+02  0.14040E-04  0.65642E-05 -0.62205E-05
  0.90000E+02  0.13177E-04  0.67978E-05 -0.73320E-05
  0.90300E+02  0.12218E-04  0.69720E-05 -0.83867E-05
  0.90600E+02  0.11173E-04  0.70854E-05 -0.93747E-05
  0.90900E+02  0.10051E-04  0.71375E-05 -0.10286E-04
  0.91200E+02  0.88626E-05  0.71282E-05 -0.11113E-04
  0.91500E+02  0.76196E-05  0.70584E-05 -0.11847E-04
  0.91800E+02  0.63329E-05  0.69292E-05 -0.12481E-04
  0.92100E+02  0.50144E-05  0.67425E-05 -0.13011E-04
  0.92400E+02  0.36759E-05  0.65010E-05 -0.13429E-04
  0.92700E+02  0.23290E-05  0.62074E-05 -0.13734E-04
  0.93000E+02  0.98562E-06  0.58654E-05 -0.13924E-04
  0.93300E+02 -0.34290E-06  0.54788E-05 -0.13996E-04
  0.93600E+02 -0.16455E-05  0.50519E-05 -0.13951E-04
  0.93900E+02 -0.29111E-05  0.45893E-05 -0.13791E-04
  0.94200E+02 -0.41300E-05  0.40961E-05 -0.13516E-04
  0.94500E+02 -0.52924E-05  0.35774E-05 -0.13130E-04
  0.94800E+02 -0.63896E-05  0.30385E-05 -0.12639E-04
  0.95100E+02 -0.74136E-05  0.24848E-05 -0.12048E-04
  0.95400E+02 -0.83572E-05  0.19220E-05 -0.11361E-04
  0.95700E+02 -0.92141E-05  0.13554E-05 -0.10588E-04
  0.96000E+02 -0.99789E-05  0.79047E-06 -0.97364E-05
  0.96300E+02 -0.10647E-04  0.23238E-06 -0.88137E-05
  0.96600E+02 -0.11216E-04 -0.31356E-06 -0.78299E-05
  0.96900E+02 -0.11683E-04 -0.84271E-06 -0.67944E-05
  0.97200E+02 -0.12046E-04 -0.13504E-05 -0.57175E-05
  0.97500E+02 -0.12306E-04 -0.18324E-05 -0.46092E-05
  0.97800E+02 -0.12462E-04 -0.22848E-05 -0.34801E-05
  0.98100E+02 -0.12517E-04 -0.27042E-05 -0.23407E-05
  0.98400E+02 -0.12474E-04 -0.30874E-05 -0.12011E-05
  0.98700E+02 -0.12335E-04 -0.34319E-05 -0.71668E-07
  0.99000E+02 -0.12104E-04 -0.37355E-05  0.10377E-05
  0.99300E+02 -0.11787E-04 -0.39965E-05  0.21176E-05
  0.99600E+02 -0.11388E-04 -0.42138E-05  0.31589E-05
  0.99900E+02 -0.10915E-04 -0.43866E-05  0.41532E-05
  0.10020E+03 -0.10374E-04 -0.45147E-05  0.50925E-05
  0.10050E+03 -0.97721E-05 -0.45984E-05  0.59698E-05
  0.10080E+03 -0.91168E-05 -0.46384E-05  0.67786E-05
  0.10110E+03 -0.84157E-05 -0.46358E-05  0.75134E-05
  0.10140E+03 -0.76768E-05 -0.45921E-05  0.81694E-05
  0.10170E+03 -0.69081E-05 -0.45093E-05  0.87427E-05
  0.10200E+03 -0.61175E-05 -0.43897E-05  0.92304E-05
  0.10230E+03 -0.53129E-05 -0.42358E-05  0.96304E-05
  0.10260E+03 -0.45022E-05 -0.40505E-05  0.99415E-05
  0.10290E+03 -0.36927E-05 -0.38369E-05  0.10163E-04
  0.10320E+03 -0.28919E-05 -0.35984E-05  0.10297E-04
  0.10350E+03 -0.21064E-05 -0.33384E-05  0.10343E-04
  0.10380E+03 -0.13429E-05 -0.30604E-05  0.10305E-04
  0.10410E+03 -0.60707E-06 -0.27680E-05  0.10184E-04
  0.10440E+03  0.95503E-07 -0.24649E-05  0.99856E-05
  0.10470E+03  0.76003E-06 -0.21548E-05  0.97133E-05
  0.10500E+03  0.13821E-05 -0.18412E-05  0.93721E-05
  0.10530E+03  0.19582E-05 -0.15276E-05  0.89676E-05
  0.10560E+03  0.24852E-05 -0.12174E-05  0.85056E-05
  0.10590E+03  0.29608E-05 -0.91377E-06  0.79925E-05
  0.10620E+03  0.33832E-05 -0.61961E-06  0.74348E-05
  0.10650E+03  0.37512E-05 -0.33786E-06  0.68394E-05
  0.10680E+03  0.40645E-05 -0.70830E-07  0.62132E-05
  0.10710E+03  0.43231E-05  0.17921E-06  0.55631E-05
  0.10740E+03  0.45275E-05  0.41016E-06  0.48963E-05
  0.10770E+03  0.46793E-05  0.62044E-06  0.42196E-05
  0.10800E+03  0.47799E-05  0.80872E-06  0.35397E-05
  0.10830E+03  0.48318E-05  0.97387E-06  0.28631E-05
  0.10860E+03  0.48375E-05  0.11153E-05  0.21961E-05
  0.10890E+03  0.47999E-05  0.12326E-05  0.15446E-05
  0.10920E+03  0.47224E-05  0.13256E-05  0.91399E-06
  0.10950E+03  0.46087E-05  0.13945E-05  0.30944E-06
  0.10980E+03  0.44626E-05  0.14397E-05 -0.26451E-06
  0.11010E+03  0.42880E-05  0.14621E-05 -0.80384E-06
  0.11040E+03  0.40891E-05  0.14626E-05 -0.13049E-05
  0.11070E+03  0.38701E-05  0.14425E-05 -0.17650E-05
  0.11100E+03  0.36350E-05  0.14032E-05 -0.21814E-05
  0.11130E+03  0.33881E-05  0.13464E-05 -0.25525E-05
  0.11160E+03  0.31334E-05  0.12737E-05 -0.28769E-05
  0.11190E+03  0.28747E-05  0.11871E-05 -0.31541E-05
  0.11220E+03  0.26158E-05  0.10887E-05 -0.33837E-05
  0.11250E+03  0.23603E-05  0.98047E-06 -0.35662E-05
  0.11280E+03  0.21114E-05  0.86455E-06 -0.37026E-05
  0.11310E+03  0.18720E-05  0.74309E-06 -0.37941E-05
  0.11340E+03  0.16449E-05  0.61824E-06 -0.38426E-05
  0.11370E+03  0.14324E-05  0.49210E-06 -0.38503E-05
  0.11400E+03  0.12365E-05  0.36668E-06 -0.38197E-05
  0.11430E+03  0.10589E-05  0.24394E-06 -0.37537E-05
  0.11460E+03  0.90083E-06  0.12573E-06 -0.36556E-05
  0.11490E+03  0.76328E-06  0.13763E-07 -0.35285E-05
  0.11520E+03  0.64683E-06 -0.90388E-07 -0.33762E-05
  0.11550E+03  0.55172E-06 -0.18531E-06 -0.32022E-05
  0.11580E+03  0.47784E-06 -0.26977E-06 -0.30103E-05
  0.11610E+03  0.42475E-06 -0.34272E-06 -0.28043E-05
  0.11640E+03  0.39174E-06 -0.40328E-06 -0.25878E-05
  0.11670E+03  0.37782E-06 -0.45079E-06 -0.23646E-05
  0.11700E+03  0.38160E-06 -0.48479E-06 -0.21383E-05
  0.11730E+03  0.40174E-06 -0.50502E-06 -0.19122E-05
  0.11760E+03  0.43638E-06 -0.51140E-06 -0.16897E-05
  0.11790E+03  0.48376E-06 -0.50405E-06 -0.14736E-05
  0.11820E+03  0.54181E-06 -0.48331E-06 -0.12668E-05
  0.11850E+03  0.60843E-06 -0.44965E-06 -0.10719E-05
  0.11880E+03  0.68140E-06 -0.40373E-06 -0.89078E-06
  0.11910E+03  0.75853E-06 -0.34635E-06 -0.72564E-06
  0.11940E+03  0.83752E-06 -0.27848E-06 -0.57797E-06
  0.11970E+03  0.91620E-06 -0.20120E-06 -0.44903E-06
  0.12000E+03  0.99239E-06 -0.11571E-06 -0.33968E-06
  0.12030E+03  0.10640E-05 -0.23180E-07 -0.25052E-06
  0.12060E+03  0.11291E-05  0.74850E-07 -0.18185E-06
  0.12090E+03  0.11858E-05  0.17721E-06 -0.13351E-06
  0.12120E+03  0.12324E-05  0.28224E-06 -0.10523E-06
  0.12150E+03  0.12674E-05  0.38863E-06 -0.96299E-07
  0.12180E+03  0.12896E-05  0.49496E-06 -0.10581E-06
  0.12210E+03  0.12978E-05  0.59967E-06 -0.13257E-06
  0.12240E+03  0.12911E-05  0.70155E-06 -0.17519E-06
  0.12270E+03  0.12689E-05  0.79906E-06 -0.23207E-06
  0.12300E+03  0.12308E-05  0.89103E-06 -0.30143E-06
  0.12330E+03  0.11764E-05  0.97638E-06 -0.38132E-06
  0.12360E+03  0.11060E-05  0.10538E-05 -0.46988E-06
  0.12390E+03  0.10196E-05  0.11225E-05 -0.56479E-06
  0.12420E+03  0.91786E-06  0.11815E-05 -0.66406E-06
  0.12450E+03  0.80141E-06  0.12303E-05 -0.76547E-06
  0.12480E+03  0.67112E-06  0.12680E-05 -0.86681E-06
  0.12510E+03  0.52807E-06  0.12943E-05 -0.96607E-06
  0.12540E+03  0.37350E-06  0.13087E-05 -0.10611E-05
  0.12570E+03  0.20878E-06  0.13113E-05 -0.11500E-05
  0.12600E+03  0.35448E-07  0.13018E-05 -0.12310E-05
  0.12630E+03 -0.14489E-06  0.12804E-05 -0.13023E-05
  0.12660E+03 -0.33051E-06  0.12474E-05 -0.13623E-05
  0.12690E+03 -0.51964E-06  0.12030E-05 -0.14099E-05
  0.12720E+03 -0.71044E-06  0.11477E-05 -0.14436E-05
  0.12750E+03 -0.90108E-06  0.10822E-05 -0.14628E-05
  0.12780E+03 -0.10897E-05  0.10071E-05 -0.14664E-05
  0.12810E+03 -0.12745E-05  0.92330E-06 -0.14540E-05
  0.12840E+03 -0.14537E-05  0.83157E-06 -0.14253E-05
  0.12870E+03 -0.16255E-05  0.73284E-06 -0.13802E-05
  0.12900E+03 -0.17884E-05  0.62823E-06 -0.13189E-05
  0.12930E+03 -0.19408E-05  0.51880E-06 -0.12415E-05
  0.12960E+03 -0.20813E-05  0.40546E-06 -0.11487E-05
  0.12990E+03 -0.22086E-05  0.28948E-06 -0.10412E-05
  0.13020E+03 -0.23215E-05  0.17200E-06 -0.91993E-06
  0.13050E+03 -0.24191E-05  0.54090E-07 -0.78603E-06
  0.13080E+03 -0.25006E-05 -0.63250E-07 -0.64056E-06
  0.13110E+03 -0.25652E-05 -0.17878E-06 -0.48503E-06
  0.13140E+03 -0.26125E-05 -0.29153E-06 -0.32094E-06
  0.13170E+03 -0.26422E-05 -0.40050E-06 -0.14971E-06
  0.13200E+03 -0.26542E-05 -0.50475E-06  0.26844E-07
  0.13230E+03 -0.26484E-05 -0.60352E-06  0.20707E-06
  0.13260E+03 -0.26251E-05 -0.69599E-06  0.38920E-06
  0.13290E+03 -0.25848E-05 -0.78142E-06  0.57149E-06
  0.13320E+03 -0.25279E-05 -0.85916E-06  0.75218E-06
  0.13350E+03 -0.24550E-05 -0.92872E-06  0.92956E-06
  0.13380E+03 -0.23669E-05 -0.98977E-06  0.11019E-05
  0.13410E+03 -0.22648E-05 -0.10419E-05  0.12677E-05
  0.13440E+03 -0.21495E-05 -0.10848E-05  0.14253E-05
  0.13470E+03 -0.20224E-05 -0.11186E-05  0.15733E-05
  0.13500E+03 -0.18846E-05 -0.11430E-05  0.17105E-05
  0.13530E+03 -0.17373E-05 -0.11582E-05  0.18356E-05
  0.13560E+03 -0.15821E-05 -0.11642E-05  0.19475E-05
  0.13590E+03 -0.14203E-05 -0.11614E-05  0.20453E-05
  0.13620E+03 -0.12533E-05 -0.11501E-05  0.21285E-05
  0.13650E+03 -0.10826E-05 -0.11307E-05  0.21961E-05
  0.13680E+03 -0.90966E-06 -0.11035E-05  0.22479E-05
  0.13710E+03 -0.73590E-06 -0.10693E-05  0.22836E-05
  0.13740E+03 -0.56253E-06 -0.10284E-05  0.23031E-05
  0.13770E+03 -0.39114E-06 -0.98159E-06  0.23064E-05
  0.13800E+03 -0.22276E-06 -0.92950E-06  0.22938E-05
  0.13830E+03 -0.58800E-07 -0.87279E-06  0.22656E-05
  0.13860E+03  0.99730E-07 -0.81219E-06  0.22222E-05
  0.13890E+03  0.25181E-06 -0.74840E-06  0.21644E-05
  0.13920E+03  0.39648E-06 -0.68220E-06  0.20928E-05
  0.13950E+03  0.53298E-06 -0.61423E-06  0.20085E-05
  0.13980E+03  0.66047E-06 -0.54526E-06  0.19124E-05
  0.14010E+03  0.77842E-06 -0.47590E-06  0.18054E-05
  0.14040E+03  0.88635E-06 -0.40688E-06  0.16889E-05
  0.14070E+03  0.98387E-06 -0.33877E-06  0.15639E-05
  0.14100E+03  0.10707E-05 -0.27224E-06  0.14317E-05
  0.14130E+03  0.11468E-05 -0.20774E-06  0.12935E-05
  0.14160E+03  0.12120E-05 -0.14581E-06  0.11509E-05
  0.14190E+03  0.12664E-05 -0.86880E-07  0.10049E-05
  0.14220E+03  0.13103E-05 -0.31330E-07  0.85695E-06
  0.14250E+03  0.13438E-05  0.20490E-07  0.70831E-06
  0.14280E+03  0.13673E-05  0.68270E-07  0.56011E-06
  0.14310E+03  0.13813E-05  0.11189E-06  0.41362E-06
  0.14340E+03  0.13863E-05  0.15122E-06  0.26996E-06
  0.14370E+03  0.13828E-05  0.18608E-06  0.13017E-06
  0.14400E+03  0.13714E-05  0.21647E-06 -0.47500E-08
  0.14430E+03  0.13529E-05  0.24241E-06 -0.13392E-06
  0.14460E+03  0.13278E-05  0.26398E-06 -0.25653E-06
  0.14490E+03  0.12970E-05  0.28129E-06 -0.37188E-06
  0.14520E+03  0.12612E-05  0.29452E-06 -0.47935E-06
  0.14550E+03  0.12210E-05  0.30387E-06 -0.57846E-06
  0.14580E+03  0.11773E-05  0.30959E-06 -0.66878E-06
  0.14610E+03  0.11307E-05  0.31196E-06 -0.75005E-06
  0.14640E+03  0.10820E-05  0.31128E-06 -0.82208E-06
  0.14670E+03  0.10318E-05  0.30788E-06 -0.88477E-06
  0.14700E+03  0.98091E-06  0.30211E-06 -0.93816E-06
  0.14730E+03  0.92963E-06  0.29431E-06 -0.98227E-06
  0.14760E+03  0.87871E-06  0.28485E-06 -0.10174E-05
  0.14790E+03  0.82864E-06  0.27409E-06 -0.10438E-05
  0.14820E+03  0.77975E-06  0.26240E-06 -0.10618E-05
  0.14850E+03  0.73260E-06  0.25011E-06 -0.10717E-05
  0.14880E+03  0.68731E-06  0.23757E-06 -0.10743E-05
  0.14910E+03  0.64430E-06  0.22509E-06 -0.10699E-05
  0.14940E+03  0.60367E-06  0.21298E-06 -0.10591E-05
  0.14970E+03  0.56563E-06  0.20151E-06 -0.10426E-05
  0.15000E+03  0.53031E-06  0.19092E-06 -0.10210E-05
  0.15030E+03  0.49756E-06  0.18143E-06 -0.99485E-06
  0.15060E+03  0.46748E-06  0.17323E-06 -0.96497E-06
  0.15090E+03  0.44001E-06  0.16649E-06 -0.93186E-06
  0.15120E+03  0.41497E-06  0.16129E-06 -0.89632E-06
  0.15150E+03  0.39213E-06  0.15775E-06 -0.85896E-06
  0.15180E+03  0.37142E-06  0.15590E-06 -0.82035E-06
  0.15210E+03  0.35247E-06  0.15576E-06 -0.78099E-06
  0.15240E+03  0.33505E-06  0.15731E-06 -0.74163E-06
  0.15270E+03  0.31887E-06  0.16051E-06 -0.70260E-06
  0.15300E+03  0.30360E-06  0.16526E-06 -0.66443E-06
  0.15330E+03  0.28899E-06  0.17147E-06 -0.62751E-06
  0.15360E+03  0.27466E-06  0.17898E-06 -0.59220E-06
  0.15390E+03  0.26032E-06  0.18766E-06 -0.55877E-06
  0.15420E+03  0.24565E-06  0.19731E-06 -0.52750E-06
  0.15450E+03  0.23035E-06  0.20774E-06 -0.49855E-06
  0.15480E+03  0.21412E-06  0.21873E-06 -0.47205E-06
  0.15510E+03  0.19671E-06  0.23006E-06 -0.44808E-06
  0.15540E+03  0.17789E-06  0.24150E-06 -0.42664E-06
  0.15570E+03  0.15746E-06  0.25282E-06 -0.40771E-06
  0.15600E+03  0.13521E-06  0.26377E-06 -0.39121E-06
  0.15630E+03  0.11103E-06  0.27414E-06 -0.37698E-06
  0.15660E+03  0.84830E-07  0.28368E-06 -0.36486E-06
  0.15690E+03  0.56490E-07  0.29218E-06 -0.35464E-06
  0.15720E+03  0.26070E-07  0.29943E-06 -0.34610E-06
  0.15750E+03 -0.65100E-08  0.30524E-06 -0.33894E-06
  0.15780E+03 -0.41040E-07  0.30943E-06 -0.33288E-06
  0.15810E+03 -0.77610E-07  0.31185E-06 -0.32762E-06
  0.15840E+03 -0.11598E-06  0.31236E-06 -0.32283E-06
  0.15870E+03 -0.15592E-06  0.31085E-06 -0.31819E-06
  0.15900E+03 -0.19741E-06  0.30724E-06 -0.31337E-06
  0.15930E+03 -0.24009E-06  0.30145E-06 -0.30807E-06
  0.15960E+03 -0.28367E-06  0.29345E-06 -0.30196E-06
  0.15990E+03 -0.32794E-06  0.28323E-06 -0.29475E-06
  0.16020E+03 -0.37254E-06  0.27082E-06 -0.28616E-06
  0.16050E+03 -0.41722E-06  0.25622E-06 -0.27596E-06
  0.16080E+03 -0.46145E-06  0.23953E-06 -0.26391E-06
  0.16110E+03 -0.50507E-06  0.22083E-06 -0.24981E-06
  0.16140E+03 -0.54770E-06  0.20022E-06 -0.23352E-06
  0.16170E+03 -0.58887E-06  0.17786E-06 -0.21490E-06
  0.16200E+03 -0.62834E-06  0.15389E-06 -0.19387E-06
  0.16230E+03 -0.66574E-06  0.12847E-06 -0.17038E-06
  0.16260E+03 -0.70075E-06  0.10181E-06 -0.14442E-06
  0.16290E+03 -0.73297E-06  0.74091E-07 -0.11601E-06
  0.16320E+03 -0.76209E-06  0.45538E-07 -0.85232E-07
  0.16350E+03 -0.78806E-06  0.16370E-07 -0.52185E-07
  0.16380E+03 -0.81034E-06 -0.13183E-07 -0.17011E-07
  0.16410E+03 -0.82886E-06 -0.42897E-07  0.20111E-07
  0.16440E+03 -0.84341E-06 -0.72540E-07  0.58982E-07
  0.16470E+03 -0.85383E-06 -0.10187E-06  0.99344E-07
  0.16500E+03 -0.85999E-06 -0.13067E-06  0.14095E-06
  0.16530E+03 -0.86180E-06 -0.15870E-06  0.18351E-06
  0.16560E+03 -0.85920E-06 -0.18577E-06  0.22671E-06
  0.16590E+03 -0.85220E-06 -0.21167E-06  0.27022E-06
  0.16620E+03 -0.84079E-06 -0.23621E-06  0.31372E-06
  0.16650E+03 -0.82504E-06 -0.25919E-06  0.35685E-06
  0.16680E+03 -0.80506E-06 -0.28048E-06  0.39926E-06
  0.16710E+03 -0.78095E-06 -0.29992E-06  0.44062E-06
  0.16740E+03 -0.75289E-06 -0.31740E-06  0.48058E-06
  0.16770E+03 -0.72107E-06 -0.33279E-06  0.51879E-06
  0.16800E+03 -0.68568E-06 -0.34602E-06  0.55493E-06
  0.16830E+03 -0.64701E-06 -0.35702E-06  0.58870E-06
  0.16860E+03 -0.60530E-06 -0.36574E-06  0.61981E-06
  0.16890E+03 -0.56092E-06 -0.37215E-06  0.64798E-06
  0.16920E+03 -0.51398E-06 -0.37626E-06  0.67297E-06
  0.16950E+03 -0.46503E-06 -0.37808E-06  0.69455E-06
  0.16980E+03 -0.41433E-06 -0.37764E-06  0.71254E-06
  0.17010E+03 -0.36216E-06 -0.37500E-06  0.72680E-06
  0.17040E+03 -0.30895E-06 -0.37023E-06  0.73717E-06
  0.17070E+03 -0.25509E-06 -0.36341E-06  0.74359E-06
  0.17100E+03 -0.20080E-06 -0.35464E-06  0.74599E-06
  0.17130E+03 -0.14648E-06 -0.34404E-06  0.74434E-06
  0.17160E+03 -0.92420E-07 -0.33175E-06  0.73866E-06
  0.17190E+03 -0.39110E-07 -0.31790E-06  0.72900E-06
  0.17220E+03  0.13270E-07 -0.30263E-06  0.71543E-06
  0.17250E+03  0.64449E-07 -0.28611E-06  0.69806E-06
  0.17280E+03  0.11404E-06 -0.26847E-06  0.67702E-06
  0.17310E+03  0.16184E-06 -0.24992E-06  0.65250E-06
  0.17340E+03  0.20758E-06 -0.23058E-06  0.62469E-06
  0.17370E+03  0.25107E-06 -0.21065E-06  0.59380E-06
  0.17400E+03  0.29210E-06 -0.19027E-06  0.56009E-06
  0.17430E+03  0.33051E-06 -0.16961E-06  0.52381E-06
  0.17460E+03  0.36615E-06 -0.14884E-06  0.48522E-06
  0.17490E+03  0.39890E-06 -0.12809E-06  0.44464E-06
  0.17520E+03  0.42869E-06 -0.10751E-06  0.40236E-06
  0.17550E+03  0.45544E-06 -0.87249E-07  0.35868E-06
  0.17580E+03  0.47911E-06 -0.67417E-07  0.31392E-06
  0.17610E+03  0.49969E-06 -0.48128E-07  0.26840E-06
  0.17640E+03  0.51718E-06 -0.29503E-07  0.22242E-06
  0.17670E+03  0.53163E-06 -0.11629E-07  0.17630E-06
  0.17700E+03  0.54308E-06  0.54170E-08  0.13033E-06
  0.17730E+03  0.55160E-06  0.21558E-07  0.84812E-07
  0.17760E+03  0.55730E-06  0.36751E-07  0.40018E-07
  0.17790E+03  0.56026E-06  0.50936E-07 -0.37730E-08
  0.17820E+03  0.56063E-06  0.64075E-07 -0.46334E-07
  0.17850E+03  0.55852E-06  0.76171E-07 -0.87419E-07
  0.17880E+03  0.55410E-06  0.87194E-07 -0.12683E-06
  0.17910E+03  0.54751E-06  0.97150E-07 -0.16436E-06
  0.17940E+03  0.53892E-06  0.10606E-06 -0.19985E-06
  0.17970E+03  0.52849E-06  0.11393E-06 -0.23315E-06
  0.18000E+03  0.51639E-06  0.12081E-06 -0.26414E-06
  0.18030E+03  0.50278E-06  0.12671E-06 -0.29272E-06
  0.18060E+03  0.48785E-06  0.13170E-06 -0.31883E-06
  0.18090E+03  0.47175E-06  0.13581E-06 -0.34238E-06
  0.18120E+03  0.45465E-06  0.13911E-06 -0.36336E-06
  0.18150E+03  0.43670E-06  0.14166E-06 -0.38178E-06
  0.18180E+03  0.41807E-06  0.14351E-06 -0.39761E-06
  0.18210E+03  0.39887E-06  0.14474E-06 -0.41092E-06
  0.18240E+03  0.37926E-06  0.14540E-06 -0.42173E-06
  0.18270E+03  0.35936E-06  0.14557E-06 -0.43012E-06
  0.18300E+03  0.33926E-06  0.14531E-06 -0.43619E-06
  0.18330E+03  0.31909E-06  0.14467E-06 -0.44001E-06
  0.18360E+03  0.29892E-06  0.14372E-06 -0.44169E-06
  0.18390E+03  0.27886E-06  0.14252E-06 -0.44138E-06
  0.18420E+03  0.25894E-06  0.14113E-06 -0.43917E-06
  0.18450E+03  0.23925E-06  0.13958E-06 -0.43521E-06
  0.18480E+03  0.21982E-06  0.13792E-06 -0.42963E-06
  0.18510E+03  0.20069E-06  0.13619E-06 -0.42260E-06
  0.18540E+03  0.18189E-06  0.13442E-06 -0.41424E-06
  0.18570E+03  0.16344E-06  0.13264E-06 -0.40470E-06
  0.18600E+03  0.14532E-06  0.13088E-06 -0.39412E-06
  0.18630E+03  0.12758E-06  0.12914E-06 -0.38265E-06
  0.18660E+03  0.11018E-06  0.12743E-06 -0.37041E-06
  0.18690E+03  0.93129E-07  0.12577E-06 -0.35754E-06
  0.18720E+03  0.76399E-07  0.12414E-06 -0.34415E-06
  0.18750E+03  0.59973E-07  0.12254E-06 -0.33037E-06
  0.18780E+03  0.43841E-07  0.12097E-06 -0.31629E-06
  0.18810E+03  0.27968E-07  0.11939E-06 -0.30201E-06
  0.18840E+03  0.12336E-07  0.11780E-06 -0.28763E-06
  0.18870E+03 -0.30789E-08  0.11618E-06 -0.27320E-06
  0.18900E+03 -0.18299E-07  0.11449E-06 -0.25881E-06
  0.18930E+03 -0.33341E-07  0.11270E-06 -0.24451E-06
  0.18960E+03 -0.48225E-07  0.11080E-06 -0.23034E-06
  0.18990E+03 -0.62961E-07  0.10874E-06 -0.21633E-06
  0.19020E+03 -0.77560E-07  0.10651E-06 -0.20251E-06
  0.19050E+03 -0.92025E-07  0.10407E-06 -0.18891E-06
  0.19080E+03 -0.10635E-06  0.10138E-06 -0.17554E-06
  0.19110E+03 -0.12054E-06  0.98428E-07 -0.16239E-06
  0.19140E+03 -0.13458E-06  0.95180E-07 -0.14944E-06
  0.19170E+03 -0.14844E-06  0.91620E-07 -0.13670E-06
  0.19200E+03 -0.16211E-06  0.87717E-07 -0.12415E-06
  0.19230E+03 -0.17556E-06  0.83475E-07 -0.11178E-06
  0.19260E+03 -0.18875E-06  0.78865E-07 -0.99530E-07
  0.19290E+03 -0.20164E-06  0.73877E-07 -0.87398E-07
  0.19320E+03 -0.21419E-06  0.68513E-07 -0.75365E-07
  0.19350E+03 -0.22635E-06  0.62776E-07 -0.63374E-07
  0.19380E+03 -0.23807E-06  0.56669E-07 -0.51426E-07
  0.19410E+03 -0.24928E-06  0.50193E-07 -0.39474E-07
  0.19440E+03 -0.25995E-06  0.43378E-07 -0.27509E-07
  0.19470E+03 -0.26999E-06  0.36229E-07 -0.15489E-07
  0.19500E+03 -0.27936E-06  0.28774E-07 -0.34170E-08
  0.19530E+03 -0.28800E-06  0.21039E-07  0.87213E-08
  0.19560E+03 -0.29583E-06  0.13065E-07  0.20947E-07
  0.19590E+03 -0.30281E-06  0.48770E-08  0.33255E-07
  0.19620E+03 -0.30888E-06 -0.34730E-08  0.45645E-07
  0.19650E+03 -0.31398E-06 -0.11957E-07  0.58108E-07
  0.19680E+03 -0.31806E-06 -0.20535E-07  0.70631E-07
  0.19710E+03 -0.32107E-06 -0.29138E-07  0.83193E-07
  0.19740E+03 -0.32298E-06 -0.37733E-07  0.95766E-07
  0.19770E+03 -0.32374E-06 -0.46267E-07  0.10832E-06
  0.19800E+03 -0.32334E-06 -0.54688E-07  0.12082E-06
  0.19830E+03 -0.32174E-06 -0.62952E-07  0.13321E-06
  0.19860E+03 -0.31894E-06 -0.70988E-07  0.14546E-06
  0.19890E+03 -0.31491E-06 -0.78770E-07  0.15751E-06
  0.19920E+03 -0.30966E-06 -0.86243E-07  0.16930E-06
  0.19950E+03 -0.30320E-06 -0.93348E-07  0.18078E-06
  0.19980E+03 -0.29553E-06 -0.10006E-06  0.19188E-06
  0.20010E+03 -0.28670E-06 -0.10631E-06  0.20255E-06
  0.20040E+03 -0.27672E-06 -0.11209E-06  0.21270E-06
  0.20070E+03 -0.26562E-06 -0.11735E-06  0.22230E-06
  0.20100E+03 -0.25347E-06 -0.12205E-06  0.23126E-06
  0.20130E+03 -0.24031E-06 -0.12616E-06  0.23952E-06
  0.20160E+03 -0.22620E-06 -0.12968E-06  0.24703E-06
  0.20190E+03 -0.21120E-06 -0.13257E-06  0.25373E-06
  0.20220E+03 -0.19539E-06 -0.13482E-06  0.25955E-06
  0.20250E+03 -0.17886E-06 -0.13642E-06  0.26447E-06
  0.20280E+03 -0.16167E-06 -0.13737E-06  0.26840E-06
  0.20310E+03 -0.14390E-06 -0.13766E-06  0.27134E-06
  0.20340E+03 -0.12567E-06 -0.13730E-06  0.27323E-06
  0.20370E+03 -0.10705E-06 -0.13630E-06  0.27405E-06
  0.20400E+03 -0.88155E-07 -0.13465E-06  0.27378E-06
  0.20430E+03 -0.69050E-07 -0.13240E-06  0.27241E-06
  0.20460E+03 -0.49859E-07 -0.12956E-06  0.26992E-06
  0.20490E+03 -0.30663E-07 -0.12614E-06  0.26631E-06
  0.20520E+03 -0.11566E-07 -0.12219E-06  0.26159E-06
  0.20550E+03  0.73438E-08 -0.11772E-06  0.25579E-06
  0.20580E+03  0.25973E-07 -0.11278E-06  0.24891E-06
  0.20610E+03  0.44237E-07 -0.10740E-06  0.24098E-06
  0.20640E+03  0.62039E-07 -0.10162E-06  0.23205E-06
  0.20670E+03  0.79307E-07 -0.95498E-07  0.22216E-06
  0.20700E+03  0.95966E-07 -0.89044E-07  0.21136E-06
  0.20730E+03  0.11194E-06 -0.82322E-07  0.19969E-06
  0.20760E+03  0.12717E-06 -0.75371E-07  0.18724E-06
  0.20790E+03  0.14158E-06 -0.68239E-07  0.17405E-06
  0.20820E+03  0.15513E-06 -0.60964E-07  0.16021E-06
  0.20850E+03  0.16777E-06 -0.53589E-07  0.14578E-06
  0.20880E+03  0.17946E-06 -0.46168E-07  0.13086E-06
  0.20910E+03  0.19015E-06 -0.38731E-07  0.11550E-06
  0.20940E+03  0.19984E-06 -0.31320E-07  0.99816E-07
  0.20970E+03  0.20853E-06 -0.23988E-07  0.83873E-07
  0.21000E+03  0.21606E-06 -0.16747E-07  0.67756E-07
  0.21030E+03  0.22262E-06 -0.96570E-08  0.51556E-07
  0.21060E+03  0.22808E-06 -0.27250E-08  0.35355E-07
  0.21090E+03  0.23252E-06  0.40010E-08  0.19238E-07
  0.21120E+03  0.23592E-06  0.10495E-07  0.32890E-08
  0.21150E+03  0.23822E-06  0.16747E-07 -0.12415E-07
  0.21180E+03  0.23964E-06  0.22712E-07 -0.27800E-07
  0.21210E+03  0.23997E-06  0.28402E-07 -0.42800E-07
  0.21240E+03  0.23936E-06  0.33770E-07 -0.57332E-07
  0.21270E+03  0.23784E-06  0.38825E-07 -0.71332E-07
  0.21300E+03  0.23544E-06  0.43548E-07 -0.84754E-07
  0.21330E+03  0.23222E-06  0.47936E-07 -0.97540E-07
  0.21360E+03  0.22819E-06  0.51980E-07 -0.10964E-06
  0.21390E+03  0.22342E-06  0.55676E-07 -0.12100E-06
  0.21420E+03  0.21795E-06  0.59037E-07 -0.13159E-06
  0.21450E+03  0.21182E-06  0.62044E-07 -0.14139E-06
  0.21480E+03  0.20510E-06  0.64713E-07 -0.15035E-06
  0.21510E+03  0.19782E-06  0.67061E-07 -0.15848E-06
  0.21540E+03  0.19005E-06  0.69079E-07 -0.16574E-06
  0.21570E+03  0.18184E-06  0.70781E-07 -0.17214E-06
  0.21600E+03  0.17322E-06  0.72179E-07 -0.17765E-06
  0.21630E+03  0.16425E-06  0.73287E-07 -0.18230E-06
  0.21660E+03  0.15499E-06  0.74113E-07 -0.18609E-06
  0.21690E+03  0.14546E-06  0.74676E-07 -0.18902E-06
  0.21720E+03  0.13574E-06  0.74975E-07 -0.19112E-06
  0.21750E+03  0.12584E-06  0.75050E-07 -0.19241E-06
  0.21780E+03  0.11583E-06  0.74891E-07 -0.19290E-06
  0.21810E+03  0.10573E-06  0.74517E-07 -0.19263E-06
  0.21840E+03  0.95571E-07  0.73957E-07 -0.19163E-06
  0.21870E+03  0.85406E-07  0.73198E-07 -0.18994E-06
  0.21900E+03  0.75256E-07  0.72279E-07 -0.18757E-06
  0.21930E+03  0.65162E-07  0.71200E-07 -0.18460E-06
  0.21960E+03  0.55130E-07  0.69973E-07 -0.18102E-06
  0.21990E+03  0.45230E-07  0.68609E-07 -0.17690E-06
  0.22020E+03  0.35400E-07  0.67113E-07 -0.17227E-06
  0.22050E+03  0.25740E-07  0.65508E-07 -0.16718E-06
  0.22080E+03  0.16230E-07  0.63793E-07 -0.16161E-06
  0.22110E+03  0.69800E-08  0.61969E-07 -0.15581E-06
  0.22140E+03 -0.21300E-08  0.60058E-07 -0.14956E-06
  0.22170E+03 -0.11030E-07  0.58066E-07 -0.14292E-06
  0.22200E+03 -0.19750E-07  0.55985E-07 -0.13612E-06
  0.22230E+03 -0.28150E-07  0.53822E-07 -0.12912E-06
  0.22260E+03 -0.36390E-07  0.51593E-07 -0.12186E-06
  0.22290E+03 -0.44280E-07  0.49286E-07 -0.11449E-06
  0.22320E+03 -0.51960E-07  0.46919E-07 -0.10694E-06
  0.22350E+03 -0.59390E-07  0.44480E-07 -0.99230E-07
  0.22380E+03 -0.66520E-07  0.41985E-07 -0.91510E-07
  0.22410E+03 -0.73290E-07  0.39426E-07 -0.83750E-07
  0.22440E+03 -0.79902E-07  0.36807E-07 -0.75990E-07
  0.22470E+03 -0.86106E-07  0.34137E-07 -0.68180E-07
  0.22500E+03 -0.92048E-07  0.31403E-07 -0.60500E-07
  0.22530E+03 -0.97658E-07  0.28615E-07 -0.52720E-07
  0.22560E+03 -0.10296E-06  0.25781E-07 -0.45090E-07
  0.22590E+03 -0.10792E-06  0.22899E-07 -0.37413E-07
  0.22620E+03 -0.11255E-06  0.19971E-07 -0.29938E-07
  0.22650E+03 -0.11684E-06  0.17000E-07 -0.22507E-07
  0.22680E+03 -0.12078E-06  0.13983E-07 -0.15190E-07
  0.22710E+03 -0.12435E-06  0.10941E-07 -0.79940E-08
  0.22740E+03 -0.12757E-06  0.78660E-08 -0.92601E-09
  0.22770E+03 -0.13042E-06  0.47720E-08  0.60180E-08
  0.22800E+03 -0.13289E-06  0.16680E-08  0.12812E-07
  0.22830E+03 -0.13498E-06 -0.14582E-08  0.19451E-07
  0.22860E+03 -0.13667E-06 -0.45813E-08  0.25937E-07
  0.22890E+03 -0.13797E-06 -0.76979E-08  0.32255E-07
  0.22920E+03 -0.13887E-06 -0.10801E-07  0.38406E-07
  0.22950E+03 -0.13936E-06 -0.13873E-07  0.44375E-07
  0.22980E+03 -0.13945E-06 -0.16923E-07  0.50163E-07
  0.23010E+03 -0.13912E-06 -0.19918E-07  0.55757E-07
  0.23040E+03 -0.13839E-06 -0.22862E-07  0.61161E-07
  0.23070E+03 -0.13723E-06 -0.25745E-07  0.66343E-07
  0.23100E+03 -0.13566E-06 -0.28544E-07  0.71322E-07
  0.23130E+03 -0.13368E-06 -0.31254E-07  0.76067E-07
  0.23160E+03 -0.13129E-06 -0.33862E-07  0.80584E-07
  0.23190E+03 -0.12849E-06 -0.36369E-07  0.84860E-07
  0.23220E+03 -0.12529E-06 -0.38743E-07  0.88893E-07
  0.23250E+03 -0.12172E-06 -0.40987E-07  0.92660E-07
  0.23280E+03 -0.11779E-06 -0.43091E-07  0.96160E-07
  0.23310E+03 -0.11348E-06 -0.45047E-07  0.99383E-07
  0.23340E+03 -0.10873E-06 -0.46834E-07  0.10231E-06
  0.23370E+03 -0.10375E-06 -0.48448E-07  0.10495E-06
  0.23400E+03 -0.98430E-07 -0.49884E-07  0.10727E-06
  0.23430E+03 -0.92760E-07 -0.51136E-07  0.10928E-06
  0.23460E+03 -0.86820E-07 -0.52185E-07  0.11097E-06
  0.23490E+03 -0.80620E-07 -0.53046E-07  0.11232E-06
  0.23520E+03 -0.74140E-07 -0.53706E-07  0.11334E-06
  0.23550E+03 -0.67480E-07 -0.54148E-07  0.11401E-06
  0.23580E+03 -0.60650E-07 -0.54392E-07  0.11433E-06
  0.23610E+03 -0.53590E-07 -0.54420E-07  0.11428E-06
  0.23640E+03 -0.46417E-07 -0.54239E-07  0.11389E-06
  0.23670E+03 -0.39139E-07 -0.53849E-07  0.11313E-06
  0.23700E+03 -0.31775E-07 -0.53256E-07  0.11201E-06
  0.23730E+03 -0.24357E-07 -0.52452E-07  0.11051E-06
  0.23760E+03 -0.16909E-07 -0.51457E-07  0.10867E-06
  0.23790E+03 -0.94720E-08 -0.50258E-07  0.10647E-06
  0.23820E+03 -0.20620E-08 -0.48874E-07  0.10392E-06
  0.23850E+03  0.52790E-08 -0.47321E-07  0.10103E-06
  0.23880E+03  0.12525E-07 -0.45588E-07  0.97797E-07
  0.23910E+03  0.19653E-07 -0.43689E-07  0.94245E-07
  0.23940E+03  0.26640E-07 -0.41639E-07  0.90379E-07
  0.23970E+03  0.33435E-07 -0.39454E-07  0.86208E-07
  0.24000E+03  0.40033E-07 -0.37137E-07  0.81756E-07
  0.24030E+03  0.46406E-07 -0.34700E-07  0.77045E-07
  0.24060E+03  0.52515E-07 -0.32150E-07  0.72078E-07
  0.24090E+03  0.58360E-07 -0.29570E-07  0.66879E-07
  0.24120E+03  0.63911E-07 -0.26870E-07  0.61471E-07
  0.24150E+03  0.69145E-07 -0.24030E-07  0.55881E-07
  0.24180E+03  0.74041E-07 -0.21270E-07  0.50121E-07
  0.24210E+03  0.78588E-07 -0.18340E-07  0.44216E-07
  0.24240E+03  0.82782E-07 -0.15500E-07  0.38206E-07
  0.24270E+03  0.86598E-07 -0.12580E-07  0.32097E-07
  0.24300E+03  0.90036E-07 -0.96660E-08  0.25927E-07
  0.24330E+03  0.93071E-07 -0.67860E-08  0.19721E-07
  0.24360E+03  0.95718E-07 -0.39310E-08  0.13498E-07
  0.24390E+03  0.97958E-07 -0.11140E-08  0.72880E-08
  0.24420E+03  0.99800E-07  0.16490E-08  0.11166E-08
  0.24450E+03  0.10122E-06  0.43440E-08 -0.49899E-08
  0.24480E+03  0.10226E-06  0.69740E-08 -0.11008E-07
  0.24510E+03  0.10289E-06  0.95300E-08 -0.16910E-07
  0.24540E+03  0.10313E-06  0.11987E-07 -0.22678E-07
  0.24570E+03  0.10299E-06  0.14344E-07 -0.28277E-07
  0.24600E+03  0.10246E-06  0.16593E-07 -0.33705E-07
  0.24630E+03  0.10156E-06  0.18734E-07 -0.38919E-07
  0.24660E+03  0.10031E-06  0.20748E-07 -0.43918E-07
  0.24690E+03  0.98725E-07  0.22644E-07 -0.48681E-07
  0.24720E+03  0.96801E-07  0.24407E-07 -0.53178E-07
  0.24750E+03  0.94571E-07  0.26040E-07 -0.57406E-07
  0.24780E+03  0.92030E-07  0.27541E-07 -0.61346E-07
  0.24810E+03  0.89219E-07  0.28906E-07 -0.64998E-07
  0.24840E+03  0.86148E-07  0.30135E-07 -0.68328E-07
  0.24870E+03  0.82820E-07  0.31221E-07 -0.71355E-07
  0.24900E+03  0.79278E-07  0.32200E-07 -0.74053E-07
  0.24930E+03  0.75520E-07  0.33000E-07 -0.76432E-07
  0.24960E+03  0.71575E-07  0.33670E-07 -0.78475E-07
  0.24990E+03  0.67464E-07  0.34210E-07 -0.80182E-07
  0.25020E+03  0.63203E-07  0.34570E-07 -0.81554E-07
  0.25050E+03  0.58815E-07  0.34860E-07 -0.82600E-07
  0.25080E+03  0.54316E-07  0.35020E-07 -0.83321E-07
  0.25110E+03  0.49726E-07  0.35110E-07 -0.83717E-07
  0.25140E+03  0.45060E-07  0.35020E-07 -0.83788E-07
  0.25170E+03  0.40348E-07  0.34780E-07 -0.83552E-07
  0.25200E+03  0.35594E-07  0.34470E-07 -0.83015E-07
  0.25230E+03  0.30814E-07  0.34060E-07 -0.82193E-07
  0.25260E+03  0.26046E-07  0.33556E-07 -0.81074E-07
  0.25290E+03  0.21280E-07  0.32959E-07 -0.79692E-07
  0.25320E+03  0.16552E-07  0.32260E-07 -0.78052E-07
  0.25350E+03  0.11869E-07  0.31484E-07 -0.76176E-07
  0.25380E+03  0.72340E-08  0.30623E-07 -0.74056E-07
  0.25410E+03  0.26789E-08  0.29687E-07 -0.71720E-07
  0.25440E+03 -0.17941E-08  0.28687E-07 -0.69185E-07
  0.25470E+03 -0.61681E-08  0.27621E-07 -0.66471E-07
  0.25500E+03 -0.10432E-07  0.26492E-07 -0.63572E-07
  0.25530E+03 -0.14581E-07  0.25318E-07 -0.60524E-07
  0.25560E+03 -0.18608E-07  0.24078E-07 -0.57333E-07
  0.25590E+03 -0.22495E-07  0.22805E-07 -0.54017E-07
  0.25620E+03 -0.26236E-07  0.21488E-07 -0.50590E-07
  0.25650E+03 -0.29820E-07  0.20135E-07 -0.47064E-07
  0.25680E+03 -0.33251E-07  0.18751E-07 -0.43465E-07
  0.25710E+03 -0.36515E-07  0.17337E-07 -0.39796E-07
  0.25740E+03 -0.39615E-07  0.15900E-07 -0.36085E-07
  0.25770E+03 -0.42523E-07  0.14446E-07 -0.32329E-07
  0.25800E+03 -0.45266E-07  0.12965E-07 -0.28544E-07
  0.25830E+03 -0.47814E-07  0.11482E-07 -0.24756E-07
  0.25860E+03 -0.50180E-07  0.99850E-08 -0.20968E-07
  0.25890E+03 -0.52351E-07  0.84900E-08 -0.17193E-07
  0.25920E+03 -0.54330E-07  0.69850E-08 -0.13448E-07
  0.25950E+03 -0.56117E-07  0.54890E-08 -0.97310E-08
  0.25980E+03 -0.57698E-07  0.39980E-08 -0.60690E-08
  0.26010E+03 -0.59085E-07  0.25140E-08 -0.24500E-08
  0.26040E+03 -0.60277E-07  0.10370E-08  0.10910E-08
  0.26070E+03 -0.61271E-07 -0.41803E-09  0.45640E-08
  0.26100E+03 -0.62063E-07 -0.18520E-08  0.79500E-08
  0.26130E+03 -0.62659E-07 -0.32760E-08  0.11248E-07
  0.26160E+03 -0.63061E-07 -0.46640E-08  0.14445E-07
  0.26190E+03 -0.63264E-07 -0.60280E-08  0.17548E-07
  0.26220E+03 -0.63270E-07 -0.73630E-08  0.20535E-07
  0.26250E+03 -0.63088E-07 -0.86620E-08  0.23405E-07
  0.26280E+03 -0.62720E-07 -0.99211E-08  0.26155E-07
  0.26310E+03 -0.62159E-07 -0.11138E-07  0.28779E-07
  0.26340E+03 -0.61421E-07 -0.12310E-07  0.31273E-07
  0.26370E+03 -0.60461E-07 -0.13440E-07  0.33633E-07
  0.26400E+03 -0.59422E-07 -0.14517E-07  0.35853E-07
  0.26430E+03 -0.58181E-07 -0.15542E-07  0.37938E-07
  0.26460E+03 -0.56689E-07 -0.16506E-07  0.39864E-07
  0.26490E+03 -0.55188E-07 -0.17417E-07  0.41660E-07
  0.26520E+03 -0.53401E-07 -0.18266E-07  0.43296E-07
  0.26550E+03 -0.51515E-07 -0.19057E-07  0.44783E-07
  0.26580E+03 -0.49485E-07 -0.19773E-07  0.46115E-07
  0.26610E+03 -0.47327E-07 -0.20420E-07  0.47293E-07
  0.26640E+03 -0.45036E-07 -0.21012E-07  0.48310E-07
  0.26670E+03 -0.42635E-07 -0.21521E-07  0.49170E-07
  0.26700E+03 -0.40114E-07 -0.21954E-07  0.49882E-07
  0.26730E+03 -0.37496E-07 -0.22316E-07  0.50429E-07
  0.26760E+03 -0.34791E-07 -0.22603E-07  0.50815E-07
  0.26790E+03 -0.31989E-07 -0.22813E-07  0.51050E-07
  0.26820E+03 -0.29125E-07 -0.22946E-07  0.51129E-07
  0.26850E+03 -0.26189E-07 -0.23002E-07  0.51048E-07
  0.26880E+03 -0.23194E-07 -0.22980E-07  0.50808E-07
  0.26910E+03 -0.20155E-07 -0.22881E-07  0.50418E-07
  0.26940E+03 -0.17094E-07 -0.22704E-07  0.49887E-07
  0.26970E+03 -0.13995E-07 -0.22458E-07  0.49198E-07
  0.27000E+03 -0.10886E-07 -0.22123E-07  0.48370E-07
  0.27030E+03 -0.77743E-08 -0.21727E-07  0.47392E-07
  0.27060E+03 -0.46680E-08 -0.21253E-07  0.46279E-07
  0.27090E+03 -0.15850E-08 -0.20712E-07  0.45033E-07
  0.27120E+03  0.14800E-08 -0.20104E-07  0.43654E-07
  0.27150E+03  0.44940E-08 -0.19440E-07  0.42158E-07
  0.27180E+03  0.74670E-08 -0.18705E-07  0.40537E-07
  0.27210E+03  0.10378E-07 -0.17912E-07  0.38804E-07
  0.27240E+03  0.13225E-07 -0.17064E-07  0.36954E-07
  0.27270E+03  0.15990E-07 -0.16166E-07  0.35011E-07
  0.27300E+03  0.18674E-07 -0.15219E-07  0.32969E-07
  0.27330E+03  0.21256E-07 -0.14229E-07  0.30844E-07
  0.27360E+03  0.23739E-07 -0.13200E-07  0.28631E-07
  0.27390E+03  0.26104E-07 -0.12135E-07  0.26353E-07
  0.27420E+03  0.28352E-07 -0.11040E-07  0.24002E-07
  0.27450E+03  0.30479E-07 -0.99182E-08  0.21598E-07
  0.27480E+03  0.32466E-07 -0.87749E-08  0.19146E-07
  0.27510E+03  0.34311E-07 -0.76149E-08  0.16659E-07
  0.27540E+03  0.36023E-07 -0.64424E-08  0.14138E-07
  0.27570E+03  0.37580E-07 -0.52622E-08  0.11586E-07
  0.27600E+03  0.38986E-07 -0.40791E-08  0.90280E-08
  0.27630E+03  0.40240E-07 -0.28979E-08  0.64680E-08
  0.27660E+03  0.41330E-07 -0.17228E-08  0.39070E-08
  0.27690E+03  0.42267E-07 -0.55820E-09  0.13660E-08
  0.27720E+03  0.43044E-07  0.59040E-09 -0.11560E-08
  0.27750E+03  0.43647E-07  0.17201E-08 -0.36420E-08
  0.27780E+03  0.44099E-07  0.28270E-08 -0.60920E-08
  0.27810E+03  0.44377E-07  0.39058E-08 -0.84950E-08
  0.27840E+03  0.44505E-07  0.49529E-08 -0.10832E-07
  0.27870E+03  0.44477E-07  0.59661E-08 -0.13109E-07
  0.27900E+03  0.44278E-07  0.69412E-08 -0.15313E-07
  0.27930E+03  0.43943E-07  0.78751E-08 -0.17440E-07
  0.27960E+03  0.43449E-07  0.87652E-08 -0.19476E-07
  0.27990E+03  0.42809E-07  0.96094E-08 -0.21415E-07
  0.28020E+03  0.42034E-07  0.10404E-07 -0.23256E-07
  0.28050E+03  0.41125E-07  0.11148E-07 -0.24993E-07
  0.28080E+03  0.40079E-07  0.11839E-07 -0.26623E-07
  0.28110E+03  0.38908E-07  0.12475E-07 -0.28134E-07
  0.28140E+03  0.37631E-07  0.13056E-07 -0.29525E-07
  0.28170E+03  0.36236E-07  0.13579E-07 -0.30792E-07
  0.28200E+03  0.34730E-07  0.14046E-07 -0.31933E-07
  0.28230E+03  0.33142E-07  0.14454E-07 -0.32944E-07
  0.28260E+03  0.31458E-07  0.14804E-07 -0.33825E-07
  0.28290E+03  0.29689E-07  0.15095E-07 -0.34573E-07
  0.28320E+03  0.27850E-07  0.15328E-07 -0.35183E-07
  0.28350E+03  0.25951E-07  0.15503E-07 -0.35664E-07
  0.28380E+03  0.23987E-07  0.15617E-07 -0.36011E-07
  0.28410E+03  0.21982E-07  0.15684E-07 -0.36234E-07
  0.28440E+03  0.19931E-07  0.15692E-07 -0.36317E-07
  0.28470E+03  0.17847E-07  0.15642E-07 -0.36269E-07
  0.28500E+03  0.15740E-07  0.15537E-07 -0.36097E-07
  0.28530E+03  0.13610E-07  0.15386E-07 -0.35792E-07
  0.28560E+03  0.11477E-07  0.15185E-07 -0.35378E-07
  0.28590E+03  0.93390E-08  0.14938E-07 -0.34842E-07
  0.28620E+03  0.72130E-08  0.14635E-07 -0.34188E-07
  0.28650E+03  0.50900E-08  0.14305E-07 -0.33432E-07
  0.28680E+03  0.29930E-08  0.13923E-07 -0.32565E-07
  0.28710E+03  0.91899E-09  0.13498E-07 -0.31603E-07
  0.28740E+03 -0.11130E-08  0.13049E-07 -0.30555E-07
  0.28770E+03 -0.31170E-08  0.12558E-07 -0.29404E-07
  0.28800E+03 -0.50650E-08  0.12029E-07 -0.28177E-07
  0.28830E+03 -0.69710E-08  0.11483E-07 -0.26879E-07
  0.28860E+03 -0.88160E-08  0.10904E-07 -0.25501E-07
  0.28890E+03 -0.10597E-07  0.10299E-07 -0.24070E-07
  0.28920E+03 -0.12312E-07  0.96680E-08 -0.22579E-07
  0.28950E+03 -0.13968E-07  0.90260E-08 -0.21037E-07
  0.28980E+03 -0.15533E-07  0.83580E-08 -0.19446E-07
  0.29010E+03 -0.17037E-07  0.76820E-08 -0.17816E-07
  0.29040E+03 -0.18447E-07  0.69900E-08 -0.16163E-07
  0.29070E+03 -0.19778E-07  0.62910E-08 -0.14477E-07
  0.29100E+03 -0.21013E-07  0.55830E-08 -0.12779E-07
  0.29130E+03 -0.22173E-07  0.48710E-08 -0.11063E-07
  0.29160E+03 -0.23231E-07  0.41540E-08 -0.93350E-08
  0.29190E+03 -0.24198E-07  0.34440E-08 -0.76170E-08
  0.29220E+03 -0.25069E-07  0.27270E-08 -0.59040E-08
  0.29250E+03 -0.25846E-07  0.20200E-08 -0.41960E-08
  0.29280E+03 -0.26523E-07  0.13150E-08 -0.25000E-08
  0.29310E+03 -0.27104E-07  0.61800E-09 -0.83000E-09
  0.29340E+03 -0.27586E-07 -0.65000E-10  0.81099E-09
  0.29370E+03 -0.27976E-07 -0.73400E-09  0.24260E-08
  0.29400E+03 -0.28271E-07 -0.14000E-08  0.39960E-08
  0.29430E+03 -0.28470E-07 -0.20440E-08  0.55310E-08
  0.29460E+03 -0.28562E-07 -0.26675E-08  0.70250E-08
  0.29490E+03 -0.28570E-07 -0.32754E-08  0.84670E-08
  0.29520E+03 -0.28491E-07 -0.38632E-08  0.98590E-08
  0.29550E+03 -0.28312E-07 -0.44300E-08  0.11199E-07
  0.29580E+03 -0.28047E-07 -0.49748E-08  0.12468E-07
  0.29610E+03 -0.27700E-07 -0.54910E-08  0.13685E-07
  0.29640E+03 -0.27269E-07 -0.59960E-08  0.14833E-07
  0.29670E+03 -0.26758E-07 -0.64600E-08  0.15913E-07
  0.29700E+03 -0.26167E-07 -0.69060E-08  0.16926E-07
  0.29730E+03 -0.25506E-07 -0.73250E-08  0.17863E-07
  0.29760E+03 -0.24772E-07 -0.77160E-08  0.18724E-07
  0.29790E+03 -0.23971E-07 -0.80830E-08  0.19505E-07
  0.29820E+03 -0.23105E-07 -0.84180E-08  0.20220E-07
  0.29850E+03 -0.22180E-07 -0.87160E-08  0.20846E-07
  0.29880E+03 -0.21196E-07 -0.89960E-08  0.21405E-07
  0.29910E+03 -0.20167E-07 -0.92360E-08  0.21878E-07
  0.29940E+03 -0.19083E-07 -0.94550E-08  0.22268E-07
  0.29970E+03 -0.17961E-07 -0.96400E-08  0.22580E-07
  0.30000E+03 -0.16801E-07 -0.97940E-08  0.22813E-07
  0.30030E+03 -0.15596E-07 -0.99210E-08  0.22965E-07
  0.30060E+03 -0.14370E-07 -0.10022E-07  0.23039E-07
  0.30090E+03 -0.13107E-07 -0.10080E-07  0.23040E-07
  0.30120E+03 -0.11825E-07 -0.10118E-07  0.22968E-07
  0.30150E+03 -0.10525E-07 -0.10120E-07  0.22813E-07
  0.30180E+03 -0.92040E-08 -0.10092E-07  0.22597E-07
  0.30210E+03 -0.78900E-08 -0.10029E-07  0.22302E-07
  0.30240E+03 -0.65399E-08 -0.99500E-08  0.21941E-07
  0.30270E+03 -0.52501E-08 -0.98310E-08  0.21525E-07
  0.30300E+03 -0.38600E-08 -0.96850E-08  0.21030E-07
  0.30330E+03 -0.25201E-08 -0.95080E-08  0.20491E-07
  0.30360E+03 -0.12700E-08 -0.92960E-08  0.19888E-07
  0.30390E+03  0.74010E-10 -0.90620E-08  0.19226E-07
  0.30420E+03  0.13550E-08 -0.88000E-08  0.18517E-07
  0.30450E+03  0.26260E-08 -0.85110E-08  0.17761E-07
  0.30480E+03  0.38750E-08 -0.81980E-08  0.16959E-07
  0.30510E+03  0.50930E-08 -0.78640E-08  0.16100E-07
  0.30540E+03  0.62750E-08 -0.74970E-08  0.15280E-07
  0.30570E+03  0.74270E-08 -0.71080E-08  0.14330E-07
  0.30600E+03  0.85410E-08 -0.67050E-08  0.13410E-07
  0.30630E+03  0.96130E-08 -0.62760E-08  0.12410E-07
  0.30660E+03 -0.40359E-11 -0.39933E-11  0.00000E+00
  0.30690E+03  0.50022E-11  0.99476E-12 -0.10232E-11
