  0.000000E+00  0.909567E-13  0.149278E-12 -0.277147E-13
  0.300000E+00  0.106826E-11  0.139284E-11 -0.164589E-12
  0.600000E+00  0.628639E-11  0.641498E-11 -0.235238E-12
  0.900000E+00  0.250612E-10  0.198522E-10  0.108163E-11
  0.120000E+01  0.768682E-10  0.475411E-10  0.708069E-11
  0.150000E+01  0.194762E-09  0.962986E-10  0.229538E-10
  0.180000E+01  0.426943E-09  0.175942E-09  0.549873E-10
  0.210000E+01  0.836964E-09  0.303806E-09  0.109869E-09
  0.240000E+01  0.150366E-08  0.510206E-09  0.194580E-09
  0.270000E+01  0.252101E-08  0.842550E-09  0.316671E-09
  0.300000E+01  0.399739E-08  0.136689E-08  0.484518E-09
  0.330000E+01  0.605386E-08  0.216680E-08  0.707132E-09
  0.360000E+01  0.882154E-08  0.333973E-08  0.993145E-09
  0.390000E+01  0.124379E-07  0.499115E-08  0.134935E-08
  0.420000E+01  0.170417E-07  0.722797E-08  0.177989E-08
  0.450000E+01  0.227661E-07  0.101524E-07  0.228641E-08
  0.480000E+01  0.297315E-07  0.138574E-07  0.286861E-08
  0.510000E+01  0.380384E-07  0.184247E-07  0.352441E-08
  0.540000E+01  0.477618E-07  0.239245E-07  0.424943E-08
  0.570000E+01  0.589490E-07  0.304165E-07  0.503606E-08
  0.600000E+01  0.716194E-07  0.379508E-07  0.587301E-08
  0.630000E+01  0.857664E-07  0.465669E-07  0.674595E-08
  0.660000E+01  0.101358E-06  0.562909E-07  0.763919E-08
  0.690000E+01  0.118334E-06  0.671312E-07  0.853780E-08
  0.720000E+01  0.136605E-06  0.790734E-07  0.942980E-08
  0.750000E+01  0.156041E-06  0.920757E-07  0.103076E-07
  0.780000E+01  0.176473E-06  0.106065E-06  0.111680E-07
  0.810000E+01  0.197683E-06  0.120933E-06  0.120098E-07
  0.840000E+01  0.219410E-06  0.136537E-06  0.128317E-07
  0.870000E+01  0.241353E-06  0.152701E-06  0.136293E-07
  0.900000E+01  0.263178E-06  0.169218E-06  0.143940E-07
  0.930000E+01  0.284529E-06  0.185850E-06  0.151144E-07
  0.960000E+01  0.305026E-06  0.202335E-06  0.157788E-07
  0.990000E+01  0.324299E-06  0.218381E-06  0.163913E-07
  0.102000E+02  0.342060E-06  0.233654E-06  0.170277E-07
  0.105000E+02  0.358283E-06  0.247753E-06  0.179284E-07
  0.108000E+02  0.373421E-06  0.260178E-06  0.195813E-07
  0.111000E+02  0.388596E-06  0.270321E-06  0.227549E-07
  0.114000E+02  0.405755E-06  0.277483E-06  0.284913E-07
  0.117000E+02  0.427770E-06  0.280885E-06  0.380747E-07
  0.120000E+02  0.458519E-06  0.279698E-06  0.529736E-07
  0.123000E+02  0.502884E-06  0.273062E-06  0.747524E-07
  0.126000E+02  0.566682E-06  0.260125E-06  0.104964E-06
  0.129000E+02  0.656507E-06  0.240065E-06  0.145024E-06
  0.132000E+02  0.779501E-06  0.212131E-06  0.196066E-06
  0.135000E+02  0.942999E-06  0.175709E-06  0.258747E-06
  0.138000E+02  0.115403E-05  0.130411E-06  0.333028E-06
  0.141000E+02  0.141866E-05  0.761902E-07  0.417968E-06
  0.144000E+02  0.174128E-05  0.134314E-07  0.511535E-06
  0.147000E+02  0.212386E-05 -0.569633E-07  0.610458E-06
  0.150000E+02  0.256528E-05 -0.133513E-06  0.710168E-06
  0.153000E+02  0.306080E-05 -0.214119E-06  0.804861E-06
  0.156000E+02  0.360172E-05 -0.296084E-06  0.887700E-06
  0.159000E+02  0.417553E-05 -0.376162E-06  0.951127E-06
  0.162000E+02  0.476617E-05 -0.450637E-06  0.987269E-06
  0.165000E+02  0.535479E-05 -0.515442E-06  0.988412E-06
  0.168000E+02  0.592056E-05 -0.566441E-06  0.947468E-06
  0.171000E+02  0.644171E-05 -0.599923E-06  0.858322E-06
  0.174000E+02  0.689655E-05 -0.613223E-06  0.716022E-06
  0.177000E+02  0.726445E-05 -0.605213E-06  0.516931E-06
  0.180000E+02  0.752671E-05 -0.576616E-06  0.258913E-06
  0.183000E+02  0.766709E-05 -0.530118E-06 -0.584943E-07
  0.186000E+02  0.767211E-05 -0.470392E-06 -0.433955E-06
  0.189000E+02  0.753114E-05 -0.404148E-06 -0.864200E-06
  0.192000E+02  0.723625E-05 -0.340222E-06 -0.134386E-05
  0.195000E+02  0.678198E-05 -0.289501E-06 -0.186526E-05
  0.198000E+02  0.616521E-05 -0.264532E-06 -0.241831E-05
  0.201000E+02  0.538501E-05 -0.278805E-06 -0.299046E-05
  0.204000E+02  0.444262E-05 -0.345818E-06 -0.356683E-05
  0.207000E+02  0.334129E-05 -0.478107E-06 -0.413073E-05
  0.210000E+02  0.208599E-05 -0.686218E-06 -0.466432E-05
  0.213000E+02  0.683160E-06 -0.977627E-06 -0.514947E-05
  0.216000E+02 -0.859396E-06 -0.135579E-05 -0.556850E-05
  0.219000E+02 -0.253234E-05 -0.181959E-05 -0.590490E-05
  0.222000E+02 -0.432448E-05 -0.236324E-05 -0.614429E-05
  0.225000E+02 -0.622240E-05 -0.297656E-05 -0.627534E-05
  0.228000E+02 -0.821002E-05 -0.364544E-05 -0.629040E-05
  0.231000E+02 -0.102681E-04 -0.435228E-05 -0.618559E-05
  0.234000E+02 -0.123737E-04 -0.507656E-05 -0.596052E-05
  0.237000E+02 -0.144998E-04 -0.579543E-05 -0.561748E-05
  0.240000E+02 -0.166154E-04 -0.648431E-05 -0.516049E-05
  0.243000E+02 -0.186861E-04 -0.711752E-05 -0.459426E-05
  0.246000E+02 -0.206751E-04 -0.766895E-05 -0.392328E-05
  0.249000E+02 -0.225443E-04 -0.811280E-05 -0.315135E-05
  0.252000E+02 -0.242566E-04 -0.842442E-05 -0.228161E-05
  0.255000E+02 -0.257765E-04 -0.858139E-05 -0.131701E-05
  0.258000E+02 -0.270719E-04 -0.856439E-05 -0.261078E-06
  0.261000E+02 -0.281146E-04 -0.835815E-05  0.881073E-06
  0.264000E+02 -0.288810E-04 -0.795195E-05  0.210176E-05
  0.267000E+02 -0.293521E-04 -0.733978E-05  0.339012E-05
  0.270000E+02 -0.295129E-04 -0.652012E-05  0.473206E-05
  0.273000E+02 -0.293528E-04 -0.549532E-05  0.611058E-05
  0.276000E+02 -0.288648E-04 -0.427114E-05  0.750629E-05
  0.279000E+02 -0.280456E-04 -0.285643E-05  0.889802E-05
  0.282000E+02 -0.268958E-04 -0.126293E-05  0.102634E-04
  0.285000E+02 -0.254201E-04  0.494777E-06  0.115797E-04
  0.288000E+02 -0.236271E-04  0.239914E-05  0.128240E-04
  0.291000E+02 -0.215300E-04  0.442944E-05  0.139739E-04
  0.294000E+02 -0.191456E-04  0.656151E-05  0.150076E-04
  0.297000E+02 -0.164941E-04  0.876757E-05  0.159043E-04
  0.300000E+02 -0.135988E-04  0.110162E-04  0.166444E-04
  0.303000E+02 -0.104850E-04  0.132730E-04  0.172101E-04
  0.306000E+02 -0.718032E-05  0.155008E-04  0.175856E-04
  0.309000E+02 -0.371452E-05  0.176614E-04  0.177577E-04
  0.312000E+02 -0.119190E-06  0.197161E-04  0.177155E-04
  0.315000E+02  0.357222E-05  0.216273E-04  0.174512E-04
  0.318000E+02  0.732466E-05  0.233595E-04  0.169596E-04
  0.321000E+02  0.111019E-04  0.248798E-04  0.162384E-04
  0.324000E+02  0.148669E-04  0.261588E-04  0.152879E-04
  0.327000E+02  0.185827E-04  0.271706E-04  0.141113E-04
  0.330000E+02  0.222129E-04  0.278929E-04  0.127147E-04
  0.333000E+02  0.257224E-04  0.283068E-04  0.111076E-04
  0.336000E+02  0.290770E-04  0.283969E-04  0.930258E-05
  0.339000E+02  0.322442E-04  0.281517E-04  0.731580E-05
  0.342000E+02  0.351925E-04  0.275630E-04  0.516651E-05
  0.345000E+02  0.378920E-04  0.266263E-04  0.287679E-05
  0.348000E+02  0.403139E-04  0.253406E-04  0.470976E-06
  0.351000E+02  0.424319E-04  0.237088E-04 -0.202481E-05
  0.354000E+02  0.442223E-04  0.217381E-04 -0.458315E-05
  0.357000E+02  0.456647E-04  0.194402E-04 -0.717567E-05
  0.360000E+02  0.467430E-04  0.168320E-04 -0.977323E-05
  0.363000E+02  0.474452E-04  0.139356E-04 -0.123461E-04
  0.366000E+02  0.477640E-04  0.107781E-04 -0.148641E-04
  0.369000E+02  0.476958E-04  0.739160E-05 -0.172970E-04
  0.372000E+02  0.472414E-04  0.381248E-05 -0.196149E-04
  0.375000E+02  0.464048E-04  0.802495E-07 -0.217885E-04
  0.378000E+02  0.451935E-04 -0.376325E-05 -0.237897E-04
  0.381000E+02  0.436175E-04 -0.767474E-05 -0.255920E-04
  0.384000E+02  0.416899E-04 -0.116104E-04 -0.271711E-04
  0.387000E+02  0.394264E-04 -0.155262E-04 -0.285055E-04
  0.390000E+02  0.368459E-04 -0.193790E-04 -0.295769E-04
  0.393000E+02  0.339702E-04 -0.231258E-04 -0.303703E-04
  0.396000E+02  0.308244E-04 -0.267250E-04 -0.308738E-04
  0.399000E+02  0.274363E-04 -0.301360E-04 -0.310795E-04
  0.402000E+02  0.238361E-04 -0.333202E-04 -0.309823E-04
  0.405000E+02  0.200561E-04 -0.362407E-04 -0.305805E-04
  0.408000E+02  0.161302E-04 -0.388633E-04 -0.298752E-04
  0.411000E+02  0.120931E-04 -0.411565E-04 -0.288704E-04
  0.414000E+02  0.797959E-05 -0.430919E-04 -0.275732E-04
  0.417000E+02  0.382470E-05 -0.446450E-04 -0.259937E-04
  0.420000E+02 -0.336906E-06 -0.457957E-04 -0.241447E-04
  0.423000E+02 -0.447083E-05 -0.465287E-04 -0.220420E-04
  0.426000E+02 -0.854323E-05 -0.468334E-04 -0.197040E-04
  0.429000E+02 -0.125210E-04 -0.467041E-04 -0.171517E-04
  0.432000E+02 -0.163724E-04 -0.461398E-04 -0.144085E-04
  0.435000E+02 -0.200670E-04 -0.451439E-04 -0.115002E-04
  0.438000E+02 -0.235765E-04 -0.437243E-04 -0.845457E-05
  0.441000E+02 -0.268749E-04 -0.418932E-04 -0.530149E-05
  0.444000E+02 -0.299388E-04 -0.396670E-04 -0.207275E-05
  0.447000E+02 -0.327470E-04 -0.370660E-04  0.119859E-05
  0.450000E+02 -0.352815E-04 -0.341146E-04  0.447887E-05
  0.453000E+02 -0.375266E-04 -0.308404E-04  0.773456E-05
  0.456000E+02 -0.394699E-04 -0.272742E-04  0.109328E-04
  0.459000E+02 -0.411013E-04 -0.234497E-04  0.140420E-04
  0.462000E+02 -0.424141E-04 -0.194034E-04  0.170317E-04
  0.465000E+02 -0.434041E-04 -0.151740E-04  0.198736E-04
  0.468000E+02 -0.440698E-04 -0.108026E-04  0.225408E-04
  0.471000E+02 -0.444124E-04 -0.633172E-05  0.250086E-04
  0.474000E+02 -0.444360E-04 -0.180463E-05  0.272543E-04
  0.477000E+02 -0.441473E-04  0.273514E-05  0.292574E-04
  0.480000E+02 -0.435559E-04  0.724463E-05  0.309996E-04
  0.483000E+02 -0.426737E-04  0.116820E-04  0.324649E-04
  0.486000E+02 -0.415150E-04  0.160068E-04  0.336399E-04
  0.489000E+02 -0.400960E-04  0.201803E-04  0.345143E-04
  0.492000E+02 -0.384342E-04  0.241657E-04  0.350809E-04
  0.495000E+02 -0.365488E-04  0.279285E-04  0.353366E-04
  0.498000E+02 -0.344606E-04  0.314366E-04  0.352817E-04
  0.501000E+02 -0.321917E-04  0.346608E-04  0.349203E-04
  0.504000E+02 -0.297656E-04  0.375754E-04  0.342595E-04
  0.507000E+02 -0.272069E-04  0.401577E-04  0.333094E-04
  0.510000E+02 -0.245410E-04  0.423888E-04  0.320822E-04
  0.513000E+02 -0.217935E-04  0.442532E-04  0.305927E-04
  0.516000E+02 -0.189896E-04  0.457391E-04  0.288576E-04
  0.519000E+02 -0.161538E-04  0.468385E-04  0.268956E-04
  0.522000E+02 -0.133096E-04  0.475466E-04  0.247274E-04
  0.525000E+02 -0.104792E-04  0.478628E-04  0.223758E-04
  0.528000E+02 -0.768343E-05  0.477898E-04  0.198649E-04
  0.531000E+02 -0.494147E-05  0.473342E-04  0.172204E-04
  0.534000E+02 -0.227111E-05  0.465060E-04  0.144690E-04
  0.537000E+02  0.311460E-06  0.453187E-04  0.116383E-04
  0.540000E+02  0.279162E-05  0.437889E-04  0.875659E-05
  0.543000E+02  0.515618E-05  0.419357E-04  0.585217E-05
  0.546000E+02  0.739326E-05  0.397812E-04  0.295331E-05
  0.549000E+02  0.949214E-05  0.373493E-04  0.874784E-07
  0.552000E+02  0.114432E-04  0.346659E-04 -0.271911E-05
  0.555000E+02  0.132382E-04  0.317580E-04 -0.544192E-05
  0.558000E+02  0.148698E-04  0.286543E-04 -0.805838E-05
  0.561000E+02  0.163328E-04  0.253842E-04 -0.105479E-04
  0.564000E+02  0.176233E-04  0.219784E-04 -0.128919E-04
  0.567000E+02  0.187395E-04  0.184687E-04 -0.150736E-04
  0.570000E+02  0.196816E-04  0.148873E-04 -0.170783E-04
  0.573000E+02  0.204518E-04  0.112669E-04 -0.188927E-04
  0.576000E+02  0.210542E-04  0.764014E-05 -0.205055E-04
  0.579000E+02  0.214945E-04  0.403861E-05 -0.219071E-04
  0.582000E+02  0.217800E-04  0.492854E-06 -0.230900E-04
  0.585000E+02  0.219190E-04 -0.296812E-05 -0.240488E-04
  0.588000E+02  0.219207E-04 -0.631693E-05 -0.247808E-04
  0.591000E+02  0.217950E-04 -0.952787E-05 -0.252855E-04
  0.594000E+02  0.215520E-04 -0.125769E-04 -0.255654E-04
  0.597000E+02  0.212022E-04 -0.154419E-04 -0.256254E-04
  0.600000E+02  0.207563E-04 -0.181029E-04 -0.254723E-04
  0.603000E+02  0.202251E-04 -0.205423E-04 -0.251151E-04
  0.606000E+02  0.196194E-04 -0.227454E-04 -0.245644E-04
  0.609000E+02  0.189501E-04 -0.247003E-04 -0.238321E-04
  0.612000E+02  0.182279E-04 -0.263985E-04 -0.229311E-04
  0.615000E+02  0.174633E-04 -0.278343E-04 -0.218755E-04
  0.618000E+02  0.166662E-04 -0.290049E-04 -0.206801E-04
  0.621000E+02  0.158461E-04 -0.299102E-04 -0.193608E-04
  0.624000E+02  0.150119E-04 -0.305524E-04 -0.179338E-04
  0.627000E+02  0.141717E-04 -0.309356E-04 -0.164162E-04
  0.630000E+02  0.133329E-04 -0.310656E-04 -0.148254E-04
  0.633000E+02  0.125022E-04 -0.309499E-04 -0.131788E-04
  0.636000E+02  0.116853E-04 -0.305979E-04 -0.114944E-04
  0.639000E+02  0.108875E-04 -0.300205E-04 -0.978989E-05
  0.642000E+02  0.101129E-04 -0.292305E-04 -0.808305E-05
  0.645000E+02  0.936524E-05 -0.282423E-04 -0.639105E-05
  0.648000E+02  0.864725E-05 -0.270720E-04 -0.473024E-05
  0.651000E+02  0.796117E-05 -0.257373E-04 -0.311574E-05
  0.654000E+02  0.730853E-05 -0.242571E-04 -0.156128E-05
  0.657000E+02  0.669016E-05 -0.226513E-04 -0.789953E-07
  0.660000E+02  0.610614E-05 -0.209405E-04  0.132057E-05
  0.663000E+02  0.555580E-05 -0.191461E-04  0.262842E-05
  0.666000E+02  0.503771E-05 -0.172896E-04  0.383696E-05
  0.669000E+02  0.454985E-05 -0.153927E-04  0.493990E-05
  0.672000E+02  0.408977E-05 -0.134764E-04  0.593211E-05
  0.675000E+02  0.365471E-05 -0.115610E-04  0.680961E-05
  0.678000E+02  0.324181E-05 -0.966559E-05  0.756948E-05
  0.681000E+02  0.284815E-05 -0.780753E-05  0.821002E-05
  0.684000E+02  0.247072E-05 -0.600277E-05  0.873088E-05
  0.687000E+02  0.210635E-05 -0.426568E-05  0.913318E-05
  0.690000E+02  0.175163E-05 -0.260902E-05  0.941960E-05
  0.693000E+02  0.140281E-05 -0.104400E-05  0.959433E-05
  0.696000E+02  0.105592E-05  0.419824E-06  0.966294E-05
  0.699000E+02  0.706898E-06  0.177456E-05  0.963213E-05
  0.702000E+02  0.351765E-06  0.301396E-05  0.950940E-05
  0.705000E+02 -0.131266E-07  0.413337E-05  0.930277E-05
  0.708000E+02 -0.390928E-06  0.512963E-05  0.902055E-05
  0.711000E+02 -0.784152E-06  0.600102E-05  0.867105E-05
  0.714000E+02 -0.119458E-05  0.674718E-05  0.826259E-05
  0.717000E+02 -0.162318E-05  0.736910E-05  0.780343E-05
  0.720000E+02 -0.207011E-05  0.786905E-05  0.730185E-05
  0.723000E+02 -0.253467E-05  0.825050E-05  0.676624E-05
  0.726000E+02 -0.301536E-05  0.851798E-05  0.620510E-05
  0.729000E+02 -0.351003E-05  0.867705E-05  0.562705E-05
  0.732000E+02 -0.401607E-05  0.873419E-05  0.504087E-05
  0.735000E+02 -0.453062E-05  0.869671E-05  0.445538E-05
  0.738000E+02 -0.505072E-05  0.857260E-05  0.387925E-05
  0.741000E+02 -0.557347E-05  0.837050E-05  0.332073E-05
  0.744000E+02 -0.609602E-05  0.809966E-05  0.278735E-05
  0.747000E+02 -0.661551E-05  0.776981E-05  0.228569E-05
  0.750000E+02 -0.712902E-05  0.739111E-05  0.182129E-05
  0.753000E+02 -0.763340E-05  0.697389E-05  0.139856E-05
  0.756000E+02 -0.812521E-05  0.652849E-05  0.102089E-05
  0.759000E+02 -0.860062E-05  0.606507E-05  0.690819E-06
  0.762000E+02 -0.905551E-05  0.559351E-05  0.410127E-06
  0.765000E+02 -0.948554E-05  0.512324E-05  0.180021E-06
  0.768000E+02 -0.988639E-05  0.466321E-05  0.122425E-08
  0.771000E+02 -0.102540E-04  0.422174E-05 -0.125939E-06
  0.774000E+02 -0.105846E-04  0.380641E-05 -0.201509E-06
  0.777000E+02 -0.108752E-04  0.342402E-05 -0.225923E-06
  0.780000E+02 -0.111233E-04  0.308042E-05 -0.200093E-06
  0.783000E+02 -0.113266E-04  0.278047E-05 -0.125504E-06
  0.786000E+02 -0.114835E-04  0.252791E-05 -0.432443E-08
  0.789000E+02 -0.115924E-04  0.232535E-05  0.160482E-06
  0.792000E+02 -0.116516E-04  0.217430E-05  0.365087E-06
  0.795000E+02 -0.116595E-04  0.207529E-05  0.604823E-06
  0.798000E+02 -0.116145E-04  0.202801E-05  0.874301E-06
  0.801000E+02 -0.115150E-04  0.203146E-05  0.116758E-05
  0.804000E+02 -0.113599E-04  0.208404E-05  0.147836E-05
  0.807000E+02 -0.111485E-04  0.218364E-05  0.180010E-05
  0.810000E+02 -0.108807E-04  0.232757E-05  0.212620E-05
  0.813000E+02 -0.105573E-04  0.251259E-05  0.245012E-05
  0.816000E+02 -0.101797E-04  0.273477E-05  0.276552E-05
  0.819000E+02 -0.975005E-05  0.298943E-05  0.306638E-05
  0.822000E+02 -0.927101E-05  0.327113E-05  0.334711E-05
  0.825000E+02 -0.874566E-05  0.357364E-05  0.360265E-05
  0.828000E+02 -0.817730E-05  0.389010E-05  0.382845E-05
  0.831000E+02 -0.756934E-05  0.421320E-05  0.402046E-05
  0.834000E+02 -0.692517E-05  0.453545E-05  0.417506E-05
  0.837000E+02 -0.624820E-05  0.484944E-05  0.428907E-05
  0.840000E+02 -0.554194E-05  0.514809E-05  0.435971E-05
  0.843000E+02 -0.481015E-05  0.542482E-05  0.438461E-05
  0.846000E+02 -0.405698E-05  0.567361E-05  0.436174E-05
  0.849000E+02 -0.328706E-05  0.588906E-05  0.428943E-05
  0.852000E+02 -0.250547E-05  0.606639E-05  0.416645E-05
  0.855000E+02 -0.171761E-05  0.620141E-05  0.399216E-05
  0.858000E+02 -0.929123E-06  0.629049E-05  0.376666E-05
  0.861000E+02 -0.145700E-06  0.633050E-05  0.349092E-05
  0.864000E+02  0.627035E-06  0.631886E-05  0.316686E-05
  0.867000E+02  0.138364E-05  0.625359E-05  0.279732E-05
  0.870000E+02  0.211893E-05  0.613351E-05  0.238596E-05
  0.873000E+02  0.282809E-05  0.595830E-05  0.193713E-05
  0.876000E+02  0.350666E-05  0.572859E-05  0.145567E-05
  0.879000E+02  0.415062E-05  0.544585E-05  0.946668E-06
  0.882000E+02  0.475635E-05  0.511230E-05  0.415391E-06
  0.885000E+02  0.532056E-05  0.473072E-05 -0.132829E-06
  0.888000E+02  0.584032E-05  0.430436E-05 -0.692574E-06
  0.891000E+02  0.631299E-05  0.383685E-05 -0.125835E-05
  0.894000E+02  0.673630E-05  0.333211E-05 -0.182457E-05
  0.897000E+02  0.710848E-05  0.279430E-05 -0.238564E-05
  0.900000E+02  0.742829E-05  0.222776E-05 -0.293596E-05
  0.903000E+02  0.769508E-05  0.163691E-05 -0.347002E-05
  0.906000E+02  0.790885E-05  0.102632E-05 -0.398242E-05
  0.909000E+02  0.807018E-05  0.400723E-06 -0.446800E-05
  0.912000E+02  0.818020E-05 -0.234855E-06 -0.492193E-05
  0.915000E+02  0.824048E-05 -0.875075E-06 -0.533978E-05
  0.918000E+02  0.825300E-05 -0.151430E-05 -0.571753E-05
  0.921000E+02  0.822007E-05 -0.214669E-05 -0.605154E-05
  0.924000E+02  0.814429E-05 -0.276636E-05 -0.633858E-05
  0.927000E+02  0.802850E-05 -0.336754E-05 -0.657578E-05
  0.930000E+02  0.787581E-05 -0.394478E-05 -0.676071E-05
  0.933000E+02  0.768952E-05 -0.449309E-05 -0.689140E-05
  0.936000E+02  0.747318E-05 -0.500810E-05 -0.696649E-05
  0.939000E+02  0.723047E-05 -0.548610E-05 -0.698527E-05
  0.942000E+02  0.696524E-05 -0.592409E-05 -0.694782E-05
  0.945000E+02  0.668141E-05 -0.631964E-05 -0.685504E-05
  0.948000E+02  0.638294E-05 -0.667087E-05 -0.670862E-05
  0.951000E+02  0.607371E-05 -0.697626E-05 -0.651098E-05
  0.954000E+02  0.575744E-05 -0.723455E-05 -0.626513E-05
  0.957000E+02  0.543748E-05 -0.744456E-05 -0.597453E-05
  0.960000E+02  0.511675E-05 -0.760523E-05 -0.564298E-05
  0.963000E+02  0.479770E-05 -0.771554E-05 -0.527462E-05
  0.966000E+02  0.448231E-05 -0.777465E-05 -0.487389E-05
  0.969000E+02  0.417217E-05 -0.778202E-05 -0.444547E-05
  0.972000E+02  0.386857E-05 -0.773752E-05 -0.399423E-05
  0.975000E+02  0.357252E-05 -0.764159E-05 -0.352508E-05
  0.978000E+02  0.328479E-05 -0.749531E-05 -0.304296E-05
  0.981000E+02  0.300600E-05 -0.730047E-05 -0.255278E-05
  0.984000E+02  0.273667E-05 -0.705960E-05 -0.205948E-05
  0.987000E+02  0.247741E-05 -0.677592E-05 -0.156805E-05
  0.990000E+02  0.222895E-05 -0.645328E-05 -0.108356E-05
  0.993000E+02  0.199217E-05 -0.609613E-05 -0.611025E-06
  0.996000E+02  0.176806E-05 -0.570940E-05 -0.155306E-06
  0.999000E+02  0.155751E-05 -0.529837E-05  0.279115E-06
  0.100200E+03  0.136114E-05 -0.486854E-05  0.688284E-06
  0.100500E+03  0.117917E-05 -0.442540E-05  0.106890E-05
  0.100800E+03  0.101131E-05 -0.397428E-05  0.141837E-05
  0.101100E+03  0.856804E-06 -0.352012E-05  0.173481E-05
  0.101400E+03  0.714460E-06 -0.306735E-05  0.201698E-05
  0.101700E+03  0.582804E-06 -0.261975E-05  0.226423E-05
  0.102000E+03  0.460149E-06 -0.218038E-05  0.247638E-05
  0.102300E+03  0.344694E-06 -0.175165E-05  0.265361E-05
  0.102600E+03  0.234599E-06 -0.133536E-05  0.279646E-05
  0.102900E+03  0.128038E-06 -0.932833E-06  0.290583E-05
  0.103200E+03  0.232199E-07 -0.545130E-06  0.298296E-05
  0.103500E+03 -0.815924E-07 -0.173175E-06  0.302946E-05
  0.103800E+03 -0.188076E-06  0.182104E-06  0.304731E-05
  0.104100E+03 -0.297839E-06  0.519730E-06  0.303875E-05
  0.104400E+03 -0.412416E-06  0.838695E-06  0.300628E-05
  0.104700E+03 -0.533262E-06  0.113799E-05  0.295255E-05
  0.105000E+03 -0.661730E-06  0.141660E-05  0.288025E-05
  0.105300E+03 -0.799026E-06  0.167353E-05  0.279212E-05
  0.105600E+03 -0.946154E-06  0.190775E-05  0.269090E-05
  0.105900E+03 -0.110387E-05  0.211826E-05  0.257931E-05
  0.106200E+03 -0.127265E-05  0.230419E-05  0.246002E-05
  0.106500E+03 -0.145265E-05  0.246491E-05  0.233555E-05
  0.106800E+03 -0.164369E-05  0.260020E-05  0.220816E-05
  0.107100E+03 -0.184524E-05  0.271034E-05  0.207981E-05
  0.107400E+03 -0.205648E-05  0.279615E-05  0.195223E-05
  0.107700E+03 -0.227632E-05  0.285900E-05  0.182696E-05
  0.108000E+03 -0.250354E-05  0.290064E-05  0.170546E-05
  0.108300E+03 -0.273675E-05  0.292306E-05  0.158916E-05
  0.108600E+03 -0.297447E-05  0.292832E-05  0.147948E-05
  0.108900E+03 -0.321512E-05  0.291834E-05  0.137773E-05
  0.109200E+03 -0.345702E-05  0.289477E-05  0.128506E-05
  0.109500E+03 -0.369842E-05  0.285895E-05  0.120241E-05
  0.109800E+03 -0.393745E-05  0.281192E-05  0.113042E-05
  0.110100E+03 -0.417214E-05  0.275453E-05  0.106949E-05
  0.110400E+03 -0.440034E-05  0.268758E-05  0.101979E-05
  0.110700E+03 -0.461976E-05  0.261206E-05  0.981346E-06
  0.111000E+03 -0.482792E-05  0.252926E-05  0.954033E-06
  0.111300E+03 -0.502218E-05  0.244086E-05  0.937628E-06
  0.111600E+03 -0.519977E-05  0.234888E-05  0.931797E-06
  0.111900E+03 -0.535782E-05  0.225557E-05  0.936062E-06
  0.112200E+03 -0.549342E-05  0.216320E-05  0.949785E-06
  0.112500E+03 -0.560367E-05  0.207386E-05  0.972174E-06
  0.112800E+03 -0.568587E-05  0.198931E-05  0.100231E-05
  0.113100E+03 -0.573758E-05  0.191091E-05  0.103915E-05
  0.113400E+03 -0.575680E-05  0.183955E-05  0.108157E-05
  0.113700E+03 -0.574199E-05  0.177571E-05  0.112827E-05
  0.114000E+03 -0.569214E-05  0.171945E-05  0.117778E-05
  0.114300E+03 -0.560674E-05  0.167052E-05  0.122839E-05
  0.114600E+03 -0.548575E-05  0.162843E-05  0.127822E-05
  0.114900E+03 -0.532959E-05  0.159257E-05  0.132521E-05
  0.115200E+03 -0.513913E-05  0.156227E-05  0.136723E-05
  0.115500E+03 -0.491557E-05  0.153693E-05  0.140221E-05
  0.115800E+03 -0.466046E-05  0.151599E-05  0.142820E-05
  0.116100E+03 -0.437563E-05  0.149893E-05  0.144354E-05
  0.116400E+03 -0.406315E-05  0.148525E-05  0.144687E-05
  0.116700E+03 -0.372531E-05  0.147438E-05  0.143722E-05
  0.117000E+03 -0.336464E-05  0.146572E-05  0.141397E-05
  0.117300E+03 -0.298386E-05  0.145856E-05  0.137681E-05
  0.117600E+03 -0.258590E-05  0.145212E-05  0.132571E-05
  0.117900E+03 -0.217381E-05  0.144557E-05  0.126080E-05
  0.118200E+03 -0.175068E-05  0.143804E-05  0.118235E-05
  0.118500E+03 -0.131959E-05  0.142864E-05  0.109067E-05
  0.118800E+03 -0.883522E-06  0.141652E-05  0.986086E-06
  0.119100E+03 -0.445374E-06  0.140086E-05  0.868993E-06
  0.119400E+03 -0.788967E-08  0.138091E-05  0.739833E-06
  0.119700E+03  0.426286E-06  0.135597E-05  0.599156E-06
  0.120000E+03  0.854562E-06  0.132547E-05  0.447658E-06
  0.120300E+03  0.127435E-05  0.128898E-05  0.286208E-06
  0.120600E+03  0.168307E-05  0.124624E-05  0.115868E-06
  0.120900E+03  0.207816E-05  0.119718E-05 -0.621221E-07
  0.121200E+03  0.245715E-05  0.114178E-05 -0.246378E-06
  0.121500E+03  0.281772E-05  0.108009E-05 -0.435428E-06
  0.121800E+03  0.315776E-05  0.101207E-05 -0.627752E-06
  0.122100E+03  0.347543E-05  0.937536E-06 -0.821814E-06
  0.122400E+03  0.376914E-05  0.856112E-06 -0.101604E-05
  0.122700E+03  0.403762E-05  0.767259E-06 -0.120879E-05
  0.123000E+03  0.427990E-05  0.670402E-06 -0.139828E-05
  0.123300E+03  0.449524E-05  0.565087E-06 -0.158264E-05
  0.123600E+03  0.468312E-05  0.451117E-06 -0.175991E-05
  0.123900E+03  0.484321E-05  0.328635E-06 -0.192818E-05
  0.124200E+03  0.497529E-05  0.198155E-06 -0.208562E-05
  0.124500E+03  0.507926E-05  0.605281E-07 -0.223060E-05
  0.124800E+03  0.515507E-05 -0.831197E-07 -0.236167E-05
  0.125100E+03  0.520273E-05 -0.231482E-06 -0.247758E-05
  0.125400E+03  0.522235E-05 -0.383186E-06 -0.257726E-05
  0.125700E+03  0.521410E-05 -0.536898E-06 -0.265975E-05
  0.126000E+03  0.517835E-05 -0.691417E-06 -0.272419E-05
  0.126300E+03  0.511560E-05 -0.845718E-06 -0.276985E-05
  0.126600E+03  0.502656E-05 -0.998945E-06 -0.279609E-05
  0.126900E+03  0.491210E-05 -0.115036E-05 -0.280245E-05
  0.127200E+03  0.477323E-05 -0.129927E-05 -0.278872E-05
  0.127500E+03  0.461109E-05 -0.144498E-05 -0.275494E-05
  0.127800E+03  0.442695E-05 -0.158670E-05 -0.270146E-05
  0.128100E+03  0.422225E-05 -0.172357E-05 -0.262894E-05
  0.128400E+03  0.399852E-05 -0.185460E-05 -0.253839E-05
  0.128700E+03  0.375750E-05 -0.197878E-05 -0.243114E-05
  0.129000E+03  0.350108E-05 -0.209505E-05 -0.230888E-05
  0.129300E+03  0.323130E-05 -0.220236E-05 -0.217357E-05
  0.129600E+03  0.295041E-05 -0.229970E-05 -0.202736E-05
  0.129900E+03  0.266072E-05 -0.238615E-05 -0.187248E-05
  0.130200E+03  0.236460E-05 -0.246084E-05 -0.171108E-05
  0.130500E+03  0.206433E-05 -0.252305E-05 -0.154517E-05
  0.130800E+03  0.176208E-05 -0.257224E-05 -0.137654E-05
  0.131100E+03  0.145983E-05 -0.260802E-05 -0.120673E-05
  0.131400E+03  0.115946E-05 -0.263020E-05 -0.103706E-05
  0.131700E+03  0.862743E-06 -0.263872E-05 -0.868702E-06
  0.132000E+03  0.571428E-06 -0.263364E-05 -0.702667E-06
  0.132300E+03  0.287309E-06 -0.261502E-05 -0.539883E-06
  0.132600E+03  0.122404E-07 -0.258296E-05 -0.381204E-06
  0.132900E+03 -0.251861E-06 -0.253757E-05 -0.227422E-06
  0.133200E+03 -0.503060E-06 -0.247896E-05 -0.792676E-07
  0.133500E+03 -0.739480E-06 -0.240731E-05  0.625922E-07
  0.133800E+03 -0.959393E-06 -0.232290E-05  0.197565E-06
  0.134100E+03 -0.116131E-05 -0.222612E-05  0.325137E-06
  0.134400E+03 -0.134404E-05 -0.211756E-05  0.444867E-06
  0.134700E+03 -0.150672E-05 -0.199795E-05  0.556402E-06
  0.135000E+03 -0.164885E-05 -0.186821E-05  0.659493E-06
  0.135300E+03 -0.177028E-05 -0.172939E-05  0.754037E-06
  0.135600E+03 -0.187121E-05 -0.158261E-05  0.840113E-06
  0.135900E+03 -0.195224E-05 -0.142894E-05  0.918002E-06
  0.136200E+03 -0.201428E-05 -0.126937E-05  0.988194E-06
  0.136500E+03 -0.205862E-05 -0.110469E-05  0.105135E-05
  0.136800E+03 -0.208677E-05 -0.935629E-06  0.110826E-05
  0.137100E+03 -0.210054E-05 -0.762852E-06  0.115974E-05
  0.137400E+03 -0.210194E-05 -0.587136E-06  0.120653E-05
  0.137700E+03 -0.209314E-05 -0.409438E-06  0.124921E-05
  0.138000E+03 -0.207642E-05 -0.230921E-06  0.128814E-05
  0.138300E+03 -0.205413E-05 -0.529163E-07  0.132337E-05
  0.138600E+03 -0.202850E-05  0.123141E-06  0.135465E-05
  0.138900E+03 -0.200160E-05  0.295789E-06  0.138149E-05
  0.139200E+03 -0.197524E-05  0.463588E-06  0.140325E-05
  0.139500E+03 -0.195083E-05  0.625141E-06  0.141925E-05
  0.139800E+03 -0.192945E-05  0.779095E-06  0.142890E-05
  0.140100E+03 -0.191177E-05  0.924152E-06  0.143184E-05
  0.140400E+03 -0.189809E-05  0.105910E-05  0.142794E-05
  0.140700E+03 -0.188841E-05  0.118290E-05  0.141738E-05
  0.141000E+03 -0.188245E-05  0.129470E-05  0.140058E-05
  0.141300E+03 -0.187971E-05  0.139395E-05  0.137814E-05
  0.141600E+03 -0.187955E-05  0.148035E-05  0.135075E-05
  0.141900E+03 -0.188119E-05  0.155393E-05  0.131908E-05
  0.142200E+03 -0.188379E-05  0.161489E-05  0.128372E-05
  0.142500E+03 -0.188643E-05  0.166357E-05  0.124508E-05
  0.142800E+03 -0.188823E-05  0.170033E-05  0.120341E-05
  0.143100E+03 -0.188832E-05  0.172544E-05  0.115878E-05
  0.143400E+03 -0.188590E-05  0.173903E-05  0.111109E-05
  0.143700E+03 -0.188026E-05  0.174110E-05  0.106015E-05
  0.144000E+03 -0.187074E-05  0.173156E-05  0.100568E-05
  0.144300E+03 -0.185667E-05  0.171027E-05  0.947360E-06
  0.144600E+03 -0.183737E-05  0.167720E-05  0.884942E-06
  0.144900E+03 -0.181207E-05  0.163248E-05  0.818312E-06
  0.145200E+03 -0.177995E-05  0.157650E-05  0.747601E-06
  0.145500E+03 -0.174014E-05  0.150996E-05  0.673245E-06
  0.145800E+03 -0.169176E-05  0.143390E-05  0.596007E-06
  0.146100E+03 -0.163399E-05  0.134965E-05  0.516928E-06
  0.146400E+03 -0.156606E-05  0.125874E-05  0.437234E-06
  0.146700E+03 -0.148735E-05  0.116289E-05  0.358219E-06
  0.147000E+03 -0.139743E-05  0.106387E-05  0.281115E-06
  0.147300E+03 -0.129603E-05  0.963488E-06  0.207010E-06
  0.147600E+03 -0.118313E-05  0.863438E-06  0.136786E-06
  0.147900E+03 -0.105892E-05  0.765277E-06  0.710968E-07
  0.148200E+03 -0.923796E-06  0.670321E-06  0.103605E-07
  0.148500E+03 -0.778395E-06  0.579592E-06 -0.452167E-07
  0.148800E+03 -0.623564E-06  0.493797E-06 -0.956031E-07
  0.149100E+03 -0.460397E-06  0.413352E-06 -0.140888E-06
  0.149400E+03 -0.290227E-06  0.338453E-06 -0.181228E-06
  0.149700E+03 -0.114585E-06  0.269170E-06 -0.216800E-06
  0.150000E+03  0.648800E-07  0.205528E-06 -0.247783E-06
  0.150300E+03  0.246503E-06  0.147574E-06 -0.274358E-06
  0.150600E+03  0.428688E-06  0.954110E-07 -0.296719E-06
  0.150900E+03  0.609970E-06  0.492035E-07 -0.315090E-06
  0.151200E+03  0.789045E-06  0.917932E-08 -0.329730E-06
  0.151500E+03  0.964770E-06 -0.243752E-07 -0.340933E-06
  0.151800E+03  0.113611E-05 -0.511200E-07 -0.349025E-06
  0.152100E+03  0.130209E-05 -0.706757E-07 -0.354344E-06
  0.152400E+03  0.146167E-05 -0.826467E-07 -0.357220E-06
  0.152700E+03  0.161368E-05 -0.866564E-07 -0.357950E-06
  0.153000E+03  0.175679E-05 -0.823989E-07 -0.356759E-06
  0.153300E+03  0.188947E-05 -0.697119E-07 -0.353795E-06
  0.153600E+03  0.201004E-05 -0.486597E-07 -0.349129E-06
  0.153900E+03  0.211672E-05 -0.196029E-07 -0.342771E-06
  0.154200E+03  0.220772E-05  0.167655E-07 -0.334691E-06
  0.154500E+03  0.228136E-05  0.594294E-07 -0.324850E-06
  0.154800E+03  0.233617E-05  0.107101E-06 -0.313226E-06
  0.155100E+03  0.237100E-05  0.158307E-06 -0.299842E-06
  0.155400E+03  0.238509E-05  0.211473E-06 -0.284793E-06
  0.155700E+03  0.237810E-05  0.265004E-06 -0.268264E-06
  0.156000E+03  0.235014E-05  0.317324E-06 -0.250526E-06
  0.156300E+03  0.230171E-05  0.366906E-06 -0.231942E-06
  0.156600E+03  0.223366E-05  0.412272E-06 -0.212958E-06
  0.156900E+03  0.214714E-05  0.451981E-06 -0.194089E-06
  0.157200E+03  0.204351E-05  0.484605E-06 -0.175892E-06
  0.157500E+03  0.192430E-05  0.508716E-06 -0.158920E-06
  0.157800E+03  0.179107E-05  0.522923E-06 -0.143687E-06
  0.158100E+03  0.164544E-05  0.525946E-06 -0.130632E-06
  0.158400E+03  0.148896E-05  0.516701E-06 -0.120103E-06
  0.158700E+03  0.132321E-05  0.494369E-06 -0.112379E-06
  0.159000E+03  0.114972E-05  0.458452E-06 -0.107702E-06
  0.159300E+03  0.970050E-06  0.408818E-06 -0.106330E-06
  0.159600E+03  0.785809E-06  0.345716E-06 -0.108555E-06
  0.159900E+03  0.598646E-06  0.269772E-06 -0.114709E-06
  0.160200E+03  0.410299E-06  0.181938E-06 -0.125124E-06
  0.160500E+03  0.222643E-06  0.834378E-07 -0.140097E-06
  0.160800E+03  0.377265E-07 -0.242947E-07 -0.159825E-06
  0.161100E+03 -0.142233E-06 -0.139657E-06 -0.184356E-06
  0.161400E+03 -0.314895E-06 -0.260910E-06 -0.213552E-06
  0.161700E+03 -0.477899E-06 -0.386208E-06 -0.247077E-06
  0.162000E+03 -0.628991E-06 -0.513635E-06 -0.284414E-06
  0.162300E+03 -0.766153E-06 -0.641238E-06 -0.324925E-06
  0.162600E+03 -0.887717E-06 -0.767059E-06 -0.367917E-06
  0.162900E+03 -0.992431E-06 -0.889164E-06 -0.412724E-06
  0.163200E+03 -0.107948E-05 -0.100568E-05 -0.458758E-06
  0.163500E+03 -0.114845E-05 -0.111483E-05 -0.505527E-06
  0.163800E+03 -0.119930E-05 -0.121501E-05 -0.552620E-06
  0.164100E+03 -0.123226E-05 -0.130478E-05 -0.599658E-06
  0.164400E+03 -0.124785E-05 -0.138294E-05 -0.646235E-06
  0.164700E+03 -0.124681E-05 -0.144846E-05 -0.691853E-06
  0.165000E+03 -0.123012E-05 -0.150047E-05 -0.735886E-06
  0.165300E+03 -0.119897E-05 -0.153824E-05 -0.777567E-06
  0.165600E+03 -0.115469E-05 -0.156114E-05 -0.816015E-06
  0.165900E+03 -0.109867E-05 -0.156869E-05 -0.850286E-06
  0.166200E+03 -0.103232E-05 -0.156055E-05 -0.879432E-06
  0.166500E+03 -0.956939E-06 -0.153661E-05 -0.902556E-06
  0.166800E+03 -0.873719E-06 -0.149706E-05 -0.918845E-06
  0.167100E+03 -0.783726E-06 -0.144241E-05 -0.927584E-06
  0.167400E+03 -0.687908E-06 -0.137348E-05 -0.928176E-06
  0.167700E+03 -0.587127E-06 -0.129139E-05 -0.920155E-06
  0.168000E+03 -0.482208E-06 -0.119749E-05 -0.903202E-06
  0.168300E+03 -0.373994E-06 -0.109322E-05 -0.877149E-06
  0.168600E+03 -0.263408E-06 -0.980043E-06 -0.841974E-06
  0.168900E+03 -0.151504E-06 -0.859367E-06 -0.797757E-06
  0.169200E+03 -0.395007E-07 -0.732494E-06 -0.744661E-06
  0.169500E+03  0.712093E-07 -0.600629E-06 -0.682909E-06
  0.169800E+03  0.179077E-06 -0.464896E-06 -0.612798E-06
  0.170100E+03  0.282455E-06 -0.326371E-06 -0.534743E-06
  0.170400E+03  0.379688E-06 -0.186110E-06 -0.449329E-06
  0.170700E+03  0.469218E-06 -0.451861E-07 -0.357368E-06
  0.171000E+03  0.549684E-06  0.952818E-07 -0.259923E-06
  0.171300E+03  0.619997E-06  0.234117E-06 -0.158284E-06
  0.171600E+03  0.679376E-06  0.370080E-06 -0.539088E-07
  0.171900E+03  0.727343E-06  0.501876E-06  0.516851E-07
  0.172200E+03  0.763695E-06  0.628158E-06  0.157021E-06
  0.172500E+03  0.788444E-06  0.747536E-06  0.260754E-06
  0.172800E+03  0.801757E-06  0.858578E-06  0.361714E-06
  0.173100E+03  0.803885E-06  0.959829E-06  0.458916E-06
  0.173400E+03  0.795126E-06  0.104983E-05  0.551530E-06
  0.173700E+03  0.775801E-06  0.112718E-05  0.638859E-06
  0.174000E+03  0.746282E-06  0.119058E-05  0.720300E-06
  0.174300E+03  0.707032E-06  0.123894E-05  0.795307E-06
  0.174600E+03  0.658657E-06  0.127144E-05  0.863354E-06
  0.174900E+03  0.601937E-06  0.128762E-05  0.923924E-06
  0.175200E+03  0.537835E-06  0.128743E-05  0.976539E-06
  0.175500E+03  0.467474E-06  0.127121E-05  0.102082E-05
  0.175800E+03  0.392093E-06  0.123965E-05  0.105657E-05
  0.176100E+03  0.312979E-06  0.119378E-05  0.108381E-05
  0.176400E+03  0.231406E-06  0.113487E-05  0.110282E-05
  0.176700E+03  0.148575E-06  0.106438E-05  0.111408E-05
  0.177000E+03  0.655728E-07  0.983879E-06  0.111824E-05
  0.177300E+03 -0.166438E-07  0.895025E-06  0.111605E-05
  0.177600E+03 -0.972511E-07  0.799492E-06  0.110823E-05
  0.177900E+03 -0.175541E-06  0.698923E-06  0.109549E-05
  0.178200E+03 -0.250898E-06  0.594881E-06  0.107842E-05
  0.178500E+03 -0.322776E-06  0.488835E-06  0.105748E-05
  0.178800E+03 -0.390688E-06  0.382127E-06  0.103297E-05
  0.179100E+03 -0.454213E-06  0.275962E-06  0.100507E-05
  0.179400E+03 -0.513014E-06  0.171379E-06  0.973852E-06
  0.179700E+03 -0.566856E-06  0.692536E-07  0.939356E-06
  0.180000E+03 -0.615624E-06 -0.296990E-07  0.901668E-06
  0.180300E+03 -0.659319E-06 -0.124908E-06  0.860957E-06
  0.180600E+03 -0.698036E-06 -0.215920E-06  0.817490E-06
  0.180900E+03 -0.731927E-06 -0.302364E-06  0.771607E-06
  0.181200E+03 -0.761162E-06 -0.383902E-06  0.723686E-06
  0.181500E+03 -0.785894E-06 -0.460182E-06  0.674106E-06
  0.181800E+03 -0.806240E-06 -0.530793E-06  0.623226E-06
  0.182100E+03 -0.822260E-06 -0.595238E-06  0.571372E-06
  0.182400E+03 -0.833960E-06 -0.652931E-06  0.518839E-06
  0.182700E+03 -0.841308E-06 -0.703213E-06  0.465898E-06
  0.183000E+03 -0.844259E-06 -0.745381E-06  0.412805E-06
  0.183300E+03 -0.842796E-06 -0.778731E-06  0.359823E-06
  0.183600E+03 -0.836961E-06 -0.802598E-06  0.307230E-06
  0.183900E+03 -0.826885E-06 -0.816403E-06  0.255330E-06
  0.184200E+03 -0.812819E-06 -0.819679E-06  0.204432E-06
  0.184500E+03 -0.795159E-06 -0.812101E-06  0.154820E-06
  0.184800E+03 -0.774450E-06 -0.793504E-06  0.106712E-06
  0.185100E+03 -0.751366E-06 -0.763895E-06  0.602207E-07
  0.185400E+03 -0.726674E-06 -0.723454E-06  0.153263E-07
  0.185700E+03 -0.701171E-06 -0.672535E-06 -0.281302E-07
  0.186000E+03 -0.675636E-06 -0.611645E-06 -0.704287E-07
  0.186300E+03 -0.650781E-06 -0.541433E-06 -0.111934E-06
  0.186600E+03 -0.627210E-06 -0.462678E-06 -0.153053E-06
  0.186900E+03 -0.605391E-06 -0.376298E-06 -0.194193E-06
  0.187200E+03 -0.585623E-06 -0.283362E-06 -0.235738E-06
  0.187500E+03 -0.568014E-06 -0.185111E-06 -0.278028E-06
  0.187800E+03 -0.552477E-06 -0.829635E-07 -0.321342E-06
  0.188100E+03 -0.538746E-06  0.214948E-07 -0.365876E-06
  0.188400E+03 -0.526399E-06  0.126535E-06 -0.411713E-06
  0.188700E+03 -0.514901E-06  0.230328E-06 -0.458801E-06
  0.189000E+03 -0.503629E-06  0.330990E-06 -0.506938E-06
  0.189300E+03 -0.491900E-06  0.426644E-06 -0.555780E-06
  0.189600E+03 -0.478980E-06  0.515478E-06 -0.604857E-06
  0.189900E+03 -0.464093E-06  0.595814E-06 -0.653614E-06
  0.190200E+03 -0.446430E-06  0.666164E-06 -0.701443E-06
  0.190500E+03 -0.425172E-06  0.725288E-06 -0.747722E-06
  0.190800E+03 -0.399535E-06  0.772253E-06 -0.791837E-06
  0.191100E+03 -0.368816E-06  0.806471E-06 -0.833199E-06
  0.191400E+03 -0.332462E-06  0.827724E-06 -0.871252E-06
  0.191700E+03 -0.290116E-06  0.836147E-06 -0.905482E-06
  0.192000E+03 -0.241644E-06  0.832195E-06 -0.935432E-06
  0.192300E+03 -0.187130E-06  0.816569E-06 -0.960719E-06
  0.192600E+03 -0.126838E-06  0.790159E-06 -0.981049E-06
  0.192900E+03 -0.611598E-07  0.753987E-06 -0.996220E-06
  0.193200E+03  0.944757E-08  0.709164E-06 -0.100612E-05
  0.193500E+03  0.845287E-07  0.656866E-06 -0.101071E-05
  0.193800E+03  0.163684E-06  0.598319E-06 -0.100998E-05
  0.194100E+03  0.246613E-06  0.534785E-06 -0.100394E-05
  0.194400E+03  0.333128E-06  0.467551E-06 -0.992561E-06
  0.194700E+03  0.423152E-06  0.397919E-06 -0.975751E-06
  0.195000E+03  0.516678E-06  0.327173E-06 -0.953361E-06
  0.195300E+03  0.613702E-06  0.256551E-06 -0.925172E-06
  0.195600E+03  0.714151E-06  0.187199E-06 -0.890923E-06
  0.195900E+03  0.817795E-06  0.120141E-06 -0.850353E-06
  0.196200E+03  0.924184E-06  0.562543E-07 -0.803270E-06
  0.196500E+03  0.103261E-05 -0.373479E-08 -0.749609E-06
  0.196800E+03  0.114213E-05 -0.592418E-07 -0.689475E-06
  0.197100E+03  0.125154E-05 -0.109804E-06 -0.623167E-06
  0.197400E+03  0.135951E-05 -0.155055E-06 -0.551178E-06
  0.197700E+03  0.146455E-05 -0.194693E-06 -0.474184E-06
  0.198000E+03  0.156513E-05 -0.228475E-06 -0.393019E-06
  0.198300E+03  0.165970E-05 -0.256202E-06 -0.308630E-06
  0.198600E+03  0.174678E-05 -0.277726E-06 -0.222038E-06
  0.198900E+03  0.182493E-05 -0.292938E-06 -0.134291E-06
  0.199200E+03  0.189285E-05 -0.301773E-06 -0.464226E-07
  0.199500E+03  0.194930E-05 -0.304212E-06  0.405847E-07
  0.199800E+03  0.199313E-05 -0.300298E-06  0.125826E-06
  0.200100E+03  0.202324E-05 -0.290160E-06  0.208495E-06
  0.200400E+03  0.203859E-05 -0.274056E-06  0.287895E-06
  0.200700E+03  0.203824E-05 -0.252404E-06  0.363443E-06
  0.201000E+03  0.202132E-05 -0.225827E-06  0.434670E-06
  0.201300E+03  0.198712E-05 -0.195163E-06  0.501219E-06
  0.201600E+03  0.193510E-05 -0.161470E-06  0.562832E-06
  0.201900E+03  0.186499E-05 -0.125987E-06  0.619334E-06
  0.202200E+03  0.177685E-05 -0.900767E-07  0.670607E-06
  0.202500E+03  0.167105E-05 -0.551492E-07  0.716570E-06
  0.202800E+03  0.154833E-05 -0.225796E-07  0.757169E-06
  0.203100E+03  0.140973E-05  0.637063E-08  0.792373E-06
  0.203400E+03  0.125658E-05  0.306137E-07  0.822182E-06
  0.203700E+03  0.109039E-05  0.492721E-07  0.846654E-06
  0.204000E+03  0.912829E-06  0.616880E-07  0.865908E-06
  0.204300E+03  0.725652E-06  0.674060E-07  0.880139E-06
  0.204600E+03  0.530631E-06  0.661357E-07  0.889593E-06
  0.204900E+03  0.329518E-06  0.577047E-07  0.894541E-06
  0.205200E+03  0.124024E-06  0.420156E-07  0.895226E-06
  0.205500E+03 -0.841686E-07  0.190200E-07  0.891816E-06
  0.205800E+03 -0.293377E-06 -0.112820E-07  0.884364E-06
  0.206100E+03 -0.501885E-06 -0.488192E-07  0.872797E-06
  0.206400E+03 -0.707916E-06 -0.934129E-07  0.856931E-06
  0.206700E+03 -0.909625E-06 -0.144742E-06  0.836513E-06
  0.207000E+03 -0.110511E-05 -0.202318E-06  0.811279E-06
  0.207300E+03 -0.129242E-05 -0.265479E-06  0.781004E-06
  0.207600E+03 -0.146964E-05 -0.333397E-06  0.745536E-06
  0.207900E+03 -0.163492E-05 -0.405084E-06  0.704824E-06
  0.208200E+03 -0.178654E-05 -0.479402E-06  0.658927E-06
  0.208500E+03 -0.192295E-05 -0.555070E-06  0.608023E-06
  0.208800E+03 -0.204286E-05 -0.630689E-06  0.552407E-06
  0.209100E+03 -0.214526E-05 -0.704755E-06  0.492473E-06
  0.209400E+03 -0.222941E-05 -0.775701E-06  0.428699E-06
  0.209700E+03 -0.229490E-05 -0.841940E-06  0.361619E-06
  0.210000E+03 -0.234157E-05 -0.901922E-06  0.291784E-06
  0.210300E+03 -0.236952E-05 -0.954199E-06  0.219744E-06
  0.210600E+03 -0.237897E-05 -0.997484E-06  0.146036E-06
  0.210900E+03 -0.237026E-05 -0.103070E-05  0.711951E-07
  0.211200E+03 -0.234376E-05 -0.105300E-05 -0.421702E-08
  0.211500E+03 -0.229985E-05 -0.106384E-05 -0.795810E-07
  0.211800E+03 -0.223891E-05 -0.106289E-05 -0.154192E-06
  0.212100E+03 -0.216132E-05 -0.105009E-05 -0.227244E-06
  0.212400E+03 -0.206754E-05 -0.102558E-05 -0.297838E-06
  0.212700E+03 -0.195816E-05 -0.989644E-06 -0.365003E-06
  0.213000E+03 -0.183397E-05 -0.942668E-06 -0.427746E-06
  0.213300E+03 -0.169600E-05 -0.885102E-06 -0.485115E-06
  0.213600E+03 -0.154557E-05 -0.817429E-06 -0.536258E-06
  0.213900E+03 -0.138426E-05 -0.740149E-06 -0.580474E-06
  0.214200E+03 -0.121388E-05 -0.653793E-06 -0.617247E-06
  0.214500E+03 -0.103641E-05 -0.558939E-06 -0.646247E-06
  0.214800E+03 -0.853952E-06 -0.456242E-06 -0.667315E-06
  0.215100E+03 -0.668588E-06 -0.346471E-06 -0.680442E-06
  0.215400E+03 -0.482348E-06 -0.230529E-06 -0.685748E-06
  0.215700E+03 -0.297128E-06 -0.109480E-06 -0.683459E-06
  0.216000E+03 -0.114656E-06  0.154603E-07 -0.673887E-06
  0.216300E+03  0.635212E-07  0.142935E-06 -0.657412E-06
  0.216600E+03  0.236022E-06  0.271493E-06 -0.634458E-06
  0.216900E+03  0.401612E-06  0.399643E-06 -0.605484E-06
  0.217200E+03  0.559170E-06  0.525917E-06 -0.570965E-06
  0.217500E+03  0.707671E-06  0.648926E-06 -0.531382E-06
  0.217800E+03  0.846151E-06  0.767401E-06 -0.487215E-06
  0.218100E+03  0.973697E-06  0.880213E-06 -0.438937E-06
  0.218400E+03  0.108943E-05  0.986391E-06 -0.387011E-06
  0.218700E+03  0.119251E-05  0.108512E-05 -0.331905E-06
  0.219000E+03  0.128215E-05  0.117574E-05 -0.274093E-06
  0.219300E+03  0.135762E-05  0.125774E-05 -0.214063E-06
  0.219600E+03  0.141826E-05  0.133072E-05 -0.152326E-06
  0.219900E+03  0.146356E-05  0.139442E-05 -0.894060E-07
  0.220200E+03  0.149310E-05  0.144862E-05 -0.258530E-07
  0.220500E+03  0.150662E-05  0.149322E-05  0.377511E-07
  0.220800E+03  0.150407E-05  0.152812E-05  0.100769E-06
  0.221100E+03  0.148561E-05  0.155332E-05  0.162491E-06
  0.221400E+03  0.145167E-05  0.156886E-05  0.222117E-06
  0.221700E+03  0.140296E-05  0.157482E-05  0.278764E-06
  0.222000E+03  0.134048E-05  0.157136E-05  0.331476E-06
  0.222300E+03  0.126549E-05  0.155865E-05  0.379252E-06
  0.222600E+03  0.117950E-05  0.153688E-05  0.421080E-06
  0.222900E+03  0.108421E-05  0.150626E-05  0.455981E-06
  0.223200E+03  0.981391E-06  0.146699E-05  0.483065E-06
  0.223500E+03  0.872905E-06  0.141926E-05  0.501582E-06
  0.223800E+03  0.760569E-06  0.136328E-05  0.510971E-06
  0.224100E+03  0.646129E-06  0.129929E-05  0.510898E-06
  0.224400E+03  0.531218E-06  0.122756E-05  0.501276E-06
  0.224700E+03  0.417331E-06  0.114844E-05  0.482269E-06
  0.225000E+03  0.305829E-06  0.106234E-05  0.454289E-06
  0.225300E+03  0.197941E-06  0.969729E-06  0.417965E-06
  0.225600E+03  0.947922E-07  0.871156E-06  0.374109E-06
  0.225900E+03 -0.258016E-08  0.767196E-06  0.323664E-06
  0.226200E+03 -0.932007E-07  0.658455E-06  0.267658E-06
  0.226500E+03 -0.176151E-06  0.545582E-06  0.207156E-06
  0.226800E+03 -0.250578E-06  0.429275E-06  0.143232E-06
  0.227100E+03 -0.315713E-06  0.310297E-06  0.769474E-07
  0.227400E+03 -0.370906E-06  0.189476E-06  0.934278E-08
  0.227700E+03 -0.415658E-06  0.676889E-07 -0.585722E-07
  0.228000E+03 -0.449647E-06 -0.541628E-07 -0.125827E-06
  0.228300E+03 -0.472733E-06 -0.175174E-06 -0.191498E-06
  0.228600E+03 -0.484949E-06 -0.294455E-06 -0.254710E-06
  0.228900E+03 -0.486463E-06 -0.411135E-06 -0.314632E-06
  0.229200E+03 -0.477538E-06 -0.524366E-06 -0.370460E-06
  0.229500E+03 -0.458509E-06 -0.633327E-06 -0.421411E-06
  0.229800E+03 -0.429764E-06 -0.737245E-06 -0.466718E-06
  0.230100E+03 -0.391754E-06 -0.835427E-06 -0.505646E-06
  0.230400E+03 -0.345009E-06 -0.927294E-06 -0.537522E-06
  0.230700E+03 -0.290169E-06 -0.101241E-05 -0.561777E-06
  0.231000E+03 -0.227997E-06 -0.109048E-05 -0.577991E-06
  0.231300E+03 -0.159388E-06 -0.116138E-05 -0.585922E-06
  0.231600E+03 -0.853664E-07 -0.122510E-05 -0.585519E-06
  0.231900E+03 -0.705739E-08 -0.128177E-05 -0.576908E-06
  0.232200E+03  0.743397E-07 -0.133156E-05 -0.560361E-06
  0.232500E+03  0.157585E-06 -0.137470E-05 -0.536251E-06
  0.232800E+03  0.241428E-06 -0.141141E-05 -0.505001E-06
  0.233100E+03  0.324621E-06 -0.144193E-05 -0.467060E-06
  0.233400E+03  0.405932E-06 -0.146641E-05 -0.422885E-06
  0.233700E+03  0.484142E-06 -0.148495E-05 -0.372949E-06
  0.234000E+03  0.558045E-06 -0.149759E-05 -0.317760E-06
  0.234300E+03  0.626449E-06 -0.150424E-05 -0.257897E-06
  0.234600E+03  0.688180E-06 -0.150478E-05 -0.194038E-06
  0.234900E+03  0.742090E-06 -0.149903E-05 -0.126987E-06
  0.235200E+03  0.787067E-06 -0.148681E-05 -0.576865E-07
  0.235500E+03  0.822045E-06 -0.146799E-05  0.127919E-07
  0.235800E+03  0.846024E-06 -0.144244E-05  0.832732E-07
  0.236100E+03  0.858090E-06 -0.141009E-05  0.152521E-06
  0.236400E+03  0.857462E-06 -0.137093E-05  0.219289E-06
  0.236700E+03  0.843537E-06 -0.132494E-05  0.282374E-06
  0.237000E+03  0.815942E-06 -0.127214E-05  0.340668E-06
  0.237300E+03  0.774588E-06 -0.121256E-05  0.393201E-06
  0.237600E+03  0.719700E-06 -0.114621E-05  0.439174E-06
  0.237900E+03  0.651834E-06 -0.107307E-05  0.477982E-06
  0.238200E+03  0.571857E-06 -0.993136E-06  0.509220E-06
  0.238500E+03  0.480905E-06 -0.906393E-06  0.532675E-06
  0.238800E+03  0.380330E-06 -0.812881E-06  0.548307E-06
  0.239100E+03  0.271631E-06 -0.712715E-06  0.556228E-06
  0.239400E+03  0.156394E-06 -0.606138E-06  0.556672E-06
  0.239700E+03  0.362435E-07 -0.493556E-06  0.549967E-06
  0.240000E+03 -0.872088E-07 -0.375568E-06  0.536513E-06
  0.240300E+03 -0.212394E-06 -0.252966E-06  0.516768E-06
  0.240600E+03 -0.337812E-06 -0.126719E-06  0.491230E-06
  0.240900E+03 -0.462055E-06  0.207891E-08  0.460439E-06
  0.241200E+03 -0.583817E-06  0.132256E-06  0.424976E-06
  0.241500E+03 -0.701912E-06  0.262629E-06  0.385467E-06
  0.241800E+03 -0.815275E-06  0.392052E-06  0.342597E-06
  0.242100E+03 -0.922957E-06  0.519463E-06  0.297106E-06
  0.242400E+03 -0.102410E-05  0.643904E-06  0.249789E-06
  0.242700E+03 -0.111792E-05  0.764532E-06  0.201476E-06
  0.243000E+03 -0.120366E-05  0.880594E-06  0.153003E-06
  0.243300E+03 -0.128059E-05  0.991412E-06  0.105181E-06
  0.243600E+03 -0.134802E-05  0.109634E-05  0.587663E-07
  0.243900E+03 -0.140526E-05  0.119477E-05  0.144449E-07
  0.244200E+03 -0.145172E-05  0.128605E-05 -0.271774E-07
  0.244500E+03 -0.148690E-05  0.136955E-05 -0.655765E-07
  0.244800E+03 -0.151042E-05  0.144458E-05 -0.100314E-06
  0.245100E+03 -0.152204E-05  0.151043E-05 -0.131042E-06
  0.245400E+03 -0.152167E-05  0.156636E-05 -0.157504E-06
  0.245700E+03 -0.150931E-05  0.161165E-05 -0.179534E-06
  0.246000E+03 -0.148510E-05  0.164555E-05 -0.197044E-06
  0.246300E+03 -0.144922E-05  0.166738E-05 -0.210013E-06
  0.246600E+03 -0.140192E-05  0.167649E-05 -0.218475E-06
  0.246900E+03 -0.134353E-05  0.167233E-05 -0.222515E-06
  0.247200E+03 -0.127443E-05  0.165449E-05 -0.222262E-06
  0.247500E+03 -0.119507E-05  0.162271E-05 -0.217900E-06
  0.247800E+03 -0.110602E-05  0.157693E-05 -0.209665E-06
  0.248100E+03 -0.100793E-05  0.151732E-05 -0.197857E-06
  0.248400E+03 -0.901571E-06  0.144429E-05 -0.182840E-06
  0.248700E+03 -0.787790E-06  0.135851E-05 -0.165042E-06
  0.249000E+03 -0.667536E-06  0.126083E-05 -0.144949E-06
  0.249300E+03 -0.541830E-06  0.115234E-05 -0.123095E-06
  0.249600E+03 -0.411756E-06  0.103427E-05 -0.100046E-06
  0.249900E+03 -0.278445E-06  0.908008E-06 -0.763867E-07
  0.250200E+03 -0.143063E-06  0.775003E-06 -0.527067E-07
  0.250500E+03 -0.678952E-08  0.636773E-06 -0.295820E-07
  0.250800E+03  0.129206E-06  0.494861E-06 -0.756124E-08
  0.251100E+03  0.263787E-06  0.350807E-06  0.128520E-07
  0.251400E+03  0.395868E-06  0.206134E-06  0.312157E-07
  0.251700E+03  0.524427E-06  0.623284E-07  0.471649E-07
  0.252000E+03  0.648513E-06 -0.791734E-07  0.604227E-07
  0.252300E+03  0.767241E-06 -0.216997E-06  0.708065E-07
  0.252600E+03  0.879781E-06 -0.349847E-06  0.782278E-07
  0.252900E+03  0.985358E-06 -0.476517E-06  0.826884E-07
  0.253200E+03  0.108323E-05 -0.595909E-06  0.842731E-07
  0.253500E+03  0.117270E-05 -0.707051E-06  0.831385E-07
  0.253800E+03  0.125309E-05 -0.809111E-06  0.794967E-07
  0.254100E+03  0.132376E-05 -0.901419E-06  0.735927E-07
  0.254400E+03  0.138412E-05 -0.983470E-06  0.656766E-07
  0.254700E+03  0.143365E-05 -0.105492E-05  0.559729E-07
  0.255000E+03  0.147190E-05 -0.111556E-05  0.446525E-07
  0.255300E+03  0.149851E-05 -0.116528E-05  0.318142E-07
  0.255600E+03  0.151326E-05 -0.120405E-05  0.174824E-07
  0.255900E+03  0.151606E-05 -0.123184E-05  0.162186E-08
  0.256200E+03  0.150701E-05 -0.124867E-05 -0.158308E-07
  0.256500E+03  0.148636E-05 -0.125452E-05 -0.349265E-07
  0.256800E+03  0.145455E-05 -0.124940E-05 -0.556619E-07
  0.257100E+03  0.141220E-05 -0.123334E-05 -0.779448E-07
  0.257400E+03  0.136004E-05 -0.120642E-05 -0.101575E-06
  0.257700E+03  0.129894E-05 -0.116883E-05 -0.126241E-06
  0.258000E+03  0.122979E-05 -0.112090E-05 -0.151530E-06
  0.258300E+03  0.115352E-05 -0.106313E-05 -0.176947E-06
  0.258600E+03  0.107096E-05 -0.996261E-06 -0.201931E-06
  0.258900E+03  0.982921E-06 -0.921239E-06 -0.225872E-06
  0.259200E+03  0.890071E-06 -0.839252E-06 -0.248125E-06
  0.259500E+03  0.793004E-06 -0.751688E-06 -0.268035E-06
  0.259800E+03  0.692225E-06 -0.660072E-06 -0.284969E-06
  0.260100E+03  0.588175E-06 -0.565992E-06 -0.298355E-06
  0.260400E+03  0.481264E-06 -0.471012E-06 -0.307738E-06
  0.260700E+03  0.371908E-06 -0.376589E-06 -0.312814E-06
  0.261000E+03  0.260571E-06 -0.284015E-06 -0.313457E-06
  0.261300E+03  0.147805E-06 -0.194373E-06 -0.309725E-06
  0.261600E+03  0.342684E-07 -0.108531E-06 -0.301832E-06
  0.261900E+03 -0.792588E-07 -0.271543E-07 -0.290111E-06
  0.262200E+03 -0.191893E-06  0.492619E-07 -0.274965E-06
  0.262500E+03 -0.302673E-06  0.120342E-06 -0.256818E-06
  0.262800E+03 -0.410601E-06  0.185785E-06 -0.236079E-06
  0.263100E+03 -0.514685E-06  0.245333E-06 -0.213114E-06
  0.263400E+03 -0.613976E-06  0.298749E-06 -0.188226E-06
  0.263700E+03 -0.707602E-06  0.345824E-06 -0.161652E-06
  0.264000E+03 -0.794773E-06  0.386394E-06 -0.133563E-06
  0.264300E+03 -0.874786E-06  0.420369E-06 -0.104072E-06
  0.264600E+03 -0.947004E-06  0.447753E-06 -0.732453E-07
  0.264900E+03 -0.101085E-05  0.468661E-06 -0.411214E-07
  0.265200E+03 -0.106581E-05  0.483314E-06 -0.772856E-08
  0.265500E+03 -0.111140E-05  0.492031E-06  0.268875E-07
  0.265800E+03 -0.114721E-05  0.495205E-06  0.626357E-07
  0.266100E+03 -0.117289E-05  0.493271E-06  0.993546E-07
  0.266400E+03 -0.118818E-05  0.486674E-06  0.136792E-06
  0.266700E+03 -0.119291E-05  0.475845E-06  0.174595E-06
  0.267000E+03 -0.118702E-05  0.461175E-06  0.212309E-06
  0.267300E+03 -0.117055E-05  0.443018E-06  0.249391E-06
  0.267600E+03 -0.114368E-05  0.421690E-06  0.285247E-06
  0.267900E+03 -0.110671E-05  0.397492E-06  0.319268E-06
  0.268200E+03 -0.106005E-05  0.370728E-06  0.350881E-06
  0.268500E+03 -0.100425E-05  0.341736E-06  0.379591E-06
  0.268800E+03 -0.939961E-06  0.310894E-06  0.405015E-06
  0.269100E+03 -0.867942E-06  0.278629E-06  0.426903E-06
  0.269400E+03 -0.789042E-06  0.245398E-06  0.445142E-06
  0.269700E+03 -0.704180E-06  0.211675E-06  0.459737E-06
  0.270000E+03 -0.614322E-06  0.177928E-06  0.470776E-06
  0.270300E+03 -0.520467E-06  0.144612E-06  0.478374E-06
  0.270600E+03 -0.423638E-06  0.112159E-06  0.482619E-06
  0.270900E+03 -0.324881E-06  0.809856E-07  0.483514E-06
  0.271200E+03 -0.225266E-06  0.514970E-07  0.480948E-06
  0.271500E+03 -0.125898E-06  0.240883E-07  0.474694E-06
  0.271800E+03 -0.279045E-07 -0.857002E-09  0.464427E-06
  0.272100E+03  0.675707E-07 -0.229760E-07  0.449776E-06
  0.272400E+03  0.159399E-06 -0.419418E-07  0.430385E-06
  0.272700E+03  0.246500E-06 -0.574811E-07  0.405977E-06
  0.273000E+03  0.327880E-06 -0.693924E-07  0.376399E-06
  0.273300E+03  0.402661E-06 -0.775613E-07  0.341649E-06
  0.273600E+03  0.470102E-06 -0.819716E-07  0.301883E-06
  0.273900E+03  0.529613E-06 -0.827103E-07  0.257396E-06
  0.274200E+03  0.580761E-06 -0.799638E-07  0.208598E-06
  0.274500E+03  0.623267E-06 -0.740029E-07  0.155984E-06
  0.274800E+03  0.657005E-06 -0.651559E-07  0.100109E-06
  0.275100E+03  0.681996E-06 -0.537705E-07  0.415787E-07
  0.275400E+03  0.698401E-06 -0.401727E-07 -0.189574E-07
  0.275700E+03  0.706505E-06 -0.246301E-07 -0.807955E-07
  0.276000E+03  0.706698E-06 -0.732786E-08 -0.143171E-06
  0.276300E+03  0.699444E-06  0.116370E-07 -0.205255E-06
  0.276600E+03  0.685255E-06  0.322437E-07 -0.266157E-06
  0.276900E+03  0.664658E-06  0.545218E-07 -0.324946E-06
  0.277200E+03  0.638175E-06  0.785165E-07 -0.380667E-06
  0.277500E+03  0.606302E-06  0.104250E-06 -0.432375E-06
  0.277800E+03  0.569510E-06  0.131684E-06 -0.479168E-06
  0.278100E+03  0.528243E-06  0.160685E-06 -0.520232E-06
  0.278400E+03  0.482933E-06  0.190996E-06 -0.554876E-06
  0.278700E+03  0.434021E-06  0.222224E-06 -0.582571E-06
  0.279000E+03  0.381978E-06  0.253832E-06 -0.602969E-06
  0.279300E+03  0.327320E-06  0.285149E-06 -0.615919E-06
  0.279600E+03  0.270623E-06  0.315394E-06 -0.621451E-06
  0.279900E+03  0.212522E-06  0.343708E-06 -0.619754E-06
  0.280200E+03  0.153701E-06  0.369205E-06 -0.611143E-06
  0.280500E+03  0.948785E-07  0.391022E-06 -0.596021E-06
  0.280800E+03  0.367737E-07  0.408372E-06 -0.574845E-06
  0.281100E+03 -0.199201E-07  0.420588E-06 -0.548092E-06
  0.281400E+03 -0.745667E-07  0.427157E-06 -0.516239E-06
  0.281700E+03 -0.126611E-06  0.427730E-06 -0.479744E-06
  0.282000E+03 -0.175594E-06  0.422126E-06 -0.439044E-06
  0.282300E+03 -0.221154E-06  0.410309E-06 -0.394557E-06
  0.282600E+03 -0.263014E-06  0.392372E-06 -0.346705E-06
  0.282900E+03 -0.300954E-06  0.368508E-06 -0.295931E-06
  0.283200E+03 -0.334782E-06  0.338983E-06 -0.242730E-06
  0.283500E+03 -0.364295E-06  0.304119E-06 -0.187665E-06
  0.283800E+03 -0.389254E-06  0.264270E-06 -0.131376E-06
  0.284100E+03 -0.409369E-06  0.219813E-06 -0.745715E-07
  0.284400E+03 -0.424295E-06  0.171133E-06 -0.180038E-07
  0.284700E+03 -0.433655E-06  0.118617E-06  0.375628E-07
  0.285000E+03 -0.437073E-06  0.626503E-07  0.913939E-07
  0.285300E+03 -0.434222E-06  0.361743E-08  0.142824E-06
  0.285600E+03 -0.424865E-06 -0.580933E-07  0.191287E-06
  0.285900E+03 -0.408913E-06 -0.122081E-06  0.236334E-06
  0.286200E+03 -0.386450E-06 -0.187915E-06  0.277633E-06
  0.286500E+03 -0.357759E-06 -0.255114E-06  0.314966E-06
  0.286800E+03 -0.323311E-06 -0.323127E-06  0.348205E-06
  0.287100E+03 -0.283743E-06 -0.391311E-06  0.377303E-06
  0.287400E+03 -0.239816E-06 -0.458925E-06  0.402269E-06
  0.287700E+03 -0.192374E-06 -0.525140E-06  0.423149E-06
  0.288000E+03 -0.142297E-06 -0.589059E-06  0.440013E-06
  0.288300E+03 -0.904605E-07 -0.649751E-06  0.452939E-06
  0.288600E+03 -0.376974E-07 -0.706298E-06  0.462012E-06
  0.288900E+03  0.152276E-07 -0.757835E-06  0.467319E-06
  0.289200E+03  0.676390E-07 -0.803583E-06  0.468962E-06
  0.289500E+03  0.118962E-06 -0.842867E-06  0.467062E-06
  0.289800E+03  0.168727E-06 -0.875120E-06  0.461777E-06
  0.290100E+03  0.216571E-06 -0.899871E-06  0.453310E-06
  0.290400E+03  0.262228E-06 -0.916726E-06  0.441919E-06
  0.290700E+03  0.305517E-06 -0.925347E-06  0.427915E-06
  0.291000E+03  0.346325E-06 -0.925431E-06  0.411655E-06
  0.291300E+03  0.384579E-06 -0.916697E-06  0.393514E-06
  0.291600E+03  0.420219E-06 -0.898882E-06  0.373863E-06
  0.291900E+03  0.453169E-06 -0.871755E-06  0.353027E-06
  0.292200E+03  0.483316E-06 -0.835141E-06  0.331261E-06
  0.292500E+03  0.510491E-06 -0.788952E-06  0.308724E-06
  0.292800E+03  0.534464E-06 -0.733233E-06  0.285478E-06
  0.293100E+03  0.554951E-06 -0.668201E-06  0.261493E-06
  0.293400E+03  0.571630E-06 -0.594269E-06  0.236668E-06
  0.293700E+03  0.584167E-06 -0.512067E-06  0.210860E-06
  0.294000E+03  0.592237E-06 -0.422437E-06  0.183915E-06
  0.294300E+03  0.595547E-06 -0.326415E-06  0.155692E-06
  0.294600E+03  0.593844E-06 -0.225204E-06  0.126093E-06
  0.294900E+03  0.586913E-06 -0.120125E-06  0.950798E-07
  0.295200E+03  0.574572E-06 -0.125740E-07  0.626820E-07
  0.295500E+03  0.556663E-06  0.960222E-07  0.290036E-07
  0.295800E+03  0.533049E-06  0.204243E-06 -0.578352E-08
  0.296100E+03  0.503615E-06  0.310706E-06 -0.414502E-07
  0.296400E+03  0.468276E-06  0.414091E-06 -0.777254E-07
  0.296700E+03  0.426990E-06  0.513157E-06 -0.114311E-06
  0.297000E+03  0.379780E-06  0.606764E-06 -0.150897E-06
  0.297300E+03  0.326736E-06  0.693878E-06 -0.187173E-06
  0.297600E+03  0.268031E-06  0.773581E-06 -0.222836E-06
  0.297900E+03  0.203916E-06  0.845065E-06 -0.257600E-06
  0.298200E+03  0.134716E-06  0.907621E-06 -0.291194E-06
  0.298500E+03  0.608237E-07  0.960622E-06 -0.323356E-06
  0.298800E+03 -0.173067E-07  0.100351E-05 -0.353822E-06
  0.299100E+03 -0.991555E-07  0.103576E-05 -0.382313E-06
  0.299400E+03 -0.184132E-06  0.105694E-05 -0.408524E-06
  0.299700E+03 -0.271563E-06  0.106666E-05 -0.432119E-06
  0.300000E+03 -0.360688E-06  0.106462E-05 -0.452741E-06
  0.300300E+03 -0.450648E-06  0.105066E-05 -0.470029E-06
  0.300600E+03 -0.540494E-06  0.102478E-05 -0.483642E-06
  0.300900E+03 -0.629189E-06  0.987145E-06 -0.493286E-06
  0.301200E+03 -0.715627E-06  0.938124E-06 -0.498733E-06
  0.301500E+03 -0.798640E-06  0.878278E-06 -0.499826E-06
  0.301800E+03 -0.877027E-06  0.808350E-06 -0.496487E-06
  0.302100E+03 -0.949570E-06  0.729248E-06 -0.488699E-06
  0.302400E+03 -0.101506E-05  0.642009E-06 -0.476507E-06
  0.302700E+03 -0.107233E-05  0.547767E-06 -0.460003E-06
  0.303000E+03 -0.112025E-05  0.447723E-06 -0.439329E-06
  0.303300E+03 -0.115781E-05  0.343112E-06 -0.414673E-06
  0.303600E+03 -0.118406E-05  0.235183E-06 -0.386272E-06
  0.303900E+03 -0.119820E-05  0.125179E-06 -0.354409E-06
  0.304200E+03 -0.119956E-05  0.143263E-07 -0.319410E-06
  0.304500E+03 -0.118764E-05 -0.961687E-07 -0.281639E-06
  0.304800E+03 -0.116209E-05 -0.205123E-06 -0.241494E-06
  0.305100E+03 -0.112279E-05 -0.311377E-06 -0.199399E-06
  0.305400E+03 -0.106981E-05 -0.413794E-06 -0.155800E-06
  0.305700E+03 -0.100347E-05 -0.511261E-06 -0.111154E-06
  0.306000E+03 -0.924286E-06 -0.602684E-06 -0.659277E-07
  0.306300E+03 -0.833034E-06 -0.686992E-06 -0.205897E-07
  0.306600E+03 -0.730679E-06 -0.763140E-06  0.243916E-07
  0.306900E+03 -0.618372E-06 -0.830120E-06  0.685492E-07
