  0.00000E+00 -0.55735E-11 -0.63517E-11 -0.95404E-12
  0.30000E+00 -0.43435E-10 -0.49609E-10 -0.74042E-11
  0.60000E+00 -0.17367E-09 -0.19901E-09 -0.29465E-10
  0.90000E+00 -0.48762E-09 -0.56098E-09 -0.82297E-10
  0.12000E+01 -0.10990E-08 -0.12702E-08 -0.18445E-09
  0.15000E+01 -0.21352E-08 -0.24802E-08 -0.35627E-09
  0.18000E+01 -0.37291E-08 -0.43546E-08 -0.61830E-09
  0.21000E+01 -0.60101E-08 -0.70578E-08 -0.98993E-09
  0.24000E+01 -0.90973E-08 -0.10747E-07 -0.14881E-08
  0.27000E+01 -0.13094E-07 -0.15563E-07 -0.21260E-08
  0.30000E+01 -0.18079E-07 -0.21625E-07 -0.29123E-08
  0.33000E+01 -0.24100E-07 -0.29023E-07 -0.38502E-08
  0.36000E+01 -0.31178E-07 -0.37811E-07 -0.49373E-08
  0.39000E+01 -0.39297E-07 -0.48007E-07 -0.61643E-08
  0.42000E+01 -0.48399E-07 -0.59583E-07 -0.75161E-08
  0.45000E+01 -0.58393E-07 -0.72470E-07 -0.89706E-08
  0.48000E+01 -0.69147E-07 -0.86553E-07 -0.10499E-07
  0.51000E+01 -0.80492E-07 -0.10167E-06 -0.12070E-07
  0.54000E+01 -0.92228E-07 -0.11762E-06 -0.13641E-07
  0.57000E+01 -0.10412E-06 -0.13414E-06 -0.15169E-07
  0.60000E+01 -0.11590E-06 -0.15098E-06 -0.16607E-07
  0.63000E+01 -0.12728E-06 -0.16779E-06 -0.17905E-07
  0.66000E+01 -0.13797E-06 -0.18424E-06 -0.19011E-07
  0.69000E+01 -0.14764E-06 -0.19995E-06 -0.19871E-07
  0.72000E+01 -0.15598E-06 -0.21455E-06 -0.20435E-07
  0.75000E+01 -0.16265E-06 -0.22762E-06 -0.20651E-07
  0.78000E+01 -0.16735E-06 -0.23878E-06 -0.20473E-07
  0.81000E+01 -0.16977E-06 -0.24765E-06 -0.19857E-07
  0.84000E+01 -0.16963E-06 -0.25382E-06 -0.18765E-07
  0.87000E+01 -0.16669E-06 -0.25695E-06 -0.17166E-07
  0.90000E+01 -0.16071E-06 -0.25670E-06 -0.15033E-07
  0.93000E+01 -0.15151E-06 -0.25279E-06 -0.12352E-07
  0.96000E+01 -0.13895E-06 -0.24494E-06 -0.91132E-08
  0.99000E+01 -0.12293E-06 -0.23296E-06 -0.52897E-08
  0.10200E+02 -0.10325E-06 -0.21675E-06 -0.69530E-09
  0.10500E+02 -0.79377E-07 -0.19636E-06  0.52454E-08
  0.10800E+02 -0.50099E-07 -0.17218E-06  0.13619E-07
  0.11100E+02 -0.13194E-07 -0.14500E-06  0.26048E-07
  0.11400E+02  0.35085E-07 -0.11615E-06  0.44985E-07
  0.11700E+02  0.10086E-06 -0.87735E-07  0.74277E-07
  0.12000E+02  0.19324E-06 -0.62702E-07  0.11894E-06
  0.12300E+02  0.32413E-06 -0.44728E-07  0.18378E-06
  0.12600E+02  0.50721E-06 -0.37835E-07  0.27236E-06
  0.12900E+02  0.75664E-06 -0.45955E-07  0.38660E-06
  0.13200E+02  0.10856E-05 -0.72539E-07  0.52603E-06
  0.13500E+02  0.15038E-05 -0.11980E-06  0.68637E-06
  0.13800E+02  0.20156E-05 -0.18821E-06  0.85897E-06
  0.14100E+02  0.26176E-05 -0.27598E-06  0.10315E-05
  0.14400E+02  0.32980E-05 -0.37895E-06  0.11889E-05
  0.14700E+02  0.40364E-05 -0.49064E-06  0.13148E-05
  0.15000E+02  0.48046E-05 -0.60279E-06  0.13933E-05
  0.15300E+02  0.55697E-05 -0.70616E-06  0.14116E-05
  0.15600E+02  0.62970E-05 -0.79150E-06  0.13606E-05
  0.15900E+02  0.69538E-05 -0.85070E-06  0.12363E-05
  0.16200E+02  0.75124E-05 -0.87750E-06  0.10395E-05
  0.16500E+02  0.79521E-05 -0.86806E-06  0.77444E-06
  0.16800E+02  0.82607E-05 -0.82107E-06  0.44613E-06
  0.17100E+02  0.84345E-05 -0.73762E-06  0.58292E-07
  0.17400E+02  0.84762E-05 -0.61985E-06 -0.38878E-06
  0.17700E+02  0.83889E-05 -0.46841E-06 -0.89747E-06
  0.18000E+02  0.81727E-05 -0.28130E-06 -0.14699E-05
  0.18300E+02  0.78245E-05 -0.54918E-07 -0.21048E-05
  0.18600E+02  0.73424E-05  0.21402E-06 -0.27962E-05
  0.18900E+02  0.67267E-05  0.52702E-06 -0.35334E-05
  0.19200E+02  0.59805E-05  0.88148E-06 -0.43009E-05
  0.19500E+02  0.51128E-05  0.12683E-05 -0.50763E-05
  0.19800E+02  0.41367E-05  0.16721E-05 -0.58307E-05
  0.20100E+02  0.30672E-05  0.20725E-05 -0.65311E-05
  0.20400E+02  0.19164E-05  0.24466E-05 -0.71435E-05
  0.20700E+02  0.68799E-06  0.27706E-05 -0.76382E-05
  0.21000E+02 -0.62561E-06  0.30201E-05 -0.79922E-05
  0.21300E+02 -0.20400E-05  0.31725E-05 -0.81885E-05
  0.21600E+02 -0.35742E-05  0.32102E-05 -0.82145E-05
  0.21900E+02 -0.52442E-05  0.31224E-05 -0.80612E-05
  0.22200E+02 -0.70543E-05  0.29034E-05 -0.77260E-05
  0.22500E+02 -0.89933E-05  0.25529E-05 -0.72177E-05
  0.22800E+02 -0.11035E-04  0.20794E-05 -0.65575E-05
  0.23100E+02 -0.13140E-04  0.15019E-05 -0.57719E-05
  0.23400E+02 -0.15256E-04  0.84834E-06 -0.48829E-05
  0.23700E+02 -0.17319E-04  0.14987E-06 -0.39004E-05
  0.24000E+02 -0.19263E-04 -0.56051E-06 -0.28216E-05
  0.24300E+02 -0.21029E-04 -0.12474E-05 -0.16330E-05
  0.24600E+02 -0.22578E-04 -0.18771E-05 -0.31428E-06
  0.24900E+02 -0.23890E-04 -0.24231E-05  0.11499E-05
  0.25200E+02 -0.24964E-04 -0.28687E-05  0.27564E-05
  0.25500E+02 -0.25815E-04 -0.32060E-05  0.44814E-05
  0.25800E+02 -0.26459E-04 -0.34383E-05  0.62876E-05
  0.26100E+02 -0.26898E-04 -0.35800E-05  0.81316E-05
  0.26400E+02 -0.27119E-04 -0.36505E-05  0.99687E-05
  0.26700E+02 -0.27096E-04 -0.36657E-05  0.11762E-04
  0.27000E+02 -0.26802E-04 -0.36320E-05  0.13490E-04
  0.27300E+02 -0.26223E-04 -0.35424E-05  0.15144E-04
  0.27600E+02 -0.25355E-04 -0.33753E-05  0.16715E-04
  0.27900E+02 -0.24210E-04 -0.31017E-05  0.18189E-04
  0.28200E+02 -0.22806E-04 -0.26940E-05  0.19535E-04
  0.28500E+02 -0.21158E-04 -0.21361E-05  0.20713E-04
  0.28800E+02 -0.19275E-04 -0.14301E-05  0.21677E-04
  0.29100E+02 -0.17157E-04 -0.59766E-06  0.22392E-04
  0.29400E+02 -0.14808E-04  0.32511E-06  0.22839E-04
  0.29700E+02 -0.12244E-04  0.12981E-05  0.23016E-04
  0.30000E+02 -0.94924E-05  0.22860E-05  0.22926E-04
  0.30300E+02 -0.65901E-05  0.32660E-05  0.22567E-04
  0.30600E+02 -0.35740E-05  0.42298E-05  0.21927E-04
  0.30900E+02 -0.47092E-06  0.51764E-05  0.20989E-04
  0.31200E+02  0.27051E-05  0.61101E-05  0.19739E-04
  0.31500E+02  0.59449E-05  0.70263E-05  0.18178E-04
  0.31800E+02  0.92332E-05  0.79135E-05  0.16326E-04
  0.32100E+02  0.12540E-04  0.87468E-05  0.14211E-04
  0.32400E+02  0.15825E-04  0.94968E-05  0.11857E-04
  0.32700E+02  0.19040E-04  0.10131E-04  0.92834E-05
  0.33000E+02  0.22152E-04  0.10623E-04  0.65011E-05
  0.33300E+02  0.25136E-04  0.10960E-04  0.35275E-05
  0.33600E+02  0.27980E-04  0.11140E-04  0.39288E-06
  0.33900E+02  0.30666E-04  0.11169E-04 -0.28592E-05
  0.34200E+02  0.33169E-04  0.11048E-04 -0.61835E-05
  0.34500E+02  0.35459E-04  0.10775E-04 -0.95382E-05
  0.34800E+02  0.37504E-04  0.10340E-04 -0.12895E-04
  0.35100E+02  0.39284E-04  0.97318E-05 -0.16224E-04
  0.35400E+02  0.40787E-04  0.89481E-05 -0.19490E-04
  0.35700E+02  0.42005E-04  0.79952E-05 -0.22648E-04
  0.36000E+02  0.42925E-04  0.68866E-05 -0.25649E-04
  0.36300E+02  0.43532E-04  0.56352E-05 -0.28456E-04
  0.36600E+02  0.43814E-04  0.42542E-05 -0.31037E-04
  0.36900E+02  0.43767E-04  0.27554E-05 -0.33369E-04
  0.37200E+02  0.43394E-04  0.11518E-05 -0.35423E-04
  0.37500E+02  0.42700E-04 -0.54077E-06 -0.37165E-04
  0.37800E+02  0.41686E-04 -0.23030E-05 -0.38564E-04
  0.38100E+02  0.40354E-04 -0.41134E-05 -0.39601E-04
  0.38400E+02  0.38712E-04 -0.59508E-05 -0.40266E-04
  0.38700E+02  0.36775E-04 -0.77941E-05 -0.40550E-04
  0.39000E+02  0.34559E-04 -0.96227E-05 -0.40442E-04
  0.39300E+02  0.32083E-04 -0.11415E-04 -0.39933E-04
  0.39600E+02  0.29361E-04 -0.13147E-04 -0.39024E-04
  0.39900E+02  0.26412E-04 -0.14797E-04 -0.37722E-04
  0.40200E+02  0.23263E-04 -0.16346E-04 -0.36040E-04
  0.40500E+02  0.19938E-04 -0.17773E-04 -0.33991E-04
  0.40800E+02  0.16464E-04 -0.19059E-04 -0.31589E-04
  0.41100E+02  0.12866E-04 -0.20189E-04 -0.28856E-04
  0.41400E+02  0.91715E-05 -0.21143E-04 -0.25819E-04
  0.41700E+02  0.54094E-05 -0.21910E-04 -0.22507E-04
  0.42000E+02  0.16093E-05 -0.22478E-04 -0.18952E-04
  0.42300E+02 -0.22001E-05 -0.22839E-04 -0.15186E-04
  0.42600E+02 -0.59902E-05 -0.22982E-04 -0.11247E-04
  0.42900E+02 -0.97324E-05 -0.22907E-04 -0.71726E-05
  0.43200E+02 -0.13399E-04 -0.22610E-04 -0.30035E-05
  0.43500E+02 -0.16962E-04 -0.22089E-04  0.12188E-05
  0.43800E+02 -0.20396E-04 -0.21348E-04  0.54544E-05
  0.44100E+02 -0.23676E-04 -0.20392E-04  0.96605E-05
  0.44400E+02 -0.26780E-04 -0.19229E-04  0.13798E-04
  0.44700E+02 -0.29684E-04 -0.17866E-04  0.17826E-04
  0.45000E+02 -0.32370E-04 -0.16318E-04  0.21704E-04
  0.45300E+02 -0.34819E-04 -0.14594E-04  0.25398E-04
  0.45600E+02 -0.37017E-04 -0.12714E-04  0.28870E-04
  0.45900E+02 -0.38949E-04 -0.10695E-04  0.32089E-04
  0.46200E+02 -0.40605E-04 -0.85524E-05  0.35025E-04
  0.46500E+02 -0.41976E-04 -0.63093E-05  0.37651E-04
  0.46800E+02 -0.43054E-04 -0.39858E-05  0.39943E-04
  0.47100E+02 -0.43837E-04 -0.16041E-05  0.41881E-04
  0.47400E+02 -0.44322E-04  0.81337E-06  0.43450E-04
  0.47700E+02 -0.44510E-04  0.32437E-05  0.44636E-04
  0.48000E+02 -0.44405E-04  0.56639E-05  0.45434E-04
  0.48300E+02 -0.44012E-04  0.80512E-05  0.45835E-04
  0.48600E+02 -0.43338E-04  0.10383E-04  0.45841E-04
  0.48900E+02 -0.42393E-04  0.12638E-04  0.45454E-04
  0.49200E+02 -0.41188E-04  0.14794E-04  0.44684E-04
  0.49500E+02 -0.39737E-04  0.16832E-04  0.43540E-04
  0.49800E+02 -0.38055E-04  0.18735E-04  0.42037E-04
  0.50100E+02 -0.36158E-04  0.20483E-04  0.40193E-04
  0.50400E+02 -0.34065E-04  0.22061E-04  0.38028E-04
  0.50700E+02 -0.31793E-04  0.23458E-04  0.35568E-04
  0.51000E+02 -0.29363E-04  0.24659E-04  0.32838E-04
  0.51300E+02 -0.26796E-04  0.25655E-04  0.29867E-04
  0.51600E+02 -0.24112E-04  0.26440E-04  0.26685E-04
  0.51900E+02 -0.21334E-04  0.27007E-04  0.23326E-04
  0.52200E+02 -0.18483E-04  0.27352E-04  0.19821E-04
  0.52500E+02 -0.15580E-04  0.27474E-04  0.16206E-04
  0.52800E+02 -0.12648E-04  0.27375E-04  0.12514E-04
  0.53100E+02 -0.97066E-05  0.27057E-04  0.87818E-05
  0.53400E+02 -0.67773E-05  0.26525E-04  0.50421E-05
  0.53700E+02 -0.38799E-05  0.25786E-04  0.13293E-05
  0.54000E+02 -0.10334E-05  0.24850E-04 -0.23234E-05
  0.54300E+02  0.17444E-05  0.23726E-04 -0.58838E-05
  0.54600E+02  0.44362E-05  0.22426E-04 -0.93237E-05
  0.54900E+02  0.70264E-05  0.20966E-04 -0.12614E-04
  0.55200E+02  0.95008E-05  0.19359E-04 -0.15727E-04
  0.55500E+02  0.11846E-04  0.17622E-04 -0.18640E-04
  0.55800E+02  0.14051E-04  0.15772E-04 -0.21332E-04
  0.56100E+02  0.16105E-04  0.13826E-04 -0.23785E-04
  0.56400E+02  0.18000E-04  0.11804E-04 -0.25981E-04
  0.56700E+02  0.19729E-04  0.97240E-05 -0.27908E-04
  0.57000E+02  0.21286E-04  0.76045E-05 -0.29555E-04
  0.57300E+02  0.22667E-04  0.54645E-05 -0.30918E-04
  0.57600E+02  0.23870E-04  0.33230E-05 -0.31989E-04
  0.57900E+02  0.24895E-04  0.11981E-05 -0.32768E-04
  0.58200E+02  0.25741E-04 -0.89255E-06 -0.33258E-04
  0.58500E+02  0.26410E-04 -0.29318E-05 -0.33462E-04
  0.58800E+02  0.26905E-04 -0.49036E-05 -0.33388E-04
  0.59100E+02  0.27231E-04 -0.67929E-05 -0.33044E-04
  0.59400E+02  0.27393E-04 -0.85857E-05 -0.32444E-04
  0.59700E+02  0.27397E-04 -0.10269E-04 -0.31600E-04
  0.60000E+02  0.27251E-04 -0.11833E-04 -0.30530E-04
  0.60300E+02  0.26963E-04 -0.13265E-04 -0.29250E-04
  0.60600E+02  0.26541E-04 -0.14559E-04 -0.27779E-04
  0.60900E+02  0.25995E-04 -0.15707E-04 -0.26139E-04
  0.61200E+02  0.25334E-04 -0.16704E-04 -0.24351E-04
  0.61500E+02  0.24570E-04 -0.17546E-04 -0.22435E-04
  0.61800E+02  0.23711E-04 -0.18231E-04 -0.20416E-04
  0.62100E+02  0.22768E-04 -0.18758E-04 -0.18316E-04
  0.62400E+02  0.21753E-04 -0.19128E-04 -0.16157E-04
  0.62700E+02  0.20675E-04 -0.19345E-04 -0.13962E-04
  0.63000E+02  0.19546E-04 -0.19410E-04 -0.11753E-04
  0.63300E+02  0.18374E-04 -0.19328E-04 -0.95514E-05
  0.63600E+02  0.17169E-04 -0.19107E-04 -0.73771E-05
  0.63900E+02  0.15941E-04 -0.18753E-04 -0.52495E-05
  0.64200E+02  0.14699E-04 -0.18274E-04 -0.31864E-05
  0.64500E+02  0.13451E-04 -0.17681E-04 -0.12046E-05
  0.64800E+02  0.12204E-04 -0.16982E-04  0.68116E-06
  0.65100E+02  0.10966E-04 -0.16187E-04  0.24574E-05
  0.65400E+02  0.97440E-05 -0.15309E-04  0.41124E-05
  0.65700E+02  0.85429E-05 -0.14357E-04  0.56365E-05
  0.66000E+02  0.73680E-05 -0.13344E-04  0.70216E-05
  0.66300E+02  0.62243E-05 -0.12282E-04  0.82615E-05
  0.66600E+02  0.51153E-05 -0.11181E-04  0.93520E-05
  0.66900E+02  0.40443E-05 -0.10053E-04  0.10290E-04
  0.67200E+02  0.30141E-05 -0.89094E-05  0.11076E-04
  0.67500E+02  0.20264E-05 -0.77613E-05  0.11710E-04
  0.67800E+02  0.10827E-05 -0.66188E-05  0.12195E-04
  0.68100E+02  0.18405E-06 -0.54915E-05  0.12535E-04
  0.68400E+02 -0.66928E-06 -0.43889E-05  0.12735E-04
  0.68700E+02 -0.14775E-05 -0.33192E-05  0.12803E-04
  0.69000E+02 -0.22409E-05 -0.22902E-05  0.12746E-04
  0.69300E+02 -0.29604E-05 -0.13087E-05  0.12573E-04
  0.69600E+02 -0.36372E-05 -0.38071E-06  0.12294E-04
  0.69900E+02 -0.42727E-05  0.48866E-06  0.11921E-04
  0.70200E+02 -0.48684E-05  0.12952E-05  0.11463E-04
  0.70500E+02 -0.54262E-05  0.20355E-05  0.10933E-04
  0.70800E+02 -0.59479E-05  0.27073E-05  0.10342E-04
  0.71100E+02 -0.64356E-05  0.33090E-05  0.97030E-05
  0.71400E+02 -0.68910E-05  0.38400E-05  0.90269E-05
  0.71700E+02 -0.73162E-05  0.43005E-05  0.83256E-05
  0.72000E+02 -0.77130E-05  0.46913E-05  0.76104E-05
  0.72300E+02 -0.80833E-05  0.50142E-05  0.68923E-05
  0.72600E+02 -0.84285E-05  0.52715E-05  0.61814E-05
  0.72900E+02 -0.87502E-05  0.54662E-05  0.54875E-05
  0.73200E+02 -0.90499E-05  0.56019E-05  0.48193E-05
  0.73500E+02 -0.93283E-05  0.56826E-05  0.41849E-05
  0.73800E+02 -0.95865E-05  0.57125E-05  0.35913E-05
  0.74100E+02 -0.98253E-05  0.56966E-05  0.30445E-05
  0.74400E+02 -0.10045E-04  0.56398E-05  0.25498E-05
  0.74700E+02 -0.10246E-04  0.55471E-05  0.21112E-05
  0.75000E+02 -0.10428E-04  0.54239E-05  0.17316E-05
  0.75300E+02 -0.10590E-04  0.52756E-05  0.14130E-05
  0.75600E+02 -0.10734E-04  0.51073E-05  0.11564E-05
  0.75900E+02 -0.10857E-04  0.49242E-05  0.96178E-06
  0.76200E+02 -0.10960E-04  0.47312E-05  0.82806E-06
  0.76500E+02 -0.11041E-04  0.45330E-05  0.75334E-06
  0.76800E+02 -0.11099E-04  0.43341E-05  0.73487E-06
  0.77100E+02 -0.11134E-04  0.41387E-05  0.76911E-06
  0.77400E+02 -0.11144E-04  0.39503E-05  0.85179E-06
  0.77700E+02 -0.11128E-04  0.37724E-05  0.97818E-06
  0.78000E+02 -0.11085E-04  0.36078E-05  0.11427E-05
  0.78300E+02 -0.11013E-04  0.34590E-05  0.13397E-05
  0.78600E+02 -0.10913E-04  0.33278E-05  0.15629E-05
  0.78900E+02 -0.10781E-04  0.32158E-05  0.18060E-05
  0.79200E+02 -0.10619E-04  0.31239E-05  0.20624E-05
  0.79500E+02 -0.10425E-04  0.30527E-05  0.23254E-05
  0.79800E+02 -0.10197E-04  0.30022E-05  0.25886E-05
  0.80100E+02 -0.99372E-05  0.29721E-05  0.28455E-05
  0.80400E+02 -0.96436E-05  0.29614E-05  0.30900E-05
  0.80700E+02 -0.93168E-05  0.29690E-05  0.33159E-05
  0.81000E+02 -0.89569E-05  0.29934E-05  0.35178E-05
  0.81300E+02 -0.85643E-05  0.30326E-05  0.36907E-05
  0.81600E+02 -0.81398E-05  0.30844E-05  0.38300E-05
  0.81900E+02 -0.76842E-05  0.31465E-05  0.39315E-05
  0.82200E+02 -0.71989E-05  0.32161E-05  0.39919E-05
  0.82500E+02 -0.66853E-05  0.32906E-05  0.40082E-05
  0.82800E+02 -0.61449E-05  0.33670E-05  0.39784E-05
  0.83100E+02 -0.55798E-05  0.34424E-05  0.39009E-05
  0.83400E+02 -0.49922E-05  0.35140E-05  0.37750E-05
  0.83700E+02 -0.43844E-05  0.35785E-05  0.36006E-05
  0.84000E+02 -0.37588E-05  0.36334E-05  0.33781E-05
  0.84300E+02 -0.31184E-05  0.36758E-05  0.31087E-05
  0.84600E+02 -0.24660E-05  0.37032E-05  0.27943E-05
  0.84900E+02 -0.18046E-05  0.37133E-05  0.24374E-05
  0.85200E+02 -0.11373E-05  0.37038E-05  0.20409E-05
  0.85500E+02 -0.46731E-06  0.36728E-05  0.16084E-05
  0.85800E+02  0.20208E-06  0.36188E-05  0.11436E-05
  0.86100E+02  0.86750E-06  0.35404E-05  0.65102E-06
  0.86400E+02  0.15257E-05  0.34368E-05  0.13526E-06
  0.86700E+02  0.21734E-05  0.33070E-05 -0.39848E-06
  0.87000E+02  0.28074E-05  0.31509E-05 -0.94524E-06
  0.87300E+02  0.34245E-05  0.29685E-05 -0.14997E-05
  0.87600E+02  0.40216E-05  0.27602E-05 -0.20561E-05
  0.87900E+02  0.45959E-05  0.25266E-05 -0.26094E-05
  0.88200E+02  0.51446E-05  0.22686E-05 -0.31540E-05
  0.88500E+02  0.56650E-05  0.19877E-05 -0.36846E-05
  0.88800E+02  0.61547E-05  0.16856E-05 -0.41961E-05
  0.89100E+02  0.66117E-05  0.13639E-05 -0.46836E-05
  0.89400E+02  0.70338E-05  0.10251E-05 -0.51424E-05
  0.89700E+02  0.74193E-05  0.67130E-06 -0.55683E-05
  0.90000E+02  0.77668E-05  0.30506E-06 -0.59575E-05
  0.90300E+02  0.80750E-05 -0.70690E-07 -0.63062E-05
  0.90600E+02  0.83429E-05 -0.45338E-06 -0.66116E-05
  0.90900E+02  0.85698E-05 -0.83978E-06 -0.68709E-05
  0.91200E+02  0.87553E-05 -0.12271E-05 -0.70821E-05
  0.91500E+02  0.88991E-05 -0.16122E-05 -0.72436E-05
  0.91800E+02  0.90015E-05 -0.19921E-05 -0.73543E-05
  0.92100E+02  0.90626E-05 -0.23636E-05 -0.74136E-05
  0.92400E+02  0.90831E-05 -0.27240E-05 -0.74215E-05
  0.92700E+02  0.90638E-05 -0.30704E-05 -0.73783E-05
  0.93000E+02  0.90057E-05 -0.34001E-05 -0.72852E-05
  0.93300E+02  0.89100E-05 -0.37105E-05 -0.71434E-05
  0.93600E+02  0.87783E-05 -0.39993E-05 -0.69548E-05
  0.93900E+02  0.86122E-05 -0.42643E-05 -0.67217E-05
  0.94200E+02  0.84132E-05 -0.45036E-05 -0.64467E-05
  0.94500E+02  0.81836E-05 -0.47155E-05 -0.61329E-05
  0.94800E+02  0.79252E-05 -0.48986E-05 -0.57835E-05
  0.95100E+02  0.76403E-05 -0.50518E-05 -0.54021E-05
  0.95400E+02  0.73310E-05 -0.51739E-05 -0.49925E-05
  0.95700E+02  0.69997E-05 -0.52648E-05 -0.45587E-05
  0.96000E+02  0.66485E-05 -0.53237E-05 -0.41048E-05
  0.96300E+02  0.62802E-05 -0.53508E-05 -0.36348E-05
  0.96600E+02  0.58968E-05 -0.53462E-05 -0.31532E-05
  0.96900E+02  0.55008E-05 -0.53106E-05 -0.26640E-05
  0.97200E+02  0.50944E-05 -0.52446E-05 -0.21714E-05
  0.97500E+02  0.46800E-05 -0.51492E-05 -0.16796E-05
  0.97800E+02  0.42598E-05 -0.50256E-05 -0.11923E-05
  0.98100E+02  0.38360E-05 -0.48754E-05 -0.71338E-06
  0.98400E+02  0.34106E-05 -0.47001E-05 -0.24638E-06
  0.98700E+02  0.29855E-05 -0.45015E-05  0.20535E-06
  0.99000E+02  0.25627E-05 -0.42816E-05  0.63884E-06
  0.99300E+02  0.21438E-05 -0.40424E-05  0.10513E-05
  0.99600E+02  0.17305E-05 -0.37863E-05  0.14401E-05
  0.99900E+02  0.13242E-05 -0.35154E-05  0.18033E-05
  0.10020E+03  0.92645E-06 -0.32319E-05  0.21390E-05
  0.10050E+03  0.53835E-06 -0.29385E-05  0.24457E-05
  0.10080E+03  0.16102E-06 -0.26374E-05  0.27223E-05
  0.10110E+03 -0.20450E-06 -0.23309E-05  0.29680E-05
  0.10140E+03 -0.55744E-06 -0.20214E-05  0.31824E-05
  0.10170E+03 -0.89710E-06 -0.17110E-05  0.33652E-05
  0.10200E+03 -0.12228E-05 -0.14021E-05  0.35168E-05
  0.10230E+03 -0.15340E-05 -0.10966E-05  0.36375E-05
  0.10260E+03 -0.18305E-05 -0.79663E-06  0.37281E-05
  0.10290E+03 -0.21119E-05 -0.50388E-06  0.37898E-05
  0.10320E+03 -0.23780E-05 -0.22011E-06  0.38237E-05
  0.10350E+03 -0.26287E-05  0.53135E-07  0.38313E-05
  0.10380E+03 -0.28640E-05  0.31448E-06  0.38143E-05
  0.10410E+03 -0.30840E-05  0.56271E-06  0.37746E-05
  0.10440E+03 -0.32887E-05  0.79678E-06  0.37141E-05
  0.10470E+03 -0.34785E-05  0.10158E-05  0.36349E-05
  0.10500E+03 -0.36532E-05  0.12191E-05  0.35391E-05
  0.10530E+03 -0.38133E-05  0.14063E-05  0.34289E-05
  0.10560E+03 -0.39591E-05  0.15768E-05  0.33066E-05
  0.10590E+03 -0.40907E-05  0.17306E-05  0.31743E-05
  0.10620E+03 -0.42085E-05  0.18676E-05  0.30342E-05
  0.10650E+03 -0.43127E-05  0.19881E-05  0.28884E-05
  0.10680E+03 -0.44037E-05  0.20922E-05  0.27390E-05
  0.10710E+03 -0.44817E-05  0.21804E-05  0.25878E-05
  0.10740E+03 -0.45472E-05  0.22532E-05  0.24366E-05
  0.10770E+03 -0.46001E-05  0.23113E-05  0.22872E-05
  0.10800E+03 -0.46409E-05  0.23553E-05  0.21410E-05
  0.10830E+03 -0.46699E-05  0.23862E-05  0.19993E-05
  0.10860E+03 -0.46871E-05  0.24048E-05  0.18634E-05
  0.10890E+03 -0.46927E-05  0.24121E-05  0.17341E-05
  0.10920E+03 -0.46870E-05  0.24089E-05  0.16124E-05
  0.10950E+03 -0.46702E-05  0.23964E-05  0.14987E-05
  0.10980E+03 -0.46423E-05  0.23754E-05  0.13936E-05
  0.11010E+03 -0.46035E-05  0.23471E-05  0.12973E-05
  0.11040E+03 -0.45538E-05  0.23124E-05  0.12099E-05
  0.11070E+03 -0.44935E-05  0.22722E-05  0.11312E-05
  0.11100E+03 -0.44226E-05  0.22275E-05  0.10610E-05
  0.11130E+03 -0.43413E-05  0.21792E-05  0.99889E-06
  0.11160E+03 -0.42495E-05  0.21280E-05  0.94436E-06
  0.11190E+03 -0.41475E-05  0.20748E-05  0.89674E-06
  0.11220E+03 -0.40353E-05  0.20201E-05  0.85526E-06
  0.11250E+03 -0.39132E-05  0.19647E-05  0.81909E-06
  0.11280E+03 -0.37813E-05  0.19090E-05  0.78732E-06
  0.11310E+03 -0.36397E-05  0.18535E-05  0.75895E-06
  0.11340E+03 -0.34886E-05  0.17985E-05  0.73300E-06
  0.11370E+03 -0.33285E-05  0.17443E-05  0.70845E-06
  0.11400E+03 -0.31594E-05  0.16911E-05  0.68427E-06
  0.11430E+03 -0.29818E-05  0.16391E-05  0.65945E-06
  0.11460E+03 -0.27961E-05  0.15882E-05  0.63302E-06
  0.11490E+03 -0.26026E-05  0.15385E-05  0.60407E-06
  0.11520E+03 -0.24017E-05  0.14898E-05  0.57171E-06
  0.11550E+03 -0.21942E-05  0.14420E-05  0.53519E-06
  0.11580E+03 -0.19803E-05  0.13949E-05  0.49376E-06
  0.11610E+03 -0.17607E-05  0.13482E-05  0.44685E-06
  0.11640E+03 -0.15361E-05  0.13016E-05  0.39397E-06
  0.11670E+03 -0.13073E-05  0.12549E-05  0.33462E-06
  0.11700E+03 -0.10747E-05  0.12075E-05  0.26867E-06
  0.11730E+03 -0.83936E-06  0.11593E-05  0.19591E-06
  0.11760E+03 -0.60190E-06  0.11098E-05  0.11631E-06
  0.11790E+03 -0.36321E-06  0.10587E-05  0.29900E-07
  0.11820E+03 -0.12408E-06  0.10056E-05 -0.62950E-07
  0.11850E+03  0.11461E-06  0.95011E-06 -0.16213E-06
  0.11880E+03  0.35188E-06  0.89203E-06 -0.26701E-06
  0.11910E+03  0.58693E-06  0.83104E-06 -0.37721E-06
  0.11940E+03  0.81889E-06  0.76690E-06 -0.49197E-06
  0.11970E+03  0.10468E-05  0.69943E-06 -0.61054E-06
  0.12000E+03  0.12697E-05  0.62846E-06 -0.73214E-06
  0.12030E+03  0.14868E-05  0.55391E-06 -0.85599E-06
  0.12060E+03  0.16972E-05  0.47573E-06 -0.98093E-06
  0.12090E+03  0.19000E-05  0.39396E-06 -0.11061E-05
  0.12120E+03  0.20945E-05  0.30866E-06 -0.12305E-05
  0.12150E+03  0.22798E-05  0.21997E-06 -0.13530E-05
  0.12180E+03  0.24552E-05  0.12807E-06 -0.14726E-05
  0.12210E+03  0.26201E-05  0.33236E-07 -0.15882E-05
  0.12240E+03  0.27737E-05 -0.64228E-07 -0.16988E-05
  0.12270E+03  0.29155E-05 -0.16396E-06 -0.18033E-05
  0.12300E+03  0.30450E-05 -0.26556E-06 -0.19009E-05
  0.12330E+03  0.31616E-05 -0.36855E-06 -0.19905E-05
  0.12360E+03  0.32651E-05 -0.47244E-06 -0.20713E-05
  0.12390E+03  0.33550E-05 -0.57671E-06 -0.21426E-05
  0.12420E+03  0.34311E-05 -0.68075E-06 -0.22036E-05
  0.12450E+03  0.34931E-05 -0.78402E-06 -0.22537E-05
  0.12480E+03  0.35410E-05 -0.88588E-06 -0.22924E-05
  0.12510E+03  0.35746E-05 -0.98572E-06 -0.23192E-05
  0.12540E+03  0.35941E-05 -0.10829E-05 -0.23339E-05
  0.12570E+03  0.35996E-05 -0.11768E-05 -0.23361E-05
  0.12600E+03  0.35911E-05 -0.12669E-05 -0.23259E-05
  0.12630E+03  0.35688E-05 -0.13524E-05 -0.23031E-05
  0.12660E+03  0.35332E-05 -0.14329E-05 -0.22679E-05
  0.12690E+03  0.34845E-05 -0.15077E-05 -0.22206E-05
  0.12720E+03  0.34231E-05 -0.15764E-05 -0.21613E-05
  0.12750E+03  0.33496E-05 -0.16385E-05 -0.20906E-05
  0.12780E+03  0.32643E-05 -0.16935E-05 -0.20089E-05
  0.12810E+03  0.31681E-05 -0.17410E-05 -0.19169E-05
  0.12840E+03  0.30613E-05 -0.17808E-05 -0.18151E-05
  0.12870E+03  0.29448E-05 -0.18125E-05 -0.17044E-05
  0.12900E+03  0.28191E-05 -0.18358E-05 -0.15855E-05
  0.12930E+03  0.26850E-05 -0.18507E-05 -0.14594E-05
  0.12960E+03  0.25432E-05 -0.18570E-05 -0.13269E-05
  0.12990E+03  0.23945E-05 -0.18547E-05 -0.11890E-05
  0.13020E+03  0.22397E-05 -0.18438E-05 -0.10467E-05
  0.13050E+03  0.20795E-05 -0.18243E-05 -0.90089E-06
  0.13080E+03  0.19148E-05 -0.17965E-05 -0.75272E-06
  0.13110E+03  0.17462E-05 -0.17604E-05 -0.60312E-06
  0.13140E+03  0.15747E-05 -0.17165E-05 -0.45310E-06
  0.13170E+03  0.14009E-05 -0.16649E-05 -0.30365E-06
  0.13200E+03  0.12257E-05 -0.16060E-05 -0.15572E-06
  0.13230E+03  0.10497E-05 -0.15402E-05 -0.10213E-07
  0.13260E+03  0.87374E-06 -0.14682E-05  0.13200E-06
  0.13290E+03  0.69843E-06 -0.13901E-05  0.27008E-06
  0.13320E+03  0.52444E-06 -0.13066E-05  0.40327E-06
  0.13350E+03  0.35252E-06 -0.12183E-05  0.53087E-06
  0.13380E+03  0.18311E-06 -0.11257E-05  0.65223E-06
  0.13410E+03  0.16890E-07 -0.10294E-05  0.76679E-06
  0.13440E+03 -0.14554E-06 -0.93016E-06  0.87404E-06
  0.13470E+03 -0.30382E-06 -0.82835E-06  0.97356E-06
  0.13500E+03 -0.45745E-06 -0.72471E-06  0.10650E-05
  0.13530E+03 -0.60598E-06 -0.61989E-06  0.11481E-05
  0.13560E+03 -0.74901E-06 -0.51441E-06  0.12227E-05
  0.13590E+03 -0.88624E-06 -0.40884E-06  0.12885E-05
  0.13620E+03 -0.10173E-05 -0.30392E-06  0.13457E-05
  0.13650E+03 -0.11419E-05 -0.20007E-06  0.13942E-05
  0.13680E+03 -0.12599E-05 -0.97889E-07  0.14341E-05
  0.13710E+03 -0.13711E-05  0.21480E-08  0.14655E-05
  0.13740E+03 -0.14752E-05  0.99564E-07  0.14887E-05
  0.13770E+03 -0.15721E-05  0.19391E-06  0.15039E-05
  0.13800E+03 -0.16618E-05  0.28479E-06  0.15114E-05
  0.13830E+03 -0.17441E-05  0.37183E-06  0.15116E-05
  0.13860E+03 -0.18191E-05  0.45472E-06  0.15050E-05
  0.13890E+03 -0.18867E-05  0.53316E-06  0.14918E-05
  0.13920E+03 -0.19468E-05  0.60692E-06  0.14726E-05
  0.13950E+03 -0.19996E-05  0.67579E-06  0.14478E-05
  0.13980E+03 -0.20451E-05  0.73961E-06  0.14180E-05
  0.14010E+03 -0.20834E-05  0.79826E-06  0.13836E-05
  0.14040E+03 -0.21144E-05  0.85167E-06  0.13450E-05
  0.14070E+03 -0.21384E-05  0.89979E-06  0.13029E-05
  0.14100E+03 -0.21555E-05  0.94261E-06  0.12578E-05
  0.14130E+03 -0.21657E-05  0.98017E-06  0.12099E-05
  0.14160E+03 -0.21693E-05  0.10125E-05  0.11600E-05
  0.14190E+03 -0.21663E-05  0.10398E-05  0.11082E-05
  0.14220E+03 -0.21570E-05  0.10620E-05  0.10552E-05
  0.14250E+03 -0.21414E-05  0.10794E-05  0.10013E-05
  0.14280E+03 -0.21198E-05  0.10921E-05  0.94676E-06
  0.14310E+03 -0.20924E-05  0.11004E-05  0.89201E-06
  0.14340E+03 -0.20593E-05  0.11043E-05  0.83731E-06
  0.14370E+03 -0.20208E-05  0.11041E-05  0.78292E-06
  0.14400E+03 -0.19769E-05  0.11001E-05  0.72908E-06
  0.14430E+03 -0.19280E-05  0.10925E-05  0.67596E-06
  0.14460E+03 -0.18743E-05  0.10814E-05  0.62372E-06
  0.14490E+03 -0.18159E-05  0.10673E-05  0.57250E-06
  0.14520E+03 -0.17530E-05  0.10502E-05  0.52238E-06
  0.14550E+03 -0.16859E-05  0.10304E-05  0.47342E-06
  0.14580E+03 -0.16149E-05  0.10082E-05  0.42567E-06
  0.14610E+03 -0.15400E-05  0.98372E-06  0.37911E-06
  0.14640E+03 -0.14617E-05  0.95725E-06  0.33374E-06
  0.14670E+03 -0.13800E-05  0.92898E-06  0.28953E-06
  0.14700E+03 -0.12952E-05  0.89907E-06  0.24642E-06
  0.14730E+03 -0.12077E-05  0.86775E-06  0.20434E-06
  0.14760E+03 -0.11176E-05  0.83515E-06  0.16321E-06
  0.14790E+03 -0.10252E-05  0.80144E-06  0.12295E-06
  0.14820E+03 -0.93076E-06  0.76677E-06  0.83452E-07
  0.14850E+03 -0.83455E-06  0.73124E-06  0.44633E-07
  0.14880E+03 -0.73685E-06  0.69500E-06  0.63969E-08
  0.14910E+03 -0.63793E-06  0.65812E-06 -0.31358E-07
  0.14940E+03 -0.53807E-06  0.62071E-06 -0.68698E-07
  0.14970E+03 -0.43756E-06  0.58284E-06 -0.10571E-06
  0.15000E+03 -0.33670E-06  0.54459E-06 -0.14246E-06
  0.15030E+03 -0.23577E-06  0.50599E-06 -0.17900E-06
  0.15060E+03 -0.13506E-06  0.46711E-06 -0.21536E-06
  0.15090E+03 -0.34890E-07  0.42799E-06 -0.25157E-06
  0.15120E+03  0.64465E-07  0.38867E-06 -0.28764E-06
  0.15150E+03  0.16268E-06  0.34916E-06 -0.32354E-06
  0.15180E+03  0.25948E-06  0.30951E-06 -0.35925E-06
  0.15210E+03  0.35456E-06  0.26974E-06 -0.39472E-06
  0.15240E+03  0.44767E-06  0.22987E-06 -0.42988E-06
  0.15270E+03  0.53838E-06  0.18992E-06 -0.46465E-06
  0.15300E+03  0.62659E-06  0.14994E-06 -0.49892E-06
  0.15330E+03  0.71187E-06  0.10993E-06 -0.53257E-06
  0.15360E+03  0.79404E-06  0.69950E-07 -0.56549E-06
  0.15390E+03  0.87292E-06  0.30018E-07 -0.59751E-06
  0.15420E+03  0.94802E-06 -0.98095E-08 -0.62848E-06
  0.15450E+03  0.10194E-05 -0.49481E-07 -0.65824E-06
  0.15480E+03  0.10866E-05 -0.88949E-07 -0.68661E-06
  0.15510E+03  0.11494E-05 -0.12815E-06 -0.71340E-06
  0.15540E+03  0.12078E-05 -0.16700E-06 -0.73846E-06
  0.15570E+03  0.12614E-05 -0.20544E-06 -0.76158E-06
  0.15600E+03  0.13102E-05 -0.24336E-06 -0.78260E-06
  0.15630E+03  0.13541E-05 -0.28067E-06 -0.80133E-06
  0.15660E+03  0.13929E-05 -0.31730E-06 -0.81761E-06
  0.15690E+03  0.14264E-05 -0.35312E-06 -0.83127E-06
  0.15720E+03  0.14546E-05 -0.38803E-06 -0.84217E-06
  0.15750E+03  0.14775E-05 -0.42189E-06 -0.85017E-06
  0.15780E+03  0.14949E-05 -0.45462E-06 -0.85515E-06
  0.15810E+03  0.15069E-05 -0.48605E-06 -0.85700E-06
  0.15840E+03  0.15135E-05 -0.51610E-06 -0.85563E-06
  0.15870E+03  0.15148E-05 -0.54463E-06 -0.85100E-06
  0.15900E+03  0.15107E-05 -0.57155E-06 -0.84303E-06
  0.15930E+03  0.15012E-05 -0.59668E-06 -0.83171E-06
  0.15960E+03  0.14866E-05 -0.61988E-06 -0.81704E-06
  0.15990E+03  0.14669E-05 -0.64112E-06 -0.79904E-06
  0.16020E+03  0.14423E-05 -0.66023E-06 -0.77774E-06
  0.16050E+03  0.14128E-05 -0.67714E-06 -0.75323E-06
  0.16080E+03  0.13788E-05 -0.69173E-06 -0.72558E-06
  0.16110E+03  0.13403E-05 -0.70394E-06 -0.69492E-06
  0.16140E+03  0.12975E-05 -0.71366E-06 -0.66136E-06
  0.16170E+03  0.12507E-05 -0.72085E-06 -0.62507E-06
  0.16200E+03  0.12001E-05 -0.72544E-06 -0.58621E-06
  0.16230E+03  0.11459E-05 -0.72740E-06 -0.54500E-06
  0.16260E+03  0.10885E-05 -0.72670E-06 -0.50161E-06
  0.16290E+03  0.10281E-05 -0.72332E-06 -0.45627E-06
  0.16320E+03  0.96482E-06 -0.71727E-06 -0.40923E-06
  0.16350E+03  0.89905E-06 -0.70854E-06 -0.36072E-06
  0.16380E+03  0.83110E-06 -0.69718E-06 -0.31101E-06
  0.16410E+03  0.76134E-06 -0.68322E-06 -0.26035E-06
  0.16440E+03  0.68985E-06 -0.66673E-06 -0.20900E-06
  0.16470E+03  0.61709E-06 -0.64777E-06 -0.15725E-06
  0.16500E+03  0.54338E-06 -0.62643E-06 -0.10537E-06
  0.16530E+03  0.46893E-06 -0.60280E-06 -0.53597E-07
  0.16560E+03  0.39401E-06 -0.57699E-06 -0.22250E-08
  0.16590E+03  0.31893E-06 -0.54909E-06  0.48494E-07
  0.16620E+03  0.24408E-06 -0.51935E-06  0.98308E-07
  0.16650E+03  0.16956E-06 -0.48781E-06  0.14694E-06
  0.16680E+03  0.95751E-07 -0.45466E-06  0.19425E-06
  0.16710E+03  0.22874E-07 -0.42001E-06  0.24002E-06
  0.16740E+03 -0.48798E-07 -0.38411E-06  0.28392E-06
  0.16770E+03 -0.11906E-06 -0.34706E-06  0.32574E-06
  0.16800E+03 -0.18766E-06 -0.30909E-06  0.36550E-06
  0.16830E+03 -0.25438E-06 -0.27036E-06  0.40295E-06
  0.16860E+03 -0.31903E-06 -0.23105E-06  0.43793E-06
  0.16890E+03 -0.38142E-06 -0.19136E-06  0.47024E-06
  0.16920E+03 -0.44137E-06 -0.15146E-06  0.49994E-06
  0.16950E+03 -0.49872E-06 -0.11155E-06  0.52689E-06
  0.16980E+03 -0.55331E-06 -0.71796E-07  0.55100E-06
  0.17010E+03 -0.60502E-06 -0.32381E-07  0.57226E-06
  0.17040E+03 -0.65371E-06  0.65300E-08  0.59057E-06
  0.17070E+03 -0.69928E-06  0.44759E-07  0.60601E-06
  0.17100E+03 -0.74172E-06  0.82155E-07  0.61856E-06
  0.17130E+03 -0.78080E-06  0.11857E-06  0.62823E-06
  0.17160E+03 -0.81662E-06  0.15384E-06  0.63507E-06
  0.17190E+03 -0.84896E-06  0.18787E-06  0.63915E-06
  0.17220E+03 -0.87790E-06  0.22049E-06  0.64053E-06
  0.17250E+03 -0.90346E-06  0.25163E-06  0.63930E-06
  0.17280E+03 -0.92544E-06  0.28116E-06  0.63557E-06
  0.17310E+03 -0.94402E-06  0.30899E-06  0.62943E-06
  0.17340E+03 -0.95917E-06  0.33505E-06  0.62099E-06
  0.17370E+03 -0.97090E-06  0.35928E-06  0.61039E-06
  0.17400E+03 -0.97922E-06  0.38160E-06  0.59775E-06
  0.17430E+03 -0.98417E-06  0.40198E-06  0.58321E-06
  0.17460E+03 -0.98584E-06  0.42038E-06  0.56690E-06
  0.17490E+03 -0.98426E-06  0.43677E-06  0.54898E-06
  0.17520E+03 -0.97957E-06  0.45115E-06  0.52958E-06
  0.17550E+03 -0.97173E-06  0.46353E-06  0.50884E-06
  0.17580E+03 -0.96101E-06  0.47388E-06  0.48691E-06
  0.17610E+03 -0.94732E-06  0.48225E-06  0.46393E-06
  0.17640E+03 -0.93079E-06  0.48864E-06  0.44003E-06
  0.17670E+03 -0.91163E-06  0.49312E-06  0.41535E-06
  0.17700E+03 -0.88987E-06  0.49570E-06  0.39001E-06
  0.17730E+03 -0.86563E-06  0.49644E-06  0.36416E-06
  0.17760E+03 -0.83905E-06  0.49541E-06  0.33788E-06
  0.17790E+03 -0.81025E-06  0.49265E-06  0.31131E-06
  0.17820E+03 -0.77935E-06  0.48823E-06  0.28455E-06
  0.17850E+03 -0.74649E-06  0.48224E-06  0.25770E-06
  0.17880E+03 -0.71179E-06  0.47473E-06  0.23085E-06
  0.17910E+03 -0.67538E-06  0.46579E-06  0.20409E-06
  0.17940E+03 -0.63742E-06  0.45550E-06  0.17749E-06
  0.17970E+03 -0.59805E-06  0.44393E-06  0.15113E-06
  0.18000E+03 -0.55739E-06  0.43119E-06  0.12507E-06
  0.18030E+03 -0.51559E-06  0.41733E-06  0.99367E-07
  0.18060E+03 -0.47280E-06  0.40246E-06  0.74080E-07
  0.18090E+03 -0.42915E-06  0.38665E-06  0.49257E-07
  0.18120E+03 -0.38478E-06  0.36999E-06  0.24936E-07
  0.18150E+03 -0.33985E-06  0.35255E-06  0.11460E-08
  0.18180E+03 -0.29449E-06  0.33441E-06 -0.22074E-07
  0.18210E+03 -0.24885E-06  0.31566E-06 -0.44688E-07
  0.18240E+03 -0.20306E-06  0.29637E-06 -0.66691E-07
  0.18270E+03 -0.15727E-06  0.27661E-06 -0.88032E-07
  0.18300E+03 -0.11160E-06  0.25642E-06 -0.10873E-06
  0.18330E+03 -0.66206E-07  0.23597E-06 -0.12873E-06
  0.18360E+03 -0.21211E-07  0.21520E-06 -0.14803E-06
  0.18390E+03  0.23245E-07  0.19430E-06 -0.16663E-06
  0.18420E+03  0.67051E-07  0.17320E-06 -0.18449E-06
  0.18450E+03  0.11006E-06  0.15205E-06 -0.20162E-06
  0.18480E+03  0.15216E-06  0.13087E-06 -0.21799E-06
  0.18510E+03  0.19322E-06  0.10973E-06 -0.23360E-06
  0.18540E+03  0.23315E-06  0.88656E-07 -0.24841E-06
  0.18570E+03  0.27182E-06  0.67725E-07 -0.26244E-06
  0.18600E+03  0.30912E-06  0.46975E-07 -0.27566E-06
  0.18630E+03  0.34496E-06  0.26447E-07 -0.28803E-06
  0.18660E+03  0.37919E-06  0.61920E-08 -0.29957E-06
  0.18690E+03  0.41181E-06 -0.13758E-07 -0.31024E-06
  0.18720E+03  0.44268E-06 -0.33362E-07 -0.32003E-06
  0.18750E+03  0.47179E-06 -0.52561E-07 -0.32891E-06
  0.18780E+03  0.49892E-06 -0.71346E-07 -0.33687E-06
  0.18810E+03  0.52415E-06 -0.89665E-07 -0.34388E-06
  0.18840E+03  0.54730E-06 -0.10748E-06 -0.34994E-06
  0.18870E+03  0.56840E-06 -0.12475E-06 -0.35501E-06
  0.18900E+03  0.58727E-06 -0.14146E-06 -0.35908E-06
  0.18930E+03  0.60410E-06 -0.15756E-06 -0.36212E-06
  0.18960E+03  0.61872E-06 -0.17302E-06 -0.36414E-06
  0.18990E+03  0.63101E-06 -0.18783E-06 -0.36509E-06
  0.19020E+03  0.64117E-06 -0.20192E-06 -0.36499E-06
  0.19050E+03  0.64893E-06 -0.21528E-06 -0.36382E-06
  0.19080E+03  0.65457E-06 -0.22785E-06 -0.36157E-06
  0.19110E+03  0.65788E-06 -0.23973E-06 -0.35822E-06
  0.19140E+03  0.65896E-06 -0.25068E-06 -0.35380E-06
  0.19170E+03  0.65781E-06 -0.26085E-06 -0.34829E-06
  0.19200E+03  0.65447E-06 -0.27021E-06 -0.34170E-06
  0.19230E+03  0.64897E-06 -0.27863E-06 -0.33405E-06
  0.19260E+03  0.64135E-06 -0.28604E-06 -0.32535E-06
  0.19290E+03  0.63166E-06 -0.29261E-06 -0.31562E-06
  0.19320E+03  0.61996E-06 -0.29824E-06 -0.30488E-06
  0.19350E+03  0.60631E-06 -0.30292E-06 -0.29317E-06
  0.19380E+03  0.59077E-06 -0.30661E-06 -0.28052E-06
  0.19410E+03  0.57344E-06 -0.30930E-06 -0.26697E-06
  0.19440E+03  0.55439E-06 -0.31101E-06 -0.25256E-06
  0.19470E+03  0.53369E-06 -0.31171E-06 -0.23735E-06
  0.19500E+03  0.51146E-06 -0.31142E-06 -0.22138E-06
  0.19530E+03  0.48778E-06 -0.31013E-06 -0.20471E-06
  0.19560E+03  0.46276E-06 -0.30784E-06 -0.18740E-06
  0.19590E+03  0.43650E-06 -0.30457E-06 -0.16952E-06
  0.19620E+03  0.40910E-06 -0.30033E-06 -0.15115E-06
  0.19650E+03  0.38068E-06 -0.29512E-06 -0.13234E-06
  0.19680E+03  0.35136E-06 -0.28898E-06 -0.11317E-06
  0.19710E+03  0.32125E-06 -0.28191E-06 -0.93727E-07
  0.19740E+03  0.29051E-06 -0.27397E-06 -0.74078E-07
  0.19770E+03  0.25915E-06 -0.26516E-06 -0.54314E-07
  0.19800E+03  0.22733E-06 -0.25552E-06 -0.34499E-07
  0.19830E+03  0.19520E-06 -0.24509E-06 -0.14730E-07
  0.19860E+03  0.16298E-06 -0.23392E-06  0.49220E-08
  0.19890E+03  0.13053E-06 -0.22203E-06  0.24369E-07
  0.19920E+03  0.98250E-07 -0.20948E-06  0.43534E-07
  0.19950E+03  0.66000E-07 -0.19632E-06  0.62344E-07
  0.19980E+03  0.34030E-07 -0.18261E-06  0.80720E-07
  0.20010E+03  0.24402E-08 -0.16838E-06  0.98585E-07
  0.20040E+03 -0.28610E-07 -0.15371E-06  0.11588E-06
  0.20070E+03 -0.59160E-07 -0.13863E-06  0.13252E-06
  0.20100E+03 -0.89080E-07 -0.12324E-06  0.14847E-06
  0.20130E+03 -0.11808E-06 -0.10756E-06  0.16364E-06
  0.20160E+03 -0.14640E-06 -0.91680E-07  0.17799E-06
  0.20190E+03 -0.17371E-06 -0.75649E-07  0.19148E-06
  0.20220E+03 -0.19995E-06 -0.59534E-07  0.20405E-06
  0.20250E+03 -0.22515E-06 -0.43396E-07  0.21566E-06
  0.20280E+03 -0.24917E-06 -0.27299E-07  0.22628E-06
  0.20310E+03 -0.27187E-06 -0.11303E-07  0.23587E-06
  0.20340E+03 -0.29342E-06  0.45297E-08  0.24443E-06
  0.20370E+03 -0.31351E-06  0.20139E-07  0.25192E-06
  0.20400E+03 -0.33227E-06  0.35468E-07  0.25833E-06
  0.20430E+03 -0.34965E-06  0.50461E-07  0.26367E-06
  0.20460E+03 -0.36551E-06  0.65062E-07  0.26791E-06
  0.20490E+03 -0.37988E-06  0.79221E-07  0.27107E-06
  0.20520E+03 -0.39273E-06  0.92889E-07  0.27316E-06
  0.20550E+03 -0.40405E-06  0.10602E-06  0.27419E-06
  0.20580E+03 -0.41382E-06  0.11857E-06  0.27416E-06
  0.20610E+03 -0.42204E-06  0.13049E-06  0.27313E-06
  0.20640E+03 -0.42871E-06  0.14176E-06  0.27110E-06
  0.20670E+03 -0.43382E-06  0.15234E-06  0.26810E-06
  0.20700E+03 -0.43741E-06  0.16219E-06  0.26417E-06
  0.20730E+03 -0.43946E-06  0.17130E-06  0.25935E-06
  0.20760E+03 -0.44004E-06  0.17964E-06  0.25368E-06
  0.20790E+03 -0.43912E-06  0.18719E-06  0.24719E-06
  0.20820E+03 -0.43674E-06  0.19394E-06  0.23996E-06
  0.20850E+03 -0.43295E-06  0.19987E-06  0.23199E-06
  0.20880E+03 -0.42776E-06  0.20499E-06  0.22337E-06
  0.20910E+03 -0.42126E-06  0.20928E-06  0.21412E-06
  0.20940E+03 -0.41351E-06  0.21275E-06  0.20431E-06
  0.20970E+03 -0.40450E-06  0.21536E-06  0.19399E-06
  0.21000E+03 -0.39427E-06  0.21718E-06  0.18321E-06
  0.21030E+03 -0.38292E-06  0.21820E-06  0.17202E-06
  0.21060E+03 -0.37047E-06  0.21852E-06  0.16048E-06
  0.21090E+03 -0.35696E-06  0.21790E-06  0.14863E-06
  0.21120E+03 -0.34256E-06  0.21660E-06  0.13653E-06
  0.21150E+03 -0.32725E-06  0.21456E-06  0.12423E-06
  0.21180E+03 -0.31111E-06  0.21191E-06  0.11178E-06
  0.21210E+03 -0.29422E-06  0.20841E-06  0.99226E-07
  0.21240E+03 -0.27664E-06  0.20432E-06  0.86612E-07
  0.21270E+03 -0.25846E-06  0.19966E-06  0.73977E-07
  0.21300E+03 -0.23967E-06  0.19433E-06  0.61384E-07
  0.21330E+03 -0.22040E-06  0.18840E-06  0.48865E-07
  0.21360E+03 -0.20077E-06  0.18204E-06  0.36442E-07
  0.21390E+03 -0.18076E-06  0.17513E-06  0.24176E-07
  0.21420E+03 -0.16048E-06  0.16778E-06  0.12093E-07
  0.21450E+03 -0.13992E-06  0.15998E-06  0.23300E-09
  0.21480E+03 -0.11928E-06  0.15181E-06 -0.11385E-07
  0.21510E+03 -0.98558E-07  0.14328E-06 -0.22722E-07
  0.21540E+03 -0.77838E-07  0.13444E-06 -0.33758E-07
  0.21570E+03 -0.57178E-07  0.12533E-06 -0.44469E-07
  0.21600E+03 -0.36649E-07  0.11597E-06 -0.54817E-07
  0.21630E+03 -0.16308E-07  0.10641E-06 -0.64792E-07
  0.21660E+03  0.37820E-08  0.96683E-07 -0.74368E-07
  0.21690E+03  0.23562E-07  0.86823E-07 -0.83534E-07
  0.21720E+03  0.42960E-07  0.76867E-07 -0.92275E-07
  0.21750E+03  0.61941E-07  0.66846E-07 -0.10056E-06
  0.21780E+03  0.80431E-07  0.56801E-07 -0.10841E-06
  0.21810E+03  0.98397E-07  0.46753E-07 -0.11577E-06
  0.21840E+03  0.11578E-06  0.36731E-07 -0.12265E-06
  0.21870E+03  0.13251E-06  0.26820E-07 -0.12905E-06
  0.21900E+03  0.14865E-06  0.16940E-07 -0.13495E-06
  0.21930E+03  0.16402E-06  0.72400E-08 -0.14036E-06
  0.21960E+03  0.17856E-06 -0.23800E-08 -0.14525E-06
  0.21990E+03  0.19236E-06 -0.11780E-07 -0.14963E-06
  0.22020E+03  0.20540E-06 -0.21080E-07 -0.15349E-06
  0.22050E+03  0.21752E-06 -0.29980E-07 -0.15685E-06
  0.22080E+03  0.22877E-06 -0.38780E-07 -0.15968E-06
  0.22110E+03  0.23911E-06 -0.47280E-07 -0.16199E-06
  0.22140E+03  0.24857E-06 -0.55440E-07 -0.16378E-06
  0.22170E+03  0.25696E-06 -0.63380E-07 -0.16507E-06
  0.22200E+03  0.26448E-06 -0.70940E-07 -0.16584E-06
  0.22230E+03  0.27106E-06 -0.78150E-07 -0.16610E-06
  0.22260E+03  0.27662E-06 -0.85020E-07 -0.16586E-06
  0.22290E+03  0.28121E-06 -0.91540E-07 -0.16512E-06
  0.22320E+03  0.28480E-06 -0.97610E-07 -0.16390E-06
  0.22350E+03  0.28740E-06 -0.10334E-06 -0.16218E-06
  0.22380E+03  0.28903E-06 -0.10872E-06 -0.16000E-06
  0.22410E+03  0.28968E-06 -0.11361E-06 -0.15735E-06
  0.22440E+03  0.28937E-06 -0.11814E-06 -0.15424E-06
  0.22470E+03  0.28810E-06 -0.12216E-06 -0.15070E-06
  0.22500E+03  0.28591E-06 -0.12576E-06 -0.14674E-06
  0.22530E+03  0.28280E-06 -0.12897E-06 -0.14236E-06
  0.22560E+03  0.27880E-06 -0.13174E-06 -0.13758E-06
  0.22590E+03  0.27393E-06 -0.13398E-06 -0.13242E-06
  0.22620E+03  0.26822E-06 -0.13583E-06 -0.12690E-06
  0.22650E+03  0.26171E-06 -0.13722E-06 -0.12103E-06
  0.22680E+03  0.25441E-06 -0.13817E-06 -0.11485E-06
  0.22710E+03  0.24637E-06 -0.13866E-06 -0.10835E-06
  0.22740E+03  0.23762E-06 -0.13871E-06 -0.10158E-06
  0.22770E+03  0.22820E-06 -0.13834E-06 -0.94541E-07
  0.22800E+03  0.21816E-06 -0.13752E-06 -0.87273E-07
  0.22830E+03  0.20753E-06 -0.13628E-06 -0.79788E-07
  0.22860E+03  0.19636E-06 -0.13462E-06 -0.72130E-07
  0.22890E+03  0.18469E-06 -0.13256E-06 -0.64302E-07
  0.22920E+03  0.17255E-06 -0.13010E-06 -0.56340E-07
  0.22950E+03  0.16002E-06 -0.12724E-06 -0.48281E-07
  0.22980E+03  0.14714E-06 -0.12402E-06 -0.40138E-07
  0.23010E+03  0.13393E-06 -0.12043E-06 -0.31946E-07
  0.23040E+03  0.12046E-06 -0.11649E-06 -0.23722E-07
  0.23070E+03  0.10679E-06 -0.11223E-06 -0.15517E-07
  0.23100E+03  0.92943E-07 -0.10765E-06 -0.73410E-08
  0.23130E+03  0.78992E-07 -0.10278E-06  0.77802E-09
  0.23160E+03  0.64964E-07 -0.97600E-07  0.88010E-08
  0.23190E+03  0.50922E-07 -0.92170E-07  0.16712E-07
  0.23220E+03  0.36909E-07 -0.86560E-07  0.24469E-07
  0.23250E+03  0.22975E-07 -0.80700E-07  0.32059E-07
  0.23280E+03  0.91580E-08 -0.74610E-07  0.39459E-07
  0.23310E+03 -0.44890E-08 -0.68330E-07  0.46640E-07
  0.23340E+03 -0.17918E-07 -0.61910E-07  0.53565E-07
  0.23370E+03 -0.31108E-07 -0.55450E-07  0.60231E-07
  0.23400E+03 -0.43995E-07 -0.48790E-07  0.66610E-07
  0.23430E+03 -0.56541E-07 -0.42040E-07  0.72673E-07
  0.23460E+03 -0.68730E-07 -0.35280E-07  0.78412E-07
  0.23490E+03 -0.80500E-07 -0.28430E-07  0.83803E-07
  0.23520E+03 -0.91833E-07 -0.21610E-07  0.88833E-07
  0.23550E+03 -0.10269E-06 -0.14790E-07  0.93486E-07
  0.23580E+03 -0.11305E-06 -0.80399E-08  0.97750E-07
  0.23610E+03 -0.12288E-06 -0.12900E-08  0.10162E-06
  0.23640E+03 -0.13215E-06  0.53700E-08  0.10507E-06
  0.23670E+03 -0.14083E-06  0.11860E-07  0.10811E-06
  0.23700E+03 -0.14893E-06  0.18260E-07  0.11073E-06
  0.23730E+03 -0.15640E-06  0.24540E-07  0.11292E-06
  0.23760E+03 -0.16324E-06  0.30690E-07  0.11467E-06
  0.23790E+03 -0.16943E-06  0.36630E-07  0.11601E-06
  0.23820E+03 -0.17495E-06  0.42364E-07  0.11691E-06
  0.23850E+03 -0.17983E-06  0.47827E-07  0.11740E-06
  0.23880E+03 -0.18401E-06  0.53079E-07  0.11746E-06
  0.23910E+03 -0.18752E-06  0.58085E-07  0.11711E-06
  0.23940E+03 -0.19036E-06  0.62822E-07  0.11634E-06
  0.23970E+03 -0.19251E-06  0.67264E-07  0.11520E-06
  0.24000E+03 -0.19398E-06  0.71422E-07  0.11365E-06
  0.24030E+03 -0.19479E-06  0.75274E-07  0.11174E-06
  0.24060E+03 -0.19493E-06  0.78801E-07  0.10947E-06
  0.24090E+03 -0.19442E-06  0.82016E-07  0.10686E-06
  0.24120E+03 -0.19327E-06  0.84895E-07  0.10392E-06
  0.24150E+03 -0.19148E-06  0.87439E-07  0.10066E-06
  0.24180E+03 -0.18909E-06  0.89642E-07  0.97107E-07
  0.24210E+03 -0.18611E-06  0.91503E-07  0.93286E-07
  0.24240E+03 -0.18254E-06  0.93014E-07  0.89209E-07
  0.24270E+03 -0.17842E-06  0.94192E-07  0.84896E-07
  0.24300E+03 -0.17376E-06  0.95014E-07  0.80361E-07
  0.24330E+03 -0.16859E-06  0.95492E-07  0.75634E-07
  0.24360E+03 -0.16302E-06  0.95640E-07  0.70731E-07
  0.24390E+03 -0.15686E-06  0.95470E-07  0.65676E-07
  0.24420E+03 -0.15032E-06  0.94950E-07  0.60488E-07
  0.24450E+03 -0.14340E-06  0.94150E-07  0.55184E-07
  0.24480E+03 -0.13612E-06  0.92980E-07  0.49796E-07
  0.24510E+03 -0.12844E-06  0.91530E-07  0.44338E-07
  0.24540E+03 -0.12047E-06  0.89760E-07  0.38826E-07
  0.24570E+03 -0.11221E-06  0.87750E-07  0.33286E-07
  0.24600E+03 -0.10380E-06  0.85450E-07  0.27736E-07
  0.24630E+03 -0.95020E-07  0.82880E-07  0.22197E-07
  0.24660E+03 -0.86120E-07  0.80090E-07  0.16695E-07
  0.24690E+03 -0.77130E-07  0.77130E-07  0.11225E-07
  0.24720E+03 -0.67930E-07  0.73890E-07  0.58280E-08
  0.24750E+03 -0.58670E-07  0.70510E-07  0.51000E-09
  0.24780E+03 -0.49420E-07  0.66830E-07 -0.47150E-08
  0.24810E+03 -0.40070E-07  0.63020E-07 -0.98270E-08
  0.24840E+03 -0.30751E-07  0.59090E-07 -0.14810E-07
  0.24870E+03 -0.21470E-07  0.55110E-07 -0.19652E-07
  0.24900E+03 -0.12256E-07  0.50930E-07 -0.24349E-07
  0.24930E+03 -0.31300E-08  0.46640E-07 -0.28872E-07
  0.24960E+03  0.58640E-08  0.42210E-07 -0.33223E-07
  0.24990E+03  0.14705E-07  0.37768E-07 -0.37388E-07
  0.25020E+03  0.23357E-07  0.33263E-07 -0.41357E-07
  0.25050E+03  0.31813E-07  0.28733E-07 -0.45122E-07
  0.25080E+03  0.40033E-07  0.24171E-07 -0.48675E-07
  0.25110E+03  0.47997E-07  0.19607E-07 -0.52011E-07
  0.25140E+03  0.55688E-07  0.15054E-07 -0.55121E-07
  0.25170E+03  0.63077E-07  0.10530E-07 -0.58005E-07
  0.25200E+03  0.70143E-07  0.60416E-08 -0.60647E-07
  0.25230E+03  0.76881E-07  0.16030E-08 -0.63053E-07
  0.25260E+03  0.83251E-07 -0.27570E-08 -0.65222E-07
  0.25290E+03  0.89268E-07 -0.70470E-08 -0.67142E-07
  0.25320E+03  0.94890E-07 -0.11239E-07 -0.68827E-07
  0.25350E+03  0.10010E-06 -0.15331E-07 -0.70261E-07
  0.25380E+03  0.10489E-06 -0.19301E-07 -0.71443E-07
  0.25410E+03  0.10936E-06 -0.23149E-07 -0.72387E-07
  0.25440E+03  0.11332E-06 -0.26860E-07 -0.73083E-07
  0.25470E+03  0.11685E-06 -0.30420E-07 -0.73537E-07
  0.25500E+03  0.11990E-06 -0.33860E-07 -0.73758E-07
  0.25530E+03  0.12261E-06 -0.37080E-07 -0.73736E-07
  0.25560E+03  0.12486E-06 -0.40150E-07 -0.73489E-07
  0.25590E+03  0.12656E-06 -0.43040E-07 -0.73009E-07
  0.25620E+03  0.12791E-06 -0.45770E-07 -0.72306E-07
  0.25650E+03  0.12876E-06 -0.48220E-07 -0.71385E-07
  0.25680E+03  0.12925E-06 -0.50600E-07 -0.70251E-07
  0.25710E+03  0.12920E-06 -0.52740E-07 -0.68910E-07
  0.25740E+03  0.12884E-06 -0.54620E-07 -0.67371E-07
  0.25770E+03  0.12804E-06 -0.56330E-07 -0.65640E-07
  0.25800E+03  0.12669E-06 -0.57900E-07 -0.63723E-07
  0.25830E+03  0.12512E-06 -0.59130E-07 -0.61627E-07
  0.25860E+03  0.12305E-06 -0.60261E-07 -0.59371E-07
  0.25890E+03  0.12063E-06 -0.61139E-07 -0.56952E-07
  0.25920E+03  0.11785E-06 -0.61812E-07 -0.54375E-07
  0.25950E+03  0.11472E-06 -0.62278E-07 -0.51665E-07
  0.25980E+03  0.11127E-06 -0.62542E-07 -0.48819E-07
  0.26010E+03  0.10747E-06 -0.62592E-07 -0.45855E-07
  0.26040E+03  0.10339E-06 -0.62442E-07 -0.42788E-07
  0.26070E+03  0.99038E-07 -0.62099E-07 -0.39614E-07
  0.26100E+03  0.94401E-07 -0.61555E-07 -0.36347E-07
  0.26130E+03  0.89532E-07 -0.60823E-07 -0.33005E-07
  0.26160E+03  0.84432E-07 -0.59901E-07 -0.29592E-07
  0.26190E+03  0.79131E-07 -0.58801E-07 -0.26131E-07
  0.26220E+03  0.73637E-07 -0.57528E-07 -0.22625E-07
  0.26250E+03  0.67977E-07 -0.56078E-07 -0.19078E-07
  0.26280E+03  0.62179E-07 -0.54475E-07 -0.15519E-07
  0.26310E+03  0.56255E-07 -0.52717E-07 -0.11944E-07
  0.26340E+03  0.50234E-07 -0.50811E-07 -0.83760E-08
  0.26370E+03  0.44128E-07 -0.48756E-07 -0.48220E-08
  0.26400E+03  0.37967E-07 -0.46576E-07 -0.12830E-08
  0.26430E+03  0.31774E-07 -0.44281E-07  0.22080E-08
  0.26460E+03  0.25556E-07 -0.41857E-07  0.56557E-08
  0.26490E+03  0.19350E-07 -0.39339E-07  0.90446E-08
  0.26520E+03  0.13190E-07 -0.36716E-07  0.12365E-07
  0.26550E+03  0.69999E-08 -0.34019E-07  0.15606E-07
  0.26580E+03  0.98998E-09 -0.31235E-07  0.18757E-07
  0.26610E+03 -0.49901E-08 -0.28389E-07  0.21809E-07
  0.26640E+03 -0.10880E-07 -0.25496E-07  0.24752E-07
  0.26670E+03 -0.16710E-07 -0.22545E-07  0.27575E-07
  0.26700E+03 -0.22320E-07 -0.19565E-07  0.30279E-07
  0.26730E+03 -0.27750E-07 -0.16552E-07  0.32841E-07
  0.26760E+03 -0.33080E-07 -0.13530E-07  0.35257E-07
  0.26790E+03 -0.38210E-07 -0.10498E-07  0.37538E-07
  0.26820E+03 -0.43150E-07 -0.74820E-08  0.39651E-07
  0.26850E+03 -0.47820E-07 -0.44740E-08  0.41611E-07
  0.26880E+03 -0.52291E-07 -0.14960E-08  0.43405E-07
  0.26910E+03 -0.56532E-07  0.14490E-08  0.45023E-07
  0.26940E+03 -0.60522E-07  0.43480E-08  0.46472E-07
  0.26970E+03 -0.64250E-07  0.71950E-08  0.47747E-07
  0.27000E+03 -0.67712E-07  0.99780E-08  0.48836E-07
  0.27030E+03 -0.70897E-07  0.12692E-07  0.49744E-07
  0.27060E+03 -0.73798E-07  0.15320E-07  0.50479E-07
  0.27090E+03 -0.76421E-07  0.17862E-07  0.51024E-07
  0.27120E+03 -0.78746E-07  0.20308E-07  0.51378E-07
  0.27150E+03 -0.80782E-07  0.22652E-07  0.51564E-07
  0.27180E+03 -0.82518E-07  0.24886E-07  0.51567E-07
  0.27210E+03 -0.83959E-07  0.27004E-07  0.51396E-07
  0.27240E+03 -0.85101E-07  0.29000E-07  0.51045E-07
  0.27270E+03 -0.85940E-07  0.30870E-07  0.50537E-07
  0.27300E+03 -0.86480E-07  0.32608E-07  0.49849E-07
  0.27330E+03 -0.86729E-07  0.34209E-07  0.49009E-07
  0.27360E+03 -0.86698E-07  0.35668E-07  0.48013E-07
  0.27390E+03 -0.86367E-07  0.36990E-07  0.46866E-07
  0.27420E+03 -0.85759E-07  0.38166E-07  0.45578E-07
  0.27450E+03 -0.84873E-07  0.39197E-07  0.44164E-07
  0.27480E+03 -0.83725E-07  0.40074E-07  0.42611E-07
  0.27510E+03 -0.82314E-07  0.40806E-07  0.40942E-07
  0.27540E+03 -0.80649E-07  0.41385E-07  0.39160E-07
  0.27570E+03 -0.78745E-07  0.41816E-07  0.37274E-07
  0.27600E+03 -0.76612E-07  0.42098E-07  0.35299E-07
  0.27630E+03 -0.74246E-07  0.42232E-07  0.33225E-07
  0.27660E+03 -0.71675E-07  0.42219E-07  0.31083E-07
  0.27690E+03 -0.68902E-07  0.42063E-07  0.28874E-07
  0.27720E+03 -0.65935E-07  0.41765E-07  0.26603E-07
  0.27750E+03 -0.62798E-07  0.41330E-07  0.24275E-07
  0.27780E+03 -0.59500E-07  0.40760E-07  0.21912E-07
  0.27810E+03 -0.56047E-07  0.40065E-07  0.19518E-07
  0.27840E+03 -0.52457E-07  0.39236E-07  0.17104E-07
  0.27870E+03 -0.48749E-07  0.38284E-07  0.14669E-07
  0.27900E+03 -0.44932E-07  0.37222E-07  0.12241E-07
  0.27930E+03 -0.41020E-07  0.36049E-07  0.98010E-08
  0.27960E+03 -0.37017E-07  0.34774E-07  0.73790E-08
  0.27990E+03 -0.32958E-07  0.33388E-07  0.49760E-08
  0.28020E+03 -0.28849E-07  0.31925E-07  0.26070E-08
  0.28050E+03 -0.24692E-07  0.30362E-07  0.25904E-09
  0.28080E+03 -0.20521E-07  0.28722E-07 -0.20350E-08
  0.28110E+03 -0.16339E-07  0.27018E-07 -0.42820E-08
  0.28140E+03 -0.12161E-07  0.25237E-07 -0.64790E-08
  0.28170E+03 -0.80010E-08  0.23410E-07 -0.86040E-08
  0.28200E+03 -0.38740E-08  0.21516E-07 -0.10674E-07
  0.28230E+03  0.20600E-09  0.19589E-07 -0.12657E-07
  0.28260E+03  0.42360E-08  0.17622E-07 -0.14575E-07
  0.28290E+03  0.81860E-08  0.15618E-07 -0.16401E-07
  0.28320E+03  0.12058E-07  0.13603E-07 -0.18140E-07
  0.28350E+03  0.15835E-07  0.11569E-07 -0.19795E-07
  0.28380E+03  0.19506E-07  0.95200E-08 -0.21356E-07
  0.28410E+03  0.23061E-07  0.74730E-08 -0.22816E-07
  0.28440E+03  0.26495E-07  0.54330E-08 -0.24175E-07
  0.28470E+03  0.29785E-07  0.34070E-08 -0.25432E-07
  0.28500E+03  0.32937E-07  0.13983E-08 -0.26586E-07
  0.28530E+03  0.35938E-07 -0.58467E-09 -0.27626E-07
  0.28560E+03  0.38775E-07 -0.25363E-08 -0.28573E-07
  0.28590E+03  0.41437E-07 -0.44510E-08 -0.29396E-07
  0.28620E+03  0.43930E-07 -0.63250E-08 -0.30117E-07
  0.28650E+03  0.46241E-07 -0.81440E-08 -0.30734E-07
  0.28680E+03  0.48369E-07 -0.99170E-08 -0.31235E-07
  0.28710E+03  0.50297E-07 -0.11631E-07 -0.31637E-07
  0.28740E+03  0.52044E-07 -0.13275E-07 -0.31921E-07
  0.28770E+03  0.53586E-07 -0.14850E-07 -0.32101E-07
  0.28800E+03  0.54923E-07 -0.16359E-07 -0.32177E-07
  0.28830E+03  0.56069E-07 -0.17791E-07 -0.32161E-07
  0.28860E+03  0.57013E-07 -0.19138E-07 -0.32028E-07
  0.28890E+03  0.57753E-07 -0.20405E-07 -0.31801E-07
  0.28920E+03  0.58290E-07 -0.21583E-07 -0.31478E-07
  0.28950E+03  0.58628E-07 -0.22667E-07 -0.31058E-07
  0.28980E+03  0.58767E-07 -0.23670E-07 -0.30543E-07
  0.29010E+03  0.58711E-07 -0.24581E-07 -0.29940E-07
  0.29040E+03  0.58458E-07 -0.25386E-07 -0.29261E-07
  0.29070E+03  0.58017E-07 -0.26107E-07 -0.28485E-07
  0.29100E+03  0.57385E-07 -0.26731E-07 -0.27645E-07
  0.29130E+03  0.56579E-07 -0.27247E-07 -0.26716E-07
  0.29160E+03  0.55589E-07 -0.27682E-07 -0.25727E-07
  0.29190E+03  0.54439E-07 -0.28005E-07 -0.24663E-07
  0.29220E+03  0.53116E-07 -0.28241E-07 -0.23539E-07
  0.29250E+03  0.51641E-07 -0.28372E-07 -0.22346E-07
  0.29280E+03  0.50014E-07 -0.28413E-07 -0.21112E-07
  0.29310E+03  0.48251E-07 -0.28361E-07 -0.19817E-07
  0.29340E+03  0.46350E-07 -0.28219E-07 -0.18472E-07
  0.29370E+03  0.44317E-07 -0.27977E-07 -0.17100E-07
  0.29400E+03  0.42177E-07 -0.27657E-07 -0.15675E-07
  0.29430E+03  0.39917E-07 -0.27245E-07 -0.14228E-07
  0.29460E+03  0.37564E-07 -0.26744E-07 -0.12747E-07
  0.29490E+03  0.35123E-07 -0.26169E-07 -0.11240E-07
  0.29520E+03  0.32592E-07 -0.25515E-07 -0.97220E-08
  0.29550E+03  0.29993E-07 -0.24788E-07 -0.81864E-08
  0.29580E+03  0.27339E-07 -0.23987E-07 -0.66421E-08
  0.29610E+03  0.24625E-07 -0.23114E-07 -0.50932E-08
  0.29640E+03  0.21866E-07 -0.22189E-07 -0.35444E-08
  0.29670E+03  0.19080E-07 -0.21193E-07 -0.20010E-08
  0.29700E+03  0.16260E-07 -0.20146E-07 -0.46700E-09
  0.29730E+03  0.13436E-07 -0.19052E-07  0.10470E-08
  0.29760E+03  0.10601E-07 -0.17899E-07  0.25440E-08
  0.29790E+03  0.77760E-08 -0.16715E-07  0.40200E-08
  0.29820E+03  0.49660E-08 -0.15489E-07  0.54660E-08
  0.29850E+03  0.21717E-08 -0.14228E-07  0.68840E-08
  0.29880E+03 -0.58870E-09 -0.12890E-07  0.82580E-08
  0.29910E+03 -0.33095E-08 -0.11640E-07  0.95970E-08
  0.29940E+03 -0.59820E-08 -0.10260E-07  0.10886E-07
  0.29970E+03 -0.85930E-08 -0.89400E-08  0.12131E-07
  0.30000E+03 -0.11148E-07 -0.75800E-08  0.13319E-07
  0.30030E+03 -0.13628E-07 -0.62400E-08  0.14461E-07
  0.30060E+03 -0.16034E-07 -0.48200E-08  0.15538E-07
  0.30090E+03 -0.18349E-07 -0.35051E-08  0.16554E-07
  0.30120E+03 -0.20577E-07 -0.21560E-08  0.17497E-07
  0.30150E+03 -0.22710E-07 -0.82201E-09  0.18384E-07
  0.30180E+03 -0.24737E-07  0.50005E-09  0.19193E-07
  0.30210E+03 -0.26660E-07  0.17980E-08  0.19941E-07
  0.30240E+03 -0.28470E-07  0.30690E-08  0.20603E-07
  0.30270E+03 -0.30130E-07  0.43170E-08  0.21197E-07
  0.30300E+03 -0.31750E-07  0.55230E-08  0.21721E-07
  0.30330E+03 -0.33210E-07  0.67020E-08  0.22157E-07
  0.30360E+03 -0.34460E-07  0.78330E-08  0.22518E-07
  0.30390E+03 -0.35700E-07  0.89190E-08  0.22801E-07
  0.30420E+03 -0.36760E-07  0.99654E-08  0.23000E-07
  0.30450E+03 -0.37640E-07  0.10961E-07  0.23131E-07
  0.30480E+03 -0.38490E-07  0.11897E-07  0.23176E-07
  0.30510E+03 -0.39090E-07  0.12783E-07  0.23141E-07
  0.30540E+03 -0.39610E-07  0.13616E-07  0.23030E-07
  0.30570E+03 -0.40020E-07  0.14389E-07  0.22846E-07
  0.30600E+03 -0.40266E-07  0.15096E-07  0.22587E-07
  0.30630E+03 -0.40374E-07  0.15748E-07  0.22254E-07
  0.30660E+03 -0.40349E-07  0.16330E-07  0.21851E-07
  0.30690E+03 -0.40182E-07  0.16850E-07  0.21378E-07
