  0.00000E+00  0.18987E-13  0.13283E-12 -0.37697E-12
  0.30000E+00  0.14622E-12  0.10529E-11 -0.29929E-11
  0.60000E+00  0.57570E-12  0.42929E-11 -0.12233E-10
  0.90000E+00  0.15820E-11  0.12313E-10 -0.35196E-10
  0.12000E+01  0.35020E-11  0.28382E-10 -0.81437E-10
  0.15000E+01  0.66330E-11  0.56432E-10 -0.16261E-09
  0.18000E+01  0.11290E-10  0.10088E-09 -0.29205E-09
  0.21000E+01  0.17610E-10  0.16627E-09 -0.48429E-09
  0.24000E+01  0.25720E-10  0.25768E-09 -0.75456E-09
  0.27000E+01  0.35659E-10  0.37952E-09 -0.11182E-08
  0.30000E+01  0.47300E-10  0.53670E-09 -0.15903E-08
  0.33000E+01  0.60700E-10  0.73350E-09 -0.21850E-08
  0.36000E+01  0.73999E-10  0.97240E-09 -0.29145E-08
  0.39000E+01  0.88601E-10  0.12578E-08 -0.37898E-08
  0.42000E+01  0.10270E-09  0.15921E-08 -0.48188E-08
  0.45000E+01  0.11600E-09  0.19751E-08 -0.60069E-08
  0.48000E+01  0.12770E-09  0.24080E-08 -0.73559E-08
  0.51000E+01  0.13500E-09  0.28900E-08 -0.88654E-08
  0.54000E+01  0.14400E-09  0.34150E-08 -0.10528E-07
  0.57000E+01  0.13600E-09  0.39870E-08 -0.12336E-07
  0.60000E+01  0.13000E-09  0.45930E-08 -0.14277E-07
  0.63000E+01  0.11799E-09  0.52380E-08 -0.16331E-07
  0.66000E+01  0.10098E-09  0.59070E-08 -0.18478E-07
  0.69000E+01  0.73015E-10  0.65890E-08 -0.20695E-07
  0.72000E+01  0.32998E-10  0.72790E-08 -0.22951E-07
  0.75000E+01 -0.22993E-10  0.79750E-08 -0.25214E-07
  0.78000E+01 -0.84981E-10  0.86510E-08 -0.27451E-07
  0.81000E+01 -0.15098E-09  0.93030E-08 -0.29623E-07
  0.84000E+01 -0.22897E-09  0.99150E-08 -0.31692E-07
  0.87000E+01 -0.32298E-09  0.10480E-07 -0.33621E-07
  0.90000E+01 -0.43400E-09  0.10990E-07 -0.35353E-07
  0.93000E+01 -0.54303E-09  0.11430E-07 -0.36876E-07
  0.96000E+01 -0.66996E-09  0.11730E-07 -0.38118E-07
  0.99000E+01 -0.80001E-09  0.11980E-07 -0.39058E-07
  0.10200E+02 -0.93803E-09  0.12110E-07 -0.39649E-07
  0.10500E+02 -0.10920E-08  0.12100E-07 -0.39869E-07
  0.10800E+02 -0.12350E-08  0.11970E-07 -0.39665E-07
  0.11100E+02 -0.13880E-08  0.11740E-07 -0.39019E-07
  0.11400E+02 -0.15350E-08  0.11320E-07 -0.37908E-07
  0.11700E+02 -0.16850E-08  0.10770E-07 -0.36315E-07
  0.12000E+02 -0.18360E-08  0.10070E-07 -0.34208E-07
  0.12300E+02 -0.19670E-08  0.91100E-08 -0.31603E-07
  0.12600E+02 -0.20971E-08  0.80701E-08 -0.28474E-07
  0.12900E+02 -0.22100E-08  0.69600E-08 -0.24834E-07
  0.13200E+02 -0.23120E-08  0.55401E-08 -0.20690E-07
  0.13500E+02 -0.24000E-08  0.41300E-08 -0.16059E-07
  0.13800E+02 -0.24610E-08  0.24600E-08 -0.10962E-07
  0.14100E+02 -0.25050E-08  0.74999E-09 -0.54260E-08
  0.14400E+02 -0.25260E-08 -0.11499E-08  0.50500E-09
  0.14700E+02 -0.25220E-08 -0.31500E-08  0.68070E-08
  0.15000E+02 -0.25000E-08 -0.51850E-08  0.13434E-07
  0.15300E+02 -0.24410E-08 -0.73280E-08  0.20311E-07
  0.15600E+02 -0.23520E-08 -0.95120E-08  0.27410E-07
  0.15900E+02 -0.22294E-08 -0.11742E-07  0.34651E-07
  0.16200E+02 -0.20860E-08 -0.13977E-07  0.41981E-07
  0.16500E+02 -0.18980E-08 -0.16210E-07  0.49330E-07
  0.16800E+02 -0.16920E-08 -0.18418E-07  0.56628E-07
  0.17100E+02 -0.14550E-08 -0.20571E-07  0.63805E-07
  0.17400E+02 -0.11800E-08 -0.22690E-07  0.70787E-07
  0.17700E+02 -0.89108E-09 -0.24600E-07  0.77510E-07
  0.18000E+02 -0.54001E-09 -0.26500E-07  0.83895E-07
  0.18300E+02 -0.22999E-09 -0.28240E-07  0.89867E-07
  0.18600E+02  0.18997E-09 -0.29830E-07  0.95374E-07
  0.18900E+02  0.54990E-09 -0.31230E-07  0.10035E-06
  0.19200E+02  0.95997E-09 -0.32490E-07  0.10472E-06
  0.19500E+02  0.13199E-08 -0.33470E-07  0.10844E-06
  0.19800E+02  0.17401E-08 -0.34310E-07  0.11146E-06
  0.20100E+02  0.21901E-08 -0.34850E-07  0.11374E-06
  0.20400E+02  0.26600E-08 -0.35150E-07  0.11523E-06
  0.20700E+02  0.30700E-08 -0.35200E-07  0.11588E-06
  0.21000E+02  0.34900E-08 -0.34960E-07  0.11571E-06
  0.21300E+02  0.39402E-08 -0.34520E-07  0.11467E-06
  0.21600E+02  0.42401E-08 -0.33750E-07  0.11278E-06
  0.21900E+02  0.46800E-08 -0.32820E-07  0.11000E-06
  0.22200E+02  0.49799E-08 -0.31500E-07  0.10636E-06
  0.22500E+02  0.53201E-08 -0.30020E-07  0.10186E-06
  0.22800E+02  0.56900E-08 -0.28250E-07  0.96540E-07
  0.23100E+02  0.59199E-08 -0.26220E-07  0.90414E-07
  0.23400E+02  0.61200E-08 -0.23980E-07  0.83535E-07
  0.23700E+02  0.63301E-08 -0.21550E-07  0.75930E-07
  0.24000E+02  0.64301E-08 -0.18870E-07  0.67665E-07
  0.24300E+02  0.66100E-08 -0.16110E-07  0.58787E-07
  0.24600E+02  0.66500E-08 -0.13160E-07  0.49361E-07
  0.24900E+02  0.66200E-08 -0.10010E-07  0.39468E-07
  0.25200E+02  0.65800E-08 -0.67903E-08  0.29154E-07
  0.25500E+02  0.65602E-08 -0.34900E-08  0.18518E-07
  0.25800E+02  0.63900E-08 -0.23010E-09  0.76320E-08
  0.26100E+02  0.61500E-08  0.32499E-08 -0.34240E-08
  0.26400E+02  0.59899E-08  0.66200E-08 -0.14557E-07
  0.26700E+02  0.56700E-08  0.99401E-08 -0.25691E-07
  0.27000E+02  0.53660E-08  0.13280E-07 -0.36754E-07
  0.27300E+02  0.49960E-08  0.16600E-07 -0.47633E-07
  0.27600E+02  0.45860E-08  0.19720E-07 -0.58274E-07
  0.27900E+02  0.41399E-08  0.22834E-07 -0.68576E-07
  0.28200E+02  0.36570E-08  0.25760E-07 -0.78475E-07
  0.28500E+02  0.31470E-08  0.28522E-07 -0.87894E-07
  0.28800E+02  0.26040E-08  0.31098E-07 -0.96763E-07
  0.29100E+02  0.20000E-08  0.33500E-07 -0.10502E-06
  0.29400E+02  0.15001E-08  0.35630E-07 -0.11261E-06
  0.29700E+02  0.88005E-09  0.37600E-07 -0.11946E-06
  0.30000E+02  0.19986E-09  0.39270E-07 -0.12555E-06
  0.30300E+02 -0.38995E-09  0.40680E-07 -0.13083E-06
  0.30600E+02 -0.99999E-09  0.41890E-07 -0.13526E-06
  0.30900E+02 -0.16501E-08  0.42820E-07 -0.13883E-06
  0.31200E+02 -0.22599E-08  0.43460E-07 -0.14150E-06
  0.31500E+02 -0.27899E-08  0.43780E-07 -0.14326E-06
  0.31800E+02 -0.34399E-08  0.43880E-07 -0.14413E-06
  0.32100E+02 -0.39201E-08  0.43610E-07 -0.14410E-06
  0.32400E+02 -0.45302E-08  0.43130E-07 -0.14316E-06
  0.32700E+02 -0.50100E-08  0.42400E-07 -0.14136E-06
  0.33000E+02 -0.54799E-08  0.41500E-07 -0.13871E-06
  0.33300E+02 -0.59399E-08  0.40230E-07 -0.13523E-06
  0.33600E+02 -0.62701E-08  0.38730E-07 -0.13097E-06
  0.33900E+02 -0.66502E-08  0.37030E-07 -0.12595E-06
  0.34200E+02 -0.69399E-08  0.35150E-07 -0.12030E-06
  0.34500E+02 -0.72700E-08  0.33080E-07 -0.11387E-06
  0.34800E+02 -0.74797E-08  0.30860E-07 -0.10697E-06
  0.35100E+02 -0.76600E-08  0.28440E-07 -0.99450E-07
  0.35400E+02 -0.77600E-08  0.26000E-07 -0.91490E-07
  0.35700E+02 -0.78901E-08  0.23290E-07 -0.83140E-07
  0.36000E+02 -0.79201E-08  0.20690E-07 -0.74340E-07
  0.36300E+02 -0.79199E-08  0.18030E-07 -0.65090E-07
  0.36600E+02 -0.78999E-08  0.15620E-07 -0.55210E-07
  0.36900E+02 -0.80599E-08  0.14010E-07 -0.44230E-07
  0.37200E+02 -0.83000E-08  0.13490E-07 -0.31880E-07
  0.37500E+02 -0.87700E-08  0.14710E-07 -0.17892E-07
  0.37800E+02 -0.95999E-08  0.18190E-07 -0.20430E-08
  0.38100E+02 -0.10960E-07  0.24510E-07  0.15716E-07
  0.38400E+02 -0.12660E-07  0.33980E-07  0.35338E-07
  0.38700E+02 -0.14920E-07  0.46750E-07  0.56624E-07
  0.39000E+02 -0.17560E-07  0.62810E-07  0.79252E-07
  0.39300E+02 -0.20580E-07  0.82080E-07  0.10268E-06
  0.39600E+02 -0.23863E-07  0.10392E-06  0.12628E-06
  0.39900E+02 -0.27274E-07  0.12782E-06  0.14960E-06
  0.40200E+02 -0.30680E-07  0.15343E-06  0.17233E-06
  0.40500E+02 -0.33976E-07  0.18025E-06  0.19423E-06
  0.40800E+02 -0.37102E-07  0.20816E-06  0.21498E-06
  0.41100E+02 -0.39969E-07  0.23684E-06  0.23413E-06
  0.41400E+02 -0.42504E-07  0.26590E-06  0.25123E-06
  0.41700E+02 -0.44595E-07  0.29485E-06  0.26573E-06
  0.42000E+02 -0.46110E-07  0.32300E-06  0.27706E-06
  0.42300E+02 -0.46990E-07  0.34987E-06  0.28463E-06
  0.42600E+02 -0.47040E-07  0.37445E-06  0.28791E-06
  0.42900E+02 -0.46110E-07  0.39616E-06  0.28636E-06
  0.43200E+02 -0.44240E-07  0.41390E-06  0.27933E-06
  0.43500E+02 -0.40950E-07  0.42665E-06  0.26630E-06
  0.43800E+02 -0.36380E-07  0.43330E-06  0.24689E-06
  0.44100E+02 -0.30260E-07  0.43254E-06  0.22070E-06
  0.44400E+02 -0.22340E-07  0.42325E-06  0.18733E-06
  0.44700E+02 -0.12520E-07  0.40406E-06  0.14653E-06
  0.45000E+02 -0.80991E-09  0.37369E-06  0.98238E-07
  0.45300E+02  0.13130E-07  0.33115E-06  0.42683E-07
  0.45600E+02  0.29230E-07  0.27546E-06 -0.19832E-07
  0.45900E+02  0.47390E-07  0.20599E-06 -0.88831E-07
  0.46200E+02  0.67750E-07  0.12215E-06 -0.16364E-06
  0.46500E+02  0.90030E-07  0.23840E-07 -0.24335E-06
  0.46800E+02  0.11405E-06 -0.88850E-07 -0.32677E-06
  0.47100E+02  0.13966E-06 -0.21549E-06 -0.41251E-06
  0.47400E+02  0.16642E-06 -0.35486E-06 -0.49895E-06
  0.47700E+02  0.19396E-06 -0.50572E-06 -0.58442E-06
  0.48000E+02  0.22174E-06 -0.66614E-06 -0.66724E-06
  0.48300E+02  0.24927E-06 -0.83426E-06 -0.74575E-06
  0.48600E+02  0.27589E-06 -0.10074E-05 -0.81810E-06
  0.48900E+02  0.30110E-06 -0.11828E-05 -0.88255E-06
  0.49200E+02  0.32401E-06 -0.13575E-05 -0.93738E-06
  0.49500E+02  0.34420E-06 -0.15281E-05 -0.98080E-06
  0.49800E+02  0.36091E-06 -0.16908E-05 -0.10110E-05
  0.50100E+02  0.37344E-06 -0.18424E-05 -0.10268E-05
  0.50400E+02  0.38112E-06 -0.19788E-05 -0.10270E-05
  0.50700E+02  0.38355E-06 -0.20971E-05 -0.10108E-05
  0.51000E+02  0.38028E-06 -0.21941E-05 -0.97793E-06
  0.51300E+02  0.37083E-06 -0.22670E-05 -0.92805E-06
  0.51600E+02  0.35506E-06 -0.23137E-05 -0.86127E-06
  0.51900E+02  0.33293E-06 -0.23322E-05 -0.77790E-06
  0.52200E+02  0.30427E-06 -0.23209E-05 -0.67845E-06
  0.52500E+02  0.26918E-06 -0.22789E-05 -0.56364E-06
  0.52800E+02  0.22796E-06 -0.22050E-05 -0.43444E-06
  0.53100E+02  0.18062E-06 -0.20989E-05 -0.29198E-06
  0.53400E+02  0.12761E-06 -0.19602E-05 -0.13766E-06
  0.53700E+02  0.69274E-07 -0.17897E-05  0.26979E-07
  0.54000E+02  0.60850E-08 -0.15872E-05  0.20025E-06
  0.54300E+02 -0.61462E-07 -0.13542E-05  0.38033E-06
  0.54600E+02 -0.13278E-06 -0.10913E-05  0.56528E-06
  0.54900E+02 -0.20721E-06 -0.80049E-06  0.75299E-06
  0.55200E+02 -0.28405E-06 -0.48338E-06  0.94115E-06
  0.55500E+02 -0.36250E-06 -0.14266E-06  0.11272E-05
  0.55800E+02 -0.44166E-06  0.21871E-06  0.13084E-05
  0.56100E+02 -0.52054E-06  0.59716E-06  0.14818E-05
  0.56400E+02 -0.59807E-06  0.98816E-06  0.16445E-05
  0.56700E+02 -0.67307E-06  0.13869E-05  0.17936E-05
  0.57000E+02 -0.74434E-06  0.17881E-05  0.19264E-05
  0.57300E+02 -0.81066E-06  0.21858E-05  0.20403E-05
  0.57600E+02 -0.87083E-06  0.25742E-05  0.21332E-05
  0.57900E+02 -0.92375E-06  0.29477E-05  0.22034E-05
  0.58200E+02 -0.96838E-06  0.33007E-05  0.22495E-05
  0.58500E+02 -0.10038E-05  0.36280E-05  0.22707E-05
  0.58800E+02 -0.10293E-05  0.39248E-05  0.22665E-05
  0.59100E+02 -0.10442E-05  0.41871E-05  0.22368E-05
  0.59400E+02 -0.10482E-05  0.44112E-05  0.21816E-05
  0.59700E+02 -0.10408E-05  0.45940E-05  0.21014E-05
  0.60000E+02 -0.10220E-05  0.47329E-05  0.19969E-05
  0.60300E+02 -0.99176E-06  0.48259E-05  0.18690E-05
  0.60600E+02 -0.95023E-06  0.48715E-05  0.17185E-05
  0.60900E+02 -0.89748E-06  0.48686E-05  0.15469E-05
  0.61200E+02 -0.83421E-06  0.48170E-05  0.13557E-05
  0.61500E+02 -0.76086E-06  0.47170E-05  0.11467E-05
  0.61800E+02 -0.67820E-06  0.45702E-05  0.92233E-06
  0.62100E+02 -0.58715E-06  0.43782E-05  0.68558E-06
  0.62400E+02 -0.48889E-06  0.41431E-05  0.43994E-06
  0.62700E+02 -0.38422E-06  0.38669E-05  0.18938E-06
  0.63000E+02 -0.27461E-06  0.35515E-05 -0.61945E-07
  0.63300E+02 -0.16117E-06  0.31992E-05 -0.31010E-06
  0.63600E+02 -0.45360E-07  0.28131E-05 -0.55178E-06
  0.63900E+02  0.70770E-07  0.23967E-05 -0.78463E-06
  0.64200E+02  0.18523E-06  0.19546E-05 -0.10073E-05
  0.64500E+02  0.29545E-06  0.14904E-05 -0.12192E-05
  0.64800E+02  0.39916E-06  0.10077E-05 -0.14205E-05
  0.65100E+02  0.49399E-06  0.50921E-06 -0.16109E-05
  0.65400E+02  0.57798E-06 -0.30100E-08 -0.17899E-05
  0.65700E+02  0.64914E-06 -0.52625E-06 -0.19561E-05
  0.66000E+02  0.70576E-06 -0.10569E-05 -0.21073E-05
  0.66300E+02  0.74643E-06 -0.15896E-05 -0.22413E-05
  0.66600E+02  0.76958E-06 -0.21180E-05 -0.23560E-05
  0.66900E+02  0.77426E-06 -0.26344E-05 -0.24503E-05
  0.67200E+02  0.75967E-06 -0.31316E-05 -0.25241E-05
  0.67500E+02  0.72544E-06 -0.36030E-05 -0.25779E-05
  0.67800E+02  0.67216E-06 -0.40436E-05 -0.26125E-05
  0.68100E+02  0.60106E-06 -0.44488E-05 -0.26282E-05
  0.68400E+02  0.51452E-06 -0.48155E-05 -0.26255E-05
  0.68700E+02  0.41528E-06 -0.51419E-05 -0.26041E-05
  0.69000E+02  0.30653E-06 -0.54265E-05 -0.25631E-05
  0.69300E+02  0.19141E-06 -0.56680E-05 -0.25014E-05
  0.69600E+02  0.72943E-07 -0.58641E-05 -0.24179E-05
  0.69900E+02 -0.46077E-07 -0.60120E-05 -0.23118E-05
  0.70200E+02 -0.16307E-06 -0.61084E-05 -0.21836E-05
  0.70500E+02 -0.27549E-06 -0.61514E-05 -0.20350E-05
  0.70800E+02 -0.38058E-06 -0.61407E-05 -0.18691E-05
  0.71100E+02 -0.47494E-06 -0.60778E-05 -0.16890E-05
  0.71400E+02 -0.55473E-06 -0.59652E-05 -0.14977E-05
  0.71700E+02 -0.61583E-06 -0.58055E-05 -0.12967E-05
  0.72000E+02 -0.65471E-06 -0.56006E-05 -0.10869E-05
  0.72300E+02 -0.66778E-06 -0.53508E-05 -0.86884E-06
  0.72600E+02 -0.65149E-06 -0.50568E-05 -0.64399E-06
  0.72900E+02 -0.60209E-06 -0.47198E-05 -0.41452E-06
  0.73200E+02 -0.51539E-06 -0.43415E-05 -0.18337E-06
  0.73500E+02 -0.38755E-06 -0.39245E-05  0.46053E-07
  0.73800E+02 -0.21478E-06 -0.34729E-05  0.27067E-06
  0.74100E+02  0.62599E-08 -0.29922E-05  0.48843E-06
  0.74400E+02  0.27871E-06 -0.24877E-05  0.69863E-06
  0.74700E+02  0.60497E-06 -0.19637E-05  0.90142E-06
  0.75000E+02  0.98621E-06 -0.14235E-05  0.10968E-05
  0.75300E+02  0.14220E-05 -0.87060E-06  0.12838E-05
  0.75600E+02  0.19103E-05 -0.30874E-06  0.14604E-05
  0.75900E+02  0.24476E-05  0.25724E-06  0.16236E-05
  0.76200E+02  0.30291E-05  0.82123E-06  0.17703E-05
  0.76500E+02  0.36481E-05  0.13761E-05  0.18984E-05
  0.76800E+02  0.42953E-05  0.19149E-05  0.20068E-05
  0.77100E+02  0.49588E-05  0.24315E-05  0.20955E-05
  0.77400E+02  0.56238E-05  0.29208E-05  0.21644E-05
  0.77700E+02  0.62742E-05  0.33777E-05  0.22127E-05
  0.78000E+02  0.68923E-05  0.37975E-05  0.22390E-05
  0.78300E+02  0.74591E-05  0.41754E-05  0.22412E-05
  0.78600E+02  0.79555E-05  0.45065E-05  0.22177E-05
  0.78900E+02  0.83615E-05  0.47862E-05  0.21679E-05
  0.79200E+02  0.86579E-05  0.50109E-05  0.20924E-05
  0.79500E+02  0.88273E-05  0.51792E-05  0.19920E-05
  0.79800E+02  0.88538E-05  0.52903E-05  0.18681E-05
  0.80100E+02  0.87240E-05  0.53450E-05  0.17218E-05
  0.80400E+02  0.84280E-05  0.53450E-05  0.15547E-05
  0.80700E+02  0.79591E-05  0.52932E-05  0.13693E-05
  0.81000E+02  0.73154E-05  0.51928E-05  0.11694E-05
  0.81300E+02  0.64995E-05  0.50483E-05  0.95988E-06
  0.81600E+02  0.55176E-05  0.48649E-05  0.74664E-06
  0.81900E+02  0.43804E-05  0.46474E-05  0.53588E-06
  0.82200E+02  0.31027E-05  0.44008E-05  0.33382E-06
  0.82500E+02  0.17028E-05  0.41293E-05  0.14695E-06
  0.82800E+02  0.20179E-06  0.38361E-05 -0.18190E-07
  0.83100E+02 -0.13770E-05  0.35223E-05 -0.15529E-06
  0.83400E+02 -0.30092E-05  0.31886E-05 -0.25882E-06
  0.83700E+02 -0.46698E-05  0.28338E-05 -0.32539E-06
  0.84000E+02 -0.63335E-05  0.24553E-05 -0.35372E-06
  0.84300E+02 -0.79758E-05  0.20499E-05 -0.34525E-06
  0.84600E+02 -0.95741E-05  0.16134E-05 -0.30425E-06
  0.84900E+02 -0.11107E-04  0.11426E-05 -0.23741E-06
  0.85200E+02 -0.12556E-04  0.63595E-06 -0.15364E-06
  0.85500E+02 -0.13904E-04  0.94320E-07 -0.63943E-07
  0.85800E+02 -0.15135E-04 -0.47814E-06  0.19151E-07
  0.86100E+02 -0.16237E-04 -0.10734E-05  0.82580E-07
  0.86400E+02 -0.17199E-04 -0.16802E-05  0.11408E-06
  0.86700E+02 -0.18009E-04 -0.22832E-05  0.10379E-06
  0.87000E+02 -0.18659E-04 -0.28648E-05  0.45060E-07
  0.87300E+02 -0.19140E-04 -0.34055E-05 -0.64550E-07
  0.87600E+02 -0.19444E-04 -0.38856E-05 -0.22297E-06
  0.87900E+02 -0.19563E-04 -0.42872E-05 -0.42444E-06
  0.88200E+02 -0.19490E-04 -0.45957E-05 -0.65967E-06
  0.88500E+02 -0.19219E-04 -0.48012E-05 -0.91652E-06
  0.88800E+02 -0.18745E-04 -0.48991E-05 -0.11814E-05
  0.89100E+02 -0.18066E-04 -0.48905E-05 -0.14411E-05
  0.89400E+02 -0.17183E-04 -0.47807E-05 -0.16841E-05
  0.89700E+02 -0.16098E-04 -0.45793E-05 -0.19022E-05
  0.90000E+02 -0.14819E-04 -0.42973E-05 -0.20913E-05
  0.90300E+02 -0.13357E-04 -0.39467E-05 -0.22502E-05
  0.90600E+02 -0.11729E-04 -0.35375E-05 -0.23805E-05
  0.90900E+02 -0.99527E-05 -0.30775E-05 -0.24847E-05
  0.91200E+02 -0.80501E-05 -0.25713E-05 -0.25654E-05
  0.91500E+02 -0.60453E-05 -0.20212E-05 -0.26235E-05
  0.91800E+02 -0.39632E-05 -0.14281E-05 -0.26579E-05
  0.92100E+02 -0.18281E-05 -0.79362E-06 -0.26646E-05
  0.92400E+02  0.33653E-06 -0.12183E-06 -0.26368E-05
  0.92700E+02  0.25089E-05  0.57989E-06 -0.25662E-05
  0.93000E+02  0.46694E-05  0.13004E-05 -0.24445E-05
  0.93300E+02  0.68004E-05  0.20248E-05 -0.22659E-05
  0.93600E+02  0.88854E-05  0.27360E-05 -0.20283E-05
  0.93900E+02  0.10909E-04  0.34160E-05 -0.17342E-05
  0.94200E+02  0.12854E-04  0.40484E-05 -0.13900E-05
  0.94500E+02  0.14706E-04  0.46200E-05 -0.10049E-05
  0.94800E+02  0.16446E-04  0.51221E-05 -0.58933E-06
  0.95100E+02  0.18055E-04  0.55504E-05 -0.15320E-06
  0.95400E+02  0.19515E-04  0.59040E-05  0.29509E-06
  0.95700E+02  0.20807E-04  0.61829E-05  0.74980E-06
  0.96000E+02  0.21913E-04  0.63868E-05  0.12083E-05
  0.96300E+02  0.22820E-04  0.65132E-05  0.16703E-05
  0.96600E+02  0.23517E-04  0.65574E-05  0.21358E-05
  0.96900E+02  0.23997E-04  0.65134E-05  0.26025E-05
  0.97200E+02  0.24257E-04  0.63746E-05  0.30646E-05
  0.97500E+02  0.24298E-04  0.61356E-05  0.35128E-05
  0.97800E+02  0.24125E-04  0.57946E-05  0.39361E-05
  0.98100E+02  0.23743E-04  0.53550E-05  0.43232E-05
  0.98400E+02  0.23161E-04  0.48257E-05  0.46632E-05
  0.98700E+02  0.22388E-04  0.42192E-05  0.49473E-05
  0.99000E+02  0.21432E-04  0.35483E-05  0.51704E-05
  0.99300E+02  0.20306E-04  0.28252E-05  0.53322E-05
  0.99600E+02  0.19019E-04  0.20601E-05  0.54354E-05
  0.99900E+02  0.17583E-04  0.12603E-05  0.54822E-05
  0.10020E+03  0.16010E-04  0.43011E-06  0.54733E-05
  0.10050E+03  0.14316E-04 -0.42687E-06  0.54072E-05
  0.10080E+03  0.12513E-04 -0.13057E-05  0.52809E-05
  0.10110E+03  0.10619E-04 -0.21976E-05  0.50901E-05
  0.10140E+03  0.86504E-05 -0.30902E-05  0.48307E-05
  0.10170E+03  0.66272E-05 -0.39682E-05  0.45018E-05
  0.10200E+03  0.45694E-05 -0.48153E-05  0.41061E-05
  0.10230E+03  0.24984E-05 -0.56164E-05  0.36505E-05
  0.10260E+03  0.43630E-06 -0.63594E-05  0.31440E-05
  0.10290E+03 -0.15952E-05 -0.70369E-05  0.25965E-05
  0.10320E+03 -0.35755E-05 -0.76446E-05  0.20163E-05
  0.10350E+03 -0.54863E-05 -0.81800E-05  0.14094E-05
  0.10380E+03 -0.73117E-05 -0.86406E-05  0.77887E-06
  0.10410E+03 -0.90390E-05 -0.90224E-05  0.12733E-06
  0.10440E+03 -0.10658E-04 -0.93189E-05 -0.54225E-06
  0.10470E+03 -0.12159E-04 -0.95228E-05 -0.12243E-05
  0.10500E+03 -0.13536E-04 -0.96274E-05 -0.19099E-05
  0.10530E+03 -0.14779E-04 -0.96292E-05 -0.25879E-05
  0.10560E+03 -0.15882E-04 -0.95280E-05 -0.32462E-05
  0.10590E+03 -0.16834E-04 -0.93277E-05 -0.38743E-05
  0.10620E+03 -0.17628E-04 -0.90343E-05 -0.44644E-05
  0.10650E+03 -0.18258E-04 -0.86543E-05 -0.50121E-05
  0.10680E+03 -0.18717E-04 -0.81931E-05 -0.55155E-05
  0.10710E+03 -0.19005E-04 -0.76538E-05 -0.59725E-05
  0.10740E+03 -0.19124E-04 -0.70388E-05 -0.63803E-05
  0.10770E+03 -0.19079E-04 -0.63508E-05 -0.67335E-05
  0.10800E+03 -0.18878E-04 -0.55952E-05 -0.70251E-05
  0.10830E+03 -0.18529E-04 -0.47809E-05 -0.72476E-05
  0.10860E+03 -0.18042E-04 -0.39199E-05 -0.73959E-05
  0.10890E+03 -0.17428E-04 -0.30258E-05 -0.74679E-05
  0.10920E+03 -0.16695E-04 -0.21111E-05 -0.74651E-05
  0.10950E+03 -0.15854E-04 -0.11863E-05 -0.73914E-05
  0.10980E+03 -0.14914E-04 -0.25888E-06 -0.72509E-05
  0.11010E+03 -0.13884E-04  0.66593E-06 -0.70466E-05
  0.11040E+03 -0.12776E-04  0.15824E-05 -0.67791E-05
  0.11070E+03 -0.11600E-04  0.24835E-05 -0.64480E-05
  0.11100E+03 -0.10369E-04  0.33594E-05 -0.60536E-05
  0.11130E+03 -0.90945E-05  0.41983E-05 -0.55980E-05
  0.11160E+03 -0.77917E-05  0.49886E-05 -0.50870E-05
  0.11190E+03 -0.64757E-05  0.57202E-05 -0.45290E-05
  0.11220E+03 -0.51615E-05  0.63869E-05 -0.39333E-05
  0.11250E+03 -0.38635E-05  0.69849E-05 -0.33084E-05
  0.11280E+03 -0.25946E-05  0.75127E-05 -0.26603E-05
  0.11310E+03 -0.13651E-05  0.79682E-05 -0.19932E-05
  0.11340E+03 -0.18341E-06  0.83485E-05 -0.13103E-05
  0.11370E+03  0.94456E-06  0.86492E-05 -0.61635E-06
  0.11400E+03  0.20134E-05  0.88659E-05  0.81760E-07
  0.11430E+03  0.30178E-05  0.89961E-05  0.77480E-06
  0.11460E+03  0.39518E-05  0.90400E-05  0.14528E-05
  0.11490E+03  0.48088E-05  0.90006E-05  0.21070E-05
  0.11520E+03  0.55818E-05  0.88825E-05  0.27313E-05
  0.11550E+03  0.62648E-05  0.86905E-05  0.33220E-05
  0.11580E+03  0.68535E-05  0.84275E-05  0.38771E-05
  0.11610E+03  0.73460E-05  0.80954E-05  0.43937E-05
  0.11640E+03  0.77428E-05  0.76965E-05  0.48677E-05
  0.11670E+03  0.80469E-05  0.72342E-05  0.52928E-05
  0.11700E+03  0.82621E-05  0.67151E-05  0.56629E-05
  0.11730E+03  0.83931E-05  0.61480E-05  0.59732E-05
  0.11760E+03  0.84446E-05  0.55425E-05  0.62219E-05
  0.11790E+03  0.84211E-05  0.49074E-05  0.64101E-05
  0.11820E+03  0.83266E-05  0.42496E-05  0.65397E-05
  0.11850E+03  0.81652E-05  0.35736E-05  0.66125E-05
  0.11880E+03  0.79410E-05  0.28837E-05  0.66283E-05
  0.11910E+03  0.76586E-05  0.21854E-05  0.65861E-05
  0.11940E+03  0.73240E-05  0.14862E-05  0.64847E-05
  0.11970E+03  0.69436E-05  0.79518E-06  0.63251E-05
  0.12000E+03  0.65256E-05  0.12130E-06  0.61111E-05
  0.12030E+03  0.60792E-05 -0.52770E-06  0.58481E-05
  0.12060E+03  0.56134E-05 -0.11468E-05  0.55426E-05
  0.12090E+03  0.51367E-05 -0.17326E-05  0.51990E-05
  0.12120E+03  0.46562E-05 -0.22823E-05  0.48206E-05
  0.12150E+03  0.41771E-05 -0.27926E-05  0.44094E-05
  0.12180E+03  0.37034E-05 -0.32586E-05  0.39683E-05
  0.12210E+03  0.32384E-05 -0.36755E-05  0.35020E-05
  0.12240E+03  0.27858E-05 -0.40393E-05  0.30175E-05
  0.12270E+03  0.23502E-05 -0.43486E-05  0.25222E-05
  0.12300E+03  0.19373E-05 -0.46034E-05  0.20229E-05
  0.12330E+03  0.15528E-05 -0.48048E-05  0.15240E-05
  0.12360E+03  0.12019E-05 -0.49539E-05  0.10284E-05
  0.12390E+03  0.88817E-06 -0.50500E-05  0.53872E-06
  0.12420E+03  0.61329E-06 -0.50927E-05  0.58710E-07
  0.12450E+03  0.37703E-06 -0.50821E-05 -0.40625E-06
  0.12480E+03  0.17831E-06 -0.50203E-05 -0.85005E-06
  0.12510E+03  0.15860E-07 -0.49117E-05 -0.12672E-05
  0.12540E+03 -0.11164E-06 -0.47613E-05 -0.16545E-05
  0.12570E+03 -0.20494E-06 -0.45739E-05 -0.20107E-05
  0.12600E+03 -0.26437E-06 -0.43529E-05 -0.23355E-05
  0.12630E+03 -0.29039E-06 -0.41002E-05 -0.26280E-05
  0.12660E+03 -0.28421E-06 -0.38180E-05 -0.28856E-05
  0.12690E+03 -0.24777E-06 -0.35103E-05 -0.31052E-05
  0.12720E+03 -0.18420E-06 -0.31825E-05 -0.32844E-05
  0.12750E+03 -0.97610E-07 -0.28413E-05 -0.34228E-05
  0.12780E+03  0.69801E-08 -0.24924E-05 -0.35220E-05
  0.12810E+03  0.12472E-06 -0.21404E-05 -0.35846E-05
  0.12840E+03  0.25119E-06 -0.17882E-05 -0.36123E-05
  0.12870E+03  0.38312E-06 -0.14383E-05 -0.36058E-05
  0.12900E+03  0.51798E-06 -0.10941E-05 -0.35648E-05
  0.12930E+03  0.65381E-06 -0.75995E-06 -0.34898E-05
  0.12960E+03  0.78828E-06 -0.44064E-06 -0.33830E-05
  0.12990E+03  0.91797E-06 -0.14029E-06 -0.32484E-05
  0.13020E+03  0.10386E-05  0.13844E-06 -0.30903E-05
  0.13050E+03  0.11455E-05  0.39427E-06 -0.29124E-05
  0.13080E+03  0.12348E-05  0.62627E-06 -0.27168E-05
  0.13110E+03  0.13038E-05  0.83285E-06 -0.25046E-05
  0.13140E+03  0.13511E-05  0.10119E-05 -0.22780E-05
  0.13170E+03  0.13765E-05  0.11613E-05 -0.20403E-05
  0.13200E+03  0.13802E-05  0.12804E-05 -0.17963E-05
  0.13230E+03  0.13614E-05  0.13695E-05 -0.15505E-05
  0.13260E+03  0.13192E-05  0.14305E-05 -0.13061E-05
  0.13290E+03  0.12520E-05  0.14645E-05 -0.10648E-05
  0.13320E+03  0.11589E-05  0.14723E-05 -0.82779E-06
  0.13350E+03  0.10400E-05  0.14537E-05 -0.59680E-06
  0.13380E+03  0.89648E-06  0.14095E-05 -0.37503E-06
  0.13410E+03  0.73051E-06  0.13413E-05 -0.16612E-06
  0.13440E+03  0.54454E-06  0.12524E-05  0.27011E-07
  0.13470E+03  0.34083E-06  0.11463E-05  0.20312E-06
  0.13500E+03  0.12126E-06  0.10260E-05  0.36221E-06
  0.13530E+03 -0.11257E-06  0.89315E-06  0.50443E-06
  0.13560E+03 -0.35892E-06  0.74905E-06  0.62895E-06
  0.13590E+03 -0.61565E-06  0.59557E-06  0.73405E-06
  0.13620E+03 -0.87992E-06  0.43594E-06  0.81812E-06
  0.13650E+03 -0.11483E-05  0.27405E-06  0.88082E-06
  0.13680E+03 -0.14173E-05  0.11344E-06  0.92334E-06
  0.13710E+03 -0.16834E-05 -0.43540E-07  0.94749E-06
  0.13740E+03 -0.19439E-05 -0.19520E-06  0.95456E-06
  0.13770E+03 -0.21964E-05 -0.34048E-06  0.94474E-06
  0.13800E+03 -0.24391E-05 -0.47731E-06  0.91786E-06
  0.13830E+03 -0.26695E-05 -0.60312E-06  0.87447E-06
  0.13860E+03 -0.28851E-05 -0.71496E-06  0.81650E-06
  0.13890E+03 -0.30829E-05 -0.81124E-06  0.74676E-06
  0.13920E+03 -0.32602E-05 -0.89116E-06  0.66772E-06
  0.13950E+03 -0.34152E-05 -0.95471E-06  0.58084E-06
  0.13980E+03 -0.35466E-05 -0.10015E-05  0.48677E-06
  0.14010E+03 -0.36538E-05 -0.10305E-05  0.38645E-06
  0.14040E+03 -0.37359E-05 -0.10407E-05  0.28186E-06
  0.14070E+03 -0.37919E-05 -0.10316E-05  0.17589E-06
  0.14100E+03 -0.38209E-05 -0.10038E-05  0.71222E-07
  0.14130E+03 -0.38221E-05 -0.95867E-06 -0.30494E-07
  0.14160E+03 -0.37958E-05 -0.89735E-06 -0.12857E-06
  0.14190E+03 -0.37426E-05 -0.82047E-06 -0.22243E-06
  0.14220E+03 -0.36636E-05 -0.72831E-06 -0.31067E-06
  0.14250E+03 -0.35595E-05 -0.62172E-06 -0.39110E-06
  0.14280E+03 -0.34311E-05 -0.50247E-06 -0.46169E-06
  0.14310E+03 -0.32796E-05 -0.37290E-06 -0.52140E-06
  0.14340E+03 -0.31064E-05 -0.23511E-06 -0.57027E-06
  0.14370E+03 -0.29135E-05 -0.90596E-07 -0.60851E-06
  0.14400E+03 -0.27028E-05  0.59522E-07 -0.63571E-06
  0.14430E+03 -0.24765E-05  0.21374E-06 -0.65077E-06
  0.14460E+03 -0.22365E-05  0.36989E-06 -0.65273E-06
  0.14490E+03 -0.19851E-05  0.52536E-06 -0.64159E-06
  0.14520E+03 -0.17243E-05  0.67796E-06 -0.61835E-06
  0.14550E+03 -0.14566E-05  0.82618E-06 -0.58414E-06
  0.14580E+03 -0.11845E-05  0.96893E-06 -0.53947E-06
  0.14610E+03 -0.91034E-06  0.11049E-05 -0.48420E-06
  0.14640E+03 -0.63638E-06  0.12321E-05 -0.41858E-06
  0.14670E+03 -0.36470E-06  0.13487E-05 -0.34334E-06
  0.14700E+03 -0.97461E-07  0.14532E-05 -0.26039E-06
  0.14730E+03  0.16325E-06  0.15446E-05 -0.17144E-06
  0.14760E+03  0.41539E-06  0.16227E-05 -0.77480E-07
  0.14790E+03  0.65713E-06  0.16869E-05  0.21060E-07
  0.14820E+03  0.88693E-06  0.17361E-05  0.12339E-06
  0.14850E+03  0.11033E-05  0.17695E-05  0.22809E-06
  0.14880E+03  0.13051E-05  0.17867E-05  0.33295E-06
  0.14910E+03  0.14910E-05  0.17880E-05  0.43652E-06
  0.14940E+03  0.16602E-05  0.17740E-05  0.53767E-06
  0.14970E+03  0.18117E-05  0.17450E-05  0.63600E-06
  0.15000E+03  0.19451E-05  0.17011E-05  0.73067E-06
  0.15030E+03  0.20603E-05  0.16424E-05  0.82009E-06
  0.15060E+03  0.21569E-05  0.15697E-05  0.90264E-06
  0.15090E+03  0.22351E-05  0.14844E-05  0.97726E-06
  0.15120E+03  0.22947E-05  0.13878E-05  0.10436E-05
  0.15150E+03  0.23364E-05  0.12809E-05  0.11015E-05
  0.15180E+03  0.23608E-05  0.11643E-05  0.11504E-05
  0.15210E+03  0.23684E-05  0.10392E-05  0.11892E-05
  0.15240E+03  0.23603E-05  0.90720E-06  0.12171E-05
  0.15270E+03  0.23370E-05  0.77000E-06  0.12341E-05
  0.15300E+03  0.22997E-05  0.62909E-06  0.12405E-05
  0.15330E+03  0.22496E-05  0.48556E-06  0.12367E-05
  0.15360E+03  0.21880E-05  0.34056E-06  0.12224E-05
  0.15390E+03  0.21161E-05  0.19549E-06  0.11973E-05
  0.15420E+03  0.20350E-05  0.52080E-07  0.11619E-05
  0.15450E+03  0.19462E-05 -0.88200E-07  0.11167E-05
  0.15480E+03  0.18510E-05 -0.22426E-06  0.10629E-05
  0.15510E+03  0.17506E-05 -0.35530E-06  0.10010E-05
  0.15540E+03  0.16465E-05 -0.48033E-06  0.93116E-06
  0.15570E+03  0.15399E-05 -0.59802E-06  0.85398E-06
  0.15600E+03  0.14318E-05 -0.70733E-06  0.77055E-06
  0.15630E+03  0.13235E-05 -0.80753E-06  0.68214E-06
  0.15660E+03  0.12162E-05 -0.89825E-06  0.58973E-06
  0.15690E+03  0.11107E-05 -0.97908E-06  0.49392E-06
  0.15720E+03  0.10080E-05 -0.10495E-05  0.39538E-06
  0.15750E+03  0.90888E-06 -0.11089E-05  0.29521E-06
  0.15780E+03  0.81395E-06 -0.11571E-05  0.19474E-06
  0.15810E+03  0.72389E-06 -0.11944E-05  0.95002E-07
  0.15840E+03  0.63920E-06 -0.12209E-05 -0.33570E-08
  0.15870E+03  0.56023E-06 -0.12367E-05 -0.99720E-07
  0.15900E+03  0.48721E-06 -0.12420E-05 -0.19320E-06
  0.15930E+03  0.42036E-06 -0.12369E-05 -0.28269E-06
  0.15960E+03  0.35972E-06 -0.12224E-05 -0.36739E-06
  0.15990E+03  0.30521E-06 -0.11989E-05 -0.44686E-06
  0.16020E+03  0.25672E-06 -0.11671E-05 -0.52076E-06
  0.16050E+03  0.21415E-06 -0.11274E-05 -0.58849E-06
  0.16080E+03  0.17693E-06 -0.10807E-05 -0.64941E-06
  0.16110E+03  0.14491E-06 -0.10279E-05 -0.70311E-06
  0.16140E+03  0.11770E-06 -0.96991E-06 -0.74952E-06
  0.16170E+03  0.94680E-07 -0.90745E-06 -0.78863E-06
  0.16200E+03  0.75230E-07 -0.84129E-06 -0.82026E-06
  0.16230E+03  0.59060E-07 -0.77233E-06 -0.84419E-06
  0.16260E+03  0.45340E-07 -0.70152E-06 -0.86052E-06
  0.16290E+03  0.33710E-07 -0.62976E-06 -0.86955E-06
  0.16320E+03  0.23340E-07 -0.55774E-06 -0.87157E-06
  0.16350E+03  0.13820E-07 -0.48618E-06 -0.86675E-06
  0.16380E+03  0.43599E-08 -0.41587E-06 -0.85530E-06
  0.16410E+03 -0.54001E-08 -0.34754E-06 -0.83772E-06
  0.16440E+03 -0.15980E-07 -0.28182E-06 -0.81454E-06
  0.16470E+03 -0.27990E-07 -0.21917E-06 -0.78625E-06
  0.16500E+03 -0.41860E-07 -0.16010E-06 -0.75327E-06
  0.16530E+03 -0.57840E-07 -0.10507E-06 -0.71613E-06
  0.16560E+03 -0.76390E-07 -0.54459E-07 -0.67548E-06
  0.16590E+03 -0.97750E-07 -0.85070E-08 -0.63193E-06
  0.16620E+03 -0.12203E-06  0.32617E-07 -0.58602E-06
  0.16650E+03 -0.14954E-06  0.68741E-07 -0.53831E-06
  0.16680E+03 -0.18020E-06  0.99800E-07 -0.48941E-06
  0.16710E+03 -0.21398E-06  0.12581E-06 -0.43991E-06
  0.16740E+03 -0.25102E-06  0.14687E-06 -0.39034E-06
  0.16770E+03 -0.29105E-06  0.16312E-06 -0.34120E-06
  0.16800E+03 -0.33390E-06  0.17473E-06 -0.29298E-06
  0.16830E+03 -0.37931E-06  0.18198E-06 -0.24614E-06
  0.16860E+03 -0.42700E-06  0.18515E-06 -0.20112E-06
  0.16890E+03 -0.47661E-06  0.18461E-06 -0.15824E-06
  0.16920E+03 -0.52773E-06  0.18072E-06 -0.11786E-06
  0.16950E+03 -0.57993E-06  0.17389E-06 -0.80236E-07
  0.16980E+03 -0.63274E-06  0.16456E-06 -0.45607E-07
  0.17010E+03 -0.68563E-06  0.15315E-06 -0.14145E-07
  0.17040E+03 -0.73813E-06  0.14016E-06  0.14023E-07
  0.17070E+03 -0.78966E-06  0.12602E-06  0.38816E-07
  0.17100E+03 -0.83971E-06  0.11120E-06  0.60207E-07
  0.17130E+03 -0.88772E-06  0.96130E-07  0.78214E-07
  0.17160E+03 -0.93313E-06  0.81240E-07  0.92899E-07
  0.17190E+03 -0.97557E-06  0.66950E-07  0.10436E-06
  0.17220E+03 -0.10143E-05  0.53650E-07  0.11276E-06
  0.17250E+03 -0.10491E-05  0.41690E-07  0.11824E-06
  0.17280E+03 -0.10794E-05  0.31368E-07  0.12103E-06
  0.17310E+03 -0.11048E-05  0.22987E-07  0.12137E-06
  0.17340E+03 -0.11250E-05  0.16771E-07  0.11951E-06
  0.17370E+03 -0.11396E-05  0.12935E-07  0.11573E-06
  0.17400E+03 -0.11484E-05  0.11602E-07  0.11033E-06
  0.17430E+03 -0.11512E-05  0.12904E-07  0.10360E-06
  0.17460E+03 -0.11479E-05  0.16884E-07  0.95849E-07
  0.17490E+03 -0.11383E-05  0.23553E-07  0.87400E-07
  0.17520E+03 -0.11225E-05  0.32896E-07  0.78535E-07
  0.17550E+03 -0.11003E-05  0.44831E-07  0.69559E-07
  0.17580E+03 -0.10721E-05  0.59232E-07  0.60756E-07
  0.17610E+03 -0.10377E-05  0.75955E-07  0.52402E-07
  0.17640E+03 -0.99742E-06  0.94804E-07  0.44739E-07
  0.17670E+03 -0.95160E-06  0.11556E-06  0.38000E-07
  0.17700E+03 -0.90045E-06  0.13795E-06  0.32388E-07
  0.17730E+03 -0.84428E-06  0.16171E-06  0.28085E-07
  0.17760E+03 -0.78356E-06  0.18654E-06  0.25243E-07
  0.17790E+03 -0.71864E-06  0.21211E-06  0.23969E-07
  0.17820E+03 -0.64998E-06  0.23810E-06  0.24380E-07
  0.17850E+03 -0.57808E-06  0.26413E-06  0.26511E-07
  0.17880E+03 -0.50344E-06  0.28995E-06  0.30410E-07
  0.17910E+03 -0.42657E-06  0.31520E-06  0.36057E-07
  0.17940E+03 -0.34802E-06  0.33941E-06  0.43438E-07
  0.17970E+03 -0.26834E-06  0.36242E-06  0.52488E-07
  0.18000E+03 -0.18806E-06  0.38384E-06  0.63111E-07
  0.18030E+03 -0.10774E-06  0.40336E-06  0.75198E-07
  0.18060E+03 -0.27914E-07  0.42075E-06  0.88617E-07
  0.18090E+03  0.50905E-07  0.43571E-06  0.10320E-06
  0.18120E+03  0.12821E-06  0.44812E-06  0.11878E-06
  0.18150E+03  0.20351E-06  0.45765E-06  0.13515E-06
  0.18180E+03  0.27634E-06  0.46421E-06  0.15211E-06
  0.18210E+03  0.34628E-06  0.46766E-06  0.16943E-06
  0.18240E+03  0.41294E-06  0.46793E-06  0.18690E-06
  0.18270E+03  0.47596E-06  0.46499E-06  0.20429E-06
  0.18300E+03  0.53499E-06  0.45873E-06  0.22137E-06
  0.18330E+03  0.58978E-06  0.44917E-06  0.23790E-06
  0.18360E+03  0.64008E-06  0.43635E-06  0.25367E-06
  0.18390E+03  0.68570E-06  0.42044E-06  0.26845E-06
  0.18420E+03  0.72646E-06  0.40143E-06  0.28205E-06
  0.18450E+03  0.76228E-06  0.37956E-06  0.29426E-06
  0.18480E+03  0.79307E-06  0.35495E-06  0.30490E-06
  0.18510E+03  0.81881E-06  0.32783E-06  0.31383E-06
  0.18540E+03  0.83951E-06  0.29838E-06  0.32090E-06
  0.18570E+03  0.85522E-06  0.26687E-06  0.32597E-06
  0.18600E+03  0.86605E-06  0.23357E-06  0.32896E-06
  0.18630E+03  0.87210E-06  0.19872E-06  0.32979E-06
  0.18660E+03  0.87355E-06  0.16265E-06  0.32840E-06
  0.18690E+03  0.87057E-06  0.12563E-06  0.32477E-06
  0.18720E+03  0.86338E-06  0.87977E-07  0.31888E-06
  0.18750E+03  0.85221E-06  0.49990E-07  0.31076E-06
  0.18780E+03  0.83733E-06  0.11971E-07  0.30044E-06
  0.18810E+03  0.81901E-06 -0.25773E-07  0.28799E-06
  0.18840E+03  0.79754E-06 -0.62948E-07  0.27351E-06
  0.18870E+03  0.77321E-06 -0.99270E-07  0.25707E-06
  0.18900E+03  0.74632E-06 -0.13448E-06  0.23883E-06
  0.18930E+03  0.71719E-06 -0.16831E-06  0.21893E-06
  0.18960E+03  0.68612E-06 -0.20053E-06  0.19751E-06
  0.18990E+03  0.65341E-06 -0.23094E-06  0.17475E-06
  0.19020E+03  0.61936E-06 -0.25925E-06  0.15084E-06
  0.19050E+03  0.58427E-06 -0.28546E-06  0.12596E-06
  0.19080E+03  0.54841E-06 -0.30929E-06  0.10033E-06
  0.19110E+03  0.51204E-06 -0.33056E-06  0.74144E-07
  0.19140E+03  0.47541E-06 -0.34931E-06  0.47612E-07
  0.19170E+03  0.43874E-06 -0.36544E-06  0.20955E-07
  0.19200E+03  0.40229E-06 -0.37888E-06 -0.56340E-08
  0.19230E+03  0.36619E-06 -0.38957E-06 -0.31942E-07
  0.19260E+03  0.33075E-06 -0.39756E-06 -0.57773E-07
  0.19290E+03  0.29587E-06 -0.40285E-06 -0.82933E-07
  0.19320E+03  0.26193E-06 -0.40551E-06 -0.10724E-06
  0.19350E+03  0.22890E-06 -0.40559E-06 -0.13052E-06
  0.19380E+03  0.19692E-06 -0.40320E-06 -0.15262E-06
  0.19410E+03  0.16608E-06 -0.39845E-06 -0.17339E-06
  0.19440E+03  0.13639E-06 -0.39148E-06 -0.19271E-06
  0.19470E+03  0.10788E-06 -0.38242E-06 -0.21045E-06
  0.19500E+03  0.80586E-07 -0.37141E-06 -0.22652E-06
  0.19530E+03  0.54486E-07 -0.35865E-06 -0.24084E-06
  0.19560E+03  0.29574E-07 -0.34430E-06 -0.25335E-06
  0.19590E+03  0.58180E-08 -0.32855E-06 -0.26400E-06
  0.19620E+03 -0.16823E-07 -0.31157E-06 -0.27276E-06
  0.19650E+03 -0.38397E-07 -0.29358E-06 -0.27964E-06
  0.19680E+03 -0.58975E-07 -0.27475E-06 -0.28462E-06
  0.19710E+03 -0.78603E-07 -0.25528E-06 -0.28775E-06
  0.19740E+03 -0.97366E-07 -0.23534E-06 -0.28905E-06
  0.19770E+03 -0.11533E-06 -0.21514E-06 -0.28859E-06
  0.19800E+03 -0.13257E-06 -0.19482E-06 -0.28641E-06
  0.19830E+03 -0.14916E-06 -0.17454E-06 -0.28262E-06
  0.19860E+03 -0.16517E-06 -0.15449E-06 -0.27731E-06
  0.19890E+03 -0.18061E-06 -0.13479E-06 -0.27055E-06
  0.19920E+03 -0.19558E-06 -0.11558E-06 -0.26249E-06
  0.19950E+03 -0.21026E-06 -0.96959E-07 -0.25324E-06
  0.19980E+03 -0.22447E-06 -0.79044E-07 -0.24289E-06
  0.20010E+03 -0.23832E-06 -0.61929E-07 -0.23161E-06
  0.20040E+03 -0.25192E-06 -0.45667E-07 -0.21949E-06
  0.20070E+03 -0.26519E-06 -0.30341E-07 -0.20670E-06
  0.20100E+03 -0.27824E-06 -0.15991E-07 -0.19335E-06
  0.20130E+03 -0.29095E-06 -0.26350E-08 -0.17957E-06
  0.20160E+03 -0.30348E-06  0.96990E-08 -0.16550E-06
  0.20190E+03 -0.31554E-06  0.21011E-07 -0.15124E-06
  0.20220E+03 -0.32734E-06  0.31299E-07 -0.13692E-06
  0.20250E+03 -0.33875E-06  0.40604E-07 -0.12266E-06
  0.20280E+03 -0.34974E-06  0.48937E-07 -0.10855E-06
  0.20310E+03 -0.36017E-06  0.56357E-07 -0.94684E-07
  0.20340E+03 -0.37005E-06  0.62897E-07 -0.81163E-07
  0.20370E+03 -0.37927E-06  0.68624E-07 -0.68068E-07
  0.20400E+03 -0.38784E-06  0.73590E-07 -0.55444E-07
  0.20430E+03 -0.39564E-06  0.77882E-07 -0.43382E-07
  0.20460E+03 -0.40257E-06  0.81559E-07 -0.31909E-07
  0.20490E+03 -0.40855E-06  0.84695E-07 -0.21068E-07
  0.20520E+03 -0.41351E-06  0.87362E-07 -0.10901E-07
  0.20550E+03 -0.41738E-06  0.89649E-07 -0.14130E-08
  0.20580E+03 -0.42007E-06  0.91616E-07  0.73750E-08
  0.20610E+03 -0.42151E-06  0.93337E-07  0.15473E-07
  0.20640E+03 -0.42165E-06  0.94890E-07  0.22865E-07
  0.20670E+03 -0.42040E-06  0.96330E-07  0.29587E-07
  0.20700E+03 -0.41774E-06  0.97707E-07  0.35662E-07
  0.20730E+03 -0.41360E-06  0.99089E-07  0.41095E-07
  0.20760E+03 -0.40795E-06  0.10052E-06  0.45939E-07
  0.20790E+03 -0.40079E-06  0.10203E-06  0.50232E-07
  0.20820E+03 -0.39211E-06  0.10366E-06  0.54002E-07
  0.20850E+03 -0.38175E-06  0.10543E-06  0.57308E-07
  0.20880E+03 -0.37002E-06  0.10736E-06  0.60199E-07
  0.20910E+03 -0.35659E-06  0.10946E-06  0.62707E-07
  0.20940E+03 -0.34183E-06  0.11172E-06  0.64906E-07
  0.20970E+03 -0.32552E-06  0.11414E-06  0.66830E-07
  0.21000E+03 -0.30785E-06  0.11670E-06  0.68524E-07
  0.21030E+03 -0.28886E-06  0.11939E-06  0.70045E-07
  0.21060E+03 -0.26851E-06  0.12218E-06  0.71431E-07
  0.21090E+03 -0.24704E-06  0.12503E-06  0.72729E-07
  0.21120E+03 -0.22459E-06  0.12790E-06  0.73978E-07
  0.21150E+03 -0.20110E-06  0.13076E-06  0.75199E-07
  0.21180E+03 -0.17665E-06  0.13355E-06  0.76436E-07
  0.21210E+03 -0.15162E-06  0.13623E-06  0.77710E-07
  0.21240E+03 -0.12584E-06  0.13874E-06  0.79032E-07
  0.21270E+03 -0.99720E-07  0.14103E-06  0.80428E-07
  0.21300E+03 -0.73150E-07  0.14305E-06  0.81903E-07
  0.21330E+03 -0.46390E-07  0.14474E-06  0.83460E-07
  0.21360E+03 -0.19510E-07  0.14606E-06  0.85090E-07
  0.21390E+03  0.72260E-08  0.14694E-06  0.86800E-07
  0.21420E+03  0.33776E-07  0.14735E-06  0.88530E-07
  0.21450E+03  0.59987E-07  0.14723E-06  0.90400E-07
  0.21480E+03  0.85724E-07  0.14655E-06  0.92260E-07
  0.21510E+03  0.11084E-06  0.14529E-06  0.94100E-07
  0.21540E+03  0.13522E-06  0.14338E-06  0.95900E-07
  0.21570E+03  0.15874E-06  0.14084E-06  0.97760E-07
  0.21600E+03  0.18129E-06  0.13762E-06  0.99450E-07
  0.21630E+03  0.20276E-06  0.13372E-06  0.10105E-06
  0.21660E+03  0.22305E-06  0.12913E-06  0.10249E-06
  0.21690E+03  0.24208E-06  0.12386E-06  0.10375E-06
  0.21720E+03  0.25974E-06  0.11791E-06  0.10479E-06
  0.21750E+03  0.27600E-06  0.11130E-06  0.10558E-06
  0.21780E+03  0.29080E-06  0.10405E-06  0.10608E-06
  0.21810E+03  0.30399E-06  0.96193E-07  0.10626E-06
  0.21840E+03  0.31569E-06  0.87751E-07  0.10609E-06
  0.21870E+03  0.32581E-06  0.78778E-07  0.10554E-06
  0.21900E+03  0.33423E-06  0.69315E-07  0.10458E-06
  0.21930E+03  0.34109E-06  0.59408E-07  0.10320E-06
  0.21960E+03  0.34639E-06  0.49126E-07  0.10137E-06
  0.21990E+03  0.34992E-06  0.38508E-07  0.99092E-07
  0.22020E+03  0.35200E-06  0.27641E-07  0.96349E-07
  0.22050E+03  0.35248E-06  0.16576E-07  0.93135E-07
  0.22080E+03  0.35152E-06  0.53830E-08  0.89447E-07
  0.22110E+03  0.34895E-06 -0.58670E-08  0.85287E-07
  0.22140E+03  0.34507E-06 -0.17107E-07  0.80680E-07
  0.22170E+03  0.33983E-06 -0.28258E-07  0.75618E-07
  0.22200E+03  0.33335E-06 -0.39263E-07  0.70128E-07
  0.22230E+03  0.32560E-06 -0.50043E-07  0.64230E-07
  0.22260E+03  0.31673E-06 -0.60535E-07  0.57954E-07
  0.22290E+03  0.30682E-06 -0.70676E-07  0.51338E-07
  0.22320E+03  0.29595E-06 -0.80403E-07  0.44398E-07
  0.22350E+03  0.28419E-06 -0.89659E-07  0.37177E-07
  0.22380E+03  0.27165E-06 -0.98390E-07  0.29722E-07
  0.22410E+03  0.25839E-06 -0.10655E-06  0.22069E-07
  0.22440E+03  0.24453E-06 -0.11409E-06  0.14261E-07
  0.22470E+03  0.23013E-06 -0.12097E-06  0.63440E-08
  0.22500E+03  0.21529E-06 -0.12716E-06 -0.16230E-08
  0.22530E+03  0.20008E-06 -0.13263E-06 -0.96060E-08
  0.22560E+03  0.18460E-06 -0.13735E-06 -0.17542E-07
  0.22590E+03  0.16892E-06 -0.14133E-06 -0.25390E-07
  0.22620E+03  0.15311E-06 -0.14453E-06 -0.33110E-07
  0.22650E+03  0.13725E-06 -0.14695E-06 -0.40644E-07
  0.22680E+03  0.12139E-06 -0.14861E-06 -0.47956E-07
  0.22710E+03  0.10563E-06 -0.14951E-06 -0.54987E-07
  0.22740E+03  0.89987E-07 -0.14964E-06 -0.61711E-07
  0.22770E+03  0.74530E-07 -0.14904E-06 -0.68083E-07
  0.22800E+03  0.59324E-07 -0.14772E-06 -0.74074E-07
  0.22830E+03  0.44388E-07 -0.14572E-06 -0.79633E-07
  0.22860E+03  0.29784E-07 -0.14306E-06 -0.84750E-07
  0.22890E+03  0.15531E-07 -0.13978E-06 -0.89394E-07
  0.22920E+03  0.16770E-08 -0.13591E-06 -0.93540E-07
  0.22950E+03 -0.11750E-07 -0.13150E-06 -0.97170E-07
  0.22980E+03 -0.24730E-07 -0.12659E-06 -0.10027E-06
  0.23010E+03 -0.37290E-07 -0.12122E-06 -0.10283E-06
  0.23040E+03 -0.49420E-07 -0.11544E-06 -0.10486E-06
  0.23070E+03 -0.60960E-07 -0.10931E-06 -0.10633E-06
  0.23100E+03 -0.72051E-07 -0.10286E-06 -0.10727E-06
  0.23130E+03 -0.82669E-07 -0.96147E-07 -0.10766E-06
  0.23160E+03 -0.92689E-07 -0.89219E-07 -0.10753E-06
  0.23190E+03 -0.10226E-06 -0.82125E-07 -0.10688E-06
  0.23220E+03 -0.11132E-06 -0.74909E-07 -0.10574E-06
  0.23250E+03 -0.11986E-06 -0.67619E-07 -0.10412E-06
  0.23280E+03 -0.12790E-06 -0.60300E-07 -0.10205E-06
  0.23310E+03 -0.13543E-06 -0.52985E-07 -0.99535E-07
  0.23340E+03 -0.14247E-06 -0.45718E-07 -0.96629E-07
  0.23370E+03 -0.14900E-06 -0.38540E-07 -0.93337E-07
  0.23400E+03 -0.15503E-06 -0.31478E-07 -0.89718E-07
  0.23430E+03 -0.16058E-06 -0.24563E-07 -0.85768E-07
  0.23460E+03 -0.16564E-06 -0.17826E-07 -0.81556E-07
  0.23490E+03 -0.17022E-06 -0.11297E-07 -0.77091E-07
  0.23520E+03 -0.17431E-06 -0.49870E-08 -0.72409E-07
  0.23550E+03 -0.17792E-06  0.10790E-08 -0.67560E-07
  0.23580E+03 -0.18105E-06  0.68900E-08 -0.62567E-07
  0.23610E+03 -0.18371E-06  0.12439E-07 -0.57454E-07
  0.23640E+03 -0.18589E-06  0.17699E-07 -0.52266E-07
  0.23670E+03 -0.18759E-06  0.22668E-07 -0.47037E-07
  0.23700E+03 -0.18881E-06  0.27357E-07 -0.41788E-07
  0.23730E+03 -0.18955E-06  0.31753E-07 -0.36550E-07
  0.23760E+03 -0.18982E-06  0.35855E-07 -0.31351E-07
  0.23790E+03 -0.18959E-06  0.39674E-07 -0.26216E-07
  0.23820E+03 -0.18889E-06  0.43205E-07 -0.21166E-07
  0.23850E+03 -0.18770E-06  0.46462E-07 -0.16225E-07
  0.23880E+03 -0.18602E-06  0.49451E-07 -0.11412E-07
  0.23910E+03 -0.18386E-06  0.52179E-07 -0.67410E-08
  0.23940E+03 -0.18120E-06  0.54658E-07 -0.22300E-08
  0.23970E+03 -0.17806E-06  0.56898E-07  0.21030E-08
  0.24000E+03 -0.17444E-06  0.58910E-07  0.62580E-08
  0.24030E+03 -0.17035E-06  0.60705E-07  0.10228E-07
  0.24060E+03 -0.16576E-06  0.62298E-07  0.13996E-07
  0.24090E+03 -0.16072E-06  0.63688E-07  0.17560E-07
  0.24120E+03 -0.15522E-06  0.64900E-07  0.20924E-07
  0.24150E+03 -0.14927E-06  0.65946E-07  0.24079E-07
  0.24180E+03 -0.14287E-06  0.66816E-07  0.27028E-07
  0.24210E+03 -0.13606E-06  0.67536E-07  0.29774E-07
  0.24240E+03 -0.12883E-06  0.68111E-07  0.32318E-07
  0.24270E+03 -0.12123E-06  0.68552E-07  0.34665E-07
  0.24300E+03 -0.11325E-06  0.68849E-07  0.36821E-07
  0.24330E+03 -0.10491E-06  0.69026E-07  0.38792E-07
  0.24360E+03 -0.96267E-07  0.69076E-07  0.40583E-07
  0.24390E+03 -0.87328E-07  0.69010E-07  0.42203E-07
  0.24420E+03 -0.78112E-07  0.68823E-07  0.43656E-07
  0.24450E+03 -0.68673E-07  0.68519E-07  0.44949E-07
  0.24480E+03 -0.59030E-07  0.68097E-07  0.46097E-07
  0.24510E+03 -0.49214E-07  0.67562E-07  0.47100E-07
  0.24540E+03 -0.39266E-07  0.66898E-07  0.47971E-07
  0.24570E+03 -0.29222E-07  0.66120E-07  0.48712E-07
  0.24600E+03 -0.19131E-07  0.65218E-07  0.49331E-07
  0.24630E+03 -0.90060E-08  0.64187E-07  0.49828E-07
  0.24660E+03  0.10884E-08  0.63038E-07  0.50223E-07
  0.24690E+03  0.11125E-07  0.61745E-07  0.50504E-07
  0.24720E+03  0.21061E-07  0.60319E-07  0.50687E-07
  0.24750E+03  0.30856E-07  0.58756E-07  0.50772E-07
  0.24780E+03  0.40473E-07  0.57051E-07  0.50751E-07
  0.24810E+03  0.49868E-07  0.55203E-07  0.50648E-07
  0.24840E+03  0.59011E-07  0.53213E-07  0.50447E-07
  0.24870E+03  0.67863E-07  0.51072E-07  0.50160E-07
  0.24900E+03  0.76376E-07  0.48780E-07  0.49770E-07
  0.24930E+03  0.84540E-07  0.46349E-07  0.49299E-07
  0.24960E+03  0.92297E-07  0.43773E-07  0.48727E-07
  0.24990E+03  0.99635E-07  0.41052E-07  0.48068E-07
  0.25020E+03  0.10651E-06  0.38198E-07  0.47311E-07
  0.25050E+03  0.11292E-06  0.35204E-07  0.46460E-07
  0.25080E+03  0.11882E-06  0.32093E-07  0.45508E-07
  0.25110E+03  0.12420E-06  0.28856E-07  0.44462E-07
  0.25140E+03  0.12904E-06  0.25499E-07  0.43309E-07
  0.25170E+03  0.13332E-06  0.22047E-07  0.42063E-07
  0.25200E+03  0.13704E-06  0.18504E-07  0.40708E-07
  0.25230E+03  0.14018E-06  0.14875E-07  0.39241E-07
  0.25260E+03  0.14274E-06  0.11184E-07  0.37676E-07
  0.25290E+03  0.14472E-06  0.74430E-08  0.36004E-07
  0.25320E+03  0.14611E-06  0.36560E-08  0.34227E-07
  0.25350E+03  0.14692E-06 -0.15700E-09  0.32348E-07
  0.25380E+03  0.14716E-06 -0.39820E-08  0.30366E-07
  0.25410E+03  0.14682E-06 -0.77950E-08  0.28289E-07
  0.25440E+03  0.14593E-06 -0.11588E-07  0.26105E-07
  0.25470E+03  0.14449E-06 -0.15334E-07  0.23844E-07
  0.25500E+03  0.14253E-06 -0.19026E-07  0.21492E-07
  0.25530E+03  0.14006E-06 -0.22643E-07  0.19049E-07
  0.25560E+03  0.13710E-06 -0.26168E-07  0.16543E-07
  0.25590E+03  0.13367E-06 -0.29579E-07  0.13962E-07
  0.25620E+03  0.12980E-06 -0.32875E-07  0.11331E-07
  0.25650E+03  0.12551E-06 -0.36025E-07  0.86380E-08
  0.25680E+03  0.12084E-06 -0.39024E-07  0.59120E-08
  0.25710E+03  0.11580E-06 -0.41841E-07  0.31560E-08
  0.25740E+03  0.11043E-06 -0.44485E-07  0.37801E-09
  0.25770E+03  0.10475E-06 -0.46932E-07 -0.24110E-08
  0.25800E+03  0.98806E-07 -0.49178E-07 -0.51970E-08
  0.25830E+03  0.92617E-07 -0.51195E-07 -0.79690E-08
  0.25860E+03  0.86209E-07 -0.52993E-07 -0.10708E-07
  0.25890E+03  0.79630E-07 -0.54559E-07 -0.13420E-07
  0.25920E+03  0.72894E-07 -0.55892E-07 -0.16075E-07
  0.25950E+03  0.66039E-07 -0.56979E-07 -0.18672E-07
  0.25980E+03  0.59093E-07 -0.57814E-07 -0.21186E-07
  0.26010E+03  0.52094E-07 -0.58403E-07 -0.23623E-07
  0.26040E+03  0.45055E-07 -0.58739E-07 -0.25959E-07
  0.26070E+03  0.38012E-07 -0.58840E-07 -0.28189E-07
  0.26100E+03  0.30995E-07 -0.58688E-07 -0.30296E-07
  0.26130E+03  0.24028E-07 -0.58293E-07 -0.32275E-07
  0.26160E+03  0.17121E-07 -0.57668E-07 -0.34114E-07
  0.26190E+03  0.10324E-07 -0.56812E-07 -0.35799E-07
  0.26220E+03  0.36270E-08 -0.55732E-07 -0.37336E-07
  0.26250E+03 -0.29240E-08 -0.54443E-07 -0.38713E-07
  0.26280E+03 -0.93140E-08 -0.52951E-07 -0.39923E-07
  0.26310E+03 -0.15534E-07 -0.51265E-07 -0.40956E-07
  0.26340E+03 -0.21565E-07 -0.49407E-07 -0.41816E-07
  0.26370E+03 -0.27390E-07 -0.47378E-07 -0.42493E-07
  0.26400E+03 -0.32992E-07 -0.45190E-07 -0.42992E-07
  0.26430E+03 -0.38371E-07 -0.42864E-07 -0.43303E-07
  0.26460E+03 -0.43505E-07 -0.40411E-07 -0.43445E-07
  0.26490E+03 -0.48383E-07 -0.37842E-07 -0.43396E-07
  0.26520E+03 -0.53007E-07 -0.35184E-07 -0.43174E-07
  0.26550E+03 -0.57360E-07 -0.32436E-07 -0.42773E-07
  0.26580E+03 -0.61444E-07 -0.29620E-07 -0.42199E-07
  0.26610E+03 -0.65256E-07 -0.26757E-07 -0.41464E-07
  0.26640E+03 -0.68777E-07 -0.23848E-07 -0.40572E-07
  0.26670E+03 -0.72011E-07 -0.20913E-07 -0.39521E-07
  0.26700E+03 -0.74963E-07 -0.17961E-07 -0.38332E-07
  0.26730E+03 -0.77625E-07 -0.15019E-07 -0.37002E-07
  0.26760E+03 -0.80010E-07 -0.12091E-07 -0.35540E-07
  0.26790E+03 -0.82097E-07 -0.91880E-08 -0.33965E-07
  0.26820E+03 -0.83896E-07 -0.63200E-08 -0.32284E-07
  0.26850E+03 -0.85411E-07 -0.35051E-08 -0.30498E-07
  0.26880E+03 -0.86647E-07 -0.74999E-09 -0.28625E-07
  0.26910E+03 -0.87598E-07  0.19351E-08 -0.26670E-07
  0.26940E+03 -0.88275E-07  0.45529E-08 -0.24660E-07
  0.26970E+03 -0.88677E-07  0.70770E-08 -0.22586E-07
  0.27000E+03 -0.88813E-07  0.95040E-08 -0.20461E-07
  0.27030E+03 -0.88680E-07  0.11838E-07 -0.18312E-07
  0.27060E+03 -0.88288E-07  0.14066E-07 -0.16133E-07
  0.27090E+03 -0.87647E-07  0.16190E-07 -0.13945E-07
  0.27120E+03 -0.86758E-07  0.18190E-07 -0.11752E-07
  0.27150E+03 -0.85628E-07  0.20083E-07 -0.95644E-08
  0.27180E+03 -0.84257E-07  0.21856E-07 -0.73915E-08
  0.27210E+03 -0.82664E-07  0.23499E-07 -0.52476E-08
  0.27240E+03 -0.80842E-07  0.25026E-07 -0.31366E-08
  0.27270E+03 -0.78811E-07  0.26435E-07 -0.10678E-08
  0.27300E+03 -0.76565E-07  0.27719E-07  0.95160E-09
  0.27330E+03 -0.74126E-07  0.28880E-07  0.29147E-08
  0.27360E+03 -0.71498E-07  0.29916E-07  0.48163E-08
  0.27390E+03 -0.68684E-07  0.30835E-07  0.66483E-08
  0.27420E+03 -0.65698E-07  0.31637E-07  0.84078E-08
  0.27450E+03 -0.62548E-07  0.32317E-07  0.10088E-07
  0.27480E+03 -0.59250E-07  0.32892E-07  0.11687E-07
  0.27510E+03 -0.55807E-07  0.33348E-07  0.13200E-07
  0.27540E+03 -0.52227E-07  0.33692E-07  0.14625E-07
  0.27570E+03 -0.48526E-07  0.33939E-07  0.15960E-07
  0.27600E+03 -0.44680E-07  0.34080E-07  0.17202E-07
  0.27630E+03 -0.40810E-07  0.34122E-07  0.18350E-07
  0.27660E+03 -0.36860E-07  0.34063E-07  0.19404E-07
  0.27690E+03 -0.32780E-07  0.33912E-07  0.20364E-07
  0.27720E+03 -0.28580E-07  0.33669E-07  0.21231E-07
  0.27750E+03 -0.24420E-07  0.33335E-07  0.22002E-07
  0.27780E+03 -0.20230E-07  0.32921E-07  0.22682E-07
  0.27810E+03 -0.15930E-07  0.32427E-07  0.23270E-07
  0.27840E+03 -0.11720E-07  0.31848E-07  0.23767E-07
  0.27870E+03 -0.74800E-08  0.31199E-07  0.24176E-07
  0.27900E+03 -0.32700E-08  0.30478E-07  0.24500E-07
  0.27930E+03  0.93996E-09  0.29685E-07  0.24738E-07
  0.27960E+03  0.51300E-08  0.28820E-07  0.24901E-07
  0.27990E+03  0.92800E-08  0.27896E-07  0.24975E-07
  0.28020E+03  0.13240E-07  0.26909E-07  0.24976E-07
  0.28050E+03  0.17270E-07  0.25861E-07  0.24905E-07
  0.28080E+03  0.21110E-07  0.24767E-07  0.24755E-07
  0.28110E+03  0.24824E-07  0.23602E-07  0.24540E-07
  0.28140E+03  0.28446E-07  0.22403E-07  0.24264E-07
  0.28170E+03  0.31944E-07  0.21144E-07  0.23920E-07
  0.28200E+03  0.35290E-07  0.19845E-07  0.23517E-07
  0.28230E+03  0.38489E-07  0.18504E-07  0.23062E-07
  0.28260E+03  0.41522E-07  0.17124E-07  0.22537E-07
  0.28290E+03  0.44375E-07  0.15704E-07  0.21971E-07
  0.28320E+03  0.47048E-07  0.14254E-07  0.21351E-07
  0.28350E+03  0.49529E-07  0.12776E-07  0.20684E-07
  0.28380E+03  0.51813E-07  0.11268E-07  0.19971E-07
  0.28410E+03  0.53896E-07  0.97390E-08  0.19214E-07
  0.28440E+03  0.55757E-07  0.81980E-08  0.18417E-07
  0.28470E+03  0.57408E-07  0.66380E-08  0.17582E-07
  0.28500E+03  0.58837E-07  0.50700E-08  0.16710E-07
  0.28530E+03  0.60046E-07  0.34990E-08  0.15809E-07
  0.28560E+03  0.61028E-07  0.19190E-08  0.14871E-07
  0.28590E+03  0.61790E-07  0.34299E-09  0.13904E-07
  0.28620E+03  0.62315E-07 -0.12130E-08  0.12917E-07
  0.28650E+03  0.62611E-07 -0.27720E-08  0.11895E-07
  0.28680E+03  0.62694E-07 -0.42980E-08  0.10861E-07
  0.28710E+03  0.62544E-07 -0.58150E-08  0.98030E-08
  0.28740E+03  0.62180E-07 -0.72980E-08  0.87350E-08
  0.28770E+03  0.61600E-07 -0.87530E-08  0.76430E-08
  0.28800E+03  0.60807E-07 -0.10164E-07  0.65460E-08
  0.28830E+03  0.59808E-07 -0.11531E-07  0.54300E-08
  0.28860E+03  0.58619E-07 -0.12858E-07  0.43130E-08
  0.28890E+03  0.57229E-07 -0.14133E-07  0.32010E-08
  0.28920E+03  0.55662E-07 -0.15345E-07  0.20810E-08
  0.28950E+03  0.53916E-07 -0.16502E-07  0.95500E-09
  0.28980E+03  0.52008E-07 -0.17591E-07 -0.15697E-09
  0.29010E+03  0.49937E-07 -0.18609E-07 -0.12610E-08
  0.29040E+03  0.47726E-07 -0.19559E-07 -0.23620E-08
  0.29070E+03  0.45378E-07 -0.20423E-07 -0.34380E-08
  0.29100E+03  0.42908E-07 -0.21220E-07 -0.45080E-08
  0.29130E+03  0.40323E-07 -0.21932E-07 -0.55470E-08
  0.29160E+03  0.37637E-07 -0.22559E-07 -0.65650E-08
  0.29190E+03  0.34856E-07 -0.23097E-07 -0.75580E-08
  0.29220E+03  0.32003E-07 -0.23547E-07 -0.85186E-08
  0.29250E+03  0.29092E-07 -0.23917E-07 -0.94442E-08
  0.29280E+03  0.26116E-07 -0.24190E-07 -0.10332E-07
  0.29310E+03  0.23099E-07 -0.24383E-07 -0.11180E-07
  0.29340E+03  0.20055E-07 -0.24479E-07 -0.11986E-07
  0.29370E+03  0.16993E-07 -0.24492E-07 -0.12740E-07
  0.29400E+03  0.13930E-07 -0.24412E-07 -0.13448E-07
  0.29430E+03  0.10865E-07 -0.24255E-07 -0.14104E-07
  0.29460E+03  0.78190E-08 -0.24001E-07 -0.14706E-07
  0.29490E+03  0.48010E-08 -0.23673E-07 -0.15250E-07
  0.29520E+03  0.18190E-08 -0.23261E-07 -0.15743E-07
  0.29550E+03 -0.11160E-08 -0.22780E-07 -0.16173E-07
  0.29580E+03 -0.39950E-08 -0.22214E-07 -0.16536E-07
  0.29610E+03 -0.68040E-08 -0.21583E-07 -0.16840E-07
  0.29640E+03 -0.95440E-08 -0.20883E-07 -0.17089E-07
  0.29670E+03 -0.12192E-07 -0.20118E-07 -0.17264E-07
  0.29700E+03 -0.14753E-07 -0.19297E-07 -0.17390E-07
  0.29730E+03 -0.17221E-07 -0.18413E-07 -0.17444E-07
  0.29760E+03 -0.19586E-07 -0.17468E-07 -0.17444E-07
  0.29790E+03 -0.21841E-07 -0.16489E-07 -0.17382E-07
  0.29820E+03 -0.23984E-07 -0.15461E-07 -0.17255E-07
  0.29850E+03 -0.25997E-07 -0.14389E-07 -0.17077E-07
  0.29880E+03 -0.27895E-07 -0.13283E-07 -0.16842E-07
  0.29910E+03 -0.29664E-07 -0.12144E-07 -0.16544E-07
  0.29940E+03 -0.31305E-07 -0.10981E-07 -0.16211E-07
  0.29970E+03 -0.32818E-07 -0.98020E-08 -0.15813E-07
  0.30000E+03 -0.34191E-07 -0.85980E-08 -0.15369E-07
  0.30030E+03 -0.35422E-07 -0.73830E-08 -0.14885E-07
  0.30060E+03 -0.36526E-07 -0.61600E-08 -0.14362E-07
  0.30090E+03 -0.37488E-07 -0.49320E-08 -0.13788E-07
  0.30120E+03 -0.38311E-07 -0.36980E-08 -0.13182E-07
  0.30150E+03 -0.38998E-07 -0.24740E-08 -0.12541E-07
  0.30180E+03 -0.39549E-07 -0.12670E-08 -0.11867E-07
  0.30210E+03 -0.39963E-07 -0.62983E-10 -0.11165E-07
  0.30240E+03 -0.40235E-07  0.11130E-08 -0.10436E-07
  0.30270E+03 -0.40383E-07  0.22760E-08 -0.96840E-08
  0.30300E+03 -0.40398E-07  0.34060E-08 -0.89080E-08
  0.30330E+03 -0.40280E-07  0.45100E-08 -0.81250E-08
  0.30360E+03 -0.40050E-07  0.55870E-08 -0.73120E-08
  0.30390E+03 -0.39682E-07  0.66190E-08 -0.64940E-08
  0.30420E+03 -0.39203E-07  0.76139E-08 -0.56730E-08
  0.30450E+03 -0.38606E-07  0.85629E-08 -0.48380E-08
  0.30480E+03 -0.37898E-07  0.94670E-08 -0.40060E-08
  0.30510E+03 -0.37080E-07  0.10326E-07 -0.31640E-08
  0.30540E+03 -0.36161E-07  0.11135E-07 -0.23280E-08
  0.30570E+03 -0.35144E-07  0.11896E-07 -0.14970E-08
  0.30600E+03 -0.34027E-07  0.12601E-07 -0.67699E-09
  0.30630E+03 -0.32821E-07  0.13248E-07  0.13399E-09
  0.30660E+03 -0.31500E-07  0.13841E-07  0.93000E-09
  0.30690E+03 -0.30110E-07  0.14377E-07  0.17110E-08
