  0.000000E+00  0.169810E-13  0.707871E-13  0.123608E-12
  0.300000E+00  0.140236E-12  0.659291E-12  0.130742E-11
  0.600000E+00  0.503668E-12  0.299158E-11  0.658615E-11
  0.900000E+00  0.110369E-11  0.896069E-11  0.214460E-10
  0.120000E+01  0.183885E-11  0.200135E-10  0.516912E-10
  0.150000E+01  0.271348E-11  0.350215E-10  0.997347E-10
  0.180000E+01  0.308678E-11  0.476248E-10  0.161325E-09
  0.210000E+01 -0.591159E-12  0.439620E-10  0.223484E-09
  0.240000E+01 -0.177537E-10  0.150150E-11  0.263838E-09
  0.270000E+01 -0.660225E-10 -0.110765E-09  0.251559E-09
  0.300000E+01 -0.171143E-09 -0.330935E-09  0.149490E-09
  0.330000E+01 -0.363665E-09 -0.702205E-09 -0.834197E-10
  0.360000E+01 -0.673580E-09 -0.127069E-08 -0.489639E-09
  0.390000E+01 -0.112514E-08 -0.208280E-08 -0.111053E-08
  0.420000E+01 -0.173347E-08 -0.318179E-08 -0.198378E-08
  0.450000E+01 -0.250318E-08 -0.460383E-08 -0.314097E-08
  0.480000E+01 -0.342835E-08 -0.637487E-08 -0.460597E-08
  0.510000E+01 -0.449290E-08 -0.850873E-08 -0.639460E-08
  0.540000E+01 -0.567176E-08 -0.110061E-07 -0.851506E-08
  0.570000E+01 -0.693301E-08 -0.138536E-07 -0.109680E-07
  0.600000E+01 -0.823995E-08 -0.170236E-07 -0.137462E-07
  0.630000E+01 -0.955198E-08 -0.204762E-07 -0.168345E-07
  0.660000E+01 -0.108248E-07 -0.241624E-07 -0.202104E-07
  0.690000E+01 -0.120114E-07 -0.280276E-07 -0.238443E-07
  0.720000E+01 -0.130634E-07 -0.320144E-07 -0.276996E-07
  0.750000E+01 -0.139325E-07 -0.360631E-07 -0.317322E-07
  0.780000E+01 -0.145704E-07 -0.401114E-07 -0.358900E-07
  0.810000E+01 -0.149287E-07 -0.440936E-07 -0.401132E-07
  0.840000E+01 -0.149592E-07 -0.479403E-07 -0.443344E-07
  0.870000E+01 -0.146153E-07 -0.515795E-07 -0.484799E-07
  0.900000E+01 -0.138535E-07 -0.549362E-07 -0.524715E-07
  0.930000E+01 -0.126359E-07 -0.579321E-07 -0.562273E-07
  0.960000E+01 -0.109319E-07 -0.604844E-07 -0.596639E-07
  0.990000E+01 -0.871986E-08 -0.625073E-07 -0.626964E-07
  0.102000E+02 -0.598753E-08 -0.639144E-07 -0.652396E-07
  0.105000E+02 -0.273266E-08 -0.646219E-07 -0.672083E-07
  0.108000E+02  0.103554E-08 -0.645526E-07 -0.685204E-07
  0.111000E+02  0.529433E-08 -0.636387E-07 -0.690988E-07
  0.114000E+02  0.100067E-07 -0.618254E-07 -0.688755E-07
  0.117000E+02  0.151225E-07 -0.590718E-07 -0.677934E-07
  0.120000E+02  0.205804E-07 -0.553518E-07 -0.658072E-07
  0.123000E+02  0.263101E-07 -0.506544E-07 -0.628842E-07
  0.126000E+02  0.322315E-07 -0.449829E-07 -0.590043E-07
  0.129000E+02  0.382560E-07 -0.383550E-07 -0.541607E-07
  0.132000E+02  0.442869E-07 -0.308016E-07 -0.483604E-07
  0.135000E+02  0.502239E-07 -0.223657E-07 -0.416235E-07
  0.138000E+02  0.559676E-07 -0.131015E-07 -0.339827E-07
  0.141000E+02  0.614214E-07 -0.307396E-08 -0.254830E-07
  0.144000E+02  0.664914E-07  0.764078E-08 -0.161816E-07
  0.147000E+02  0.710853E-07  0.189556E-07 -0.614667E-08
  0.150000E+02  0.751138E-07  0.307733E-07  0.454297E-08
  0.153000E+02  0.784927E-07  0.429867E-07  0.157988E-07
  0.156000E+02  0.811457E-07  0.554781E-07  0.275241E-07
  0.159000E+02  0.830051E-07  0.681187E-07  0.396158E-07
  0.162000E+02  0.840118E-07  0.807699E-07  0.519661E-07
  0.165000E+02  0.841146E-07  0.932858E-07  0.644643E-07
  0.168000E+02  0.832701E-07  0.105516E-06  0.769968E-07
  0.171000E+02  0.814431E-07  0.117311E-06  0.894474E-07
  0.174000E+02  0.786068E-07  0.128521E-06  0.101698E-06
  0.177000E+02  0.747434E-07  0.139002E-06  0.113626E-06
  0.180000E+02  0.698444E-07  0.148614E-06  0.125108E-06
  0.183000E+02  0.639128E-07  0.157220E-06  0.136017E-06
  0.186000E+02  0.569652E-07  0.164692E-06  0.146230E-06
  0.189000E+02  0.490325E-07  0.170913E-06  0.155624E-06
  0.192000E+02  0.401599E-07  0.175780E-06  0.164087E-06
  0.195000E+02  0.304072E-07  0.179206E-06  0.171516E-06
  0.198000E+02  0.198482E-07  0.181126E-06  0.177819E-06
  0.201000E+02  0.856824E-08  0.181495E-06  0.182916E-06
  0.204000E+02 -0.333847E-08  0.180289E-06  0.186738E-06
  0.207000E+02 -0.157710E-07  0.177509E-06  0.189231E-06
  0.210000E+02 -0.286222E-07  0.173175E-06  0.190347E-06
  0.213000E+02 -0.417774E-07  0.167324E-06  0.190052E-06
  0.216000E+02 -0.551133E-07  0.160002E-06  0.188322E-06
  0.219000E+02 -0.684976E-07  0.151270E-06  0.185146E-06
  0.222000E+02 -0.817893E-07  0.141191E-06  0.180529E-06
  0.225000E+02 -0.948412E-07  0.129842E-06  0.174490E-06
  0.228000E+02 -0.107503E-06  0.117305E-06  0.167065E-06
  0.231000E+02 -0.119627E-06  0.103672E-06  0.158303E-06
  0.234000E+02 -0.131069E-06  0.890457E-07  0.148266E-06
  0.237000E+02 -0.141692E-06  0.735337E-07  0.137031E-06
  0.240000E+02 -0.151370E-06  0.572542E-07  0.124681E-06
  0.243000E+02 -0.159979E-06  0.403345E-07  0.111313E-06
  0.246000E+02 -0.167406E-06  0.229122E-07  0.970306E-07
  0.249000E+02 -0.173546E-06  0.513508E-08  0.819423E-07
  0.252000E+02 -0.178304E-06 -0.128409E-07  0.661633E-07
  0.255000E+02 -0.181604E-06 -0.308556E-07  0.498119E-07
  0.258000E+02 -0.183391E-06 -0.487483E-07  0.330082E-07
  0.261000E+02 -0.183628E-06 -0.663610E-07  0.158731E-07
  0.264000E+02 -0.182299E-06 -0.835407E-07 -0.147303E-08
  0.267000E+02 -0.179406E-06 -0.100141E-06 -0.189097E-07
  0.270000E+02 -0.174969E-06 -0.116024E-06 -0.363163E-07
  0.273000E+02 -0.169023E-06 -0.131062E-06 -0.535723E-07
  0.276000E+02 -0.161620E-06 -0.145142E-06 -0.705571E-07
  0.279000E+02 -0.152822E-06 -0.158158E-06 -0.871510E-07
  0.282000E+02 -0.142709E-06 -0.170020E-06 -0.103237E-06
  0.285000E+02 -0.131371E-06 -0.180646E-06 -0.118703E-06
  0.288000E+02 -0.118913E-06 -0.189969E-06 -0.133443E-06
  0.291000E+02 -0.105456E-06 -0.197933E-06 -0.147361E-06
  0.294000E+02 -0.911311E-07 -0.204494E-06 -0.160367E-06
  0.297000E+02 -0.760771E-07 -0.209620E-06 -0.172381E-06
  0.300000E+02 -0.604365E-07 -0.213285E-06 -0.183327E-06
  0.303000E+02 -0.443514E-07 -0.215474E-06 -0.193141E-06
  0.306000E+02 -0.279618E-07 -0.216184E-06 -0.201766E-06
  0.309000E+02 -0.114058E-07 -0.215423E-06 -0.209158E-06
  0.312000E+02  0.518066E-08 -0.213217E-06 -0.215282E-06
  0.315000E+02  0.216625E-07 -0.209605E-06 -0.220113E-06
  0.318000E+02  0.379051E-07 -0.204640E-06 -0.223634E-06
  0.321000E+02  0.537743E-07 -0.198386E-06 -0.225835E-06
  0.324000E+02  0.691380E-07 -0.190915E-06 -0.226714E-06
  0.327000E+02  0.838700E-07 -0.182305E-06 -0.226276E-06
  0.330000E+02  0.978538E-07 -0.172644E-06 -0.224535E-06
  0.333000E+02  0.110986E-06 -0.162022E-06 -0.221514E-06
  0.336000E+02  0.123176E-06 -0.150538E-06 -0.217245E-06
  0.339000E+02  0.134349E-06 -0.138295E-06 -0.211773E-06
  0.342000E+02  0.144448E-06 -0.125397E-06 -0.205152E-06
  0.345000E+02  0.153429E-06 -0.111950E-06 -0.197446E-06
  0.348000E+02  0.161266E-06 -0.980572E-07 -0.188729E-06
  0.351000E+02  0.167944E-06 -0.838198E-07 -0.179081E-06
  0.354000E+02  0.173459E-06 -0.693382E-07 -0.168587E-06
  0.357000E+02  0.177818E-06 -0.547137E-07 -0.157331E-06
  0.360000E+02  0.181036E-06 -0.400517E-07 -0.145393E-06
  0.363000E+02  0.183141E-06 -0.254629E-07 -0.132847E-06
  0.366000E+02  0.184172E-06 -0.110628E-07 -0.119763E-06
  0.369000E+02  0.184180E-06  0.302846E-08 -0.106207E-06
  0.372000E+02  0.183224E-06  0.166848E-07 -0.922333E-07
  0.375000E+02  0.181375E-06  0.297698E-07 -0.778863E-07
  0.378000E+02  0.178722E-06  0.421293E-07 -0.631854E-07
  0.381000E+02  0.175388E-06  0.535776E-07 -0.481092E-07
  0.384000E+02  0.171544E-06  0.638772E-07 -0.325701E-07
  0.387000E+02  0.167437E-06  0.727199E-07 -0.163983E-07
  0.390000E+02  0.163402E-06  0.797166E-07  0.652847E-09
  0.393000E+02  0.159865E-06  0.844013E-07  0.188846E-07
  0.396000E+02  0.157326E-06  0.862438E-07  0.386268E-07
  0.399000E+02  0.156339E-06  0.846746E-07  0.602022E-07
  0.402000E+02  0.157477E-06  0.791243E-07  0.838778E-07
  0.405000E+02  0.161289E-06  0.690681E-07  0.109828E-06
  0.408000E+02  0.168262E-06  0.540568E-07  0.138134E-06
  0.411000E+02  0.178799E-06  0.337256E-07  0.168805E-06
  0.414000E+02  0.193213E-06  0.778740E-08  0.201790E-06
  0.417000E+02  0.211736E-06 -0.239721E-07  0.236972E-06
  0.420000E+02  0.234511E-06 -0.616734E-07  0.274109E-06
  0.423000E+02  0.261552E-06 -0.105283E-06  0.312760E-06
  0.426000E+02  0.292678E-06 -0.154526E-06  0.352219E-06
  0.429000E+02  0.327452E-06 -0.208831E-06  0.391519E-06
  0.432000E+02  0.365151E-06 -0.267334E-06  0.429515E-06
  0.435000E+02  0.404818E-06 -0.328952E-06  0.464995E-06
  0.438000E+02  0.445339E-06 -0.392471E-06  0.496770E-06
  0.441000E+02  0.485536E-06 -0.456598E-06  0.523710E-06
  0.444000E+02  0.524209E-06 -0.519950E-06  0.544721E-06
  0.447000E+02  0.560113E-06 -0.581001E-06  0.558707E-06
  0.450000E+02  0.591911E-06 -0.638052E-06  0.564527E-06
  0.453000E+02  0.618133E-06 -0.689229E-06  0.561000E-06
  0.456000E+02  0.637184E-06 -0.732543E-06  0.546953E-06
  0.459000E+02  0.647394E-06 -0.765920E-06  0.521295E-06
  0.462000E+02  0.647068E-06 -0.787218E-06  0.483096E-06
  0.465000E+02  0.634521E-06 -0.794211E-06  0.431653E-06
  0.468000E+02  0.608092E-06 -0.784626E-06  0.366530E-06
  0.471000E+02  0.566151E-06 -0.756202E-06  0.287571E-06
  0.474000E+02  0.507143E-06 -0.706812E-06  0.194880E-06
  0.477000E+02  0.429664E-06 -0.634572E-06  0.888089E-07
  0.480000E+02  0.332557E-06 -0.537949E-06 -0.300134E-07
  0.483000E+02  0.215021E-06 -0.415834E-06 -0.160646E-06
  0.486000E+02  0.766811E-07 -0.267598E-06 -0.301800E-06
  0.489000E+02 -0.823592E-07 -0.931507E-07 -0.451823E-06
  0.492000E+02 -0.261500E-06  0.106986E-06 -0.608704E-06
  0.495000E+02 -0.459636E-06  0.331613E-06 -0.770126E-06
  0.498000E+02 -0.675152E-06  0.578824E-06 -0.933514E-06
  0.501000E+02 -0.905903E-06  0.845999E-06 -0.109608E-05
  0.504000E+02 -0.114918E-05  0.112981E-05 -0.125485E-05
  0.507000E+02 -0.140166E-05  0.142624E-05 -0.140668E-05
  0.510000E+02 -0.165941E-05  0.173067E-05 -0.154836E-05
  0.513000E+02 -0.191799E-05  0.203798E-05 -0.167668E-05
  0.516000E+02 -0.217252E-05  0.234268E-05 -0.178849E-05
  0.519000E+02 -0.241793E-05  0.263905E-05 -0.188086E-05
  0.522000E+02 -0.264904E-05  0.292125E-05 -0.195107E-05
  0.525000E+02 -0.286072E-05  0.318336E-05 -0.199670E-05
  0.528000E+02 -0.304800E-05  0.341949E-05 -0.201567E-05
  0.531000E+02 -0.320614E-05  0.362390E-05 -0.200621E-05
  0.534000E+02 -0.333074E-05  0.379118E-05 -0.196695E-05
  0.537000E+02 -0.341778E-05  0.391634E-05 -0.189696E-05
  0.540000E+02 -0.346370E-05  0.399500E-05 -0.179573E-05
  0.543000E+02 -0.346540E-05  0.402336E-05 -0.166326E-05
  0.546000E+02 -0.342042E-05  0.399831E-05 -0.149999E-05
  0.549000E+02 -0.332695E-05  0.391745E-05 -0.130686E-05
  0.552000E+02 -0.318400E-05  0.377921E-05 -0.108530E-05
  0.555000E+02 -0.299142E-05  0.358287E-05 -0.837180E-06
  0.558000E+02 -0.274986E-05  0.332864E-05 -0.564798E-06
  0.561000E+02 -0.246076E-05  0.301767E-05 -0.270861E-06
  0.564000E+02 -0.212626E-05  0.265206E-05  0.415658E-07
  0.567000E+02 -0.174920E-05  0.223484E-05  0.369084E-06
  0.570000E+02 -0.133312E-05  0.176995E-05  0.707982E-06
  0.573000E+02 -0.882189E-06  0.126219E-05  0.105427E-05
  0.576000E+02 -0.401220E-06  0.717080E-06  0.140372E-05
  0.579000E+02  0.104431E-06  0.140783E-06  0.175197E-05
  0.582000E+02  0.628932E-06 -0.459998E-06  0.209454E-05
  0.585000E+02  0.116607E-05 -0.107813E-05  0.242689E-05
  0.588000E+02  0.170933E-05 -0.170615E-05  0.274445E-05
  0.591000E+02  0.225207E-05 -0.233640E-05  0.304269E-05
  0.594000E+02  0.278760E-05 -0.296112E-05  0.331713E-05
  0.597000E+02  0.330926E-05 -0.357261E-05  0.356346E-05
  0.600000E+02  0.381055E-05 -0.416335E-05  0.377761E-05
  0.603000E+02  0.428512E-05 -0.472605E-05  0.395582E-05
  0.606000E+02  0.472692E-05 -0.525371E-05  0.409469E-05
  0.609000E+02  0.513031E-05 -0.573968E-05  0.419121E-05
  0.612000E+02  0.549014E-05 -0.617772E-05  0.424277E-05
  0.615000E+02  0.580184E-05 -0.656209E-05  0.424723E-05
  0.618000E+02  0.606148E-05 -0.688762E-05  0.420308E-05
  0.621000E+02  0.626586E-05 -0.714987E-05  0.410955E-05
  0.624000E+02  0.641253E-05 -0.734512E-05  0.396672E-05
  0.627000E+02  0.649986E-05 -0.747043E-05  0.377550E-05
  0.630000E+02  0.652701E-05 -0.752363E-05  0.353766E-05
  0.633000E+02  0.649389E-05 -0.750336E-05  0.325571E-05
  0.636000E+02  0.640106E-05 -0.740907E-05  0.293287E-05
  0.639000E+02  0.624964E-05 -0.724100E-05  0.257291E-05
  0.642000E+02  0.604124E-05 -0.700024E-05  0.217999E-05
  0.645000E+02  0.577790E-05 -0.668869E-05  0.175854E-05
  0.648000E+02  0.546202E-05 -0.630909E-05  0.131310E-05
  0.651000E+02  0.509645E-05 -0.586500E-05  0.848368E-06
  0.654000E+02  0.468442E-05 -0.536077E-05  0.369086E-06
  0.657000E+02  0.422963E-05 -0.480146E-05 -0.119875E-06
  0.660000E+02  0.373615E-05 -0.419275E-05 -0.613531E-06
  0.663000E+02  0.320839E-05 -0.354082E-05 -0.110677E-05
  0.666000E+02  0.265101E-05 -0.285226E-05 -0.159438E-05
  0.669000E+02  0.206886E-05 -0.213395E-05 -0.207109E-05
  0.672000E+02  0.146702E-05 -0.139298E-05 -0.253163E-05
  0.675000E+02  0.850790E-06 -0.636590E-06 -0.297087E-05
  0.678000E+02  0.225633E-06  0.127967E-06 -0.338384E-05
  0.681000E+02 -0.402844E-06  0.893476E-06 -0.376581E-05
  0.684000E+02 -0.102899E-05  0.165278E-05 -0.411226E-05
  0.687000E+02 -0.164721E-05  0.239877E-05 -0.441897E-05
  0.690000E+02 -0.225213E-05  0.312429E-05 -0.468199E-05
  0.693000E+02 -0.283886E-05  0.382222E-05 -0.489769E-05
  0.696000E+02 -0.340317E-05  0.448556E-05 -0.506288E-05
  0.699000E+02 -0.394164E-05  0.510755E-05 -0.517494E-05
  0.702000E+02 -0.445158E-05  0.568192E-05 -0.523195E-05
  0.705000E+02 -0.493087E-05  0.620303E-05 -0.523285E-05
  0.708000E+02 -0.537760E-05  0.666587E-05 -0.517745E-05
  0.711000E+02 -0.578994E-05  0.706601E-05 -0.506645E-05
  0.714000E+02 -0.616606E-05  0.739950E-05 -0.490136E-05
  0.717000E+02 -0.650426E-05  0.766292E-05 -0.468426E-05
  0.720000E+02 -0.680320E-05  0.785338E-05 -0.441770E-05
  0.723000E+02 -0.706207E-05  0.796861E-05 -0.410451E-05
  0.726000E+02 -0.728063E-05  0.800692E-05 -0.374784E-05
  0.729000E+02 -0.745916E-05  0.796738E-05 -0.335104E-05
  0.732000E+02 -0.759831E-05  0.784988E-05 -0.291769E-05
  0.735000E+02 -0.769899E-05  0.765538E-05 -0.245164E-05
  0.738000E+02 -0.776207E-05  0.738590E-05 -0.195708E-05
  0.741000E+02 -0.778811E-05  0.704463E-05 -0.143857E-05
  0.744000E+02 -0.777714E-05  0.663592E-05 -0.901022E-06
  0.747000E+02 -0.772853E-05  0.616543E-05 -0.349657E-06
  0.750000E+02 -0.764109E-05  0.564017E-05  0.210132E-06
  0.753000E+02 -0.751319E-05  0.506842E-05  0.772880E-06
  0.756000E+02 -0.734298E-05  0.445955E-05  0.133310E-05
  0.759000E+02 -0.712860E-05  0.382374E-05  0.188533E-05
  0.762000E+02 -0.686837E-05  0.317171E-05  0.242406E-05
  0.765000E+02 -0.656095E-05  0.251439E-05  0.294373E-05
  0.768000E+02 -0.620540E-05  0.186261E-05  0.343855E-05
  0.771000E+02 -0.580136E-05  0.122683E-05  0.390253E-05
  0.774000E+02 -0.534920E-05  0.616859E-06  0.432955E-05
  0.777000E+02 -0.485022E-05  0.415658E-07  0.471356E-05
  0.780000E+02 -0.430670E-05 -0.491348E-06  0.504859E-05
  0.783000E+02 -0.372187E-05 -0.975539E-06  0.532892E-05
  0.786000E+02 -0.309974E-05 -0.140608E-05  0.554919E-05
  0.789000E+02 -0.244499E-05 -0.177944E-05  0.570459E-05
  0.792000E+02 -0.176286E-05 -0.209340E-05  0.579105E-05
  0.795000E+02 -0.105911E-05 -0.234700E-05  0.580529E-05
  0.798000E+02 -0.339937E-06 -0.254033E-05  0.574492E-05
  0.801000E+02  0.388174E-06 -0.267446E-05  0.560843E-05
  0.804000E+02  0.111867E-05 -0.275117E-05  0.539519E-05
  0.807000E+02  0.184526E-05 -0.277295E-05  0.510541E-05
  0.810000E+02  0.256210E-05 -0.274292E-05  0.474012E-05
  0.813000E+02  0.326406E-05 -0.266488E-05  0.430112E-05
  0.816000E+02  0.394676E-05 -0.254332E-05  0.379105E-05
  0.819000E+02  0.460649E-05 -0.238352E-05  0.321349E-05
  0.822000E+02  0.524007E-05 -0.219149E-05  0.257304E-05
  0.825000E+02  0.584455E-05 -0.197399E-05  0.187546E-05
  0.828000E+02  0.641698E-05 -0.173843E-05  0.112760E-05
  0.831000E+02  0.695423E-05 -0.149276E-05  0.337400E-06
  0.834000E+02  0.745296E-05 -0.124525E-05 -0.486159E-06
  0.837000E+02  0.790959E-05 -0.100417E-05 -0.133314E-05
  0.840000E+02  0.832047E-05 -0.777458E-06 -0.219273E-05
  0.843000E+02  0.868215E-05 -0.572366E-06 -0.305347E-05
  0.846000E+02  0.899154E-05 -0.395170E-06 -0.390344E-05
  0.849000E+02  0.924611E-05 -0.250976E-06 -0.473058E-05
  0.852000E+02  0.944390E-05 -0.143615E-06 -0.552295E-05
  0.855000E+02  0.958343E-05 -0.756469E-07 -0.626904E-05
  0.858000E+02  0.966367E-05 -0.484706E-07 -0.695804E-05
  0.861000E+02  0.968396E-05 -0.624861E-07 -0.758005E-05
  0.864000E+02  0.964409E-05 -0.117308E-06 -0.812628E-05
  0.867000E+02  0.954433E-05 -0.212028E-06 -0.858910E-05
  0.870000E+02  0.938538E-05 -0.345486E-06 -0.896215E-05
  0.873000E+02  0.916839E-05 -0.516446E-06 -0.924031E-05
  0.876000E+02  0.889503E-05 -0.723582E-06 -0.941959E-05
  0.879000E+02  0.856744E-05 -0.965329E-06 -0.949708E-05
  0.882000E+02  0.818833E-05 -0.123973E-05 -0.947075E-05
  0.885000E+02  0.776090E-05 -0.154430E-05 -0.933930E-05
  0.888000E+02  0.728879E-05 -0.187596E-05 -0.910214E-05
  0.891000E+02  0.677584E-05 -0.223092E-05 -0.875938E-05
  0.894000E+02  0.622597E-05 -0.260460E-05 -0.831196E-05
  0.897000E+02  0.564295E-05 -0.299162E-05 -0.776174E-05
  0.900000E+02  0.503037E-05 -0.338595E-05 -0.711164E-05
  0.903000E+02  0.439157E-05 -0.378109E-05 -0.636577E-05
  0.906000E+02  0.372972E-05 -0.417033E-05 -0.552951E-05
  0.909000E+02  0.304791E-05 -0.454686E-05 -0.460955E-05
  0.912000E+02  0.234921E-05 -0.490397E-05 -0.361379E-05
  0.915000E+02  0.163679E-05 -0.523512E-05 -0.255130E-05
  0.918000E+02  0.914075E-06 -0.553399E-05 -0.143212E-05
  0.921000E+02  0.184845E-06 -0.579456E-05 -0.267143E-06
  0.924000E+02 -0.546681E-06 -0.601113E-05  0.932142E-06
  0.927000E+02 -0.127594E-05 -0.617843E-05  0.215382E-05
  0.930000E+02 -0.199819E-05 -0.629172E-05  0.338572E-05
  0.933000E+02 -0.270874E-05 -0.634684E-05  0.461544E-05
  0.936000E+02 -0.340303E-05 -0.634033E-05  0.583045E-05
  0.939000E+02 -0.407681E-05 -0.626944E-05  0.701812E-05
  0.942000E+02 -0.472620E-05 -0.613220E-05  0.816583E-05
  0.945000E+02 -0.534763E-05 -0.592741E-05  0.926111E-05
  0.948000E+02 -0.593787E-05 -0.565462E-05  0.102918E-04
  0.951000E+02 -0.649382E-05 -0.531417E-05  0.112461E-04
  0.954000E+02 -0.701242E-05 -0.490719E-05  0.121131E-04
  0.957000E+02 -0.749042E-05 -0.443570E-05  0.128824E-04
  0.960000E+02 -0.792445E-05 -0.390259E-05  0.135445E-04
  0.963000E+02 -0.831096E-05 -0.331174E-05  0.140908E-04
  0.966000E+02 -0.864643E-05 -0.266790E-05  0.145140E-04
  0.969000E+02 -0.892748E-05 -0.197665E-05  0.148076E-04
  0.972000E+02 -0.915109E-05 -0.124436E-05  0.149668E-04
  0.975000E+02 -0.931468E-05 -0.478014E-06  0.149877E-04
  0.978000E+02 -0.941622E-05  0.314777E-06  0.148683E-04
  0.981000E+02 -0.945430E-05  0.112587E-05  0.146078E-04
  0.984000E+02 -0.942822E-05  0.194661E-05  0.142070E-04
  0.987000E+02 -0.933803E-05  0.276783E-05  0.136689E-04
  0.990000E+02 -0.918455E-05  0.357994E-05  0.129977E-04
  0.993000E+02 -0.896945E-05  0.437316E-05  0.121998E-04
  0.996000E+02 -0.869523E-05  0.513783E-05  0.112830E-04
  0.999000E+02 -0.836518E-05  0.586478E-05  0.102564E-04
  0.100200E+03 -0.798326E-05  0.654562E-05  0.913076E-05
  0.100500E+03 -0.755387E-05  0.717289E-05  0.791770E-05
  0.100800E+03 -0.708159E-05  0.774012E-05  0.662980E-05
  0.101100E+03 -0.657117E-05  0.824185E-05  0.528026E-05
  0.101400E+03 -0.602742E-05  0.867356E-05  0.388263E-05
  0.101700E+03 -0.545523E-05  0.903163E-05  0.245060E-05
  0.102000E+03 -0.485949E-05  0.931329E-05  0.997828E-06
  0.102300E+03 -0.424493E-05  0.951653E-05 -0.462206E-06
  0.102600E+03 -0.361601E-05  0.964006E-05 -0.191625E-05
  0.102900E+03 -0.297694E-05  0.968329E-05 -0.335130E-05
  0.103200E+03 -0.233169E-05  0.964633E-05 -0.475467E-05
  0.103500E+03 -0.168412E-05  0.952998E-05 -0.611403E-05
  0.103800E+03 -0.103820E-05  0.933565E-05 -0.741750E-05
  0.104100E+03 -0.398077E-06  0.906539E-05 -0.865378E-05
  0.104400E+03  0.231769E-06  0.872182E-05 -0.981222E-05
  0.104700E+03  0.846586E-06  0.830817E-05 -0.108830E-04
  0.105000E+03  0.144148E-05  0.782831E-05 -0.118573E-04
  0.105300E+03  0.201164E-05  0.728674E-05 -0.127272E-04
  0.105600E+03  0.255259E-05  0.668862E-05 -0.134861E-04
  0.105900E+03  0.306034E-05  0.603967E-05 -0.141283E-04
  0.106200E+03  0.353149E-05  0.534622E-05 -0.146494E-04
  0.106500E+03  0.396326E-05  0.461504E-05 -0.150461E-04
  0.106800E+03  0.435340E-05  0.385331E-05 -0.153161E-04
  0.107100E+03  0.470024E-05  0.306858E-05 -0.154584E-04
  0.107400E+03  0.500265E-05  0.226870E-05 -0.154733E-04
  0.107700E+03  0.526002E-05  0.146178E-05 -0.153622E-04
  0.108000E+03  0.547230E-05  0.656073E-06 -0.151278E-04
  0.108300E+03  0.563986E-05 -0.140092E-06 -0.147739E-04
  0.108600E+03  0.576344E-05 -0.918472E-06 -0.143051E-04
  0.108900E+03  0.584398E-05 -0.167108E-05 -0.137275E-04
  0.109200E+03  0.588257E-05 -0.239039E-05 -0.130478E-04
  0.109500E+03  0.588043E-05 -0.306952E-05 -0.122742E-04
  0.109800E+03  0.583893E-05 -0.370241E-05 -0.114155E-04
  0.110100E+03  0.575973E-05 -0.428391E-05 -0.104815E-04
  0.110400E+03  0.564477E-05 -0.480977E-05 -0.948263E-05
  0.110700E+03  0.549634E-05 -0.527662E-05 -0.842959E-05
  0.111000E+03  0.531705E-05 -0.568186E-05 -0.733337E-05
  0.111300E+03  0.510982E-05 -0.602369E-05 -0.620494E-05
  0.111600E+03  0.487780E-05 -0.630107E-05 -0.505514E-05
  0.111900E+03  0.462440E-05 -0.651370E-05 -0.389450E-05
  0.112200E+03  0.435324E-05 -0.666199E-05 -0.273313E-05
  0.112500E+03  0.406809E-05 -0.674696E-05 -0.158067E-05
  0.112800E+03  0.377279E-05 -0.677019E-05 -0.446224E-06
  0.113100E+03  0.347123E-05 -0.673374E-05  0.661585E-06
  0.113400E+03  0.316724E-05 -0.664006E-05  0.173454E-05
  0.113700E+03  0.286451E-05 -0.649201E-05  0.276482E-05
  0.114000E+03  0.256643E-05 -0.629281E-05  0.374500E-05
  0.114300E+03  0.227597E-05 -0.604610E-05  0.466816E-05
  0.114600E+03  0.199563E-05 -0.575596E-05  0.552787E-05
  0.114900E+03  0.172730E-05 -0.542692E-05  0.631838E-05
  0.115200E+03  0.147235E-05 -0.506397E-05  0.703467E-05
  0.115500E+03  0.123162E-05 -0.467250E-05  0.767255E-05
  0.115800E+03  0.100554E-05 -0.425818E-05  0.822877E-05
  0.116100E+03  0.794256E-06 -0.382685E-05  0.870104E-05
  0.116400E+03  0.597781E-06 -0.338434E-05  0.908806E-05
  0.116700E+03  0.416080E-06 -0.293633E-05  0.938946E-05
  0.117000E+03  0.249170E-06 -0.248819E-05  0.960578E-05
  0.117300E+03  0.971582E-07 -0.204492E-05  0.973835E-05
  0.117600E+03 -0.397738E-07 -0.161118E-05  0.978925E-05
  0.117900E+03 -0.161440E-06 -0.119128E-05  0.976119E-05
  0.118200E+03 -0.267752E-06 -0.789283E-06  0.965743E-05
  0.118500E+03 -0.358821E-06 -0.408986E-06  0.948178E-05
  0.118800E+03 -0.435019E-06 -0.538499E-07  0.923850E-05
  0.119100E+03 -0.496992E-06  0.273044E-06  0.893227E-05
  0.119400E+03 -0.545633E-06  0.569020E-06  0.856817E-05
  0.119700E+03 -0.582023E-06  0.831794E-06  0.815156E-05
  0.120000E+03 -0.607376E-06  0.105946E-05  0.768805E-05
  0.120300E+03 -0.623019E-06  0.125049E-05  0.718346E-05
  0.120600E+03 -0.630406E-06  0.140386E-05  0.664384E-05
  0.120900E+03 -0.631157E-06  0.151910E-05  0.607548E-05
  0.121200E+03 -0.627063E-06  0.159641E-05  0.548486E-05
  0.121500E+03 -0.620056E-06  0.163676E-05  0.487859E-05
  0.121800E+03 -0.612133E-06  0.164186E-05  0.426331E-05
  0.122100E+03 -0.605288E-06  0.161411E-05  0.364557E-05
  0.122400E+03 -0.601442E-06  0.155655E-05  0.303170E-05
  0.122700E+03 -0.602377E-06  0.147263E-05  0.242772E-05
  0.123000E+03 -0.609659E-06  0.136606E-05  0.183922E-05
  0.123300E+03 -0.624579E-06  0.124066E-05  0.127132E-05
  0.123600E+03 -0.648113E-06  0.110029E-05  0.728645E-06
  0.123900E+03 -0.680963E-06  0.948791E-06  0.215292E-06
  0.124200E+03 -0.723651E-06  0.790088E-06 -0.265134E-06
  0.124500E+03 -0.776634E-06  0.628142E-06 -0.709507E-06
  0.124800E+03 -0.840381E-06  0.466948E-06 -0.111516E-05
  0.125100E+03 -0.915422E-06  0.310472E-06 -0.147991E-05
  0.125400E+03 -0.100234E-05  0.162589E-06 -0.180201E-05
  0.125700E+03 -0.110173E-05  0.269918E-07 -0.208026E-05
  0.126000E+03 -0.121400E-05 -0.928913E-07 -0.231402E-05
  0.126300E+03 -0.133923E-05 -0.193983E-06 -0.250328E-05
  0.126600E+03 -0.147689E-05 -0.273625E-06 -0.264867E-05
  0.126900E+03 -0.162575E-05 -0.329659E-06 -0.275154E-05
  0.127200E+03 -0.178382E-05 -0.360535E-06 -0.281381E-05
  0.127500E+03 -0.194846E-05 -0.365425E-06 -0.283798E-05
  0.127800E+03 -0.211643E-05 -0.344297E-06 -0.282700E-05
  0.128100E+03 -0.228406E-05 -0.297896E-06 -0.278408E-05
  0.128400E+03 -0.244744E-05 -0.227647E-06 -0.271263E-05
  0.128700E+03 -0.260255E-05 -0.135517E-06 -0.261616E-05
  0.129000E+03 -0.274555E-05 -0.238778E-07 -0.249818E-05
  0.129300E+03 -0.287286E-05  0.104629E-06 -0.236220E-05
  0.129600E+03 -0.298124E-05  0.247216E-06 -0.221165E-05
  0.129900E+03 -0.306775E-05  0.401058E-06 -0.204991E-05
  0.130200E+03 -0.312979E-05  0.563379E-06 -0.188027E-05
  0.130500E+03 -0.316508E-05  0.731474E-06 -0.170592E-05
  0.130800E+03 -0.317173E-05  0.902681E-06 -0.152987E-05
  0.131100E+03 -0.314834E-05  0.107430E-05 -0.135494E-05
  0.131400E+03 -0.309401E-05  0.124354E-05 -0.118369E-05
  0.131700E+03 -0.300840E-05  0.140749E-05 -0.101842E-05
  0.132000E+03 -0.289181E-05  0.156314E-05 -0.861164E-06
  0.132300E+03 -0.274512E-05  0.170753E-05 -0.713657E-06
  0.132600E+03 -0.256987E-05  0.183784E-05 -0.577367E-06
  0.132900E+03 -0.236819E-05  0.195155E-05 -0.453475E-06
  0.133200E+03 -0.214268E-05  0.204664E-05 -0.342891E-06
  0.133500E+03 -0.189633E-05  0.212171E-05 -0.246278E-06
  0.133800E+03 -0.163232E-05  0.217603E-05 -0.164095E-06
  0.134100E+03 -0.135399E-05  0.220948E-05 -0.966607E-07
  0.134400E+03 -0.106481E-05  0.222248E-05 -0.442108E-07
  0.134700E+03 -0.768383E-06  0.221579E-05 -0.694623E-08
  0.135000E+03 -0.468468E-06  0.219033E-05  0.149514E-07
  0.135300E+03 -0.168887E-06  0.214707E-05  0.213259E-07
  0.135600E+03  0.126516E-06  0.208691E-05  0.120691E-07
  0.135900E+03  0.413959E-06  0.201057E-05 -0.128328E-07
  0.136200E+03  0.689823E-06  0.191868E-05 -0.532335E-07
  0.136500E+03  0.950783E-06  0.181175E-05 -0.108760E-06
  0.136800E+03  0.119394E-05  0.169031E-05 -0.178764E-06
  0.137100E+03  0.141690E-05  0.155500E-05 -0.262294E-06
  0.137400E+03  0.161783E-05  0.140668E-05 -0.358089E-06
  0.137700E+03  0.179545E-05  0.124645E-05 -0.464582E-06
  0.138000E+03  0.194895E-05  0.107567E-05 -0.579936E-06
  0.138300E+03  0.207797E-05  0.895899E-06 -0.702098E-06
  0.138600E+03  0.218256E-05  0.708954E-06 -0.828881E-06
  0.138900E+03  0.226306E-05  0.516861E-06 -0.958047E-06
  0.139200E+03  0.232012E-05  0.321812E-06 -0.108739E-05
  0.139500E+03  0.235460E-05  0.126082E-06 -0.121482E-05
  0.139800E+03  0.236754E-05 -0.680713E-07 -0.133838E-05
  0.140100E+03  0.236004E-05 -0.258460E-06 -0.145633E-05
  0.140400E+03  0.233325E-05 -0.442992E-06 -0.156713E-05
  0.140700E+03  0.228829E-05 -0.619697E-06 -0.166948E-05
  0.141000E+03  0.222633E-05 -0.786764E-06 -0.176225E-05
  0.141300E+03  0.214862E-05 -0.942600E-06 -0.184441E-05
  0.141600E+03  0.205656E-05 -0.108588E-05 -0.191506E-05
  0.141900E+03  0.195172E-05 -0.121559E-05 -0.197331E-05
  0.142200E+03  0.183582E-05 -0.133103E-05 -0.201834E-05
  0.142500E+03  0.171068E-05 -0.143181E-05 -0.204932E-05
  0.142800E+03  0.157822E-05 -0.151786E-05 -0.206547E-05
  0.143100E+03  0.144041E-05 -0.158928E-05 -0.206605E-05
  0.143400E+03  0.129934E-05 -0.164627E-05 -0.205035E-05
  0.143700E+03  0.115713E-05 -0.168906E-05 -0.201780E-05
  0.144000E+03  0.101594E-05 -0.171777E-05 -0.196791E-05
  0.144300E+03  0.877866E-06 -0.173250E-05 -0.190037E-05
  0.144600E+03  0.744876E-06 -0.173331E-05 -0.181507E-05
  0.144900E+03  0.618720E-06 -0.172032E-05 -0.171206E-05
  0.145200E+03  0.500900E-06 -0.169378E-05 -0.159169E-05
  0.145500E+03  0.392636E-06 -0.165410E-05 -0.145458E-05
  0.145800E+03  0.294864E-06 -0.160186E-05 -0.130166E-05
  0.146100E+03  0.208240E-06 -0.153780E-05 -0.113415E-05
  0.146400E+03  0.133138E-06 -0.146283E-05 -0.953507E-06
  0.146700E+03  0.696461E-07 -0.137800E-05 -0.761341E-06
  0.147000E+03  0.175684E-07 -0.128453E-05 -0.559386E-06
  0.147300E+03 -0.235530E-07 -0.118369E-05 -0.349455E-06
  0.147600E+03 -0.543825E-07 -0.107685E-05 -0.133451E-06
  0.147900E+03 -0.757111E-07 -0.965431E-06  0.866325E-07
  0.148200E+03 -0.883739E-07 -0.850865E-06  0.308707E-06
  0.148500E+03 -0.931887E-07 -0.734576E-06  0.530623E-06
  0.148800E+03 -0.909321E-07 -0.617929E-06  0.750206E-06
  0.149100E+03 -0.823499E-07 -0.502189E-06  0.965316E-06
  0.149400E+03 -0.681925E-07 -0.388478E-06  0.117389E-05
  0.149700E+03 -0.492487E-07 -0.277722E-06  0.137401E-05
  0.150000E+03 -0.263540E-07 -0.170635E-06  0.156394E-05
  0.150300E+03 -0.362192E-09 -0.677383E-07  0.174211E-05
  0.150600E+03  0.279056E-07  0.305812E-07  0.190718E-05
  0.150900E+03  0.577112E-07  0.124004E-06  0.205799E-05
  0.151200E+03  0.884300E-07  0.212224E-06  0.219358E-05
  0.151500E+03  0.119558E-06  0.294921E-06  0.231312E-05
  0.151800E+03  0.150689E-06  0.371754E-06  0.241589E-05
  0.152100E+03  0.181477E-06  0.442369E-06  0.250124E-05
  0.152400E+03  0.211587E-06  0.506414E-06  0.256855E-05
  0.152700E+03  0.240659E-06  0.563539E-06  0.261727E-05
  0.153000E+03  0.268269E-06  0.613374E-06  0.264689E-05
  0.153300E+03  0.293910E-06  0.655509E-06  0.265710E-05
  0.153600E+03  0.316984E-06  0.689497E-06  0.264776E-05
  0.153900E+03  0.336838E-06  0.714899E-06  0.261902E-05
  0.154200E+03  0.352832E-06  0.731363E-06  0.257131E-05
  0.154500E+03  0.364416E-06  0.738689E-06  0.250535E-05
  0.154800E+03  0.371164E-06  0.736866E-06  0.242211E-05
  0.155100E+03  0.372754E-06  0.726045E-06  0.232276E-05
  0.155400E+03  0.368911E-06  0.706466E-06  0.220859E-05
  0.155700E+03  0.359358E-06  0.678368E-06  0.208102E-05
  0.156000E+03  0.343801E-06  0.641932E-06  0.194152E-05
  0.156300E+03  0.321934E-06  0.597279E-06  0.179166E-05
  0.156600E+03  0.293438E-06  0.544526E-06  0.163299E-05
  0.156900E+03  0.257988E-06  0.483870E-06  0.146707E-05
  0.157200E+03  0.215259E-06  0.415662E-06  0.129540E-05
  0.157500E+03  0.164958E-06  0.340454E-06  0.111946E-05
  0.157800E+03  0.106871E-06  0.258991E-06  0.940678E-06
  0.158100E+03  0.409290E-07  0.172162E-06  0.760526E-06
  0.158400E+03 -0.327350E-07  0.809390E-07  0.580509E-06
  0.158700E+03 -0.113753E-06 -0.136553E-07  0.402187E-06
  0.159000E+03 -0.201532E-06 -0.110542E-06  0.227173E-06
  0.159300E+03 -0.295289E-06 -0.208573E-06  0.571123E-07
  0.159600E+03 -0.394068E-06 -0.306534E-06 -0.106334E-06
  0.159900E+03 -0.496763E-06 -0.403180E-06 -0.261529E-06
  0.160200E+03 -0.602121E-06 -0.497263E-06 -0.406919E-06
  0.160500E+03 -0.708775E-06 -0.587559E-06 -0.541087E-06
  0.160800E+03 -0.815303E-06 -0.672881E-06 -0.662810E-06
  0.161100E+03 -0.920299E-06 -0.752084E-06 -0.771086E-06
  0.161400E+03 -0.102245E-05 -0.824052E-06 -0.865148E-06
  0.161700E+03 -0.112058E-05 -0.887682E-06 -0.944453E-06
  0.162000E+03 -0.121366E-05 -0.941873E-06 -0.100869E-05
  0.162300E+03 -0.130074E-05 -0.985553E-06 -0.105780E-05
  0.162600E+03 -0.138097E-05 -0.101773E-05 -0.109199E-05
  0.162900E+03 -0.145348E-05 -0.103756E-05 -0.111173E-05
  0.163200E+03 -0.151744E-05 -0.104440E-05 -0.111776E-05
  0.163500E+03 -0.157199E-05 -0.103787E-05 -0.111107E-05
  0.163800E+03 -0.161633E-05 -0.101784E-05 -0.109289E-05
  0.164100E+03 -0.164971E-05 -0.984424E-06 -0.106465E-05
  0.164400E+03 -0.167148E-05 -0.937961E-06 -0.102791E-05
  0.164700E+03 -0.168113E-05 -0.878935E-06 -0.984292E-06
  0.165000E+03 -0.167826E-05 -0.807942E-06 -0.935463E-06
  0.165300E+03 -0.166257E-05 -0.725639E-06 -0.883041E-06
  0.165600E+03 -0.163384E-05 -0.632707E-06 -0.828588E-06
  0.165900E+03 -0.159188E-05 -0.529835E-06 -0.773573E-06
  0.166200E+03 -0.153663E-05 -0.417701E-06 -0.719341E-06
  0.166500E+03 -0.146813E-05 -0.296979E-06 -0.667081E-06
  0.166800E+03 -0.138662E-05 -0.168356E-06 -0.617809E-06
  0.167100E+03 -0.129252E-05 -0.325662E-07 -0.572367E-06
  0.167400E+03 -0.118639E-05  0.109553E-06 -0.531423E-06
  0.167700E+03 -0.106894E-05  0.256993E-06 -0.495485E-06
  0.168000E+03 -0.941009E-06  0.408519E-06 -0.464905E-06
  0.168300E+03 -0.803565E-06  0.562636E-06 -0.439892E-06
  0.168600E+03 -0.657718E-06  0.717602E-06 -0.420519E-06
  0.168900E+03 -0.504745E-06  0.871467E-06 -0.406743E-06
  0.169200E+03 -0.346098E-06  0.102212E-05 -0.398416E-06
  0.169500E+03 -0.183384E-06  0.116736E-05 -0.395290E-06
  0.169800E+03 -0.183025E-07  0.130495E-05 -0.397020E-06
  0.170100E+03  0.147439E-06  0.143271E-05 -0.403160E-06
  0.170400E+03  0.312200E-06  0.154862E-05 -0.413158E-06
  0.170700E+03  0.474448E-06  0.165090E-05 -0.426362E-06
  0.171000E+03  0.632748E-06  0.173810E-05 -0.442027E-06
  0.171300E+03  0.785734E-06  0.180910E-05 -0.459336E-06
  0.171600E+03  0.932078E-06  0.186310E-05 -0.477425E-06
  0.171900E+03  0.107047E-05  0.189959E-05 -0.495419E-06
  0.172200E+03  0.119961E-05  0.191830E-05 -0.512460E-06
  0.172500E+03  0.131823E-05  0.191918E-05 -0.527750E-06
  0.172800E+03  0.142512E-05  0.190235E-05 -0.540586E-06
  0.173100E+03  0.151911E-05  0.186808E-05 -0.550383E-06
  0.173400E+03  0.159915E-05  0.181674E-05 -0.556701E-06
  0.173700E+03  0.166429E-05  0.174878E-05 -0.559249E-06
  0.174000E+03  0.171371E-05  0.166473E-05 -0.557892E-06
  0.174300E+03  0.174674E-05  0.156518E-05 -0.552645E-06
  0.174600E+03  0.176290E-05  0.145081E-05 -0.543666E-06
  0.174900E+03  0.176193E-05  0.132233E-05 -0.531233E-06
  0.175200E+03  0.174384E-05  0.118055E-05 -0.515711E-06
  0.175500E+03  0.170895E-05  0.102634E-05 -0.497523E-06
  0.175800E+03  0.165787E-05  0.860695E-06 -0.477103E-06
  0.176100E+03  0.159147E-05  0.684732E-06 -0.454857E-06
  0.176400E+03  0.151087E-05  0.499728E-06 -0.431129E-06
  0.176700E+03  0.141734E-05  0.307117E-06 -0.406163E-06
  0.177000E+03  0.131232E-05  0.108490E-06 -0.380094E-06
  0.177300E+03  0.119736E-05 -0.944157E-07 -0.352944E-06
  0.177600E+03  0.107408E-05 -0.299722E-06 -0.324640E-06
  0.177900E+03  0.944158E-06 -0.505419E-06 -0.295038E-06
  0.178200E+03  0.809285E-06 -0.709368E-06 -0.263943E-06
  0.178500E+03  0.671130E-06 -0.909312E-06 -0.231129E-06
  0.178800E+03  0.531353E-06 -0.110289E-05 -0.196344E-06
  0.179100E+03  0.391606E-06 -0.128766E-05 -0.159330E-06
  0.179400E+03  0.253528E-06 -0.146115E-05 -0.119854E-06
  0.179700E+03  0.118713E-06 -0.162097E-05 -0.777465E-07
  0.180000E+03 -0.113315E-07 -0.176484E-05 -0.329527E-07
  0.180300E+03 -0.135223E-06 -0.189073E-05  0.144368E-07
  0.180600E+03 -0.251726E-06 -0.199695E-05  0.641811E-07
  0.180900E+03 -0.359763E-06 -0.208215E-05  0.115922E-06
  0.181200E+03 -0.458413E-06 -0.214537E-05  0.169236E-06
  0.181500E+03 -0.546907E-06 -0.218600E-05  0.223686E-06
  0.181800E+03 -0.624632E-06 -0.220373E-05  0.278855E-06
  0.182100E+03 -0.691152E-06 -0.219849E-05  0.334352E-06
  0.182400E+03 -0.746218E-06 -0.217044E-05  0.389813E-06
  0.182700E+03 -0.789758E-06 -0.211990E-05  0.444871E-06
  0.183000E+03 -0.821843E-06 -0.204735E-05  0.499141E-06
  0.183300E+03 -0.842631E-06 -0.195348E-05  0.552191E-06
  0.183600E+03 -0.852314E-06 -0.183912E-05  0.603533E-06
  0.183900E+03 -0.851075E-06 -0.170537E-05  0.652624E-06
  0.184200E+03 -0.839064E-06 -0.155355E-05  0.698880E-06
  0.184500E+03 -0.816402E-06 -0.138524E-05  0.741705E-06
  0.184800E+03 -0.783231E-06 -0.120227E-05  0.780507E-06
  0.185100E+03 -0.739783E-06 -0.100672E-05  0.814733E-06
  0.185400E+03 -0.686452E-06 -0.800901E-06  0.843885E-06
  0.185700E+03 -0.623857E-06 -0.587315E-06  0.867543E-06
  0.186000E+03 -0.552879E-06 -0.368657E-06  0.885379E-06
  0.186300E+03 -0.474679E-06 -0.147761E-06  0.897153E-06
  0.186600E+03 -0.390695E-06  0.724539E-07  0.902711E-06
  0.186900E+03 -0.302598E-06  0.289059E-06  0.901969E-06
  0.187200E+03 -0.212227E-06  0.499194E-06  0.894915E-06
  0.187500E+03 -0.121478E-06  0.700136E-06  0.881602E-06
  0.187800E+03 -0.321914E-07  0.889350E-06  0.862152E-06
  0.188100E+03  0.539702E-07  0.106454E-05  0.836751E-06
  0.188400E+03  0.135608E-06  0.122367E-05  0.805640E-06
  0.188700E+03  0.211627E-06  0.136502E-05  0.769099E-06
  0.189000E+03  0.281229E-06  0.148715E-05  0.727429E-06
  0.189300E+03  0.343861E-06  0.158896E-05  0.680956E-06
  0.189600E+03  0.399147E-06  0.166963E-05  0.630036E-06
  0.189900E+03  0.446820E-06  0.172871E-05  0.575078E-06
  0.190200E+03  0.486655E-06  0.176602E-05  0.516550E-06
  0.190500E+03  0.518435E-06  0.178166E-05  0.454992E-06
  0.190800E+03  0.541924E-06  0.177596E-05  0.391018E-06
  0.191100E+03  0.556881E-06  0.174941E-05  0.325308E-06
  0.191400E+03  0.563084E-06  0.170263E-05  0.258603E-06
  0.191700E+03  0.560377E-06  0.163640E-05  0.191691E-06
  0.192000E+03  0.548694E-06  0.155164E-05  0.125380E-06
  0.192300E+03  0.528057E-06  0.144941E-05  0.604845E-07
  0.192600E+03  0.498542E-06  0.133093E-05 -0.220093E-08
  0.192900E+03  0.460260E-06  0.119759E-05 -0.619208E-07
  0.193200E+03  0.413364E-06  0.105093E-05 -0.117979E-06
  0.193500E+03  0.358087E-06  0.892650E-06 -0.169764E-06
  0.193800E+03  0.294800E-06  0.724693E-06 -0.216771E-06
  0.194100E+03  0.224066E-06  0.549184E-06 -0.258620E-06
  0.194400E+03  0.146669E-06  0.368423E-06 -0.295051E-06
  0.194700E+03  0.636188E-07  0.184829E-06 -0.325914E-06
  0.195000E+03 -0.238796E-07  0.872348E-09 -0.351157E-06
  0.195300E+03 -0.114465E-06 -0.180980E-06 -0.370821E-06
  0.195600E+03 -0.206676E-06 -0.358315E-06 -0.385054E-06
  0.195900E+03 -0.299011E-06 -0.528832E-06 -0.394120E-06
  0.196200E+03 -0.389996E-06 -0.690395E-06 -0.398392E-06
  0.196500E+03 -0.478245E-06 -0.841096E-06 -0.398322E-06
  0.196800E+03 -0.562489E-06 -0.979296E-06 -0.394397E-06
  0.197100E+03 -0.641590E-06 -0.110364E-05 -0.387094E-06
  0.197400E+03 -0.714535E-06 -0.121306E-05 -0.376866E-06
  0.197700E+03 -0.780426E-06 -0.130667E-05 -0.364141E-06
  0.198000E+03 -0.838477E-06 -0.138377E-05 -0.349345E-06
  0.198300E+03 -0.888010E-06 -0.144378E-05 -0.332931E-06
  0.198600E+03 -0.928445E-06 -0.148624E-05 -0.315399E-06
  0.198900E+03 -0.959303E-06 -0.151079E-05 -0.297303E-06
  0.199200E+03 -0.980205E-06 -0.151726E-05 -0.279242E-06
  0.199500E+03 -0.990878E-06 -0.150563E-05 -0.261830E-06
  0.199800E+03 -0.991167E-06 -0.147612E-05 -0.245658E-06
  0.200100E+03 -0.981047E-06 -0.142919E-05 -0.231248E-06
  0.200400E+03 -0.960634E-06 -0.136555E-05 -0.219017E-06
  0.200700E+03 -0.930196E-06 -0.128619E-05 -0.209243E-06
  0.201000E+03 -0.890148E-06 -0.119232E-05 -0.202050E-06
  0.201300E+03 -0.841026E-06 -0.108534E-05 -0.197415E-06
  0.201600E+03 -0.783442E-06 -0.966830E-06 -0.195185E-06
  0.201900E+03 -0.718034E-06 -0.838429E-06 -0.195112E-06
  0.202200E+03 -0.645433E-06 -0.701854E-06 -0.196890E-06
  0.202500E+03 -0.566264E-06 -0.558848E-06 -0.200187E-06
  0.202800E+03 -0.481172E-06 -0.411164E-06 -0.204674E-06
  0.203100E+03 -0.390868E-06 -0.260542E-06 -0.210042E-06
  0.203400E+03 -0.296164E-06 -0.108698E-06 -0.216019E-06
  0.203700E+03 -0.197987E-06  0.426890E-07 -0.222372E-06
  0.204000E+03 -0.973633E-07  0.191980E-06 -0.228908E-06
  0.204300E+03  0.461013E-08  0.337574E-06 -0.235469E-06
  0.204600E+03  0.106799E-06  0.477917E-06 -0.241932E-06
  0.204900E+03  0.208059E-06  0.611514E-06 -0.248184E-06
  0.205200E+03  0.307258E-06  0.736932E-06 -0.254099E-06
  0.205500E+03  0.403289E-06  0.852813E-06 -0.259506E-06
  0.205800E+03  0.495089E-06  0.957888E-06 -0.264157E-06
  0.206100E+03  0.581647E-06  0.105101E-05 -0.267704E-06
  0.206400E+03  0.662008E-06  0.113120E-05 -0.269693E-06
  0.206700E+03  0.735280E-06  0.119772E-05 -0.269569E-06
  0.207000E+03  0.800637E-06  0.125013E-05 -0.266718E-06
  0.207300E+03  0.857336E-06  0.128834E-05 -0.260524E-06
  0.207600E+03  0.904725E-06  0.131259E-05 -0.250457E-06
  0.207900E+03  0.942253E-06  0.132343E-05 -0.236159E-06
  0.208200E+03  0.969470E-06  0.132166E-05 -0.217507E-06
  0.208500E+03  0.986044E-06  0.130822E-05 -0.194640E-06
  0.208800E+03  0.991796E-06  0.128412E-05 -0.167943E-06
  0.209100E+03  0.986735E-06  0.125036E-05 -0.138002E-06
  0.209400E+03  0.971097E-06  0.120788E-05 -0.105536E-06
  0.209700E+03  0.945361E-06  0.115755E-05 -0.713287E-07
  0.210000E+03  0.910234E-06  0.110018E-05 -0.361584E-07
  0.210300E+03  0.866621E-06  0.103651E-05 -0.745878E-09
  0.210600E+03  0.815575E-06  0.967235E-06  0.342818E-07
  0.210900E+03  0.758239E-06  0.893029E-06  0.683996E-07
  0.211200E+03  0.695780E-06  0.814534E-06  0.101167E-06
  0.211500E+03  0.629336E-06  0.732397E-06  0.132198E-06
  0.211800E+03  0.559976E-06  0.647281E-06  0.161124E-06
  0.212100E+03  0.488683E-06  0.559873E-06  0.187580E-06
  0.212400E+03  0.416360E-06  0.470886E-06  0.211199E-06
  0.212700E+03  0.343840E-06  0.381045E-06  0.231625E-06
  0.213000E+03  0.271904E-06  0.291070E-06  0.248531E-06
  0.213300E+03  0.201286E-06  0.201653E-06  0.261637E-06
  0.213600E+03  0.132675E-06  0.113423E-06  0.270726E-06
  0.213900E+03  0.667147E-07  0.269088E-07  0.275657E-06
  0.214200E+03  0.400881E-08 -0.574846E-07  0.276376E-06
  0.214500E+03 -0.548630E-07 -0.139489E-06  0.272921E-06
  0.214800E+03 -0.109337E-06 -0.218950E-06  0.265411E-06
  0.215100E+03 -0.158873E-06 -0.295770E-06  0.254027E-06
  0.215400E+03 -0.202974E-06 -0.369850E-06  0.239001E-06
  0.215700E+03 -0.241220E-06 -0.441025E-06  0.220605E-06
  0.216000E+03 -0.273308E-06 -0.509039E-06  0.199152E-06
  0.216300E+03 -0.299079E-06 -0.573544E-06  0.174998E-06
  0.216600E+03 -0.318547E-06 -0.634126E-06  0.148532E-06
  0.216900E+03 -0.331899E-06 -0.690354E-06  0.120164E-06
  0.217200E+03 -0.339485E-06 -0.741839E-06  0.903117E-07
  0.217500E+03 -0.341792E-06 -0.788279E-06  0.593919E-07
  0.217800E+03 -0.339417E-06 -0.829496E-06  0.278318E-07
  0.218100E+03 -0.333043E-06 -0.865435E-06 -0.392708E-08
  0.218400E+03 -0.323409E-06 -0.896148E-06 -0.354252E-07
  0.218700E+03 -0.311283E-06 -0.921754E-06 -0.661888E-07
  0.219000E+03 -0.297419E-06 -0.942396E-06 -0.957350E-07
  0.219300E+03 -0.282525E-06 -0.958182E-06 -0.123575E-06
  0.219600E+03 -0.267234E-06 -0.969145E-06 -0.149214E-06
  0.219900E+03 -0.252085E-06 -0.975226E-06 -0.172158E-06
  0.220200E+03 -0.237516E-06 -0.976270E-06 -0.191917E-06
  0.220500E+03 -0.223865E-06 -0.972055E-06 -0.208027E-06
  0.220800E+03 -0.211381E-06 -0.962332E-06 -0.220054E-06
  0.221100E+03 -0.200249E-06 -0.946883E-06 -0.227605E-06
  0.221400E+03 -0.190606E-06 -0.925568E-06 -0.230334E-06
  0.221700E+03 -0.182555E-06 -0.898364E-06 -0.227956E-06
  0.222000E+03 -0.176161E-06 -0.865391E-06 -0.220261E-06
  0.222300E+03 -0.171447E-06 -0.826903E-06 -0.207122E-06
  0.222600E+03 -0.168368E-06 -0.783278E-06 -0.188512E-06
  0.222900E+03 -0.166806E-06 -0.734981E-06 -0.164498E-06
  0.223200E+03 -0.166559E-06 -0.682540E-06 -0.135249E-06
  0.223500E+03 -0.167352E-06 -0.626517E-06 -0.101027E-06
  0.223800E+03 -0.168858E-06 -0.567486E-06 -0.621833E-07
  0.224100E+03 -0.170728E-06 -0.506016E-06 -0.191462E-07
  0.224400E+03 -0.172637E-06 -0.442659E-06  0.275776E-07
  0.224700E+03 -0.174327E-06 -0.377935E-06  0.773946E-07
  0.225000E+03 -0.175648E-06 -0.312305E-06  0.129614E-06
  0.225300E+03 -0.176574E-06 -0.246156E-06  0.183444E-06
  0.225600E+03 -0.177202E-06 -0.179778E-06  0.237993E-06
  0.225900E+03 -0.177715E-06 -0.113360E-06  0.292287E-06
  0.226200E+03 -0.178346E-06 -0.469963E-07  0.345288E-06
  0.226500E+03 -0.179336E-06  0.192838E-07  0.395925E-06
  0.226800E+03 -0.180892E-06  0.854772E-07  0.443139E-06
  0.227100E+03 -0.183155E-06  0.151568E-06  0.485926E-06
  0.227400E+03 -0.186160E-06  0.217490E-06  0.523391E-06
  0.227700E+03 -0.189812E-06  0.283100E-06  0.554782E-06
  0.228000E+03 -0.193867E-06  0.348168E-06  0.579513E-06
  0.228300E+03 -0.197937E-06  0.412377E-06  0.597176E-06
  0.228600E+03 -0.201522E-06  0.475339E-06  0.607545E-06
  0.228900E+03 -0.204057E-06  0.536603E-06  0.610573E-06
  0.229200E+03 -0.204973E-06  0.595674E-06  0.606393E-06
  0.229500E+03 -0.203757E-06  0.652024E-06  0.595294E-06
  0.229800E+03 -0.199986E-06  0.705112E-06  0.577692E-06
  0.230100E+03 -0.193337E-06  0.754414E-06  0.554086E-06
  0.230400E+03 -0.183571E-06  0.799440E-06  0.525005E-06
  0.230700E+03 -0.170504E-06  0.839754E-06  0.490970E-06
  0.231000E+03 -0.153985E-06  0.874990E-06  0.452458E-06
  0.231300E+03 -0.133884E-06  0.904858E-06  0.409906E-06
  0.231600E+03 -0.110091E-06  0.929148E-06  0.363723E-06
  0.231900E+03 -0.825320E-07  0.947710E-06  0.314315E-06
  0.232200E+03 -0.511878E-07  0.960426E-06  0.262111E-06
  0.232500E+03 -0.161114E-07  0.967173E-06  0.207579E-06
  0.232800E+03  0.225595E-07  0.967785E-06  0.151240E-06
  0.233100E+03  0.645996E-07  0.962035E-06  0.936696E-07
  0.233400E+03  0.109700E-06  0.949624E-06  0.354874E-07
  0.233700E+03  0.157473E-06  0.930193E-06 -0.226643E-07
  0.234000E+03  0.207452E-06  0.903352E-06 -0.801531E-07
  0.234300E+03  0.259075E-06  0.868717E-06 -0.136391E-06
  0.234600E+03  0.311677E-06  0.825951E-06 -0.190858E-06
  0.234900E+03  0.364476E-06  0.774802E-06 -0.243126E-06
  0.235200E+03  0.416580E-06  0.715143E-06 -0.292855E-06
  0.235500E+03  0.466997E-06  0.647000E-06 -0.339794E-06
  0.235800E+03  0.514665E-06  0.570586E-06 -0.383759E-06
  0.236100E+03  0.558486E-06  0.486324E-06 -0.424612E-06
  0.236400E+03  0.597382E-06  0.394857E-06 -0.462253E-06
  0.236700E+03  0.630352E-06  0.297057E-06 -0.496608E-06
  0.237000E+03  0.656522E-06  0.194014E-06 -0.527630E-06
  0.237300E+03  0.675189E-06  0.870082E-07 -0.555285E-06
  0.237600E+03  0.685831E-06 -0.225244E-07 -0.579545E-06
  0.237900E+03  0.688098E-06 -0.133041E-06 -0.600369E-06
  0.238200E+03  0.681782E-06 -0.242937E-06 -0.617705E-06
  0.238500E+03  0.666773E-06 -0.350602E-06 -0.631480E-06
  0.238800E+03  0.643028E-06 -0.454462E-06 -0.641611E-06
  0.239100E+03  0.610543E-06 -0.553027E-06 -0.648009E-06
  0.239400E+03  0.569356E-06 -0.644927E-06 -0.650601E-06
  0.239700E+03  0.519554E-06 -0.728940E-06 -0.649349E-06
  0.240000E+03  0.461302E-06 -0.804014E-06 -0.644270E-06
  0.240300E+03  0.394873E-06 -0.869280E-06 -0.635445E-06
  0.240600E+03  0.320669E-06 -0.924069E-06 -0.623012E-06
  0.240900E+03  0.239258E-06 -0.967913E-06 -0.607160E-06
  0.241200E+03  0.151381E-06 -0.100053E-05 -0.588105E-06
  0.241500E+03  0.579651E-07 -0.102179E-05 -0.566073E-06
  0.241800E+03 -0.398788E-07 -0.103169E-05 -0.541290E-06
  0.242100E+03 -0.140853E-06 -0.103031E-05 -0.513964E-06
  0.242400E+03 -0.243471E-06 -0.101780E-05 -0.484283E-06
  0.242700E+03 -0.346059E-06 -0.994389E-06 -0.452405E-06
  0.243000E+03 -0.446790E-06 -0.960352E-06 -0.418466E-06
  0.243300E+03 -0.543735E-06 -0.916078E-06 -0.382579E-06
  0.243600E+03 -0.634945E-06 -0.862066E-06 -0.344837E-06
  0.243900E+03 -0.718545E-06 -0.798952E-06 -0.305323E-06
  0.244200E+03 -0.792821E-06 -0.727524E-06 -0.264117E-06
  0.244500E+03 -0.856288E-06 -0.648717E-06 -0.221299E-06
  0.244800E+03 -0.907736E-06 -0.563592E-06 -0.176967E-06
  0.245100E+03 -0.946257E-06 -0.473308E-06 -0.131236E-06
  0.245400E+03 -0.971251E-06 -0.379098E-06 -0.842569E-07
  0.245700E+03 -0.982426E-06 -0.282242E-06 -0.362200E-07
  0.246000E+03 -0.979788E-06 -0.184061E-06  0.126402E-07
  0.246300E+03 -0.963622E-06 -0.858976E-07  0.620510E-07
  0.246600E+03 -0.934470E-06  0.109104E-07  0.111713E-06
  0.246900E+03 -0.893097E-06  0.105069E-06  0.161313E-06
  0.247200E+03 -0.840441E-06  0.195369E-06  0.210527E-06
  0.247500E+03 -0.777573E-06  0.280718E-06  0.259017E-06
  0.247800E+03 -0.705645E-06  0.360163E-06  0.306424E-06
  0.248100E+03 -0.625858E-06  0.432892E-06  0.352353E-06
  0.248400E+03 -0.539443E-06  0.498229E-06  0.396365E-06
  0.248700E+03 -0.447644E-06  0.555630E-06  0.437964E-06
  0.249000E+03 -0.351713E-06  0.604677E-06  0.476601E-06
  0.249300E+03 -0.252897E-06  0.645084E-06  0.511689E-06
  0.249600E+03 -0.152433E-06  0.676700E-06  0.542620E-06
  0.249900E+03 -0.515323E-07  0.699518E-06  0.568803E-06
  0.250200E+03  0.486175E-07  0.713688E-06  0.589699E-06
  0.250500E+03  0.146868E-06  0.719520E-06  0.604856E-06
  0.250800E+03  0.242119E-06  0.717479E-06  0.613946E-06
  0.251100E+03  0.333326E-06  0.708166E-06  0.616793E-06
  0.251400E+03  0.419508E-06  0.692282E-06  0.613385E-06
  0.251700E+03  0.499754E-06  0.670580E-06  0.603881E-06
  0.252000E+03  0.573221E-06  0.643825E-06  0.588601E-06
  0.252300E+03  0.639145E-06  0.612750E-06  0.568010E-06
  0.252600E+03  0.696853E-06  0.578033E-06  0.542698E-06
  0.252900E+03  0.745772E-06  0.540284E-06  0.513353E-06
  0.253200E+03  0.785443E-06  0.500047E-06  0.480727E-06
  0.253500E+03  0.815529E-06  0.457806E-06  0.445601E-06
  0.253800E+03  0.835814E-06  0.413995E-06  0.408747E-06
  0.254100E+03  0.846204E-06  0.369015E-06  0.370891E-06
  0.254400E+03  0.846717E-06  0.323237E-06  0.332686E-06
  0.254700E+03  0.837477E-06  0.277007E-06  0.294685E-06
  0.255000E+03  0.818721E-06  0.230636E-06  0.257333E-06
  0.255300E+03  0.790807E-06  0.184402E-06  0.220964E-06
  0.255600E+03  0.754224E-06  0.138546E-06  0.185810E-06
  0.255900E+03  0.709605E-06  0.932839E-07  0.152017E-06
  0.256200E+03  0.657728E-06  0.488288E-07  0.119668E-06
  0.256500E+03  0.599509E-06  0.540632E-08  0.888045E-07
  0.256800E+03  0.535994E-06 -0.367337E-07  0.594448E-07
  0.257100E+03  0.468330E-06 -0.773203E-07  0.315946E-07
  0.257400E+03  0.397734E-06 -0.116076E-06  0.525855E-08
  0.257700E+03  0.325443E-06 -0.152734E-06 -0.195510E-07
  0.258000E+03  0.252659E-06 -0.187064E-06 -0.428078E-07
  0.258300E+03  0.180490E-06 -0.218883E-06 -0.644696E-07
  0.258600E+03  0.109918E-06 -0.248077E-06 -0.844814E-07
  0.258900E+03  0.417591E-07 -0.274609E-06 -0.102780E-06
  0.259200E+03 -0.233396E-07 -0.298533E-06 -0.119298E-06
  0.259500E+03 -0.849048E-07 -0.319984E-06 -0.133972E-06
  0.259800E+03 -0.142615E-06 -0.339172E-06 -0.146747E-06
  0.260100E+03 -0.196267E-06 -0.356350E-06 -0.157583E-06
  0.260400E+03 -0.245730E-06 -0.371779E-06 -0.166461E-06
  0.260700E+03 -0.290914E-06 -0.385698E-06 -0.173382E-06
  0.261000E+03 -0.331735E-06 -0.398292E-06 -0.178363E-06
  0.261300E+03 -0.368104E-06 -0.409669E-06 -0.181424E-06
  0.261600E+03 -0.399921E-06 -0.419853E-06 -0.182591E-06
  0.261900E+03 -0.427070E-06 -0.428786E-06 -0.181886E-06
  0.262200E+03 -0.449420E-06 -0.436348E-06 -0.179341E-06
  0.262500E+03 -0.466827E-06 -0.442376E-06 -0.175001E-06
  0.262800E+03 -0.479152E-06 -0.446694E-06 -0.168946E-06
  0.263100E+03 -0.486277E-06 -0.449126E-06 -0.161300E-06
  0.263400E+03 -0.488144E-06 -0.449498E-06 -0.152241E-06
  0.263700E+03 -0.484781E-06 -0.447630E-06 -0.142008E-06
  0.264000E+03 -0.476339E-06 -0.443321E-06 -0.130893E-06
  0.264300E+03 -0.463110E-06 -0.436336E-06 -0.119243E-06
  0.264600E+03 -0.445527E-06 -0.426406E-06 -0.107449E-06
  0.264900E+03 -0.424146E-06 -0.413236E-06 -0.959340E-07
  0.265200E+03 -0.399611E-06 -0.396530E-06 -0.851395E-07
  0.265500E+03 -0.372604E-06 -0.376022E-06 -0.754988E-07
  0.265800E+03 -0.343805E-06 -0.351521E-06 -0.674115E-07
  0.266100E+03 -0.313864E-06 -0.322955E-06 -0.612178E-07
  0.266400E+03 -0.283381E-06 -0.290399E-06 -0.571771E-07
  0.266700E+03 -0.252910E-06 -0.254082E-06 -0.554532E-07
  0.267000E+03 -0.222960E-06 -0.214373E-06 -0.561105E-07
  0.267300E+03 -0.194007E-06 -0.171744E-06 -0.591193E-07
  0.267600E+03 -0.166485E-06 -0.126734E-06 -0.643718E-07
  0.267900E+03 -0.140778E-06 -0.799171E-07 -0.717027E-07
  0.268200E+03 -0.117191E-06 -0.318773E-07 -0.809138E-07
  0.268500E+03 -0.959293E-07  0.168000E-07 -0.917957E-07
  0.268800E+03 -0.770698E-07  0.655334E-07 -0.104144E-06
  0.269100E+03 -0.605558E-07  0.113748E-06 -0.117769E-06
  0.269400E+03 -0.462043E-07  0.160881E-06 -0.132494E-06
  0.269700E+03 -0.337278E-07  0.206389E-06 -0.148154E-06
  0.270000E+03 -0.227634E-07  0.249761E-06 -0.164581E-06
  0.270300E+03 -0.129038E-07  0.290517E-06 -0.181591E-06
  0.270600E+03 -0.372374E-08  0.328205E-06 -0.198976E-06
  0.270900E+03  0.519826E-08  0.362397E-06 -0.216486E-06
  0.271200E+03  0.142630E-07  0.392674E-06 -0.233824E-06
  0.271500E+03  0.238361E-07  0.418631E-06 -0.250635E-06
  0.271800E+03  0.342354E-07  0.439894E-06 -0.266517E-06
  0.272100E+03  0.457198E-07  0.456149E-06 -0.281031E-06
  0.272400E+03  0.584827E-07  0.467182E-06 -0.293724E-06
  0.272700E+03  0.726532E-07  0.472913E-06 -0.304155E-06
  0.273000E+03  0.883039E-07  0.473415E-06 -0.311919E-06
  0.273300E+03  0.105462E-06  0.468905E-06 -0.316658E-06
  0.273600E+03  0.124119E-06  0.459723E-06 -0.318072E-06
  0.273900E+03  0.144243E-06  0.446285E-06 -0.315915E-06
  0.274200E+03  0.165781E-06  0.429041E-06 -0.309993E-06
  0.274500E+03  0.188657E-06  0.408437E-06 -0.300158E-06
  0.274800E+03  0.212772E-06  0.384887E-06 -0.286304E-06
  0.275100E+03  0.237982E-06  0.358763E-06 -0.268364E-06
  0.275400E+03  0.264092E-06  0.330398E-06 -0.246322E-06
  0.275700E+03  0.290832E-06  0.300088E-06 -0.220206E-06
  0.276000E+03  0.317848E-06  0.268098E-06 -0.190107E-06
  0.276300E+03  0.344694E-06  0.234675E-06 -0.156178E-06
  0.276600E+03  0.370832E-06  0.200059E-06 -0.118652E-06
  0.276900E+03  0.395639E-06  0.164508E-06 -0.778454E-07
  0.277200E+03  0.418425E-06  0.128320E-06 -0.341764E-07
  0.277500E+03  0.438453E-06  0.918567E-07  0.118348E-07
  0.277800E+03  0.454976E-06  0.555522E-07  0.595631E-07
  0.278100E+03  0.467276E-06  0.199049E-07  0.108289E-06
  0.278400E+03  0.474709E-06 -0.145438E-07  0.157222E-06
  0.278700E+03  0.476729E-06 -0.472377E-07  0.205530E-06
  0.279000E+03  0.472911E-06 -0.776367E-07  0.252385E-06
  0.279300E+03  0.462960E-06 -0.105246E-06  0.297003E-06
  0.279600E+03  0.446700E-06 -0.129642E-06  0.338680E-06
  0.279900E+03  0.424075E-06 -0.150503E-06  0.376811E-06
  0.280200E+03  0.395127E-06 -0.167621E-06  0.410904E-06
  0.280500E+03  0.359979E-06 -0.180924E-06  0.440570E-06
  0.280800E+03  0.318824E-06 -0.190482E-06  0.465506E-06
  0.281100E+03  0.271912E-06 -0.196499E-06  0.485482E-06
  0.281400E+03  0.219555E-06 -0.199303E-06  0.500317E-06
  0.281700E+03  0.162131E-06 -0.199312E-06  0.509875E-06
  0.282000E+03  0.100094E-06 -0.196996E-06  0.514059E-06
  0.282300E+03  0.339884E-07 -0.192842E-06  0.512817E-06
  0.282600E+03 -0.355411E-07 -0.187312E-06  0.506161E-06
  0.282900E+03 -0.107741E-06 -0.180816E-06  0.494176E-06
  0.283200E+03 -0.181745E-06 -0.173697E-06  0.477036E-06
  0.283500E+03 -0.256582E-06 -0.166221E-06  0.455001E-06
  0.283800E+03 -0.331182E-06 -0.158575E-06  0.428417E-06
  0.284100E+03 -0.404404E-06 -0.150880E-06  0.397696E-06
  0.284400E+03 -0.475056E-06 -0.143203E-06  0.363302E-06
  0.284700E+03 -0.541927E-06 -0.135594E-06  0.325733E-06
  0.285000E+03 -0.603818E-06 -0.128103E-06  0.285508E-06
  0.285300E+03 -0.659571E-06 -0.120816E-06  0.243159E-06
  0.285600E+03 -0.708097E-06 -0.113866E-06  0.199228E-06
  0.285900E+03 -0.748407E-06 -0.107433E-06  0.154275E-06
  0.286200E+03 -0.779646E-06 -0.101729E-06  0.108873E-06
  0.286500E+03 -0.801133E-06 -0.969697E-07  0.636075E-07
  0.286800E+03 -0.812385E-06 -0.933356E-07  0.190760E-07
  0.287100E+03 -0.813145E-06 -0.909436E-07 -0.241268E-07
  0.287400E+03 -0.803382E-06 -0.898178E-07 -0.654200E-07
  0.287700E+03 -0.783289E-06 -0.898724E-07 -0.104253E-06
  0.288000E+03 -0.753268E-06 -0.909082E-07 -0.140120E-06
  0.288300E+03 -0.713899E-06 -0.926194E-07 -0.172578E-06
  0.288600E+03 -0.665907E-06 -0.946134E-07 -0.201261E-06
  0.288900E+03 -0.610125E-06 -0.964393E-07 -0.225883E-06
  0.289200E+03 -0.547455E-06 -0.976254E-07 -0.246249E-06
  0.289500E+03 -0.478836E-06 -0.977178E-07 -0.262253E-06
  0.289800E+03 -0.405224E-06 -0.963131E-07 -0.273885E-06
  0.290100E+03 -0.327572E-06 -0.930802E-07 -0.281226E-06
  0.290400E+03 -0.246826E-06 -0.877699E-07 -0.284450E-06
  0.290700E+03 -0.163924E-06 -0.802162E-07 -0.283820E-06
  0.291000E+03 -0.797944E-07 -0.703362E-07 -0.279683E-06
  0.291300E+03  0.464484E-08 -0.581305E-07 -0.272466E-06
  0.291600E+03  0.884860E-07 -0.436837E-07 -0.262665E-06
  0.291900E+03  0.170834E-06 -0.271631E-07 -0.250827E-06
  0.292200E+03  0.250807E-06 -0.881397E-08 -0.237533E-06
  0.292500E+03  0.327544E-06  0.110493E-07 -0.223367E-06
  0.292800E+03  0.400212E-06  0.320533E-07 -0.208886E-06
  0.293100E+03  0.468018E-06  0.537753E-07 -0.194594E-06
  0.293400E+03  0.530229E-06  0.757535E-07 -0.180917E-06
  0.293700E+03  0.586191E-06  0.974963E-07 -0.168187E-06
  0.294000E+03  0.635353E-06  0.118495E-06 -0.156640E-06
  0.294300E+03  0.677281E-06  0.138242E-06 -0.146415E-06
  0.294600E+03  0.711671E-06  0.156250E-06 -0.137565E-06
  0.294900E+03  0.738337E-06  0.172083E-06 -0.130073E-06
  0.295200E+03  0.757205E-06  0.185372E-06 -0.123860E-06
  0.295500E+03  0.768289E-06  0.195830E-06 -0.118807E-06
  0.295800E+03  0.771676E-06  0.203259E-06 -0.114763E-06
  0.296100E+03  0.767514E-06  0.207546E-06 -0.111556E-06
  0.296400E+03  0.756005E-06  0.208656E-06 -0.108994E-06
  0.296700E+03  0.737411E-06  0.206626E-06 -0.106871E-06
  0.297000E+03  0.712053E-06  0.201563E-06 -0.104958E-06
  0.297300E+03  0.680321E-06  0.193630E-06 -0.103008E-06
  0.297600E+03  0.642672E-06  0.183049E-06 -0.100759E-06
  0.297900E+03  0.599631E-06  0.170087E-06 -0.979444E-07
  0.298200E+03  0.551773E-06  0.155040E-06 -0.943110E-07
  0.298500E+03  0.499715E-06  0.138226E-06 -0.896358E-07
  0.298800E+03  0.444086E-06  0.119957E-06 -0.837427E-07
  0.299100E+03  0.385504E-06  0.100521E-06 -0.765110E-07
  0.299400E+03  0.324556E-06  0.801755E-07 -0.678776E-07
  0.299700E+03  0.261783E-06  0.591456E-07 -0.578288E-07
  0.300000E+03  0.197664E-06  0.376388E-07 -0.463895E-07
  0.300300E+03  0.132625E-06  0.158712E-07 -0.336100E-07
  0.300600E+03  0.670503E-07 -0.590782E-08 -0.195583E-07
  0.300900E+03  0.130303E-08 -0.273985E-07 -0.431504E-08
  0.301200E+03 -0.642450E-07 -0.482488E-07  0.120256E-07
  0.301500E+03 -0.129187E-06 -0.680671E-07  0.293535E-07
  0.301800E+03 -0.193060E-06 -0.864470E-07  0.475379E-07
  0.302100E+03 -0.255338E-06 -0.102996E-06  0.664221E-07
  0.302400E+03 -0.315435E-06 -0.117361E-06  0.858196E-07
  0.302700E+03 -0.372713E-06 -0.129253E-06  0.105511E-06
  0.303000E+03 -0.426507E-06 -0.138454E-06  0.125246E-06
  0.303300E+03 -0.476136E-06 -0.144828E-06  0.144744E-06
  0.303600E+03 -0.520928E-06 -0.148329E-06  0.163706E-06
  0.303900E+03 -0.560243E-06 -0.148999E-06  0.181822E-06
  0.304200E+03 -0.593496E-06 -0.146978E-06  0.198787E-06
  0.304500E+03 -0.620171E-06 -0.142507E-06  0.214321E-06
  0.304800E+03 -0.639844E-06 -0.135918E-06  0.228187E-06
  0.305100E+03 -0.652185E-06 -0.127628E-06  0.240208E-06
  0.305400E+03 -0.656971E-06 -0.118121E-06  0.250277E-06
  0.305700E+03 -0.654085E-06 -0.107920E-06  0.258348E-06
  0.306000E+03 -0.643519E-06 -0.975634E-07  0.264422E-06
  0.306300E+03 -0.625377E-06 -0.875832E-07  0.268522E-06
  0.306600E+03 -0.599872E-06 -0.784818E-07  0.270666E-06
  0.306900E+03 -0.567316E-06 -0.707139E-07  0.270851E-06
