  0.00000E+00 -0.31242E-12 -0.21305E-13 -0.10591E-12
  0.30000E+00 -0.24298E-11 -0.68329E-13 -0.48797E-12
  0.60000E+00 -0.97839E-11  0.37702E-13 -0.62260E-12
  0.90000E+00 -0.27810E-10  0.53021E-12  0.11202E-11
  0.12000E+01 -0.63396E-10  0.68424E-12  0.56862E-11
  0.15000E+01 -0.12416E-09 -0.31863E-11  0.99681E-11
  0.18000E+01 -0.21870E-09 -0.20236E-10  0.38573E-11
  0.21000E+01 -0.35839E-09 -0.67216E-10 -0.31503E-10
  0.24000E+01 -0.55989E-09 -0.16953E-09 -0.12409E-09
  0.27000E+01 -0.84704E-09 -0.36094E-09 -0.30979E-09
  0.30000E+01 -0.12505E-08 -0.68207E-09 -0.62999E-09
  0.33000E+01 -0.18040E-08 -0.11783E-08 -0.11290E-08
  0.36000E+01 -0.25390E-08 -0.18976E-08 -0.18511E-08
  0.39000E+01 -0.34788E-08 -0.28876E-08 -0.28385E-08
  0.42000E+01 -0.46358E-08 -0.41924E-08 -0.41279E-08
  0.45000E+01 -0.60093E-08 -0.58482E-08 -0.57483E-08
  0.48000E+01 -0.75860E-08 -0.78803E-08 -0.77196E-08
  0.51000E+01 -0.93399E-08 -0.10301E-07 -0.10052E-07
  0.54000E+01 -0.11234E-07 -0.13110E-07 -0.12746E-07
  0.57000E+01 -0.13224E-07 -0.16290E-07 -0.15794E-07
  0.60000E+01 -0.15256E-07 -0.19811E-07 -0.19179E-07
  0.63000E+01 -0.17273E-07 -0.23627E-07 -0.22873E-07
  0.66000E+01 -0.19214E-07 -0.27687E-07 -0.26843E-07
  0.69000E+01 -0.21011E-07 -0.31928E-07 -0.31046E-07
  0.72000E+01 -0.22599E-07 -0.36288E-07 -0.35430E-07
  0.75000E+01 -0.23908E-07 -0.40702E-07 -0.39939E-07
  0.78000E+01 -0.24873E-07 -0.45099E-07 -0.44505E-07
  0.81000E+01 -0.25426E-07 -0.49407E-07 -0.49055E-07
  0.84000E+01 -0.25502E-07 -0.53549E-07 -0.53507E-07
  0.87000E+01 -0.25038E-07 -0.57446E-07 -0.57776E-07
  0.90000E+01 -0.23979E-07 -0.61017E-07 -0.61771E-07
  0.93000E+01 -0.22273E-07 -0.64175E-07 -0.65400E-07
  0.96000E+01 -0.19882E-07 -0.66832E-07 -0.68569E-07
  0.99000E+01 -0.16777E-07 -0.68894E-07 -0.71187E-07
  0.10200E+02 -0.12942E-07 -0.70271E-07 -0.73162E-07
  0.10500E+02 -0.83759E-08 -0.70874E-07 -0.74406E-07
  0.10800E+02 -0.30899E-08 -0.70620E-07 -0.74834E-07
  0.11100E+02  0.28868E-08 -0.69440E-07 -0.74371E-07
  0.11400E+02  0.95074E-08 -0.67275E-07 -0.72952E-07
  0.11700E+02  0.16709E-07 -0.64083E-07 -0.70525E-07
  0.12000E+02  0.24413E-07 -0.59837E-07 -0.67052E-07
  0.12300E+02  0.32531E-07 -0.54528E-07 -0.62510E-07
  0.12600E+02  0.40960E-07 -0.48161E-07 -0.56893E-07
  0.12900E+02  0.49587E-07 -0.40755E-07 -0.50207E-07
  0.13200E+02  0.58286E-07 -0.32346E-07 -0.42477E-07
  0.13500E+02  0.66928E-07 -0.22983E-07 -0.33741E-07
  0.13800E+02  0.75382E-07 -0.12725E-07 -0.24052E-07
  0.14100E+02  0.83519E-07 -0.16445E-08 -0.13475E-07
  0.14400E+02  0.91210E-07  0.10174E-07 -0.20922E-08
  0.14700E+02  0.98330E-07  0.22633E-07  0.10006E-07
  0.15000E+02  0.10475E-06  0.35628E-07  0.22717E-07
  0.15300E+02  0.11036E-06  0.49039E-07  0.35926E-07
  0.15600E+02  0.11505E-06  0.62738E-07  0.49514E-07
  0.15900E+02  0.11871E-06  0.76585E-07  0.63351E-07
  0.16200E+02  0.12126E-06  0.90428E-07  0.77308E-07
  0.16500E+02  0.12261E-06  0.10411E-06  0.91249E-07
  0.16800E+02  0.12270E-06  0.11747E-06  0.10504E-06
  0.17100E+02  0.12147E-06  0.13034E-06  0.11855E-06
  0.17400E+02  0.11887E-06  0.14257E-06  0.13163E-06
  0.17700E+02  0.11487E-06  0.15399E-06  0.14415E-06
  0.18000E+02  0.10945E-06  0.16445E-06  0.15597E-06
  0.18300E+02  0.10260E-06  0.17382E-06  0.16695E-06
  0.18600E+02  0.94328E-07  0.18194E-06  0.17697E-06
  0.18900E+02  0.84673E-07  0.18870E-06  0.18588E-06
  0.19200E+02  0.73682E-07  0.19398E-06  0.19358E-06
  0.19500E+02  0.61423E-07  0.19770E-06  0.19996E-06
  0.19800E+02  0.47982E-07  0.19976E-06  0.20493E-06
  0.20100E+02  0.33463E-07  0.20014E-06  0.20841E-06
  0.20400E+02  0.17981E-07  0.19880E-06  0.21036E-06
  0.20700E+02  0.16621E-08  0.19574E-06  0.21071E-06
  0.21000E+02 -0.15357E-07  0.19098E-06  0.20945E-06
  0.21300E+02 -0.32930E-07  0.18455E-06  0.20654E-06
  0.21600E+02 -0.50897E-07  0.17651E-06  0.20200E-06
  0.21900E+02 -0.69088E-07  0.16692E-06  0.19582E-06
  0.22200E+02 -0.87321E-07  0.15585E-06  0.18804E-06
  0.22500E+02 -0.10541E-06  0.14338E-06  0.17870E-06
  0.22800E+02 -0.12315E-06  0.12960E-06  0.16786E-06
  0.23100E+02 -0.14036E-06  0.11461E-06  0.15561E-06
  0.23400E+02 -0.15684E-06  0.98520E-07  0.14203E-06
  0.23700E+02 -0.17241E-06  0.81453E-07  0.12723E-06
  0.24000E+02 -0.18690E-06  0.63537E-07  0.11133E-06
  0.24300E+02 -0.20015E-06  0.44912E-07  0.94454E-07
  0.24600E+02 -0.21199E-06  0.25727E-07  0.76733E-07
  0.24900E+02 -0.22227E-06  0.61456E-08  0.58309E-07
  0.25200E+02 -0.23087E-06 -0.13663E-07  0.39327E-07
  0.25500E+02 -0.23767E-06 -0.33525E-07  0.19933E-07
  0.25800E+02 -0.24258E-06 -0.53265E-07  0.27514E-09
  0.26100E+02 -0.24553E-06 -0.72710E-07 -0.19501E-07
  0.26400E+02 -0.24649E-06 -0.91692E-07 -0.39250E-07
  0.26700E+02 -0.24542E-06 -0.11005E-06 -0.58832E-07
  0.27000E+02 -0.24234E-06 -0.12764E-06 -0.78105E-07
  0.27300E+02 -0.23725E-06 -0.14431E-06 -0.96934E-07
  0.27600E+02 -0.23020E-06 -0.15994E-06 -0.11518E-06
  0.27900E+02 -0.22126E-06 -0.17441E-06 -0.13272E-06
  0.28200E+02 -0.21049E-06 -0.18762E-06 -0.14942E-06
  0.28500E+02 -0.19799E-06 -0.19947E-06 -0.16517E-06
  0.28800E+02 -0.18388E-06 -0.20991E-06 -0.17986E-06
  0.29100E+02 -0.16828E-06 -0.21884E-06 -0.19339E-06
  0.29400E+02 -0.15135E-06 -0.22624E-06 -0.20568E-06
  0.29700E+02 -0.13324E-06 -0.23206E-06 -0.21665E-06
  0.30000E+02 -0.11412E-06 -0.23626E-06 -0.22623E-06
  0.30300E+02 -0.94160E-07 -0.23884E-06 -0.23438E-06
  0.30600E+02 -0.73534E-07 -0.23978E-06 -0.24106E-06
  0.30900E+02 -0.52413E-07 -0.23910E-06 -0.24622E-06
  0.31200E+02 -0.30971E-07 -0.23682E-06 -0.24987E-06
  0.31500E+02 -0.93803E-08 -0.23298E-06 -0.25199E-06
  0.31800E+02  0.12182E-07 -0.22764E-06 -0.25259E-06
  0.32100E+02  0.33539E-07 -0.22087E-06 -0.25169E-06
  0.32400E+02  0.54516E-07 -0.21274E-06 -0.24930E-06
  0.32700E+02  0.74941E-07 -0.20334E-06 -0.24547E-06
  0.33000E+02  0.94654E-07 -0.19276E-06 -0.24022E-06
  0.33300E+02  0.11351E-06 -0.18111E-06 -0.23362E-06
  0.33600E+02  0.13136E-06 -0.16849E-06 -0.22573E-06
  0.33900E+02  0.14811E-06 -0.15501E-06 -0.21661E-06
  0.34200E+02  0.16365E-06 -0.14079E-06 -0.20635E-06
  0.34500E+02  0.17789E-06 -0.12595E-06 -0.19504E-06
  0.34800E+02  0.19078E-06 -0.11059E-06 -0.18278E-06
  0.35100E+02  0.20226E-06 -0.94841E-07 -0.16967E-06
  0.35400E+02  0.21229E-06 -0.78805E-07 -0.15584E-06
  0.35700E+02  0.22086E-06 -0.62596E-07 -0.14137E-06
  0.36000E+02  0.22795E-06 -0.46333E-07 -0.12638E-06
  0.36300E+02  0.23358E-06 -0.30149E-07 -0.11092E-06
  0.36600E+02  0.23781E-06 -0.14229E-07 -0.94949E-07
  0.36900E+02  0.24083E-06  0.11517E-08 -0.78287E-07
  0.37200E+02  0.24288E-06  0.15616E-07 -0.60655E-07
  0.37500E+02  0.24433E-06  0.28716E-07 -0.41795E-07
  0.37800E+02  0.24551E-06  0.40008E-07 -0.21565E-07
  0.38100E+02  0.24672E-06  0.49130E-07 -0.16911E-11
  0.38400E+02  0.24814E-06  0.55863E-07  0.22651E-07
  0.38700E+02  0.24981E-06  0.60164E-07  0.45967E-07
  0.39000E+02  0.25165E-06  0.62148E-07  0.69417E-07
  0.39300E+02  0.25350E-06  0.62051E-07  0.92438E-07
  0.39600E+02  0.25513E-06  0.60200E-07  0.11443E-06
  0.39900E+02  0.25627E-06  0.57008E-07  0.13474E-06
  0.40200E+02  0.25659E-06  0.52950E-07  0.15279E-06
  0.40500E+02  0.25576E-06  0.48523E-07  0.16806E-06
  0.40800E+02  0.25348E-06  0.44190E-07  0.18018E-06
  0.41100E+02  0.24955E-06  0.40286E-07  0.18905E-06
  0.41400E+02  0.24398E-06  0.36885E-07  0.19494E-06
  0.41700E+02  0.23707E-06  0.33694E-07  0.19848E-06
  0.42000E+02  0.22941E-06  0.30122E-07  0.20033E-06
  0.42300E+02  0.22161E-06  0.25535E-07  0.20087E-06
  0.42600E+02  0.21413E-06  0.19514E-07  0.20012E-06
  0.42900E+02  0.20711E-06  0.11996E-07  0.19787E-06
  0.43200E+02  0.20031E-06  0.32835E-08  0.19374E-06
  0.43500E+02  0.19326E-06 -0.60850E-08  0.18746E-06
  0.43800E+02  0.18542E-06 -0.15536E-07  0.17899E-06
  0.44100E+02  0.17628E-06 -0.24545E-07  0.16846E-06
  0.44400E+02  0.16536E-06 -0.32563E-07  0.15588E-06
  0.44700E+02  0.15212E-06 -0.38886E-07  0.14106E-06
  0.45000E+02  0.13593E-06 -0.42637E-07  0.12382E-06
  0.45300E+02  0.11609E-06 -0.42875E-07  0.10407E-06
  0.45600E+02  0.91975E-07 -0.38751E-07  0.81856E-07
  0.45900E+02  0.63090E-07 -0.29586E-07  0.57348E-07
  0.46200E+02  0.29100E-07 -0.14839E-07  0.30817E-07
  0.46500E+02 -0.10178E-07  0.59403E-08  0.27033E-08
  0.46800E+02 -0.54778E-07  0.33112E-07 -0.26347E-07
  0.47100E+02 -0.10462E-06  0.66919E-07 -0.55620E-07
  0.47400E+02 -0.15954E-06  0.10747E-06 -0.84479E-07
  0.47700E+02 -0.21931E-06  0.15472E-06 -0.11232E-06
  0.48000E+02 -0.28354E-06  0.20837E-06 -0.13849E-06
  0.48300E+02 -0.35164E-06  0.26790E-06 -0.16232E-06
  0.48600E+02 -0.42286E-06  0.33256E-06 -0.18329E-06
  0.48900E+02 -0.49618E-06  0.40139E-06 -0.20096E-06
  0.49200E+02 -0.57046E-06  0.47317E-06 -0.21484E-06
  0.49500E+02 -0.64443E-06  0.54651E-06 -0.22446E-06
  0.49800E+02 -0.71684E-06  0.61987E-06 -0.22945E-06
  0.50100E+02 -0.78639E-06  0.69161E-06 -0.22952E-06
  0.50400E+02 -0.85175E-06  0.75994E-06 -0.22439E-06
  0.50700E+02 -0.91149E-06  0.82305E-06 -0.21390E-06
  0.51000E+02 -0.96414E-06  0.87913E-06 -0.19817E-06
  0.51300E+02 -0.10082E-05  0.92648E-06 -0.17748E-06
  0.51600E+02 -0.10422E-05  0.96352E-06 -0.15217E-06
  0.51900E+02 -0.10647E-05  0.98892E-06 -0.12275E-06
  0.52200E+02 -0.10748E-05  0.10016E-05 -0.89876E-07
  0.52500E+02 -0.10716E-05  0.10008E-05 -0.54181E-07
  0.52800E+02 -0.10546E-05  0.98585E-06 -0.16234E-07
  0.53100E+02 -0.10235E-05  0.95606E-06  0.23453E-07
  0.53400E+02 -0.97794E-06  0.91099E-06  0.64485E-07
  0.53700E+02 -0.91780E-06  0.85019E-06  0.10661E-06
  0.54000E+02 -0.84281E-06  0.77330E-06  0.14962E-06
  0.54300E+02 -0.75278E-06  0.68003E-06  0.19331E-06
  0.54600E+02 -0.64759E-06  0.57021E-06  0.23749E-06
  0.54900E+02 -0.52737E-06  0.44389E-06  0.28193E-06
  0.55200E+02 -0.39265E-06  0.30146E-06  0.32625E-06
  0.55500E+02 -0.24442E-06  0.14379E-06  0.36991E-06
  0.55800E+02 -0.84219E-07 -0.27700E-07  0.41217E-06
  0.56100E+02  0.85910E-07 -0.21093E-06  0.45209E-06
  0.56400E+02  0.26343E-06 -0.40315E-06  0.48861E-06
  0.56700E+02  0.44541E-06 -0.60103E-06  0.52065E-06
  0.57000E+02  0.62857E-06 -0.80073E-06  0.54711E-06
  0.57300E+02  0.80940E-06 -0.99811E-06  0.56707E-06
  0.57600E+02  0.98430E-06 -0.11889E-05  0.57980E-06
  0.57900E+02  0.11497E-05 -0.13688E-05  0.58495E-06
  0.58200E+02  0.13023E-05 -0.15340E-05  0.58247E-06
  0.58500E+02  0.14390E-05 -0.16809E-05  0.57266E-06
  0.58800E+02  0.15573E-05 -0.18066E-05  0.55604E-06
  0.59100E+02  0.16553E-05 -0.19090E-05  0.53327E-06
  0.59400E+02  0.17319E-05 -0.19865E-05  0.50505E-06
  0.59700E+02  0.17865E-05 -0.20386E-05  0.47200E-06
  0.60000E+02  0.18190E-05 -0.20652E-05  0.43457E-06
  0.60300E+02  0.18297E-05 -0.20667E-05  0.39299E-06
  0.60600E+02  0.18191E-05 -0.20439E-05  0.34725E-06
  0.60900E+02  0.17881E-05 -0.19977E-05  0.29704E-06
  0.61200E+02  0.17373E-05 -0.19289E-05  0.24182E-06
  0.61500E+02  0.16678E-05 -0.18383E-05  0.18097E-06
  0.61800E+02  0.15805E-05 -0.17269E-05  0.11396E-06
  0.62100E+02  0.14768E-05 -0.15955E-05  0.40598E-07
  0.62400E+02  0.13582E-05 -0.14455E-05 -0.38817E-07
  0.62700E+02  0.12265E-05 -0.12783E-05 -0.12346E-06
  0.63000E+02  0.10840E-05 -0.10955E-05 -0.21202E-06
  0.63300E+02  0.93289E-06 -0.89902E-06 -0.30282E-06
  0.63600E+02  0.77548E-06 -0.69073E-06 -0.39407E-06
  0.63900E+02  0.61359E-06 -0.47276E-06 -0.48424E-06
  0.64200E+02  0.44884E-06 -0.24774E-06 -0.57233E-06
  0.64500E+02  0.28261E-06 -0.18887E-07 -0.65804E-06
  0.64800E+02  0.11603E-06  0.21024E-06 -0.74172E-06
  0.65100E+02 -0.50103E-07  0.43603E-06 -0.82418E-06
  0.65400E+02 -0.21535E-06  0.65513E-06 -0.90621E-06
  0.65700E+02 -0.37962E-06  0.86470E-06 -0.98811E-06
  0.66000E+02 -0.54290E-06  0.10624E-05 -0.10693E-05
  0.66300E+02 -0.70489E-06  0.12463E-05 -0.11481E-05
  0.66600E+02 -0.86455E-06  0.14138E-05 -0.12217E-05
  0.66900E+02 -0.10201E-05  0.15625E-05 -0.12868E-05
  0.67200E+02 -0.11691E-05  0.16893E-05 -0.13399E-05
  0.67500E+02 -0.13089E-05  0.17918E-05 -0.13781E-05
  0.67800E+02 -0.14371E-05  0.18676E-05 -0.13992E-05
  0.68100E+02 -0.15512E-05  0.19151E-05 -0.14025E-05
  0.68400E+02 -0.16493E-05  0.19340E-05 -0.13883E-05
  0.68700E+02 -0.17299E-05  0.19252E-05 -0.13569E-05
  0.69000E+02 -0.17920E-05  0.18906E-05 -0.13087E-05
  0.69300E+02 -0.18352E-05  0.18328E-05 -0.12434E-05
  0.69600E+02 -0.18600E-05  0.17544E-05 -0.11600E-05
  0.69900E+02 -0.18679E-05  0.16586E-05 -0.10573E-05
  0.70200E+02 -0.18610E-05  0.15481E-05 -0.93442E-06
  0.70500E+02 -0.18414E-05  0.14251E-05 -0.79115E-06
  0.70800E+02 -0.18111E-05  0.12909E-05 -0.62836E-06
  0.71100E+02 -0.17711E-05  0.11455E-05 -0.44817E-06
  0.71400E+02 -0.17223E-05  0.98833E-06 -0.25380E-06
  0.71700E+02 -0.16655E-05  0.81937E-06 -0.49082E-07
  0.72000E+02 -0.16020E-05  0.63906E-06  0.16192E-06
  0.72300E+02 -0.15331E-05  0.44870E-06  0.37533E-06
  0.72600E+02 -0.14611E-05  0.25025E-06  0.58801E-06
  0.72900E+02 -0.13883E-05  0.46066E-07  0.79800E-06
  0.73200E+02 -0.13171E-05 -0.16169E-06  0.10046E-05
  0.73500E+02 -0.12487E-05 -0.37131E-06  0.12080E-05
  0.73800E+02 -0.11829E-05 -0.58122E-06  0.14081E-05
  0.74100E+02 -0.11186E-05 -0.78925E-06  0.16042E-05
  0.74400E+02 -0.10532E-05 -0.99207E-06  0.17946E-05
  0.74700E+02 -0.98386E-06 -0.11851E-05  0.19766E-05
  0.75000E+02 -0.90729E-06 -0.13622E-05  0.21472E-05
  0.75300E+02 -0.82036E-06 -0.15159E-05  0.23039E-05
  0.75600E+02 -0.71933E-06 -0.16370E-05  0.24451E-05
  0.75900E+02 -0.59917E-06 -0.17170E-05  0.25706E-05
  0.76200E+02 -0.45388E-06 -0.17488E-05  0.26807E-05
  0.76500E+02 -0.27760E-06 -0.17271E-05  0.27750E-05
  0.76800E+02 -0.65551E-07 -0.16480E-05  0.28513E-05
  0.77100E+02  0.18527E-06 -0.15085E-05  0.29054E-05
  0.77400E+02  0.47548E-06 -0.13064E-05  0.29323E-05
  0.77700E+02  0.80287E-06 -0.10407E-05  0.29274E-05
  0.78000E+02  0.11627E-05 -0.71244E-06  0.28880E-05
  0.78300E+02  0.15486E-05 -0.32594E-06  0.28131E-05
  0.78600E+02  0.19536E-05  0.11136E-06  0.27025E-05
  0.78900E+02  0.23697E-05  0.58929E-06  0.25557E-05
  0.79200E+02  0.27883E-05  0.10958E-05  0.23711E-05
  0.79500E+02  0.31988E-05  0.16175E-05  0.21462E-05
  0.79800E+02  0.35896E-05  0.21402E-05  0.18789E-05
  0.80100E+02  0.39482E-05  0.26498E-05  0.15682E-05
  0.80400E+02  0.42624E-05  0.31322E-05  0.12153E-05
  0.80700E+02  0.45211E-05  0.35732E-05  0.82281E-06
  0.81000E+02  0.47151E-05  0.39587E-05  0.39433E-06
  0.81300E+02  0.48375E-05  0.42751E-05 -0.66716E-07
  0.81600E+02  0.48834E-05  0.45104E-05 -0.55688E-06
  0.81900E+02  0.48511E-05  0.46541E-05 -0.10721E-05
  0.82200E+02  0.47409E-05  0.46979E-05 -0.16071E-05
  0.82500E+02  0.45553E-05  0.46356E-05 -0.21545E-05
  0.82800E+02  0.42988E-05  0.44633E-05 -0.27056E-05
  0.83100E+02  0.39774E-05  0.41793E-05 -0.32506E-05
  0.83400E+02  0.35988E-05  0.37848E-05 -0.37792E-05
  0.83700E+02  0.31710E-05  0.32840E-05 -0.42807E-05
  0.84000E+02  0.27026E-05  0.26840E-05 -0.47437E-05
  0.84300E+02  0.22024E-05  0.19945E-05 -0.51562E-05
  0.84600E+02  0.16789E-05  0.12281E-05 -0.55061E-05
  0.84900E+02  0.11405E-05  0.39979E-06 -0.57819E-05
  0.85200E+02  0.59469E-06 -0.47365E-06 -0.59740E-05
  0.85500E+02  0.47490E-07 -0.13739E-05 -0.60752E-05
  0.85800E+02 -0.49698E-06 -0.22819E-05 -0.60811E-05
  0.86100E+02 -0.10362E-05 -0.31783E-05 -0.59900E-05
  0.86400E+02 -0.15690E-05 -0.40446E-05 -0.58027E-05
  0.86700E+02 -0.20948E-05 -0.48638E-05 -0.55229E-05
  0.87000E+02 -0.26137E-05 -0.56215E-05 -0.51575E-05
  0.87300E+02 -0.31250E-05 -0.63063E-05 -0.47162E-05
  0.87600E+02 -0.36276E-05 -0.69095E-05 -0.42110E-05
  0.87900E+02 -0.41186E-05 -0.74246E-05 -0.36553E-05
  0.88200E+02 -0.45932E-05 -0.78481E-05 -0.30622E-05
  0.88500E+02 -0.50449E-05 -0.81781E-05 -0.24440E-05
  0.88800E+02 -0.54648E-05 -0.84145E-05 -0.18114E-05
  0.89100E+02 -0.58426E-05 -0.85580E-05 -0.11734E-05
  0.89400E+02 -0.61674E-05 -0.86092E-05 -0.53703E-06
  0.89700E+02 -0.64286E-05 -0.85684E-05  0.92735E-07
  0.90000E+02 -0.66174E-05 -0.84351E-05  0.71325E-06
  0.90300E+02 -0.67267E-05 -0.82082E-05  0.13235E-05
  0.90600E+02 -0.67523E-05 -0.78858E-05  0.19230E-05
  0.90900E+02 -0.66930E-05 -0.74661E-05  0.25106E-05
  0.91200E+02 -0.65514E-05 -0.69476E-05  0.30834E-05
  0.91500E+02 -0.63328E-05 -0.63300E-05  0.36366E-05
  0.91800E+02 -0.60451E-05 -0.56145E-05  0.41634E-05
  0.92100E+02 -0.56971E-05 -0.48053E-05  0.46554E-05
  0.92400E+02 -0.52977E-05 -0.39099E-05  0.51030E-05
  0.92700E+02 -0.48551E-05 -0.29398E-05  0.54955E-05
  0.93000E+02 -0.43759E-05 -0.19096E-05  0.58227E-05
  0.93300E+02 -0.38652E-05 -0.83666E-06  0.60756E-05
  0.93600E+02 -0.33266E-05  0.26027E-06  0.62482E-05
  0.93900E+02 -0.27627E-05  0.13619E-05  0.63383E-05
  0.94200E+02 -0.21752E-05  0.24499E-05  0.63474E-05
  0.94500E+02 -0.15660E-05  0.35083E-05  0.62800E-05
  0.94800E+02 -0.93781E-06  0.45246E-05  0.61424E-05
  0.95100E+02 -0.29507E-06  0.54897E-05  0.59419E-05
  0.95400E+02  0.35649E-06  0.63983E-05  0.56856E-05
  0.95700E+02  0.10101E-05  0.72471E-05  0.53798E-05
  0.96000E+02  0.16587E-05  0.80337E-05  0.50287E-05
  0.96300E+02  0.22951E-05  0.87548E-05  0.46340E-05
  0.96600E+02  0.29133E-05  0.94050E-05  0.41958E-05
  0.96900E+02  0.35080E-05  0.99770E-05  0.37133E-05
  0.97200E+02  0.40750E-05  0.10461E-04  0.31870E-05
  0.97500E+02  0.46112E-05  0.10845E-04  0.26199E-05
  0.97800E+02  0.51139E-05  0.11118E-04  0.20179E-05
  0.98100E+02  0.55803E-05  0.11268E-04  0.13896E-05
  0.98400E+02  0.60068E-05  0.11290E-04  0.74585E-06
  0.98700E+02  0.63887E-05  0.11180E-04  0.99049E-07
  0.99000E+02  0.67204E-05  0.10939E-04 -0.53838E-06
  0.99300E+02  0.69964E-05  0.10575E-04 -0.11555E-05
  0.99600E+02  0.72122E-05  0.10094E-04 -0.17444E-05
  0.99900E+02  0.73642E-05  0.95066E-05 -0.23001E-05
  0.10020E+03  0.74513E-05  0.88243E-05 -0.28201E-05
  0.10050E+03  0.74746E-05  0.80565E-05 -0.33020E-05
  0.10080E+03  0.74374E-05  0.72113E-05 -0.37431E-05
  0.10110E+03  0.73438E-05  0.62959E-05 -0.41396E-05
  0.10140E+03  0.71975E-05  0.53169E-05 -0.44861E-05
  0.10170E+03  0.70004E-05  0.42826E-05 -0.47755E-05
  0.10200E+03  0.67523E-05  0.32026E-05 -0.50004E-05
  0.10230E+03  0.64512E-05  0.20884E-05 -0.51546E-05
  0.10260E+03  0.60948E-05  0.95340E-06 -0.52352E-05
  0.10290E+03  0.56810E-05 -0.18764E-06 -0.52435E-05
  0.10320E+03  0.52101E-05 -0.13200E-05 -0.51833E-05
  0.10350E+03  0.46858E-05 -0.24302E-05 -0.50605E-05
  0.10380E+03  0.41158E-05 -0.35068E-05 -0.48825E-05
  0.10410E+03  0.35103E-05 -0.45395E-05 -0.46558E-05
  0.10440E+03  0.28803E-05 -0.55192E-05 -0.43850E-05
  0.10470E+03  0.22365E-05 -0.64371E-05 -0.40719E-05
  0.10500E+03  0.15874E-05 -0.72839E-05 -0.37172E-05
  0.10530E+03  0.93844E-06 -0.80504E-05 -0.33224E-05
  0.10560E+03  0.29202E-06 -0.87268E-05 -0.28903E-05
  0.10590E+03 -0.35125E-06 -0.93052E-05 -0.24265E-05
  0.10620E+03 -0.99104E-06 -0.97798E-05 -0.19394E-05
  0.10650E+03 -0.16260E-05 -0.10148E-04 -0.14390E-05
  0.10680E+03 -0.22530E-05 -0.10411E-04 -0.93549E-06
  0.10710E+03 -0.28666E-05 -0.10572E-04 -0.43733E-06
  0.10740E+03 -0.34597E-05 -0.10633E-04  0.49537E-07
  0.10770E+03 -0.40250E-05 -0.10599E-04  0.52180E-06
  0.10800E+03 -0.45553E-05 -0.10469E-04  0.97793E-06
  0.10830E+03 -0.50450E-05 -0.10243E-04  0.14164E-05
  0.10860E+03 -0.54896E-05 -0.99176E-05  0.18343E-05
  0.10890E+03 -0.58859E-05 -0.94926E-05  0.22264E-05
  0.10920E+03 -0.62309E-05 -0.89692E-05  0.25858E-05
  0.10950E+03 -0.65221E-05 -0.83529E-05  0.29048E-05
  0.10980E+03 -0.67571E-05 -0.76533E-05  0.31769E-05
  0.11010E+03 -0.69343E-05 -0.68830E-05  0.33983E-05
  0.11040E+03 -0.70532E-05 -0.60562E-05  0.35680E-05
  0.11070E+03 -0.71154E-05 -0.51859E-05  0.36874E-05
  0.11100E+03 -0.71237E-05 -0.42835E-05  0.37590E-05
  0.11130E+03 -0.70819E-05 -0.33580E-05  0.37844E-05
  0.11160E+03 -0.69930E-05 -0.24173E-05  0.37637E-05
  0.11190E+03 -0.68586E-05 -0.14689E-05  0.36957E-05
  0.11220E+03 -0.66780E-05 -0.52098E-06  0.35789E-05
  0.11250E+03 -0.64489E-05  0.41668E-06  0.34135E-05
  0.11280E+03 -0.61690E-05  0.13336E-05  0.32024E-05
  0.11310E+03 -0.58373E-05  0.22194E-05  0.29513E-05
  0.11340E+03 -0.54556E-05  0.30645E-05  0.26679E-05
  0.11370E+03 -0.50289E-05  0.38610E-05  0.23598E-05
  0.11400E+03 -0.45650E-05  0.46024E-05  0.20329E-05
  0.11430E+03 -0.40722E-05  0.52823E-05  0.16911E-05
  0.11460E+03 -0.35585E-05  0.58949E-05  0.13358E-05
  0.11490E+03 -0.30296E-05  0.64336E-05  0.96850E-06
  0.11520E+03 -0.24892E-05  0.68925E-05  0.59148E-06
  0.11550E+03 -0.19397E-05  0.72668E-05  0.20937E-06
  0.11580E+03 -0.13834E-05  0.75543E-05 -0.17119E-06
  0.11610E+03 -0.82346E-06  0.77555E-05 -0.54278E-06
  0.11640E+03 -0.26476E-06  0.78730E-05 -0.89895E-06
  0.11670E+03  0.28680E-06  0.79104E-05 -0.12354E-05
  0.11700E+03  0.82501E-06  0.78708E-05 -0.15503E-05
  0.11730E+03  0.13443E-05  0.77558E-05 -0.18430E-05
  0.11760E+03  0.18401E-05  0.75657E-05 -0.21127E-05
  0.11790E+03  0.23089E-05  0.73002E-05 -0.23570E-05
  0.11820E+03  0.27476E-05  0.69609E-05 -0.25721E-05
  0.11850E+03  0.31531E-05  0.65517E-05 -0.27535E-05
  0.11880E+03  0.35227E-05  0.60797E-05 -0.28975E-05
  0.11910E+03  0.38541E-05  0.55546E-05 -0.30028E-05
  0.11940E+03  0.41463E-05  0.49864E-05 -0.30708E-05
  0.11970E+03  0.43997E-05  0.43843E-05 -0.31044E-05
  0.12000E+03  0.46161E-05  0.37556E-05 -0.31067E-05
  0.12030E+03  0.47969E-05  0.31060E-05 -0.30792E-05
  0.12060E+03  0.49425E-05  0.24403E-05 -0.30220E-05
  0.12090E+03  0.50516E-05  0.17636E-05 -0.29340E-05
  0.12120E+03  0.51210E-05  0.10825E-05 -0.28149E-05
  0.12150E+03  0.51476E-05  0.40426E-06 -0.26660E-05
  0.12180E+03  0.51293E-05 -0.26316E-06 -0.24910E-05
  0.12210E+03  0.50669E-05 -0.91203E-06 -0.22944E-05
  0.12240E+03  0.49635E-05 -0.15351E-05 -0.20805E-05
  0.12270E+03  0.48240E-05 -0.21256E-05 -0.18520E-05
  0.12300E+03  0.46534E-05 -0.26764E-05 -0.16099E-05
  0.12330E+03  0.44552E-05 -0.31807E-05 -0.13546E-05
  0.12360E+03  0.42312E-05 -0.36320E-05 -0.10874E-05
  0.12390E+03  0.39818E-05 -0.40253E-05 -0.81136E-06
  0.12420E+03  0.37073E-05 -0.43574E-05 -0.53141E-06
  0.12450E+03  0.34087E-05 -0.46277E-05 -0.25279E-06
  0.12480E+03  0.30884E-05 -0.48366E-05  0.20392E-07
  0.12510E+03  0.27494E-05 -0.49850E-05  0.28604E-06
  0.12540E+03  0.23955E-05 -0.50723E-05  0.54375E-06
  0.12570E+03  0.20298E-05 -0.50968E-05  0.79346E-06
  0.12600E+03  0.16551E-05 -0.50560E-05  0.10340E-05
  0.12630E+03  0.12741E-05 -0.49485E-05  0.12624E-05
  0.12660E+03  0.89004E-06 -0.47753E-05  0.14748E-05
  0.12690E+03  0.50626E-06 -0.45404E-05  0.16673E-05
  0.12720E+03  0.12631E-06 -0.42503E-05  0.18379E-05
  0.12750E+03 -0.24666E-06 -0.39121E-05  0.19861E-05
  0.12780E+03 -0.60997E-06 -0.35329E-05  0.21126E-05
  0.12810E+03 -0.96091E-06 -0.31187E-05  0.22174E-05
  0.12840E+03 -0.12960E-05 -0.26748E-05  0.22994E-05
  0.12870E+03 -0.16103E-05 -0.22065E-05  0.23564E-05
  0.12900E+03 -0.18980E-05 -0.17202E-05  0.23865E-05
  0.12930E+03 -0.21530E-05 -0.12231E-05  0.23891E-05
  0.12960E+03 -0.23707E-05 -0.72322E-06  0.23659E-05
  0.12990E+03 -0.25488E-05 -0.22806E-06  0.23197E-05
  0.13020E+03 -0.26874E-05  0.25537E-06  0.22534E-05
  0.13050E+03 -0.27879E-05  0.72072E-06  0.21687E-05
  0.13080E+03 -0.28517E-05  0.11620E-05  0.20659E-05
  0.13110E+03 -0.28788E-05  0.15733E-05  0.19454E-05
  0.13140E+03 -0.28684E-05  0.19494E-05  0.18082E-05
  0.13170E+03 -0.28190E-05  0.22859E-05  0.16575E-05
  0.13200E+03 -0.27304E-05  0.25798E-05  0.14974E-05
  0.13230E+03 -0.26043E-05  0.28292E-05  0.13320E-05
  0.13260E+03 -0.24444E-05  0.30326E-05  0.11642E-05
  0.13290E+03 -0.22557E-05  0.31879E-05  0.99525E-06
  0.13320E+03 -0.20435E-05  0.32927E-05  0.82607E-06
  0.13350E+03 -0.18126E-05  0.33445E-05  0.65822E-06
  0.13380E+03 -0.15672E-05  0.33428E-05  0.49458E-06
  0.13410E+03 -0.13113E-05  0.32893E-05  0.33875E-06
  0.13440E+03 -0.10489E-05  0.31882E-05  0.19375E-06
  0.13470E+03 -0.78382E-06  0.30453E-05  0.60946E-07
  0.13500E+03 -0.52017E-06  0.28660E-05 -0.59994E-07
  0.13530E+03 -0.26190E-06  0.26543E-05 -0.17011E-06
  0.13560E+03 -0.13165E-07  0.24127E-05 -0.26992E-06
  0.13590E+03  0.22145E-06  0.21435E-05 -0.35886E-06
  0.13620E+03  0.43709E-06  0.18494E-05 -0.43582E-06
  0.13650E+03  0.62926E-06  0.15345E-05 -0.50029E-06
  0.13680E+03  0.79468E-06  0.12037E-05 -0.55312E-06
  0.13710E+03  0.93190E-06  0.86244E-06 -0.59622E-06
  0.13740E+03  0.10410E-05  0.51540E-06 -0.63149E-06
  0.13770E+03  0.11229E-05  0.16650E-06 -0.65972E-06
  0.13800E+03  0.11778E-05 -0.18079E-06 -0.68041E-06
  0.13830E+03  0.12052E-05 -0.52290E-06 -0.69260E-06
  0.13860E+03  0.12043E-05 -0.85593E-06 -0.69610E-06
  0.13890E+03  0.11748E-05 -0.11757E-05 -0.69201E-06
  0.13920E+03  0.11182E-05 -0.14781E-05 -0.68224E-06
  0.13950E+03  0.10377E-05 -0.17593E-05 -0.66841E-06
  0.13980E+03  0.93726E-06 -0.20157E-05 -0.65110E-06
  0.14010E+03  0.82007E-06 -0.22439E-05 -0.63010E-06
  0.14040E+03  0.68816E-06 -0.24407E-05 -0.60543E-06
  0.14070E+03  0.54247E-06 -0.26038E-05 -0.57822E-06
  0.14100E+03  0.38392E-06 -0.27320E-05 -0.55070E-06
  0.14130E+03  0.21438E-06 -0.28247E-05 -0.52521E-06
  0.14160E+03  0.36892E-07 -0.28821E-05 -0.50315E-06
  0.14190E+03 -0.14486E-06 -0.29042E-05 -0.48463E-06
  0.14220E+03 -0.32747E-06 -0.28908E-05 -0.46916E-06
  0.14250E+03 -0.50834E-06 -0.28419E-05 -0.45663E-06
  0.14280E+03 -0.68550E-06 -0.27587E-05 -0.44781E-06
  0.14310E+03 -0.85706E-06 -0.26438E-05 -0.44378E-06
  0.14340E+03 -0.10207E-05 -0.25006E-05 -0.44499E-06
  0.14370E+03 -0.11735E-05 -0.23325E-05 -0.45066E-06
  0.14400E+03 -0.13126E-05 -0.21419E-05 -0.45913E-06
  0.14430E+03 -0.14356E-05 -0.19304E-05 -0.46893E-06
  0.14460E+03 -0.15404E-05 -0.16993E-05 -0.47947E-06
  0.14490E+03 -0.16256E-05 -0.14512E-05 -0.49092E-06
  0.14520E+03 -0.16899E-05 -0.11896E-05 -0.50334E-06
  0.14550E+03 -0.17325E-05 -0.91834E-06 -0.51597E-06
  0.14580E+03 -0.17528E-05 -0.64090E-06 -0.52735E-06
  0.14610E+03 -0.17506E-05 -0.35981E-06 -0.53615E-06
  0.14640E+03 -0.17263E-05 -0.77210E-07 -0.54194E-06
  0.14670E+03 -0.16804E-05  0.20433E-06 -0.54520E-06
  0.14700E+03 -0.16139E-05  0.48139E-06 -0.54647E-06
  0.14730E+03 -0.15280E-05  0.75014E-06 -0.54557E-06
  0.14760E+03 -0.14242E-05  0.10072E-05 -0.54151E-06
  0.14790E+03 -0.13044E-05  0.12501E-05 -0.53327E-06
  0.14820E+03 -0.11706E-05  0.14770E-05 -0.52062E-06
  0.14850E+03 -0.10249E-05  0.16862E-05 -0.50427E-06
  0.14880E+03 -0.86902E-06  0.18753E-05 -0.48514E-06
  0.14910E+03 -0.70458E-06  0.20423E-05 -0.46355E-06
  0.14940E+03 -0.53316E-06  0.21853E-05 -0.43904E-06
  0.14970E+03 -0.35674E-06  0.23039E-05 -0.41100E-06
  0.15000E+03 -0.17756E-06  0.23979E-05 -0.37941E-06
  0.15030E+03  0.22649E-08  0.24679E-05 -0.34496E-06
  0.15060E+03  0.18103E-06  0.25138E-05 -0.30846E-06
  0.15090E+03  0.35741E-06  0.25358E-05 -0.27009E-06
  0.15120E+03  0.53014E-06  0.25345E-05 -0.22930E-06
  0.15150E+03  0.69774E-06  0.25109E-05 -0.18551E-06
  0.15180E+03  0.85871E-06  0.24664E-05 -0.13883E-06
  0.15210E+03  0.10118E-05  0.24025E-05 -0.90220E-07
  0.15240E+03  0.11562E-05  0.23201E-05 -0.40804E-07
  0.15270E+03  0.12915E-05  0.22203E-05  0.87425E-08
  0.15300E+03  0.14168E-05  0.21042E-05  0.58263E-07
  0.15330E+03  0.15313E-05  0.19733E-05  0.10752E-06
  0.15360E+03  0.16337E-05  0.18294E-05  0.15570E-06
  0.15390E+03  0.17230E-05  0.16739E-05  0.20151E-06
  0.15420E+03  0.17987E-05  0.15082E-05  0.24394E-06
  0.15450E+03  0.18605E-05  0.13332E-05  0.28276E-06
  0.15480E+03  0.19082E-05  0.11507E-05  0.31831E-06
  0.15510E+03  0.19414E-05  0.96264E-06  0.35083E-06
  0.15540E+03  0.19597E-05  0.77103E-06  0.37996E-06
  0.15570E+03  0.19631E-05  0.57756E-06  0.40502E-06
  0.15600E+03  0.19520E-05  0.38342E-06  0.42569E-06
  0.15630E+03  0.19265E-05  0.18964E-06  0.44222E-06
  0.15660E+03  0.18868E-05 -0.25980E-08  0.45515E-06
  0.15690E+03  0.18328E-05 -0.19194E-06  0.46458E-06
  0.15720E+03  0.17646E-05 -0.37710E-06  0.47004E-06
  0.15750E+03  0.16824E-05 -0.55704E-06  0.47096E-06
  0.15780E+03  0.15868E-05 -0.73087E-06  0.46725E-06
  0.15810E+03  0.14785E-05 -0.89754E-06  0.45939E-06
  0.15840E+03  0.13581E-05 -0.10558E-05  0.44790E-06
  0.15870E+03  0.12263E-05 -0.12043E-05  0.43295E-06
  0.15900E+03  0.10842E-05 -0.13422E-05  0.41452E-06
  0.15930E+03  0.93332E-06 -0.14688E-05  0.39294E-06
  0.15960E+03  0.77538E-06 -0.15834E-05  0.36914E-06
  0.15990E+03  0.61199E-06 -0.16854E-05  0.34438E-06
  0.16020E+03  0.44471E-06 -0.17738E-05  0.31962E-06
  0.16050E+03  0.27525E-06 -0.18481E-05  0.29538E-06
  0.16080E+03  0.10556E-06 -0.19079E-05  0.27208E-06
  0.16110E+03 -0.62345E-07 -0.19532E-05  0.25047E-06
  0.16140E+03 -0.22675E-06 -0.19839E-05  0.23153E-06
  0.16170E+03 -0.38629E-06 -0.19996E-05  0.21598E-06
  0.16200E+03 -0.53981E-06 -0.20000E-05  0.20401E-06
  0.16230E+03 -0.68608E-06 -0.19852E-05  0.19551E-06
  0.16260E+03 -0.82390E-06 -0.19554E-05  0.19052E-06
  0.16290E+03 -0.95215E-06 -0.19107E-05  0.18925E-06
  0.16320E+03 -0.10700E-05 -0.18514E-05  0.19173E-06
  0.16350E+03 -0.11766E-05 -0.17780E-05  0.19744E-06
  0.16380E+03 -0.12711E-05 -0.16911E-05  0.20551E-06
  0.16410E+03 -0.13527E-05 -0.15920E-05  0.21510E-06
  0.16440E+03 -0.14207E-05 -0.14818E-05  0.22563E-06
  0.16470E+03 -0.14746E-05 -0.13616E-05  0.23654E-06
  0.16500E+03 -0.15142E-05 -0.12326E-05  0.24694E-06
  0.16530E+03 -0.15394E-05 -0.10959E-05  0.25582E-06
  0.16560E+03 -0.15499E-05 -0.95286E-06  0.26235E-06
  0.16590E+03 -0.15457E-05 -0.80461E-06  0.26609E-06
  0.16620E+03 -0.15267E-05 -0.65208E-06  0.26675E-06
  0.16650E+03 -0.14934E-05 -0.49604E-06  0.26391E-06
  0.16680E+03 -0.14462E-05 -0.33729E-06  0.25713E-06
  0.16710E+03 -0.13854E-05 -0.17669E-06  0.24621E-06
  0.16740E+03 -0.13118E-05 -0.15099E-07  0.23133E-06
  0.16770E+03 -0.12262E-05  0.14665E-06  0.21280E-06
  0.16800E+03 -0.11297E-05  0.30762E-06  0.19075E-06
  0.16830E+03 -0.10233E-05  0.46658E-06  0.16533E-06
  0.16860E+03 -0.90832E-06  0.62204E-06  0.13685E-06
  0.16890E+03 -0.78591E-06  0.77241E-06  0.10589E-06
  0.16920E+03 -0.65770E-06  0.91609E-06  0.72981E-07
  0.16950E+03 -0.52538E-06  0.10514E-05  0.38488E-07
  0.16980E+03 -0.39064E-06  0.11766E-05  0.27833E-08
  0.17010E+03 -0.25515E-06  0.12899E-05 -0.33572E-07
  0.17040E+03 -0.12051E-06  0.13900E-05 -0.69906E-07
  0.17070E+03  0.11729E-07  0.14757E-05 -0.10562E-06
  0.17100E+03  0.14019E-06  0.15460E-05 -0.14020E-06
  0.17130E+03  0.26364E-06  0.16005E-05 -0.17305E-06
  0.17160E+03  0.38088E-06  0.16387E-05 -0.20346E-06
  0.17190E+03  0.49068E-06  0.16607E-05 -0.23081E-06
  0.17220E+03  0.59188E-06  0.16669E-05 -0.25462E-06
  0.17250E+03  0.68337E-06  0.16574E-05 -0.27448E-06
  0.17280E+03  0.76413E-06  0.16330E-05 -0.29006E-06
  0.17310E+03  0.83317E-06  0.15941E-05 -0.30116E-06
  0.17340E+03  0.88961E-06  0.15416E-05 -0.30777E-06
  0.17370E+03  0.93269E-06  0.14760E-05 -0.31005E-06
  0.17400E+03  0.96178E-06  0.13982E-05 -0.30831E-06
  0.17430E+03  0.97642E-06  0.13088E-05 -0.30298E-06
  0.17460E+03  0.97631E-06  0.12087E-05 -0.29461E-06
  0.17490E+03  0.96136E-06  0.10985E-05 -0.28391E-06
  0.17520E+03  0.93179E-06  0.97903E-06 -0.27159E-06
  0.17550E+03  0.88805E-06  0.85106E-06 -0.25843E-06
  0.17580E+03  0.83092E-06  0.71543E-06 -0.24516E-06
  0.17610E+03  0.76141E-06  0.57306E-06 -0.23247E-06
  0.17640E+03  0.68074E-06  0.42496E-06 -0.22091E-06
  0.17670E+03  0.59030E-06  0.27227E-06 -0.21091E-06
  0.17700E+03  0.49159E-06  0.11623E-06 -0.20275E-06
  0.17730E+03  0.38623E-06 -0.41795E-07 -0.19654E-06
  0.17760E+03  0.27587E-06 -0.20034E-06 -0.19223E-06
  0.17790E+03  0.16219E-06 -0.35784E-06 -0.18967E-06
  0.17820E+03  0.46881E-07 -0.51260E-06 -0.18861E-06
  0.17850E+03 -0.68442E-07 -0.66286E-06 -0.18870E-06
  0.17880E+03 -0.18218E-06 -0.80673E-06 -0.18954E-06
  0.17910E+03 -0.29277E-06 -0.94226E-06 -0.19068E-06
  0.17940E+03 -0.39869E-06 -0.10675E-05 -0.19164E-06
  0.17970E+03 -0.49848E-06 -0.11804E-05 -0.19198E-06
  0.18000E+03 -0.59080E-06 -0.12793E-05 -0.19132E-06
  0.18030E+03 -0.67443E-06 -0.13626E-05 -0.18942E-06
  0.18060E+03 -0.74835E-06 -0.14289E-05 -0.18615E-06
  0.18090E+03 -0.81170E-06 -0.14774E-05 -0.18148E-06
  0.18120E+03 -0.86378E-06 -0.15073E-05 -0.17544E-06
  0.18150E+03 -0.90408E-06 -0.15185E-05 -0.16804E-06
  0.18180E+03 -0.93225E-06 -0.15109E-05 -0.15930E-06
  0.18210E+03 -0.94810E-06 -0.14847E-05 -0.14916E-06
  0.18240E+03 -0.95168E-06 -0.14402E-05 -0.13759E-06
  0.18270E+03 -0.94319E-06 -0.13780E-05 -0.12455E-06
  0.18300E+03 -0.92298E-06 -0.12985E-05 -0.11002E-06
  0.18330E+03 -0.89151E-06 -0.12025E-05 -0.94067E-07
  0.18360E+03 -0.84923E-06 -0.10909E-05 -0.76825E-07
  0.18390E+03 -0.79661E-06 -0.96476E-06 -0.58511E-07
  0.18420E+03 -0.73407E-06 -0.82527E-06 -0.39412E-07
  0.18450E+03 -0.66199E-06 -0.67390E-06 -0.19863E-07
  0.18480E+03 -0.58077E-06 -0.51232E-06 -0.22578E-09
  0.18510E+03 -0.49087E-06 -0.34241E-06  0.19134E-07
  0.18540E+03 -0.39293E-06 -0.16621E-06  0.37869E-07
  0.18570E+03 -0.28775E-06  0.14039E-07  0.55670E-07
  0.18600E+03 -0.17642E-06  0.19595E-06  0.72276E-07
  0.18630E+03 -0.60264E-07  0.37702E-06  0.87475E-07
  0.18660E+03  0.59118E-07  0.55468E-06  0.10109E-06
  0.18690E+03  0.17992E-06  0.72639E-06  0.11299E-06
  0.18720E+03  0.30020E-06  0.88966E-06  0.12307E-06
  0.18750E+03  0.41796E-06  0.10422E-05  0.13123E-06
  0.18780E+03  0.53129E-06  0.11818E-05  0.13743E-06
  0.18810E+03  0.63847E-06  0.13066E-05  0.14165E-06
  0.18840E+03  0.73809E-06  0.14150E-05  0.14390E-06
  0.18870E+03  0.82902E-06  0.15056E-05  0.14417E-06
  0.18900E+03  0.91050E-06  0.15775E-05  0.14249E-06
  0.18930E+03  0.98198E-06  0.16297E-05  0.13886E-06
  0.18960E+03  0.10431E-05  0.16620E-05  0.13330E-06
  0.18990E+03  0.10938E-05  0.16741E-05  0.12587E-06
  0.19020E+03  0.11338E-05  0.16662E-05  0.11667E-06
  0.19050E+03  0.11630E-05  0.16386E-05  0.10588E-06
  0.19080E+03  0.11812E-05  0.15920E-05  0.93730E-07
  0.19110E+03  0.11885E-05  0.15271E-05  0.80527E-07
  0.19140E+03  0.11846E-05  0.14446E-05  0.66638E-07
  0.19170E+03  0.11695E-05  0.13455E-05  0.52483E-07
  0.19200E+03  0.11434E-05  0.12309E-05  0.38516E-07
  0.19230E+03  0.11064E-05  0.11019E-05  0.25205E-07
  0.19260E+03  0.10588E-05  0.95980E-06  0.13018E-07
  0.19290E+03  0.10007E-05  0.80602E-06  0.23997E-08
  0.19320E+03  0.93261E-06  0.64210E-06 -0.62430E-08
  0.19350E+03  0.85481E-06  0.46973E-06 -0.12564E-07
  0.19380E+03  0.76785E-06  0.29078E-06 -0.16302E-07
  0.19410E+03  0.67246E-06  0.10731E-06 -0.17290E-07
  0.19440E+03  0.56958E-06 -0.78485E-07 -0.15457E-07
  0.19470E+03  0.46037E-06 -0.26432E-06 -0.10813E-07
  0.19500E+03  0.34617E-06 -0.44786E-06 -0.34359E-08
  0.19530E+03  0.22848E-06 -0.62682E-06  0.65293E-08
  0.19560E+03  0.10889E-06 -0.79894E-06  0.18862E-07
  0.19590E+03 -0.10963E-07 -0.96212E-06  0.33252E-07
  0.19620E+03 -0.12950E-06 -0.11144E-05  0.49310E-07
  0.19650E+03 -0.24523E-06 -0.12541E-05  0.66592E-07
  0.19680E+03 -0.35679E-06 -0.13798E-05  0.84647E-07
  0.19710E+03 -0.46294E-06 -0.14904E-05  0.10305E-06
  0.19740E+03 -0.56259E-06 -0.15849E-05  0.12144E-06
  0.19770E+03 -0.65478E-06 -0.16628E-05  0.13948E-06
  0.19800E+03 -0.73865E-06 -0.17234E-05  0.15687E-06
  0.19830E+03 -0.81347E-06 -0.17665E-05  0.17329E-06
  0.19860E+03 -0.87861E-06 -0.17917E-05  0.18839E-06
  0.19890E+03 -0.93356E-06 -0.17988E-05  0.20177E-06
  0.19920E+03 -0.97789E-06 -0.17879E-05  0.21302E-06
  0.19950E+03 -0.10113E-05 -0.17591E-05  0.22169E-06
  0.19980E+03 -0.10337E-05 -0.17127E-05  0.22738E-06
  0.20010E+03 -0.10449E-05 -0.16493E-05  0.22975E-06
  0.20040E+03 -0.10451E-05 -0.15697E-05  0.22858E-06
  0.20070E+03 -0.10345E-05 -0.14749E-05  0.22376E-06
  0.20100E+03 -0.10135E-05 -0.13663E-05  0.21536E-06
  0.20130E+03 -0.98279E-06 -0.12454E-05  0.20358E-06
  0.20160E+03 -0.94281E-06 -0.11136E-05  0.18874E-06
  0.20190E+03 -0.89427E-06 -0.97269E-06  0.17126E-06
  0.20220E+03 -0.83778E-06 -0.82439E-06  0.15158E-06
  0.20250E+03 -0.77397E-06 -0.67040E-06  0.13018E-06
  0.20280E+03 -0.70350E-06 -0.51246E-06  0.10752E-06
  0.20310E+03 -0.62706E-06 -0.35227E-06  0.84030E-07
  0.20340E+03 -0.54547E-06 -0.19150E-06  0.60078E-07
  0.20370E+03 -0.45966E-06 -0.31767E-07  0.35989E-07
  0.20400E+03 -0.37065E-06  0.12534E-06  0.12034E-07
  0.20430E+03 -0.27953E-06  0.27831E-06 -0.11571E-07
  0.20460E+03 -0.18742E-06  0.42565E-06 -0.34650E-07
  0.20490E+03 -0.95469E-07  0.56594E-06 -0.57055E-07
  0.20520E+03 -0.47870E-08  0.69784E-06 -0.78639E-07
  0.20550E+03  0.83528E-07  0.82007E-06 -0.99218E-07
  0.20580E+03  0.16843E-06  0.93143E-06 -0.11854E-06
  0.20610E+03  0.24892E-06  0.10309E-05 -0.13628E-06
  0.20640E+03  0.32406E-06  0.11174E-05 -0.15199E-06
  0.20670E+03  0.39297E-06  0.11905E-05 -0.16514E-06
  0.20700E+03  0.45486E-06  0.12497E-05 -0.17516E-06
  0.20730E+03  0.50899E-06  0.12949E-05 -0.18147E-06
  0.20760E+03  0.55473E-06  0.13265E-05 -0.18358E-06
  0.20790E+03  0.59154E-06  0.13450E-05 -0.18118E-06
  0.20820E+03  0.61900E-06  0.13513E-05 -0.17420E-06
  0.20850E+03  0.63678E-06  0.13463E-05 -0.16282E-06
  0.20880E+03  0.64473E-06  0.13310E-05 -0.14748E-06
  0.20910E+03  0.64285E-06  0.13065E-05 -0.12881E-06
  0.20940E+03  0.63139E-06  0.12736E-05 -0.10757E-06
  0.20970E+03  0.61084E-06  0.12332E-05 -0.84588E-07
  0.21000E+03  0.58190E-06  0.11861E-05 -0.60675E-07
  0.21030E+03  0.54548E-06  0.11330E-05 -0.36583E-07
  0.21060E+03  0.50262E-06  0.10744E-05 -0.12960E-07
  0.21090E+03  0.45444E-06  0.10111E-05  0.96523E-08
  0.21120E+03  0.40212E-06  0.94362E-06  0.30804E-07
  0.21150E+03  0.34674E-06  0.87250E-06  0.50106E-07
  0.21180E+03  0.28937E-06  0.79833E-06  0.67198E-07
  0.21210E+03  0.23096E-06  0.72173E-06  0.81728E-07
  0.21240E+03  0.17236E-06  0.64331E-06  0.93351E-07
  0.21270E+03  0.11437E-06  0.56373E-06  0.10174E-06
  0.21300E+03  0.57730E-07  0.48360E-06  0.10661E-06
  0.21330E+03  0.31153E-08  0.40353E-06  0.10772E-06
  0.21360E+03 -0.48839E-07  0.32406E-06  0.10490E-06
  0.21390E+03 -0.97550E-07  0.24563E-06  0.98066E-07
  0.21420E+03 -0.14248E-06  0.16857E-06  0.87232E-07
  0.21450E+03 -0.18311E-06  0.93073E-07  0.72498E-07
  0.21480E+03 -0.21896E-06  0.19213E-07  0.54050E-07
  0.21510E+03 -0.24955E-06 -0.52976E-07  0.32144E-07
  0.21540E+03 -0.27447E-06 -0.12345E-06  0.70846E-08
  0.21570E+03 -0.29337E-06 -0.19211E-06 -0.20782E-07
  0.21600E+03 -0.30604E-06 -0.25872E-06 -0.51068E-07
  0.21630E+03 -0.31239E-06 -0.32298E-06 -0.83344E-07
  0.21660E+03 -0.31253E-06 -0.38450E-06 -0.11715E-06
  0.21690E+03 -0.30671E-06 -0.44286E-06 -0.15200E-06
  0.21720E+03 -0.29538E-06 -0.49768E-06 -0.18743E-06
  0.21750E+03 -0.27910E-06 -0.54865E-06 -0.22294E-06
  0.21780E+03 -0.25854E-06 -0.59558E-06 -0.25806E-06
  0.21810E+03 -0.23446E-06 -0.63839E-06 -0.29230E-06
  0.21840E+03 -0.20768E-06 -0.67709E-06 -0.32515E-06
  0.21870E+03 -0.17903E-06 -0.71178E-06 -0.35612E-06
  0.21900E+03 -0.14933E-06 -0.74252E-06 -0.38468E-06
  0.21930E+03 -0.11937E-06 -0.76938E-06 -0.41032E-06
  0.21960E+03 -0.89814E-07 -0.79233E-06 -0.43256E-06
  0.21990E+03 -0.61272E-07 -0.81122E-06 -0.45088E-06
  0.22020E+03 -0.34227E-07 -0.82582E-06 -0.46481E-06
  0.22050E+03 -0.90595E-08 -0.83583E-06 -0.47389E-06
  0.22080E+03  0.13942E-07 -0.84090E-06 -0.47773E-06
  0.22110E+03  0.34562E-07 -0.84073E-06 -0.47595E-06
  0.22140E+03  0.52636E-07 -0.83508E-06 -0.46826E-06
  0.22170E+03  0.68041E-07 -0.82382E-06 -0.45441E-06
  0.22200E+03  0.80695E-07 -0.80698E-06 -0.43427E-06
  0.22230E+03  0.90569E-07 -0.78472E-06 -0.40776E-06
  0.22260E+03  0.97702E-07 -0.75730E-06 -0.37493E-06
  0.22290E+03  0.10222E-06 -0.72511E-06 -0.33592E-06
  0.22320E+03  0.10432E-06 -0.68857E-06 -0.29099E-06
  0.22350E+03  0.10431E-06 -0.64816E-06 -0.24049E-06
  0.22380E+03  0.10252E-06 -0.60436E-06 -0.18485E-06
  0.22410E+03  0.99322E-07 -0.55765E-06 -0.12460E-06
  0.22440E+03  0.95078E-07 -0.50852E-06 -0.60347E-07
  0.22470E+03  0.90076E-07 -0.45741E-06  0.72255E-08
  0.22500E+03  0.84500E-07 -0.40472E-06  0.77325E-07
  0.22530E+03  0.78417E-07 -0.35077E-06  0.14906E-06
  0.22560E+03  0.71774E-07 -0.29580E-06  0.22145E-06
  0.22590E+03  0.64434E-07 -0.23996E-06  0.29341E-06
  0.22620E+03  0.56211E-07 -0.18331E-06  0.36383E-06
  0.22650E+03  0.46918E-07 -0.12583E-06  0.43153E-06
  0.22680E+03  0.36398E-07 -0.67524E-07  0.49537E-06
  0.22710E+03  0.24566E-07 -0.83795E-08  0.55427E-06
  0.22740E+03  0.11440E-07  0.51543E-07  0.60726E-06
  0.22770E+03 -0.28270E-08  0.11210E-06  0.65351E-06
  0.22800E+03 -0.17935E-07  0.17306E-06  0.69237E-06
  0.22830E+03 -0.33443E-07  0.23409E-06  0.72338E-06
  0.22860E+03 -0.48792E-07  0.29478E-06  0.74625E-06
  0.22890E+03 -0.63364E-07  0.35466E-06  0.76090E-06
  0.22920E+03 -0.76535E-07  0.41321E-06  0.76742E-06
  0.22950E+03 -0.87740E-07  0.46986E-06  0.76606E-06
  0.22980E+03 -0.96504E-07  0.52404E-06  0.75722E-06
  0.23010E+03 -0.10246E-06  0.57518E-06  0.74139E-06
  0.23040E+03 -0.10531E-06  0.62274E-06  0.71907E-06
  0.23070E+03 -0.10483E-06  0.66625E-06  0.69078E-06
  0.23100E+03 -0.10082E-06  0.70528E-06  0.65701E-06
  0.23130E+03 -0.93122E-07  0.73950E-06  0.61821E-06
  0.23160E+03 -0.81575E-07  0.76864E-06  0.57478E-06
  0.23190E+03 -0.66072E-07  0.79251E-06  0.52717E-06
  0.23220E+03 -0.46559E-07  0.81094E-06  0.47583E-06
  0.23250E+03 -0.23057E-07  0.82374E-06  0.42125E-06
  0.23280E+03  0.43265E-08  0.83071E-06  0.36399E-06
  0.23310E+03  0.35393E-07  0.83158E-06  0.30466E-06
  0.23340E+03  0.69859E-07  0.82598E-06  0.24393E-06
  0.23370E+03  0.10736E-06  0.81353E-06  0.18248E-06
  0.23400E+03  0.14745E-06  0.79378E-06  0.12099E-06
  0.23430E+03  0.18958E-06  0.76632E-06  0.60102E-07
  0.23460E+03  0.23311E-06  0.73078E-06  0.37655E-09
  0.23490E+03  0.27727E-06  0.68686E-06 -0.57702E-07
  0.23520E+03  0.32117E-06  0.63441E-06 -0.11374E-06
  0.23550E+03  0.36384E-06  0.57343E-06 -0.16745E-06
  0.23580E+03  0.40423E-06  0.50411E-06 -0.21858E-06
  0.23610E+03  0.44125E-06  0.42685E-06 -0.26695E-06
  0.23640E+03  0.47381E-06  0.34227E-06 -0.31241E-06
  0.23670E+03  0.50093E-06  0.25124E-06 -0.35484E-06
  0.23700E+03  0.52175E-06  0.15483E-06 -0.39415E-06
  0.23730E+03  0.53554E-06  0.54311E-07 -0.43027E-06
  0.23760E+03  0.54181E-06 -0.48888E-07 -0.46311E-06
  0.23790E+03  0.54019E-06 -0.15323E-06 -0.49261E-06
  0.23820E+03  0.53048E-06 -0.25711E-06 -0.51868E-06
  0.23850E+03  0.51257E-06 -0.35891E-06 -0.54120E-06
  0.23880E+03  0.48641E-06 -0.45708E-06 -0.56007E-06
  0.23910E+03  0.45201E-06 -0.55010E-06 -0.57517E-06
  0.23940E+03  0.40938E-06 -0.63661E-06 -0.58640E-06
  0.23970E+03  0.35862E-06 -0.71539E-06 -0.59371E-06
  0.24000E+03  0.29989E-06 -0.78537E-06 -0.59708E-06
  0.24030E+03  0.23345E-06 -0.84569E-06 -0.59658E-06
  0.24060E+03  0.15970E-06 -0.89568E-06 -0.59234E-06
  0.24090E+03  0.79202E-07 -0.93485E-06 -0.58452E-06
  0.24120E+03 -0.73074E-08 -0.96292E-06 -0.57334E-06
  0.24150E+03 -0.98911E-07 -0.97977E-06 -0.55902E-06
  0.24180E+03 -0.19451E-06 -0.98538E-06 -0.54176E-06
  0.24210E+03 -0.29280E-06 -0.97983E-06 -0.52177E-06
  0.24240E+03 -0.39233E-06 -0.96329E-06 -0.49923E-06
  0.24270E+03 -0.49142E-06 -0.93596E-06 -0.47430E-06
  0.24300E+03 -0.58825E-06 -0.89814E-06 -0.44712E-06
  0.24330E+03 -0.68092E-06 -0.85021E-06 -0.41777E-06
  0.24360E+03 -0.76749E-06 -0.79269E-06 -0.38637E-06
  0.24390E+03 -0.84609E-06 -0.72620E-06 -0.35299E-06
  0.24420E+03 -0.91503E-06 -0.65155E-06 -0.31770E-06
  0.24450E+03 -0.97283E-06 -0.56968E-06 -0.28059E-06
  0.24480E+03 -0.10183E-05 -0.48167E-06 -0.24175E-06
  0.24510E+03 -0.10506E-05 -0.38867E-06 -0.20129E-06
  0.24540E+03 -0.10691E-05 -0.29194E-06 -0.15936E-06
  0.24570E+03 -0.10735E-05 -0.19276E-06 -0.11614E-06
  0.24600E+03 -0.10638E-05 -0.92476E-07 -0.71862E-07
  0.24630E+03 -0.10405E-05  0.75644E-08 -0.26796E-07
  0.24660E+03 -0.10039E-05  0.10601E-06  0.18766E-07
  0.24690E+03 -0.95501E-06  0.20155E-06  0.64518E-07
  0.24720E+03 -0.89468E-06  0.29297E-06  0.11014E-06
  0.24750E+03 -0.82402E-06  0.37917E-06  0.15531E-06
  0.24780E+03 -0.74422E-06  0.45917E-06  0.19967E-06
  0.24810E+03 -0.65651E-06  0.53215E-06  0.24284E-06
  0.24840E+03 -0.56214E-06  0.59744E-06  0.28438E-06
  0.24870E+03 -0.46237E-06  0.65447E-06  0.32381E-06
  0.24900E+03 -0.35850E-06  0.70282E-06  0.36059E-06
  0.24930E+03 -0.25179E-06  0.74221E-06  0.39414E-06
  0.24960E+03 -0.14351E-06  0.77247E-06  0.42386E-06
  0.24990E+03 -0.34892E-07  0.79361E-06  0.44917E-06
  0.25020E+03  0.72843E-07  0.80576E-06  0.46954E-06
  0.25050E+03  0.17852E-06  0.80924E-06  0.48452E-06
  0.25080E+03  0.28102E-06  0.80452E-06  0.49379E-06
  0.25110E+03  0.37927E-06  0.79221E-06  0.49718E-06
  0.25140E+03  0.47227E-06  0.77301E-06  0.49468E-06
  0.25170E+03  0.55908E-06  0.74769E-06  0.48645E-06
  0.25200E+03  0.63883E-06  0.71703E-06  0.47282E-06
  0.25230E+03  0.71074E-06  0.68177E-06  0.45424E-06
  0.25260E+03  0.77413E-06  0.64260E-06  0.43131E-06
  0.25290E+03  0.82838E-06  0.60016E-06  0.40471E-06
  0.25320E+03  0.87304E-06  0.55501E-06  0.37518E-06
  0.25350E+03  0.90775E-06  0.50765E-06  0.34351E-06
  0.25380E+03  0.93228E-06  0.45854E-06  0.31045E-06
  0.25410E+03  0.94652E-06  0.40810E-06  0.27672E-06
  0.25440E+03  0.95047E-06  0.35674E-06  0.24295E-06
  0.25470E+03  0.94427E-06  0.30481E-06  0.20969E-06
  0.25500E+03  0.92813E-06  0.25267E-06  0.17737E-06
  0.25530E+03  0.90240E-06  0.20061E-06  0.14630E-06
  0.25560E+03  0.86758E-06  0.14890E-06  0.11669E-06
  0.25590E+03  0.82430E-06  0.97790E-07  0.88673E-07
  0.25620E+03  0.77332E-06  0.47516E-07  0.62301E-07
  0.25650E+03  0.71559E-06 -0.16688E-08  0.37595E-07
  0.25680E+03  0.65213E-06 -0.49487E-07  0.14548E-07
  0.25710E+03  0.58410E-06 -0.95641E-07 -0.68614E-08
  0.25740E+03  0.51274E-06 -0.13983E-06 -0.26655E-07
  0.25770E+03  0.43928E-06 -0.18176E-06 -0.44847E-07
  0.25800E+03  0.36493E-06 -0.22118E-06 -0.61442E-07
  0.25830E+03  0.29083E-06 -0.25788E-06 -0.76423E-07
  0.25860E+03  0.21795E-06 -0.29173E-06 -0.89767E-07
  0.25890E+03  0.14714E-06 -0.32267E-06 -0.10144E-06
  0.25920E+03  0.79057E-07 -0.35075E-06 -0.11139E-06
  0.25950E+03  0.14187E-07 -0.37607E-06 -0.11960E-06
  0.25980E+03 -0.47126E-07 -0.39884E-06 -0.12604E-06
  0.26010E+03 -0.10466E-06 -0.41929E-06 -0.13068E-06
  0.26040E+03 -0.15827E-06 -0.43769E-06 -0.13355E-06
  0.26070E+03 -0.20784E-06 -0.45425E-06 -0.13465E-06
  0.26100E+03 -0.25327E-06 -0.46916E-06 -0.13404E-06
  0.26130E+03 -0.29444E-06 -0.48252E-06 -0.13176E-06
  0.26160E+03 -0.33124E-06 -0.49435E-06 -0.12784E-06
  0.26190E+03 -0.36353E-06 -0.50460E-06 -0.12234E-06
  0.26220E+03 -0.39115E-06 -0.51314E-06 -0.11530E-06
  0.26250E+03 -0.41394E-06 -0.51982E-06 -0.10679E-06
  0.26280E+03 -0.43174E-06 -0.52447E-06 -0.96885E-07
  0.26310E+03 -0.44441E-06 -0.52692E-06 -0.85733E-07
  0.26340E+03 -0.45186E-06 -0.52699E-06 -0.73520E-07
  0.26370E+03 -0.45411E-06 -0.52453E-06 -0.60491E-07
  0.26400E+03 -0.45129E-06 -0.51934E-06 -0.46944E-07
  0.26430E+03 -0.44366E-06 -0.51119E-06 -0.33230E-07
  0.26460E+03 -0.43165E-06 -0.49984E-06 -0.19740E-07
  0.26490E+03 -0.41578E-06 -0.48500E-06 -0.68985E-08
  0.26520E+03 -0.39669E-06 -0.46638E-06  0.48554E-08
  0.26550E+03 -0.37503E-06 -0.44375E-06  0.15092E-07
  0.26580E+03 -0.35148E-06 -0.41692E-06  0.23419E-07
  0.26610E+03 -0.32667E-06 -0.38584E-06  0.29501E-07
  0.26640E+03 -0.30118E-06 -0.35060E-06  0.33089E-07
  0.26670E+03 -0.27554E-06 -0.31144E-06  0.34029E-07
  0.26700E+03 -0.25027E-06 -0.26876E-06  0.32269E-07
  0.26730E+03 -0.22581E-06 -0.22303E-06  0.27849E-07
  0.26760E+03 -0.20260E-06 -0.17482E-06  0.20893E-07
  0.26790E+03 -0.18101E-06 -0.12472E-06  0.11580E-07
  0.26820E+03 -0.16133E-06 -0.73327E-07  0.12418E-09
  0.26850E+03 -0.14376E-06 -0.21239E-07 -0.13249E-07
  0.26880E+03 -0.12837E-06  0.30947E-07 -0.28319E-07
  0.26910E+03 -0.11510E-06  0.82641E-07 -0.44877E-07
  0.26940E+03 -0.10375E-06  0.13326E-06 -0.62731E-07
  0.26970E+03 -0.94039E-07  0.18227E-06 -0.81696E-07
  0.27000E+03 -0.85596E-07  0.22912E-06 -0.10159E-06
  0.27030E+03 -0.78011E-07  0.27333E-06 -0.12220E-06
  0.27060E+03 -0.70856E-07  0.31444E-06 -0.14331E-06
  0.27090E+03 -0.63709E-07  0.35201E-06 -0.16466E-06
  0.27120E+03 -0.56168E-07  0.38560E-06 -0.18591E-06
  0.27150E+03 -0.47869E-07  0.41482E-06 -0.20672E-06
  0.27180E+03 -0.38493E-07  0.43927E-06 -0.22665E-06
  0.27210E+03 -0.27783E-07  0.45864E-06 -0.24524E-06
  0.27240E+03 -0.15549E-07  0.47270E-06 -0.26204E-06
  0.27270E+03 -0.16644E-08  0.48137E-06 -0.27659E-06
  0.27300E+03  0.13940E-07  0.48472E-06 -0.28847E-06
  0.27330E+03  0.31288E-07  0.48296E-06 -0.29729E-06
  0.27360E+03  0.50367E-07  0.47642E-06 -0.30277E-06
  0.27390E+03  0.71138E-07  0.46551E-06 -0.30462E-06
  0.27420E+03  0.93542E-07  0.45069E-06 -0.30266E-06
  0.27450E+03  0.11750E-06  0.43240E-06 -0.29671E-06
  0.27480E+03  0.14290E-06  0.41105E-06 -0.28667E-06
  0.27510E+03  0.16960E-06  0.38701E-06 -0.27246E-06
  0.27540E+03  0.19740E-06  0.36060E-06 -0.25405E-06
  0.27570E+03  0.22600E-06  0.33214E-06 -0.23147E-06
  0.27600E+03  0.25506E-06  0.30187E-06 -0.20479E-06
  0.27630E+03  0.28412E-06  0.27004E-06 -0.17417E-06
  0.27660E+03  0.31263E-06  0.23690E-06 -0.13982E-06
  0.27690E+03  0.33996E-06  0.20270E-06 -0.10207E-06
  0.27720E+03  0.36540E-06  0.16774E-06 -0.61330E-07
  0.27750E+03  0.38822E-06  0.13237E-06 -0.18106E-07
  0.27780E+03  0.40766E-06  0.97044E-07  0.26975E-07
  0.27810E+03  0.42298E-06  0.62244E-07  0.73199E-07
  0.27840E+03  0.43354E-06  0.28517E-07  0.11978E-06
  0.27870E+03  0.43877E-06 -0.35833E-08  0.16588E-06
  0.27900E+03  0.43824E-06 -0.33515E-07  0.21068E-06
  0.27930E+03  0.43164E-06 -0.60785E-07  0.25340E-06
  0.27960E+03  0.41880E-06 -0.84969E-07  0.29333E-06
  0.27990E+03  0.39963E-06 -0.10574E-06  0.32988E-06
  0.28020E+03  0.37417E-06 -0.12290E-06  0.36255E-06
  0.28050E+03  0.34254E-06 -0.13637E-06  0.39095E-06
  0.28080E+03  0.30491E-06 -0.14622E-06  0.41478E-06
  0.28110E+03  0.26152E-06 -0.15265E-06  0.43381E-06
  0.28140E+03  0.21268E-06 -0.15600E-06  0.44786E-06
  0.28170E+03  0.15875E-06 -0.15667E-06  0.45680E-06
  0.28200E+03  0.10017E-06 -0.15514E-06  0.46052E-06
  0.28230E+03  0.37482E-07 -0.15188E-06  0.45898E-06
  0.28260E+03 -0.28684E-07 -0.14737E-06  0.45218E-06
  0.28290E+03 -0.97584E-07 -0.14200E-06  0.44021E-06
  0.28320E+03 -0.16836E-06 -0.13612E-06  0.42325E-06
  0.28350E+03 -0.24006E-06 -0.12999E-06  0.40155E-06
  0.28380E+03 -0.31161E-06 -0.12380E-06  0.37545E-06
  0.28410E+03 -0.38189E-06 -0.11765E-06  0.34537E-06
  0.28440E+03 -0.44970E-06 -0.11162E-06  0.31176E-06
  0.28470E+03 -0.51386E-06 -0.10574E-06  0.27513E-06
  0.28500E+03 -0.57316E-06 -0.10007E-06  0.23599E-06
  0.28530E+03 -0.62646E-06 -0.94680E-07  0.19486E-06
  0.28560E+03 -0.67267E-06 -0.89699E-07  0.15228E-06
  0.28590E+03 -0.71082E-06 -0.85302E-07  0.10882E-06
  0.28620E+03 -0.74005E-06 -0.81693E-07  0.65033E-07
  0.28650E+03 -0.75968E-06 -0.79081E-07  0.21506E-07
  0.28680E+03 -0.76924E-06 -0.77638E-07 -0.21171E-07
  0.28710E+03 -0.76848E-06 -0.77476E-07 -0.62408E-07
  0.28740E+03 -0.75736E-06 -0.78609E-07 -0.10163E-06
  0.28770E+03 -0.73609E-06 -0.80944E-07 -0.13830E-06
  0.28800E+03 -0.70506E-06 -0.84274E-07 -0.17190E-06
  0.28830E+03 -0.66487E-06 -0.88283E-07 -0.20202E-06
  0.28860E+03 -0.61623E-06 -0.92572E-07 -0.22829E-06
  0.28890E+03 -0.55997E-06 -0.96680E-07 -0.25042E-06
  0.28920E+03 -0.49701E-06 -0.10013E-06 -0.26825E-06
  0.28950E+03 -0.42827E-06 -0.10246E-06 -0.28166E-06
  0.28980E+03 -0.35471E-06 -0.10325E-06 -0.29066E-06
  0.29010E+03 -0.27728E-06 -0.10217E-06 -0.29533E-06
  0.29040E+03 -0.19693E-06 -0.98959E-07 -0.29587E-06
  0.29070E+03 -0.11459E-06 -0.93445E-07 -0.29254E-06
  0.29100E+03 -0.31183E-07 -0.85538E-07 -0.28570E-06
  0.29130E+03  0.52378E-07 -0.75230E-07 -0.27579E-06
  0.29160E+03  0.13519E-06 -0.62599E-07 -0.26330E-06
  0.29190E+03  0.21636E-06 -0.47807E-07 -0.24881E-06
  0.29220E+03  0.29502E-06 -0.31092E-07 -0.23290E-06
  0.29250E+03  0.37031E-06 -0.12764E-07 -0.21616E-06
  0.29280E+03  0.44141E-06  0.68088E-08 -0.19915E-06
  0.29310E+03  0.50753E-06  0.27209E-07 -0.18240E-06
  0.29340E+03  0.56794E-06  0.47979E-07 -0.16633E-06
  0.29370E+03  0.62199E-06  0.68630E-07 -0.15129E-06
  0.29400E+03  0.66916E-06  0.88657E-07 -0.13751E-06
  0.29430E+03  0.70900E-06  0.10755E-06 -0.12515E-06
  0.29460E+03  0.74123E-06  0.12484E-06 -0.11427E-06
  0.29490E+03  0.76566E-06  0.14007E-06 -0.10485E-06
  0.29520E+03  0.78223E-06  0.15289E-06 -0.96826E-07
  0.29550E+03  0.79097E-06  0.16300E-06 -0.90077E-07
  0.29580E+03  0.79197E-06  0.17021E-06 -0.84459E-07
  0.29610E+03  0.78539E-06  0.17440E-06 -0.79804E-07
  0.29640E+03  0.77143E-06  0.17555E-06 -0.75926E-07
  0.29670E+03  0.75038E-06  0.17367E-06 -0.72621E-07
  0.29700E+03  0.72255E-06  0.16888E-06 -0.69662E-07
  0.29730E+03  0.68835E-06  0.16134E-06 -0.66805E-07
  0.29760E+03  0.64824E-06  0.15127E-06 -0.63790E-07
  0.29790E+03  0.60275E-06  0.13892E-06 -0.60350E-07
  0.29820E+03  0.55248E-06  0.12460E-06 -0.56233E-07
  0.29850E+03  0.49804E-06  0.10861E-06 -0.51216E-07
  0.29880E+03  0.44006E-06  0.91260E-07 -0.45121E-07
  0.29910E+03  0.37919E-06  0.72835E-07 -0.37828E-07
  0.29940E+03  0.31600E-06  0.53584E-07 -0.29272E-07
  0.29970E+03  0.25106E-06  0.33727E-07 -0.19435E-07
  0.30000E+03  0.18483E-06  0.13465E-07 -0.83411E-08
  0.30030E+03  0.11776E-06 -0.69922E-08  0.39632E-08
  0.30060E+03  0.50236E-07 -0.27402E-07  0.17414E-07
  0.30090E+03 -0.17376E-07 -0.47471E-07  0.31933E-07
  0.30120E+03 -0.84697E-07 -0.66854E-07  0.47433E-07
  0.30150E+03 -0.15132E-06 -0.85168E-07  0.63807E-07
  0.30180E+03 -0.21677E-06 -0.10201E-06  0.80931E-07
  0.30210E+03 -0.28052E-06 -0.11700E-06  0.98653E-07
  0.30240E+03 -0.34198E-06 -0.12979E-06  0.11679E-06
  0.30270E+03 -0.40051E-06 -0.14009E-06  0.13514E-06
  0.30300E+03 -0.45545E-06 -0.14769E-06  0.15345E-06
  0.30330E+03 -0.50610E-06 -0.15247E-06  0.17144E-06
  0.30360E+03 -0.55180E-06 -0.15438E-06  0.18883E-06
  0.30390E+03 -0.59191E-06 -0.15348E-06  0.20531E-06
  0.30420E+03 -0.62584E-06 -0.14990E-06  0.22059E-06
  0.30450E+03 -0.65307E-06 -0.14389E-06  0.23439E-06
  0.30480E+03 -0.67318E-06 -0.13580E-06  0.24648E-06
  0.30510E+03 -0.68584E-06 -0.12603E-06  0.25669E-06
  0.30540E+03 -0.69082E-06 -0.11509E-06  0.26493E-06
  0.30570E+03 -0.68802E-06 -0.10349E-06  0.27116E-06
  0.30600E+03 -0.67742E-06 -0.91787E-07  0.27537E-06
  0.30630E+03 -0.65914E-06 -0.80505E-07  0.27762E-06
  0.30660E+03 -0.63338E-06 -0.70153E-07  0.27791E-06
  0.30690E+03 -0.60046E-06 -0.61190E-07  0.27625E-06
