  0.00000E+00  0.32940E-12  0.92092E-13  0.22952E-12
  0.30000E+00  0.25700E-11  0.72762E-12  0.17954E-11
  0.60000E+00  0.10288E-10  0.29539E-11  0.72088E-11
  0.90000E+00  0.28914E-10  0.84305E-11  0.20326E-10
  0.12000E+01  0.65235E-10  0.19329E-10  0.46005E-10
  0.15000E+01  0.12687E-09  0.38208E-10  0.89767E-10
  0.18000E+01  0.22179E-09  0.67861E-10  0.15747E-09
  0.21000E+01  0.35780E-09  0.11118E-09  0.25499E-09
  0.24000E+01  0.54214E-09  0.17103E-09  0.38793E-09
  0.27000E+01  0.78102E-09  0.25017E-09  0.56135E-09
  0.30000E+01  0.10794E-08  0.35114E-09  0.77948E-09
  0.33000E+01  0.14403E-08  0.47609E-09  0.10456E-08
  0.36000E+01  0.18654E-08  0.62691E-09  0.13615E-08
  0.39000E+01  0.23537E-08  0.80480E-09  0.17280E-08
  0.42000E+01  0.29023E-08  0.10106E-08  0.21441E-08
  0.45000E+01  0.35061E-08  0.12444E-08  0.26073E-08
  0.48000E+01  0.41577E-08  0.15054E-08  0.31136E-08
  0.51000E+01  0.48470E-08  0.17923E-08  0.36574E-08
  0.54000E+01  0.55622E-08  0.21039E-08  0.42309E-08
  0.57000E+01  0.62910E-08  0.24364E-08  0.48260E-08
  0.60000E+01  0.70160E-08  0.27874E-08  0.54328E-08
  0.63000E+01  0.77210E-08  0.31508E-08  0.60385E-08
  0.66000E+01  0.83892E-08  0.35246E-08  0.66326E-08
  0.69000E+01  0.89996E-08  0.39004E-08  0.72017E-08
  0.72000E+01  0.95356E-08  0.42736E-08  0.77304E-08
  0.75000E+01  0.99755E-08  0.46389E-08  0.82068E-08
  0.78000E+01  0.10303E-07  0.49876E-08  0.86150E-08
  0.81000E+01  0.10497E-07  0.53134E-08  0.89418E-08
  0.84000E+01  0.10543E-07  0.56087E-08  0.91726E-08
  0.87000E+01  0.10423E-07  0.58665E-08  0.92961E-08
  0.90000E+01  0.10126E-07  0.60808E-08  0.92995E-08
  0.93000E+01  0.96371E-08  0.62429E-08  0.91727E-08
  0.96000E+01  0.89501E-08  0.63476E-08  0.89051E-08
  0.99000E+01  0.80571E-08  0.63867E-08  0.84906E-08
  0.10200E+02  0.69545E-08  0.63566E-08  0.79224E-08
  0.10500E+02  0.56432E-08  0.62521E-08  0.71977E-08
  0.10800E+02  0.41254E-08  0.60674E-08  0.63136E-08
  0.11100E+02  0.24075E-08  0.58013E-08  0.52722E-08
  0.11400E+02  0.49930E-09  0.54496E-08  0.40765E-08
  0.11700E+02 -0.15865E-08  0.50112E-08  0.27316E-08
  0.12000E+02 -0.38326E-08  0.44852E-08  0.12448E-08
  0.12300E+02 -0.62209E-08  0.38736E-08 -0.37420E-09
  0.12600E+02 -0.87285E-08  0.31781E-08 -0.21113E-08
  0.12900E+02 -0.11331E-07  0.24000E-08 -0.39537E-08
  0.13200E+02 -0.13999E-07  0.15444E-08 -0.58834E-08
  0.13500E+02 -0.16704E-07  0.61730E-09 -0.78825E-08
  0.13800E+02 -0.19414E-07 -0.37650E-09 -0.99307E-08
  0.14100E+02 -0.22098E-07 -0.14295E-08 -0.12008E-07
  0.14400E+02 -0.24719E-07 -0.25332E-08 -0.14089E-07
  0.14700E+02 -0.27245E-07 -0.36774E-08 -0.16153E-07
  0.15000E+02 -0.29636E-07 -0.48547E-08 -0.18174E-07
  0.15300E+02 -0.31867E-07 -0.60523E-08 -0.20127E-07
  0.15600E+02 -0.33904E-07 -0.72599E-08 -0.21990E-07
  0.15900E+02 -0.35705E-07 -0.84663E-08 -0.23735E-07
  0.16200E+02 -0.37248E-07 -0.96581E-08 -0.25342E-07
  0.16500E+02 -0.38495E-07 -0.10824E-07 -0.26785E-07
  0.16800E+02 -0.39430E-07 -0.11954E-07 -0.28043E-07
  0.17100E+02 -0.40027E-07 -0.13029E-07 -0.29103E-07
  0.17400E+02 -0.40263E-07 -0.14049E-07 -0.29932E-07
  0.17700E+02 -0.40127E-07 -0.14988E-07 -0.30524E-07
  0.18000E+02 -0.39606E-07 -0.15836E-07 -0.30862E-07
  0.18300E+02 -0.38687E-07 -0.16600E-07 -0.30933E-07
  0.18600E+02 -0.37363E-07 -0.17248E-07 -0.30740E-07
  0.18900E+02 -0.35640E-07 -0.17787E-07 -0.30256E-07
  0.19200E+02 -0.33522E-07 -0.18200E-07 -0.29493E-07
  0.19500E+02 -0.31016E-07 -0.18494E-07 -0.28444E-07
  0.19800E+02 -0.28134E-07 -0.18634E-07 -0.27111E-07
  0.20100E+02 -0.24895E-07 -0.18645E-07 -0.25494E-07
  0.20400E+02 -0.21319E-07 -0.18511E-07 -0.23622E-07
  0.20700E+02 -0.17433E-07 -0.18231E-07 -0.21479E-07
  0.21000E+02 -0.13265E-07 -0.17805E-07 -0.19103E-07
  0.21300E+02 -0.88474E-08 -0.17226E-07 -0.16488E-07
  0.21600E+02 -0.42163E-08 -0.16508E-07 -0.13678E-07
  0.21900E+02  0.59040E-09 -0.15650E-07 -0.10674E-07
  0.22200E+02  0.55317E-08 -0.14659E-07 -0.75110E-08
  0.22500E+02  0.10569E-07 -0.13538E-07 -0.42100E-08
  0.22800E+02  0.15647E-07 -0.12295E-07 -0.79500E-09
  0.23100E+02  0.20733E-07 -0.10938E-07  0.26930E-08
  0.23400E+02  0.25771E-07 -0.94743E-08  0.62360E-08
  0.23700E+02  0.30718E-07 -0.79193E-08  0.98010E-08
  0.24000E+02  0.35530E-07 -0.62828E-08  0.13351E-07
  0.24300E+02  0.40171E-07 -0.45775E-08  0.16859E-07
  0.24600E+02  0.44584E-07 -0.28148E-08  0.20298E-07
  0.24900E+02  0.48724E-07 -0.10105E-08  0.23633E-07
  0.25200E+02  0.52566E-07  0.82210E-09  0.26836E-07
  0.25500E+02  0.56066E-07  0.26694E-08  0.29879E-07
  0.25800E+02  0.59189E-07  0.45167E-08  0.32733E-07
  0.26100E+02  0.61902E-07  0.63490E-08  0.35374E-07
  0.26400E+02  0.64191E-07  0.81513E-08  0.37777E-07
  0.26700E+02  0.66014E-07  0.99090E-08  0.39922E-07
  0.27000E+02  0.67371E-07  0.11616E-07  0.41789E-07
  0.27300E+02  0.68227E-07  0.13248E-07  0.43362E-07
  0.27600E+02  0.68580E-07  0.14798E-07  0.44623E-07
  0.27900E+02  0.68438E-07  0.16252E-07  0.45569E-07
  0.28200E+02  0.67781E-07  0.17600E-07  0.46183E-07
  0.28500E+02  0.66619E-07  0.18824E-07  0.46467E-07
  0.28800E+02  0.64967E-07  0.19941E-07  0.46417E-07
  0.29100E+02  0.62824E-07  0.20907E-07  0.46029E-07
  0.29400E+02  0.60219E-07  0.21746E-07  0.45313E-07
  0.29700E+02  0.57163E-07  0.22440E-07  0.44269E-07
  0.30000E+02  0.53684E-07  0.22975E-07  0.42903E-07
  0.30300E+02  0.49809E-07  0.23366E-07  0.41239E-07
  0.30600E+02  0.45572E-07  0.23596E-07  0.39294E-07
  0.30900E+02  0.41007E-07  0.23677E-07  0.37062E-07
  0.31200E+02  0.36152E-07  0.23603E-07  0.34588E-07
  0.31500E+02  0.31043E-07  0.23375E-07  0.31877E-07
  0.31800E+02  0.25723E-07  0.23000E-07  0.28956E-07
  0.32100E+02  0.20235E-07  0.22484E-07  0.25855E-07
  0.32400E+02  0.14622E-07  0.21825E-07  0.22586E-07
  0.32700E+02  0.89290E-08  0.21035E-07  0.19194E-07
  0.33000E+02  0.31998E-08  0.20116E-07  0.15685E-07
  0.33300E+02 -0.25240E-08  0.19088E-07  0.12106E-07
  0.33600E+02 -0.81840E-08  0.17952E-07  0.84850E-08
  0.33900E+02 -0.13761E-07  0.16715E-07  0.48370E-08
  0.34200E+02 -0.19202E-07  0.15393E-07  0.11980E-08
  0.34500E+02 -0.24461E-07  0.14000E-07 -0.24060E-08
  0.34800E+02 -0.29514E-07  0.12533E-07 -0.59490E-08
  0.35100E+02 -0.34316E-07  0.11021E-07 -0.94110E-08
  0.35400E+02 -0.38831E-07  0.94668E-08 -0.12747E-07
  0.35700E+02 -0.43042E-07  0.78823E-08 -0.15961E-07
  0.36000E+02 -0.46914E-07  0.62813E-08 -0.19013E-07
  0.36300E+02 -0.50439E-07  0.46861E-08 -0.21927E-07
  0.36600E+02 -0.53638E-07  0.31662E-08 -0.24814E-07
  0.36900E+02 -0.56650E-07  0.18768E-08 -0.27920E-07
  0.37200E+02 -0.59656E-07  0.10688E-08 -0.31578E-07
  0.37500E+02 -0.62955E-07  0.10538E-08 -0.36091E-07
  0.37800E+02 -0.66788E-07  0.21213E-08 -0.41620E-07
  0.38100E+02 -0.71332E-07  0.44476E-08 -0.48108E-07
  0.38400E+02 -0.76596E-07  0.80142E-08 -0.55221E-07
  0.38700E+02 -0.82373E-07  0.12556E-07 -0.62365E-07
  0.39000E+02 -0.88248E-07  0.17569E-07 -0.68764E-07
  0.39300E+02 -0.93635E-07  0.22350E-07 -0.73553E-07
  0.39600E+02 -0.97804E-07  0.26044E-07 -0.75803E-07
  0.39900E+02 -0.99931E-07  0.27667E-07 -0.74538E-07
  0.40200E+02 -0.99113E-07  0.26174E-07 -0.68912E-07
  0.40500E+02 -0.94471E-07  0.20545E-07 -0.58232E-07
  0.40800E+02 -0.85218E-07  0.98668E-08 -0.42046E-07
  0.41100E+02 -0.70751E-07 -0.65604E-08 -0.20245E-07
  0.41400E+02 -0.50767E-07 -0.29098E-07  0.68500E-08
  0.41700E+02 -0.25334E-07 -0.57666E-07  0.38492E-07
  0.42000E+02  0.51010E-08 -0.91795E-07  0.73779E-07
  0.42300E+02  0.39942E-07 -0.13082E-06  0.11189E-06
  0.42600E+02  0.78548E-07 -0.17404E-06  0.15210E-06
  0.42900E+02  0.12034E-06 -0.22083E-06  0.19365E-06
  0.43200E+02  0.16484E-06 -0.27062E-06  0.23578E-06
  0.43500E+02  0.21156E-06 -0.32287E-06  0.27753E-06
  0.43800E+02  0.25992E-06 -0.37694E-06  0.31778E-06
  0.44100E+02  0.30926E-06 -0.43205E-06  0.35525E-06
  0.44400E+02  0.35885E-06 -0.48739E-06  0.38884E-06
  0.44700E+02  0.40799E-06 -0.54212E-06  0.41765E-06
  0.45000E+02  0.45598E-06 -0.59541E-06  0.44071E-06
  0.45300E+02  0.50204E-06 -0.64635E-06  0.45693E-06
  0.45600E+02  0.54521E-06 -0.69379E-06  0.46510E-06
  0.45900E+02  0.58430E-06 -0.73633E-06  0.46395E-06
  0.46200E+02  0.61797E-06 -0.77238E-06  0.45228E-06
  0.46500E+02  0.64470E-06 -0.80015E-06  0.42895E-06
  0.46800E+02  0.66287E-06 -0.81774E-06  0.39288E-06
  0.47100E+02  0.67077E-06 -0.82312E-06  0.34319E-06
  0.47400E+02  0.66668E-06 -0.81428E-06  0.27936E-06
  0.47700E+02  0.64897E-06 -0.78929E-06  0.20113E-06
  0.48000E+02  0.61610E-06 -0.74632E-06  0.10848E-06
  0.48300E+02  0.56666E-06 -0.68373E-06  0.16740E-08
  0.48600E+02  0.49954E-06 -0.60016E-06 -0.11851E-06
  0.48900E+02  0.41382E-06 -0.49454E-06 -0.25086E-06
  0.49200E+02  0.30896E-06 -0.36618E-06 -0.39386E-06
  0.49500E+02  0.18479E-06 -0.21490E-06 -0.54567E-06
  0.49800E+02  0.41688E-07 -0.41046E-07 -0.70406E-06
  0.50100E+02 -0.11951E-06  0.15439E-06 -0.86656E-06
  0.50400E+02 -0.29743E-06  0.36987E-06 -0.10305E-05
  0.50700E+02 -0.49017E-06  0.60319E-06 -0.11928E-05
  0.51000E+02 -0.69527E-06  0.85154E-06 -0.13502E-05
  0.51300E+02 -0.90979E-06  0.11115E-05 -0.14992E-05
  0.51600E+02 -0.11303E-05  0.13792E-05 -0.16363E-05
  0.51900E+02 -0.13532E-05  0.16501E-05 -0.17581E-05
  0.52200E+02 -0.15742E-05  0.19197E-05 -0.18612E-05
  0.52500E+02 -0.17891E-05  0.21826E-05 -0.19425E-05
  0.52800E+02 -0.19934E-05  0.24336E-05 -0.19994E-05
  0.53100E+02 -0.21826E-05  0.26678E-05 -0.20297E-05
  0.53400E+02 -0.23528E-05  0.28802E-05 -0.20314E-05
  0.53700E+02 -0.25000E-05  0.30662E-05 -0.20036E-05
  0.54000E+02 -0.26209E-05  0.32217E-05 -0.19454E-05
  0.54300E+02 -0.27126E-05  0.33433E-05 -0.18566E-05
  0.54600E+02 -0.27728E-05  0.34281E-05 -0.17375E-05
  0.54900E+02 -0.27996E-05  0.34736E-05 -0.15888E-05
  0.55200E+02 -0.27913E-05  0.34777E-05 -0.14115E-05
  0.55500E+02 -0.27470E-05  0.34391E-05 -0.12071E-05
  0.55800E+02 -0.26656E-05  0.33563E-05 -0.97697E-06
  0.56100E+02 -0.25467E-05  0.32286E-05 -0.72295E-06
  0.56400E+02 -0.23897E-05  0.30552E-05 -0.44704E-06
  0.56700E+02 -0.21946E-05  0.28359E-05 -0.15157E-06
  0.57000E+02 -0.19617E-05  0.25707E-05  0.16087E-06
  0.57300E+02 -0.16916E-05  0.22603E-05  0.48720E-06
  0.57600E+02 -0.13855E-05  0.19060E-05  0.82392E-06
  0.57900E+02 -0.10453E-05  0.15096E-05  0.11670E-05
  0.58200E+02 -0.67337E-06  0.10740E-05  0.15121E-05
  0.58500E+02 -0.27293E-06  0.60277E-06  0.18542E-05
  0.58800E+02  0.15203E-06  0.10045E-06  0.21884E-05
  0.59100E+02  0.59677E-06 -0.42740E-06  0.25094E-05
  0.59400E+02  0.10557E-05 -0.97462E-06  0.28121E-05
  0.59700E+02  0.15228E-05 -0.15340E-05  0.30915E-05
  0.60000E+02  0.19916E-05 -0.20981E-05  0.33430E-05
  0.60300E+02  0.24554E-05 -0.26594E-05  0.35628E-05
  0.60600E+02  0.29078E-05 -0.32098E-05  0.37474E-05
  0.60900E+02  0.33422E-05 -0.37420E-05  0.38942E-05
  0.61200E+02  0.37528E-05 -0.42488E-05  0.40009E-05
  0.61500E+02  0.41340E-05 -0.47238E-05  0.40663E-05
  0.61800E+02  0.44810E-05 -0.51607E-05  0.40891E-05
  0.62100E+02  0.47891E-05 -0.55544E-05  0.40690E-05
  0.62400E+02  0.50543E-05 -0.58996E-05  0.40055E-05
  0.62700E+02  0.52734E-05 -0.61921E-05  0.38990E-05
  0.63000E+02  0.54430E-05 -0.64281E-05  0.37497E-05
  0.63300E+02  0.55610E-05 -0.66043E-05  0.35585E-05
  0.63600E+02  0.56256E-05 -0.67183E-05  0.33269E-05
  0.63900E+02  0.56360E-05 -0.67682E-05  0.30572E-05
  0.64200E+02  0.55924E-05 -0.67525E-05  0.27523E-05
  0.64500E+02  0.54953E-05 -0.66698E-05  0.24166E-05
  0.64800E+02  0.53460E-05 -0.65193E-05  0.20548E-05
  0.65100E+02  0.51466E-05 -0.63010E-05  0.16725E-05
  0.65400E+02  0.48998E-05 -0.60159E-05  0.12753E-05
  0.65700E+02  0.46093E-05 -0.56662E-05  0.86823E-06
  0.66000E+02  0.42790E-05 -0.52551E-05  0.45577E-06
  0.66300E+02  0.39133E-05 -0.47871E-05  0.41330E-07
  0.66600E+02  0.35156E-05 -0.42661E-05 -0.37268E-06
  0.66900E+02  0.30890E-05 -0.36964E-05 -0.78429E-06
  0.67200E+02  0.26361E-05 -0.30823E-05 -0.11917E-05
  0.67500E+02  0.21597E-05 -0.24284E-05 -0.15928E-05
  0.67800E+02  0.16627E-05 -0.17396E-05 -0.19846E-05
  0.68100E+02  0.11484E-05 -0.10216E-05 -0.23633E-05
  0.68400E+02  0.62031E-06 -0.28122E-06 -0.27240E-05
  0.68700E+02  0.82690E-07  0.47357E-06 -0.30621E-05
  0.69000E+02 -0.46013E-06  0.12337E-05 -0.33733E-05
  0.69300E+02 -0.10037E-05  0.19894E-05 -0.36543E-05
  0.69600E+02 -0.15432E-05  0.27312E-05 -0.39029E-05
  0.69900E+02 -0.20737E-05  0.34489E-05 -0.41176E-05
  0.70200E+02 -0.25906E-05  0.41338E-05 -0.42975E-05
  0.70500E+02 -0.30895E-05  0.47779E-05 -0.44417E-05
  0.70800E+02 -0.35665E-05  0.53750E-05 -0.45491E-05
  0.71100E+02 -0.40188E-05  0.59205E-05 -0.46183E-05
  0.71400E+02 -0.44438E-05  0.64112E-05 -0.46476E-05
  0.71700E+02 -0.48388E-05  0.68436E-05 -0.46352E-05
  0.72000E+02 -0.52012E-05  0.72143E-05 -0.45796E-05
  0.72300E+02 -0.55290E-05  0.75199E-05 -0.44798E-05
  0.72600E+02 -0.58195E-05  0.77567E-05 -0.43359E-05
  0.72900E+02 -0.60709E-05  0.79213E-05 -0.41490E-05
  0.73200E+02 -0.62812E-05  0.80116E-05 -0.39223E-05
  0.73500E+02 -0.64503E-05  0.80267E-05 -0.36596E-05
  0.73800E+02 -0.65792E-05  0.79671E-05 -0.33652E-05
  0.74100E+02 -0.66695E-05  0.78339E-05 -0.30428E-05
  0.74400E+02 -0.67239E-05  0.76280E-05 -0.26956E-05
  0.74700E+02 -0.67447E-05  0.73505E-05 -0.23263E-05
  0.75000E+02 -0.67338E-05  0.70024E-05 -0.19371E-05
  0.75300E+02 -0.66928E-05  0.65843E-05 -0.15310E-05
  0.75600E+02 -0.66237E-05  0.60965E-05 -0.11120E-05
  0.75900E+02 -0.65294E-05  0.55407E-05 -0.68527E-06
  0.76200E+02 -0.64145E-05  0.49205E-05 -0.25664E-06
  0.76500E+02 -0.62834E-05  0.42415E-05  0.16873E-06
  0.76800E+02 -0.61398E-05  0.35106E-05  0.58725E-06
  0.77100E+02 -0.59866E-05  0.27353E-05  0.99713E-06
  0.77400E+02 -0.58247E-05  0.19233E-05  0.13972E-05
  0.77700E+02 -0.56531E-05  0.10823E-05  0.17862E-05
  0.78000E+02 -0.54694E-05  0.22109E-06  0.21606E-05
  0.78300E+02 -0.52705E-05 -0.64960E-06  0.25158E-05
  0.78600E+02 -0.50533E-05 -0.15174E-05  0.28467E-05
  0.78900E+02 -0.48147E-05 -0.23687E-05  0.31489E-05
  0.79200E+02 -0.45512E-05 -0.31892E-05  0.34200E-05
  0.79500E+02 -0.42579E-05 -0.39645E-05  0.36591E-05
  0.79800E+02 -0.39295E-05 -0.46805E-05  0.38660E-05
  0.80100E+02 -0.35600E-05 -0.53243E-05  0.40402E-05
  0.80400E+02 -0.31437E-05 -0.58834E-05  0.41799E-05
  0.80700E+02 -0.26758E-05 -0.63462E-05  0.42826E-05
  0.81000E+02 -0.21530E-05 -0.67016E-05  0.43458E-05
  0.81300E+02 -0.15734E-05 -0.69400E-05  0.43678E-05
  0.81600E+02 -0.93664E-06 -0.70537E-05  0.43479E-05
  0.81900E+02 -0.24461E-06 -0.70376E-05  0.42856E-05
  0.82200E+02  0.49917E-06 -0.68894E-05  0.41801E-05
  0.82500E+02  0.12892E-05 -0.66096E-05  0.40300E-05
  0.82800E+02  0.21182E-05 -0.62017E-05  0.38332E-05
  0.83100E+02  0.29768E-05 -0.56721E-05  0.35880E-05
  0.83400E+02  0.38542E-05 -0.50301E-05  0.32930E-05
  0.83700E+02  0.47386E-05 -0.42882E-05  0.29476E-05
  0.84000E+02  0.56179E-05 -0.34615E-05  0.25510E-05
  0.84300E+02  0.64798E-05 -0.25669E-05  0.21027E-05
  0.84600E+02  0.73126E-05 -0.16233E-05  0.16027E-05
  0.84900E+02  0.81056E-05 -0.65077E-06  0.10513E-05
  0.85200E+02  0.88492E-05  0.33003E-06  0.45105E-06
  0.85500E+02  0.95359E-05  0.12983E-05 -0.19384E-06
  0.85800E+02  0.10161E-04  0.22334E-05 -0.87694E-06
  0.86100E+02  0.10720E-04  0.31158E-05 -0.15901E-05
  0.86400E+02  0.11213E-04  0.39273E-05 -0.23236E-05
  0.86700E+02  0.11639E-04  0.46518E-05 -0.30662E-05
  0.87000E+02  0.11999E-04  0.52760E-05 -0.38047E-05
  0.87300E+02  0.12293E-04  0.57899E-05 -0.45241E-05
  0.87600E+02  0.12523E-04  0.61859E-05 -0.52086E-05
  0.87900E+02  0.12686E-04  0.64593E-05 -0.58418E-05
  0.88200E+02  0.12782E-04  0.66084E-05 -0.64086E-05
  0.88500E+02  0.12806E-04  0.66338E-05 -0.68953E-05
  0.88800E+02  0.12754E-04  0.65385E-05 -0.72907E-05
  0.89100E+02  0.12618E-04  0.63271E-05 -0.75860E-05
  0.89400E+02  0.12393E-04  0.60046E-05 -0.77749E-05
  0.89700E+02  0.12072E-04  0.55768E-05 -0.78545E-05
  0.90000E+02  0.11648E-04  0.50492E-05 -0.78249E-05
  0.90300E+02  0.11118E-04  0.44271E-05 -0.76893E-05
  0.90600E+02  0.10482E-04  0.37155E-05 -0.74525E-05
  0.90900E+02  0.97409E-05  0.29192E-05 -0.71202E-05
  0.91200E+02  0.89006E-05  0.20436E-05 -0.66972E-05
  0.91500E+02  0.79696E-05  0.10949E-05 -0.61879E-05
  0.91800E+02  0.69592E-05  0.80510E-07 -0.55955E-05
  0.92100E+02  0.58819E-05 -0.98926E-06 -0.49225E-05
  0.92400E+02  0.47510E-05 -0.21012E-05 -0.41709E-05
  0.92700E+02  0.35792E-05 -0.32386E-05 -0.33417E-05
  0.93000E+02  0.23777E-05 -0.43821E-05 -0.24370E-05
  0.93300E+02  0.11565E-05 -0.55102E-05 -0.14602E-05
  0.93600E+02 -0.76430E-07 -0.66006E-05 -0.41775E-06
  0.93900E+02 -0.13141E-05 -0.76313E-05  0.67982E-06
  0.94200E+02 -0.25510E-05 -0.85821E-05  0.18184E-05
  0.94500E+02 -0.37816E-05 -0.94357E-05  0.29811E-05
  0.94800E+02 -0.50001E-05 -0.10179E-04  0.41494E-05
  0.95100E+02 -0.61987E-05 -0.10804E-04  0.53042E-05
  0.95400E+02 -0.73689E-05 -0.11305E-04  0.64275E-05
  0.95700E+02 -0.85005E-05 -0.11683E-04  0.75026E-05
  0.96000E+02 -0.95832E-05 -0.11936E-04  0.85158E-05
  0.96300E+02 -0.10606E-04 -0.12067E-04  0.94568E-05
  0.96600E+02 -0.11560E-04 -0.12073E-04  0.10318E-04
  0.96900E+02 -0.12435E-04 -0.11954E-04  0.11094E-04
  0.97200E+02 -0.13226E-04 -0.11705E-04  0.11780E-04
  0.97500E+02 -0.13926E-04 -0.11323E-04  0.12368E-04
  0.97800E+02 -0.14530E-04 -0.10803E-04  0.12850E-04
  0.98100E+02 -0.15035E-04 -0.10142E-04  0.13218E-04
  0.98400E+02 -0.15435E-04 -0.93434E-05  0.13461E-04
  0.98700E+02 -0.15727E-04 -0.84122E-05  0.13570E-04
  0.99000E+02 -0.15905E-04 -0.73591E-05  0.13536E-04
  0.99300E+02 -0.15966E-04 -0.62018E-05  0.13355E-04
  0.99600E+02 -0.15907E-04 -0.49562E-05  0.13027E-04
  0.99900E+02 -0.15729E-04 -0.36418E-05  0.12557E-04
  0.10020E+03 -0.15435E-04 -0.22787E-05  0.11951E-04
  0.10050E+03 -0.15028E-04 -0.88361E-06  0.11220E-04
  0.10080E+03 -0.14519E-04  0.52882E-06  0.10373E-04
  0.10110E+03 -0.13915E-04  0.19459E-05  0.94199E-05
  0.10140E+03 -0.13225E-04  0.33567E-05  0.83687E-05
  0.10170E+03 -0.12456E-04  0.47490E-05  0.72261E-05
  0.10200E+03 -0.11612E-04  0.61107E-05  0.59982E-05
  0.10230E+03 -0.10696E-04  0.74281E-05  0.46924E-05
  0.10260E+03 -0.97108E-05  0.86867E-05  0.33190E-05
  0.10290E+03 -0.86579E-05  0.98709E-05  0.18922E-05
  0.10320E+03 -0.75418E-05  0.10966E-04  0.42863E-06
  0.10350E+03 -0.63699E-05  0.11960E-04 -0.10535E-05
  0.10380E+03 -0.51540E-05  0.12842E-04 -0.25350E-05
  0.10410E+03 -0.39084E-05  0.13605E-04 -0.39980E-05
  0.10440E+03 -0.26485E-05  0.14241E-04 -0.54272E-05
  0.10470E+03 -0.13899E-05  0.14745E-04 -0.68111E-05
  0.10500E+03 -0.14592E-06  0.15112E-04 -0.81401E-05
  0.10530E+03  0.10732E-05  0.15337E-04 -0.94048E-05
  0.10560E+03  0.22606E-05  0.15415E-04 -0.10596E-04
  0.10590E+03  0.34116E-05  0.15345E-04 -0.11702E-04
  0.10620E+03  0.45225E-05  0.15126E-04 -0.12710E-04
  0.10650E+03  0.55893E-05  0.14763E-04 -0.13607E-04
  0.10680E+03  0.66064E-05  0.14264E-04 -0.14381E-04
  0.10710E+03  0.75668E-05  0.13641E-04 -0.15021E-04
  0.10740E+03  0.84623E-05  0.12902E-04 -0.15523E-04
  0.10770E+03  0.92850E-05  0.12061E-04 -0.15884E-04
  0.10800E+03  0.10028E-04  0.11125E-04 -0.16106E-04
  0.10830E+03  0.10685E-04  0.10103E-04 -0.16190E-04
  0.10860E+03  0.11253E-04  0.89991E-05 -0.16139E-04
  0.10890E+03  0.11730E-04  0.78215E-05 -0.15954E-04
  0.10920E+03  0.12113E-04  0.65788E-05 -0.15634E-04
  0.10950E+03  0.12403E-04  0.52834E-05 -0.15179E-04
  0.10980E+03  0.12596E-04  0.39509E-05 -0.14592E-04
  0.11010E+03  0.12694E-04  0.25991E-05 -0.13880E-04
  0.11040E+03  0.12698E-04  0.12464E-05 -0.13051E-04
  0.11070E+03  0.12612E-04 -0.90720E-07 -0.12117E-04
  0.11100E+03  0.12441E-04 -0.13984E-05 -0.11092E-04
  0.11130E+03  0.12192E-04 -0.26657E-05 -0.99893E-05
  0.11160E+03  0.11871E-04 -0.38838E-05 -0.88188E-05
  0.11190E+03  0.11483E-04 -0.50448E-05 -0.75902E-05
  0.11220E+03  0.11031E-04 -0.61410E-05 -0.63120E-05
  0.11250E+03  0.10517E-04 -0.71636E-05 -0.49942E-05
  0.11280E+03  0.99418E-05 -0.81038E-05 -0.36486E-05
  0.11310E+03  0.93085E-05 -0.89531E-05 -0.22897E-05
  0.11340E+03  0.86228E-05 -0.97046E-05 -0.93336E-06
  0.11370E+03  0.78934E-05 -0.10353E-04  0.40502E-06
  0.11400E+03  0.71314E-05 -0.10895E-04  0.17121E-05
  0.11430E+03  0.63482E-05 -0.11328E-04  0.29771E-05
  0.11460E+03  0.55541E-05 -0.11651E-04  0.41921E-05
  0.11490E+03  0.47569E-05 -0.11861E-04  0.53499E-05
  0.11520E+03  0.39615E-05 -0.11956E-04  0.64432E-05
  0.11550E+03  0.31713E-05 -0.11939E-04  0.74632E-05
  0.11580E+03  0.23889E-05 -0.11812E-04  0.84000E-05
  0.11610E+03  0.16177E-05 -0.11582E-04  0.92438E-05
  0.11640E+03  0.86254E-06 -0.11257E-04  0.99870E-05
  0.11670E+03  0.12928E-06 -0.10847E-04  0.10625E-04
  0.11700E+03 -0.57584E-06 -0.10359E-04  0.11156E-04
  0.11730E+03 -0.12471E-05 -0.98007E-05  0.11581E-04
  0.11760E+03 -0.18799E-05 -0.91769E-05  0.11902E-04
  0.11790E+03 -0.24703E-05 -0.84915E-05  0.12118E-04
  0.11820E+03 -0.30154E-05 -0.77502E-05  0.12230E-04
  0.11850E+03 -0.35119E-05 -0.69607E-05  0.12235E-04
  0.11880E+03 -0.39577E-05 -0.61335E-05  0.12136E-04
  0.11910E+03 -0.43511E-05 -0.52816E-05  0.11935E-04
  0.11940E+03 -0.46919E-05 -0.44174E-05  0.11639E-04
  0.11970E+03 -0.49817E-05 -0.35525E-05  0.11256E-04
  0.12000E+03 -0.52235E-05 -0.26961E-05  0.10795E-04
  0.12030E+03 -0.54199E-05 -0.18555E-05  0.10263E-04
  0.12060E+03 -0.55729E-05 -0.10364E-05  0.96658E-05
  0.12090E+03 -0.56828E-05 -0.24450E-06  0.90095E-05
  0.12120E+03 -0.57481E-05  0.51391E-06  0.82998E-05
  0.12150E+03 -0.57677E-05  0.12325E-05  0.75446E-05
  0.12180E+03 -0.57414E-05  0.19050E-05  0.67543E-05
  0.12210E+03 -0.56722E-05  0.25261E-05  0.59400E-05
  0.12240E+03 -0.55649E-05  0.30916E-05  0.51122E-05
  0.12270E+03 -0.54264E-05  0.35982E-05  0.42797E-05
  0.12300E+03 -0.52631E-05  0.40425E-05  0.34491E-05
  0.12330E+03 -0.50798E-05  0.44214E-05  0.26259E-05
  0.12360E+03 -0.48793E-05  0.47323E-05  0.18160E-05
  0.12390E+03 -0.46628E-05  0.49741E-05  0.10267E-05
  0.12420E+03 -0.44310E-05  0.51475E-05  0.26628E-06
  0.12450E+03 -0.41853E-05  0.52558E-05 -0.45672E-06
  0.12480E+03 -0.39288E-05  0.53035E-05 -0.11356E-05
  0.12510E+03 -0.36648E-05  0.52955E-05 -0.17659E-05
  0.12540E+03 -0.33978E-05  0.52349E-05 -0.23458E-05
  0.12570E+03 -0.31315E-05  0.51238E-05 -0.28737E-05
  0.12600E+03 -0.28691E-05  0.49631E-05 -0.33480E-05
  0.12630E+03 -0.26133E-05  0.47545E-05 -0.37657E-05
  0.12660E+03 -0.23669E-05  0.45017E-05 -0.41235E-05
  0.12690E+03 -0.21320E-05  0.42107E-05 -0.44188E-05
  0.12720E+03 -0.19101E-05  0.38898E-05 -0.46517E-05
  0.12750E+03 -0.17018E-05  0.35467E-05 -0.48241E-05
  0.12780E+03 -0.15065E-05  0.31886E-05 -0.49396E-05
  0.12810E+03 -0.13231E-05  0.28208E-05 -0.50015E-05
  0.12840E+03 -0.11514E-05  0.24472E-05 -0.50120E-05
  0.12870E+03 -0.99225E-06  0.20710E-05 -0.49726E-05
  0.12900E+03 -0.84755E-06  0.16963E-05 -0.48847E-05
  0.12930E+03 -0.71986E-06  0.13277E-05 -0.47513E-05
  0.12960E+03 -0.61054E-06  0.97044E-06 -0.45776E-05
  0.12990E+03 -0.51895E-06  0.62912E-06 -0.43696E-05
  0.13020E+03 -0.44239E-06  0.30801E-06 -0.41337E-05
  0.13050E+03 -0.37718E-06  0.10754E-07 -0.38746E-05
  0.13080E+03 -0.32003E-06 -0.25932E-06 -0.35958E-05
  0.13110E+03 -0.26954E-06 -0.49900E-06 -0.33003E-05
  0.13140E+03 -0.22561E-06 -0.70586E-06 -0.29919E-05
  0.13170E+03 -0.18940E-06 -0.87841E-06 -0.26759E-05
  0.13200E+03 -0.16141E-06 -0.10167E-05 -0.23586E-05
  0.13230E+03 -0.14082E-06 -0.11217E-05 -0.20457E-05
  0.13260E+03 -0.12547E-06 -0.11948E-05 -0.17416E-05
  0.13290E+03 -0.11249E-06 -0.12363E-05 -0.14487E-05
  0.13320E+03 -0.99180E-07 -0.12461E-05 -0.11690E-05
  0.13350E+03 -0.83730E-07 -0.12228E-05 -0.90450E-06
  0.13380E+03 -0.65120E-07 -0.11668E-05 -0.65867E-06
  0.13410E+03 -0.42690E-07 -0.10798E-05 -0.43541E-06
  0.13440E+03 -0.15910E-07 -0.96572E-06 -0.23796E-06
  0.13470E+03  0.15437E-07 -0.82951E-06 -0.67892E-07
  0.13500E+03  0.51702E-07 -0.67567E-06  0.74945E-07
  0.13530E+03  0.93013E-07 -0.50723E-06  0.19144E-06
  0.13560E+03  0.13968E-06 -0.32579E-06  0.28199E-06
  0.13590E+03  0.19251E-06 -0.13293E-06  0.34603E-06
  0.13620E+03  0.25273E-06  0.69280E-07  0.38259E-06
  0.13650E+03  0.32152E-06  0.27725E-06  0.39153E-06
  0.13680E+03  0.39926E-06  0.48661E-06  0.37436E-06
  0.13710E+03  0.48500E-06  0.69256E-06  0.33393E-06
  0.13740E+03  0.57683E-06  0.89128E-06  0.27340E-06
  0.13770E+03  0.67255E-06  0.10799E-05  0.19514E-06
  0.13800E+03  0.77115E-06  0.12565E-05  0.10047E-06
  0.13830E+03  0.87277E-06  0.14188E-05 -0.94980E-08
  0.13860E+03  0.97826E-06  0.15649E-05 -0.13278E-06
  0.13890E+03  0.10883E-05  0.16926E-05 -0.26604E-06
  0.13920E+03  0.12019E-05  0.17999E-05 -0.40515E-06
  0.13950E+03  0.13169E-05  0.18854E-05 -0.54641E-06
  0.13980E+03  0.14303E-05  0.19476E-05 -0.68728E-06
  0.14010E+03  0.15400E-05  0.19854E-05 -0.82623E-06
  0.14040E+03  0.16451E-05  0.19977E-05 -0.96170E-06
  0.14070E+03  0.17458E-05  0.19841E-05 -0.10913E-05
  0.14100E+03  0.18424E-05  0.19452E-05 -0.12115E-05
  0.14130E+03  0.19342E-05  0.18821E-05 -0.13192E-05
  0.14160E+03  0.20197E-05  0.17962E-05 -0.14119E-05
  0.14190E+03  0.20966E-05  0.16886E-05 -0.14887E-05
  0.14220E+03  0.21633E-05  0.15598E-05 -0.15492E-05
  0.14250E+03  0.22190E-05  0.14101E-05 -0.15927E-05
  0.14280E+03  0.22637E-05  0.12408E-05 -0.16177E-05
  0.14310E+03  0.22975E-05  0.10545E-05 -0.16223E-05
  0.14340E+03  0.23200E-05  0.85433E-06 -0.16054E-05
  0.14370E+03  0.23306E-05  0.64344E-06 -0.15671E-05
  0.14400E+03  0.23285E-05  0.42413E-06 -0.15088E-05
  0.14430E+03  0.23135E-05  0.19790E-06 -0.14314E-05
  0.14460E+03  0.22853E-05 -0.34010E-07 -0.13356E-05
  0.14490E+03  0.22443E-05 -0.26912E-06 -0.12211E-05
  0.14520E+03  0.21908E-05 -0.50418E-06 -0.10884E-05
  0.14550E+03  0.21251E-05 -0.73576E-06 -0.93861E-06
  0.14580E+03  0.20477E-05 -0.96096E-06 -0.77431E-06
  0.14610E+03  0.19588E-05 -0.11780E-05 -0.59800E-06
  0.14640E+03  0.18594E-05 -0.13856E-05 -0.41157E-06
  0.14670E+03  0.17500E-05 -0.15823E-05 -0.21614E-06
  0.14700E+03  0.16315E-05 -0.17659E-05 -0.12916E-07
  0.14730E+03  0.15044E-05 -0.19338E-05  0.19611E-06
  0.14760E+03  0.13698E-05 -0.20841E-05  0.40806E-06
  0.14790E+03  0.12287E-05 -0.22155E-05  0.61990E-06
  0.14820E+03  0.10822E-05 -0.23279E-05  0.82933E-06
  0.14850E+03  0.93171E-06 -0.24208E-05  0.10349E-05
  0.14880E+03  0.77809E-06 -0.24932E-05  0.12353E-05
  0.14910E+03  0.62223E-06 -0.25445E-05  0.14289E-05
  0.14940E+03  0.46497E-06 -0.25738E-05  0.16129E-05
  0.14970E+03  0.30749E-06 -0.25816E-05  0.17850E-05
  0.15000E+03  0.15121E-06 -0.25685E-05  0.19434E-05
  0.15030E+03 -0.26271E-08 -0.25356E-05  0.20871E-05
  0.15060E+03 -0.15312E-06 -0.24832E-05  0.22156E-05
  0.15090E+03 -0.29970E-06 -0.24118E-05  0.23281E-05
  0.15120E+03 -0.44171E-06 -0.23223E-05  0.24229E-05
  0.15150E+03 -0.57818E-06 -0.22160E-05  0.24986E-05
  0.15180E+03 -0.70802E-06 -0.20946E-05  0.25547E-05
  0.15210E+03 -0.83032E-06 -0.19601E-05  0.25915E-05
  0.15240E+03 -0.94461E-06 -0.18137E-05  0.26094E-05
  0.15270E+03 -0.10508E-05 -0.16568E-05  0.26085E-05
  0.15300E+03 -0.11485E-05 -0.14908E-05  0.25886E-05
  0.15330E+03 -0.12374E-05 -0.13178E-05  0.25496E-05
  0.15360E+03 -0.13167E-05 -0.11399E-05  0.24921E-05
  0.15390E+03 -0.13862E-05 -0.95900E-06  0.24175E-05
  0.15420E+03 -0.14459E-05 -0.77684E-06  0.23274E-05
  0.15450E+03 -0.14961E-05 -0.59451E-06  0.22226E-05
  0.15480E+03 -0.15370E-05 -0.41383E-06  0.21038E-05
  0.15510E+03 -0.15686E-05 -0.23659E-06  0.19719E-05
  0.15540E+03 -0.15908E-05 -0.64564E-07  0.18286E-05
  0.15570E+03 -0.16037E-05  0.10081E-06  0.16760E-05
  0.15600E+03 -0.16082E-05  0.25851E-06  0.15158E-05
  0.15630E+03 -0.16046E-05  0.40764E-06  0.13494E-05
  0.15660E+03 -0.15934E-05  0.54712E-06  0.11778E-05
  0.15690E+03 -0.15748E-05  0.67581E-06  0.10025E-05
  0.15720E+03 -0.15493E-05  0.79276E-06  0.82536E-06
  0.15750E+03 -0.15174E-05  0.89749E-06  0.64850E-06
  0.15780E+03 -0.14799E-05  0.98986E-06  0.47343E-06
  0.15810E+03 -0.14376E-05  0.10697E-05  0.30114E-06
  0.15840E+03 -0.13908E-05  0.11367E-05  0.13261E-06
  0.15870E+03 -0.13401E-05  0.11906E-05 -0.30763E-07
  0.15900E+03 -0.12857E-05  0.12317E-05 -0.18735E-06
  0.15930E+03 -0.12286E-05  0.12602E-05 -0.33583E-06
  0.15960E+03 -0.11694E-05  0.12769E-05 -0.47547E-06
  0.15990E+03 -0.11088E-05  0.12822E-05 -0.60591E-06
  0.16020E+03 -0.10468E-05  0.12765E-05 -0.72654E-06
  0.16050E+03 -0.98403E-06  0.12605E-05 -0.83647E-06
  0.16080E+03 -0.92086E-06  0.12350E-05 -0.93489E-06
  0.16110E+03 -0.85795E-06  0.12011E-05 -0.10216E-05
  0.16140E+03 -0.79570E-06  0.11598E-05 -0.10967E-05
  0.16170E+03 -0.73429E-06  0.11119E-05 -0.11604E-05
  0.16200E+03 -0.67385E-06  0.10581E-05 -0.12127E-05
  0.16230E+03 -0.61466E-06  0.99965E-06 -0.12533E-05
  0.16260E+03 -0.55707E-06  0.93767E-06 -0.12825E-05
  0.16290E+03 -0.50133E-06  0.87314E-06 -0.13010E-05
  0.16320E+03 -0.44744E-06  0.80700E-06 -0.13095E-05
  0.16350E+03 -0.39539E-06  0.74013E-06 -0.13085E-05
  0.16380E+03 -0.34523E-06  0.67326E-06 -0.12984E-05
  0.16410E+03 -0.29701E-06  0.60758E-06 -0.12797E-05
  0.16440E+03 -0.25078E-06  0.54384E-06 -0.12535E-05
  0.16470E+03 -0.20653E-06  0.48266E-06 -0.12208E-05
  0.16500E+03 -0.16406E-06  0.42466E-06 -0.11824E-05
  0.16530E+03 -0.12317E-06  0.37026E-06 -0.11389E-05
  0.16560E+03 -0.83940E-07  0.32015E-06 -0.10909E-05
  0.16590E+03 -0.46180E-07  0.27478E-06 -0.10397E-05
  0.16620E+03 -0.99300E-08  0.23438E-06 -0.98609E-06
  0.16650E+03  0.25270E-07  0.19906E-06 -0.93099E-06
  0.16680E+03  0.59580E-07  0.16893E-06 -0.87494E-06
  0.16710E+03  0.92880E-07  0.14412E-06 -0.81858E-06
  0.16740E+03  0.12541E-06  0.12465E-06 -0.76275E-06
  0.16770E+03  0.15726E-06  0.11034E-06 -0.70828E-06
  0.16800E+03  0.18869E-06  0.10090E-06 -0.65566E-06
  0.16830E+03  0.21973E-06  0.96056E-07 -0.60522E-06
  0.16860E+03  0.25060E-06  0.95562E-07 -0.55737E-06
  0.16890E+03  0.28117E-06  0.99057E-07 -0.51263E-06
  0.16920E+03  0.31160E-06  0.10603E-06 -0.47140E-06
  0.16950E+03  0.34200E-06  0.11596E-06 -0.43378E-06
  0.16980E+03  0.37234E-06  0.12835E-06 -0.39980E-06
  0.17010E+03  0.40259E-06  0.14281E-06 -0.36959E-06
  0.17040E+03  0.43271E-06  0.15862E-06 -0.34325E-06
  0.17070E+03  0.46272E-06  0.17520E-06 -0.32074E-06
  0.17100E+03  0.49256E-06  0.19210E-06 -0.30183E-06
  0.17130E+03  0.52209E-06  0.20860E-06 -0.28629E-06
  0.17160E+03  0.55120E-06  0.22440E-06 -0.27396E-06
  0.17190E+03  0.57979E-06  0.23889E-06 -0.26461E-06
  0.17220E+03  0.60773E-06  0.25140E-06 -0.25784E-06
  0.17250E+03  0.63486E-06  0.26178E-06 -0.25327E-06
  0.17280E+03  0.66099E-06  0.26935E-06 -0.25053E-06
  0.17310E+03  0.68594E-06  0.27398E-06 -0.24922E-06
  0.17340E+03  0.70954E-06  0.27514E-06 -0.24893E-06
  0.17370E+03  0.73160E-06  0.27278E-06 -0.24920E-06
  0.17400E+03  0.75193E-06  0.26653E-06 -0.24958E-06
  0.17430E+03  0.77032E-06  0.25638E-06 -0.24967E-06
  0.17460E+03  0.78659E-06  0.24211E-06 -0.24906E-06
  0.17490E+03  0.80057E-06  0.22383E-06 -0.24732E-06
  0.17520E+03  0.81205E-06  0.20152E-06 -0.24412E-06
  0.17550E+03  0.82090E-06  0.17528E-06 -0.23909E-06
  0.17580E+03  0.82695E-06  0.14527E-06 -0.23194E-06
  0.17610E+03  0.83006E-06  0.11167E-06 -0.22239E-06
  0.17640E+03  0.83013E-06  0.74768E-07 -0.21022E-06
  0.17670E+03  0.82704E-06  0.34847E-07 -0.19525E-06
  0.17700E+03  0.82073E-06 -0.77400E-08 -0.17734E-06
  0.17730E+03  0.81113E-06 -0.52621E-07 -0.15640E-06
  0.17760E+03  0.79821E-06 -0.99382E-07 -0.13241E-06
  0.17790E+03  0.78197E-06 -0.14758E-06 -0.10537E-06
  0.17820E+03  0.76240E-06 -0.19677E-06 -0.75333E-07
  0.17850E+03  0.73957E-06 -0.24645E-06 -0.42429E-07
  0.17880E+03  0.71353E-06 -0.29616E-06 -0.68040E-08
  0.17910E+03  0.68438E-06 -0.34540E-06  0.31350E-07
  0.17940E+03  0.65222E-06 -0.39365E-06  0.71786E-07
  0.17970E+03  0.61719E-06 -0.44057E-06  0.11423E-06
  0.18000E+03  0.57947E-06 -0.48554E-06  0.15837E-06
  0.18030E+03  0.53921E-06 -0.52813E-06  0.20386E-06
  0.18060E+03  0.49662E-06 -0.56805E-06  0.25033E-06
  0.18090E+03  0.45194E-06 -0.60475E-06  0.29740E-06
  0.18120E+03  0.40537E-06 -0.63807E-06  0.34468E-06
  0.18150E+03  0.35717E-06 -0.66750E-06  0.39173E-06
  0.18180E+03  0.30762E-06 -0.69283E-06  0.43815E-06
  0.18210E+03  0.25695E-06 -0.71379E-06  0.48351E-06
  0.18240E+03  0.20546E-06 -0.73024E-06  0.52740E-06
  0.18270E+03  0.15343E-06 -0.74190E-06  0.56942E-06
  0.18300E+03  0.10114E-06 -0.74885E-06  0.60916E-06
  0.18330E+03  0.48879E-07 -0.75098E-06  0.64626E-06
  0.18360E+03 -0.30840E-08 -0.74822E-06  0.68036E-06
  0.18390E+03 -0.54465E-07 -0.74061E-06  0.71113E-06
  0.18420E+03 -0.10499E-06 -0.72828E-06  0.73829E-06
  0.18450E+03 -0.15441E-06 -0.71134E-06  0.76157E-06
  0.18480E+03 -0.20246E-06 -0.68995E-06  0.78073E-06
  0.18510E+03 -0.24891E-06 -0.66431E-06  0.79560E-06
  0.18540E+03 -0.29352E-06 -0.63469E-06  0.80602E-06
  0.18570E+03 -0.33611E-06 -0.60135E-06  0.81187E-06
  0.18600E+03 -0.37646E-06 -0.56461E-06  0.81310E-06
  0.18630E+03 -0.41442E-06 -0.52478E-06  0.80968E-06
  0.18660E+03 -0.44981E-06 -0.48223E-06  0.80162E-06
  0.18690E+03 -0.48252E-06 -0.43733E-06  0.78898E-06
  0.18720E+03 -0.51243E-06 -0.39047E-06  0.77185E-06
  0.18750E+03 -0.53944E-06 -0.34206E-06  0.75037E-06
  0.18780E+03 -0.56348E-06 -0.29245E-06  0.72472E-06
  0.18810E+03 -0.58450E-06 -0.24206E-06  0.69510E-06
  0.18840E+03 -0.60248E-06 -0.19133E-06  0.66174E-06
  0.18870E+03 -0.61739E-06 -0.14058E-06  0.62493E-06
  0.18900E+03 -0.62927E-06 -0.90350E-07  0.58494E-06
  0.18930E+03 -0.63812E-06 -0.40740E-07  0.54210E-06
  0.18960E+03 -0.64395E-06  0.76300E-08  0.49674E-06
  0.18990E+03 -0.64698E-06  0.54610E-07  0.44921E-06
  0.19020E+03 -0.64714E-06  0.99820E-07  0.39988E-06
  0.19050E+03 -0.64456E-06  0.14306E-06  0.34911E-06
  0.19080E+03 -0.63928E-06  0.18396E-06  0.29729E-06
  0.19110E+03 -0.63162E-06  0.22231E-06  0.24478E-06
  0.19140E+03 -0.62152E-06  0.25803E-06  0.19197E-06
  0.19170E+03 -0.60912E-06  0.29090E-06  0.13921E-06
  0.19200E+03 -0.59471E-06  0.32074E-06  0.86864E-07
  0.19230E+03 -0.57834E-06  0.34751E-06  0.35280E-07
  0.19260E+03 -0.56026E-06  0.37113E-06 -0.15219E-07
  0.19290E+03 -0.54044E-06  0.39157E-06 -0.64321E-07
  0.19320E+03 -0.51925E-06  0.40883E-06 -0.11174E-06
  0.19350E+03 -0.49672E-06  0.42292E-06 -0.15720E-06
  0.19380E+03 -0.47305E-06  0.43391E-06 -0.20047E-06
  0.19410E+03 -0.44839E-06  0.44187E-06 -0.24133E-06
  0.19440E+03 -0.42291E-06  0.44691E-06 -0.27959E-06
  0.19470E+03 -0.39675E-06  0.44915E-06 -0.31510E-06
  0.19500E+03 -0.37005E-06  0.44873E-06 -0.34772E-06
  0.19530E+03 -0.34295E-06  0.44584E-06 -0.37735E-06
  0.19560E+03 -0.31557E-06  0.44063E-06 -0.40392E-06
  0.19590E+03 -0.28805E-06  0.43329E-06 -0.42737E-06
  0.19620E+03 -0.26050E-06  0.42401E-06 -0.44770E-06
  0.19650E+03 -0.23301E-06  0.41300E-06 -0.46491E-06
  0.19680E+03 -0.20570E-06  0.40050E-06 -0.47904E-06
  0.19710E+03 -0.17865E-06  0.38676E-06 -0.49014E-06
  0.19740E+03 -0.15195E-06  0.37184E-06 -0.49831E-06
  0.19770E+03 -0.12565E-06  0.35613E-06 -0.50362E-06
  0.19800E+03 -0.99827E-07  0.33963E-06 -0.50621E-06
  0.19830E+03 -0.74540E-07  0.32272E-06 -0.50622E-06
  0.19860E+03 -0.49835E-07  0.30546E-06 -0.50379E-06
  0.19890E+03 -0.25743E-07  0.28801E-06 -0.49907E-06
  0.19920E+03 -0.23150E-08  0.27064E-06 -0.49226E-06
  0.19950E+03  0.20422E-07  0.25347E-06 -0.48352E-06
  0.19980E+03  0.42533E-07  0.23658E-06 -0.47304E-06
  0.20010E+03  0.63853E-07  0.22011E-06 -0.46100E-06
  0.20040E+03  0.84466E-07  0.20415E-06 -0.44760E-06
  0.20070E+03  0.10430E-06  0.18871E-06 -0.43300E-06
  0.20100E+03  0.12335E-06  0.17398E-06 -0.41741E-06
  0.20130E+03  0.14176E-06  0.16006E-06 -0.40100E-06
  0.20160E+03  0.15937E-06  0.14677E-06 -0.38392E-06
  0.20190E+03  0.17624E-06  0.13426E-06 -0.36637E-06
  0.20220E+03  0.19235E-06  0.12254E-06 -0.34847E-06
  0.20250E+03  0.20771E-06  0.11155E-06 -0.33037E-06
  0.20280E+03  0.22233E-06  0.10130E-06 -0.31219E-06
  0.20310E+03  0.23619E-06  0.91728E-07 -0.29407E-06
  0.20340E+03  0.24931E-06  0.82802E-07 -0.27610E-06
  0.20370E+03  0.26167E-06  0.74456E-07 -0.25836E-06
  0.20400E+03  0.27329E-06  0.66640E-07 -0.24094E-06
  0.20430E+03  0.28414E-06  0.59264E-07 -0.22390E-06
  0.20460E+03  0.29422E-06  0.52267E-07 -0.20728E-06
  0.20490E+03  0.30353E-06  0.45574E-07 -0.19113E-06
  0.20520E+03  0.31205E-06  0.39092E-07 -0.17546E-06
  0.20550E+03  0.31976E-06  0.32743E-07 -0.16029E-06
  0.20580E+03  0.32666E-06  0.26458E-07 -0.14562E-06
  0.20610E+03  0.33273E-06  0.20110E-07 -0.13142E-06
  0.20640E+03  0.33795E-06  0.13800E-07 -0.11770E-06
  0.20670E+03  0.34231E-06  0.72200E-08 -0.10443E-06
  0.20700E+03  0.34578E-06  0.43008E-09 -0.91558E-07
  0.20730E+03  0.34835E-06 -0.65601E-08 -0.79054E-07
  0.20760E+03  0.35000E-06 -0.13910E-07 -0.66877E-07
  0.20790E+03  0.35071E-06 -0.21570E-07 -0.54979E-07
  0.20820E+03  0.35047E-06 -0.29640E-07 -0.43307E-07
  0.20850E+03  0.34926E-06 -0.38080E-07 -0.31820E-07
  0.20880E+03  0.34707E-06 -0.46880E-07 -0.20463E-07
  0.20910E+03  0.34389E-06 -0.56140E-07 -0.91920E-08
  0.20940E+03  0.33971E-06 -0.65720E-07  0.20340E-08
  0.20970E+03  0.33452E-06 -0.75650E-07  0.13259E-07
  0.21000E+03  0.32833E-06 -0.85920E-07  0.24517E-07
  0.21030E+03  0.32114E-06 -0.96490E-07  0.35837E-07
  0.21060E+03  0.31295E-06 -0.10716E-06  0.47242E-07
  0.21090E+03  0.30380E-06 -0.11807E-06  0.58747E-07
  0.21120E+03  0.29366E-06 -0.12909E-06  0.70363E-07
  0.21150E+03  0.28260E-06 -0.14010E-06  0.82092E-07
  0.21180E+03  0.27061E-06 -0.15105E-06  0.93926E-07
  0.21210E+03  0.25772E-06 -0.16186E-06  0.10585E-06
  0.21240E+03  0.24400E-06 -0.17242E-06  0.11785E-06
  0.21270E+03  0.22947E-06 -0.18268E-06  0.12988E-06
  0.21300E+03  0.21417E-06 -0.19253E-06  0.14192E-06
  0.21330E+03  0.19817E-06 -0.20188E-06  0.15392E-06
  0.21360E+03  0.18151E-06 -0.21064E-06  0.16583E-06
  0.21390E+03  0.16426E-06 -0.21872E-06  0.17759E-06
  0.21420E+03  0.14649E-06 -0.22605E-06  0.18914E-06
  0.21450E+03  0.12825E-06 -0.23256E-06  0.20042E-06
  0.21480E+03  0.10962E-06 -0.23816E-06  0.21136E-06
  0.21510E+03  0.90677E-07 -0.24279E-06  0.22188E-06
  0.21540E+03  0.71496E-07 -0.24640E-06  0.23192E-06
  0.21570E+03  0.52150E-07 -0.24892E-06  0.24139E-06
  0.21600E+03  0.32732E-07 -0.25032E-06  0.25022E-06
  0.21630E+03  0.13311E-07 -0.25056E-06  0.25834E-06
  0.21660E+03 -0.60170E-08 -0.24963E-06  0.26568E-06
  0.21690E+03 -0.25189E-07 -0.24749E-06  0.27216E-06
  0.21720E+03 -0.44105E-07 -0.24416E-06  0.27774E-06
  0.21750E+03 -0.62692E-07 -0.23963E-06  0.28233E-06
  0.21780E+03 -0.80877E-07 -0.23392E-06  0.28589E-06
  0.21810E+03 -0.98583E-07 -0.22705E-06  0.28837E-06
  0.21840E+03 -0.11573E-06 -0.21906E-06  0.28972E-06
  0.21870E+03 -0.13225E-06 -0.20997E-06  0.28993E-06
  0.21900E+03 -0.14809E-06 -0.19988E-06  0.28894E-06
  0.21930E+03 -0.16316E-06 -0.18880E-06  0.28675E-06
  0.21960E+03 -0.17742E-06 -0.17682E-06  0.28335E-06
  0.21990E+03 -0.19081E-06 -0.16401E-06  0.27872E-06
  0.22020E+03 -0.20329E-06 -0.15045E-06  0.27289E-06
  0.22050E+03 -0.21481E-06 -0.13622E-06  0.26586E-06
  0.22080E+03 -0.22532E-06 -0.12143E-06  0.25768E-06
  0.22110E+03 -0.23481E-06 -0.10615E-06  0.24835E-06
  0.22140E+03 -0.24324E-06 -0.90488E-07  0.23793E-06
  0.22170E+03 -0.25060E-06 -0.74544E-07  0.22645E-06
  0.22200E+03 -0.25686E-06 -0.58411E-07  0.21401E-06
  0.22230E+03 -0.26202E-06 -0.42183E-07  0.20064E-06
  0.22260E+03 -0.26607E-06 -0.25978E-07  0.18642E-06
  0.22290E+03 -0.26903E-06 -0.98710E-08  0.17142E-06
  0.22320E+03 -0.27088E-06  0.60300E-08  0.15574E-06
  0.22350E+03 -0.27166E-06  0.21643E-07  0.13946E-06
  0.22380E+03 -0.27138E-06  0.36874E-07  0.12267E-06
  0.22410E+03 -0.27005E-06  0.51634E-07  0.10545E-06
  0.22440E+03 -0.26771E-06  0.65861E-07  0.87925E-07
  0.22470E+03 -0.26440E-06  0.79475E-07  0.70169E-07
  0.22500E+03 -0.26015E-06  0.92415E-07  0.52289E-07
  0.22530E+03 -0.25499E-06  0.10461E-06  0.34384E-07
  0.22560E+03 -0.24898E-06  0.11602E-06  0.16543E-07
  0.22590E+03 -0.24215E-06  0.12660E-06 -0.11230E-08
  0.22620E+03 -0.23456E-06  0.13631E-06 -0.18542E-07
  0.22650E+03 -0.22625E-06  0.14511E-06 -0.35605E-07
  0.22680E+03 -0.21729E-06  0.15300E-06 -0.52231E-07
  0.22710E+03 -0.20772E-06  0.15995E-06 -0.68344E-07
  0.22740E+03 -0.19760E-06  0.16595E-06 -0.83869E-07
  0.22770E+03 -0.18699E-06  0.17100E-06 -0.98728E-07
  0.22800E+03 -0.17593E-06  0.17511E-06 -0.11286E-06
  0.22830E+03 -0.16449E-06  0.17829E-06 -0.12620E-06
  0.22860E+03 -0.15273E-06  0.18056E-06 -0.13870E-06
  0.22890E+03 -0.14069E-06  0.18194E-06 -0.15033E-06
  0.22920E+03 -0.12844E-06  0.18246E-06 -0.16103E-06
  0.22950E+03 -0.11602E-06  0.18216E-06 -0.17077E-06
  0.22980E+03 -0.10348E-06  0.18107E-06 -0.17953E-06
  0.23010E+03 -0.90877E-07  0.17923E-06 -0.18730E-06
  0.23040E+03 -0.78261E-07  0.17670E-06 -0.19406E-06
  0.23070E+03 -0.65674E-07  0.17350E-06 -0.19981E-06
  0.23100E+03 -0.53165E-07  0.16971E-06 -0.20455E-06
  0.23130E+03 -0.40762E-07  0.16536E-06 -0.20830E-06
  0.23160E+03 -0.28516E-07  0.16051E-06 -0.21106E-06
  0.23190E+03 -0.16460E-07  0.15520E-06 -0.21286E-06
  0.23220E+03 -0.46288E-08  0.14949E-06 -0.21372E-06
  0.23250E+03  0.69456E-08  0.14343E-06 -0.21367E-06
  0.23280E+03  0.18233E-07  0.13708E-06 -0.21275E-06
  0.23310E+03  0.29207E-07  0.13045E-06 -0.21099E-06
  0.23340E+03  0.39841E-07  0.12364E-06 -0.20844E-06
  0.23370E+03  0.50113E-07  0.11666E-06 -0.20514E-06
  0.23400E+03  0.60002E-07  0.10957E-06 -0.20114E-06
  0.23430E+03  0.69495E-07  0.10240E-06 -0.19649E-06
  0.23460E+03  0.78567E-07  0.95171E-07 -0.19123E-06
  0.23490E+03  0.87206E-07  0.87942E-07 -0.18542E-06
  0.23520E+03  0.95410E-07  0.80733E-07 -0.17911E-06
  0.23550E+03  0.10316E-06  0.73570E-07 -0.17234E-06
  0.23580E+03  0.11043E-06  0.66476E-07 -0.16518E-06
  0.23610E+03  0.11724E-06  0.59474E-07 -0.15766E-06
  0.23640E+03  0.12357E-06  0.52587E-07 -0.14984E-06
  0.23670E+03  0.12942E-06  0.45817E-07 -0.14177E-06
  0.23700E+03  0.13477E-06  0.39184E-07 -0.13348E-06
  0.23730E+03  0.13965E-06  0.32697E-07 -0.12501E-06
  0.23760E+03  0.14402E-06  0.26364E-07 -0.11643E-06
  0.23790E+03  0.14791E-06  0.20189E-07 -0.10776E-06
  0.23820E+03  0.15130E-06  0.14173E-07 -0.99025E-07
  0.23850E+03  0.15420E-06  0.83080E-08 -0.90280E-07
  0.23880E+03  0.15662E-06  0.26180E-08 -0.81541E-07
  0.23910E+03  0.15853E-06 -0.29270E-08 -0.72839E-07
  0.23940E+03  0.15998E-06 -0.83170E-08 -0.64201E-07
  0.23970E+03  0.16093E-06 -0.13550E-07 -0.55639E-07
  0.24000E+03  0.16141E-06 -0.18644E-07 -0.47190E-07
  0.24030E+03  0.16142E-06 -0.23590E-07 -0.38865E-07
  0.24060E+03  0.16097E-06 -0.28389E-07 -0.30672E-07
  0.24090E+03  0.16006E-06 -0.33063E-07 -0.22640E-07
  0.24120E+03  0.15869E-06 -0.37610E-07 -0.14765E-07
  0.24150E+03  0.15688E-06 -0.42020E-07 -0.70530E-08
  0.24180E+03  0.15463E-06 -0.46310E-07  0.47004E-09
  0.24210E+03  0.15195E-06 -0.50480E-07  0.78060E-08
  0.24240E+03  0.14886E-06 -0.54510E-07  0.14947E-07
  0.24270E+03  0.14536E-06 -0.58429E-07  0.21895E-07
  0.24300E+03  0.14146E-06 -0.62212E-07  0.28654E-07
  0.24330E+03  0.13718E-06 -0.65868E-07  0.35191E-07
  0.24360E+03  0.13254E-06 -0.69376E-07  0.41533E-07
  0.24390E+03  0.12755E-06 -0.72752E-07  0.47667E-07
  0.24420E+03  0.12221E-06 -0.75974E-07  0.53583E-07
  0.24450E+03  0.11654E-06 -0.79037E-07  0.59291E-07
  0.24480E+03  0.11056E-06 -0.81922E-07  0.64783E-07
  0.24510E+03  0.10434E-06 -0.84638E-07  0.70054E-07
  0.24540E+03  0.97849E-07 -0.87158E-07  0.75103E-07
  0.24570E+03  0.91074E-07 -0.89482E-07  0.79920E-07
  0.24600E+03  0.84012E-07 -0.91585E-07  0.84502E-07
  0.24630E+03  0.76878E-07 -0.93462E-07  0.88847E-07
  0.24660E+03  0.69430E-07 -0.95100E-07  0.92947E-07
  0.24690E+03  0.61913E-07 -0.96481E-07  0.96795E-07
  0.24720E+03  0.54239E-07 -0.97601E-07  0.10039E-06
  0.24750E+03  0.46447E-07 -0.98452E-07  0.10371E-06
  0.24780E+03  0.38575E-07 -0.99007E-07  0.10675E-06
  0.24810E+03  0.30652E-07 -0.99258E-07  0.10951E-06
  0.24840E+03  0.22697E-07 -0.99211E-07  0.11199E-06
  0.24870E+03  0.14726E-07 -0.98840E-07  0.11415E-06
  0.24900E+03  0.67870E-08 -0.98143E-07  0.11601E-06
  0.24930E+03 -0.11070E-08 -0.97126E-07  0.11755E-06
  0.24960E+03 -0.89230E-08 -0.95770E-07  0.11876E-06
  0.24990E+03 -0.16640E-07 -0.94092E-07  0.11963E-06
  0.25020E+03 -0.24225E-07 -0.92072E-07  0.12016E-06
  0.25050E+03 -0.31652E-07 -0.89720E-07  0.12034E-06
  0.25080E+03 -0.38901E-07 -0.87041E-07  0.12016E-06
  0.25110E+03 -0.45944E-07 -0.84044E-07  0.11961E-06
  0.25140E+03 -0.52762E-07 -0.80728E-07  0.11870E-06
  0.25170E+03 -0.59326E-07 -0.77110E-07  0.11743E-06
  0.25200E+03 -0.65609E-07 -0.73205E-07  0.11578E-06
  0.25230E+03 -0.71595E-07 -0.69020E-07  0.11377E-06
  0.25260E+03 -0.77277E-07 -0.64567E-07  0.11139E-06
  0.25290E+03 -0.82608E-07 -0.59876E-07  0.10864E-06
  0.25320E+03 -0.87597E-07 -0.54963E-07  0.10555E-06
  0.25350E+03 -0.92221E-07 -0.49844E-07  0.10209E-06
  0.25380E+03 -0.96466E-07 -0.44545E-07  0.98297E-07
  0.25410E+03 -0.10032E-06 -0.39085E-07  0.94171E-07
  0.25440E+03 -0.10375E-06 -0.33503E-07  0.89736E-07
  0.25470E+03 -0.10679E-06 -0.27803E-07  0.84995E-07
  0.25500E+03 -0.10941E-06 -0.22034E-07  0.79963E-07
  0.25530E+03 -0.11159E-06 -0.16208E-07  0.74664E-07
  0.25560E+03 -0.11336E-06 -0.10354E-07  0.69120E-07
  0.25590E+03 -0.11470E-06 -0.45061E-08  0.63344E-07
  0.25620E+03 -0.11559E-06  0.13128E-08  0.57367E-07
  0.25650E+03 -0.11608E-06  0.70751E-08  0.51209E-07
  0.25680E+03 -0.11614E-06  0.12753E-07  0.44897E-07
  0.25710E+03 -0.11577E-06  0.18321E-07  0.38456E-07
  0.25740E+03 -0.11501E-06  0.23754E-07  0.31914E-07
  0.25770E+03 -0.11384E-06  0.29026E-07  0.25296E-07
  0.25800E+03 -0.11227E-06  0.34116E-07  0.18634E-07
  0.25830E+03 -0.11034E-06  0.38997E-07  0.11953E-07
  0.25860E+03 -0.10803E-06  0.43653E-07  0.52856E-08
  0.25890E+03 -0.10538E-06  0.48061E-07 -0.13400E-08
  0.25920E+03 -0.10240E-06  0.52217E-07 -0.79080E-08
  0.25950E+03 -0.99092E-07  0.56086E-07 -0.14372E-07
  0.25980E+03 -0.95489E-07  0.59668E-07 -0.20707E-07
  0.26010E+03 -0.91607E-07  0.62940E-07 -0.26903E-07
  0.26040E+03 -0.87460E-07  0.65911E-07 -0.32911E-07
  0.26070E+03 -0.83074E-07  0.68552E-07 -0.38732E-07
  0.26100E+03 -0.78465E-07  0.70868E-07 -0.44323E-07
  0.26130E+03 -0.73664E-07  0.72851E-07 -0.49664E-07
  0.26160E+03 -0.68681E-07  0.74497E-07 -0.54751E-07
  0.26190E+03 -0.63540E-07  0.75814E-07 -0.59546E-07
  0.26220E+03 -0.58270E-07  0.76792E-07 -0.64041E-07
  0.26250E+03 -0.52887E-07  0.77444E-07 -0.68211E-07
  0.26280E+03 -0.47412E-07  0.77776E-07 -0.72061E-07
  0.26310E+03 -0.41867E-07  0.77794E-07 -0.75567E-07
  0.26340E+03 -0.36284E-07  0.77492E-07 -0.78721E-07
  0.26370E+03 -0.30671E-07  0.76900E-07 -0.81517E-07
  0.26400E+03 -0.25049E-07  0.76019E-07 -0.83949E-07
  0.26430E+03 -0.19450E-07  0.74854E-07 -0.86013E-07
  0.26460E+03 -0.13877E-07  0.73434E-07 -0.87709E-07
  0.26490E+03 -0.83660E-08  0.71764E-07 -0.89035E-07
  0.26520E+03 -0.29210E-08  0.69850E-07 -0.89995E-07
  0.26550E+03  0.24260E-08  0.67728E-07 -0.90591E-07
  0.26580E+03  0.76750E-08  0.65399E-07 -0.90830E-07
  0.26610E+03  0.12806E-07  0.62885E-07 -0.90719E-07
  0.26640E+03  0.17799E-07  0.60201E-07 -0.90266E-07
  0.26670E+03  0.22630E-07  0.57358E-07 -0.89482E-07
  0.26700E+03  0.27310E-07  0.54387E-07 -0.88380E-07
  0.26730E+03  0.31803E-07  0.51286E-07 -0.86968E-07
  0.26760E+03  0.36115E-07  0.48086E-07 -0.85265E-07
  0.26790E+03  0.40232E-07  0.44803E-07 -0.83283E-07
  0.26820E+03  0.44139E-07  0.41450E-07 -0.81038E-07
  0.26850E+03  0.47831E-07  0.38039E-07 -0.78547E-07
  0.26880E+03  0.51300E-07  0.34586E-07 -0.75825E-07
  0.26910E+03  0.54544E-07  0.31107E-07 -0.72892E-07
  0.26940E+03  0.57546E-07  0.27621E-07 -0.69763E-07
  0.26970E+03  0.60311E-07  0.24119E-07 -0.66458E-07
  0.27000E+03  0.62833E-07  0.20641E-07 -0.62991E-07
  0.27030E+03  0.65107E-07  0.17187E-07 -0.59391E-07
  0.27060E+03  0.67132E-07  0.13765E-07 -0.55666E-07
  0.27090E+03  0.68907E-07  0.10387E-07 -0.51826E-07
  0.27120E+03  0.70431E-07  0.70740E-08 -0.47914E-07
  0.27150E+03  0.71705E-07  0.38110E-08 -0.43915E-07
  0.27180E+03  0.72728E-07  0.62400E-09 -0.39867E-07
  0.27210E+03  0.73503E-07 -0.24910E-08 -0.35791E-07
  0.27240E+03  0.74032E-07 -0.55180E-08 -0.31684E-07
  0.27270E+03  0.74318E-07 -0.84570E-08 -0.27565E-07
  0.27300E+03  0.74364E-07 -0.11305E-07 -0.23449E-07
  0.27330E+03  0.74174E-07 -0.14055E-07 -0.19368E-07
  0.27360E+03  0.73752E-07 -0.16697E-07 -0.15302E-07
  0.27390E+03  0.73105E-07 -0.19225E-07 -0.11295E-07
  0.27420E+03  0.72239E-07 -0.21649E-07 -0.73330E-08
  0.27450E+03  0.71157E-07 -0.23963E-07 -0.34480E-08
  0.27480E+03  0.69872E-07 -0.26163E-07  0.36601E-09
  0.27510E+03  0.68382E-07 -0.28247E-07  0.40960E-08
  0.27540E+03  0.66692E-07 -0.30202E-07  0.77280E-08
  0.27570E+03  0.64832E-07 -0.32052E-07  0.11264E-07
  0.27600E+03  0.62788E-07 -0.33772E-07  0.14683E-07
  0.27630E+03  0.60574E-07 -0.35365E-07  0.17992E-07
  0.27660E+03  0.58202E-07 -0.36841E-07  0.21168E-07
  0.27690E+03  0.55679E-07 -0.38192E-07  0.24225E-07
  0.27720E+03  0.53025E-07 -0.39420E-07  0.27154E-07
  0.27750E+03  0.50233E-07 -0.40513E-07  0.29941E-07
  0.27780E+03  0.47316E-07 -0.41492E-07  0.32588E-07
  0.27810E+03  0.44296E-07 -0.42339E-07  0.35090E-07
  0.27840E+03  0.41169E-07 -0.43061E-07  0.37442E-07
  0.27870E+03  0.37959E-07 -0.43654E-07  0.39650E-07
  0.27900E+03  0.34671E-07 -0.44122E-07  0.41705E-07
  0.27930E+03  0.31320E-07 -0.44461E-07  0.43603E-07
  0.27960E+03  0.27900E-07 -0.44673E-07  0.45350E-07
  0.27990E+03  0.24445E-07 -0.44763E-07  0.46931E-07
  0.28020E+03  0.20957E-07 -0.44721E-07  0.48354E-07
  0.28050E+03  0.17439E-07 -0.44554E-07  0.49620E-07
  0.28080E+03  0.13914E-07 -0.44262E-07  0.50726E-07
  0.28110E+03  0.10392E-07 -0.43849E-07  0.51672E-07
  0.28140E+03  0.68750E-08 -0.43303E-07  0.52457E-07
  0.28170E+03  0.33810E-08 -0.42642E-07  0.53075E-07
  0.28200E+03 -0.76000E-10 -0.41856E-07  0.53539E-07
  0.28230E+03 -0.34936E-08 -0.40962E-07  0.53837E-07
  0.28260E+03 -0.68571E-08 -0.39942E-07  0.53981E-07
  0.28290E+03 -0.10157E-07 -0.38816E-07  0.53966E-07
  0.28320E+03 -0.13385E-07 -0.37577E-07  0.53786E-07
  0.28350E+03 -0.16522E-07 -0.36231E-07  0.53451E-07
  0.28380E+03 -0.19572E-07 -0.34775E-07  0.52967E-07
  0.28410E+03 -0.22514E-07 -0.33230E-07  0.52326E-07
  0.28440E+03 -0.25356E-07 -0.31583E-07  0.51542E-07
  0.28470E+03 -0.28067E-07 -0.29854E-07  0.50603E-07
  0.28500E+03 -0.30658E-07 -0.28033E-07  0.49518E-07
  0.28530E+03 -0.33111E-07 -0.26136E-07  0.48299E-07
  0.28560E+03 -0.35427E-07 -0.24167E-07  0.46948E-07
  0.28590E+03 -0.37587E-07 -0.22131E-07  0.45455E-07
  0.28620E+03 -0.39596E-07 -0.20036E-07  0.43840E-07
  0.28650E+03 -0.41453E-07 -0.17889E-07  0.42102E-07
  0.28680E+03 -0.43145E-07 -0.15698E-07  0.40247E-07
  0.28710E+03 -0.44665E-07 -0.13468E-07  0.38281E-07
  0.28740E+03 -0.46022E-07 -0.11209E-07  0.36210E-07
  0.28770E+03 -0.47199E-07 -0.89284E-08  0.34047E-07
  0.28800E+03 -0.48208E-07 -0.66342E-08  0.31780E-07
  0.28830E+03 -0.49029E-07 -0.43364E-08  0.29442E-07
  0.28860E+03 -0.49677E-07 -0.20414E-08  0.27029E-07
  0.28890E+03 -0.50155E-07  0.24070E-09  0.24537E-07
  0.28920E+03 -0.50445E-07  0.25046E-08  0.22001E-07
  0.28950E+03 -0.50566E-07  0.47422E-08  0.19407E-07
  0.28980E+03 -0.50514E-07  0.69369E-08  0.16775E-07
  0.29010E+03 -0.50292E-07  0.90898E-08  0.14104E-07
  0.29040E+03 -0.49896E-07  0.11189E-07  0.11420E-07
  0.29070E+03 -0.49334E-07  0.13229E-07  0.87200E-08
  0.29100E+03 -0.48611E-07  0.15202E-07  0.60170E-08
  0.29130E+03 -0.47733E-07  0.17099E-07  0.33240E-08
  0.29160E+03 -0.46704E-07  0.18915E-07  0.63500E-09
  0.29190E+03 -0.45526E-07  0.20644E-07 -0.20170E-08
  0.29220E+03 -0.44213E-07  0.22278E-07 -0.46330E-08
  0.29250E+03 -0.42766E-07  0.23813E-07 -0.72070E-08
  0.29280E+03 -0.41198E-07  0.25244E-07 -0.97360E-08
  0.29310E+03 -0.39512E-07  0.26566E-07 -0.12194E-07
  0.29340E+03 -0.37711E-07  0.27774E-07 -0.14587E-07
  0.29370E+03 -0.35799E-07  0.28866E-07 -0.16897E-07
  0.29400E+03 -0.33807E-07  0.29838E-07 -0.19130E-07
  0.29430E+03 -0.31719E-07  0.30692E-07 -0.21265E-07
  0.29460E+03 -0.29559E-07  0.31410E-07 -0.23295E-07
  0.29490E+03 -0.27323E-07  0.32013E-07 -0.25223E-07
  0.29520E+03 -0.25025E-07  0.32482E-07 -0.27034E-07
  0.29550E+03 -0.22681E-07  0.32830E-07 -0.28730E-07
  0.29580E+03 -0.20294E-07  0.33049E-07 -0.30304E-07
  0.29610E+03 -0.17876E-07  0.33146E-07 -0.31752E-07
  0.29640E+03 -0.15425E-07  0.33106E-07 -0.33068E-07
  0.29670E+03 -0.12969E-07  0.32956E-07 -0.34250E-07
  0.29700E+03 -0.10497E-07  0.32683E-07 -0.35296E-07
  0.29730E+03 -0.80290E-08  0.32290E-07 -0.36203E-07
  0.29760E+03 -0.55680E-08  0.31779E-07 -0.36969E-07
  0.29790E+03 -0.31190E-08  0.31167E-07 -0.37594E-07
  0.29820E+03 -0.70702E-09  0.30440E-07 -0.38078E-07
  0.29850E+03  0.16750E-08  0.29616E-07 -0.38420E-07
  0.29880E+03  0.40260E-08  0.28697E-07 -0.38622E-07
  0.29910E+03  0.63140E-08  0.27686E-07 -0.38683E-07
  0.29940E+03  0.85560E-08  0.26591E-07 -0.38606E-07
  0.29970E+03  0.10723E-07  0.25419E-07 -0.38394E-07
  0.30000E+03  0.12834E-07  0.24174E-07 -0.38048E-07
  0.30030E+03  0.14865E-07  0.22863E-07 -0.37573E-07
  0.30060E+03  0.16814E-07  0.21494E-07 -0.36972E-07
  0.30090E+03  0.18679E-07  0.20073E-07 -0.36248E-07
  0.30120E+03  0.20452E-07  0.18605E-07 -0.35407E-07
  0.30150E+03  0.22133E-07  0.17101E-07 -0.34453E-07
  0.30180E+03  0.23710E-07  0.15563E-07 -0.33393E-07
  0.30210E+03  0.25182E-07  0.14004E-07 -0.32231E-07
  0.30240E+03  0.26545E-07  0.12429E-07 -0.30970E-07
  0.30270E+03  0.27797E-07  0.10837E-07 -0.29629E-07
  0.30300E+03  0.28943E-07  0.92360E-08 -0.28204E-07
  0.30330E+03  0.29964E-07  0.76420E-08 -0.26696E-07
  0.30360E+03  0.30872E-07  0.60510E-08 -0.25124E-07
  0.30390E+03  0.31667E-07  0.44810E-08 -0.23488E-07
  0.30420E+03  0.32344E-07  0.29220E-08 -0.21803E-07
  0.30450E+03  0.32899E-07  0.13830E-08 -0.20069E-07
  0.30480E+03  0.33336E-07 -0.11801E-09 -0.18293E-07
  0.30510E+03  0.33655E-07 -0.15980E-08 -0.16482E-07
  0.30540E+03  0.33849E-07 -0.30310E-08 -0.14653E-07
  0.30570E+03  0.33935E-07 -0.44300E-08 -0.12812E-07
  0.30600E+03  0.33901E-07 -0.57764E-08 -0.10948E-07
  0.30630E+03  0.33763E-07 -0.70782E-08 -0.90980E-08
  0.30660E+03  0.33508E-07 -0.83288E-08 -0.72440E-08
  0.30690E+03  0.33144E-07 -0.95239E-08 -0.53990E-08
