     1    5   -3    -39.     -7.   -0.17231E+17    0.31596E+16   -0.27396E+17   -0.47047E+17   -0.11991E+17   -0.49608E+16                0.7734
     2    4   -2    -38.    -26.   -0.18038E+17   -0.23866E+16   -0.35420E+17   -0.33870E+17   -0.28083E+17   -0.26300E+17                0.8710
     3    3    0    -37.    -31.   -0.13655E+17   -0.74759E+16   -0.31611E+17   -0.34639E+17   -0.21562E+17   -0.30597E+17                0.7012
     4    3   -2    -49.    -28.   -0.15135E+17    0.75489E+16   -0.35199E+17   -0.34337E+17   -0.17935E+17   -0.26233E+17                0.7260
     5    5   -2    -61.    -12.   -0.14889E+17    0.80637E+16   -0.34196E+17   -0.33908E+17   -0.21774E+17   -0.93754E+16                0.7426
     6    5   -4    -24.     -1.   -0.15859E+17    0.74025E+16   -0.19282E+17   -0.44905E+17   -0.52022E+16   -0.48580E+15                0.7697
     7    4    0    -50.    -20.   -0.18811E+17    0.84322E+16   -0.40433E+17   -0.45257E+17   -0.17845E+17   -0.20575E+17                0.6868
     8    3    3    -50.    -27.   -0.24018E+17    0.17586E+17   -0.49088E+17   -0.49011E+17   -0.28901E+17   -0.37347E+17                0.6730
     9    5    0    -56.    -11.   -0.15120E+17    0.14502E+16   -0.37226E+17   -0.35397E+17   -0.21023E+17   -0.85713E+16                0.7048
    10    6    2    -27.      5.   -0.24726E+17    0.41775E+16   -0.34071E+17   -0.21969E+17   -0.18795E+17    0.29634E+16                0.8787
    11    5   -4     -2.      6.   -0.12025E+17   -0.48313E+16   -0.25325E+17   -0.48866E+17    0.11806E+17    0.33485E+16                0.9015
    12    4   -1    -51.    -20.   -0.16912E+17    0.17747E+16   -0.46150E+17   -0.45819E+17   -0.14050E+17   -0.20044E+17                0.7597
    13    4   -2    -47.    -16.   -0.18714E+17    0.12037E+17   -0.39694E+17   -0.46966E+17   -0.44699E+16   -0.14002E+17                0.8034
    14    3    2    -32.    -36.   -0.21382E+17   -0.37589E+16   -0.38024E+17   -0.41034E+17   -0.33174E+17   -0.47727E+17                0.8408
    15    4    0    -43.    -17.   -0.20629E+17    0.15619E+17   -0.34251E+17   -0.49227E+17   -0.12836E+17   -0.15969E+17                0.6685
    16    5    3    -36.     -6.   -0.20923E+17    0.34697E+16   -0.27487E+17   -0.32152E+17   -0.17785E+17   -0.42164E+16                0.7001
    17    3    0    -52.    -27.   -0.17285E+17    0.77030E+16   -0.48140E+17   -0.44078E+17   -0.22617E+17   -0.32781E+17                0.7251
    18    3    2    -41.    -34.   -0.17778E+17   -0.63327E+15   -0.42337E+17   -0.44134E+17   -0.35816E+17   -0.49399E+17                0.7777
    19    3   -1    -44.    -28.   -0.13741E+17   -0.23969E+16   -0.38808E+17   -0.36125E+17   -0.14872E+17   -0.27117E+17                0.6502
    20    4    0    -52.    -20.   -0.19789E+17    0.90950E+16   -0.46534E+17   -0.46571E+17   -0.16094E+17   -0.21383E+17                0.7315
    21    4    1    -53.    -21.   -0.21206E+17    0.11896E+17   -0.47839E+17   -0.45388E+17   -0.20292E+17   -0.24164E+17                0.7193
    22    4   -1    -53.    -19.   -0.16777E+17    0.46555E+16   -0.46116E+17   -0.44789E+17   -0.12925E+17   -0.19752E+17                0.7422
    23    5    0    -54.    -13.   -0.19614E+17    0.77853E+16   -0.45454E+17   -0.33621E+17   -0.23547E+17   -0.12094E+17                0.7878
    23    5    1    -51.    -15.   -0.19755E+17    0.61116E+16   -0.46930E+17   -0.34197E+17   -0.25503E+17   -0.14249E+17                0.7879
    24    3    0    -39.    -31.   -0.14299E+17   -0.24486E+16   -0.30625E+17   -0.33288E+17   -0.21665E+17   -0.29661E+17                0.6205
    25    3    2    -36.    -34.   -0.18483E+17   -0.73844E+16   -0.36187E+17   -0.41977E+17   -0.36836E+17   -0.46402E+17                0.8479
    26    3   -1    -44.    -24.   -0.14373E+17    0.15728E+17   -0.28880E+17   -0.41903E+17   -0.10873E+17   -0.21766E+17                0.6212
    27    3   -2    -46.    -33.   -0.15222E+17    0.16340E+16   -0.45680E+17   -0.40295E+17   -0.30283E+17   -0.42844E+17                0.7290
    28    3    0    -23.    -27.   -0.15347E+17   -0.15204E+17   -0.29454E+17   -0.27550E+17   -0.18178E+17   -0.21651E+17                0.7105
    29    4   -2    -48.    -17.   -0.16729E+17    0.10926E+17   -0.32799E+17   -0.43922E+17   -0.12999E+17   -0.14744E+17                0.7598
    30    3   -2    -41.    -31.   -0.13657E+17   -0.32295E+16   -0.33324E+17   -0.34581E+17   -0.22355E+17   -0.31727E+17                0.6896
    31    5    2    -38.    -10.   -0.22402E+17    0.36664E+16   -0.33238E+17   -0.31646E+17   -0.20631E+17   -0.70841E+16                0.7811
    32    3   -3    -17.    -17.   -0.11745E+17    0.24308E+16   -0.16306E+17   -0.32525E+17   -0.12758E+16   -0.82059E+16                0.5865
    33    4    0    -54.    -24.   -0.16764E+17    0.10996E+17   -0.41014E+17   -0.34989E+17   -0.24244E+17   -0.24813E+17                0.6223
    34    3    1    -48.    -31.   -0.21674E+17    0.10467E+17   -0.60204E+17   -0.45727E+17   -0.32279E+17   -0.48610E+17                0.8663
    35    5    0    -39.     -8.   -0.16729E+17   -0.14003E+16   -0.27787E+17   -0.26132E+17   -0.18650E+17   -0.45129E+16                0.7728
    36    4    0    -58.    -20.   -0.20340E+17    0.10193E+17   -0.58526E+17   -0.42831E+17   -0.14238E+17   -0.22894E+17                0.7923
    37    3    0    -65.    -28.   -0.19471E+17    0.41032E+17   -0.43806E+17   -0.38431E+17   -0.28036E+17   -0.37419E+17                0.7161
    38    3   -1    -56.    -28.   -0.16000E+17    0.12373E+17   -0.65433E+17   -0.41712E+17   -0.28465E+17   -0.40112E+17                0.7752
    39    4    1    -51.    -21.   -0.21473E+17    0.11917E+17   -0.46045E+17   -0.46800E+17   -0.21641E+17   -0.24717E+17                0.6960
    40    4   -2    -50.    -19.   -0.15899E+17    0.63660E+16   -0.38718E+17   -0.45577E+17   -0.13407E+17   -0.18547E+17                0.7591
    41    4    1    -58.    -19.   -0.12778E+17    0.64910E+16   -0.32457E+17   -0.33854E+17   -0.19083E+17   -0.15308E+17                0.6767
    42    5   -4    -11.      3.   -0.14145E+17    0.32088E+15   -0.21465E+17   -0.47922E+17    0.17645E+16    0.15438E+16                0.8405
    43    4    2    -52.    -21.   -0.16464E+17    0.65015E+16   -0.37114E+17   -0.39981E+17   -0.21948E+17   -0.20947E+17                0.6288
    44    4   -1    -54.    -23.   -0.16247E+17    0.70130E+16   -0.44742E+17   -0.40174E+17   -0.24388E+17   -0.25851E+17                0.7065
    45    3    0    -50.    -30.   -0.13489E+17    0.51827E+16   -0.38598E+17   -0.44750E+17   -0.20971E+17   -0.35017E+17                0.6974
    46    6    3    -13.      9.   -0.22175E+17    0.63898E+15   -0.22713E+17   -0.22536E+17   -0.15901E+17    0.45902E+16                0.6607
    47    3   -1    -53.    -27.   -0.16768E+17    0.15641E+17   -0.36868E+17   -0.40914E+17   -0.21401E+17   -0.29121E+17                0.6202
    48    3    4    -47.    -27.   -0.23870E+17    0.23991E+17   -0.36693E+17   -0.46558E+17   -0.26954E+17   -0.34557E+17                0.6621
    49    3    2    -43.    -33.   -0.19790E+17    0.38217E+16   -0.49294E+17   -0.45244E+17   -0.36374E+17   -0.50052E+17                0.7929
    50    6    2    -33.     -1.   -0.22986E+17    0.77063E+16   -0.29103E+17   -0.20372E+17   -0.19483E+17   -0.49630E+15                0.6489
    51    5   -2    -56.    -11.   -0.16667E+17    0.71078E+16   -0.34372E+17   -0.37065E+17   -0.21030E+17   -0.91698E+16                0.7425
    52    5   -4      4.      9.   -0.13515E+17   -0.29041E+16   -0.23229E+17   -0.50429E+17    0.10880E+17    0.50261E+16                0.8900
    53    3   -1    -51.    -27.   -0.15902E+17    0.46271E+16   -0.45837E+17   -0.45433E+17   -0.18809E+17   -0.31660E+17                0.7163
    54    4   -1    -48.    -19.   -0.14274E+17    0.20869E+16   -0.38031E+17   -0.44491E+17   -0.97478E+16   -0.17024E+17                0.7612
    55    6    5     38.     15.   -0.25261E+17   -0.10065E+17   -0.10928E+17   -0.16133E+17   -0.14910E+17    0.78877E+16                0.6675
    56    4   -2    -46.    -17.   -0.16473E+17    0.82175E+16   -0.35148E+17   -0.45892E+17   -0.10345E+17   -0.15049E+17                0.7691
    57    4    0    -51.    -20.   -0.17699E+17    0.86326E+15   -0.50938E+17   -0.46161E+17   -0.14763E+17   -0.22297E+17                0.7577
    58    3    1    -31.    -30.   -0.15889E+17   -0.13084E+17   -0.28358E+17   -0.32818E+17   -0.26305E+17   -0.29527E+17                0.7549
    59    3    0    -47.    -32.   -0.16158E+17    0.33502E+16   -0.60899E+17   -0.43453E+17   -0.34802E+17   -0.49441E+17                0.8174
    60    4   -3    -30.    -14.   -0.12998E+17    0.38908E+16   -0.29271E+17   -0.46280E+17    0.20880E+16   -0.98633E+16                0.8093
    61    5   -4    -27.     -2.   -0.20937E+17    0.16757E+17   -0.15432E+17   -0.45266E+17   -0.12555E+17   -0.16017E+16                0.7793
    62    5    1    -22.     -7.   -0.18546E+17   -0.63158E+16   -0.23641E+17   -0.24927E+17   -0.18178E+17   -0.41109E+16                0.7403
    63    3    0    -50.    -26.   -0.15826E+17    0.60176E+15   -0.49247E+17   -0.41746E+17   -0.20277E+17   -0.29978E+17                0.7245
    64    5    3    -44.    -15.   -0.23869E+17    0.10783E+17   -0.35436E+17   -0.34307E+17   -0.25525E+17   -0.13030E+17                0.7545
    65    3    0    -50.    -26.   -0.16011E+17    0.11750E+16   -0.49262E+17   -0.45408E+17   -0.18863E+17   -0.30218E+17                0.7121
    66    3    0    -51.    -27.   -0.17254E+17    0.35763E+16   -0.52720E+17   -0.45792E+17   -0.21941E+17   -0.33951E+17                0.7331
    67    4   -1    -48.    -20.   -0.13853E+17    0.96128E+15   -0.39124E+17   -0.43287E+17   -0.95623E+16   -0.18071E+17                0.7317
    68    3    1    -44.    -33.   -0.21152E+17    0.55434E+16   -0.62113E+17   -0.45684E+17   -0.34263E+17   -0.53241E+17                0.8657
    69    3   -1    -54.    -28.   -0.15729E+17    0.85991E+16   -0.58065E+17   -0.40375E+17   -0.25962E+17   -0.36661E+17                0.7503
    70    3    1    -41.    -31.   -0.12535E+17   -0.76768E+16   -0.29385E+17   -0.38660E+17   -0.23759E+17   -0.32292E+17                0.7899
    71    3    1    -46.    -28.   -0.16947E+17    0.14214E+16   -0.45844E+17   -0.38759E+17   -0.24751E+17   -0.31708E+17                0.7577
    72    5    1    -38.    -12.   -0.19675E+17    0.48995E+16   -0.29657E+17   -0.25147E+17   -0.18754E+17   -0.80736E+16                0.6784
    73    3   -1    -62.    -27.   -0.19034E+17    0.27499E+17   -0.45506E+17   -0.38559E+17   -0.24149E+17   -0.33798E+17                0.7854
    74    3    2    -32.    -36.   -0.24140E+17   -0.62882E+15   -0.43213E+17   -0.43589E+17   -0.36494E+17   -0.53324E+17                0.9504
    75    3    0    -44.    -30.   -0.19597E+17    0.53091E+16   -0.54582E+17   -0.37551E+17   -0.29012E+17   -0.39229E+17                0.8085
    76    5   -4     -9.      5.   -0.23614E+17    0.18509E+17   -0.13227E+17   -0.51667E+17   -0.74728E+16    0.30097E+16                0.8583
    77    3   -1    -47.    -30.   -0.12216E+17    0.86080E+16   -0.26336E+17   -0.37865E+17   -0.19808E+17   -0.29211E+17                0.6767
    78    4   -4    -29.    -17.   -0.15230E+17    0.95912E+16   -0.18300E+17   -0.45939E+17   -0.99441E+16   -0.12424E+17                0.7329
    78    4   -3    -35.    -18.   -0.16390E+17    0.58392E+16   -0.25470E+17   -0.47670E+17   -0.12419E+17   -0.14923E+17                0.7328
    79    6    2     17.     15.   -0.24627E+17   -0.34569E+14   -0.15471E+17   -0.18710E+17   -0.13494E+17    0.74712E+16                0.8003
    80    3    2    -37.    -31.   -0.19475E+17   -0.16814E+16   -0.38385E+17   -0.37855E+17   -0.31401E+17   -0.36345E+17                0.7555
    81    3   -3    -41.    -26.   -0.13251E+17    0.95564E+16   -0.28341E+17   -0.43873E+17   -0.11322E+17   -0.23593E+17                0.6985
    82    3    1    -47.    -33.   -0.21868E+17    0.13726E+17   -0.56142E+17   -0.44266E+17   -0.34399E+17   -0.51170E+17                0.8929
    83    4   -2    -55.    -17.   -0.15679E+17    0.14174E+17   -0.34334E+17   -0.41371E+17   -0.12734E+17   -0.14390E+17                0.7346
    84    3    2    -45.    -34.   -0.16431E+17    0.19188E+16   -0.41582E+17   -0.46556E+17   -0.35260E+17   -0.48629E+17                0.7965
    85    4   -1    -51.    -19.   -0.17775E+17    0.12543E+17   -0.35032E+17   -0.43425E+17   -0.16271E+17   -0.17427E+17                0.6674
    86    6    1      1.     13.   -0.20194E+17   -0.35906E+16   -0.18729E+17   -0.19501E+17   -0.13889E+17    0.59090E+16                0.6376
    87    4   -2    -56.    -20.   -0.15708E+17    0.10292E+17   -0.36611E+17   -0.38087E+17   -0.19004E+17   -0.18953E+17                0.7575
    88    4   -2    -42.    -18.   -0.17968E+17    0.10417E+17   -0.33374E+17   -0.48665E+17   -0.11165E+17   -0.16506E+17                0.7377
    88    5   -2    -37.     -6.   -0.18929E+17    0.77684E+16   -0.29032E+17   -0.47688E+17   -0.87421E+16   -0.45431E+16                0.7378
    89    5    2    -37.     -8.   -0.20829E+17    0.20167E+16   -0.30336E+17   -0.31627E+17   -0.18194E+17   -0.54278E+16                0.7108
    90    5    2    -43.    -12.   -0.24592E+17    0.83202E+16   -0.43458E+17   -0.30370E+17   -0.22627E+17   -0.10677E+17                0.8867
    91    5   -1    -52.     -8.   -0.14272E+17    0.15664E+15   -0.28672E+17   -0.29597E+17   -0.21588E+17   -0.54139E+16                0.7657
    92    5   -3    -42.     -6.   -0.15874E+17    0.46553E+16   -0.27930E+17   -0.43838E+17   -0.94321E+16   -0.38448E+16                0.7632
    93    5   -1    -14.     -6.   -0.98118E+16   -0.50300E+16   -0.17787E+17   -0.39946E+17   -0.20436E+15   -0.31848E+16                0.7402
    94    4   -3    -51.    -22.   -0.15025E+17    0.11194E+17   -0.28121E+17   -0.39522E+17   -0.21171E+17   -0.20217E+17                0.6856
    94    4   -2    -52.    -23.   -0.15166E+17    0.98707E+16   -0.31388E+17   -0.39945E+17   -0.22411E+17   -0.21943E+17                0.6857
    95    4   -4    -31.    -16.   -0.11663E+17    0.61122E+16   -0.20604E+17   -0.42813E+17   -0.62436E+16   -0.10807E+17                0.7577
    96    3    0    -45.    -31.   -0.19143E+17    0.40419E+16   -0.53767E+17   -0.41125E+17   -0.29568E+17   -0.41733E+17                0.8167
    97    3    0    -45.    -31.   -0.15722E+17   -0.24451E+15   -0.43927E+17   -0.41601E+17   -0.28520E+17   -0.39721E+17                0.7686
    98    4   -3    -36.    -15.   -0.14583E+17    0.43518E+16   -0.30664E+17   -0.46582E+17   -0.37359E+16   -0.11662E+17                0.7969
    99    3   -1    -50.    -29.   -0.16748E+17    0.68400E+16   -0.62779E+17   -0.38752E+17   -0.25770E+17   -0.39405E+17                0.7947
   100    6    4     -3.     17.   -0.22942E+17    0.62822E+16   -0.14717E+17   -0.24008E+17   -0.12421E+17    0.84687E+16                0.6346
