1.862310e-01  
4.644117e-03  
1.020914e-03  
2.552405e-02  
6.237277e-02  
7.466707e-02  
1.143246e-02  
8.144731e-02  
3.743779e-01  
4.518262e-02  
8.391056e-03  
1.247088e-01  
3.165470e-03  
4.894826e-03  
5.301410e-02  
3.133688e-02  
6.543257e-02  
4.463874e-03  
5.477569e-02  
4.871961e-02  
4.972132e-01  
4.467950e-02  
1.477761e-01  
4.452818e-02  
5.429829e-03  
7.885766e-02  
1.603943e-01  
3.238163e-02  
1.603210e-01  
1.049629e-01  
4.707289e-03  
9.428667e-02  
1.481389e-01  
5.143802e-02  
5.561561e-02  
1.034661e-01  
2.086065e-02  
2.338840e-02  
1.437662e-01  
6.889758e-03  
8.294782e-02  
5.492814e-02  
3.872422e-02  
2.457255e-01  
8.875262e-02  
7.198819e-02  
9.729218e-02  
1.247363e-01  
7.564092e-02  
1.127562e-03  
4.946491e-02  
6.325347e-02  
5.978947e-02  
9.001002e-03  
9.551738e-03  
5.690780e-02  
5.865483e-02  
4.540909e-01  
7.145923e-02  
9.105818e-02  
1.642152e-01  
5.347964e-02  
8.232772e-02  
3.046511e-02  
1.655442e-02  
5.676462e-02  
1.376366e-01  
3.282377e-02  
1.727676e-02  
2.410939e-01  
1.336258e-02  
1.539996e-01  
1.103589e-01  
7.510202e-02  
2.725183e-02  
1.305525e-01  
6.090019e-02  
8.731947e-02  
1.452425e-01  
1.150104e-01  
7.263700e-03  
1.258957e-01  
2.005601e-02  
9.504672e-02  
1.254122e-01  
7.242062e-02  
3.211316e-03  
3.134451e-01  
3.573945e-02  
1.589558e-01  
1.381658e-01  
4.676107e-02  
5.044959e-02  
4.046558e-03  
4.966566e-02  
1.726847e-03  
7.926519e-02  
5.638121e-02  
1.894228e-03  
8.932939e-02  
1.579538e-01  
6.363610e-02  
1.570799e-02  
6.210848e-03  
2.823288e-01  
1.690297e-01  
6.455645e-02  
1.370643e-02  
6.952264e-03  
1.738883e-01  
9.350455e-03  
9.594028e-02  
8.063707e-02  
6.488168e-02  
1.864966e-02  
1.963562e-03  
2.183686e-01  
2.114034e-01  
1.062294e-01  
1.173531e-02  
3.115034e-01  
4.760430e-02  
1.327574e-01  
5.707197e-02  
4.933624e-03  
1.072074e-01  
1.046377e-01  
1.106633e-01  
3.861670e-02  
6.813825e-02  
5.347922e-03  
1.151806e-02  
1.424613e-01  
9.241589e-02  
3.780176e-02  
2.316816e-02  
2.595196e-02  
2.182608e-01  
4.263581e-02  
1.374502e-01  
1.107900e-02  
1.432715e-01  
2.984955e-02  
9.565407e-02  
2.536289e-01  
2.003739e-01  
3.679821e-03  
1.203000e-02  
3.277421e-02  
4.060837e-03  
6.003906e-02  
4.752101e-03  
1.012034e-02  
4.268191e-02  
5.524492e-02  
3.206140e-01  
8.499618e-03  
2.267510e-01  
1.678010e-01  
1.254774e-01  
7.325414e-02  
7.029379e-02  
4.335513e-02  
1.264054e-01  
2.339469e-02  
5.029048e-02  
4.569002e-02  
3.878741e-02  
1.415259e-01  
1.520249e-02  
8.908391e-02  
2.711640e-01  
1.162802e-02  
7.804180e-03  
7.351521e-02  
1.633639e-01  
1.106261e-01  
4.579717e-03  
6.314713e-02  
4.835946e-02  
4.165179e-02  
7.132015e-02  
1.555026e-02  
1.563227e-01  
9.885207e-02  
2.725372e-01  
6.595850e-02  
3.873413e-02  
7.537817e-02  
9.605901e-02  
5.738169e-02  
1.025426e-02  
8.805347e-02  
7.235991e-02  
1.067220e-03  
5.110200e-02  
6.474327e-02  
2.191782e-01  
1.210740e-01  
1.297397e-01  
4.630025e-02  
2.180517e-02  
5.073884e-02  
1.338380e-01  
3.143005e-02  
1.864511e-01  
1.432342e-01  
1.199460e-01  
1.905909e-01  
6.533243e-02  
3.676800e-02  
1.668814e-02  
3.720679e-02  
1.568742e-01  
2.924590e-03  
1.255372e-02  
7.694302e-02  
1.788215e-01  
3.848727e-01  
1.224306e-02  
9.851844e-02  
4.501548e-02  
1.365797e-01  
6.641544e-03  
6.552067e-03  
2.935905e-03  
2.525636e-02  
2.562022e-02  
1.332341e-01  
1.100729e-01  
1.698807e-02  
1.442325e-01  
5.827667e-02  
1.577195e-01  
3.209708e-02  
6.004211e-02  
4.557662e-02  
4.823893e-02  
1.014351e-01  
9.208642e-02  
1.186671e-01  
1.282426e-01  
2.273695e-02  
1.776898e-01  
7.066072e-02  
6.819219e-02  
5.256004e-02  
9.468758e-02  
9.542158e-02  
5.597242e-02  
9.208171e-02  
2.308726e-02  
1.412464e-01  
1.063568e-01  
7.531127e-02  
9.347196e-02  
5.788943e-02  
1.915823e-01  
5.797814e-02  
3.989171e-03  
9.458409e-03  
9.175924e-02  
1.681648e-01  
2.792107e-03  
6.867877e-02  
1.223483e-01  
1.307350e-02  
5.244774e-02  
6.389459e-02  
4.275089e-02  
1.970510e-02  
1.198433e-02  
2.967659e-01  
2.145412e-01  
9.345966e-02  
3.500079e-04  
7.575195e-03  
6.183546e-02  
1.580919e-01  
1.084248e-01  
1.475020e-01  
5.804538e-02  
6.591353e-02  
1.046228e-01  
1.716664e-01  
5.492934e-02  
9.652630e-03  
5.174047e-02  
8.431321e-03  
1.650205e-01  
6.329786e-02  
4.444194e-02  
1.627677e-01  
6.897852e-02  
1.336075e-01  
1.514198e-01  
7.608911e-02  
8.160006e-02  
7.250639e-03  
3.709499e-02  
8.553268e-02  
1.916424e-02  
1.668157e-01  
1.436311e-01  
1.317569e-01  
8.660636e-02  
5.975415e-02  
1.052598e-01  
4.645503e-02  
9.837162e-03  
3.538809e-02  
1.097988e-01  
4.234818e-02  
7.832415e-02  
1.495793e-01  
4.167500e-02  
3.200008e-02  
4.372167e-02  
9.641836e-03  
3.288963e-02  
3.544905e-01  
3.582561e-03  
6.521979e-02  
1.465273e-01  
6.013808e-03  
8.701352e-02  
1.500031e-01  
1.950198e-02  
4.344474e-02  
7.537502e-02  
3.307167e-01  
1.580074e-01  
1.418478e-02  
3.406341e-03  
1.063360e-01  
5.996646e-03  
9.020823e-02  
3.724480e-02  
1.599636e-02  
6.179475e-02  
2.013741e-02  
1.017843e-01  
9.436401e-02  
2.375129e-01  
2.936436e-02  
2.746390e-02  
1.484430e-01  
1.356860e-01  
2.840153e-02  
4.679940e-02  
1.995552e-01  
2.384810e-02  
1.206168e-01  
4.511445e-03  
1.106030e-03  
1.660150e-01  
2.818403e-01  
6.259629e-04  
3.420883e-02  
9.247144e-02  
4.418815e-02  
1.308250e-01  
4.837022e-03  
1.273472e-01  
4.802407e-02  
2.509156e-01  
7.268243e-02  
4.806893e-02  
1.064060e-01  
1.551298e-01  
1.051995e-03  
1.052372e-02  
6.734195e-02  
6.030499e-02  
4.133083e-01  
5.471783e-02  
1.205765e-01  
2.451631e-02  
7.572494e-02  
6.502179e-02  
4.500521e-02  
7.822444e-03  
8.439729e-03  
5.721997e-02  
5.457958e-02  
7.173332e-02  
1.308692e-01  
1.566857e-01  
5.434491e-02  
5.261854e-02  
2.928665e-02  
7.731426e-02  
1.446323e-02  
3.157192e-01  
1.063808e-02  
3.174734e-02  
8.521915e-02  
2.582647e-01  
2.856710e-02  
3.118389e-02  
2.565969e-02  
8.958361e-02  
9.477201e-02  
1.576353e-01  
8.313280e-02  
4.123476e-02  
1.733683e-03  
1.030133e-01  
1.778523e-02  
7.504487e-02  
3.440265e-02  
3.602296e-02  
1.357038e-01  
1.873150e-02  
1.039625e-01  
1.844224e-01  
7.980176e-02  
2.277338e-01  
5.155154e-02  
3.483702e-02  
1.710501e-01  
2.277971e-01  
3.934451e-03  
3.588342e-02  
5.758371e-02  
4.412085e-02  
1.155534e-01  
1.505143e-03  
2.617614e-02  
5.385886e-02  
2.163498e-01  
4.618701e-02  
5.766792e-03  
8.568374e-02  
2.311309e-02  
1.520572e-01  
5.264750e-02  
6.607748e-02  
6.842179e-02  
9.366658e-02  
8.214804e-02  
7.627321e-02  
5.854066e-02  
2.356039e-01  
2.051066e-02  
5.598623e-02  
1.035063e-02  
9.958963e-02  
1.919033e-02  
2.819889e-01  
3.154628e-02  
4.705258e-02  
2.096772e-02  
5.177904e-02  
3.034242e-01  
5.761376e-02  
1.250076e-01  
1.054364e-01  
9.311513e-03  
2.046553e-01  
4.852949e-02  
1.436132e-01  
2.300934e-02  
4.577820e-02  
7.065551e-02  
1.404206e-01  
2.731664e-02  
5.626628e-02  
1.280550e-01  
6.406696e-02  
4.450523e-02  
6.720361e-02  
3.491838e-02  
9.098671e-03  
8.077613e-02  
1.126582e-01  
1.981959e-01  
2.835666e-02  
2.170059e-01  
1.515939e-02  
2.600590e-02  
1.175044e-03  
4.091100e-02  
1.098852e-01  
2.173417e-01  
4.898234e-02  
3.158003e-02  
1.097708e-01  
9.236562e-02  
8.717183e-02  
1.655297e-01  
6.928082e-02  
2.024508e-01  
1.119099e-02  
4.380658e-02  
4.584595e-02  
6.321518e-02  
3.766738e-02  
1.287290e-01  
1.054088e-01  
1.859272e-01  
5.982763e-02  
9.648297e-02  
1.944754e-02  
7.901467e-02  
2.229506e-02  
1.091712e-02  
1.871338e-01  
2.062407e-01  
1.215495e-01  
8.299776e-02  
3.240673e-03  
1.784754e-01  
2.598174e-02  
5.161545e-02  
3.053801e-02  
8.497285e-02  
7.877619e-02  
5.486078e-02  
6.500225e-02  
6.146079e-04  
5.936578e-02  
8.854738e-02  
2.183859e-02  
1.131339e-01  
3.182756e-01  
2.186516e-02  
9.274686e-02  
9.633314e-02  
6.943860e-02  
1.008396e-03  
6.102024e-02  
1.997025e-01  
9.862142e-02  
1.682073e-01  
3.148824e-02  
6.522242e-02  
6.238651e-02  
4.938166e-02  
9.718964e-02  
8.648491e-03  
4.048825e-02  
2.246414e-02  
1.929374e-01  
1.042589e-01  
2.036745e-01  
6.935511e-02  
2.553743e-02  
6.973249e-02  
2.504772e-01  
7.961857e-03  
4.464280e-03  
7.373698e-02  
6.792383e-03  
4.015133e-02  
1.231848e-01  
1.062731e-02  
9.368463e-03  
2.325134e-01  
1.690080e-01  
1.100406e-01  
4.343368e-02  
7.955835e-02  
1.015847e-01  
8.252821e-02  
4.205854e-02  
1.161798e-01  
4.122925e-01  
4.793539e-02  
2.883633e-02  
8.297557e-03  
1.024996e-01  
4.300824e-02  
3.430027e-02  
2.328619e-02  
5.877739e-02  
5.152115e-02  
1.685371e-01  
8.507382e-02  
1.021251e-01  
7.779566e-02  
6.970176e-02  
1.387919e-01  
9.857911e-02  
2.084433e-02  
1.365200e-01  
2.450503e-02  
2.600511e-02  
2.476995e-02  
7.070689e-03  
4.083865e-02  
1.987143e-01  
9.506467e-03  
4.035528e-02  
1.138029e-01  
2.585541e-02  
1.057167e-01  
3.270696e-01  
6.906588e-02  
3.723422e-02  
8.717703e-02  
5.736526e-02  
2.422706e-02  
2.849883e-02  
1.010308e-02  
4.231016e-05  
5.540427e-02  
8.910061e-02  
3.018690e-01  
2.344700e-01  
7.210984e-02  
3.963276e-02  
2.740720e-01  
1.204355e-02  
1.095673e-01  
1.364640e-01  
2.577111e-02  
1.722206e-03  
2.617998e-02  
2.282408e-01  
3.153919e-02  
3.686007e-02  
6.317687e-02  
5.436282e-02  
1.349281e-01  
1.078647e-01  
5.479665e-02  
9.897733e-03  
7.778691e-02  
1.011371e-01  
2.577946e-01  
5.862362e-02  
3.407543e-02  
7.257759e-02  
4.173584e-02  
4.878175e-02  
1.177509e-01  
7.576806e-02  
1.530624e-02  
4.396804e-02  
1.804417e-01  
4.695678e-02  
1.409343e-02  
1.831905e-01  
1.245470e-01  
9.958903e-03  
1.086133e-01  
7.940514e-02  
1.310227e-02  
4.343885e-04  
5.320504e-03  
2.657474e-01  
1.434865e-03  
2.197597e-02  
2.799941e-01  
2.100272e-01  
3.570873e-02  
1.244887e-01  
2.233727e-02  
1.942867e-02  
1.249248e-01  
6.629737e-02  
2.049889e-02  
6.872008e-02  
2.537887e-02  
2.292667e-02  
4.587907e-02  
2.448611e-01  
7.680247e-02  
1.616480e-01  
4.360416e-02  
9.845857e-02  
1.597619e-01  
1.300506e-01  
8.023956e-02  
5.390439e-02  
7.361302e-02  
2.351973e-01  
6.262178e-02  
9.638328e-03  
9.739342e-02  
1.893883e-02  
6.943627e-03  
7.169729e-02  
5.422508e-03  
9.133837e-02  
4.293113e-02  
3.744530e-02  
1.339351e-01  
2.495949e-02  
3.180468e-01  
8.542040e-02  
1.146701e-01  
3.282184e-02  
5.253933e-02  
6.046970e-02  
4.645310e-03  
1.188980e-01  
5.943148e-02  
3.723665e-03  
1.378382e-01  
5.048316e-02  
7.859401e-02  
1.747478e-02  
1.154304e-01  
1.657469e-01  
2.283136e-01  
1.942046e-02  
2.264606e-01  
1.049256e-01  
2.236133e-01  
5.263318e-02  
3.917619e-02  
1.549515e-01  
6.144801e-02  
2.573677e-03  
2.369844e-03  
7.816273e-02  
4.156541e-02  
1.211997e-02  
1.004348e-01  
1.026627e-02  
1.429767e-02  
2.971352e-02  
8.034866e-02  
2.093447e-02  
6.210493e-02  
1.941642e-02  
1.042070e-01  
1.555379e-01  
2.398176e-02  
3.787566e-01  
1.438319e-02  
8.432427e-02  
5.337139e-02  
7.346696e-02  
1.098952e-01  
8.027179e-02  
2.111843e-01  
8.319683e-02  
2.061900e-01  
5.986076e-03  
3.186663e-02  
4.586334e-02  
7.904883e-02  
5.799893e-02  
1.161899e-01  
7.365396e-02  
2.978893e-02  
2.920637e-01  
2.561258e-02  
2.477661e-01  
3.555507e-02  
5.501151e-03  
5.929482e-03  
3.089139e-02  
6.912460e-02  
1.820676e-01  
4.606174e-02  
2.353312e-01  
2.652816e-02  
1.976887e-02  
2.238784e-02  
8.130628e-02  
5.845548e-03  
2.180873e-01  
1.044381e-02  
8.304710e-02  
1.023338e-01  
2.526874e-02  
9.490364e-02  
9.720996e-02  
5.551644e-02  
2.453495e-01  
2.734269e-02  
2.220125e-01  
3.449554e-03  
5.672930e-02  
4.851653e-02  
2.136740e-02  
1.056412e-01  
8.607857e-02  
3.399130e-02  
6.460179e-02  
5.705293e-03  
1.797090e-01  
1.474177e-01  
1.794425e-01  
6.078677e-02  
1.496186e-03  
1.075159e-01  
2.761379e-02  
1.371492e-01  
1.059109e-01  
1.066735e-01  
1.857719e-02  
1.708976e-01  
9.195450e-02  
1.815650e-01  
3.927740e-02  
5.570652e-02  
3.964468e-03  
8.166414e-02  
6.659585e-03  
7.149431e-02  
2.747510e-01  
1.336997e-01  
3.108983e-02  
2.315695e-02  
3.145977e-02  
1.111532e-02  
2.279336e-02  
1.478607e-01  
1.973608e-01  
1.299459e-02  
4.222366e-02  
3.257488e-02  
4.641941e-02  
4.274471e-02  
7.170245e-02  
5.169713e-02  
2.166813e-01  
5.373615e-02  
1.090191e-01  
8.590251e-02  
2.677823e-03  
2.180222e-01  
6.882238e-02  
1.109420e-02  
8.518364e-02  
9.098127e-02  
3.242604e-02  
2.811138e-01  
2.002416e-01  
3.051031e-02  
1.463094e-01  
9.508455e-02  
2.206507e-02  
5.403859e-04  
4.449811e-03  
4.237663e-02  
8.596639e-02  
4.339830e-02  
5.341211e-02  
8.563558e-02  
2.551954e-01  
1.567116e-01  
1.279815e-01  
6.775222e-03  
6.782930e-03  
8.725342e-02  
4.851098e-02  
1.196714e-02  
8.579491e-02  
1.080471e-01  
1.390703e-01  
8.202565e-02  
3.832583e-03  
1.985029e-02  
1.007646e-01  
1.585113e-01  
1.567059e-01  
1.128701e-01  
2.056004e-02  
4.672389e-02  
1.402700e-01  
7.610229e-02  
1.475697e-02  
7.099961e-02  
1.265887e-02  
8.860396e-02  
4.970657e-04  
1.024549e-01  
2.533694e-02  
8.422188e-02  
3.373736e-01  
1.916784e-02  
3.481635e-01  
8.285298e-02  
3.319857e-02  
5.884412e-02  
1.989884e-02  
7.687605e-02  
1.775059e-01  
3.476486e-02  
2.366348e-02  
8.476032e-02  
4.030352e-02  
3.273969e-03  
1.142840e-01  
1.006232e-02  
8.067483e-02  
1.785580e-02  
1.098822e-01  
1.378602e-01  
1.887094e-01  
4.086717e-02  
9.227383e-02  
1.590069e-01  
4.524929e-02  
1.260074e-01  
2.459984e-02  
9.554610e-03  
3.386846e-02  
3.740849e-02  
9.540340e-03  
2.678972e-02  
7.991943e-02  
8.001965e-03  
7.477888e-03  
1.494824e-01  
4.873495e-01  
3.124628e-02  
1.152358e-02  
1.241381e-01  
5.082453e-02  
1.975389e-01  
5.839545e-02  
3.726786e-04  
9.085952e-02  
1.047784e-01  
4.088561e-02  
1.387810e-01  
1.506559e-01  
1.678096e-01  
1.114953e-02  
1.789828e-02  
7.219810e-02  
5.323620e-02  
5.997103e-02  
3.146270e-01  
4.912684e-02  
8.420338e-02  
2.569495e-02  
3.110293e-02  
1.129822e-01  
2.542155e-03  
1.478670e-01  
5.650472e-03  
1.617269e-01  
3.718086e-02  
4.086697e-02  
1.302131e-01  
2.787282e-01  
1.922284e-02  
5.494313e-02  
1.160120e-01  
5.046396e-03  
3.682235e-02  
1.322591e-01  
1.708527e-02  
8.730913e-02  
4.094150e-02  
6.641256e-02  
3.181812e-01  
3.750340e-02  
6.844974e-02  
4.545444e-02  
8.943942e-02  
6.014190e-02  
1.351870e-01  
6.468184e-02  
1.652792e-01  
6.580924e-02  
3.117239e-02  
5.064461e-02  
2.308628e-01  
5.583955e-02  
1.350898e-01  
1.745715e-02  
4.215539e-03  
4.376089e-02  
2.696007e-02  
2.524555e-01  
1.910817e-02  
2.445647e-02  
8.690020e-02  
1.677462e-02  
1.391868e-02  
2.628582e-02  
1.392068e-01  
2.105818e-02  
1.335854e-01  
2.392901e-01  
7.642703e-02  
3.109802e-02  
1.316168e-02  
1.118916e-01  
8.326919e-02  
4.425417e-02  
1.305838e-02  
2.684761e-01  
7.015751e-02  
6.667679e-02  
1.981080e-01  
2.342152e-02  
6.770226e-02  
2.150679e-01  
1.224304e-01  
1.041831e-02  
2.829552e-01  
1.612810e-02  
2.345157e-02  
9.212835e-02  
1.313743e-02  
1.595239e-02  
2.609817e-02  
1.145299e-01  
9.211684e-02  
8.149676e-03  
2.331115e-02  
1.523485e-01  
4.508880e-03  
1.288252e-01  
1.228323e-01  
1.960563e-01  
9.308461e-02  
4.661971e-02  
1.189716e-01  
1.317532e-02  
8.178583e-04  
1.754798e-02  
3.129994e-02  
1.328747e-01  
9.093932e-02  
2.702350e-02  
2.120645e-01  
9.255115e-02  
2.215923e-01  
1.243455e-02  
7.490117e-02  
8.595307e-02  
5.043827e-02  
4.800984e-02  
5.174179e-02  
1.596488e-02  
8.230911e-02  
1.533411e-02  
6.369303e-02  
1.681152e-01  
1.308034e-01  
9.342037e-02  
1.810157e-01  
9.915429e-02  
1.436230e-01  
5.242243e-02  
1.795932e-02  
1.351410e-01  
2.474873e-02  
1.292727e-02  
9.154253e-02  
1.277519e-01  
1.810508e-01  
4.249722e-02  
4.068415e-02  
1.296517e-01  
3.782834e-02  
6.516196e-02  
1.425566e-02  
1.373796e-01  
4.534090e-02  
2.688434e-01  
2.793459e-02  
1.088825e-01  
1.593903e-01  
4.285573e-02  
8.313218e-02  
8.994816e-03  
5.789113e-02  
2.710737e-01  
3.817859e-02  
9.578687e-02  
5.207082e-03  
4.766165e-02  
4.975608e-02  
1.108634e-01  
7.307061e-03  
2.488517e-01  
1.082290e-02  
5.659977e-02  
3.110789e-02  
3.550162e-03  
1.859498e-02  
5.177475e-02  
1.426087e-01  
6.960381e-02  
3.161124e-02  
9.240304e-02  
3.178475e-01  
9.504222e-02  
2.877731e-02  
1.170784e-01  
1.569384e-01  
6.327714e-02  
4.383377e-02  
3.479358e-02  
6.802568e-02  
3.463645e-02  
3.724826e-02  
9.070414e-03  
2.821316e-01  
1.057585e-01  
1.629758e-01  
1.310421e-03  
9.322147e-02  
1.129550e-02  
1.475337e-01  
5.500134e-02  
3.683013e-01  
2.168286e-02  
5.731690e-02  
5.003655e-03  
9.497283e-03  
8.045217e-03  
6.403855e-02  
1.590622e-01  
6.649816e-02  
4.890503e-03  
6.425629e-02  
5.820112e-02  
7.737604e-02  
3.162053e-02  
7.621571e-02  
6.918116e-02  
2.131332e-01  
1.557955e-01  
2.787546e-02  
1.549562e-01  
1.320138e-01  
2.517483e-03  
1.399788e-01  
1.663036e-02  
7.888771e-02  
6.295422e-02  
1.047083e-01  
5.980438e-03  
7.930332e-02  
2.118392e-01  
1.612046e-01  
3.981735e-03  
3.929479e-02  
1.304688e-01  
4.083269e-02  
5.668961e-02  
3.462616e-02  
1.096913e-01  
2.771036e-02  
2.770238e-01  
7.294633e-02  
1.178342e-01  
2.919680e-02  
6.368519e-02  
3.890377e-02  
1.022040e-01  
6.766038e-02  
2.758375e-02  
1.580899e-01  
1.201934e-02  
8.674985e-02  
2.410102e-01  
7.369340e-03  
1.576471e-01  
6.130603e-02  
3.945629e-02  
1.965571e-01  
8.438262e-02  
7.772293e-02  
4.309518e-03  
3.292229e-03  
9.462487e-02  
2.258772e-01  
2.131255e-01  
1.786364e-03  
3.365858e-02  
4.625969e-02  
1.840334e-02  
2.360018e-02  
1.250460e-01  
1.436769e-01  
6.477258e-03  
8.133363e-02  
1.513386e-02  
1.184168e-01  
8.778130e-02  
4.825101e-02  
2.069960e-02  
3.049866e-01  
2.459692e-02  
2.276145e-02  
5.860922e-03  
6.629992e-02  
2.475508e-01  
9.845058e-02  
1.549544e-01  
3.476226e-02  
1.272291e-01  
3.598883e-02  
1.295076e-01  
2.845594e-02  
4.817829e-02  
