0.000000e+00     -1.157472e-07     3.571121e-09     1.409567e-07
3.000000e-01     7.970958e-07     2.361052e-08     3.227031e-07
6.000000e-01     1.282826e-06     -7.971983e-07     1.711011e-07
9.000000e-01     1.445070e-06     -1.890257e-07     2.451866e-07
1.200000e+00     1.134727e-06     3.599630e-08     -1.621726e-07
1.500000e+00     8.251354e-07     2.454245e-07     2.960905e-09
1.800000e+00     5.733950e-07     2.274053e-07     1.175204e-07
2.100000e+00     -2.822129e-07     -1.000769e-07     7.186818e-08
2.400000e+00     -1.123483e-06     -6.380230e-07     7.427204e-07
2.700000e+00     -9.189890e-07     -7.070270e-07     9.900757e-07
3.000000e+00     -6.028144e-07     1.109955e-06     1.851855e-07
3.300000e+00     -5.516317e-07     1.164895e-06     -5.018913e-07
3.600000e+00     -8.726639e-07     2.924346e-08     -5.293627e-07
3.900000e+00     1.342640e-07     1.233620e-06     -1.688425e-07
4.200000e+00     8.300131e-07     1.347222e-06     -2.038022e-07
4.500000e+00     -5.923324e-07     9.107609e-07     -6.750723e-07
4.800000e+00     -4.468638e-07     4.552302e-07     -1.619805e-07
5.100000e+00     -1.044931e-06     -5.589578e-07     2.055341e-07
5.400000e+00     -7.373229e-07     -1.106544e-06     8.343128e-07
5.700000e+00     -1.013912e-07     4.695214e-07     8.513446e-07
6.000000e+00     1.019234e-06     4.852220e-07     1.554811e-07
6.300000e+00     1.776578e-06     2.086291e-07     2.982889e-07
6.600000e+00     1.036905e-06     -6.607381e-07     -2.210980e-07
6.900000e+00     1.063146e-07     -8.181091e-07     -6.914009e-07
7.200000e+00     -3.225848e-07     3.546465e-07     -1.484083e-07
7.500000e+00     -5.895081e-07     5.502346e-07     1.875058e-09
7.800000e+00     -8.952991e-07     -5.391743e-08     -5.119095e-07
8.100000e+00     -6.392676e-07     -1.614216e-09     -6.081878e-07
8.400000e+00     -6.151089e-07     -7.635522e-08     -2.377756e-08
8.700000e+00     -6.333901e-08     -4.336891e-07     8.086367e-07
9.000000e+00     6.463189e-07     7.684234e-07     1.127899e-06
9.300000e+00     1.023247e-06     7.817647e-07     9.271255e-07
9.600000e+00     1.318761e-06     -5.150819e-07     5.666972e-08
9.900000e+00     5.316241e-07     -4.748890e-07     -6.530818e-08
1.020000e+01     -4.377343e-07     8.269084e-07     3.303303e-07
1.050000e+01     -4.560892e-07     1.780076e-06     -8.607717e-08
1.080000e+01     -1.252915e-06     1.363882e-06     -8.226760e-07
1.110000e+01     -2.034025e-06     -9.633716e-08     -7.505089e-07
1.140000e+01     -6.739135e-07     -2.169734e-06     -3.015430e-07
1.170000e+01     5.843135e-07     -2.112015e-06     7.703393e-08
1.200000e+01     1.368428e-06     -1.030513e-06     -1.285037e-07
1.230000e+01     7.177088e-07     -3.049993e-07     6.824268e-07
1.260000e+01     -2.899009e-07     7.827124e-07     1.027354e-06
1.290000e+01     -7.179117e-09     1.588045e-06     1.238421e-06
1.320000e+01     1.100060e-07     1.352251e-06     6.388661e-07
1.350000e+01     6.896618e-07     1.325402e-06     -7.377400e-07
1.380000e+01     6.740863e-07     4.007668e-07     -1.332500e-06
1.410000e+01     -3.245323e-07     -1.006351e-06     -1.546879e-06
1.440000e+01     -1.021173e-06     -1.501587e-06     -5.553289e-07
1.470000e+01     -6.698102e-07     -1.022208e-06     4.980699e-07
1.500000e+01     -3.342956e-07     -1.354879e-06     1.401924e-06
1.530000e+01     5.071332e-07     -1.350721e-06     1.338334e-06
1.560000e+01     9.237248e-07     3.639191e-07     2.624152e-07
1.590000e+01     1.135884e-07     1.111015e-06     -6.378326e-07
1.620000e+01     -5.057643e-08     1.316281e-06     -7.067157e-07
1.650000e+01     4.057779e-07     6.558021e-07     -6.270591e-07
1.680000e+01     1.140322e-06     -2.986557e-07     -6.988863e-07
1.710000e+01     1.867074e-06     -4.769269e-07     1.099225e-07
1.740000e+01     3.197367e-07     -1.767432e-06     1.314798e-06
1.770000e+01     -1.261520e-06     -5.706946e-07     2.011479e-06
1.800000e+01     -2.041565e-06     2.186605e-07     1.325501e-06
1.830000e+01     -1.180042e-06     1.001192e-06     -6.182334e-08
1.860000e+01     -6.870452e-07     2.441281e-06     -9.182739e-07
1.890000e+01     -2.581951e-07     1.124845e-06     -1.098419e-06
1.920000e+01     7.992200e-07     -6.123173e-07     -1.162175e-06
1.950000e+01     1.171268e-06     -1.126580e-06     -1.075755e-06
1.980000e+01     1.598385e-06     -1.432928e-06     -2.049351e-07
2.010000e+01     1.066679e-06     -1.773276e-06     9.563245e-07
2.040000e+01     2.643568e-07     -1.063923e-06     7.535305e-07
2.070000e+01     -4.046596e-07     -3.299959e-07     3.020924e-07
2.100000e+01     -1.666567e-07     -2.656229e-07     3.818012e-07
2.130000e+01     -1.620929e-07     3.074840e-07     -2.207350e-07
2.160000e+01     -7.149167e-08     -9.692288e-08     -2.187194e-07
2.190000e+01     -1.894071e-07     -9.386795e-07     -3.551509e-08
2.220000e+01     6.300975e-07     -1.400069e-06     2.075454e-07
2.250000e+01     6.091374e-07     -6.869712e-07     2.680195e-07
2.280000e+01     3.099420e-07     -5.038585e-08     5.240700e-08
2.310000e+01     1.531415e-07     5.738336e-07     3.560594e-07
2.340000e+01     5.804918e-08     7.466517e-07     7.179996e-07
2.370000e+01     -4.278665e-08     7.795438e-07     7.691488e-07
2.400000e+01     -4.989622e-08     4.077702e-07     -7.123433e-08
2.430000e+01     9.567873e-08     -1.283908e-06     -9.789146e-07
2.460000e+01     -4.946822e-08     -1.350318e-06     -1.098829e-06
2.490000e+01     1.327066e-07     -1.300961e-06     6.887903e-08
2.520000e+01     7.251784e-07     -2.806407e-07     5.791242e-07
2.550000e+01     9.665713e-07     1.090873e-06     3.128809e-07
2.580000e+01     2.974659e-07     9.386268e-07     8.581746e-08
2.610000e+01     -2.729944e-07     -5.421513e-08     -1.917745e-07
2.640000e+01     3.824794e-07     -6.983265e-07     -7.412639e-07
2.670000e+01     -1.873177e-07     -1.954235e-06     -9.881378e-07
2.700000e+01     -6.257190e-07     -2.304059e-06     -5.947976e-07
2.730000e+01     -6.773044e-07     -1.653386e-06     4.600944e-07
2.760000e+01     -8.655632e-08     -1.321837e-06     8.084376e-07
2.790000e+01     7.660102e-07     -1.577612e-06     7.342903e-07
2.820000e+01     9.480744e-07     -5.160348e-07     7.329645e-07
2.850000e+01     1.054657e-06     1.008736e-06     5.898785e-07
2.880000e+01     9.084363e-07     4.068293e-07     9.122919e-07
2.910000e+01     1.178377e-06     1.593721e-07     3.741504e-07
2.940000e+01     8.483728e-07     3.508019e-08     -2.436624e-07
2.970000e+01     1.323323e-06     -4.705829e-07     -3.352428e-07
3.000000e+01     8.712915e-07     -1.079378e-06     -8.775580e-07
3.030000e+01     -6.048151e-07     -1.453290e-06     -9.607564e-07
3.060000e+01     -9.154131e-07     -1.398439e-06     -7.003514e-08
3.090000e+01     -4.641685e-07     -1.211881e-06     4.572267e-07
3.120000e+01     -6.905864e-07     5.197886e-07     5.138574e-07
3.150000e+01     -1.074099e-06     9.860745e-07     3.261668e-07
3.180000e+01     -3.370793e-07     -5.971701e-07     9.277945e-08
3.210000e+01     2.577593e-07     -1.372204e-06     9.728791e-08
3.240000e+01     4.721713e-07     -1.590741e-06     2.376416e-07
3.270000e+01     6.039030e-07     -1.625480e-06     2.612817e-07
3.300000e+01     1.296213e-06     -1.033721e-06     -2.203876e-07
3.330000e+01     1.640802e-06     -8.258657e-07     -5.295693e-07
3.360000e+01     7.977399e-07     -8.885754e-07     -2.351710e-07
3.390000e+01     4.475688e-07     -1.418279e-06     2.399300e-07
3.420000e+01     5.480555e-07     -1.596441e-06     -1.688043e-07
3.450000e+01     8.558308e-07     -6.491375e-07     -3.401568e-08
3.480000e+01     1.034483e-06     6.507449e-07     -1.159773e-08
3.510000e+01     3.172463e-08     9.628078e-08     3.780110e-07
3.540000e+01     -1.843780e-08     1.793784e-07     -1.305809e-06
3.570000e+01     4.657163e-07     1.530241e-06     -3.599318e-06
3.600000e+01     1.755724e-06     2.336418e-06     -3.021626e-06
3.630000e+01     1.261811e-06     2.807271e-06     -1.923101e-06
3.660000e+01     1.951039e-06     2.746072e-06     -8.433516e-07
3.690000e+01     -1.143761e-06     -2.724180e-06     7.454164e-06
3.720000e+01     -1.265701e-06     -1.211882e-06     1.235954e-06
3.750000e+01     -9.682765e-07     -2.633323e-06     1.374132e-06
3.780000e+01     -1.744484e-06     -7.288724e-06     6.689696e-06
3.810000e+01     -6.999879e-07     -8.429035e-06     4.167140e-06
3.840000e+01     -2.556144e-06     -1.097841e-05     7.295421e-06
3.870000e+01     2.804237e-08     -7.775286e-06     -1.195216e-06
3.900000e+01     -1.080376e-06     -7.158151e-06     5.253103e-06
3.930000e+01     -8.312488e-07     -8.443326e-06     -6.201700e-07
3.960000e+01     -9.258456e-07     -1.287830e-06     -1.376552e-06
3.990000e+01     1.335296e-06     -1.903750e-06     -1.584075e-06
4.020000e+01     -1.100594e-06     2.055104e-06     5.126020e-06
4.050000e+01     -1.050357e-06     -9.175733e-07     4.827155e-06
4.080000e+01     9.734623e-07     8.069742e-06     -1.377995e-05
4.110000e+01     4.476618e-06     6.703837e-06     -5.009710e-06
4.140000e+01     4.621617e-06     1.254365e-05     -1.625700e-05
4.170000e+01     8.120581e-07     7.807586e-06     -1.103833e-06
4.200000e+01     2.920945e-06     1.399846e-06     3.434800e-06
4.230000e+01     -2.878723e-06     2.874428e-06     4.605640e-06
4.260000e+01     -2.319814e-08     -8.674093e-06     3.290402e-06
4.290000e+01     -2.585659e-07     1.776930e-06     -5.771185e-06
4.320000e+01     -3.050351e-06     -1.754288e-05     1.282408e-05
4.350000e+01     -4.277959e-06     -1.447334e-05     8.148446e-06
4.380000e+01     -2.367593e-06     -1.205187e-05     7.165046e-07
4.410000e+01     -7.721300e-07     -1.159383e-05     1.909346e-06
4.440000e+01     6.552361e-06     -2.507636e-06     -1.409143e-05
4.470000e+01     -3.830863e-06     -9.149642e-07     -1.565245e-05
4.500000e+01     6.568766e-06     1.011196e-05     -6.795791e-06
4.530000e+01     4.301051e-06     1.584063e-05     -7.825298e-06
4.560000e+01     -1.864865e-06     4.159565e-06     1.014081e-05
4.590000e+01     6.779665e-06     8.154678e-06     -6.920864e-07
4.620000e+01     -5.040119e-06     1.726466e-05     -1.128863e-05
4.650000e+01     8.220110e-06     4.307341e-06     3.408728e-06
4.680000e+01     -1.249178e-06     -5.357269e-06     1.434265e-05
4.710000e+01     -6.172150e-06     -1.235457e-05     1.011751e-05
4.740000e+01     6.815458e-06     2.549400e-08     -1.181482e-05
4.770000e+01     5.987890e-06     1.185976e-05     -9.946822e-06
4.800000e+01     -1.021911e-06     -6.015425e-06     -9.076103e-06
4.830000e+01     5.691521e-06     2.657811e-05     -1.187335e-05
4.860000e+01     -2.261887e-06     -2.414122e-06     1.210181e-05
4.890000e+01     8.469741e-07     1.363622e-06     2.459289e-06
4.920000e+01     -1.746414e-06     -5.193192e-06     1.351670e-05
4.950000e+01     -1.107736e-05     -1.947672e-05     7.812026e-06
4.980000e+01     5.221511e-06     -6.108624e-06     -8.188206e-06
5.010000e+01     -3.316110e-06     -9.170228e-07     8.612137e-06
5.040000e+01     5.425419e-06     -1.907307e-05     5.344356e-06
5.070000e+01     3.006327e-06     -8.234287e-06     5.794056e-06
5.100000e+01     -1.004919e-05     -2.166357e-05     -1.643484e-06
5.130000e+01     4.545988e-06     4.522861e-06     -1.012543e-05
5.160000e+01     6.533735e-06     6.842502e-06     -8.660705e-06
5.190000e+01     6.763052e-06     1.699730e-05     1.717272e-06
5.220000e+01     -5.566720e-06     -5.365621e-06     9.404261e-06
5.250000e+01     -5.915277e-06     -3.593073e-06     1.170893e-05
5.280000e+01     -2.197314e-06     8.635554e-06     -3.659557e-06
5.310000e+01     5.085177e-06     4.114832e-06     -1.022116e-05
5.340000e+01     2.945176e-06     -9.255784e-06     1.055865e-05
5.370000e+01     -8.496225e-06     -2.841244e-05     1.578795e-05
5.400000e+01     -2.813944e-06     -1.257296e-05     8.218455e-06
5.430000e+01     3.343524e-06     6.283991e-06     -1.156341e-05
5.460000e+01     8.275205e-06     -1.443459e-05     -1.227374e-05
5.490000e+01     6.824138e-06     -5.068446e-06     -1.097199e-05
5.520000e+01     2.614804e-06     3.866544e-06     -4.833867e-07
5.550000e+01     2.144304e-06     -8.150835e-07     -1.314816e-06
5.580000e+01     4.797894e-06     8.664951e-06     -3.865083e-06
5.610000e+01     -5.934236e-06     -6.727065e-06     -1.550886e-05
5.640000e+01     9.170470e-06     2.842145e-05     2.277735e-06
5.670000e+01     4.343483e-06     -4.021416e-06     3.401090e-06
5.700000e+01     -9.963260e-06     1.010063e-05     9.059022e-06
5.730000e+01     3.194386e-06     3.526808e-06     9.458337e-06
5.760000e+01     2.695958e-06     -1.596802e-05     -3.910815e-06
5.790000e+01     1.872696e-06     9.266530e-07     -2.250930e-06
5.820000e+01     -6.316923e-06     -2.553966e-05     4.848509e-06
5.850000e+01     -3.592306e-06     -2.560371e-06     5.218662e-07
5.880000e+01     7.523880e-06     -5.194881e-06     1.641597e-06
5.910000e+01     -3.395424e-06     4.540323e-07     -5.478787e-06
5.940000e+01     4.373480e-06     -3.689545e-06     -7.122910e-06
5.970000e+01     2.462934e-06     9.068902e-06     -2.851075e-06
6.000000e+01     1.077779e-05     -3.018280e-08     6.575438e-06
6.030000e+01     6.375282e-06     -4.933987e-06     6.798614e-06
6.060000e+01     2.134544e-06     -1.516829e-05     8.944970e-06
6.090000e+01     1.881070e-05     -1.862107e-05     -1.524290e-05
6.120000e+01     -3.803720e-05     -1.812291e-05     -1.402868e-05
6.150000e+01     1.807492e-05     -3.068974e-05     1.045191e-05
6.180000e+01     4.689707e-06     3.225230e-06     1.069651e-05
6.210000e+01     -1.020714e-05     3.271082e-06     5.073278e-06
6.240000e+01     3.960633e-05     6.643106e-06     2.501218e-05
6.270000e+01     -3.789324e-06     -6.646660e-06     1.107098e-05
6.300000e+01     1.414210e-05     2.122859e-05     -7.419471e-06
6.330000e+01     2.550140e-05     5.609704e-06     1.937433e-05
6.360000e+01     5.815531e-06     1.078337e-05     4.261333e-06
6.390000e+01     1.911754e-05     7.600057e-06     -5.708782e-06
6.420000e+01     -1.700297e-05     -1.511178e-05     -8.733363e-06
6.450000e+01     1.683596e-05     -2.756218e-05     -2.683794e-05
6.480000e+01     -3.015685e-06     -3.427579e-06     -8.047435e-06
6.510000e+01     -9.831801e-07     -1.866924e-05     -5.620208e-06
6.540000e+01     1.603696e-05     -7.238725e-06     -2.446195e-05
6.570000e+01     -1.490500e-06     -2.891000e-06     -2.195108e-05
6.600000e+01     -2.188586e-05     2.493402e-06     -1.697785e-05
6.630000e+01     7.315464e-06     2.438500e-05     8.453698e-06
6.660000e+01     -8.455249e-06     -2.193335e-05     2.141973e-05
6.690000e+01     -2.686433e-06     -9.046043e-06     1.144986e-05
6.720000e+01     -7.825549e-06     -1.284319e-05     1.652904e-06
6.750000e+01     1.745634e-05     -5.626438e-06     2.213766e-06
6.780000e+01     2.733193e-05     -1.503897e-05     1.441198e-05
6.810000e+01     -6.125064e-06     -6.941060e-06     2.613374e-05
6.840000e+01     -1.503983e-05     2.001518e-05     4.080351e-06
6.870000e+01     1.447253e-05     -7.816629e-06     1.762521e-05
6.900000e+01     1.037779e-05     -2.211787e-05     9.718192e-06
6.930000e+01     5.791806e-05     9.638725e-06     -1.596618e-05
6.960000e+01     5.844839e-05     -2.841035e-05     1.037092e-05
6.990000e+01     -7.955564e-05     3.498178e-05     5.938543e-06
7.020000e+01     -6.439482e-05     7.444985e-06     1.507813e-05
7.050000e+01     1.608880e-05     3.319798e-05     8.332539e-06
7.080000e+01     6.856825e-05     6.765212e-06     -3.494939e-05
7.110000e+01     -7.735981e-05     3.745098e-05     -1.086084e-05
7.140000e+01     -8.808710e-05     2.927702e-05     -2.144111e-05
7.170000e+01     -7.015214e-05     -7.862626e-06     -1.439720e-05
7.200000e+01     1.491776e-06     -4.176584e-05     -1.797169e-05
7.230000e+01     9.082374e-05     -1.061493e-04     -4.025891e-05
7.260000e+01     3.434393e-05     -4.441345e-05     2.652993e-05
7.290000e+01     -4.615945e-06     5.361428e-05     5.621567e-06
7.320000e+01     -3.698143e-05     3.644550e-05     1.458472e-05
7.350000e+01     1.228087e-05     -1.564092e-05     1.280817e-05
7.380000e+01     -7.755042e-05     -2.109729e-05     -1.072647e-05
7.410000e+01     -2.739287e-06     1.716811e-05     2.437300e-05
7.440000e+01     -6.787793e-05     -3.729531e-06     4.567931e-05
7.470000e+01     -1.624275e-04     7.207772e-05     4.458463e-05
7.500000e+01     -5.694960e-05     2.307469e-05     1.613130e-05
7.530000e+01     -1.357284e-04     -4.558382e-05     3.886059e-05
7.560000e+01     2.765552e-05     5.650985e-05     -3.158202e-06
7.590000e+01     7.584409e-05     2.761806e-05     -6.051682e-05
7.620000e+01     6.107592e-05     3.368969e-05     -4.690129e-05
7.650000e+01     1.639102e-04     3.464099e-05     -6.784754e-05
7.680000e+01     4.785732e-05     -7.474083e-05     -1.668528e-05
7.710000e+01     4.128759e-05     -6.954920e-05     -4.794522e-05
7.740000e+01     1.129042e-04     -7.438454e-05     -1.622915e-05
7.770000e+01     8.745383e-05     -1.077341e-04     6.801859e-05
7.800000e+01     3.307960e-05     5.018029e-05     3.641616e-05
7.830000e+01     -5.573377e-06     -4.872137e-05     7.123566e-05
7.860000e+01     2.322888e-05     5.506252e-05     3.641873e-05
7.890000e+01     -3.017255e-05     1.121574e-04     3.593703e-05
7.920000e+01     -5.707753e-05     7.859593e-06     1.583675e-05
7.950000e+01     -2.891363e-05     -2.757094e-05     -5.121332e-05
7.980000e+01     1.903624e-05     -4.114865e-05     -7.099347e-05
8.010000e+01     9.465363e-05     1.603374e-05     -7.101464e-05
8.040000e+01     1.429223e-04     -4.466869e-05     -3.998703e-05
8.070000e+01     8.937849e-05     -2.442205e-05     -1.508866e-05
8.100000e+01     7.050392e-05     -1.710422e-05     5.733613e-05
8.130000e+01     -5.242483e-05     -4.728852e-05     3.485119e-05
8.160000e+01     -1.280990e-04     6.996387e-05     -6.922591e-06
8.190000e+01     -1.282289e-04     1.151024e-04     -2.306085e-05
8.220000e+01     -8.998637e-05     -1.457668e-05     -2.045722e-05
8.250000e+01     -1.124896e-05     -5.229333e-06     -2.271168e-05
8.280000e+01     -3.506654e-05     5.920404e-05     1.500202e-06
8.310000e+01     -3.118585e-05     -3.902998e-05     -7.540440e-07
8.340000e+01     -4.207220e-05     3.198219e-05     -1.368819e-05
8.370000e+01     -4.474286e-05     -2.753749e-06     3.851521e-05
8.400000e+01     -2.467027e-05     -7.495379e-05     6.473952e-05
8.430000e+01     -2.482192e-05     -4.030919e-05     1.683977e-05
8.460000e+01     -2.652816e-05     -2.570680e-05     -6.020900e-06
8.490000e+01     7.590851e-06     -1.194400e-05     -1.075896e-05
8.520000e+01     2.626535e-05     2.257121e-05     -4.332293e-05
8.550000e+01     4.731121e-05     5.459484e-05     -2.052628e-05
8.580000e+01     6.641610e-05     -4.297368e-05     1.777057e-05
8.610000e+01     2.291601e-06     -3.437871e-05     2.686067e-05
8.640000e+01     -3.015312e-05     -7.765126e-05     2.755193e-05
8.670000e+01     2.552689e-05     -8.475388e-05     1.029210e-05
8.700000e+01     7.918359e-05     -2.806126e-05     -3.101109e-05
8.730000e+01     1.060067e-04     -7.207570e-05     -3.180525e-05
8.760000e+01     8.976624e-05     -4.172642e-05     1.476920e-05
8.790000e+01     3.054651e-05     3.672284e-05     2.128729e-05
8.820000e+01     -2.688695e-05     4.708606e-05     1.520962e-05
8.850000e+01     -4.516432e-05     5.679906e-05     -6.817217e-06
8.880000e+01     -4.996573e-05     8.511844e-05     -1.676493e-05
8.910000e+01     -1.626302e-05     3.482293e-05     2.723502e-05
8.940000e+01     -3.030283e-06     7.097425e-05     2.707532e-05
8.970000e+01     -3.967489e-05     1.010869e-04     3.608366e-05
9.000000e+01     -5.507878e-05     2.190389e-05     3.580135e-05
9.030000e+01     -2.422915e-05     9.816066e-05     1.699120e-05
9.060000e+01     -5.171123e-05     -2.489127e-05     -1.240002e-05
9.090000e+01     -6.577224e-05     3.918692e-05     -1.037693e-05
9.120000e+01     -2.869395e-05     7.704631e-05     -3.309576e-05
9.150000e+01     -5.882057e-06     -7.062254e-05     -6.496564e-05
9.180000e+01     1.038373e-04     -1.196772e-04     -5.018253e-05
9.210000e+01     8.616746e-05     -1.779726e-04     -2.413546e-05
9.240000e+01     7.475318e-05     -4.886535e-05     -1.523749e-05
9.270000e+01     3.271825e-05     -4.172301e-05     2.239633e-06
9.300000e+01     1.019787e-05     -7.726987e-05     2.237125e-07
9.330000e+01     3.935078e-05     -6.815388e-05     7.611262e-06
9.360000e+01     2.710768e-05     -3.032983e-05     -3.135099e-06
9.390000e+01     2.565764e-05     3.659902e-05     -2.297486e-05
9.420000e+01     -1.252883e-05     2.038713e-05     -3.267049e-05
9.450000e+01     -6.057319e-05     1.671450e-06     -2.218196e-05
9.480000e+01     -6.837467e-05     -7.630323e-06     4.840052e-06
9.510000e+01     -7.790142e-05     3.663120e-05     5.511494e-05
9.540000e+01     -3.241583e-05     -2.305204e-06     4.397502e-05
9.570000e+01     -5.240859e-05     1.816999e-05     3.441644e-05
9.600000e+01     -4.137172e-05     4.062994e-05     3.902966e-05
9.630000e+01     -1.047338e-05     6.361716e-05     4.930045e-05
9.660000e+01     -6.118997e-06     6.575695e-05     5.580412e-05
9.690000e+01     6.378560e-05     9.371516e-05     6.019018e-05
9.720000e+01     6.097847e-05     1.072197e-04     2.000511e-05
9.750000e+01     4.834804e-05     7.874827e-05     -3.735879e-05
9.780000e+01     2.785849e-05     2.999921e-05     -5.081025e-05
9.810000e+01     -2.886723e-06     1.046742e-05     -6.496438e-05
9.840000e+01     2.796807e-05     -4.023400e-05     -9.260098e-05
9.870000e+01     3.440061e-05     -7.144588e-05     -8.442736e-05
9.900000e+01     6.328352e-06     -1.951817e-04     -8.856414e-05
9.930000e+01     7.040467e-06     -2.090175e-04     -3.365265e-05
9.960000e+01     1.640924e-05     -1.134235e-04     1.641806e-05
9.990000e+01     -3.039452e-05     -6.383833e-05     1.837128e-05
1.002000e+02     -2.722604e-05     -7.130942e-05     2.941635e-05
1.005000e+02     -3.285554e-05     -1.128134e-04     6.998605e-05
1.008000e+02     -5.040212e-06     8.303684e-06     9.395730e-05
1.011000e+02     3.782564e-05     7.130945e-05     8.061612e-05
1.014000e+02     1.431561e-05     1.018820e-04     6.962599e-05
1.017000e+02     3.821981e-05     1.576192e-04     3.781684e-05
1.020000e+02     2.108716e-05     1.282019e-04     1.546412e-05
1.023000e+02     -2.727580e-05     1.384384e-04     3.535494e-06
1.026000e+02     -2.479577e-05     1.717137e-04     -3.352538e-05
1.029000e+02     5.544003e-07     7.533086e-05     -6.123137e-05
1.032000e+02     -7.197029e-06     -1.652923e-06     -6.751933e-05
1.035000e+02     -8.128848e-05     1.778970e-05     -7.586544e-05
1.038000e+02     -1.099719e-04     -4.241329e-05     -5.159550e-05
1.041000e+02     -8.330241e-05     -1.087975e-04     -8.893455e-06
1.044000e+02     2.239723e-05     -1.338762e-04     -2.276768e-05
1.047000e+02     4.848388e-05     -9.265586e-05     -3.538524e-05
1.050000e+02     7.053225e-05     -1.092708e-04     -8.206164e-06
1.053000e+02     4.059981e-05     -8.630781e-05     3.111060e-05
1.056000e+02     1.218968e-05     -6.034808e-05     6.743639e-05
1.059000e+02     4.571043e-05     -7.850209e-05     5.113961e-05
1.062000e+02     3.089685e-05     -7.424642e-06     5.134993e-05
1.065000e+02     2.022705e-05     4.412884e-05     4.559980e-05
1.068000e+02     3.769212e-05     2.131254e-05     3.330187e-05
1.071000e+02     6.581727e-05     5.475164e-05     2.290115e-05
1.074000e+02     6.092598e-05     8.005789e-05     -1.263484e-05
1.077000e+02     1.738179e-05     1.055189e-04     -4.235762e-05
1.080000e+02     1.723911e-05     8.094212e-05     -3.396613e-05
1.083000e+02     -3.363188e-05     4.725482e-05     -3.712854e-05
1.086000e+02     -7.554194e-05     5.117942e-05     -3.298136e-05
1.089000e+02     -5.936709e-05     1.721664e-05     -3.642495e-05
1.092000e+02     -4.228746e-05     -3.109910e-05     -4.458340e-05
1.095000e+02     -7.311877e-05     -5.501317e-05     -1.428646e-05
1.098000e+02     -7.190384e-05     -3.293240e-05     8.139846e-06
1.101000e+02     -5.431896e-05     -3.668202e-05     1.740590e-05
1.104000e+02     -2.695971e-05     -5.729260e-05     4.727937e-05
1.107000e+02     1.653582e-05     -8.268954e-05     4.879782e-05
1.110000e+02     3.300006e-05     -6.794453e-05     2.678329e-05
1.113000e+02     5.737706e-05     -2.042596e-05     2.274451e-05
1.116000e+02     8.504875e-05     1.035922e-05     1.763446e-05
1.119000e+02     5.777372e-05     2.981940e-05     -2.599881e-06
1.122000e+02     2.068739e-05     3.314344e-05     -9.604526e-06
1.125000e+02     1.363314e-05     5.409475e-05     -9.905053e-06
1.128000e+02     -4.579726e-06     3.264770e-05     -1.679936e-05
1.131000e+02     -3.652889e-06     -1.236718e-07     -1.243110e-05
1.134000e+02     -8.798372e-06     6.843854e-07     -2.344818e-05
1.137000e+02     -1.815137e-05     -7.904001e-06     -2.452382e-05
1.140000e+02     -3.240546e-05     2.051592e-05     4.211133e-06
1.143000e+02     -2.517423e-05     2.855515e-05     1.807981e-05
1.146000e+02     4.680123e-08     2.383290e-05     1.031767e-05
1.149000e+02     8.472889e-06     2.277263e-05     -4.741970e-06
1.152000e+02     9.024599e-06     1.968118e-05     -1.700773e-05
1.155000e+02     8.520728e-06     -6.250024e-05     -1.196329e-05
1.158000e+02     8.161244e-06     -5.916926e-05     -1.549567e-06
1.161000e+02     1.875712e-05     -1.973241e-05     -2.913803e-06
1.164000e+02     7.308828e-06     -1.516725e-05     -1.412346e-05
1.167000e+02     -1.522186e-05     -3.095589e-06     -8.697312e-06
1.170000e+02     -7.773121e-06     -1.173251e-05     -9.002796e-07
1.173000e+02     -1.330787e-05     1.343439e-05     1.747691e-05
1.176000e+02     -1.166818e-05     7.407770e-07     2.635075e-05
1.179000e+02     -1.315735e-05     -1.602786e-05     1.756335e-05
1.182000e+02     -1.338972e-05     -3.812826e-05     1.078143e-05
1.185000e+02     -1.275452e-06     -4.804884e-05     7.497199e-06
1.188000e+02     -4.362259e-06     -2.875447e-05     1.140023e-05
1.191000e+02     1.265128e-06     -7.580257e-06     9.620156e-06
1.194000e+02     2.605965e-05     4.958631e-05     -1.467216e-05
1.197000e+02     4.829256e-05     3.584126e-05     -9.478351e-06
1.200000e+02     3.845574e-05     2.782981e-05     7.171918e-06
1.203000e+02     2.692145e-05     5.930094e-05     -4.486836e-07
1.206000e+02     1.535372e-05     2.054934e-05     -6.332782e-07
1.209000e+02     -1.755427e-06     2.505629e-05     -2.626989e-06
1.212000e+02     -3.148041e-06     3.734210e-05     -1.674379e-05
1.215000e+02     -6.542070e-06     2.269717e-05     -2.104872e-05
1.218000e+02     -1.902279e-05     2.566041e-05     -3.544551e-06
1.221000e+02     -2.290115e-05     -2.624382e-05     1.134702e-06
1.224000e+02     -1.859460e-05     -5.616053e-05     -6.156759e-06
1.227000e+02     -1.411347e-05     -6.572447e-05     2.784316e-06
1.230000e+02     -1.795570e-05     -4.321191e-05     9.335720e-06
1.233000e+02     -7.453243e-06     -1.402546e-05     -7.745085e-07
1.236000e+02     -8.359719e-06     -5.332524e-05     7.719120e-06
1.239000e+02     -2.512738e-05     -5.264333e-05     1.535972e-05
1.242000e+02     -3.802269e-05     7.810245e-08     1.883559e-06
1.245000e+02     -2.971383e-05     1.539305e-05     1.888696e-06
1.248000e+02     6.247728e-08     2.585355e-05     -7.620531e-07
1.251000e+02     2.672886e-05     4.066639e-05     -4.133492e-06
1.254000e+02     3.141191e-05     4.092674e-05     -4.812295e-06
1.257000e+02     3.953428e-05     1.649453e-05     3.516717e-06
1.260000e+02     3.757150e-05     8.542819e-06     -7.456284e-07
1.263000e+02     4.948729e-05     2.481361e-05     -1.035348e-05
1.266000e+02     5.380975e-05     1.056945e-05     -9.138759e-06
1.269000e+02     2.941271e-05     -1.730530e-05     -1.622669e-05
1.272000e+02     7.727542e-06     -1.581179e-05     -1.878439e-05
1.275000e+02     -2.193258e-05     -1.856886e-06     -2.406706e-06
1.278000e+02     -4.517407e-05     1.170395e-05     7.561206e-06
1.281000e+02     -4.156758e-05     -8.204474e-06     1.564430e-05
1.284000e+02     -4.677624e-05     -3.729080e-05     6.196521e-06
1.287000e+02     -4.471511e-05     -3.203021e-05     -1.226157e-05
1.290000e+02     -1.791828e-05     -2.482517e-05     -1.707138e-05
1.293000e+02     1.165114e-06     -2.714013e-05     1.864591e-06
1.296000e+02     -3.232864e-07     -1.316302e-05     1.988651e-05
1.299000e+02     7.226785e-07     4.785127e-06     2.677248e-05
1.302000e+02     1.068561e-05     2.635326e-05     2.946351e-05
1.305000e+02     1.895673e-05     4.323921e-05     2.434050e-05
1.308000e+02     2.782375e-05     4.466816e-05     9.308378e-06
1.311000e+02     4.222573e-05     6.649153e-05     -4.308181e-06
1.314000e+02     3.907778e-05     5.480530e-05     -3.359985e-06
1.317000e+02     2.328813e-05     -2.226383e-05     -9.749831e-06
1.320000e+02     9.708412e-06     -5.490559e-05     -9.668637e-06
1.323000e+02     -9.619307e-06     -3.283700e-05     -2.154087e-05
1.326000e+02     -2.583277e-05     -3.658166e-05     -3.305408e-05
1.329000e+02     -2.084792e-05     -2.506222e-05     -2.761817e-05
1.332000e+02     -1.638441e-05     -3.716558e-05     -1.440110e-05
1.335000e+02     -1.963412e-05     -1.446263e-05     2.688932e-06
1.338000e+02     -9.529281e-06     1.252331e-05     1.316322e-05
1.341000e+02     -9.010658e-06     2.924229e-05     1.041127e-05
1.344000e+02     -5.186096e-06     2.719967e-05     1.063091e-05
1.347000e+02     1.124418e-05     1.525335e-06     8.697358e-06
1.350000e+02     1.845075e-05     -2.747597e-06     1.854821e-05
1.353000e+02     4.680835e-06     8.460715e-06     2.138947e-05
1.356000e+02     -1.880493e-05     1.080278e-05     1.279447e-05
1.359000e+02     -1.738904e-05     -6.380237e-06     1.154170e-06
1.362000e+02     4.535087e-06     -4.222328e-06     -7.367401e-06
1.365000e+02     -3.767256e-06     -1.509805e-05     -1.360331e-05
1.368000e+02     -7.084532e-06     -1.391476e-05     -5.889863e-06
1.371000e+02     1.180476e-05     -2.476642e-05     8.763552e-06
1.374000e+02     3.167413e-05     -8.967752e-06     9.530329e-06
1.377000e+02     3.888361e-05     2.589039e-05     -8.050544e-06
1.380000e+02     2.828789e-05     -3.533155e-06     -2.474793e-05
1.383000e+02     -5.119745e-08     -2.285021e-06     -1.875025e-05
1.386000e+02     -2.416802e-05     8.621764e-06     -1.091598e-05
1.389000e+02     -2.555470e-05     1.858707e-05     -1.500101e-05
1.392000e+02     -1.496728e-05     3.920814e-05     -1.906821e-05
1.395000e+02     -7.516536e-06     2.726202e-05     -1.169936e-05
1.398000e+02     -1.050327e-05     -7.640653e-06     4.980156e-06
1.401000e+02     1.307676e-06     -2.963970e-05     1.810154e-05
1.404000e+02     8.189931e-06     -3.072978e-05     2.611574e-05
1.407000e+02     8.473085e-06     -1.258595e-05     3.933177e-05
1.410000e+02     5.496825e-06     7.894000e-07     3.521183e-05
1.413000e+02     6.091468e-06     6.223512e-06     2.375246e-05
1.416000e+02     1.151915e-05     8.729548e-07     1.402289e-05
1.419000e+02     6.127987e-06     5.224457e-06     -8.826060e-06
1.422000e+02     -3.467747e-06     -1.888304e-05     -1.918745e-05
1.425000e+02     -7.556701e-06     -1.371130e-05     -1.739309e-05
1.428000e+02     -9.176131e-06     8.064727e-06     -6.532622e-06
1.431000e+02     -8.432747e-06     1.228727e-05     -9.654527e-06
1.434000e+02     9.440716e-07     1.435364e-05     -2.563111e-05
1.437000e+02     6.316779e-06     1.403367e-05     -2.712668e-05
1.440000e+02     1.267730e-05     6.848122e-06     -1.535558e-05
1.443000e+02     5.362367e-06     1.805847e-07     -5.900692e-06
1.446000e+02     -5.388769e-06     5.965684e-06     -1.168531e-06
1.449000e+02     -1.841526e-05     1.248779e-05     4.430933e-06
1.452000e+02     -2.452546e-05     -1.072818e-05     -5.294102e-06
1.455000e+02     -1.239395e-05     -3.259210e-05     -3.181516e-06
1.458000e+02     7.626924e-06     -2.956926e-05     9.600275e-06
1.461000e+02     2.278162e-05     -2.734886e-05     2.449580e-05
1.464000e+02     2.677493e-05     -1.538914e-05     4.164551e-05
1.467000e+02     3.230136e-05     -2.057129e-06     3.287596e-05
1.470000e+02     2.541908e-05     9.318138e-06     1.667388e-05
1.473000e+02     -4.348119e-06     1.183657e-05     -1.671858e-06
1.476000e+02     -3.487310e-05     2.070808e-05     -1.056783e-05
1.479000e+02     -3.279435e-05     3.083789e-05     -7.640244e-06
1.482000e+02     -1.160166e-05     2.947682e-05     -1.431598e-05
1.485000e+02     -1.458966e-05     2.701322e-05     -2.302089e-05
1.488000e+02     -2.388064e-05     3.024109e-05     -2.856852e-05
1.491000e+02     -2.540360e-05     -8.517181e-08     -2.312439e-05
1.494000e+02     -1.231487e-05     -1.824873e-05     -6.067053e-06
1.497000e+02     1.440050e-05     -1.636604e-05     7.032666e-06
1.500000e+02     3.449618e-05     -1.429788e-05     1.317539e-05
1.503000e+02     4.785852e-05     -1.209805e-05     7.030984e-06
1.506000e+02     4.412500e-05     -1.357670e-05     -3.308907e-07
1.509000e+02     1.554451e-05     -2.422921e-05     -7.866930e-06
1.512000e+02     -1.299211e-05     -9.531399e-06     -4.915277e-06
1.515000e+02     -3.039510e-05     -7.388830e-07     4.230995e-06
1.518000e+02     -3.889078e-05     -9.313074e-06     5.595882e-06
1.521000e+02     -3.547695e-05     -5.958579e-06     8.288659e-06
1.524000e+02     -1.963204e-05     -6.577415e-06     7.435608e-06
1.527000e+02     4.766611e-06     -1.534043e-05     1.064485e-05
1.530000e+02     1.408556e-05     -3.360849e-06     6.906787e-06
1.533000e+02     1.476270e-05     1.946987e-05     1.980449e-06
1.536000e+02     1.277072e-05     3.702410e-05     4.647061e-06
1.539000e+02     2.403860e-05     3.833600e-05     1.154448e-06
1.542000e+02     2.527935e-05     2.908701e-05     -1.293459e-06
1.545000e+02     2.218951e-05     5.906430e-06     1.017863e-06
1.548000e+02     1.810534e-05     -2.049675e-05     4.512109e-06
1.551000e+02     1.018459e-05     -8.440979e-06     5.257842e-06
1.554000e+02     8.750206e-07     9.586127e-06     -2.034459e-06
1.557000e+02     -7.468396e-06     -2.774581e-06     -1.199880e-05
1.560000e+02     -1.520534e-05     -1.722791e-05     -1.503780e-05
1.563000e+02     -3.383623e-05     -1.188712e-05     -9.252576e-06
1.566000e+02     -4.529788e-05     -6.065979e-07     -6.227948e-06
1.569000e+02     -3.471976e-05     1.083542e-05     -9.436941e-06
1.572000e+02     -8.620372e-06     3.068904e-06     -1.417299e-05
1.575000e+02     7.354995e-06     -5.493310e-06     -6.469155e-06
1.578000e+02     1.390299e-05     -5.123194e-06     4.506042e-06
1.581000e+02     1.270369e-05     -1.378290e-05     9.619278e-06
1.584000e+02     1.243737e-05     -1.164290e-05     1.024736e-05
1.587000e+02     1.489552e-05     -1.841166e-07     8.183244e-06
1.590000e+02     2.181242e-05     -1.842215e-06     -3.720283e-07
1.593000e+02     3.329719e-05     3.650202e-06     5.148097e-06
1.596000e+02     3.052784e-05     1.104197e-05     2.011837e-05
1.599000e+02     6.723075e-06     1.462455e-05     1.503123e-05
1.602000e+02     -3.169949e-06     2.104988e-05     -4.691741e-07
1.605000e+02     -5.906028e-06     1.865675e-05     -9.665005e-06
1.608000e+02     -1.532639e-05     1.236147e-05     -1.067166e-05
1.611000e+02     -2.512472e-05     -9.257821e-06     -1.177763e-05
1.614000e+02     -3.325016e-05     -2.101752e-05     -2.083836e-06
1.617000e+02     -3.318465e-05     -3.724065e-06     1.129058e-05
1.620000e+02     -2.005208e-05     4.671460e-06     1.409284e-05
1.623000e+02     -1.662365e-06     3.346092e-06     1.305318e-05
1.626000e+02     6.457638e-06     1.205263e-05     9.794078e-06
1.629000e+02     4.143864e-06     6.651214e-06     2.705524e-07
1.632000e+02     2.280250e-06     -4.484427e-06     -1.569637e-05
1.635000e+02     3.953321e-06     -8.940498e-06     -3.086050e-05
1.638000e+02     3.002984e-06     -2.113216e-05     -2.797963e-05
1.641000e+02     -2.634824e-06     -2.608782e-05     -1.202583e-05
1.644000e+02     -8.435830e-06     -1.158561e-05     -9.798569e-08
1.647000e+02     2.999259e-06     -9.079068e-06     6.999144e-06
1.650000e+02     1.370593e-05     3.639178e-06     1.089343e-05
1.653000e+02     2.086356e-05     2.431792e-05     1.114751e-05
1.656000e+02     2.315298e-05     3.018237e-05     3.489648e-06
1.659000e+02     1.448502e-05     2.334107e-05     -3.222651e-06
1.662000e+02     7.817194e-06     1.282694e-05     4.005582e-06
1.665000e+02     -8.429141e-06     1.067095e-05     1.272339e-05
1.668000e+02     -2.249646e-05     9.510903e-06     7.538947e-06
1.671000e+02     -2.234579e-05     1.601243e-05     -5.365157e-06
1.674000e+02     -1.501425e-05     3.014567e-06     -1.070798e-05
1.677000e+02     -9.805580e-06     -2.096009e-05     -8.307276e-06
1.680000e+02     -3.916436e-06     -3.097992e-05     -1.725987e-06
1.683000e+02     4.635632e-06     -3.221832e-05     9.089219e-06
1.686000e+02     6.612777e-06     -1.318655e-05     1.076662e-05
1.689000e+02     -4.008690e-06     9.306113e-06     6.070003e-06
1.692000e+02     -7.716126e-06     7.293303e-06     8.739476e-07
1.695000e+02     -8.945773e-07     -3.193420e-06     -3.478415e-06
1.698000e+02     1.099712e-05     -7.195368e-06     -1.473011e-06
1.701000e+02     2.161675e-05     4.959623e-07     -1.062366e-06
1.704000e+02     2.289867e-05     1.265928e-05     -7.726622e-07
1.707000e+02     1.274468e-05     2.500238e-05     1.836474e-06
1.710000e+02     2.753686e-06     2.469676e-05     6.536277e-06
1.713000e+02     -7.693983e-06     7.200372e-06     1.104025e-05
1.716000e+02     -1.013733e-05     -1.713370e-06     6.843738e-06
1.719000e+02     -9.588424e-06     3.854577e-06     -2.576449e-06
1.722000e+02     -1.389142e-05     1.379819e-05     -9.703083e-06
1.725000e+02     -1.730419e-05     -1.266550e-06     -1.363305e-05
1.728000e+02     -1.338665e-05     -2.308184e-05     -1.135700e-05
1.731000e+02     -1.119388e-05     -2.919559e-05     -1.902960e-06
1.734000e+02     -8.167500e-06     -1.455676e-05     2.105817e-06
1.737000e+02     2.544018e-06     9.416726e-07     -1.946098e-06
1.740000e+02     9.412178e-06     1.243398e-05     -5.581350e-06
1.743000e+02     1.207642e-05     7.804057e-06     -4.379812e-06
1.746000e+02     1.172915e-05     3.532336e-06     -1.994567e-06
1.749000e+02     1.238445e-05     2.967718e-07     5.251126e-06
1.752000e+02     1.263528e-05     3.049772e-06     6.026948e-06
1.755000e+02     9.762507e-06     4.717888e-06     1.918980e-07
1.758000e+02     5.368571e-06     -7.694210e-07     2.005626e-06
1.761000e+02     4.741108e-06     -1.623142e-06     2.347626e-06
1.764000e+02     8.778502e-06     6.735882e-06     2.532973e-06
1.767000e+02     8.169291e-06     2.738782e-05     4.541015e-06
1.770000e+02     -3.315804e-07     3.109684e-05     -1.547435e-06
1.773000e+02     -1.603915e-05     2.149661e-05     -8.701573e-06
1.776000e+02     -2.319312e-05     -1.201610e-06     -6.659166e-06
1.779000e+02     -1.858552e-05     -2.599958e-05     4.358231e-06
1.782000e+02     -1.258824e-05     -2.254252e-05     1.134408e-05
1.785000e+02     -7.630760e-06     -2.030593e-05     6.473872e-06
1.788000e+02     -3.511460e-06     -2.008875e-05     2.159146e-06
1.791000e+02     -4.710756e-06     -1.214805e-05     4.244866e-06
1.794000e+02     -7.296452e-06     3.277360e-06     5.449638e-06
1.797000e+02     -4.033753e-06     2.509882e-05     1.373946e-06
1.800000e+02     2.871650e-06     2.468077e-05     -5.553302e-06
1.803000e+02     8.815984e-06     1.490950e-05     -8.486107e-06
1.806000e+02     7.878346e-06     4.400806e-06     -4.134539e-06
1.809000e+02     2.401934e-06     -1.278455e-07     4.003970e-07
1.812000e+02     2.228843e-06     -2.252821e-07     -2.723278e-06
1.815000e+02     4.429941e-06     -4.202075e-07     -1.100334e-05
1.818000e+02     2.065526e-06     -1.077876e-05     -1.575783e-05
1.821000e+02     -1.476971e-06     -1.805741e-05     -8.924039e-06
1.824000e+02     -2.018175e-06     -1.777149e-05     4.281584e-06
1.827000e+02     3.655715e-06     -1.004007e-05     1.415581e-05
1.830000e+02     1.046737e-05     -8.106927e-06     1.669863e-05
1.833000e+02     1.375556e-05     -6.978455e-06     1.437399e-05
1.836000e+02     1.169379e-05     3.719052e-06     8.530244e-06
1.839000e+02     2.506829e-06     2.047268e-05     1.048824e-06
1.842000e+02     -1.688020e-06     2.628752e-05     -9.118566e-06
1.845000e+02     -1.668291e-06     2.553698e-05     -1.404595e-05
1.848000e+02     -6.239862e-06     2.063638e-05     -7.854812e-06
1.851000e+02     -1.119439e-05     1.106114e-05     -1.704138e-06
1.854000e+02     -1.573043e-05     5.770976e-06     -8.665600e-07
1.857000e+02     -1.760880e-05     3.568756e-06     -4.045455e-06
1.860000e+02     -1.359907e-05     4.391828e-06     -7.254769e-06
1.863000e+02     -6.736524e-06     3.432555e-06     -5.311152e-06
1.866000e+02     -2.479221e-06     2.420448e-06     3.860600e-06
1.869000e+02     -2.141949e-06     -1.179308e-06     1.288819e-05
1.872000e+02     -1.753718e-06     -6.960605e-06     1.047277e-05
1.875000e+02     -2.242229e-06     -1.912119e-05     1.633451e-06
1.878000e+02     -9.973948e-07     -2.589581e-05     -1.140060e-06
1.881000e+02     5.713439e-07     -1.883426e-05     1.514311e-07
1.884000e+02     7.991873e-07     -7.011942e-06     1.895997e-06
1.887000e+02     6.231543e-06     2.301695e-06     6.009055e-07
1.890000e+02     1.331367e-05     5.759349e-06     -4.162341e-06
1.893000e+02     1.617974e-05     -2.860869e-06     -3.916523e-06
1.896000e+02     1.301993e-05     -4.048310e-06     -8.213708e-07
1.899000e+02     5.278966e-06     -1.930178e-07     -8.258547e-07
1.902000e+02     1.716941e-06     -1.332769e-06     -4.062359e-06
1.905000e+02     -1.273764e-06     -2.797380e-06     -4.125065e-06
1.908000e+02     -1.893494e-06     1.264942e-06     1.230203e-06
1.911000e+02     1.859409e-07     1.585669e-05     6.501096e-06
1.914000e+02     -3.556412e-06     2.353085e-05     9.305073e-06
1.917000e+02     -1.048679e-05     2.703159e-05     7.298461e-06
1.920000e+02     -1.370316e-05     2.346887e-05     3.776514e-06
1.923000e+02     -1.385496e-05     1.623385e-05     -5.901214e-07
1.926000e+02     -1.120598e-05     1.505663e-05     -4.978813e-06
1.929000e+02     -5.386317e-06     9.002918e-06     -4.801328e-06
1.932000e+02     4.764361e-06     6.959689e-06     -4.520452e-06
1.935000e+02     1.025289e-05     -2.040679e-06     -5.036690e-06
1.938000e+02     7.016651e-06     -1.931269e-05     -4.034349e-06
1.941000e+02     4.460431e-06     -2.562131e-05     -1.136640e-06
1.944000e+02     8.516247e-06     -1.786138e-05     -4.344625e-07
1.947000e+02     8.557650e-06     -1.568078e-05     -1.076182e-06
1.950000e+02     2.162897e-06     -1.885224e-05     -1.636711e-06
1.953000e+02     -4.662346e-06     -1.162931e-05     -4.466242e-07
1.956000e+02     -1.058041e-05     -1.269755e-07     -1.073211e-06
1.959000e+02     -1.317216e-05     7.951578e-06     -6.036708e-06
1.962000e+02     -1.194380e-05     2.107557e-05     -6.048899e-06
1.965000e+02     -8.918361e-06     2.574087e-05     -1.201460e-06
1.968000e+02     -5.987951e-06     1.845686e-05     3.599607e-06
1.971000e+02     -5.413756e-06     2.427871e-06     6.952309e-06
1.974000e+02     -4.023070e-06     -1.372185e-05     7.200806e-06
1.977000e+02     -3.554322e-06     -1.740705e-05     8.201491e-06
1.980000e+02     6.298156e-07     -1.351170e-05     6.434578e-06
1.983000e+02     1.241329e-05     -2.953070e-06     9.562423e-07
1.986000e+02     1.678332e-05     9.919959e-06     5.254509e-08
1.989000e+02     1.348285e-05     1.823093e-05     2.096021e-06
1.992000e+02     1.033442e-05     2.207120e-05     3.143633e-06
1.995000e+02     3.184727e-06     1.921243e-05     -4.212262e-07
1.998000e+02     -1.724612e-06     1.338504e-05     -3.805033e-06
2.001000e+02     -4.857796e-06     5.460180e-06     -5.292611e-06
2.004000e+02     -8.644434e-06     -5.935300e-06     -6.956009e-06
2.007000e+02     -1.161285e-05     -2.165826e-05     -6.490062e-06
2.010000e+02     -7.919068e-06     -2.691531e-05     -5.825201e-06
2.013000e+02     1.867260e-06     -1.857093e-05     -6.114823e-06
2.016000e+02     1.019493e-05     -9.820202e-06     -7.071727e-06
2.019000e+02     1.099801e-05     -1.675192e-06     -3.952337e-06
2.022000e+02     2.589786e-06     7.774256e-06     3.776838e-06
2.025000e+02     -7.439955e-06     1.737025e-05     9.472862e-06
2.028000e+02     -1.298990e-05     1.733673e-05     1.157061e-05
2.031000e+02     -1.053112e-05     1.015113e-05     1.192481e-05
2.034000e+02     -4.349422e-06     5.733124e-06     8.175400e-06
2.037000e+02     3.324428e-07     6.201071e-06     4.996214e-06
2.040000e+02     2.356353e-06     1.005301e-05     1.174845e-06
2.043000e+02     2.627042e-06     1.498046e-05     -6.310860e-06
2.046000e+02     2.885104e-06     1.144115e-05     -1.051577e-05
2.049000e+02     -1.169204e-06     1.314285e-06     -9.198365e-06
2.052000e+02     -6.058906e-06     -9.982706e-06     -6.106170e-06
2.055000e+02     -1.022399e-05     -1.655447e-05     -5.500502e-06
2.058000e+02     -1.040002e-05     -1.737442e-05     -3.325701e-06
2.061000e+02     -5.093680e-06     -1.485299e-05     2.445626e-06
2.064000e+02     2.720872e-06     -1.202596e-05     6.971516e-06
2.067000e+02     1.123733e-05     -1.049486e-05     8.476167e-06
2.070000e+02     1.672074e-05     -1.117303e-05     8.658760e-06
2.073000e+02     1.763575e-05     -8.634284e-06     9.602341e-06
2.076000e+02     9.213478e-06     8.017469e-07     8.999544e-06
2.079000e+02     -3.632823e-06     1.170762e-05     6.036771e-06
2.082000e+02     -1.181938e-05     1.756993e-05     4.685109e-06
2.085000e+02     -1.456013e-05     2.425703e-05     1.433691e-06
2.088000e+02     -9.488350e-06     2.785976e-05     -4.788650e-06
2.091000e+02     -4.192748e-06     3.142723e-05     -1.266801e-05
2.094000e+02     -2.110783e-06     2.425539e-05     -1.823480e-05
2.097000e+02     -2.032097e-06     1.137701e-05     -1.658328e-05
2.100000e+02     -4.127719e-06     -1.280373e-06     -1.271209e-05
2.103000e+02     -2.611941e-06     -1.257177e-05     -1.007496e-05
2.106000e+02     9.302162e-07     -1.933873e-05     -6.563246e-06
2.109000e+02     4.020197e-06     -1.984679e-05     -3.868516e-06
2.112000e+02     4.690609e-06     -1.901463e-05     -2.323711e-06
2.115000e+02     2.272789e-07     -1.639952e-05     1.413345e-06
2.118000e+02     -3.672625e-06     -9.040989e-06     7.542748e-06
2.121000e+02     -1.640993e-06     -1.936957e-06     1.322063e-05
2.124000e+02     1.821906e-06     2.015842e-06     1.592670e-05
2.127000e+02     2.616368e-06     6.838758e-07     1.843243e-05
2.130000e+02     2.036124e-06     -2.686829e-06     1.855986e-05
2.133000e+02     2.625181e-06     -2.199718e-06     1.198007e-05
2.136000e+02     3.617217e-06     1.988660e-06     3.019850e-06
2.139000e+02     5.438846e-06     4.556469e-06     -2.100686e-06
2.142000e+02     6.586359e-06     3.190021e-06     -5.410536e-06
2.145000e+02     4.548400e-06     2.147177e-06     -9.114582e-06
2.148000e+02     -1.623745e-06     6.154148e-06     -1.175116e-05
2.151000e+02     -8.825138e-06     1.563922e-05     -1.330154e-05
2.154000e+02     -1.486420e-05     2.323189e-05     -1.282073e-05
2.157000e+02     -1.844327e-05     1.820147e-05     -8.777326e-06
2.160000e+02     -1.753737e-05     9.338071e-06     -9.131825e-07
2.163000e+02     -1.079872e-05     4.336106e-06     5.827488e-06
2.166000e+02     -9.081353e-07     -4.474219e-06     8.134902e-06
2.169000e+02     8.687248e-06     -1.381562e-05     6.610539e-06
2.172000e+02     1.534731e-05     -1.723913e-05     3.675500e-06
2.175000e+02     1.608527e-05     -1.084995e-05     1.183973e-06
2.178000e+02     1.380790e-05     6.200684e-07     -4.129792e-06
2.181000e+02     9.141884e-06     9.107350e-06     -8.093834e-06
2.184000e+02     1.563927e-06     9.341888e-06     -7.785112e-06
2.187000e+02     -9.330296e-06     3.095176e-06     -3.512780e-06
2.190000e+02     -1.469220e-05     -3.568962e-06     1.637090e-06
2.193000e+02     -1.064382e-05     -6.375947e-06     2.860322e-06
2.196000e+02     -5.600107e-06     -4.051344e-06     2.421856e-06
2.199000e+02     -2.991790e-06     -2.250151e-06     2.387119e-06
2.202000e+02     -4.131152e-07     -2.444540e-06     2.764598e-06
2.205000e+02     6.264171e-07     -6.409270e-07     4.146654e-06
2.208000e+02     -1.694944e-07     7.424699e-06     2.491301e-06
2.211000e+02     3.643777e-08     1.409266e-05     -3.099884e-06
2.214000e+02     -1.636150e-06     1.440845e-05     -5.754849e-06
2.217000e+02     -5.056792e-06     5.374859e-06     -2.834583e-06
2.220000e+02     -7.872786e-06     -2.927007e-06     2.136461e-06
2.223000e+02     -7.957660e-06     -7.647285e-06     4.138540e-06
2.226000e+02     -3.593879e-06     -1.003537e-05     2.939746e-06
2.229000e+02     1.338972e-06     -1.004809e-05     9.717868e-07
2.232000e+02     3.489402e-06     -7.664421e-06     -7.871350e-07
2.235000e+02     4.818753e-06     -3.794059e-06     -9.947947e-07
2.238000e+02     4.710309e-06     -2.340255e-06     1.449543e-06
2.241000e+02     4.380405e-06     -2.498204e-07     3.760449e-06
2.244000e+02     3.070869e-06     6.179979e-06     5.832669e-06
2.247000e+02     -8.412850e-07     1.334889e-05     6.763667e-06
2.250000e+02     -2.884203e-06     2.075900e-05     5.764000e-06
2.253000e+02     -1.843841e-06     1.873130e-05     1.914748e-06
2.256000e+02     2.838565e-06     7.341327e-06     -4.663620e-06
2.259000e+02     4.386055e-06     -4.321030e-06     -9.972364e-06
2.262000e+02     3.681625e-06     -9.800240e-06     -1.051089e-05
2.265000e+02     1.522203e-06     -9.722738e-06     -6.943620e-06
2.268000e+02     -5.604753e-07     -9.667084e-06     -1.341917e-06
2.271000e+02     -1.375823e-06     -9.480025e-06     1.820205e-06
2.274000e+02     -2.503813e-06     -1.002647e-05     9.536018e-07
2.277000e+02     -3.344012e-06     -3.679999e-06     -1.217570e-06
2.280000e+02     -3.095278e-06     5.065762e-06     -2.779339e-06
2.283000e+02     -9.136086e-07     1.103069e-05     5.380782e-07
2.286000e+02     5.407604e-07     9.086464e-06     4.517861e-06
2.289000e+02     -5.676090e-07     1.768552e-06     4.433451e-06
2.292000e+02     -4.924008e-06     -5.707293e-06     1.726047e-06
2.295000e+02     -8.871078e-06     -7.701648e-06     -2.372412e-06
2.298000e+02     -8.810175e-06     -5.259486e-06     -5.635084e-06
2.301000e+02     -7.306242e-06     4.333361e-07     -4.814503e-06
2.304000e+02     -4.191829e-06     1.240080e-05     -4.416520e-06
2.307000e+02     4.100223e-06     2.384278e-05     -4.815820e-06
2.310000e+02     1.164070e-05     2.773639e-05     -3.912842e-06
2.313000e+02     1.585856e-05     2.528178e-05     -2.051308e-06
2.316000e+02     1.221529e-05     1.714980e-05     -1.406582e-06
2.319000e+02     3.927238e-06     -1.291369e-06     -1.368513e-06
2.322000e+02     -4.570143e-06     -1.965305e-05     2.536917e-07
2.325000e+02     -9.993247e-06     -3.317655e-05     2.876514e-06
2.328000e+02     -1.073317e-05     -3.527016e-05     5.448028e-06
2.331000e+02     -7.070277e-06     -2.980500e-05     5.111252e-06
2.334000e+02     -3.309118e-06     -1.829255e-05     5.807202e-06
2.337000e+02     2.120675e-06     -2.870652e-06     6.790007e-06
2.340000e+02     6.571428e-06     7.803496e-06     8.319161e-06
2.343000e+02     6.703755e-06     1.405147e-05     7.559100e-06
2.346000e+02     3.052726e-06     1.409017e-05     3.739136e-06
2.349000e+02     -6.512065e-06     1.046033e-05     1.037552e-06
2.352000e+02     -1.120634e-05     4.368060e-06     7.342133e-07
2.355000e+02     -1.195430e-05     -2.879209e-07     3.184502e-07
2.358000e+02     -8.137494e-06     -7.146388e-06     8.374111e-07
2.361000e+02     -4.411337e-06     -7.556594e-06     -9.416966e-07
2.364000e+02     -1.427475e-08     -4.468967e-06     -2.648721e-06
2.367000e+02     1.323129e-06     5.683647e-06     -2.724451e-06
2.370000e+02     3.004404e-06     1.252099e-05     -1.675602e-06
2.373000e+02     5.961343e-06     1.975431e-05     -1.093129e-06
2.376000e+02     8.629643e-06     2.445787e-05     -4.576024e-06
2.379000e+02     8.638806e-06     2.383915e-05     -7.964127e-06
2.382000e+02     7.049497e-06     1.818126e-05     -1.019097e-05
2.385000e+02     1.725906e-06     6.848433e-06     -1.113599e-05
2.388000e+02     -3.141836e-06     -6.183985e-06     -1.121932e-05
2.391000e+02     -8.134160e-06     -1.776816e-05     -8.655324e-06
2.394000e+02     -6.198665e-06     -2.128244e-05     -4.603437e-06
2.397000e+02     -1.900472e-06     -1.595667e-05     -1.054438e-06
2.400000e+02     3.702488e-06     -1.023930e-05     2.716023e-06
2.403000e+02     5.313085e-06     -5.938839e-06     6.036489e-06
2.406000e+02     2.397604e-06     -8.305084e-06     1.011072e-05
2.409000e+02     3.747793e-06     -1.151972e-05     1.428463e-05
2.412000e+02     3.299401e-06     -9.929374e-06     1.709910e-05
2.415000e+02     -1.343694e-06     -5.913474e-06     1.662616e-05
2.418000e+02     -5.781197e-06     -1.408269e-06     9.843171e-06
2.421000e+02     -1.027420e-05     6.108203e-06     2.034786e-06
2.424000e+02     -1.127863e-05     1.860378e-05     -2.985600e-06
2.427000e+02     -1.124049e-05     2.608386e-05     -5.298472e-06
2.430000e+02     -8.163078e-06     2.769352e-05     -6.896407e-06
2.433000e+02     -6.731388e-06     1.886325e-05     -8.526871e-06
2.436000e+02     -7.255039e-06     8.494244e-06     -1.117399e-05
2.439000e+02     -7.132425e-06     -1.685723e-06     -1.084611e-05
2.442000e+02     -7.999447e-06     -1.251774e-05     -8.669203e-06
2.445000e+02     -5.096845e-06     -1.748467e-05     -6.980851e-06
2.448000e+02     2.090375e-06     -1.433027e-05     -4.896572e-06
2.451000e+02     1.167554e-05     -8.905036e-06     -1.479622e-06
2.454000e+02     1.755632e-05     -4.784379e-06     1.753722e-06
2.457000e+02     1.781488e-05     -5.341025e-06     4.096233e-06
2.460000e+02     1.343204e-05     -4.921626e-06     7.137860e-06
2.463000e+02     7.389045e-06     -2.912691e-06     9.457280e-06
2.466000e+02     2.066626e-06     -1.536646e-06     1.000874e-05
2.469000e+02     -4.783076e-06     5.532052e-07     8.652142e-06
2.472000e+02     -9.677220e-06     5.325037e-06     5.837850e-06
2.475000e+02     -9.413947e-06     1.159163e-05     1.328186e-06
2.478000e+02     -8.452385e-06     1.656012e-05     -2.957999e-06
2.481000e+02     -7.956036e-06     1.694797e-05     -7.191449e-06
2.484000e+02     -4.326114e-06     1.015467e-05     -8.805589e-06
2.487000e+02     1.196792e-06     -1.169629e-06     -4.935756e-06
2.490000e+02     5.486048e-06     -7.622604e-06     1.048616e-07
2.493000e+02     1.045974e-05     -7.855551e-06     3.340034e-06
2.496000e+02     1.432571e-05     -1.800104e-06     3.240999e-06
2.499000e+02     1.367318e-05     4.191117e-06     1.303141e-06
2.502000e+02     8.806218e-06     5.059543e-06     -1.329428e-06
2.505000e+02     2.603344e-06     4.816850e-06     -3.749036e-06
2.508000e+02     -1.339309e-06     2.094393e-06     -4.828277e-06
2.511000e+02     -5.495042e-06     5.004848e-07     -4.570887e-06
2.514000e+02     -7.537042e-06     -1.627503e-06     -3.915284e-06
2.517000e+02     -7.194877e-06     -7.229003e-06     -1.515764e-06
2.520000e+02     -5.759999e-06     -1.464539e-05     6.577683e-07
2.523000e+02     -3.643182e-06     -1.704531e-05     1.706630e-06
2.526000e+02     2.602335e-07     -1.964574e-05     2.338812e-06
2.529000e+02     1.967826e-06     -1.826864e-05     3.308411e-06
2.532000e+02     4.039919e-07     -9.126950e-06     4.186589e-06
2.535000e+02     -5.668630e-06     3.052317e-06     4.472971e-06
2.538000e+02     -1.034081e-05     1.257147e-05     2.989253e-06
2.541000e+02     -1.160329e-05     1.901266e-05     8.898096e-07
2.544000e+02     -1.000145e-05     2.174560e-05     1.047508e-07
2.547000e+02     -8.153162e-06     2.191176e-05     1.402859e-06
2.550000e+02     -8.041932e-06     1.691924e-05     2.515643e-06
2.553000e+02     -6.374792e-06     1.059092e-05     2.338528e-06
2.556000e+02     -4.381587e-06     5.280289e-06     1.444070e-07
2.559000e+02     -1.928935e-07     6.446506e-07     -4.984842e-06
2.562000e+02     4.742131e-06     -3.251311e-06     -9.563614e-06
2.565000e+02     8.259945e-06     -5.265698e-06     -1.062906e-05
2.568000e+02     1.074170e-05     -9.021811e-06     -8.381346e-06
2.571000e+02     1.338133e-05     -1.141370e-05     -3.461919e-06
2.574000e+02     1.356909e-05     -1.134294e-05     -4.784379e-07
2.577000e+02     1.198087e-05     -1.019957e-05     1.348896e-06
2.580000e+02     6.819402e-06     -6.867976e-06     3.264714e-06
2.583000e+02     1.789033e-06     -3.459205e-06     5.245201e-06
2.586000e+02     -3.762702e-06     -1.556312e-06     7.101108e-06
2.589000e+02     -9.025354e-06     1.067039e-06     9.137839e-06
2.592000e+02     -1.092824e-05     6.121643e-06     1.049868e-05
2.595000e+02     -1.213520e-05     1.109349e-05     8.633110e-06
2.598000e+02     -1.158041e-05     9.773450e-06     2.911287e-06
2.601000e+02     -8.678386e-06     5.447375e-06     -4.692329e-06
2.604000e+02     -4.070623e-06     1.500259e-06     -1.034823e-05
2.607000e+02     2.226778e-06     -2.998426e-06     -1.160623e-05
2.610000e+02     8.230236e-06     -4.398118e-06     -9.452813e-06
2.613000e+02     1.180718e-05     -3.467990e-06     -6.615580e-06
2.616000e+02     1.274765e-05     -1.231454e-06     -3.892607e-06
2.619000e+02     1.040318e-05     -1.056533e-06     -6.700241e-07
2.622000e+02     6.494337e-06     -1.253645e-06     1.904197e-06
2.625000e+02     1.971843e-06     -5.486111e-06     4.450505e-06
2.628000e+02     -3.711386e-06     -6.967999e-06     6.088551e-06
2.631000e+02     -8.020430e-06     -3.674926e-06     6.683405e-06
2.634000e+02     -8.747697e-06     1.830421e-06     5.958682e-06
2.637000e+02     -7.710104e-06     8.302518e-06     2.605634e-06
2.640000e+02     -5.623394e-06     1.107429e-05     -1.321186e-06
2.643000e+02     -3.135288e-06     8.829991e-06     -3.569206e-06
2.646000e+02     2.004822e-07     4.620969e-06     -4.566908e-06
2.649000e+02     1.301768e-06     2.305142e-06     -3.671208e-06
2.652000e+02     -4.982797e-07     1.172293e-06     -1.102996e-06
2.655000e+02     -2.635371e-06     -1.012365e-06     1.851760e-06
2.658000e+02     -4.646911e-06     -2.198537e-06     4.261006e-06
2.661000e+02     -5.673710e-06     -3.995077e-06     6.237723e-06
2.664000e+02     -2.966861e-06     -4.570402e-06     5.030555e-06
2.667000e+02     3.991200e-07     -3.378738e-06     -3.087149e-07
2.670000e+02     3.447416e-06     1.072652e-06     -5.454217e-06
2.673000e+02     6.041124e-06     6.246168e-06     -7.889843e-06
2.676000e+02     8.169121e-06     8.279241e-06     -8.065653e-06
2.679000e+02     1.100135e-05     5.957327e-06     -7.748492e-06
2.682000e+02     1.381205e-05     6.227048e-08     -6.000960e-06
2.685000e+02     1.342753e-05     -4.444221e-06     -1.713561e-06
2.688000e+02     1.033713e-05     -7.611095e-06     3.069476e-06
2.691000e+02     4.845595e-06     -9.793297e-06     7.176486e-06
2.694000e+02     -9.865334e-07     -8.179004e-06     1.011337e-05
2.697000e+02     -6.758284e-06     -4.602896e-06     9.242905e-06
2.700000e+02     -1.284366e-05     -4.755151e-08     6.142047e-06
2.703000e+02     -1.783339e-05     5.609369e-06     2.064747e-06
2.706000e+02     -2.141991e-05     1.063873e-05     -2.643541e-06
2.709000e+02     -2.061401e-05     1.188198e-05     -5.049419e-06
2.712000e+02     -1.521290e-05     9.366066e-06     -4.347733e-06
2.715000e+02     -8.724745e-06     5.413666e-06     -1.403607e-06
2.718000e+02     -1.922376e-06     5.008817e-07     1.281334e-06
2.721000e+02     4.342767e-06     -5.384037e-06     3.199357e-06
2.724000e+02     8.455424e-06     -1.123805e-05     4.985237e-06
2.727000e+02     1.028595e-05     -1.385799e-05     3.606455e-06
2.730000e+02     1.193872e-05     -1.074514e-05     -8.797801e-07
2.733000e+02     1.235420e-05     -3.030513e-06     -5.932817e-06
2.736000e+02     1.021059e-05     4.514572e-06     -9.753744e-06
2.739000e+02     6.525075e-06     9.158852e-06     -1.044490e-05
2.742000e+02     2.001587e-06     1.060707e-05     -7.308761e-06
2.745000e+02     -2.279170e-06     9.092308e-06     -1.773733e-06
2.748000e+02     -5.945731e-06     4.798685e-06     3.074442e-06
2.751000e+02     -8.127597e-06     -9.080380e-07     5.811599e-06
2.754000e+02     -8.520684e-06     -3.495402e-06     6.000267e-06
2.757000e+02     -8.246563e-06     -2.532889e-06     3.783282e-06
2.760000e+02     -6.247611e-06     5.671397e-07     6.279992e-07
2.763000e+02     -2.488718e-06     2.351894e-06     -2.474474e-06
2.766000e+02     8.978999e-07     3.090965e-06     -4.980339e-06
2.769000e+02     2.073063e-06     2.402632e-06     -5.750943e-06
2.772000e+02     2.038523e-06     1.897810e-06     -5.200481e-06
2.775000e+02     2.276169e-06     1.590524e-06     -4.617556e-06
2.778000e+02     3.696827e-06     1.242369e-06     -3.949620e-06
2.781000e+02     5.962661e-06     1.126434e-06     -2.159698e-06
2.784000e+02     7.670714e-06     8.057351e-09     5.278501e-07
2.787000e+02     7.651941e-06     -2.671423e-06     4.563988e-06
2.790000e+02     5.491061e-06     -5.408584e-06     8.733115e-06
2.793000e+02     9.709818e-07     -5.530925e-06     1.039847e-05
2.796000e+02     -3.511535e-06     -3.055327e-06     9.901774e-06
2.799000e+02     -6.848227e-06     -5.394416e-07     8.157236e-06
2.802000e+02     -8.360970e-06     5.379418e-07     5.384391e-06
2.805000e+02     -7.886248e-06     8.492739e-07     2.526348e-06
2.808000e+02     -6.675123e-06     3.590668e-07     -1.409975e-06
2.811000e+02     -5.415919e-06     9.826520e-07     -5.894015e-06
2.814000e+02     -3.877633e-06     1.170412e-06     -8.952026e-06
2.817000e+02     -2.497943e-06     1.680143e-06     -1.031792e-05
2.820000e+02     -8.947610e-07     8.733100e-07     -9.528684e-06
2.823000e+02     7.958797e-07     -1.674155e-07     -7.176984e-06
2.826000e+02     3.150652e-06     -6.785006e-07     -3.251877e-06
2.829000e+02     6.185539e-06     8.775671e-07     5.791544e-07
2.832000e+02     7.229905e-06     3.745246e-06     3.086746e-06
2.835000e+02     6.167926e-06     6.107624e-06     4.218027e-06
2.838000e+02     4.825190e-06     5.926659e-06     4.613592e-06
2.841000e+02     3.689988e-06     4.505112e-06     3.963314e-06
2.844000e+02     2.076887e-06     5.511610e-07     2.532716e-06
2.847000e+02     -8.123721e-07     -4.847303e-06     1.855286e-06
2.850000e+02     -4.036513e-06     -7.487652e-06     1.265654e-06
2.853000e+02     -5.418534e-06     -7.096271e-06     5.771123e-07
2.856000e+02     -4.621186e-06     -5.003987e-06     3.792074e-08
2.859000e+02     -2.242835e-06     -1.285276e-06     -3.441834e-07
2.862000e+02     9.474483e-07     4.362131e-06     -5.856322e-07
2.865000e+02     3.772379e-06     7.734230e-06     -1.005514e-06
2.868000e+02     4.780947e-06     6.507427e-06     -2.369618e-07
2.871000e+02     4.992361e-06     3.393216e-06     1.984238e-06
2.874000e+02     4.707363e-06     4.701312e-07     3.891841e-06
2.877000e+02     2.441285e-06     -1.044473e-06     4.281925e-06
2.880000e+02     -1.867481e-06     -3.427395e-06     2.454935e-06
2.883000e+02     -6.446627e-06     -5.654579e-06     -2.269831e-07
2.886000e+02     -9.530862e-06     -5.342429e-06     -2.657258e-06
2.889000e+02     -9.133171e-06     -3.758395e-06     -3.702749e-06
2.892000e+02     -6.075879e-06     -2.552571e-06     -4.092800e-06
2.895000e+02     -2.461434e-06     -4.312451e-07     -4.112208e-06
2.898000e+02     -5.070961e-07     2.908701e-06     -2.185312e-06
2.901000e+02     5.463651e-07     7.146189e-06     9.809007e-07
2.904000e+02     2.182671e-06     9.877134e-06     1.944287e-06
2.907000e+02     2.943462e-06     1.188423e-05     -4.932707e-07
2.910000e+02     2.027369e-06     1.070121e-05     -4.015334e-06
2.913000e+02     1.176570e-06     5.284056e-06     -7.128568e-06
2.916000e+02     1.693319e-06     -2.225413e-06     -7.489435e-06
2.919000e+02     2.588881e-06     -6.542524e-06     -6.188965e-06
2.922000e+02     2.190448e-06     -7.059163e-06     -5.313972e-06
2.925000e+02     8.470523e-07     -4.133396e-06     -4.381670e-06
2.928000e+02     -1.681992e-06     -4.238890e-07     -2.779597e-06
2.931000e+02     -4.474307e-06     2.124685e-06     7.709617e-07
2.934000e+02     -6.294271e-06     2.666549e-06     5.617245e-06
2.937000e+02     -5.721192e-06     9.516198e-07     8.664751e-06
2.940000e+02     -3.585070e-06     -1.069037e-06     8.600061e-06
2.943000e+02     -1.734375e-06     -2.888835e-06     8.120877e-06
2.946000e+02     6.908083e-08     -3.316194e-06     8.060937e-06
2.949000e+02     2.078194e-06     -2.872489e-06     7.295668e-06
2.952000e+02     3.341103e-06     -1.596646e-06     5.228156e-06
2.955000e+02     3.336866e-06     -2.213511e-07     3.051164e-06
2.958000e+02     3.072888e-06     8.112333e-07     9.609368e-07
2.961000e+02     2.484982e-06     1.320949e-06     -6.501363e-07
2.964000e+02     1.387590e-06     1.937557e-06     -1.644733e-06
2.967000e+02     3.965132e-07     2.509184e-06     -3.475903e-06
2.970000e+02     -1.026585e-06     3.150619e-06     -5.648839e-06
2.973000e+02     -2.206227e-06     3.539811e-06     -7.076093e-06
2.976000e+02     -3.376637e-06     3.576021e-06     -7.349278e-06
2.979000e+02     -2.760867e-06     5.591025e-06     -6.811563e-06
2.982000e+02     2.899851e-07     7.496089e-06     -5.199925e-06
2.985000e+02     3.447279e-06     8.365585e-06     -2.368534e-06
2.988000e+02     4.723065e-06     7.156467e-06     1.283719e-06
2.991000e+02     3.821977e-06     3.458230e-06     3.905120e-06
2.994000e+02     5.006781e-07     -2.571353e-06     4.570177e-06
2.997000e+02     -4.204706e-06     -6.967640e-06     4.004437e-06
3.000000e+02     -6.531579e-06     -9.139935e-06     2.881708e-06
3.003000e+02     -5.681284e-06     -9.105891e-06     7.743336e-07
3.006000e+02     -4.233303e-06     -6.367928e-06     -1.685024e-06
3.009000e+02     -3.196970e-06     -3.322978e-06     -3.140726e-06
3.012000e+02     -3.609574e-06     2.097707e-07     -2.447073e-06
3.015000e+02     -3.816131e-06     4.269122e-06     7.528226e-07
3.018000e+02     -2.306772e-06     6.370614e-06     3.828182e-06
3.021000e+02     6.955125e-07     6.111181e-06     4.340961e-06
3.024000e+02     4.423652e-06     4.873786e-06     2.703512e-06
3.027000e+02     7.842656e-06     1.101657e-06     -1.068239e-07
3.030000e+02     9.315125e-06     -2.780037e-06     -3.158271e-06
3.033000e+02     8.754152e-06     -5.628065e-06     -5.257258e-06
3.036000e+02     7.702205e-06     -6.816022e-06     -6.553465e-06
3.039000e+02     5.539500e-06     -8.355577e-06     -6.940142e-06
3.042000e+02     2.254634e-06     -9.307458e-06     -5.461083e-06
3.045000e+02     -1.373906e-06     -7.345888e-06     -2.203308e-06
3.048000e+02     -5.235772e-06     -2.578954e-06     1.402594e-06
3.051000e+02     -7.259989e-06     3.244620e-06     3.160671e-06
3.054000e+02     -8.197294e-06     7.760471e-06     3.059306e-06
3.057000e+02     -9.103491e-06     1.082257e-05     2.636110e-06
3.060000e+02     -9.673662e-06     1.335288e-05     3.534843e-06
3.063000e+02     -8.605831e-06     1.410580e-05     4.580397e-06
3.066000e+02     -5.152080e-06     1.330620e-05     4.791887e-06
3.069000e+02     -1.968354e-08     1.195445e-05     3.765838e-06
