  0.00000E+00 -0.67222E-13 -0.68206E-12  0.99129E-12
  0.30000E+00 -0.40539E-12 -0.53390E-11  0.78129E-11
  0.60000E+00 -0.79921E-12 -0.21596E-10  0.31666E-10
  0.90000E+00  0.12079E-11 -0.61849E-10  0.90276E-10
  0.12000E+01  0.13061E-10 -0.14317E-09  0.20676E-09
  0.15000E+01  0.49786E-10 -0.28671E-09  0.40814E-09
  0.18000E+01  0.13554E-09 -0.51630E-09  0.72352E-09
  0.21000E+01  0.30371E-09 -0.85669E-09  0.11823E-08
  0.24000E+01  0.59526E-09 -0.13320E-08  0.18128E-08
  0.27000E+01  0.10552E-08 -0.19649E-08  0.26414E-08
  0.30000E+01  0.17279E-08 -0.27767E-08  0.36926E-08
  0.33000E+01  0.26524E-08 -0.37864E-08  0.49889E-08
  0.36000E+01  0.38589E-08 -0.50078E-08  0.65495E-08
  0.39000E+01  0.53660E-08 -0.64469E-08  0.83883E-08
  0.42000E+01  0.71788E-08 -0.80991E-08  0.10511E-07
  0.45000E+01  0.92890E-08 -0.99474E-08  0.12913E-07
  0.48000E+01  0.11676E-07 -0.11960E-07  0.15580E-07
  0.51000E+01  0.14306E-07 -0.14089E-07  0.18482E-07
  0.54000E+01  0.17132E-07 -0.16275E-07  0.21581E-07
  0.57000E+01  0.20094E-07 -0.18444E-07  0.24824E-07
  0.60000E+01  0.23117E-07 -0.20520E-07  0.28152E-07
  0.63000E+01  0.26116E-07 -0.22419E-07  0.31499E-07
  0.66000E+01  0.29001E-07 -0.24058E-07  0.34797E-07
  0.69000E+01  0.31680E-07 -0.25353E-07  0.37971E-07
  0.72000E+01  0.34068E-07 -0.26224E-07  0.40949E-07
  0.75000E+01  0.36084E-07 -0.26597E-07  0.43651E-07
  0.78000E+01  0.37654E-07 -0.26408E-07  0.45997E-07
  0.81000E+01  0.38711E-07 -0.25604E-07  0.47908E-07
  0.84000E+01  0.39192E-07 -0.24140E-07  0.49301E-07
  0.87000E+01  0.39040E-07 -0.21986E-07  0.50095E-07
  0.90000E+01  0.38203E-07 -0.19126E-07  0.50211E-07
  0.93000E+01  0.36635E-07 -0.15555E-07  0.49576E-07
  0.96000E+01  0.34302E-07 -0.11285E-07  0.48129E-07
  0.99000E+01  0.31181E-07 -0.63400E-08  0.45822E-07
  0.10200E+02  0.27268E-07 -0.75782E-09  0.42622E-07
  0.10500E+02  0.22577E-07  0.54109E-08  0.38510E-07
  0.10800E+02  0.17137E-07  0.12104E-07  0.33487E-07
  0.11100E+02  0.10992E-07  0.19254E-07  0.27565E-07
  0.11400E+02  0.41980E-08  0.26785E-07  0.20773E-07
  0.11700E+02 -0.31859E-08  0.34618E-07  0.13148E-07
  0.12000E+02 -0.11095E-07  0.42663E-07  0.47405E-08
  0.12300E+02 -0.19457E-07  0.50817E-07 -0.43904E-08
  0.12600E+02 -0.28196E-07  0.58960E-07 -0.14175E-07
  0.12900E+02 -0.37222E-07  0.66962E-07 -0.24531E-07
  0.13200E+02 -0.46441E-07  0.74682E-07 -0.35363E-07
  0.13500E+02 -0.55746E-07  0.81980E-07 -0.46563E-07
  0.13800E+02 -0.65029E-07  0.88718E-07 -0.58005E-07
  0.14100E+02 -0.74170E-07  0.94767E-07 -0.69558E-07
  0.14400E+02 -0.83046E-07  0.10001E-06 -0.81084E-07
  0.14700E+02 -0.91530E-07  0.10434E-06 -0.92444E-07
  0.15000E+02 -0.99497E-07  0.10765E-06 -0.10350E-06
  0.15300E+02 -0.10682E-06  0.10984E-06 -0.11413E-06
  0.15600E+02 -0.11340E-06  0.11084E-06 -0.12420E-06
  0.15900E+02 -0.11911E-06  0.11054E-06 -0.13357E-06
  0.16200E+02 -0.12385E-06  0.10888E-06 -0.14213E-06
  0.16500E+02 -0.12754E-06  0.10578E-06 -0.14973E-06
  0.16800E+02 -0.13008E-06  0.10120E-06 -0.15627E-06
  0.17100E+02 -0.13139E-06  0.95113E-07 -0.16165E-06
  0.17400E+02 -0.13141E-06  0.87513E-07 -0.16576E-06
  0.17700E+02 -0.13007E-06  0.78416E-07 -0.16853E-06
  0.18000E+02 -0.12731E-06  0.67855E-07 -0.16989E-06
  0.18300E+02 -0.12310E-06  0.55881E-07 -0.16979E-06
  0.18600E+02 -0.11740E-06  0.42564E-07 -0.16817E-06
  0.18900E+02 -0.11022E-06  0.27994E-07 -0.16499E-06
  0.19200E+02 -0.10158E-06  0.12289E-07 -0.16022E-06
  0.19500E+02 -0.91537E-07 -0.44078E-08 -0.15384E-06
  0.19800E+02 -0.80158E-07 -0.21930E-07 -0.14586E-06
  0.20100E+02 -0.67534E-07 -0.40092E-07 -0.13631E-06
  0.20400E+02 -0.53768E-07 -0.58699E-07 -0.12525E-06
  0.20700E+02 -0.38975E-07 -0.77548E-07 -0.11274E-06
  0.21000E+02 -0.23276E-07 -0.96437E-07 -0.98881E-07
  0.21300E+02 -0.68033E-08 -0.11517E-06 -0.83773E-07
  0.21600E+02  0.10303E-07 -0.13354E-06 -0.67537E-07
  0.21900E+02  0.27894E-07 -0.15135E-06 -0.50304E-07
  0.22200E+02  0.45812E-07 -0.16843E-06 -0.32220E-07
  0.22500E+02  0.63894E-07 -0.18460E-06 -0.13438E-07
  0.22800E+02  0.81972E-07 -0.19968E-06  0.58784E-08
  0.23100E+02  0.99877E-07 -0.21352E-06  0.25561E-07
  0.23400E+02  0.11744E-06 -0.22599E-06  0.45437E-07
  0.23700E+02  0.13449E-06 -0.23696E-06  0.65331E-07
  0.24000E+02  0.15086E-06 -0.24631E-06  0.85072E-07
  0.24300E+02  0.16640E-06 -0.25393E-06  0.10449E-06
  0.24600E+02  0.18095E-06 -0.25973E-06  0.12343E-06
  0.24900E+02  0.19435E-06 -0.26362E-06  0.14171E-06
  0.25200E+02  0.20648E-06 -0.26553E-06  0.15920E-06
  0.25500E+02  0.21719E-06 -0.26540E-06  0.17573E-06
  0.25800E+02  0.22636E-06 -0.26321E-06  0.19117E-06
  0.26100E+02  0.23390E-06 -0.25893E-06  0.20537E-06
  0.26400E+02  0.23971E-06 -0.25255E-06  0.21820E-06
  0.26700E+02  0.24372E-06 -0.24409E-06  0.22956E-06
  0.27000E+02  0.24587E-06 -0.23356E-06  0.23934E-06
  0.27300E+02  0.24612E-06 -0.22102E-06  0.24744E-06
  0.27600E+02  0.24445E-06 -0.20652E-06  0.25377E-06
  0.27900E+02  0.24083E-06 -0.19016E-06  0.25827E-06
  0.28200E+02  0.23527E-06 -0.17206E-06  0.26086E-06
  0.28500E+02  0.22779E-06 -0.15236E-06  0.26152E-06
  0.28800E+02  0.21841E-06 -0.13123E-06  0.26021E-06
  0.29100E+02  0.20719E-06 -0.10887E-06  0.25695E-06
  0.29400E+02  0.19420E-06 -0.85462E-07  0.25176E-06
  0.29700E+02  0.17953E-06 -0.61215E-07  0.24470E-06
  0.30000E+02  0.16331E-06 -0.36335E-07  0.23582E-06
  0.30300E+02  0.14567E-06 -0.11031E-07  0.22523E-06
  0.30600E+02  0.12677E-06  0.14491E-07  0.21304E-06
  0.30900E+02  0.10680E-06  0.40023E-07  0.19935E-06
  0.31200E+02  0.85932E-07  0.65358E-07  0.18429E-06
  0.31500E+02  0.64368E-07  0.90293E-07  0.16800E-06
  0.31800E+02  0.42296E-07  0.11463E-06  0.15063E-06
  0.32100E+02  0.19905E-07  0.13819E-06  0.13233E-06
  0.32400E+02 -0.26268E-08  0.16079E-06  0.11325E-06
  0.32700E+02 -0.25128E-07  0.18229E-06  0.93568E-07
  0.33000E+02 -0.47437E-07  0.20252E-06  0.73442E-07
  0.33300E+02 -0.69399E-07  0.22136E-06  0.53044E-07
  0.33600E+02 -0.90866E-07  0.23869E-06  0.32544E-07
  0.33900E+02 -0.11169E-06  0.25439E-06  0.12108E-07
  0.34200E+02 -0.13174E-06  0.26836E-06 -0.81055E-08
  0.34500E+02 -0.15087E-06  0.28052E-06 -0.27943E-07
  0.34800E+02 -0.16895E-06  0.29079E-06 -0.47260E-07
  0.35100E+02 -0.18585E-06  0.29911E-06 -0.65923E-07
  0.35400E+02 -0.20145E-06  0.30544E-06 -0.83808E-07
  0.35700E+02 -0.21563E-06  0.30976E-06 -0.10080E-06
  0.36000E+02 -0.22829E-06  0.31207E-06 -0.11681E-06
  0.36300E+02 -0.23933E-06  0.31241E-06 -0.13177E-06
  0.36600E+02 -0.24867E-06  0.31084E-06 -0.14564E-06
  0.36900E+02 -0.25623E-06  0.30748E-06 -0.15838E-06
  0.37200E+02 -0.26195E-06  0.30242E-06 -0.16992E-06
  0.37500E+02 -0.26580E-06  0.29566E-06 -0.17999E-06
  0.37800E+02 -0.26780E-06  0.28703E-06 -0.18815E-06
  0.38100E+02 -0.26801E-06  0.27616E-06 -0.19383E-06
  0.38400E+02 -0.26657E-06  0.26256E-06 -0.19653E-06
  0.38700E+02 -0.26360E-06  0.24573E-06 -0.19591E-06
  0.39000E+02 -0.25925E-06  0.22532E-06 -0.19183E-06
  0.39300E+02 -0.25367E-06  0.20118E-06 -0.18445E-06
  0.39600E+02 -0.24696E-06  0.17342E-06 -0.17414E-06
  0.39900E+02 -0.23923E-06  0.14240E-06 -0.16143E-06
  0.40200E+02 -0.23058E-06  0.10864E-06 -0.14690E-06
  0.40500E+02 -0.22108E-06  0.72806E-07 -0.13128E-06
  0.40800E+02 -0.21078E-06  0.35807E-07 -0.11546E-06
  0.41100E+02 -0.19974E-06 -0.12443E-08 -0.10037E-06
  0.41400E+02 -0.18795E-06 -0.37092E-07 -0.86850E-07
  0.41700E+02 -0.17544E-06 -0.70461E-07 -0.75602E-07
  0.42000E+02 -0.16221E-06 -0.10019E-06 -0.67111E-07
  0.42300E+02 -0.14832E-06 -0.12544E-06 -0.61523E-07
  0.42600E+02 -0.13387E-06 -0.14583E-06 -0.58608E-07
  0.42900E+02 -0.11899E-06 -0.16145E-06 -0.58051E-07
  0.43200E+02 -0.10383E-06 -0.17250E-06 -0.59808E-07
  0.43500E+02 -0.88514E-07 -0.17902E-06 -0.64043E-07
  0.43800E+02 -0.73100E-07 -0.18086E-06 -0.70847E-07
  0.44100E+02 -0.57650E-07 -0.17781E-06 -0.80097E-07
  0.44400E+02 -0.42229E-07 -0.16981E-06 -0.91428E-07
  0.44700E+02 -0.26908E-07 -0.15694E-06 -0.10441E-06
  0.45000E+02 -0.11740E-07 -0.13929E-06 -0.11881E-06
  0.45300E+02  0.32579E-08 -0.11683E-06 -0.13457E-06
  0.45600E+02  0.18107E-07 -0.89491E-07 -0.15168E-06
  0.45900E+02  0.32855E-07 -0.57171E-07 -0.17009E-06
  0.46200E+02  0.47572E-07 -0.19785E-07 -0.18972E-06
  0.46500E+02  0.62328E-07  0.22636E-07 -0.21032E-06
  0.46800E+02  0.77172E-07  0.69804E-07 -0.23134E-06
  0.47100E+02  0.92121E-07  0.12115E-06 -0.25214E-06
  0.47400E+02  0.10717E-06  0.17594E-06 -0.27206E-06
  0.47700E+02  0.12231E-06  0.23327E-06 -0.29044E-06
  0.48000E+02  0.13749E-06  0.29209E-06 -0.30652E-06
  0.48300E+02  0.15264E-06  0.35113E-06 -0.31952E-06
  0.48600E+02  0.16769E-06  0.40903E-06 -0.32882E-06
  0.48900E+02  0.18257E-06  0.46443E-06 -0.33387E-06
  0.49200E+02  0.19717E-06  0.51594E-06 -0.33405E-06
  0.49500E+02  0.21137E-06  0.56206E-06 -0.32887E-06
  0.49800E+02  0.22499E-06  0.60118E-06 -0.31813E-06
  0.50100E+02  0.23783E-06  0.63175E-06 -0.30172E-06
  0.50400E+02  0.24967E-06  0.65238E-06 -0.27946E-06
  0.50700E+02  0.26025E-06  0.66174E-06 -0.25105E-06
  0.51000E+02  0.26932E-06  0.65854E-06 -0.21629E-06
  0.51300E+02  0.27659E-06  0.64158E-06 -0.17506E-06
  0.51600E+02  0.28181E-06  0.60978E-06 -0.12741E-06
  0.51900E+02  0.28472E-06  0.56230E-06 -0.73652E-07
  0.52200E+02  0.28512E-06  0.49864E-06 -0.14454E-07
  0.52500E+02  0.28286E-06  0.41872E-06  0.49327E-07
  0.52800E+02  0.27790E-06  0.32299E-06  0.11670E-06
  0.53100E+02  0.27021E-06  0.21251E-06  0.18649E-06
  0.53400E+02  0.25988E-06  0.88887E-07  0.25744E-06
  0.53700E+02  0.24702E-06 -0.45802E-07  0.32837E-06
  0.54000E+02  0.23179E-06 -0.18922E-06  0.39816E-06
  0.54300E+02  0.21435E-06 -0.33889E-06  0.46581E-06
  0.54600E+02  0.19486E-06 -0.49243E-06  0.53051E-06
  0.54900E+02  0.17347E-06 -0.64765E-06  0.59166E-06
  0.55200E+02  0.15031E-06 -0.80257E-06  0.64875E-06
  0.55500E+02  0.12553E-06 -0.95544E-06  0.70134E-06
  0.55800E+02  0.99336E-07 -0.11047E-05  0.74910E-06
  0.56100E+02  0.71928E-07 -0.12489E-05  0.79170E-06
  0.56400E+02  0.43572E-07 -0.13869E-05  0.82874E-06
  0.56700E+02  0.14579E-07 -0.15170E-05  0.85967E-06
  0.57000E+02 -0.14679E-07 -0.16380E-05  0.88385E-06
  0.57300E+02 -0.43768E-07 -0.17479E-05  0.90042E-06
  0.57600E+02 -0.72198E-07 -0.18449E-05  0.90844E-06
  0.57900E+02 -0.99440E-07 -0.19267E-05  0.90695E-06
  0.58200E+02 -0.12493E-06 -0.19909E-05  0.89502E-06
  0.58500E+02 -0.14808E-06 -0.20350E-05  0.87190E-06
  0.58800E+02 -0.16831E-06 -0.20566E-05  0.83710E-06
  0.59100E+02 -0.18509E-06 -0.20533E-05  0.79045E-06
  0.59400E+02 -0.19795E-06 -0.20232E-05  0.73213E-06
  0.59700E+02 -0.20652E-06 -0.19648E-05  0.66272E-06
  0.60000E+02 -0.21053E-06 -0.18774E-05  0.58316E-06
  0.60300E+02 -0.20987E-06 -0.17611E-05  0.49468E-06
  0.60600E+02 -0.20451E-06 -0.16168E-05  0.39878E-06
  0.60900E+02 -0.19455E-06 -0.14462E-05  0.29711E-06
  0.61200E+02 -0.18016E-06 -0.12516E-05  0.19133E-06
  0.61500E+02 -0.16158E-06 -0.10361E-05  0.83035E-07
  0.61800E+02 -0.13913E-06 -0.80306E-06 -0.26326E-07
  0.62100E+02 -0.11317E-06 -0.55621E-06 -0.13553E-06
  0.62400E+02 -0.84100E-07 -0.29933E-06 -0.24350E-06
  0.62700E+02 -0.52300E-07 -0.36172E-07 -0.34930E-06
  0.63000E+02 -0.18122E-07  0.22967E-06 -0.45196E-06
  0.63300E+02  0.18145E-07  0.49477E-06 -0.55045E-06
  0.63600E+02  0.56284E-07  0.75590E-06 -0.64362E-06
  0.63900E+02  0.96158E-07  0.10100E-05 -0.73010E-06
  0.64200E+02  0.13771E-06  0.12542E-05 -0.80838E-06
  0.64500E+02  0.18094E-06  0.14858E-05 -0.87690E-06
  0.64800E+02  0.22588E-06  0.17023E-05 -0.93418E-06
  0.65100E+02  0.27256E-06  0.19016E-05 -0.97909E-06
  0.65400E+02  0.32087E-06  0.20817E-05 -0.10111E-05
  0.65700E+02  0.37054E-06  0.22407E-05 -0.10304E-05
  0.66000E+02  0.42115E-06  0.23766E-05 -0.10378E-05
  0.66300E+02  0.47217E-06  0.24879E-05 -0.10349E-05
  0.66600E+02  0.52297E-06  0.25739E-05 -0.10236E-05
  0.66900E+02  0.57284E-06  0.26345E-05 -0.10059E-05
  0.67200E+02  0.62092E-06  0.26703E-05 -0.98334E-06
  0.67500E+02  0.66618E-06  0.26823E-05 -0.95700E-06
  0.67800E+02  0.70732E-06  0.26710E-05 -0.92718E-06
  0.68100E+02  0.74286E-06  0.26364E-05 -0.89356E-06
  0.68400E+02  0.77117E-06  0.25783E-05 -0.85539E-06
  0.68700E+02  0.79064E-06  0.24960E-05 -0.81181E-06
  0.69000E+02  0.79973E-06  0.23896E-05 -0.76221E-06
  0.69300E+02  0.79700E-06  0.22591E-05 -0.70647E-06
  0.69600E+02  0.78121E-06  0.21054E-05 -0.64509E-06
  0.69900E+02  0.75155E-06  0.19296E-05 -0.57903E-06
  0.70200E+02  0.70779E-06  0.17336E-05 -0.50944E-06
  0.70500E+02  0.65010E-06  0.15202E-05 -0.43717E-06
  0.70800E+02  0.57891E-06  0.12926E-05 -0.36251E-06
  0.71100E+02  0.49481E-06  0.10547E-05 -0.28518E-06
  0.71400E+02  0.39855E-06  0.81108E-06 -0.20448E-06
  0.71700E+02  0.29088E-06  0.56676E-06 -0.11961E-06
  0.72000E+02  0.17234E-06  0.32638E-06 -0.30096E-07
  0.72300E+02  0.43105E-07  0.93741E-07  0.63932E-07
  0.72600E+02 -0.97059E-07 -0.12863E-06  0.16147E-06
  0.72900E+02 -0.24857E-06 -0.33904E-06  0.26063E-06
  0.73200E+02 -0.41170E-06 -0.53587E-06  0.35888E-06
  0.73500E+02 -0.58639E-06 -0.71739E-06  0.45352E-06
  0.73800E+02 -0.77225E-06 -0.88183E-06  0.54197E-06
  0.74100E+02 -0.96857E-06 -0.10272E-05  0.62203E-06
  0.74400E+02 -0.11745E-05 -0.11514E-05  0.69225E-06
  0.74700E+02 -0.13893E-05 -0.12524E-05  0.75222E-06
  0.75000E+02 -0.16125E-05 -0.13293E-05  0.80242E-06
  0.75300E+02 -0.18437E-05 -0.13824E-05  0.84382E-06
  0.75600E+02 -0.20826E-05 -0.14130E-05  0.87737E-06
  0.75900E+02 -0.23292E-05 -0.14221E-05  0.90378E-06
  0.76200E+02 -0.25831E-05 -0.14105E-05  0.92351E-06
  0.76500E+02 -0.28442E-05 -0.13781E-05  0.93664E-06
  0.76800E+02 -0.31110E-05 -0.13244E-05  0.94308E-06
  0.77100E+02 -0.33811E-05 -0.12483E-05  0.94291E-06
  0.77400E+02 -0.36503E-05 -0.11495E-05  0.93688E-06
  0.77700E+02 -0.39133E-05 -0.10292E-05  0.92614E-06
  0.78000E+02 -0.41635E-05 -0.89082E-06  0.91141E-06
  0.78300E+02 -0.43934E-05 -0.73868E-06  0.89231E-06
  0.78600E+02 -0.45943E-05 -0.57768E-06  0.86723E-06
  0.78900E+02 -0.47567E-05 -0.41254E-06  0.83389E-06
  0.79200E+02 -0.48703E-05 -0.24747E-06  0.79031E-06
  0.79500E+02 -0.49249E-05 -0.85832E-07  0.73592E-06
  0.79800E+02 -0.49110E-05  0.69377E-07  0.67208E-06
  0.80100E+02 -0.48206E-05  0.21453E-06  0.60148E-06
  0.80400E+02 -0.46473E-05  0.34502E-06  0.52672E-06
  0.80700E+02 -0.43860E-05  0.45599E-06  0.44913E-06
  0.81000E+02 -0.40331E-05  0.54304E-06  0.36845E-06
  0.81300E+02 -0.35865E-05  0.60248E-06  0.28345E-06
  0.81600E+02 -0.30457E-05  0.63164E-06  0.19289E-06
  0.81900E+02 -0.24122E-05  0.62901E-06  0.96503E-07
  0.82200E+02 -0.16892E-05  0.59381E-06 -0.47773E-08
  0.82500E+02 -0.88287E-06  0.52532E-06 -0.10934E-06
  0.82800E+02 -0.20068E-08  0.42299E-06 -0.21579E-06
  0.83100E+02  0.94197E-06  0.28705E-06 -0.32327E-06
  0.83400E+02  0.19355E-05  0.11852E-06 -0.43124E-06
  0.83700E+02  0.29633E-05 -0.80754E-07 -0.53901E-06
  0.84000E+02  0.40089E-05 -0.30783E-06 -0.64529E-06
  0.84300E+02  0.50548E-05 -0.55867E-06 -0.74785E-06
  0.84600E+02  0.60830E-05 -0.82880E-06 -0.84368E-06
  0.84900E+02  0.70753E-05 -0.11135E-05 -0.92943E-06
  0.85200E+02  0.80143E-05 -0.14074E-05 -0.10016E-05
  0.85500E+02  0.88833E-05 -0.17048E-05 -0.10566E-05
  0.85800E+02  0.96674E-05 -0.19993E-05 -0.10905E-05
  0.86100E+02  0.10353E-04 -0.22843E-05 -0.10995E-05
  0.86400E+02  0.10928E-04 -0.25521E-05 -0.10801E-05
  0.86700E+02  0.11384E-04 -0.27952E-05 -0.10296E-05
  0.87000E+02  0.11713E-04 -0.30056E-05 -0.94672E-06
  0.87300E+02  0.11910E-04 -0.31752E-05 -0.83181E-06
  0.87600E+02  0.11972E-04 -0.32959E-05 -0.68669E-06
  0.87900E+02  0.11898E-04 -0.33608E-05 -0.51479E-06
  0.88200E+02  0.11688E-04 -0.33640E-05 -0.32128E-06
  0.88500E+02  0.11344E-04 -0.33015E-05 -0.11312E-06
  0.88800E+02  0.10872E-04 -0.31713E-05  0.10079E-06
  0.89100E+02  0.10275E-04 -0.29740E-05  0.30980E-06
  0.89400E+02  0.95600E-05 -0.27121E-05  0.50231E-06
  0.89700E+02  0.87327E-05 -0.23911E-05  0.66676E-06
  0.90000E+02  0.78007E-05 -0.20190E-05  0.79255E-06
  0.90300E+02  0.67721E-05 -0.16064E-05  0.87092E-06
  0.90600E+02  0.56557E-05 -0.11658E-05  0.89561E-06
  0.90900E+02  0.44611E-05 -0.71141E-06  0.86342E-06
  0.91200E+02  0.31992E-05 -0.25753E-06  0.77478E-06
  0.91500E+02  0.18819E-05  0.18211E-06  0.63425E-06
  0.91800E+02  0.52187E-06  0.59553E-06  0.45036E-06
  0.92100E+02 -0.86683E-06  0.97341E-06  0.23482E-06
  0.92400E+02 -0.22689E-05  0.13096E-05  0.13871E-08
  0.92700E+02 -0.36677E-05  0.16015E-05 -0.23567E-06
  0.93000E+02 -0.50459E-05  0.18505E-05 -0.46274E-06
  0.93300E+02 -0.63854E-05  0.20610E-05 -0.66789E-06
  0.93600E+02 -0.76682E-05  0.22401E-05 -0.84181E-06
  0.93900E+02 -0.88769E-05  0.23955E-05 -0.97857E-06
  0.94200E+02 -0.99955E-05  0.25347E-05 -0.10763E-05
  0.94500E+02 -0.11009E-04  0.26630E-05 -0.11371E-05
  0.94800E+02 -0.11907E-04  0.27833E-05 -0.11667E-05
  0.95100E+02 -0.12677E-04  0.28949E-05 -0.11723E-05
  0.95400E+02 -0.13314E-04  0.29937E-05 -0.11615E-05
  0.95700E+02 -0.13812E-04  0.30723E-05 -0.11403E-05
  0.96000E+02 -0.14169E-04  0.31211E-05 -0.11122E-05
  0.96300E+02 -0.14385E-04  0.31305E-05 -0.10781E-05
  0.96600E+02 -0.14461E-04  0.30925E-05 -0.10358E-05
  0.96900E+02 -0.14398E-04  0.30027E-05 -0.98061E-06
  0.97200E+02 -0.14199E-04  0.28612E-05 -0.90611E-06
  0.97500E+02 -0.13868E-04  0.26730E-05 -0.80565E-06
  0.97800E+02 -0.13407E-04  0.24474E-05 -0.67419E-06
  0.98100E+02 -0.12821E-04  0.21969E-05 -0.50981E-06
  0.98400E+02 -0.12116E-04  0.19353E-05 -0.31441E-06
  0.98700E+02 -0.11298E-04  0.16760E-05 -0.93255E-07
  0.99000E+02 -0.10376E-04  0.14301E-05  0.14609E-06
  0.99300E+02 -0.93611E-05  0.12047E-05  0.39501E-06
  0.99600E+02 -0.82656E-05  0.10028E-05  0.64495E-06
  0.99900E+02 -0.71035E-05  0.82354E-06  0.88861E-06
  0.10020E+03 -0.58896E-05  0.66441E-06  0.11210E-05
  0.10050E+03 -0.46392E-05  0.52240E-06  0.13398E-05
  0.10080E+03 -0.33670E-05  0.39545E-06  0.15453E-05
  0.10110E+03 -0.20872E-05  0.28292E-06  0.17385E-05
  0.10140E+03 -0.81241E-06  0.18568E-06  0.19193E-05
  0.10170E+03  0.44581E-06  0.10569E-06  0.20854E-05
  0.10200E+03  0.16773E-05  0.44917E-07  0.22325E-05
  0.10230E+03  0.28732E-05  0.37753E-08  0.23549E-05
  0.10260E+03  0.40251E-05 -0.20247E-07  0.24465E-05
  0.10290E+03  0.51250E-05 -0.32694E-07  0.25016E-05
  0.10320E+03  0.61649E-05 -0.40801E-07  0.25166E-05
  0.10350E+03  0.71371E-05 -0.51503E-07  0.24907E-05
  0.10380E+03  0.80337E-05 -0.69768E-07  0.24276E-05
  0.10410E+03  0.88470E-05 -0.97524E-07  0.23337E-05
  0.10440E+03  0.95691E-05 -0.13291E-06  0.22163E-05
  0.10470E+03  0.10193E-04 -0.17008E-06  0.20806E-05
  0.10500E+03  0.10711E-04 -0.20045E-06  0.19298E-05
  0.10530E+03  0.11119E-04 -0.21541E-06  0.17646E-05
  0.10560E+03  0.11411E-04 -0.20930E-06  0.15828E-05
  0.10590E+03  0.11584E-04 -0.18074E-06  0.13804E-05
  0.10620E+03  0.11638E-04 -0.13260E-06  0.11532E-05
  0.10650E+03  0.11572E-04 -0.71295E-07  0.89990E-06
  0.10680E+03  0.11390E-04 -0.54831E-08  0.62305E-06
  0.10710E+03  0.11096E-04  0.56081E-07  0.32834E-06
  0.10740E+03  0.10696E-04  0.10701E-06  0.23284E-07
  0.10770E+03  0.10201E-04  0.14432E-06 -0.28390E-06
  0.10800E+03  0.96177E-05  0.16777E-06 -0.58606E-06
  0.10830E+03  0.89586E-05  0.17856E-06 -0.87880E-06
  0.10860E+03  0.82339E-05  0.17791E-06 -0.11607E-05
  0.10890E+03  0.74543E-05  0.16567E-06 -0.14319E-05
  0.10920E+03  0.66302E-05  0.13963E-06 -0.16928E-05
  0.10950E+03  0.57716E-05  0.96202E-07 -0.19424E-05
  0.10980E+03  0.48887E-05  0.32019E-07 -0.21776E-05
  0.11010E+03  0.39918E-05 -0.54483E-07 -0.23931E-05
  0.11040E+03  0.30918E-05 -0.16197E-06 -0.25829E-05
  0.11070E+03  0.21993E-05 -0.28600E-06 -0.27419E-05
  0.11100E+03  0.13248E-05 -0.42014E-06 -0.28677E-05
  0.11130E+03  0.47790E-06 -0.55805E-06 -0.29604E-05
  0.11160E+03 -0.33332E-06 -0.69535E-06 -0.30229E-05
  0.11190E+03 -0.11024E-05 -0.83072E-06 -0.30589E-05
  0.11220E+03 -0.18244E-05 -0.96579E-06 -0.30712E-05
  0.11250E+03 -0.24963E-05 -0.11037E-05 -0.30603E-05
  0.11280E+03 -0.31154E-05 -0.12471E-05 -0.30243E-05
  0.11310E+03 -0.36801E-05 -0.13964E-05 -0.29594E-05
  0.11340E+03 -0.41884E-05 -0.15490E-05 -0.28623E-05
  0.11370E+03 -0.46383E-05 -0.17001E-05 -0.27316E-05
  0.11400E+03 -0.50277E-05 -0.18442E-05 -0.25687E-05
  0.11430E+03 -0.53545E-05 -0.19769E-05 -0.23780E-05
  0.11460E+03 -0.56169E-05 -0.20964E-05 -0.21651E-05
  0.11490E+03 -0.58138E-05 -0.22031E-05 -0.19352E-05
  0.11520E+03 -0.59451E-05 -0.22991E-05 -0.16915E-05
  0.11550E+03 -0.60113E-05 -0.23853E-05 -0.14350E-05
  0.11580E+03 -0.60140E-05 -0.24609E-05 -0.11652E-05
  0.11610E+03 -0.59556E-05 -0.25222E-05 -0.88186E-06
  0.11640E+03 -0.58394E-05 -0.25640E-05 -0.58682E-06
  0.11670E+03 -0.56697E-05 -0.25809E-05 -0.28437E-06
  0.11700E+03 -0.54515E-05 -0.25697E-05  0.18978E-07
  0.11730E+03 -0.51902E-05 -0.25296E-05  0.31614E-06
  0.11760E+03 -0.48916E-05 -0.24630E-05  0.60125E-06
  0.11790E+03 -0.45609E-05 -0.23734E-05  0.87092E-06
  0.11820E+03 -0.42028E-05 -0.22637E-05  0.11242E-05
  0.11850E+03 -0.38215E-05 -0.21356E-05  0.13615E-05
  0.11880E+03 -0.34207E-05 -0.19887E-05  0.15827E-05
  0.11910E+03 -0.30044E-05 -0.18221E-05  0.17860E-05
  0.11940E+03 -0.25770E-05 -0.16361E-05  0.19680E-05
  0.11970E+03 -0.21439E-05 -0.14331E-05  0.21243E-05
  0.12000E+03 -0.17114E-05 -0.12179E-05  0.22514E-05
  0.12030E+03 -0.12860E-05 -0.99670E-06  0.23481E-05
  0.12060E+03 -0.87373E-06 -0.77497E-06  0.24161E-05
  0.12090E+03 -0.47964E-06 -0.55630E-06  0.24586E-05
  0.12120E+03 -0.10729E-06 -0.34173E-06  0.24789E-05
  0.12150E+03  0.24130E-06 -0.13051E-06  0.24789E-05
  0.12180E+03  0.56525E-06  0.78380E-07  0.24585E-05
  0.12210E+03  0.86438E-06  0.28484E-06  0.24163E-05
  0.12240E+03  0.11387E-05  0.48717E-06  0.23510E-05
  0.12270E+03  0.13879E-05  0.68272E-06  0.22632E-05
  0.12300E+03  0.16115E-05  0.86921E-06  0.21557E-05
  0.12330E+03  0.18087E-05  0.10460E-05  0.20328E-05
  0.12360E+03  0.19785E-05  0.12145E-05  0.18987E-05
  0.12390E+03  0.21201E-05  0.13771E-05  0.17561E-05
  0.12420E+03  0.22326E-05  0.15358E-05  0.16054E-05
  0.12450E+03  0.23154E-05  0.16905E-05  0.14461E-05
  0.12480E+03  0.23682E-05  0.18387E-05  0.12777E-05
  0.12510E+03  0.23912E-05  0.19765E-05  0.11015E-05
  0.12540E+03  0.23849E-05  0.20999E-05  0.92084E-06
  0.12570E+03  0.23502E-05  0.22066E-05  0.74020E-06
  0.12600E+03  0.22883E-05  0.22964E-05  0.56357E-06
  0.12630E+03  0.22002E-05  0.23702E-05  0.39316E-06
  0.12660E+03  0.20869E-05  0.24291E-05  0.22913E-06
  0.12690E+03  0.19491E-05  0.24731E-05  0.70563E-07
  0.12720E+03  0.17877E-05  0.25007E-05 -0.83018E-07
  0.12750E+03  0.16042E-05  0.25102E-05 -0.23054E-06
  0.12780E+03  0.14014E-05  0.25005E-05 -0.36940E-06
  0.12810E+03  0.11834E-05  0.24727E-05 -0.49663E-06
  0.12840E+03  0.95498E-06  0.24291E-05 -0.61042E-06
  0.12870E+03  0.72160E-06  0.23729E-05 -0.71094E-06
  0.12900E+03  0.48814E-06  0.23061E-05 -0.80007E-06
  0.12930E+03  0.25855E-06  0.22292E-05 -0.88010E-06
  0.12960E+03  0.35591E-07  0.21413E-05 -0.95221E-06
  0.12990E+03 -0.17898E-06  0.20416E-05 -0.10159E-05
  0.13020E+03 -0.38397E-06  0.19301E-05 -0.10695E-05
  0.13050E+03 -0.57834E-06  0.18086E-05 -0.11115E-05
  0.13080E+03 -0.76093E-06  0.16794E-05 -0.11418E-05
  0.13110E+03 -0.93031E-06  0.15446E-05 -0.11618E-05
  0.13140E+03 -0.10849E-05  0.14053E-05 -0.11736E-05
  0.13170E+03 -0.12231E-05  0.12612E-05 -0.11783E-05
  0.13200E+03 -0.13432E-05  0.11119E-05 -0.11755E-05
  0.13230E+03 -0.14440E-05  0.95853E-06 -0.11633E-05
  0.13260E+03 -0.15243E-05  0.80348E-06 -0.11394E-05
  0.13290E+03 -0.15834E-05  0.65056E-06 -0.11030E-05
  0.13320E+03 -0.16211E-05  0.50335E-06 -0.10551E-05
  0.13350E+03 -0.16375E-05  0.36407E-06 -0.99780E-06
  0.13380E+03 -0.16328E-05  0.23309E-06 -0.93344E-06
  0.13410E+03 -0.16072E-05  0.10970E-06 -0.86300E-06
  0.13440E+03 -0.15606E-05 -0.66836E-08 -0.78624E-06
  0.13470E+03 -0.14931E-05 -0.11563E-06 -0.70257E-06
  0.13500E+03 -0.14047E-05 -0.21573E-06 -0.61241E-06
  0.13530E+03 -0.12966E-05 -0.30556E-06 -0.51775E-06
  0.13560E+03 -0.11705E-05 -0.38468E-06 -0.42159E-06
  0.13590E+03 -0.10290E-05 -0.45399E-06 -0.32660E-06
  0.13620E+03 -0.87533E-06 -0.51508E-06 -0.23399E-06
  0.13650E+03 -0.71244E-06 -0.56921E-06 -0.14339E-06
  0.13680E+03 -0.54286E-06 -0.61657E-06 -0.53907E-07
  0.13710E+03 -0.36865E-06 -0.65648E-06  0.34617E-07
  0.13740E+03 -0.19160E-06 -0.68840E-06  0.12093E-06
  0.13770E+03 -0.13645E-07 -0.71285E-06  0.20288E-06
  0.13800E+03  0.16292E-06 -0.73165E-06  0.27873E-06
  0.13830E+03  0.33549E-06 -0.74715E-06  0.34802E-06
  0.13860E+03  0.50145E-06 -0.76116E-06  0.41162E-06
  0.13890E+03  0.65854E-06 -0.77432E-06  0.47056E-06
  0.13920E+03  0.80506E-06 -0.78634E-06  0.52490E-06
  0.13950E+03  0.93988E-06 -0.79698E-06  0.57320E-06
  0.13980E+03  0.10624E-05 -0.80679E-06  0.61323E-06
  0.14010E+03  0.11720E-05 -0.81716E-06  0.64314E-06
  0.14040E+03  0.12684E-05 -0.82953E-06  0.66235E-06
  0.14070E+03  0.13509E-05 -0.84444E-06  0.67137E-06
  0.14100E+03  0.14188E-05 -0.86126E-06  0.67084E-06
  0.14130E+03  0.14714E-05 -0.87865E-06  0.66055E-06
  0.14160E+03  0.15081E-05 -0.89561E-06  0.63946E-06
  0.14190E+03  0.15285E-05 -0.91216E-06  0.60660E-06
  0.14220E+03  0.15330E-05 -0.92916E-06  0.56215E-06
  0.14250E+03  0.15222E-05 -0.94744E-06  0.50790E-06
  0.14280E+03  0.14973E-05 -0.96702E-06  0.44652E-06
  0.14310E+03  0.14594E-05 -0.98699E-06  0.38035E-06
  0.14340E+03  0.14095E-05 -0.10062E-05  0.31066E-06
  0.14370E+03  0.13482E-05 -0.10240E-05  0.23777E-06
  0.14400E+03  0.12760E-05 -0.10406E-05  0.16213E-06
  0.14430E+03  0.11937E-05 -0.10567E-05  0.85028E-07
  0.14460E+03  0.11023E-05 -0.10725E-05  0.85822E-08
  0.14490E+03  0.10037E-05 -0.10872E-05 -0.65200E-07
  0.14520E+03  0.89950E-06 -0.10992E-05 -0.13540E-06
  0.14550E+03  0.79133E-06 -0.11073E-05 -0.20237E-06
  0.14580E+03  0.68016E-06 -0.11109E-05 -0.26700E-06
  0.14610E+03  0.56658E-06 -0.11101E-05 -0.32966E-06
  0.14640E+03  0.45105E-06 -0.11053E-05 -0.38970E-06
  0.14670E+03  0.33439E-06 -0.10963E-05 -0.44594E-06
  0.14700E+03  0.21782E-06 -0.10824E-05 -0.49762E-06
  0.14730E+03  0.10283E-06 -0.10632E-05 -0.54484E-06
  0.14760E+03 -0.91642E-08 -0.10388E-05 -0.58816E-06
  0.14790E+03 -0.11703E-06 -0.10105E-05 -0.62766E-06
  0.14820E+03 -0.21990E-06 -0.97954E-06 -0.66233E-06
  0.14850E+03 -0.31703E-06 -0.94658E-06 -0.69035E-06
  0.14880E+03 -0.40755E-06 -0.91141E-06 -0.71016E-06
  0.14910E+03 -0.49061E-06 -0.87330E-06 -0.72120E-06
  0.14940E+03 -0.56556E-06 -0.83175E-06 -0.72390E-06
  0.14970E+03 -0.63226E-06 -0.78672E-06 -0.71890E-06
  0.15000E+03 -0.69111E-06 -0.73840E-06 -0.70624E-06
  0.15030E+03 -0.74280E-06 -0.68649E-06 -0.68536E-06
  0.15060E+03 -0.78797E-06 -0.63003E-06 -0.65589E-06
  0.15090E+03 -0.82698E-06 -0.56778E-06 -0.61833E-06
  0.15120E+03 -0.86000E-06 -0.49898E-06 -0.57416E-06
  0.15150E+03 -0.88707E-06 -0.42372E-06 -0.52500E-06
  0.15180E+03 -0.90828E-06 -0.34274E-06 -0.47188E-06
  0.15210E+03 -0.92370E-06 -0.25676E-06 -0.41509E-06
  0.15240E+03 -0.93336E-06 -0.16606E-06 -0.35480E-06
  0.15270E+03 -0.93732E-06 -0.70817E-07 -0.29187E-06
  0.15300E+03 -0.93576E-06  0.28356E-07 -0.22786E-06
  0.15330E+03 -0.92914E-06  0.13000E-06 -0.16437E-06
  0.15360E+03 -0.91806E-06  0.23214E-06 -0.10222E-06
  0.15390E+03 -0.90316E-06  0.33292E-06 -0.41370E-07
  0.15420E+03 -0.88491E-06  0.43116E-06  0.18449E-07
  0.15450E+03 -0.86360E-06  0.52619E-06  0.77015E-07
  0.15480E+03 -0.83940E-06  0.61735E-06  0.13351E-06
  0.15510E+03 -0.81231E-06  0.70367E-06  0.18714E-06
  0.15540E+03 -0.78218E-06  0.78407E-06  0.23784E-06
  0.15570E+03 -0.74857E-06  0.85789E-06  0.28630E-06
  0.15600E+03 -0.71083E-06  0.92515E-06  0.33329E-06
  0.15630E+03 -0.66814E-06  0.98629E-06  0.37896E-06
  0.15660E+03 -0.61974E-06  0.10415E-05  0.42286E-06
  0.15690E+03 -0.56505E-06  0.10907E-05  0.46446E-06
  0.15720E+03 -0.50379E-06  0.11333E-05  0.50383E-06
  0.15750E+03 -0.43597E-06  0.11693E-05  0.54141E-06
  0.15780E+03 -0.36185E-06  0.11991E-05  0.57745E-06
  0.15810E+03 -0.28200E-06  0.12232E-05  0.61141E-06
  0.15840E+03 -0.19725E-06  0.12420E-05  0.64224E-06
  0.15870E+03 -0.10868E-06  0.12552E-05  0.66901E-06
  0.15900E+03 -0.17487E-07  0.12623E-05  0.69144E-06
  0.15930E+03  0.75170E-07  0.12633E-05  0.70961E-06
  0.15960E+03  0.16824E-06  0.12584E-05  0.72342E-06
  0.15990E+03  0.26079E-06  0.12478E-05  0.73221E-06
  0.16020E+03  0.35206E-06  0.12313E-05  0.73523E-06
  0.16050E+03  0.44141E-06  0.12086E-05  0.73227E-06
  0.16080E+03  0.52839E-06  0.11793E-05  0.72381E-06
  0.16110E+03  0.61273E-06  0.11438E-05  0.71054E-06
  0.16140E+03  0.69425E-06  0.11029E-05  0.69281E-06
  0.16170E+03  0.77268E-06  0.10571E-05  0.67052E-06
  0.16200E+03  0.84757E-06  0.10067E-05  0.64362E-06
  0.16230E+03  0.91826E-06  0.95212E-06  0.61263E-06
  0.16260E+03  0.98389E-06  0.89371E-06  0.57848E-06
  0.16290E+03  0.10434E-05  0.83237E-06  0.54202E-06
  0.16320E+03  0.10958E-05  0.76901E-06  0.50372E-06
  0.16350E+03  0.11396E-05  0.70427E-06  0.46383E-06
  0.16380E+03  0.11735E-05  0.63852E-06  0.42293E-06
  0.16410E+03  0.11963E-05  0.57216E-06  0.38192E-06
  0.16440E+03  0.12066E-05  0.50578E-06  0.34162E-06
  0.16470E+03  0.12033E-05  0.43999E-06  0.30227E-06
  0.16500E+03  0.11856E-05  0.37501E-06  0.26358E-06
  0.16530E+03  0.11524E-05  0.31061E-06  0.22523E-06
  0.16560E+03  0.11033E-05  0.24634E-06  0.18720E-06
  0.16590E+03  0.10378E-05  0.18197E-06  0.14966E-06
  0.16620E+03  0.95622E-06  0.11749E-06  0.11247E-06
  0.16650E+03  0.85895E-06  0.52929E-07  0.75154E-07
  0.16680E+03  0.74690E-06 -0.11795E-07  0.37187E-07
  0.16710E+03  0.62127E-06 -0.76737E-07 -0.15522E-08
  0.16740E+03  0.48353E-06 -0.14161E-06 -0.40855E-07
  0.16770E+03  0.33538E-06 -0.20571E-06 -0.80592E-07
  0.16800E+03  0.17863E-06 -0.26826E-06 -0.12094E-06
  0.16830E+03  0.15108E-07 -0.32861E-06 -0.16216E-06
  0.16860E+03 -0.15331E-06 -0.38631E-06 -0.20421E-06
  0.16890E+03 -0.32470E-06 -0.44095E-06 -0.24673E-06
  0.16920E+03 -0.49708E-06 -0.49205E-06 -0.28937E-06
  0.16950E+03 -0.66848E-06 -0.53927E-06 -0.33203E-06
  0.16980E+03 -0.83693E-06 -0.58262E-06 -0.37461E-06
  0.17010E+03 -0.10005E-05 -0.62233E-06 -0.41673E-06
  0.17040E+03 -0.11574E-05 -0.65866E-06 -0.45775E-06
  0.17070E+03 -0.13056E-05 -0.69179E-06 -0.49706E-06
  0.17100E+03 -0.14432E-05 -0.72190E-06 -0.53428E-06
  0.17130E+03 -0.15680E-05 -0.74932E-06 -0.56909E-06
  0.17160E+03 -0.16783E-05 -0.77439E-06 -0.60096E-06
  0.17190E+03 -0.17721E-05 -0.79722E-06 -0.62914E-06
  0.17220E+03 -0.18475E-05 -0.81768E-06 -0.65296E-06
  0.17250E+03 -0.19030E-05 -0.83556E-06 -0.67197E-06
  0.17280E+03 -0.19372E-05 -0.85069E-06 -0.68578E-06
  0.17310E+03 -0.19493E-05 -0.86286E-06 -0.69389E-06
  0.17340E+03 -0.19385E-05 -0.87178E-06 -0.69586E-06
  0.17370E+03 -0.19047E-05 -0.87713E-06 -0.69147E-06
  0.17400E+03 -0.18481E-05 -0.87877E-06 -0.68081E-06
  0.17430E+03 -0.17692E-05 -0.87677E-06 -0.66405E-06
  0.17460E+03 -0.16690E-05 -0.87127E-06 -0.64134E-06
  0.17490E+03 -0.15487E-05 -0.86236E-06 -0.61298E-06
  0.17520E+03 -0.14096E-05 -0.85016E-06 -0.57950E-06
  0.17550E+03 -0.12534E-05 -0.83489E-06 -0.54159E-06
  0.17580E+03 -0.10816E-05 -0.81680E-06 -0.49990E-06
  0.17610E+03 -0.89606E-06 -0.79612E-06 -0.45507E-06
  0.17640E+03 -0.69855E-06 -0.77301E-06 -0.40784E-06
  0.17670E+03 -0.49089E-06 -0.74768E-06 -0.35899E-06
  0.17700E+03 -0.27489E-06 -0.72030E-06 -0.30929E-06
  0.17730E+03 -0.52373E-07 -0.69096E-06 -0.25939E-06
  0.17760E+03  0.17486E-06 -0.65956E-06 -0.20994E-06
  0.17790E+03  0.40495E-06 -0.62582E-06 -0.16159E-06
  0.17820E+03  0.63596E-06 -0.58939E-06 -0.11498E-06
  0.17850E+03  0.86582E-06 -0.54986E-06 -0.70646E-07
  0.17880E+03  0.10923E-05 -0.50685E-06 -0.29062E-07
  0.17910E+03  0.13132E-05 -0.46011E-06  0.93818E-08
  0.17940E+03  0.15260E-05 -0.40958E-06  0.44401E-07
  0.17970E+03  0.17283E-05 -0.35540E-06  0.75839E-07
  0.18000E+03  0.19175E-05 -0.29786E-06  0.10366E-06
  0.18030E+03  0.20912E-05 -0.23737E-06  0.12792E-06
  0.18060E+03  0.22470E-05 -0.17438E-06  0.14878E-06
  0.18090E+03  0.23825E-05 -0.10933E-06  0.16644E-06
  0.18120E+03  0.24957E-05 -0.42656E-07  0.18113E-06
  0.18150E+03  0.25847E-05  0.25231E-07  0.19311E-06
  0.18180E+03  0.26481E-05  0.93925E-07  0.20264E-06
  0.18210E+03  0.26846E-05  0.16301E-06  0.20995E-06
  0.18240E+03  0.26933E-05  0.23201E-06  0.21520E-06
  0.18270E+03  0.26738E-05  0.30040E-06  0.21848E-06
  0.18300E+03  0.26259E-05  0.36750E-06  0.21984E-06
  0.18330E+03  0.25498E-05  0.43254E-06  0.21931E-06
  0.18360E+03  0.24462E-05  0.49459E-06  0.21697E-06
  0.18390E+03  0.23161E-05  0.55267E-06  0.21295E-06
  0.18420E+03  0.21612E-05  0.60570E-06  0.20749E-06
  0.18450E+03  0.19832E-05  0.65266E-06  0.20089E-06
  0.18480E+03  0.17843E-05  0.69267E-06  0.19349E-06
  0.18510E+03  0.15672E-05  0.72502E-06  0.18563E-06
  0.18540E+03  0.13346E-05  0.74928E-06  0.17764E-06
  0.18570E+03  0.10894E-05  0.76527E-06  0.16977E-06
  0.18600E+03  0.83459E-06  0.77312E-06  0.16226E-06
  0.18630E+03  0.57312E-06  0.77320E-06  0.15526E-06
  0.18660E+03  0.30789E-06  0.76609E-06  0.14888E-06
  0.18690E+03  0.41699E-07  0.75260E-06  0.14314E-06
  0.18720E+03 -0.22283E-06  0.73370E-06  0.13803E-06
  0.18750E+03 -0.48323E-06  0.71046E-06  0.13349E-06
  0.18780E+03 -0.73720E-06  0.68399E-06  0.12952E-06
  0.18810E+03 -0.98261E-06  0.65540E-06  0.12609E-06
  0.18840E+03 -0.12175E-05  0.62562E-06  0.12323E-06
  0.18870E+03 -0.14402E-05  0.59544E-06  0.12097E-06
  0.18900E+03 -0.16491E-05  0.56543E-06  0.11937E-06
  0.18930E+03 -0.18427E-05  0.53596E-06  0.11848E-06
  0.18960E+03 -0.20197E-05  0.50722E-06  0.11838E-06
  0.18990E+03 -0.21790E-05  0.47924E-06  0.11912E-06
  0.19020E+03 -0.23193E-05  0.45186E-06  0.12074E-06
  0.19050E+03 -0.24396E-05  0.42480E-06  0.12325E-06
  0.19080E+03 -0.25388E-05  0.39767E-06  0.12664E-06
  0.19110E+03 -0.26161E-05  0.36997E-06  0.13085E-06
  0.19140E+03 -0.26707E-05  0.34115E-06  0.13582E-06
  0.19170E+03 -0.27018E-05  0.31067E-06  0.14146E-06
  0.19200E+03 -0.27091E-05  0.27811E-06  0.14769E-06
  0.19230E+03 -0.26924E-05  0.24317E-06  0.15447E-06
  0.19260E+03 -0.26517E-05  0.20580E-06  0.16179E-06
  0.19290E+03 -0.25874E-05  0.16621E-06  0.16966E-06
  0.19320E+03 -0.25001E-05  0.12484E-06  0.17810E-06
  0.19350E+03 -0.23909E-05  0.82417E-07  0.18712E-06
  0.19380E+03 -0.22608E-05  0.39836E-07  0.19669E-06
  0.19410E+03 -0.21116E-05 -0.18471E-08  0.20675E-06
  0.19440E+03 -0.19447E-05 -0.41531E-07  0.21716E-06
  0.19470E+03 -0.17621E-05 -0.78168E-07  0.22776E-06
  0.19500E+03 -0.15657E-05 -0.11084E-06  0.23833E-06
  0.19530E+03 -0.13574E-05 -0.13885E-06  0.24860E-06
  0.19560E+03 -0.11392E-05 -0.16173E-06  0.25827E-06
  0.19590E+03 -0.91324E-06 -0.17931E-06  0.26701E-06
  0.19620E+03 -0.68163E-06 -0.19165E-06  0.27444E-06
  0.19650E+03 -0.44655E-06 -0.19903E-06  0.28018E-06
  0.19680E+03 -0.21024E-06 -0.20188E-06  0.28380E-06
  0.19710E+03  0.25000E-07 -0.20067E-06  0.28489E-06
  0.19740E+03  0.25681E-06 -0.19591E-06  0.28301E-06
  0.19770E+03  0.48282E-06 -0.18810E-06  0.27780E-06
  0.19800E+03  0.70068E-06 -0.17777E-06  0.26896E-06
  0.19830E+03  0.90808E-06 -0.16552E-06  0.25628E-06
  0.19860E+03  0.11028E-05 -0.15202E-06  0.23968E-06
  0.19890E+03  0.12829E-05 -0.13800E-06  0.21918E-06
  0.19920E+03  0.14464E-05 -0.12424E-06  0.19493E-06
  0.19950E+03  0.15920E-05 -0.11144E-06  0.16719E-06
  0.19980E+03  0.17184E-05 -0.10022E-06  0.13630E-06
  0.20010E+03  0.18248E-05 -0.91040E-07  0.10272E-06
  0.20040E+03  0.19106E-05 -0.84183E-07  0.66942E-07
  0.20070E+03  0.19757E-05 -0.79758E-07  0.29517E-07
  0.20100E+03  0.20202E-05 -0.77747E-07 -0.90093E-08
  0.20130E+03  0.20442E-05 -0.78075E-07 -0.48110E-07
  0.20160E+03  0.20485E-05 -0.80677E-07 -0.87300E-07
  0.20190E+03  0.20335E-05 -0.85554E-07 -0.12616E-06
  0.20220E+03  0.20003E-05 -0.92789E-07 -0.16433E-06
  0.20250E+03  0.19499E-05 -0.10254E-06 -0.20154E-06
  0.20280E+03  0.18837E-05 -0.11499E-06 -0.23756E-06
  0.20310E+03  0.18030E-05 -0.13031E-06 -0.27222E-06
  0.20340E+03  0.17094E-05 -0.14859E-06 -0.30529E-06
  0.20370E+03  0.16046E-05 -0.16985E-06 -0.33655E-06
  0.20400E+03  0.14900E-05 -0.19396E-06 -0.36571E-06
  0.20430E+03  0.13672E-05 -0.22066E-06 -0.39243E-06
  0.20460E+03  0.12379E-05 -0.24957E-06 -0.41632E-06
  0.20490E+03  0.11036E-05 -0.28012E-06 -0.43701E-06
  0.20520E+03  0.96584E-06 -0.31164E-06 -0.45412E-06
  0.20550E+03  0.82610E-06 -0.34328E-06 -0.46736E-06
  0.20580E+03  0.68581E-06 -0.37419E-06 -0.47651E-06
  0.20610E+03  0.54627E-06 -0.40347E-06 -0.48144E-06
  0.20640E+03  0.40869E-06 -0.43034E-06 -0.48212E-06
  0.20670E+03  0.27411E-06 -0.45414E-06 -0.47861E-06
  0.20700E+03  0.14345E-06 -0.47436E-06 -0.47102E-06
  0.20730E+03  0.17573E-07 -0.49070E-06 -0.45950E-06
  0.20760E+03 -0.10274E-06 -0.50309E-06 -0.44421E-06
  0.20790E+03 -0.21670E-06 -0.51162E-06 -0.42528E-06
  0.20820E+03 -0.32352E-06 -0.51659E-06 -0.40281E-06
  0.20850E+03 -0.42245E-06 -0.51838E-06 -0.37688E-06
  0.20880E+03 -0.51278E-06 -0.51744E-06 -0.34751E-06
  0.20910E+03 -0.59394E-06 -0.51416E-06 -0.31471E-06
  0.20940E+03 -0.66545E-06 -0.50879E-06 -0.27849E-06
  0.20970E+03 -0.72703E-06 -0.50140E-06 -0.23893E-06
  0.21000E+03 -0.77850E-06 -0.49182E-06 -0.19621E-06
  0.21030E+03 -0.81989E-06 -0.47967E-06 -0.15065E-06
  0.21060E+03 -0.85133E-06 -0.46437E-06 -0.10274E-06
  0.21090E+03 -0.87311E-06 -0.44525E-06 -0.53156E-07
  0.21120E+03 -0.88564E-06 -0.42162E-06 -0.27299E-08
  0.21150E+03 -0.88944E-06 -0.39288E-06  0.47556E-07
  0.21180E+03 -0.88506E-06 -0.35857E-06  0.96610E-07
  0.21210E+03 -0.87316E-06 -0.31843E-06  0.14327E-06
  0.21240E+03 -0.85442E-06 -0.27243E-06  0.18639E-06
  0.21270E+03 -0.82957E-06 -0.22076E-06  0.22484E-06
  0.21300E+03 -0.79933E-06 -0.16384E-06  0.25768E-06
  0.21330E+03 -0.76446E-06 -0.10227E-06  0.28411E-06
  0.21360E+03 -0.72570E-06 -0.36827E-07  0.30363E-06
  0.21390E+03 -0.68372E-06  0.31555E-07  0.31596E-06
  0.21420E+03 -0.63919E-06  0.10182E-06  0.32113E-06
  0.21450E+03 -0.59267E-06  0.17285E-06  0.31936E-06
  0.21480E+03 -0.54468E-06  0.24344E-06  0.31111E-06
  0.21510E+03 -0.49561E-06  0.31242E-06  0.29697E-06
  0.21540E+03 -0.44583E-06  0.37863E-06  0.27762E-06
  0.21570E+03 -0.39563E-06  0.44105E-06  0.25378E-06
  0.21600E+03 -0.34532E-06  0.49878E-06  0.22616E-06
  0.21630E+03 -0.29527E-06  0.55115E-06  0.19545E-06
  0.21660E+03 -0.24592E-06  0.59774E-06  0.16229E-06
  0.21690E+03 -0.19779E-06  0.63831E-06  0.12729E-06
  0.21720E+03 -0.15149E-06  0.67282E-06  0.91032E-07
  0.21750E+03 -0.10762E-06  0.70136E-06  0.54122E-07
  0.21780E+03 -0.66793E-07  0.72408E-06  0.17152E-07
  0.21810E+03 -0.29489E-07  0.74118E-06 -0.19291E-07
  0.21840E+03  0.39176E-08  0.75285E-06 -0.54646E-07
  0.21870E+03  0.33210E-07  0.75936E-06 -0.88398E-07
  0.21900E+03  0.58312E-07  0.76098E-06 -0.12010E-06
  0.21930E+03  0.79260E-07  0.75804E-06 -0.14939E-06
  0.21960E+03  0.96158E-07  0.75088E-06 -0.17596E-06
  0.21990E+03  0.10915E-06  0.73983E-06 -0.19958E-06
  0.22020E+03  0.11840E-06  0.72521E-06 -0.22007E-06
  0.22050E+03  0.12407E-06  0.70730E-06 -0.23728E-06
  0.22080E+03  0.12635E-06  0.68633E-06 -0.25110E-06
  0.22110E+03  0.12541E-06  0.66252E-06 -0.26144E-06
  0.22140E+03  0.12147E-06  0.63605E-06 -0.26822E-06
  0.22170E+03  0.11473E-06  0.60712E-06 -0.27139E-06
  0.22200E+03  0.10541E-06  0.57598E-06 -0.27093E-06
  0.22230E+03  0.93732E-07  0.54291E-06 -0.26687E-06
  0.22260E+03  0.79902E-07  0.50823E-06 -0.25927E-06
  0.22290E+03  0.64092E-07  0.47225E-06 -0.24821E-06
  0.22320E+03  0.46452E-07  0.43524E-06 -0.23377E-06
  0.22350E+03  0.27118E-07  0.39741E-06 -0.21608E-06
  0.22380E+03  0.62311E-08  0.35890E-06 -0.19526E-06
  0.22410E+03 -0.16044E-07  0.31974E-06 -0.17145E-06
  0.22440E+03 -0.39496E-07  0.27989E-06 -0.14480E-06
  0.22470E+03 -0.63861E-07  0.23924E-06 -0.11546E-06
  0.22500E+03 -0.88813E-07  0.19768E-06 -0.83579E-07
  0.22530E+03 -0.11397E-06  0.15507E-06 -0.49290E-07
  0.22560E+03 -0.13891E-06  0.11138E-06 -0.12695E-07
  0.22590E+03 -0.16316E-06  0.66669E-07  0.26114E-07
  0.22620E+03 -0.18622E-06  0.21126E-07  0.67037E-07
  0.22650E+03 -0.20757E-06 -0.24970E-07  0.10993E-06
  0.22680E+03 -0.22663E-06 -0.71282E-07  0.15460E-06
  0.22710E+03 -0.24281E-06 -0.11745E-06  0.20073E-06
  0.22740E+03 -0.25552E-06 -0.16314E-06  0.24796E-06
  0.22770E+03 -0.26419E-06 -0.20807E-06  0.29582E-06
  0.22800E+03 -0.26825E-06 -0.25200E-06  0.34381E-06
  0.22830E+03 -0.26721E-06 -0.29480E-06  0.39134E-06
  0.22860E+03 -0.26066E-06 -0.33636E-06  0.43778E-06
  0.22890E+03 -0.24826E-06 -0.37661E-06  0.48247E-06
  0.22920E+03 -0.22977E-06 -0.41545E-06  0.52475E-06
  0.22950E+03 -0.20504E-06 -0.45282E-06  0.56396E-06
  0.22980E+03 -0.17407E-06 -0.48862E-06  0.59947E-06
  0.23010E+03 -0.13698E-06 -0.52278E-06  0.63066E-06
  0.23040E+03 -0.94037E-07 -0.55525E-06  0.65697E-06
  0.23070E+03 -0.45697E-07 -0.58600E-06  0.67783E-06
  0.23100E+03  0.74523E-08 -0.61494E-06  0.69272E-06
  0.23130E+03  0.64699E-07 -0.64190E-06  0.70114E-06
  0.23160E+03  0.12526E-06 -0.66659E-06  0.70262E-06
  0.23190E+03  0.18832E-06 -0.68849E-06  0.69673E-06
  0.23220E+03  0.25311E-06 -0.70693E-06  0.68310E-06
  0.23250E+03  0.31884E-06 -0.72110E-06  0.66143E-06
  0.23280E+03  0.38480E-06 -0.73015E-06  0.63151E-06
  0.23310E+03  0.45025E-06 -0.73332E-06  0.59322E-06
  0.23340E+03  0.51445E-06 -0.73002E-06  0.54659E-06
  0.23370E+03  0.57661E-06 -0.71995E-06  0.49179E-06
  0.23400E+03  0.63596E-06 -0.70312E-06  0.42916E-06
  0.23430E+03  0.69170E-06 -0.67982E-06  0.35922E-06
  0.23460E+03  0.74307E-06 -0.65059E-06  0.28267E-06
  0.23490E+03  0.78936E-06 -0.61613E-06  0.20041E-06
  0.23520E+03  0.82992E-06 -0.57728E-06  0.11352E-06
  0.23550E+03  0.86416E-06 -0.53492E-06  0.23211E-07
  0.23580E+03  0.89152E-06 -0.48996E-06 -0.69162E-07
  0.23610E+03  0.91148E-06 -0.44330E-06 -0.16216E-06
  0.23640E+03  0.92350E-06 -0.39586E-06 -0.25427E-06
  0.23670E+03  0.92709E-06 -0.34854E-06 -0.34399E-06
  0.23700E+03  0.92179E-06 -0.30222E-06 -0.42980E-06
  0.23730E+03  0.90720E-06 -0.25773E-06 -0.51024E-06
  0.23760E+03  0.88300E-06 -0.21577E-06 -0.58396E-06
  0.23790E+03  0.84902E-06 -0.17688E-06 -0.64971E-06
  0.23820E+03  0.80520E-06 -0.14138E-06 -0.70640E-06
  0.23850E+03  0.75169E-06 -0.10931E-06 -0.75314E-06
  0.23880E+03  0.68883E-06 -0.80397E-07 -0.78925E-06
  0.23910E+03  0.61711E-06 -0.54135E-07 -0.81433E-06
  0.23940E+03  0.53721E-06 -0.29803E-07 -0.82824E-06
  0.23970E+03  0.44995E-06 -0.65638E-08 -0.83114E-06
  0.24000E+03  0.35626E-06  0.16441E-07 -0.82346E-06
  0.24030E+03  0.25713E-06  0.40019E-07 -0.80587E-06
  0.24060E+03  0.15366E-06  0.64874E-07 -0.77925E-06
  0.24090E+03  0.47027E-07  0.91566E-07 -0.74463E-06
  0.24120E+03 -0.61529E-07  0.12048E-06 -0.70314E-06
  0.24150E+03 -0.17071E-06  0.15181E-06 -0.65591E-06
  0.24180E+03 -0.27916E-06  0.18552E-06 -0.60407E-06
  0.24210E+03 -0.38555E-06  0.22138E-06 -0.54862E-06
  0.24240E+03 -0.48853E-06  0.25895E-06 -0.49047E-06
  0.24270E+03 -0.58686E-06  0.29766E-06 -0.43038E-06
  0.24300E+03 -0.67939E-06  0.33688E-06 -0.36901E-06
  0.24330E+03 -0.76513E-06  0.37600E-06 -0.30692E-06
  0.24360E+03 -0.84327E-06  0.41447E-06 -0.24462E-06
  0.24390E+03 -0.91319E-06  0.45191E-06 -0.18259E-06
  0.24420E+03 -0.97447E-06  0.48805E-06 -0.12128E-06
  0.24450E+03 -0.10269E-05  0.52276E-06 -0.61186E-07
  0.24480E+03 -0.10705E-05  0.55598E-06 -0.28452E-08
  0.24510E+03 -0.11054E-05  0.58764E-06  0.53169E-07
  0.24540E+03 -0.11319E-05  0.61766E-06  0.10624E-06
  0.24570E+03 -0.11504E-05  0.64587E-06  0.15572E-06
  0.24600E+03 -0.11615E-05  0.67203E-06  0.20095E-06
  0.24630E+03 -0.11653E-05  0.69583E-06  0.24133E-06
  0.24660E+03 -0.11623E-05  0.71684E-06  0.27630E-06
  0.24690E+03 -0.11527E-05  0.73459E-06  0.30539E-06
  0.24720E+03 -0.11365E-05  0.74851E-06  0.32830E-06
  0.24750E+03 -0.11139E-05  0.75804E-06  0.34485E-06
  0.24780E+03 -0.10847E-05  0.76257E-06  0.35505E-06
  0.24810E+03 -0.10492E-05  0.76157E-06  0.35904E-06
  0.24840E+03 -0.10071E-05  0.75462E-06  0.35712E-06
  0.24870E+03 -0.95878E-06  0.74144E-06  0.34968E-06
  0.24900E+03 -0.90423E-06  0.72189E-06  0.33718E-06
  0.24930E+03 -0.84370E-06  0.69603E-06  0.32013E-06
  0.24960E+03 -0.77743E-06  0.66401E-06  0.29909E-06
  0.24990E+03 -0.70569E-06  0.62610E-06  0.27462E-06
  0.25020E+03 -0.62871E-06  0.58266E-06  0.24736E-06
  0.25050E+03 -0.54669E-06  0.53412E-06  0.21794E-06
  0.25080E+03 -0.45978E-06  0.48101E-06  0.18700E-06
  0.25110E+03 -0.36809E-06  0.42391E-06  0.15518E-06
  0.25140E+03 -0.27173E-06  0.36350E-06  0.12308E-06
  0.25170E+03 -0.17083E-06  0.30048E-06  0.91265E-07
  0.25200E+03 -0.65563E-07  0.23558E-06  0.60221E-07
  0.25230E+03  0.43785E-07  0.16953E-06  0.30378E-07
  0.25260E+03  0.15682E-06  0.10299E-06  0.20995E-08
  0.25290E+03  0.27302E-06  0.36487E-07 -0.24307E-07
  0.25320E+03  0.39173E-06 -0.29583E-07 -0.48585E-07
  0.25350E+03  0.51218E-06 -0.95020E-07 -0.70511E-07
  0.25380E+03  0.63348E-06 -0.15980E-06 -0.89892E-07
  0.25410E+03  0.75461E-06 -0.22404E-06 -0.10655E-06
  0.25440E+03  0.87443E-06 -0.28794E-06 -0.12031E-06
  0.25470E+03  0.99165E-06 -0.35168E-06 -0.13103E-06
  0.25500E+03  0.11048E-05 -0.41538E-06 -0.13856E-06
  0.25530E+03  0.12124E-05 -0.47901E-06 -0.14277E-06
  0.25560E+03  0.13128E-05 -0.54236E-06 -0.14356E-06
  0.25590E+03  0.14041E-05 -0.60502E-06 -0.14083E-06
  0.25620E+03  0.14846E-05 -0.66640E-06 -0.13451E-06
  0.25650E+03  0.15526E-05 -0.72573E-06 -0.12458E-06
  0.25680E+03  0.16064E-05 -0.78213E-06 -0.11110E-06
  0.25710E+03  0.16444E-05 -0.83464E-06 -0.94219E-07
  0.25740E+03  0.16652E-05 -0.88228E-06 -0.74189E-07
  0.25770E+03  0.16678E-05 -0.92413E-06 -0.51379E-07
  0.25800E+03  0.16516E-05 -0.95931E-06 -0.26251E-07
  0.25830E+03  0.16160E-05 -0.98712E-06  0.66133E-09
  0.25860E+03  0.15611E-05 -0.10070E-05  0.28772E-07
  0.25890E+03  0.14874E-05 -0.10185E-05  0.57482E-07
  0.25920E+03  0.13955E-05 -0.10215E-05  0.86207E-07
  0.25950E+03  0.12866E-05 -0.10157E-05  0.11441E-06
  0.25980E+03  0.11618E-05 -0.10014E-05  0.14165E-06
  0.26010E+03  0.10228E-05 -0.97868E-06  0.16756E-06
  0.26040E+03  0.87101E-06 -0.94770E-06  0.19188E-06
  0.26070E+03  0.70828E-06 -0.90879E-06  0.21445E-06
  0.26100E+03  0.53639E-06 -0.86226E-06  0.23512E-06
  0.26130E+03  0.35724E-06 -0.80852E-06  0.25378E-06
  0.26160E+03  0.17278E-06 -0.74802E-06  0.27029E-06
  0.26190E+03 -0.14939E-07 -0.68128E-06  0.28450E-06
  0.26220E+03 -0.20376E-06 -0.60890E-06  0.29621E-06
  0.26250E+03 -0.39147E-06 -0.53156E-06  0.30521E-06
  0.26280E+03 -0.57574E-06 -0.44998E-06  0.31129E-06
  0.26310E+03 -0.75425E-06 -0.36496E-06  0.31423E-06
  0.26340E+03 -0.92468E-06 -0.27738E-06  0.31388E-06
  0.26370E+03 -0.10848E-05 -0.18818E-06  0.31013E-06
  0.26400E+03 -0.12325E-05 -0.98313E-07  0.30294E-06
  0.26430E+03 -0.13659E-05 -0.87507E-08  0.29236E-06
  0.26460E+03 -0.14833E-05  0.79581E-07  0.27851E-06
  0.26490E+03 -0.15832E-05  0.16583E-06  0.26156E-06
  0.26520E+03 -0.16645E-05  0.24923E-06  0.24174E-06
  0.26550E+03 -0.17263E-05  0.32913E-06  0.21928E-06
  0.26580E+03 -0.17680E-05  0.40495E-06  0.19445E-06
  0.26610E+03 -0.17893E-05  0.47624E-06  0.16756E-06
  0.26640E+03 -0.17901E-05  0.54260E-06  0.13892E-06
  0.26670E+03 -0.17706E-05  0.60373E-06  0.10891E-06
  0.26700E+03 -0.17315E-05  0.65935E-06  0.77926E-07
  0.26730E+03 -0.16736E-05  0.70924E-06  0.46418E-07
  0.26760E+03 -0.15980E-05  0.75325E-06  0.14825E-07
  0.26790E+03 -0.15057E-05  0.79126E-06 -0.16431E-07
  0.26820E+03 -0.13984E-05  0.82323E-06 -0.46974E-07
  0.26850E+03 -0.12775E-05  0.84922E-06 -0.76500E-07
  0.26880E+03 -0.11444E-05  0.86932E-06 -0.10478E-06
  0.26910E+03 -0.10008E-05  0.88371E-06 -0.13166E-06
  0.26940E+03 -0.84822E-06  0.89256E-06 -0.15706E-06
  0.26970E+03 -0.68807E-06  0.89604E-06 -0.18090E-06
  0.27000E+03 -0.52182E-06  0.89428E-06 -0.20313E-06
  0.27030E+03 -0.35092E-06  0.88740E-06 -0.22367E-06
  0.27060E+03 -0.17685E-06  0.87545E-06 -0.24241E-06
  0.27090E+03 -0.11467E-08  0.85850E-06 -0.25919E-06
  0.27120E+03  0.17453E-06  0.83663E-06 -0.27386E-06
  0.27150E+03  0.34837E-06  0.80999E-06 -0.28623E-06
  0.27180E+03  0.51845E-06  0.77878E-06 -0.29616E-06
  0.27210E+03  0.68268E-06  0.74330E-06 -0.30349E-06
  0.27240E+03  0.83892E-06  0.70390E-06 -0.30813E-06
  0.27270E+03  0.98502E-06  0.66099E-06 -0.30996E-06
  0.27300E+03  0.11189E-05  0.61497E-06 -0.30890E-06
  0.27330E+03  0.12385E-05  0.56621E-06 -0.30488E-06
  0.27360E+03  0.13421E-05  0.51503E-06 -0.29783E-06
  0.27390E+03  0.14281E-05  0.46168E-06 -0.28776E-06
  0.27420E+03  0.14955E-05  0.40639E-06 -0.27470E-06
  0.27450E+03  0.15432E-05  0.34936E-06 -0.25880E-06
  0.27480E+03  0.15709E-05  0.29081E-06 -0.24031E-06
  0.27510E+03  0.15782E-05  0.23101E-06 -0.21955E-06
  0.27540E+03  0.15653E-05  0.17028E-06 -0.19693E-06
  0.27570E+03  0.15327E-05  0.10897E-06 -0.17291E-06
  0.27600E+03  0.14809E-05  0.47490E-07 -0.14794E-06
  0.27630E+03  0.14109E-05 -0.13765E-07 -0.12250E-06
  0.27660E+03  0.13236E-05 -0.74366E-07 -0.97043E-07
  0.27690E+03  0.12203E-05 -0.13388E-06 -0.72008E-07
  0.27720E+03  0.11024E-05 -0.19186E-06 -0.47830E-07
  0.27750E+03  0.97146E-06 -0.24785E-06 -0.24940E-07
  0.27780E+03  0.82909E-06 -0.30139E-06 -0.37684E-08
  0.27810E+03  0.67715E-06 -0.35204E-06  0.15255E-07
  0.27840E+03  0.51755E-06 -0.39933E-06  0.31704E-07
  0.27870E+03  0.35236E-06 -0.44284E-06  0.45169E-07
  0.27900E+03  0.18372E-06 -0.48217E-06  0.55275E-07
  0.27930E+03  0.13877E-07 -0.51697E-06  0.61706E-07
  0.27960E+03 -0.15486E-06 -0.54694E-06  0.64241E-07
  0.27990E+03 -0.32014E-06 -0.57190E-06  0.62782E-07
  0.28020E+03 -0.47968E-06 -0.59173E-06  0.57378E-07
  0.28050E+03 -0.63121E-06 -0.60641E-06  0.48240E-07
  0.28080E+03 -0.77266E-06 -0.61601E-06  0.35740E-07
  0.28110E+03 -0.90208E-06 -0.62069E-06  0.20395E-07
  0.28140E+03 -0.10178E-05 -0.62068E-06  0.28407E-08
  0.28170E+03 -0.11183E-05 -0.61624E-06 -0.16206E-07
  0.28200E+03 -0.12026E-05 -0.60773E-06 -0.35995E-07
  0.28230E+03 -0.12696E-05 -0.59552E-06 -0.55785E-07
  0.28260E+03 -0.13188E-05 -0.58001E-06 -0.74884E-07
  0.28290E+03 -0.13498E-05 -0.56163E-06 -0.92674E-07
  0.28320E+03 -0.13626E-05 -0.54082E-06 -0.10863E-06
  0.28350E+03 -0.13575E-05 -0.51802E-06 -0.12230E-06
  0.28380E+03 -0.13346E-05 -0.49366E-06 -0.13334E-06
  0.28410E+03 -0.12946E-05 -0.46814E-06 -0.14145E-06
  0.28440E+03 -0.12382E-05 -0.44179E-06 -0.14640E-06
  0.28470E+03 -0.11663E-05 -0.41491E-06 -0.14800E-06
  0.28500E+03 -0.10798E-05 -0.38773E-06 -0.14612E-06
  0.28530E+03 -0.97984E-06 -0.36043E-06 -0.14065E-06
  0.28560E+03 -0.86764E-06 -0.33321E-06 -0.13152E-06
  0.28590E+03 -0.74456E-06 -0.30623E-06 -0.11871E-06
  0.28620E+03 -0.61208E-06 -0.27968E-06 -0.10224E-06
  0.28650E+03 -0.47179E-06 -0.25375E-06 -0.82166E-07
  0.28680E+03 -0.32536E-06 -0.22864E-06 -0.58609E-07
  0.28710E+03 -0.17451E-06 -0.20450E-06 -0.31731E-07
  0.28740E+03 -0.21020E-07 -0.18144E-06 -0.17456E-08
  0.28770E+03  0.13338E-06 -0.15954E-06  0.31091E-07
  0.28800E+03  0.28696E-06 -0.13882E-06  0.66488E-07
  0.28830E+03  0.43806E-06 -0.11924E-06  0.10413E-06
  0.28860E+03  0.58506E-06 -0.10077E-06  0.14369E-06
  0.28890E+03  0.72641E-06 -0.83347E-07  0.18480E-06
  0.28920E+03  0.86058E-06 -0.66932E-07  0.22710E-06
  0.28950E+03  0.98610E-06 -0.51496E-07  0.27015E-06
  0.28980E+03  0.11015E-05 -0.37033E-07  0.31350E-06
  0.29010E+03  0.12055E-05 -0.23553E-07  0.35664E-06
  0.29040E+03  0.12967E-05 -0.11071E-07  0.39901E-06
  0.29070E+03  0.13740E-05  0.42107E-09  0.44003E-06
  0.29100E+03  0.14362E-05  0.10972E-07  0.47909E-06
  0.29130E+03  0.14825E-05  0.20703E-07  0.51556E-06
  0.29160E+03  0.15122E-05  0.29817E-07  0.54880E-06
  0.29190E+03  0.15247E-05  0.38600E-07  0.57816E-06
  0.29220E+03  0.15196E-05  0.47396E-07  0.60297E-06
  0.29250E+03  0.14970E-05  0.56576E-07  0.62252E-06
  0.29280E+03  0.14569E-05  0.66508E-07  0.63613E-06
  0.29310E+03  0.13996E-05  0.77531E-07  0.64308E-06
  0.29340E+03  0.13258E-05  0.89943E-07  0.64272E-06
  0.29370E+03  0.12361E-05  0.10400E-06  0.63440E-06
  0.29400E+03  0.11316E-05  0.11989E-06  0.61760E-06
  0.29430E+03  0.10133E-05  0.13778E-06  0.59193E-06
  0.29460E+03  0.88234E-06  0.15775E-06  0.55715E-06
  0.29490E+03  0.74011E-06  0.17982E-06  0.51323E-06
  0.29520E+03  0.58803E-06  0.20390E-06  0.46034E-06
  0.29550E+03  0.42763E-06  0.22986E-06  0.39892E-06
  0.29580E+03  0.26054E-06  0.25744E-06  0.32958E-06
  0.29610E+03  0.88481E-07  0.28632E-06  0.25321E-06
  0.29640E+03 -0.86746E-07  0.31611E-06  0.17083E-06
  0.29670E+03 -0.26327E-06  0.34635E-06  0.83672E-07
  0.29700E+03 -0.43918E-06  0.37654E-06 -0.69271E-08
  0.29730E+03 -0.61252E-06  0.40617E-06 -0.99541E-07
  0.29760E+03 -0.78137E-06  0.43472E-06 -0.19270E-06
  0.29790E+03 -0.94383E-06  0.46165E-06 -0.28495E-06
  0.29820E+03 -0.10980E-05  0.48650E-06 -0.37488E-06
  0.29850E+03 -0.12423E-05  0.50882E-06 -0.46115E-06
  0.29880E+03 -0.13749E-05  0.52824E-06 -0.54255E-06
  0.29910E+03 -0.14944E-05  0.54448E-06 -0.61801E-06
  0.29940E+03 -0.15994E-05  0.55737E-06 -0.68656E-06
  0.29970E+03 -0.16887E-05  0.56680E-06 -0.74740E-06
  0.30000E+03 -0.17611E-05  0.57277E-06 -0.79982E-06
  0.30030E+03 -0.18158E-05  0.57530E-06 -0.84324E-06
  0.30060E+03 -0.18520E-05  0.57444E-06 -0.87721E-06
  0.30090E+03 -0.18694E-05  0.57021E-06 -0.90136E-06
  0.30120E+03 -0.18676E-05  0.56261E-06 -0.91549E-06
  0.30150E+03 -0.18468E-05  0.55160E-06 -0.91950E-06
  0.30180E+03 -0.18071E-05  0.53710E-06 -0.91342E-06
  0.30210E+03 -0.17492E-05  0.51903E-06 -0.89743E-06
  0.30240E+03 -0.16739E-05  0.49731E-06 -0.87181E-06
  0.30270E+03 -0.15820E-05  0.47188E-06 -0.83694E-06
  0.30300E+03 -0.14748E-05  0.44274E-06 -0.79329E-06
  0.30330E+03 -0.13537E-05  0.40991E-06 -0.74140E-06
  0.30360E+03 -0.12199E-05  0.37346E-06 -0.68193E-06
  0.30390E+03 -0.10751E-05  0.33348E-06 -0.61559E-06
  0.30420E+03 -0.92064E-06  0.29005E-06 -0.54323E-06
  0.30450E+03 -0.75809E-06  0.24326E-06 -0.46576E-06
  0.30480E+03 -0.58893E-06  0.19314E-06 -0.38422E-06
  0.30510E+03 -0.41466E-06  0.13972E-06 -0.29971E-06
  0.30540E+03 -0.23677E-06  0.82989E-07 -0.21338E-06
  0.30570E+03 -0.56768E-07  0.22945E-07 -0.12642E-06
  0.30600E+03  0.12380E-06 -0.40371E-07 -0.39999E-07
  0.30630E+03  0.30336E-06 -0.10684E-06  0.44738E-07
  0.30660E+03  0.48028E-06 -0.17622E-06  0.12671E-06
  0.30690E+03  0.65288E-06 -0.24811E-06  0.20494E-06
