  0.00000E+00  0.46588E-13  0.68270E-12 -0.96616E-12
  0.30000E+00  0.36535E-12  0.53488E-11 -0.75336E-11
  0.60000E+00  0.14720E-11  0.21516E-10 -0.30141E-10
  0.90000E+00  0.41693E-11  0.60803E-10 -0.84687E-10
  0.12000E+01  0.94866E-11  0.13799E-09 -0.19103E-09
  0.15000E+01  0.18615E-10  0.27002E-09 -0.37148E-09
  0.18000E+01  0.32837E-10  0.47499E-09 -0.64935E-09
  0.21000E+01  0.53459E-10  0.77125E-09 -0.10475E-08
  0.24000E+01  0.81761E-10  0.11764E-08 -0.15871E-08
  0.27000E+01  0.11893E-09  0.17065E-08 -0.22862E-08
  0.30000E+01  0.16597E-09  0.23752E-08 -0.31592E-08
  0.33000E+01  0.22380E-09  0.31934E-08 -0.42153E-08
  0.36000E+01  0.29303E-09  0.41680E-08 -0.54580E-08
  0.39000E+01  0.37390E-09  0.53022E-08 -0.68851E-08
  0.42000E+01  0.46652E-09  0.65942E-08 -0.84876E-08
  0.45000E+01  0.57071E-09  0.80378E-08 -0.10249E-07
  0.48000E+01  0.68560E-09  0.96219E-08 -0.12149E-07
  0.51000E+01  0.81040E-09  0.11330E-07 -0.14156E-07
  0.54000E+01  0.94420E-09  0.13142E-07 -0.16238E-07
  0.57000E+01  0.10844E-08  0.15031E-07 -0.18352E-07
  0.60000E+01  0.12299E-08  0.16968E-07 -0.20453E-07
  0.63000E+01  0.13785E-08  0.18917E-07 -0.22490E-07
  0.66000E+01  0.15271E-08  0.20844E-07 -0.24414E-07
  0.69000E+01  0.16739E-08  0.22707E-07 -0.26165E-07
  0.72000E+01  0.18146E-08  0.24466E-07 -0.27690E-07
  0.75000E+01  0.19467E-08  0.26074E-07 -0.28930E-07
  0.78000E+01  0.20676E-08  0.27489E-07 -0.29829E-07
  0.81000E+01  0.21735E-08  0.28668E-07 -0.30337E-07
  0.84000E+01  0.22619E-08  0.29566E-07 -0.30403E-07
  0.87000E+01  0.23295E-08  0.30143E-07 -0.29980E-07
  0.90000E+01  0.23730E-08  0.30361E-07 -0.29030E-07
  0.93000E+01  0.23904E-08  0.30185E-07 -0.27518E-07
  0.96000E+01  0.23780E-08  0.29582E-07 -0.25419E-07
  0.99000E+01  0.23351E-08  0.28528E-07 -0.22716E-07
  0.10200E+02  0.22591E-08  0.27003E-07 -0.19399E-07
  0.10500E+02  0.21478E-08  0.24990E-07 -0.15468E-07
  0.10800E+02  0.20014E-08  0.22483E-07 -0.10933E-07
  0.11100E+02  0.18195E-08  0.19478E-07 -0.58145E-08
  0.11400E+02  0.16003E-08  0.15983E-07 -0.14260E-09
  0.11700E+02  0.13454E-08  0.12010E-07  0.60443E-08
  0.12000E+02  0.10559E-08  0.75798E-08  0.12696E-07
  0.12300E+02  0.73140E-09  0.27179E-08  0.19754E-07
  0.12600E+02  0.37640E-09 -0.25392E-08  0.27152E-07
  0.12900E+02 -0.88995E-11 -0.81518E-08  0.34813E-07
  0.13200E+02 -0.41940E-09 -0.14071E-07  0.42656E-07
  0.13500E+02 -0.85480E-09 -0.20244E-07  0.50594E-07
  0.13800E+02 -0.13081E-08 -0.26612E-07  0.58530E-07
  0.14100E+02 -0.17774E-08 -0.33110E-07  0.66369E-07
  0.14400E+02 -0.22576E-08 -0.39673E-07  0.74011E-07
  0.14700E+02 -0.27444E-08 -0.46229E-07  0.81352E-07
  0.15000E+02 -0.32320E-08 -0.52701E-07  0.88287E-07
  0.15300E+02 -0.37200E-08 -0.59008E-07  0.94725E-07
  0.15600E+02 -0.41880E-08 -0.65097E-07  0.10056E-06
  0.15900E+02 -0.46470E-08 -0.70866E-07  0.10570E-06
  0.16200E+02 -0.50910E-08 -0.76262E-07  0.11006E-06
  0.16500E+02 -0.55000E-08 -0.81197E-07  0.11354E-06
  0.16800E+02 -0.58820E-08 -0.85608E-07  0.11608E-06
  0.17100E+02 -0.62330E-08 -0.89432E-07  0.11762E-06
  0.17400E+02 -0.65390E-08 -0.92605E-07  0.11808E-06
  0.17700E+02 -0.68010E-08 -0.95075E-07  0.11743E-06
  0.18000E+02 -0.70180E-08 -0.96792E-07  0.11563E-06
  0.18300E+02 -0.71740E-08 -0.97715E-07  0.11265E-06
  0.18600E+02 -0.72830E-08 -0.97812E-07  0.10850E-06
  0.18900E+02 -0.73310E-08 -0.97053E-07  0.10316E-06
  0.19200E+02 -0.73220E-08 -0.95424E-07  0.96652E-07
  0.19500E+02 -0.72473E-08 -0.92916E-07  0.89004E-07
  0.19800E+02 -0.71114E-08 -0.89529E-07  0.80256E-07
  0.20100E+02 -0.69128E-08 -0.85274E-07  0.70461E-07
  0.20400E+02 -0.66523E-08 -0.80167E-07  0.59693E-07
  0.20700E+02 -0.63295E-08 -0.74238E-07  0.48015E-07
  0.21000E+02 -0.59476E-08 -0.67523E-07  0.35527E-07
  0.21300E+02 -0.55078E-08 -0.60062E-07  0.22320E-07
  0.21600E+02 -0.50133E-08 -0.51918E-07  0.85028E-08
  0.21900E+02 -0.44676E-08 -0.43154E-07 -0.58098E-08
  0.22200E+02 -0.38739E-08 -0.33821E-07 -0.20494E-07
  0.22500E+02 -0.32374E-08 -0.23994E-07 -0.35424E-07
  0.22800E+02 -0.25629E-08 -0.13767E-07 -0.50467E-07
  0.23100E+02 -0.18564E-08 -0.32200E-08 -0.65488E-07
  0.23400E+02 -0.11240E-08  0.75660E-08 -0.80352E-07
  0.23700E+02 -0.36900E-09  0.18498E-07 -0.94920E-07
  0.24000E+02  0.40700E-09  0.29478E-07 -0.10906E-06
  0.24300E+02  0.11850E-08  0.40412E-07 -0.12264E-06
  0.24600E+02  0.19630E-08  0.51211E-07 -0.13553E-06
  0.24900E+02  0.27470E-08  0.61779E-07 -0.14760E-06
  0.25200E+02  0.35090E-08  0.72024E-07 -0.15874E-06
  0.25500E+02  0.42590E-08  0.81851E-07 -0.16885E-06
  0.25800E+02  0.49930E-08  0.91187E-07 -0.17783E-06
  0.26100E+02  0.56880E-08  0.99941E-07 -0.18557E-06
  0.26400E+02  0.63490E-08  0.10803E-06 -0.19201E-06
  0.26700E+02  0.69680E-08  0.11540E-06 -0.19708E-06
  0.27000E+02  0.75430E-08  0.12197E-06 -0.20073E-06
  0.27300E+02  0.80680E-08  0.12770E-06 -0.20291E-06
  0.27600E+02  0.85310E-08  0.13253E-06 -0.20360E-06
  0.27900E+02  0.89440E-08  0.13642E-06 -0.20278E-06
  0.28200E+02  0.92940E-08  0.13934E-06 -0.20045E-06
  0.28500E+02  0.95730E-08  0.14126E-06 -0.19663E-06
  0.28800E+02  0.97900E-08  0.14217E-06 -0.19133E-06
  0.29100E+02  0.99360E-08  0.14207E-06 -0.18460E-06
  0.29400E+02  0.10012E-07  0.14096E-06 -0.17649E-06
  0.29700E+02  0.10023E-07  0.13884E-06 -0.16708E-06
  0.30000E+02  0.99570E-08  0.13574E-06 -0.15641E-06
  0.30300E+02  0.98270E-08  0.13169E-06 -0.14459E-06
  0.30600E+02  0.96340E-08  0.12672E-06 -0.13173E-06
  0.30900E+02  0.93670E-08  0.12088E-06 -0.11790E-06
  0.31200E+02  0.90455E-08  0.11422E-06 -0.10322E-06
  0.31500E+02  0.86612E-08  0.10680E-06 -0.87823E-07
  0.31800E+02  0.82219E-08  0.98685E-07 -0.71828E-07
  0.32100E+02  0.77298E-08  0.89935E-07 -0.55363E-07
  0.32400E+02  0.71905E-08  0.80637E-07 -0.38549E-07
  0.32700E+02  0.66079E-08  0.70849E-07 -0.21533E-07
  0.33000E+02  0.59875E-08  0.60676E-07 -0.44365E-08
  0.33300E+02  0.53338E-08  0.50185E-07  0.12605E-07
  0.33600E+02  0.46525E-08  0.39458E-07  0.29462E-07
  0.33900E+02  0.39460E-08  0.28585E-07  0.46005E-07
  0.34200E+02  0.32290E-08  0.17654E-07  0.62116E-07
  0.34500E+02  0.24990E-08  0.67390E-08  0.77674E-07
  0.34800E+02  0.17650E-08 -0.40730E-08  0.92571E-07
  0.35100E+02  0.10300E-08 -0.14702E-07  0.10670E-06
  0.35400E+02  0.30300E-09 -0.25074E-07  0.11997E-06
  0.35700E+02 -0.41800E-09 -0.35118E-07  0.13229E-06
  0.36000E+02 -0.11210E-08 -0.44761E-07  0.14359E-06
  0.36300E+02 -0.18050E-08 -0.53945E-07  0.15380E-06
  0.36600E+02 -0.24610E-08 -0.62601E-07  0.16287E-06
  0.36900E+02 -0.30870E-08 -0.70686E-07  0.17071E-06
  0.37200E+02 -0.36700E-08 -0.78091E-07  0.17721E-06
  0.37500E+02 -0.41820E-08 -0.84592E-07  0.18206E-06
  0.37800E+02 -0.45630E-08 -0.89781E-07  0.18477E-06
  0.38100E+02 -0.47410E-08 -0.93050E-07  0.18477E-06
  0.38400E+02 -0.45900E-08 -0.93690E-07  0.18156E-06
  0.38700E+02 -0.40380E-08 -0.91034E-07  0.17488E-06
  0.39000E+02 -0.30210E-08 -0.84626E-07  0.16470E-06
  0.39300E+02 -0.15060E-08 -0.74297E-07  0.15134E-06
  0.39600E+02  0.45202E-09 -0.60228E-07  0.13538E-06
  0.39900E+02  0.27800E-08 -0.42939E-07  0.11760E-06
  0.40200E+02  0.53660E-08 -0.23185E-07  0.98835E-07
  0.40500E+02  0.80490E-08 -0.19297E-08  0.80084E-07
  0.40800E+02  0.10629E-07  0.19591E-07  0.62514E-07
  0.41100E+02  0.12910E-07  0.39933E-07  0.47315E-07
  0.41400E+02  0.14625E-07  0.57538E-07  0.35549E-07
  0.41700E+02  0.15562E-07  0.70901E-07  0.28067E-07
  0.42000E+02  0.15508E-07  0.78735E-07  0.25403E-07
  0.42300E+02  0.14347E-07  0.80202E-07  0.27646E-07
  0.42600E+02  0.12043E-07  0.75059E-07  0.34421E-07
  0.42900E+02  0.86250E-08  0.63653E-07  0.45189E-07
  0.43200E+02  0.41780E-08  0.46554E-07  0.59620E-07
  0.43500E+02 -0.12124E-08  0.24240E-07  0.77550E-07
  0.43800E+02 -0.75065E-08 -0.29610E-08  0.98722E-07
  0.44100E+02 -0.14650E-07 -0.34797E-07  0.12267E-06
  0.44400E+02 -0.22581E-07 -0.70909E-07  0.14869E-06
  0.44700E+02 -0.31222E-07 -0.11087E-06  0.17603E-06
  0.45000E+02 -0.40501E-07 -0.15429E-06  0.20412E-06
  0.45300E+02 -0.50364E-07 -0.20099E-06  0.23253E-06
  0.45600E+02 -0.60765E-07 -0.25081E-06  0.26080E-06
  0.45900E+02 -0.71656E-07 -0.30364E-06  0.28842E-06
  0.46200E+02 -0.82973E-07 -0.35927E-06  0.31480E-06
  0.46500E+02 -0.94624E-07 -0.41735E-06  0.33920E-06
  0.46800E+02 -0.10646E-06 -0.47718E-06  0.36056E-06
  0.47100E+02 -0.11828E-06 -0.53767E-06  0.37780E-06
  0.47400E+02 -0.12983E-06 -0.59757E-06  0.38984E-06
  0.47700E+02 -0.14087E-06 -0.65541E-06  0.39576E-06
  0.48000E+02 -0.15108E-06 -0.70961E-06  0.39459E-06
  0.48300E+02 -0.16012E-06 -0.75837E-06  0.38542E-06
  0.48600E+02 -0.16767E-06 -0.79981E-06  0.36757E-06
  0.48900E+02 -0.17338E-06 -0.83209E-06  0.34047E-06
  0.49200E+02 -0.17690E-06 -0.85335E-06  0.30359E-06
  0.49500E+02 -0.17788E-06 -0.86166E-06  0.25659E-06
  0.49800E+02 -0.17596E-06 -0.85510E-06  0.19961E-06
  0.50100E+02 -0.17083E-06 -0.83196E-06  0.13298E-06
  0.50400E+02 -0.16222E-06 -0.79084E-06  0.57127E-07
  0.50700E+02 -0.14991E-06 -0.73066E-06 -0.27512E-07
  0.51000E+02 -0.13374E-06 -0.65059E-06 -0.12026E-06
  0.51300E+02 -0.11360E-06 -0.55016E-06 -0.22022E-06
  0.51600E+02 -0.89461E-07 -0.42930E-06 -0.32624E-06
  0.51900E+02 -0.61372E-07 -0.28841E-06 -0.43685E-06
  0.52200E+02 -0.29476E-07 -0.12842E-06 -0.55021E-06
  0.52500E+02  0.59930E-08  0.49189E-07 -0.66427E-06
  0.52800E+02  0.44654E-07  0.24230E-06 -0.77687E-06
  0.53100E+02  0.86074E-07  0.44816E-06 -0.88568E-06
  0.53400E+02  0.12966E-06  0.66341E-06 -0.98832E-06
  0.53700E+02  0.17476E-06  0.88428E-06 -0.10825E-05
  0.54000E+02  0.22068E-06  0.11067E-05 -0.11662E-05
  0.54300E+02  0.26667E-06  0.13266E-05 -0.12375E-05
  0.54600E+02  0.31199E-06  0.15399E-05 -0.12946E-05
  0.54900E+02  0.35592E-06  0.17428E-05 -0.13364E-05
  0.55200E+02  0.39778E-06  0.19317E-05 -0.13618E-05
  0.55500E+02  0.43694E-06  0.21034E-05 -0.13700E-05
  0.55800E+02  0.47277E-06  0.22552E-05 -0.13607E-05
  0.56100E+02  0.50474E-06  0.23845E-05 -0.13337E-05
  0.56400E+02  0.53233E-06  0.24893E-05 -0.12889E-05
  0.56700E+02  0.55509E-06  0.25673E-05 -0.12267E-05
  0.57000E+02  0.57256E-06  0.26172E-05 -0.11473E-05
  0.57300E+02  0.58435E-06  0.26372E-05 -0.10509E-05
  0.57600E+02  0.59007E-06  0.26259E-05 -0.93814E-06
  0.57900E+02  0.58937E-06  0.25820E-05 -0.80939E-06
  0.58200E+02  0.58194E-06  0.25044E-05 -0.66536E-06
  0.58500E+02  0.56749E-06  0.23921E-05 -0.50700E-06
  0.58800E+02  0.54579E-06  0.22445E-05 -0.33559E-06
  0.59100E+02  0.51670E-06  0.20611E-05 -0.15272E-06
  0.59400E+02  0.48016E-06  0.18422E-05  0.39593E-07
  0.59700E+02  0.43624E-06  0.15887E-05  0.23899E-06
  0.60000E+02  0.38516E-06  0.13022E-05  0.44274E-06
  0.60300E+02  0.32729E-06  0.98520E-06  0.64787E-06
  0.60600E+02  0.26316E-06  0.64133E-06  0.85121E-06
  0.60900E+02  0.19346E-06  0.27483E-06  0.10496E-05
  0.61200E+02  0.11900E-06 -0.10945E-06  0.12399E-05
  0.61500E+02  0.40696E-07 -0.50595E-06  0.14192E-05
  0.61800E+02 -0.40472E-07 -0.90905E-06  0.15850E-05
  0.62100E+02 -0.12349E-06 -0.13130E-05  0.17351E-05
  0.62400E+02 -0.20735E-06 -0.17122E-05  0.18677E-05
  0.62700E+02 -0.29105E-06 -0.21014E-05  0.19813E-05
  0.63000E+02 -0.37364E-06 -0.24757E-05  0.20747E-05
  0.63300E+02 -0.45418E-06 -0.28304E-05  0.21469E-05
  0.63600E+02 -0.53179E-06 -0.31614E-05  0.21972E-05
  0.63900E+02 -0.60563E-06 -0.34648E-05  0.22249E-05
  0.64200E+02 -0.67487E-06 -0.37368E-05  0.22294E-05
  0.64500E+02 -0.73873E-06 -0.39742E-05  0.22103E-05
  0.64800E+02 -0.79648E-06 -0.41739E-05  0.21675E-05
  0.65100E+02 -0.84741E-06 -0.43336E-05  0.21013E-05
  0.65400E+02 -0.89079E-06 -0.44512E-05  0.20126E-05
  0.65700E+02 -0.92580E-06 -0.45250E-05  0.19030E-05
  0.66000E+02 -0.95163E-06 -0.45535E-05  0.17746E-05
  0.66300E+02 -0.96753E-06 -0.45358E-05  0.16302E-05
  0.66600E+02 -0.97284E-06 -0.44723E-05  0.14726E-05
  0.66900E+02 -0.96710E-06 -0.43638E-05  0.13049E-05
  0.67200E+02 -0.94994E-06 -0.42124E-05  0.11293E-05
  0.67500E+02 -0.92110E-06 -0.40205E-05  0.94763E-06
  0.67800E+02 -0.88033E-06 -0.37902E-05  0.76109E-06
  0.68100E+02 -0.82739E-06 -0.35234E-05  0.57012E-06
  0.68400E+02 -0.76209E-06 -0.32219E-05  0.37486E-06
  0.68700E+02 -0.68438E-06 -0.28872E-05  0.17545E-06
  0.69000E+02 -0.59444E-06 -0.25216E-05 -0.27611E-07
  0.69300E+02 -0.49263E-06 -0.21273E-05 -0.23316E-06
  0.69600E+02 -0.37951E-06 -0.17077E-05 -0.43932E-06
  0.69900E+02 -0.25598E-06 -0.12663E-05 -0.64364E-06
  0.70200E+02 -0.12336E-06 -0.80722E-06 -0.84343E-06
  0.70500E+02  0.16661E-07 -0.33564E-06 -0.10362E-05
  0.70800E+02  0.16213E-06  0.14313E-06 -0.12202E-05
  0.71100E+02  0.31088E-06  0.62331E-06 -0.13940E-05
  0.71400E+02  0.46063E-06  0.10988E-05 -0.15568E-05
  0.71700E+02  0.60898E-06  0.15632E-05 -0.17082E-05
  0.72000E+02  0.75358E-06  0.20113E-05 -0.18476E-05
  0.72300E+02  0.89212E-06  0.24386E-05 -0.19742E-05
  0.72600E+02  0.10226E-05  0.28423E-05 -0.20866E-05
  0.72900E+02  0.11432E-05  0.32201E-05 -0.21832E-05
  0.73200E+02  0.12523E-05  0.35700E-05 -0.22619E-05
  0.73500E+02  0.13480E-05  0.38896E-05 -0.23206E-05
  0.73800E+02  0.14289E-05  0.41763E-05 -0.23578E-05
  0.74100E+02  0.14930E-05  0.44277E-05 -0.23726E-05
  0.74400E+02  0.15390E-05  0.46410E-05 -0.23646E-05
  0.74700E+02  0.15655E-05  0.48135E-05 -0.23350E-05
  0.75000E+02  0.15717E-05  0.49438E-05 -0.22853E-05
  0.75300E+02  0.15567E-05  0.50320E-05 -0.22177E-05
  0.75600E+02  0.15195E-05  0.50793E-05 -0.21339E-05
  0.75900E+02  0.14594E-05  0.50868E-05 -0.20353E-05
  0.76200E+02  0.13749E-05  0.50557E-05 -0.19226E-05
  0.76500E+02  0.12655E-05  0.49868E-05 -0.17965E-05
  0.76800E+02  0.11300E-05  0.48804E-05 -0.16573E-05
  0.77100E+02  0.96748E-06  0.47369E-05 -0.15059E-05
  0.77400E+02  0.77653E-06  0.45573E-05 -0.13444E-05
  0.77700E+02  0.55635E-06  0.43440E-05 -0.11755E-05
  0.78000E+02  0.30647E-06  0.41012E-05 -0.10018E-05
  0.78300E+02  0.27280E-07  0.38335E-05 -0.82519E-06
  0.78600E+02 -0.28041E-06  0.35454E-05 -0.64608E-06
  0.78900E+02 -0.61523E-06  0.32410E-05 -0.46408E-06
  0.79200E+02 -0.97556E-06  0.29237E-05 -0.27877E-06
  0.79500E+02 -0.13590E-05  0.25956E-05 -0.90713E-07
  0.79800E+02 -0.17623E-05  0.22592E-05  0.97968E-07
  0.80100E+02 -0.21808E-05  0.19172E-05  0.28405E-06
  0.80400E+02 -0.26084E-05  0.15736E-05  0.46443E-06
  0.80700E+02 -0.30384E-05  0.12327E-05  0.63715E-06
  0.81000E+02 -0.34628E-05  0.89839E-06  0.80166E-06
  0.81300E+02 -0.38728E-05  0.57384E-06  0.95818E-06
  0.81600E+02 -0.42588E-05  0.26127E-06  0.11069E-05
  0.81900E+02 -0.46104E-05 -0.38164E-07  0.12472E-05
  0.82200E+02 -0.49175E-05 -0.32375E-06  0.13773E-05
  0.82500E+02 -0.51693E-05 -0.59434E-06  0.14948E-05
  0.82800E+02 -0.53553E-05 -0.84839E-06  0.15977E-05
  0.83100E+02 -0.54655E-05 -0.10845E-05  0.16845E-05
  0.83400E+02 -0.54906E-05 -0.13016E-05  0.17542E-05
  0.83700E+02 -0.54228E-05 -0.14986E-05  0.18059E-05
  0.84000E+02 -0.52560E-05 -0.16753E-05  0.18380E-05
  0.84300E+02 -0.49862E-05 -0.18320E-05  0.18486E-05
  0.84600E+02 -0.46114E-05 -0.19693E-05  0.18353E-05
  0.84900E+02 -0.41319E-05 -0.20880E-05  0.17958E-05
  0.85200E+02 -0.35511E-05 -0.21897E-05  0.17281E-05
  0.85500E+02 -0.28745E-05 -0.22763E-05  0.16308E-05
  0.85800E+02 -0.21106E-05 -0.23505E-05  0.15020E-05
  0.86100E+02 -0.12700E-05 -0.24155E-05  0.13403E-05
  0.86400E+02 -0.36470E-06 -0.24756E-05  0.11447E-05
  0.86700E+02  0.59000E-06 -0.25351E-05  0.91553E-06
  0.87000E+02  0.15790E-05 -0.25994E-05  0.65430E-06
  0.87300E+02  0.25856E-05 -0.26747E-05  0.36456E-06
  0.87600E+02  0.35928E-05 -0.27678E-05  0.51298E-07
  0.87900E+02  0.45835E-05 -0.28853E-05 -0.27891E-06
  0.88200E+02  0.55428E-05 -0.30333E-05 -0.61788E-06
  0.88500E+02  0.64560E-05 -0.32167E-05 -0.95572E-06
  0.88800E+02  0.73077E-05 -0.34383E-05 -0.12808E-05
  0.89100E+02  0.80881E-05 -0.36989E-05 -0.15798E-05
  0.89400E+02  0.87860E-05 -0.39966E-05 -0.18389E-05
  0.89700E+02  0.93944E-05 -0.43263E-05 -0.20445E-05
  0.90000E+02  0.99064E-05 -0.46798E-05 -0.21841E-05
  0.90300E+02  0.10317E-04 -0.50453E-05 -0.22473E-05
  0.90600E+02  0.10624E-04 -0.54085E-05 -0.22263E-05
  0.90900E+02  0.10824E-04 -0.57524E-05 -0.21169E-05
  0.91200E+02  0.10917E-04 -0.60592E-05 -0.19184E-05
  0.91500E+02  0.10900E-04 -0.63111E-05 -0.16351E-05
  0.91800E+02  0.10773E-04 -0.64918E-05 -0.12754E-05
  0.92100E+02  0.10537E-04 -0.65874E-05 -0.85198E-06
  0.92400E+02  0.10191E-04 -0.65878E-05 -0.38028E-06
  0.92700E+02  0.97343E-05 -0.64874E-05  0.12283E-06
  0.93000E+02  0.91692E-05 -0.62859E-05  0.64029E-06
  0.93300E+02  0.84968E-05 -0.59876E-05  0.11559E-05
  0.93600E+02  0.77201E-05 -0.56009E-05  0.16556E-05
  0.93900E+02  0.68438E-05 -0.51366E-05  0.21279E-05
  0.94200E+02  0.58745E-05 -0.46072E-05  0.25650E-05
  0.94500E+02  0.48205E-05 -0.40240E-05  0.29629E-05
  0.94800E+02  0.36946E-05 -0.33973E-05  0.33207E-05
  0.95100E+02  0.25069E-05 -0.27348E-05  0.36390E-05
  0.95400E+02  0.12744E-05 -0.20415E-05  0.39187E-05
  0.95700E+02  0.11401E-07 -0.13196E-05  0.41594E-05
  0.96000E+02 -0.12653E-05 -0.56946E-06  0.43587E-05
  0.96300E+02 -0.25393E-05  0.20874E-06  0.45124E-05
  0.96600E+02 -0.37949E-05  0.10134E-05  0.46139E-05
  0.96900E+02 -0.50192E-05  0.18397E-05  0.46555E-05
  0.97200E+02 -0.61995E-05  0.26796E-05  0.46287E-05
  0.97500E+02 -0.73242E-05  0.35212E-05  0.45262E-05
  0.97800E+02 -0.83860E-05  0.43495E-05  0.43436E-05
  0.98100E+02 -0.93764E-05  0.51482E-05  0.40805E-05
  0.98400E+02 -0.10288E-04  0.59012E-05  0.37412E-05
  0.98700E+02 -0.11115E-04  0.65940E-05  0.33339E-05
  0.99000E+02 -0.11850E-04  0.72158E-05  0.28694E-05
  0.99300E+02 -0.12486E-04  0.77602E-05  0.23592E-05
  0.99600E+02 -0.13015E-04  0.82251E-05  0.18149E-05
  0.99900E+02 -0.13432E-04  0.86119E-05  0.12461E-05
  0.10020E+03 -0.13728E-04  0.89229E-05  0.66027E-06
  0.10050E+03 -0.13898E-04  0.91599E-05  0.61870E-07
  0.10080E+03 -0.13940E-04  0.93229E-05 -0.54710E-06
  0.10110E+03 -0.13850E-04  0.94098E-05 -0.11651E-05
  0.10140E+03 -0.13630E-04  0.94160E-05 -0.17888E-05
  0.10170E+03 -0.13284E-04  0.93361E-05 -0.24121E-05
  0.10200E+03 -0.12816E-04  0.91646E-05 -0.30262E-05
  0.10230E+03 -0.12235E-04  0.88988E-05 -0.36198E-05
  0.10260E+03 -0.11548E-04  0.85403E-05 -0.41807E-05
  0.10290E+03 -0.10764E-04  0.80953E-05 -0.46967E-05
  0.10320E+03 -0.98930E-05  0.75741E-05 -0.51573E-05
  0.10350E+03 -0.89440E-05  0.69888E-05 -0.55547E-05
  0.10380E+03 -0.79266E-05  0.63515E-05 -0.58866E-05
  0.10410E+03 -0.68503E-05  0.56730E-05 -0.61534E-05
  0.10440E+03 -0.57246E-05  0.49614E-05 -0.63577E-05
  0.10470E+03 -0.45598E-05  0.42218E-05 -0.65007E-05
  0.10500E+03 -0.33653E-05  0.34567E-05 -0.65829E-05
  0.10530E+03 -0.21533E-05  0.26679E-05 -0.66031E-05
  0.10560E+03 -0.93310E-06  0.18598E-05 -0.65583E-05
  0.10590E+03  0.28440E-06  0.10397E-05 -0.64444E-05
  0.10620E+03  0.14870E-05  0.21795E-06 -0.62580E-05
  0.10650E+03  0.26653E-05 -0.59292E-06 -0.59986E-05
  0.10680E+03  0.38068E-05 -0.13795E-05 -0.56703E-05
  0.10710E+03  0.49012E-05 -0.21296E-05 -0.52801E-05
  0.10740E+03  0.59387E-05 -0.28340E-05 -0.48369E-05
  0.10770E+03  0.69064E-05 -0.34881E-05 -0.43506E-05
  0.10800E+03  0.77984E-05 -0.40900E-05 -0.38297E-05
  0.10830E+03  0.86051E-05 -0.46395E-05 -0.32805E-05
  0.10860E+03  0.93215E-05 -0.51362E-05 -0.27067E-05
  0.10890E+03  0.99438E-05 -0.55783E-05 -0.21104E-05
  0.10920E+03  0.10470E-04 -0.59613E-05 -0.14945E-05
  0.10950E+03  0.10899E-04 -0.62792E-05 -0.86341E-06
  0.10980E+03  0.11232E-04 -0.65263E-05 -0.22453E-06
  0.11010E+03  0.11468E-04 -0.66986E-05  0.41221E-06
  0.11040E+03  0.11608E-04 -0.67955E-05  0.10357E-05
  0.11070E+03  0.11651E-04 -0.68200E-05  0.16356E-05
  0.11100E+03  0.11597E-04 -0.67775E-05  0.22041E-05
  0.11130E+03  0.11447E-04 -0.66748E-05  0.27363E-05
  0.11160E+03  0.11203E-04 -0.65171E-05  0.32302E-05
  0.11190E+03  0.10869E-04 -0.63080E-05  0.36850E-05
  0.11220E+03  0.10450E-04 -0.60489E-05  0.40998E-05
  0.11250E+03  0.99528E-05 -0.57401E-05  0.44716E-05
  0.11280E+03  0.93860E-05 -0.53833E-05  0.47955E-05
  0.11310E+03  0.87587E-05 -0.49824E-05  0.50654E-05
  0.11340E+03  0.80793E-05 -0.45446E-05  0.52757E-05
  0.11370E+03  0.73565E-05 -0.40791E-05  0.54233E-05
  0.11400E+03  0.65982E-05 -0.35960E-05  0.55081E-05
  0.11430E+03  0.58121E-05 -0.31040E-05  0.55333E-05
  0.11460E+03  0.50052E-05 -0.26092E-05  0.55036E-05
  0.11490E+03  0.41848E-05 -0.21150E-05  0.54234E-05
  0.11520E+03  0.33580E-05 -0.16230E-05  0.52956E-05
  0.11550E+03  0.25317E-05 -0.11354E-05  0.51213E-05
  0.11580E+03  0.17131E-05 -0.65580E-06  0.48999E-05
  0.11610E+03  0.90918E-06 -0.19048E-06  0.46320E-05
  0.11640E+03  0.12695E-06  0.25295E-06  0.43198E-05
  0.11670E+03 -0.62644E-06  0.66667E-06  0.39687E-05
  0.11700E+03 -0.13440E-05  0.10451E-05  0.35863E-05
  0.11730E+03 -0.20194E-05  0.13851E-05  0.31808E-05
  0.11760E+03 -0.26465E-05  0.16867E-05  0.27596E-05
  0.11790E+03 -0.32210E-05  0.19511E-05  0.23277E-05
  0.11820E+03 -0.37398E-05  0.21792E-05  0.18881E-05
  0.11850E+03 -0.42014E-05  0.23705E-05  0.14425E-05
  0.11880E+03 -0.46054E-05  0.25227E-05  0.99355E-06
  0.11910E+03 -0.49521E-05  0.26327E-05  0.54595E-06
  0.11940E+03 -0.52419E-05  0.26989E-05  0.10617E-06
  0.11970E+03 -0.54750E-05  0.27215E-05 -0.31809E-06
  0.12000E+03 -0.56510E-05  0.27037E-05 -0.71988E-06
  0.12030E+03 -0.57695E-05  0.26503E-05 -0.10945E-05
  0.12060E+03 -0.58305E-05  0.25658E-05 -0.14401E-05
  0.12090E+03 -0.58351E-05  0.24537E-05 -0.17565E-05
  0.12120E+03 -0.57857E-05  0.23153E-05 -0.20435E-05
  0.12150E+03 -0.56860E-05  0.21513E-05 -0.22999E-05
  0.12180E+03 -0.55406E-05  0.19626E-05 -0.25226E-05
  0.12210E+03 -0.53548E-05  0.17520E-05 -0.27076E-05
  0.12240E+03 -0.51338E-05  0.15246E-05 -0.28514E-05
  0.12270E+03 -0.48822E-05  0.12868E-05 -0.29528E-05
  0.12300E+03 -0.46047E-05  0.10451E-05 -0.30130E-05
  0.12330E+03 -0.43055E-05  0.80381E-06 -0.30352E-05
  0.12360E+03 -0.39881E-05  0.56546E-06 -0.30231E-05
  0.12390E+03 -0.36567E-05  0.33097E-06 -0.29790E-05
  0.12420E+03 -0.33149E-05  0.10116E-06 -0.29032E-05
  0.12450E+03 -0.29666E-05 -0.12164E-06 -0.27954E-05
  0.12480E+03 -0.26157E-05 -0.33333E-06 -0.26558E-05
  0.12510E+03 -0.22668E-05 -0.52890E-06 -0.24863E-05
  0.12540E+03 -0.19243E-05 -0.70368E-06 -0.22914E-05
  0.12570E+03 -0.15927E-05 -0.85494E-06 -0.20766E-05
  0.12600E+03 -0.12763E-05 -0.98220E-06 -0.18474E-05
  0.12630E+03 -0.97843E-06 -0.10862E-05 -0.16077E-05
  0.12660E+03 -0.70175E-06 -0.11677E-05 -0.13594E-05
  0.12690E+03 -0.44752E-06 -0.12267E-05 -0.11034E-05
  0.12720E+03 -0.21619E-06 -0.12614E-05 -0.84156E-06
  0.12750E+03 -0.77899E-08 -0.12698E-05 -0.57713E-06
  0.12780E+03  0.17733E-06 -0.12509E-05 -0.31519E-06
  0.12810E+03  0.33829E-06 -0.12056E-05 -0.61273E-07
  0.12840E+03  0.47413E-06 -0.11362E-05  0.18021E-06
  0.12870E+03  0.58354E-06 -0.10463E-05  0.40687E-06
  0.12900E+03  0.66596E-06 -0.93813E-06  0.61808E-06
  0.12930E+03  0.72172E-06 -0.81304E-06  0.81378E-06
  0.12960E+03  0.75226E-06 -0.67111E-06  0.99288E-06
  0.12990E+03  0.75984E-06 -0.51295E-06  0.11528E-05
  0.13020E+03  0.74711E-06 -0.34026E-06  0.12901E-05
  0.13050E+03  0.71670E-06 -0.15679E-06  0.14019E-05
  0.13080E+03  0.67094E-06  0.33130E-07  0.14869E-05
  0.13110E+03  0.61180E-06  0.22542E-06  0.15460E-05
  0.13140E+03  0.54100E-06  0.41725E-06  0.15813E-05
  0.13170E+03  0.46029E-06  0.60758E-06  0.15942E-05
  0.13200E+03  0.37133E-06  0.79594E-06  0.15851E-05
  0.13230E+03  0.27637E-06  0.98072E-06  0.15532E-05
  0.13260E+03  0.17765E-06  0.11593E-05  0.14974E-05
  0.13290E+03  0.77810E-07  0.13277E-05  0.14183E-05
  0.13320E+03 -0.20220E-07  0.14823E-05  0.13184E-05
  0.13350E+03 -0.11358E-06  0.16206E-05  0.12012E-05
  0.13380E+03 -0.19972E-06  0.17419E-05  0.10702E-05
  0.13410E+03 -0.27660E-06  0.18463E-05  0.92744E-06
  0.13440E+03 -0.34306E-06  0.19338E-05  0.77387E-06
  0.13470E+03 -0.39831E-06  0.20032E-05  0.60987E-06
  0.13500E+03 -0.44223E-06  0.20527E-05  0.43684E-06
  0.13530E+03 -0.47405E-06  0.20803E-05  0.25779E-06
  0.13560E+03 -0.49296E-06  0.20854E-05  0.76786E-07
  0.13590E+03 -0.49770E-06  0.20685E-05 -0.10235E-06
  0.13620E+03 -0.48684E-06  0.20314E-05 -0.27716E-06
  0.13650E+03 -0.45966E-06  0.19755E-05 -0.44673E-06
  0.13680E+03 -0.41624E-06  0.19012E-05 -0.61062E-06
  0.13710E+03 -0.35749E-06  0.18083E-05 -0.76773E-06
  0.13740E+03 -0.28487E-06  0.16968E-05 -0.91561E-06
  0.13770E+03 -0.19991E-06  0.15677E-05 -0.10510E-05
  0.13800E+03 -0.10378E-06  0.14234E-05 -0.11711E-05
  0.13830E+03  0.26910E-08  0.12667E-05 -0.12747E-05
  0.13860E+03  0.11886E-06  0.11001E-05 -0.13620E-05
  0.13890E+03  0.24390E-06  0.92518E-06 -0.14336E-05
  0.13920E+03  0.37659E-06  0.74243E-06 -0.14895E-05
  0.13950E+03  0.51524E-06  0.55272E-06 -0.15284E-05
  0.13980E+03  0.65768E-06  0.35795E-06 -0.15488E-05
  0.14010E+03  0.80188E-06  0.16111E-06 -0.15496E-05
  0.14040E+03  0.94553E-06 -0.34554E-07 -0.15314E-05
  0.14070E+03  0.10869E-05 -0.22657E-06 -0.14959E-05
  0.14100E+03  0.12244E-05 -0.41363E-06 -0.14450E-05
  0.14130E+03  0.13566E-05 -0.59520E-06 -0.13798E-05
  0.14160E+03  0.14823E-05 -0.77048E-06 -0.13003E-05
  0.14190E+03  0.16005E-05 -0.93772E-06 -0.12061E-05
  0.14220E+03  0.17095E-05 -0.10945E-05 -0.10981E-05
  0.14250E+03  0.18079E-05 -0.12385E-05 -0.97832E-06
  0.14280E+03  0.18938E-05 -0.13683E-05 -0.84956E-06
  0.14310E+03  0.19660E-05 -0.14837E-05 -0.71428E-06
  0.14340E+03  0.20235E-05 -0.15850E-05 -0.57381E-06
  0.14370E+03  0.20660E-05 -0.16720E-05 -0.42857E-06
  0.14400E+03  0.20934E-05 -0.17437E-05 -0.27925E-06
  0.14430E+03  0.21056E-05 -0.17989E-05 -0.12750E-06
  0.14460E+03  0.21027E-05 -0.18368E-05  0.23988E-07
  0.14490E+03  0.20840E-05 -0.18579E-05  0.17246E-06
  0.14520E+03  0.20493E-05 -0.18633E-05  0.31607E-06
  0.14550E+03  0.19985E-05 -0.18539E-05  0.45416E-06
  0.14580E+03  0.19322E-05 -0.18304E-05  0.58649E-06
  0.14610E+03  0.18516E-05 -0.17925E-05  0.71228E-06
  0.14640E+03  0.17579E-05 -0.17404E-05  0.82975E-06
  0.14670E+03  0.16521E-05 -0.16750E-05  0.93671E-06
  0.14700E+03  0.15348E-05 -0.15979E-05  0.10316E-05
  0.14730E+03  0.14069E-05 -0.15111E-05  0.11142E-05
  0.14760E+03  0.12692E-05 -0.14160E-05  0.11848E-05
  0.14790E+03  0.11231E-05 -0.13131E-05  0.12437E-05
  0.14820E+03  0.97037E-06 -0.12030E-05  0.12904E-05
  0.14850E+03  0.81267E-06 -0.10868E-05  0.13238E-05
  0.14880E+03  0.65145E-06 -0.96629E-06  0.13430E-05
  0.14910E+03  0.48794E-06 -0.84359E-06  0.13483E-05
  0.14940E+03  0.32327E-06 -0.72029E-06  0.13408E-05
  0.14970E+03  0.15875E-06 -0.59725E-06  0.13219E-05
  0.15000E+03 -0.40720E-08 -0.47494E-06  0.12920E-05
  0.15030E+03 -0.16364E-06 -0.35416E-06  0.12510E-05
  0.15060E+03 -0.31860E-06 -0.23636E-06  0.11987E-05
  0.15090E+03 -0.46785E-06 -0.12324E-06  0.11361E-05
  0.15120E+03 -0.61045E-06 -0.16103E-07  0.10647E-05
  0.15150E+03 -0.74545E-06  0.84488E-07  0.98631E-06
  0.15180E+03 -0.87185E-06  0.17849E-06  0.90220E-06
  0.15210E+03 -0.98871E-06  0.26571E-06  0.81274E-06
  0.15240E+03 -0.10953E-05  0.34537E-06  0.71822E-06
  0.15270E+03 -0.11911E-05  0.41647E-06  0.61966E-06
  0.15300E+03 -0.12758E-05  0.47833E-06  0.51883E-06
  0.15330E+03 -0.13490E-05  0.53100E-06  0.41763E-06
  0.15360E+03 -0.14105E-05  0.57502E-06  0.31727E-06
  0.15390E+03 -0.14600E-05  0.61082E-06  0.21816E-06
  0.15420E+03 -0.14977E-05  0.63832E-06  0.12061E-06
  0.15450E+03 -0.15237E-05  0.65721E-06  0.25455E-07
  0.15480E+03 -0.15384E-05  0.66748E-06 -0.65825E-07
  0.15510E+03 -0.15420E-05  0.66977E-06 -0.15173E-06
  0.15540E+03 -0.15350E-05  0.66509E-06 -0.23149E-06
  0.15570E+03 -0.15177E-05  0.65430E-06 -0.30507E-06
  0.15600E+03 -0.14910E-05  0.63778E-06 -0.37256E-06
  0.15630E+03 -0.14554E-05  0.61566E-06 -0.43350E-06
  0.15660E+03 -0.14119E-05  0.58841E-06 -0.48698E-06
  0.15690E+03 -0.13610E-05  0.55689E-06 -0.53214E-06
  0.15720E+03 -0.13037E-05  0.52246E-06 -0.56894E-06
  0.15750E+03 -0.12406E-05  0.48596E-06 -0.59789E-06
  0.15780E+03 -0.11727E-05  0.44785E-06 -0.61955E-06
  0.15810E+03 -0.11010E-05  0.40847E-06 -0.63389E-06
  0.15840E+03 -0.10263E-05  0.36825E-06 -0.64055E-06
  0.15870E+03 -0.94937E-06  0.32822E-06 -0.63940E-06
  0.15900E+03 -0.87108E-06  0.28952E-06 -0.63105E-06
  0.15930E+03 -0.79219E-06  0.25268E-06 -0.61652E-06
  0.15960E+03 -0.71350E-06  0.21790E-06 -0.59661E-06
  0.15990E+03 -0.63578E-06  0.18534E-06 -0.57155E-06
  0.16020E+03 -0.55970E-06  0.15548E-06 -0.54138E-06
  0.16050E+03 -0.48581E-06  0.12890E-06 -0.50657E-06
  0.16080E+03 -0.41461E-06  0.10633E-06 -0.46813E-06
  0.16110E+03 -0.34659E-06  0.87810E-07 -0.42723E-06
  0.16140E+03 -0.28224E-06  0.73040E-07 -0.38458E-06
  0.16170E+03 -0.22191E-06  0.62050E-07 -0.34043E-06
  0.16200E+03 -0.16584E-06  0.55110E-07 -0.29504E-06
  0.16230E+03 -0.11420E-06  0.52300E-07 -0.24915E-06
  0.16260E+03 -0.67088E-07  0.53753E-07 -0.20384E-06
  0.16290E+03 -0.24570E-07  0.59011E-07 -0.15997E-06
  0.16320E+03  0.13170E-07  0.67573E-07 -0.11791E-06
  0.16350E+03  0.46380E-07  0.79187E-07 -0.77714E-07
  0.16380E+03  0.75180E-07  0.93816E-07 -0.39714E-07
  0.16410E+03  0.99630E-07  0.11130E-06 -0.46200E-08
  0.16440E+03  0.12013E-06  0.13116E-06  0.26835E-07
  0.16470E+03  0.13691E-06  0.15268E-06  0.54367E-07
  0.16500E+03  0.15005E-06  0.17533E-06  0.78105E-07
  0.16530E+03  0.16017E-06  0.19883E-06  0.98129E-07
  0.16560E+03  0.16744E-06  0.22298E-06  0.11419E-06
  0.16590E+03  0.17246E-06  0.24729E-06  0.12584E-06
  0.16620E+03  0.17539E-06  0.27108E-06  0.13302E-06
  0.16650E+03  0.17674E-06  0.29376E-06  0.13602E-06
  0.16680E+03  0.17689E-06  0.31498E-06  0.13526E-06
  0.16710E+03  0.17627E-06  0.33457E-06  0.13089E-06
  0.16740E+03  0.17526E-06  0.35221E-06  0.12280E-06
  0.16770E+03  0.17422E-06  0.36734E-06  0.11110E-06
  0.16800E+03  0.17345E-06  0.37952E-06  0.96255E-07
  0.16830E+03  0.17330E-06  0.38850E-06  0.78898E-07
  0.16860E+03  0.17407E-06  0.39424E-06  0.59401E-07
  0.16890E+03  0.17602E-06  0.39664E-06  0.37896E-07
  0.16920E+03  0.17935E-06  0.39541E-06  0.14609E-07
  0.16950E+03  0.18424E-06  0.39029E-06 -0.98910E-08
  0.16980E+03  0.19081E-06  0.38130E-06 -0.34949E-07
  0.17010E+03  0.19914E-06  0.36858E-06 -0.60131E-07
  0.17040E+03  0.20942E-06  0.35223E-06 -0.85220E-07
  0.17070E+03  0.22155E-06  0.33225E-06 -0.10995E-06
  0.17100E+03  0.23556E-06  0.30863E-06 -0.13381E-06
  0.17130E+03  0.25118E-06  0.28161E-06 -0.15624E-06
  0.17160E+03  0.26858E-06  0.25154E-06 -0.17689E-06
  0.17190E+03  0.28756E-06  0.21870E-06 -0.19564E-06
  0.17220E+03  0.30781E-06  0.18326E-06 -0.21227E-06
  0.17250E+03  0.32922E-06  0.14548E-06 -0.22642E-06
  0.17280E+03  0.35146E-06  0.10574E-06 -0.23773E-06
  0.17310E+03  0.37448E-06  0.64506E-07 -0.24608E-06
  0.17340E+03  0.39778E-06  0.22148E-07 -0.25147E-06
  0.17370E+03  0.42119E-06 -0.21040E-07 -0.25383E-06
  0.17400E+03  0.44439E-06 -0.64695E-07 -0.25300E-06
  0.17430E+03  0.46701E-06 -0.10835E-06 -0.24890E-06
  0.17460E+03  0.48881E-06 -0.15155E-06 -0.24163E-06
  0.17490E+03  0.50950E-06 -0.19397E-06 -0.23136E-06
  0.17520E+03  0.52868E-06 -0.23527E-06 -0.21815E-06
  0.17550E+03  0.54618E-06 -0.27507E-06 -0.20206E-06
  0.17580E+03  0.56157E-06 -0.31299E-06 -0.18328E-06
  0.17610E+03  0.57468E-06 -0.34869E-06 -0.16209E-06
  0.17640E+03  0.58525E-06 -0.38194E-06 -0.13874E-06
  0.17670E+03  0.59306E-06 -0.41246E-06 -0.11343E-06
  0.17700E+03  0.59792E-06 -0.43999E-06 -0.86423E-07
  0.17730E+03  0.59968E-06 -0.46432E-06 -0.58055E-07
  0.17760E+03  0.59819E-06 -0.48528E-06 -0.28654E-07
  0.17790E+03  0.59335E-06 -0.50276E-06  0.14750E-08
  0.17820E+03  0.58510E-06 -0.51665E-06  0.32039E-07
  0.17850E+03  0.57342E-06 -0.52687E-06  0.62691E-07
  0.17880E+03  0.55833E-06 -0.53340E-06  0.93099E-07
  0.17910E+03  0.53977E-06 -0.53625E-06  0.12295E-06
  0.17940E+03  0.51792E-06 -0.53547E-06  0.15196E-06
  0.17970E+03  0.49280E-06 -0.53112E-06  0.17982E-06
  0.18000E+03  0.46465E-06 -0.52332E-06  0.20625E-06
  0.18030E+03  0.43355E-06 -0.51220E-06  0.23100E-06
  0.18060E+03  0.39966E-06 -0.49793E-06  0.25384E-06
  0.18090E+03  0.36334E-06 -0.48070E-06  0.27455E-06
  0.18120E+03  0.32474E-06 -0.46072E-06  0.29295E-06
  0.18150E+03  0.28420E-06 -0.43822E-06  0.30890E-06
  0.18180E+03  0.24186E-06 -0.41347E-06  0.32225E-06
  0.18210E+03  0.19812E-06 -0.38671E-06  0.33291E-06
  0.18240E+03  0.15330E-06 -0.35822E-06  0.34082E-06
  0.18270E+03  0.10763E-06 -0.32830E-06  0.34593E-06
  0.18300E+03  0.61490E-07 -0.29721E-06  0.34823E-06
  0.18330E+03  0.15260E-07 -0.26525E-06  0.34776E-06
  0.18360E+03 -0.30790E-07 -0.23270E-06  0.34455E-06
  0.18390E+03 -0.76260E-07 -0.19986E-06  0.33869E-06
  0.18420E+03 -0.12106E-06 -0.16698E-06  0.33028E-06
  0.18450E+03 -0.16470E-06 -0.13432E-06  0.31945E-06
  0.18480E+03 -0.20685E-06 -0.10216E-06  0.30634E-06
  0.18510E+03 -0.24741E-06 -0.70711E-07  0.29113E-06
  0.18540E+03 -0.28605E-06 -0.40203E-07  0.27399E-06
  0.18570E+03 -0.32253E-06 -0.10820E-07  0.25515E-06
  0.18600E+03 -0.35664E-06  0.17237E-07  0.23479E-06
  0.18630E+03 -0.38818E-06  0.43804E-07  0.21316E-06
  0.18660E+03 -0.41699E-06  0.68764E-07  0.19046E-06
  0.18690E+03 -0.44295E-06  0.91992E-07  0.16696E-06
  0.18720E+03 -0.46594E-06  0.11339E-06  0.14285E-06
  0.18750E+03 -0.48587E-06  0.13289E-06  0.11842E-06
  0.18780E+03 -0.50268E-06  0.15045E-06  0.93851E-07
  0.18810E+03 -0.51635E-06  0.16602E-06  0.69403E-07
  0.18840E+03 -0.52691E-06  0.17963E-06  0.45274E-07
  0.18870E+03 -0.53430E-06  0.19128E-06  0.21677E-07
  0.18900E+03 -0.53858E-06  0.20100E-06 -0.12030E-08
  0.18930E+03 -0.53990E-06  0.20886E-06 -0.23171E-07
  0.18960E+03 -0.53834E-06  0.21492E-06 -0.44077E-07
  0.18990E+03 -0.53389E-06  0.21924E-06 -0.63768E-07
  0.19020E+03 -0.52682E-06  0.22196E-06 -0.82117E-07
  0.19050E+03 -0.51718E-06  0.22318E-06 -0.99007E-07
  0.19080E+03 -0.50521E-06  0.22300E-06 -0.11435E-06
  0.19110E+03 -0.49098E-06  0.22156E-06 -0.12808E-06
  0.19140E+03 -0.47469E-06  0.21899E-06 -0.14014E-06
  0.19170E+03 -0.45670E-06  0.21543E-06 -0.15051E-06
  0.19200E+03 -0.43707E-06  0.21100E-06 -0.15916E-06
  0.19230E+03 -0.41599E-06  0.20586E-06 -0.16611E-06
  0.19260E+03 -0.39370E-06  0.20015E-06 -0.17137E-06
  0.19290E+03 -0.37036E-06  0.19398E-06 -0.17499E-06
  0.19320E+03 -0.34624E-06  0.18750E-06 -0.17702E-06
  0.19350E+03 -0.32142E-06  0.18081E-06 -0.17755E-06
  0.19380E+03 -0.29634E-06  0.17404E-06 -0.17665E-06
  0.19410E+03 -0.27088E-06  0.16729E-06 -0.17443E-06
  0.19440E+03 -0.24546E-06  0.16066E-06 -0.17097E-06
  0.19470E+03 -0.22009E-06  0.15422E-06 -0.16640E-06
  0.19500E+03 -0.19491E-06  0.14805E-06 -0.16085E-06
  0.19530E+03 -0.17016E-06  0.14222E-06 -0.15444E-06
  0.19560E+03 -0.14599E-06  0.13676E-06 -0.14730E-06
  0.19590E+03 -0.12243E-06  0.13173E-06 -0.13956E-06
  0.19620E+03 -0.99608E-07  0.12715E-06 -0.13136E-06
  0.19650E+03 -0.77595E-07  0.12301E-06 -0.12282E-06
  0.19680E+03 -0.56476E-07  0.11933E-06 -0.11406E-06
  0.19710E+03 -0.36316E-07  0.11610E-06 -0.10523E-06
  0.19740E+03 -0.17146E-07  0.11330E-06 -0.96411E-07
  0.19770E+03  0.10040E-08  0.11090E-06 -0.87736E-07
  0.19800E+03  0.18112E-07  0.10885E-06 -0.79303E-07
  0.19830E+03  0.34180E-07  0.10713E-06 -0.71197E-07
  0.19860E+03  0.49230E-07  0.10566E-06 -0.63507E-07
  0.19890E+03  0.63190E-07  0.10438E-06 -0.56295E-07
  0.19920E+03  0.76260E-07  0.10325E-06 -0.49627E-07
  0.19950E+03  0.88270E-07  0.10218E-06 -0.43556E-07
  0.19980E+03  0.99380E-07  0.10112E-06 -0.38105E-07
  0.20010E+03  0.10961E-06  0.99983E-07 -0.33314E-07
  0.20040E+03  0.11909E-06  0.98713E-07 -0.29186E-07
  0.20070E+03  0.12778E-06  0.97239E-07 -0.25731E-07
  0.20100E+03  0.13569E-06  0.95493E-07 -0.22939E-07
  0.20130E+03  0.14309E-06  0.93415E-07 -0.20793E-07
  0.20160E+03  0.14974E-06  0.90946E-07 -0.19264E-07
  0.20190E+03  0.15599E-06  0.88035E-07 -0.18312E-07
  0.20220E+03  0.16170E-06  0.84636E-07 -0.17902E-07
  0.20250E+03  0.16704E-06  0.80714E-07 -0.17975E-07
  0.20280E+03  0.17196E-06  0.76231E-07 -0.18485E-07
  0.20310E+03  0.17662E-06  0.71167E-07 -0.19343E-07
  0.20340E+03  0.18101E-06  0.65496E-07 -0.20513E-07
  0.20370E+03  0.18504E-06  0.59234E-07 -0.21908E-07
  0.20400E+03  0.18891E-06  0.52373E-07 -0.23459E-07
  0.20430E+03  0.19266E-06  0.44915E-07 -0.25094E-07
  0.20460E+03  0.19616E-06  0.36894E-07 -0.26751E-07
  0.20490E+03  0.19950E-06  0.28317E-07 -0.28343E-07
  0.20520E+03  0.20266E-06  0.19250E-07 -0.29820E-07
  0.20550E+03  0.20566E-06  0.97050E-08 -0.31106E-07
  0.20580E+03  0.20848E-06 -0.23601E-09 -0.32139E-07
  0.20610E+03  0.21112E-06 -0.10545E-07 -0.32868E-07
  0.20640E+03  0.21353E-06 -0.21142E-07 -0.33245E-07
  0.20670E+03  0.21571E-06 -0.31954E-07 -0.33220E-07
  0.20700E+03  0.21763E-06 -0.42923E-07 -0.32761E-07
  0.20730E+03  0.21923E-06 -0.53973E-07 -0.31836E-07
  0.20760E+03  0.22050E-06 -0.65006E-07 -0.30417E-07
  0.20790E+03  0.22139E-06 -0.75963E-07 -0.28497E-07
  0.20820E+03  0.22186E-06 -0.86745E-07 -0.26074E-07
  0.20850E+03  0.22187E-06 -0.97290E-07 -0.23135E-07
  0.20880E+03  0.22138E-06 -0.10750E-06 -0.19695E-07
  0.20910E+03  0.22037E-06 -0.11730E-06 -0.15766E-07
  0.20940E+03  0.21876E-06 -0.12662E-06 -0.11381E-07
  0.20970E+03  0.21655E-06 -0.13538E-06 -0.65590E-08
  0.21000E+03  0.21367E-06 -0.14353E-06 -0.13370E-08
  0.21030E+03  0.21013E-06 -0.15099E-06  0.42420E-08
  0.21060E+03  0.20589E-06 -0.15770E-06  0.10126E-07
  0.21090E+03  0.20091E-06 -0.16361E-06  0.16271E-07
  0.21120E+03  0.19519E-06 -0.16869E-06  0.22617E-07
  0.21150E+03  0.18874E-06 -0.17289E-06  0.29107E-07
  0.21180E+03  0.18151E-06 -0.17617E-06  0.35680E-07
  0.21210E+03  0.17354E-06 -0.17853E-06  0.42277E-07
  0.21240E+03  0.16483E-06 -0.17993E-06  0.48817E-07
  0.21270E+03  0.15539E-06 -0.18039E-06  0.55267E-07
  0.21300E+03  0.14524E-06 -0.17989E-06  0.61533E-07
  0.21330E+03  0.13441E-06 -0.17844E-06  0.67582E-07
  0.21360E+03  0.12295E-06 -0.17607E-06  0.73327E-07
  0.21390E+03  0.11088E-06 -0.17278E-06  0.78734E-07
  0.21420E+03  0.98260E-07 -0.16861E-06  0.83726E-07
  0.21450E+03  0.85131E-07 -0.16362E-06  0.88282E-07
  0.21480E+03  0.71569E-07 -0.15781E-06  0.92338E-07
  0.21510E+03  0.57614E-07 -0.15126E-06  0.95856E-07
  0.21540E+03  0.43356E-07 -0.14400E-06  0.98803E-07
  0.21570E+03  0.28849E-07 -0.13611E-06  0.10115E-06
  0.21600E+03  0.14166E-07 -0.12764E-06  0.10289E-06
  0.21630E+03 -0.60697E-09 -0.11865E-06  0.10398E-06
  0.21660E+03 -0.15393E-07 -0.10922E-06  0.10441E-06
  0.21690E+03 -0.30124E-07 -0.99416E-07  0.10419E-06
  0.21720E+03 -0.44707E-07 -0.89301E-07  0.10333E-06
  0.21750E+03 -0.59085E-07 -0.78953E-07  0.10182E-06
  0.21780E+03 -0.73156E-07 -0.68438E-07  0.99677E-07
  0.21810E+03 -0.86860E-07 -0.57838E-07  0.96922E-07
  0.21840E+03 -0.10012E-06 -0.47196E-07  0.93581E-07
  0.21870E+03 -0.11286E-06 -0.36607E-07  0.89683E-07
  0.21900E+03 -0.12503E-06 -0.26118E-07  0.85261E-07
  0.21930E+03 -0.13654E-06 -0.15799E-07  0.80361E-07
  0.21960E+03 -0.14736E-06 -0.57090E-08  0.75014E-07
  0.21990E+03 -0.15742E-06  0.41080E-08  0.69272E-07
  0.22020E+03 -0.16667E-06  0.13595E-07  0.63186E-07
  0.22050E+03 -0.17508E-06  0.22707E-07  0.56801E-07
  0.22080E+03 -0.18261E-06  0.31412E-07  0.50174E-07
  0.22110E+03 -0.18921E-06  0.39656E-07  0.43360E-07
  0.22140E+03 -0.19490E-06  0.47417E-07  0.36409E-07
  0.22170E+03 -0.19962E-06  0.54673E-07  0.29375E-07
  0.22200E+03 -0.20338E-06  0.61397E-07  0.22307E-07
  0.22230E+03 -0.20616E-06  0.67579E-07  0.15263E-07
  0.22260E+03 -0.20798E-06  0.73205E-07  0.82980E-08
  0.22290E+03 -0.20885E-06  0.78267E-07  0.14590E-08
  0.22320E+03 -0.20876E-06  0.82771E-07 -0.52240E-08
  0.22350E+03 -0.20775E-06  0.86720E-07 -0.11689E-07
  0.22380E+03 -0.20585E-06  0.90107E-07 -0.17900E-07
  0.22410E+03 -0.20307E-06  0.92957E-07 -0.23820E-07
  0.22440E+03 -0.19946E-06  0.95282E-07 -0.29417E-07
  0.22470E+03 -0.19505E-06  0.97108E-07 -0.34668E-07
  0.22500E+03 -0.18989E-06  0.98431E-07 -0.39546E-07
  0.22530E+03 -0.18402E-06  0.99300E-07 -0.44024E-07
  0.22560E+03 -0.17749E-06  0.99727E-07 -0.48089E-07
  0.22590E+03 -0.17037E-06  0.99745E-07 -0.51729E-07
  0.22620E+03 -0.16270E-06  0.99377E-07 -0.54935E-07
  0.22650E+03 -0.15453E-06  0.98653E-07 -0.57701E-07
  0.22680E+03 -0.14592E-06  0.97604E-07 -0.60042E-07
  0.22710E+03 -0.13694E-06  0.96256E-07 -0.61937E-07
  0.22740E+03 -0.12763E-06  0.94642E-07 -0.63413E-07
  0.22770E+03 -0.11805E-06  0.92798E-07 -0.64464E-07
  0.22800E+03 -0.10826E-06  0.90732E-07 -0.65127E-07
  0.22830E+03 -0.98326E-07  0.88493E-07 -0.65406E-07
  0.22860E+03 -0.88282E-07  0.86094E-07 -0.65318E-07
  0.22890E+03 -0.78186E-07  0.83568E-07 -0.64882E-07
  0.22920E+03 -0.68086E-07  0.80917E-07 -0.64132E-07
  0.22950E+03 -0.58042E-07  0.78188E-07 -0.63089E-07
  0.22980E+03 -0.48080E-07  0.75385E-07 -0.61785E-07
  0.23010E+03 -0.38245E-07  0.72525E-07 -0.60232E-07
  0.23040E+03 -0.28588E-07  0.69621E-07 -0.58476E-07
  0.23070E+03 -0.19130E-07  0.66700E-07 -0.56529E-07
  0.23100E+03 -0.99073E-08  0.63756E-07 -0.54427E-07
  0.23130E+03 -0.94880E-09  0.60795E-07 -0.52200E-07
  0.23160E+03  0.77190E-08  0.57845E-07 -0.49873E-07
  0.23190E+03  0.16082E-07  0.54887E-07 -0.47468E-07
  0.23220E+03  0.24102E-07  0.51933E-07 -0.45010E-07
  0.23250E+03  0.31792E-07  0.48985E-07 -0.42523E-07
  0.23280E+03  0.39116E-07  0.46041E-07 -0.40035E-07
  0.23310E+03  0.46071E-07  0.43107E-07 -0.37551E-07
  0.23340E+03  0.52645E-07  0.40168E-07 -0.35097E-07
  0.23370E+03  0.58850E-07  0.37223E-07 -0.32688E-07
  0.23400E+03  0.64665E-07  0.34278E-07 -0.30338E-07
  0.23430E+03  0.70100E-07  0.31323E-07 -0.28060E-07
  0.23460E+03  0.75154E-07  0.28358E-07 -0.25856E-07
  0.23490E+03  0.79830E-07  0.25363E-07 -0.23738E-07
  0.23520E+03  0.84135E-07  0.22348E-07 -0.21718E-07
  0.23550E+03  0.88071E-07  0.19304E-07 -0.19787E-07
  0.23580E+03  0.91652E-07  0.16232E-07 -0.17951E-07
  0.23610E+03  0.94870E-07  0.13119E-07 -0.16205E-07
  0.23640E+03  0.97750E-07  0.99720E-08 -0.14561E-07
  0.23670E+03  0.10030E-06  0.67880E-08 -0.12992E-07
  0.23700E+03  0.10252E-06  0.35660E-08 -0.11506E-07
  0.23730E+03  0.10442E-06  0.31599E-09 -0.10106E-07
  0.23760E+03  0.10602E-06 -0.29750E-08 -0.87680E-08
  0.23790E+03  0.10731E-06 -0.63020E-08 -0.74900E-08
  0.23820E+03  0.10832E-06 -0.96510E-08 -0.62650E-08
  0.23850E+03  0.10905E-06 -0.13009E-07 -0.50760E-08
  0.23880E+03  0.10948E-06 -0.16388E-07 -0.39250E-08
  0.23910E+03  0.10966E-06 -0.19767E-07 -0.27930E-08
  0.23940E+03  0.10959E-06 -0.23136E-07 -0.16810E-08
  0.23970E+03  0.10925E-06 -0.26486E-07 -0.57298E-09
  0.24000E+03  0.10866E-06 -0.29804E-07  0.54104E-09
  0.24030E+03  0.10783E-06 -0.33076E-07  0.16640E-08
  0.24060E+03  0.10676E-06 -0.36288E-07  0.28050E-08
  0.24090E+03  0.10544E-06 -0.39425E-07  0.39680E-08
  0.24120E+03  0.10390E-06 -0.42470E-07  0.51640E-08
  0.24150E+03  0.10213E-06 -0.45415E-07  0.63800E-08
  0.24180E+03  0.10012E-06 -0.48235E-07  0.76410E-08
  0.24210E+03  0.97893E-07 -0.50925E-07  0.89300E-08
  0.24240E+03  0.95437E-07 -0.53458E-07  0.10261E-07
  0.24270E+03  0.92769E-07 -0.55817E-07  0.11624E-07
  0.24300E+03  0.89882E-07 -0.57993E-07  0.13017E-07
  0.24330E+03  0.86780E-07 -0.59981E-07  0.14432E-07
  0.24360E+03  0.83469E-07 -0.61749E-07  0.15871E-07
  0.24390E+03  0.79951E-07 -0.63301E-07  0.17336E-07
  0.24420E+03  0.76229E-07 -0.64611E-07  0.18803E-07
  0.24450E+03  0.72311E-07 -0.65674E-07  0.20269E-07
  0.24480E+03  0.68230E-07 -0.66491E-07  0.21730E-07
  0.24510E+03  0.63960E-07 -0.67040E-07  0.23173E-07
  0.24540E+03  0.59490E-07 -0.67330E-07  0.24587E-07
  0.24570E+03  0.54820E-07 -0.67344E-07  0.25962E-07
  0.24600E+03  0.50140E-07 -0.67079E-07  0.27298E-07
  0.24630E+03  0.45170E-07 -0.66549E-07  0.28564E-07
  0.24660E+03  0.40120E-07 -0.65736E-07  0.29754E-07
  0.24690E+03  0.35000E-07 -0.64662E-07  0.30872E-07
  0.24720E+03  0.29700E-07 -0.63312E-07  0.31888E-07
  0.24750E+03  0.24390E-07 -0.61717E-07  0.32806E-07
  0.24780E+03  0.18890E-07 -0.59861E-07  0.33602E-07
  0.24810E+03  0.13500E-07 -0.57756E-07  0.34284E-07
  0.24840E+03  0.79110E-08 -0.55424E-07  0.34829E-07
  0.24870E+03  0.24260E-08 -0.52882E-07  0.35233E-07
  0.24900E+03 -0.30960E-08 -0.50124E-07  0.35490E-07
  0.24930E+03 -0.85910E-08 -0.47188E-07  0.35598E-07
  0.24960E+03 -0.14049E-07 -0.44074E-07  0.35540E-07
  0.24990E+03 -0.19436E-07 -0.40801E-07  0.35339E-07
  0.25020E+03 -0.24741E-07 -0.37392E-07  0.34965E-07
  0.25050E+03 -0.29942E-07 -0.33859E-07  0.34427E-07
  0.25080E+03 -0.35017E-07 -0.30233E-07  0.33731E-07
  0.25110E+03 -0.39949E-07 -0.26518E-07  0.32874E-07
  0.25140E+03 -0.44711E-07 -0.22752E-07  0.31865E-07
  0.25170E+03 -0.49279E-07 -0.18942E-07  0.30696E-07
  0.25200E+03 -0.53648E-07 -0.15105E-07  0.29382E-07
  0.25230E+03 -0.57793E-07 -0.11269E-07  0.27927E-07
  0.25260E+03 -0.61699E-07 -0.74582E-08  0.26340E-07
  0.25290E+03 -0.65349E-07 -0.36752E-08  0.24629E-07
  0.25320E+03 -0.68726E-07  0.50699E-10  0.22804E-07
  0.25350E+03 -0.71817E-07  0.37040E-08  0.20875E-07
  0.25380E+03 -0.74613E-07  0.72680E-08  0.18855E-07
  0.25410E+03 -0.77098E-07  0.10726E-07  0.16756E-07
  0.25440E+03 -0.79273E-07  0.14073E-07  0.14584E-07
  0.25470E+03 -0.81128E-07  0.17283E-07  0.12364E-07
  0.25500E+03 -0.82620E-07  0.20350E-07  0.10102E-07
  0.25530E+03 -0.83810E-07  0.23262E-07  0.78090E-08
  0.25560E+03 -0.84730E-07  0.26009E-07  0.55080E-08
  0.25590E+03 -0.85210E-07  0.28580E-07  0.32080E-08
  0.25620E+03 -0.85330E-07  0.30977E-07  0.91801E-09
  0.25650E+03 -0.85170E-07  0.33184E-07 -0.13500E-08
  0.25680E+03 -0.84730E-07  0.35200E-07 -0.35760E-08
  0.25710E+03 -0.83960E-07  0.37021E-07 -0.57479E-08
  0.25740E+03 -0.82810E-07  0.38641E-07 -0.78590E-08
  0.25770E+03 -0.81350E-07  0.40078E-07 -0.98958E-08
  0.25800E+03 -0.79720E-07  0.41303E-07 -0.11847E-07
  0.25830E+03 -0.77700E-07  0.42340E-07 -0.13707E-07
  0.25860E+03 -0.75380E-07  0.43200E-07 -0.15463E-07
  0.25890E+03 -0.72880E-07  0.43835E-07 -0.17109E-07
  0.25920E+03 -0.70070E-07  0.44362E-07 -0.18640E-07
  0.25950E+03 -0.67120E-07  0.44564E-07 -0.20044E-07
  0.25980E+03 -0.63870E-07  0.44691E-07 -0.21330E-07
  0.26010E+03 -0.60552E-07  0.44677E-07 -0.22482E-07
  0.26040E+03 -0.56967E-07  0.44464E-07 -0.23493E-07
  0.26070E+03 -0.53254E-07  0.44107E-07 -0.24381E-07
  0.26100E+03 -0.49402E-07  0.43593E-07 -0.25127E-07
  0.26130E+03 -0.45445E-07  0.42950E-07 -0.25741E-07
  0.26160E+03 -0.41388E-07  0.42180E-07 -0.26217E-07
  0.26190E+03 -0.37251E-07  0.41285E-07 -0.26566E-07
  0.26220E+03 -0.33064E-07  0.40276E-07 -0.26782E-07
  0.26250E+03 -0.28824E-07  0.39174E-07 -0.26870E-07
  0.26280E+03 -0.24574E-07  0.37973E-07 -0.26843E-07
  0.26310E+03 -0.20320E-07  0.36680E-07 -0.26692E-07
  0.26340E+03 -0.16082E-07  0.35309E-07 -0.26438E-07
  0.26370E+03 -0.11870E-07  0.33877E-07 -0.26082E-07
  0.26400E+03 -0.77199E-08  0.32376E-07 -0.25624E-07
  0.26430E+03 -0.36000E-08  0.30821E-07 -0.25073E-07
  0.26460E+03  0.44997E-09  0.29217E-07 -0.24440E-07
  0.26490E+03  0.43500E-08  0.27571E-07 -0.23725E-07
  0.26520E+03  0.81600E-08  0.25893E-07 -0.22951E-07
  0.26550E+03  0.11860E-07  0.24177E-07 -0.22109E-07
  0.26580E+03  0.15450E-07  0.22449E-07 -0.21206E-07
  0.26610E+03  0.18950E-07  0.20693E-07 -0.20265E-07
  0.26640E+03  0.22280E-07  0.18931E-07 -0.19276E-07
  0.26670E+03  0.25360E-07  0.17148E-07 -0.18258E-07
  0.26700E+03  0.28340E-07  0.15365E-07 -0.17205E-07
  0.26730E+03  0.31180E-07  0.13589E-07 -0.16135E-07
  0.26760E+03  0.33920E-07  0.11805E-07 -0.15051E-07
  0.26790E+03  0.36320E-07  0.10028E-07 -0.13957E-07
  0.26820E+03  0.38650E-07  0.82650E-08 -0.12859E-07
  0.26850E+03  0.40840E-07  0.65040E-08 -0.11761E-07
  0.26880E+03  0.42730E-07  0.47680E-08 -0.10668E-07
  0.26910E+03  0.44482E-07  0.30420E-08 -0.95870E-08
  0.26940E+03  0.46092E-07  0.13360E-08 -0.85090E-08
  0.26970E+03  0.47493E-07 -0.34896E-09 -0.74550E-08
  0.27000E+03  0.48705E-07 -0.20010E-08 -0.64190E-08
  0.27030E+03  0.49736E-07 -0.36370E-08 -0.54050E-08
  0.27060E+03  0.50596E-07 -0.52370E-08 -0.44090E-08
  0.27090E+03  0.51278E-07 -0.68040E-08 -0.34450E-08
  0.27120E+03  0.51784E-07 -0.83330E-08 -0.24960E-08
  0.27150E+03  0.52128E-07 -0.98320E-08 -0.15820E-08
  0.27180E+03  0.52293E-07 -0.11287E-07 -0.68400E-09
  0.27210E+03  0.52304E-07 -0.12705E-07  0.17300E-09
  0.27240E+03  0.52161E-07 -0.14072E-07  0.10160E-08
  0.27270E+03  0.51850E-07 -0.15395E-07  0.18230E-08
  0.27300E+03  0.51360E-07 -0.16667E-07  0.26010E-08
  0.27330E+03  0.50770E-07 -0.17883E-07  0.33560E-08
  0.27360E+03  0.50030E-07 -0.19044E-07  0.40740E-08
  0.27390E+03  0.49230E-07 -0.20139E-07  0.47810E-08
  0.27420E+03  0.48180E-07 -0.21178E-07  0.54520E-08
  0.27450E+03  0.47110E-07 -0.22154E-07  0.60970E-08
  0.27480E+03  0.45800E-07 -0.23058E-07  0.67240E-08
  0.27510E+03  0.44480E-07 -0.23890E-07  0.73200E-08
  0.27540E+03  0.43050E-07 -0.24650E-07  0.78910E-08
  0.27570E+03  0.41450E-07 -0.25325E-07  0.84470E-08
  0.27600E+03  0.39810E-07 -0.25931E-07  0.89690E-08
  0.27630E+03  0.38000E-07 -0.26450E-07  0.94710E-08
  0.27660E+03  0.36190E-07 -0.26885E-07  0.99503E-08
  0.27690E+03  0.34300E-07 -0.27232E-07  0.10403E-07
  0.27720E+03  0.32320E-07 -0.27491E-07  0.10830E-07
  0.27750E+03  0.30230E-07 -0.27663E-07  0.11231E-07
  0.27780E+03  0.28117E-07 -0.27749E-07  0.11606E-07
  0.27810E+03  0.25932E-07 -0.27730E-07  0.11953E-07
  0.27840E+03  0.23707E-07 -0.27629E-07  0.12271E-07
  0.27870E+03  0.21431E-07 -0.27435E-07  0.12560E-07
  0.27900E+03  0.19122E-07 -0.27148E-07  0.12818E-07
  0.27930E+03  0.16784E-07 -0.26767E-07  0.13045E-07
  0.27960E+03  0.14424E-07 -0.26308E-07  0.13238E-07
  0.27990E+03  0.12032E-07 -0.25750E-07  0.13397E-07
  0.28020E+03  0.96460E-08 -0.25105E-07  0.13520E-07
  0.28050E+03  0.72380E-08 -0.24380E-07  0.13606E-07
  0.28080E+03  0.48490E-08 -0.23578E-07  0.13654E-07
  0.28110E+03  0.24570E-08 -0.22694E-07  0.13662E-07
  0.28140E+03  0.89926E-10 -0.21727E-07  0.13631E-07
  0.28170E+03 -0.23100E-08 -0.20704E-07  0.13557E-07
  0.28200E+03 -0.45501E-08 -0.19608E-07  0.13441E-07
  0.28230E+03 -0.68400E-08 -0.18448E-07  0.13283E-07
  0.28260E+03 -0.90700E-08 -0.17234E-07  0.13081E-07
  0.28290E+03 -0.11310E-07 -0.15968E-07  0.12836E-07
  0.28320E+03 -0.13490E-07 -0.14657E-07  0.12551E-07
  0.28350E+03 -0.15470E-07 -0.13307E-07  0.12215E-07
  0.28380E+03 -0.17510E-07 -0.11922E-07  0.11843E-07
  0.28410E+03 -0.19460E-07 -0.10503E-07  0.11427E-07
  0.28440E+03 -0.21330E-07 -0.90690E-08  0.10969E-07
  0.28470E+03 -0.23060E-07 -0.76140E-08  0.10466E-07
  0.28500E+03 -0.24730E-07 -0.61450E-08  0.99310E-08
  0.28530E+03 -0.26300E-07 -0.46840E-08  0.93610E-08
  0.28560E+03 -0.27765E-07 -0.32120E-08  0.87510E-08
  0.28590E+03 -0.29129E-07 -0.17530E-08  0.81100E-08
  0.28620E+03 -0.30382E-07 -0.30900E-09  0.74403E-08
  0.28650E+03 -0.31517E-07  0.11100E-08  0.67381E-08
  0.28680E+03 -0.32533E-07  0.25120E-08  0.60137E-08
  0.28710E+03 -0.33439E-07  0.38800E-08  0.52683E-08
  0.28740E+03 -0.34209E-07  0.52040E-08  0.45051E-08
  0.28770E+03 -0.34860E-07  0.64920E-08  0.37267E-08
  0.28800E+03 -0.35380E-07  0.77430E-08  0.29373E-08
  0.28830E+03 -0.35775E-07  0.89330E-08  0.21420E-08
  0.28860E+03 -0.36037E-07  0.10075E-07  0.13380E-08
  0.28890E+03 -0.36177E-07  0.11155E-07  0.54300E-09
  0.28920E+03 -0.36182E-07  0.12177E-07 -0.26100E-09
  0.28950E+03 -0.36061E-07  0.13135E-07 -0.10470E-08
  0.28980E+03 -0.35780E-07  0.14028E-07 -0.18250E-08
  0.29010E+03 -0.35440E-07  0.14852E-07 -0.25900E-08
  0.29040E+03 -0.34940E-07  0.15607E-07 -0.33320E-08
  0.29070E+03 -0.34370E-07  0.16289E-07 -0.40560E-08
  0.29100E+03 -0.33620E-07  0.16900E-07 -0.47590E-08
  0.29130E+03 -0.32770E-07  0.17437E-07 -0.54320E-08
  0.29160E+03 -0.31870E-07  0.17901E-07 -0.60710E-08
  0.29190E+03 -0.30860E-07  0.18291E-07 -0.66780E-08
  0.29220E+03 -0.29650E-07  0.18608E-07 -0.72559E-08
  0.29250E+03 -0.28470E-07  0.18853E-07 -0.77850E-08
  0.29280E+03 -0.27180E-07  0.19026E-07 -0.82850E-08
  0.29310E+03 -0.25740E-07  0.19128E-07 -0.87340E-08
  0.29340E+03 -0.24310E-07  0.19161E-07 -0.91550E-08
  0.29370E+03 -0.22720E-07  0.19122E-07 -0.95190E-08
  0.29400E+03 -0.21160E-07  0.19028E-07 -0.98360E-08
  0.29430E+03 -0.19557E-07  0.18864E-07 -0.10115E-07
  0.29460E+03 -0.17853E-07  0.18637E-07 -0.10348E-07
  0.29490E+03 -0.16123E-07  0.18343E-07 -0.10538E-07
  0.29520E+03 -0.14364E-07  0.18008E-07 -0.10671E-07
  0.29550E+03 -0.12583E-07  0.17607E-07 -0.10774E-07
  0.29580E+03 -0.10784E-07  0.17159E-07 -0.10818E-07
  0.29610E+03 -0.89765E-08  0.16662E-07 -0.10835E-07
  0.29640E+03 -0.71644E-08  0.16115E-07 -0.10796E-07
  0.29670E+03 -0.53570E-08  0.15527E-07 -0.10720E-07
  0.29700E+03 -0.35550E-08  0.14905E-07 -0.10605E-07
  0.29730E+03 -0.17800E-08  0.14245E-07 -0.10453E-07
  0.29760E+03 -0.23022E-10  0.13541E-07 -0.10267E-07
  0.29790E+03  0.17120E-08  0.12822E-07 -0.10043E-07
  0.29820E+03  0.33500E-08  0.12064E-07 -0.97800E-08
  0.29850E+03  0.50600E-08  0.11283E-07 -0.94940E-08
  0.29880E+03  0.66300E-08  0.10485E-07 -0.91850E-08
  0.29910E+03  0.81800E-08  0.96710E-08 -0.88390E-08
  0.29940E+03  0.96700E-08  0.88330E-08 -0.84790E-08
  0.29970E+03  0.11150E-07  0.79920E-08 -0.80870E-08
  0.30000E+03  0.12500E-07  0.71370E-08 -0.76780E-08
  0.30030E+03  0.13830E-07  0.62790E-08 -0.72550E-08
  0.30060E+03  0.15020E-07  0.54140E-08 -0.68060E-08
  0.30090E+03  0.16230E-07  0.45510E-08 -0.63560E-08
  0.30120E+03  0.17280E-07  0.36900E-08 -0.58860E-08
  0.30150E+03  0.18330E-07  0.28290E-08 -0.54050E-08
  0.30180E+03  0.19200E-07  0.19780E-08 -0.49260E-08
  0.30210E+03  0.20050E-07  0.11330E-08 -0.44380E-08
  0.30240E+03  0.20880E-07  0.29598E-09 -0.39460E-08
  0.30270E+03  0.21520E-07 -0.52103E-09 -0.34500E-08
  0.30300E+03  0.22080E-07 -0.13290E-08 -0.29530E-08
  0.30330E+03  0.22640E-07 -0.21150E-08 -0.24680E-08
  0.30360E+03  0.23000E-07 -0.28810E-08 -0.19760E-08
  0.30390E+03  0.23380E-07 -0.36300E-08 -0.15010E-08
  0.30420E+03  0.23624E-07 -0.43510E-08 -0.10240E-08
  0.30450E+03  0.23798E-07 -0.50580E-08 -0.56400E-09
  0.30480E+03  0.23884E-07 -0.57310E-08 -0.11002E-09
  0.30510E+03  0.23895E-07 -0.63840E-08  0.33600E-09
  0.30540E+03  0.23826E-07 -0.70101E-08  0.76301E-09
  0.30570E+03  0.23678E-07 -0.76057E-08  0.11800E-08
  0.30600E+03  0.23460E-07 -0.81722E-08  0.15784E-08
  0.30630E+03  0.23166E-07 -0.87070E-08  0.19619E-08
  0.30660E+03  0.22802E-07 -0.92120E-08  0.23320E-08
  0.30690E+03  0.22376E-07 -0.96880E-08  0.26740E-08
