0.000000e+00     1.323036e-06     -1.994121e-07     5.082466e-07
3.000000e-01     -1.353854e-06     -7.801892e-07     8.390893e-07
6.000000e-01     -1.917599e-06     -4.361418e-07     1.011412e-06
9.000000e-01     4.148843e-06     8.472271e-07     6.387362e-07
1.200000e+00     -6.737841e-07     -2.078953e-07     5.192513e-07
1.500000e+00     2.092158e-07     1.084261e-06     -2.073213e-07
1.800000e+00     -9.831125e-07     6.494349e-07     -5.341020e-07
2.100000e+00     -3.326125e-07     1.243081e-07     -3.070768e-07
2.400000e+00     5.281431e-07     3.594958e-07     2.022976e-07
2.700000e+00     -7.003032e-07     1.127193e-07     4.032013e-07
3.000000e+00     -3.194740e-07     -5.666756e-07     -4.226481e-07
3.300000e+00     -1.004643e-06     -1.471329e-06     -3.297465e-07
3.600000e+00     4.530511e-07     1.904935e-06     -8.041651e-07
3.900000e+00     -2.999130e-06     2.118004e-06     -1.759608e-06
4.200000e+00     -2.439021e-06     1.249147e-06     -8.197315e-07
4.500000e+00     3.731000e-06     -7.048321e-07     4.962741e-08
4.800000e+00     2.702083e-06     -9.551190e-07     -2.949373e-07
5.100000e+00     3.193033e-06     -6.639855e-07     3.601735e-08
5.400000e+00     -1.180458e-07     1.142544e-07     9.001994e-07
5.700000e+00     3.942720e-07     -2.671644e-07     1.356624e-06
6.000000e+00     -5.078207e-07     -4.937805e-08     5.658262e-09
6.300000e+00     -1.575267e-06     -1.036717e-06     -5.426068e-07
6.600000e+00     -2.999025e-07     -4.866228e-07     -4.871196e-07
6.900000e+00     -6.827185e-07     2.909995e-07     -3.012738e-07
7.200000e+00     -1.269775e-06     7.493915e-07     -8.894772e-10
7.500000e+00     -5.295385e-08     1.680251e-06     -2.274389e-07
7.800000e+00     -2.100440e-07     8.418732e-07     -5.664338e-07
8.100000e+00     -2.020380e-07     4.709000e-07     2.804832e-08
8.400000e+00     1.362356e-06     -4.939266e-07     7.417508e-07
8.700000e+00     -9.155650e-07     -1.940109e-07     9.495135e-07
9.000000e+00     5.998659e-07     -1.308310e-07     -4.513476e-08
9.300000e+00     3.548251e-07     -1.206203e-06     -3.632135e-07
9.600000e+00     2.133489e-08     -4.373479e-07     5.079840e-07
9.900000e+00     -8.708283e-07     -1.929811e-06     3.684747e-07
1.020000e+01     8.138814e-08     -9.685347e-07     -2.682216e-07
1.050000e+01     2.942688e-07     1.543416e-07     -7.665576e-07
1.080000e+01     -6.689735e-07     1.348806e-06     -6.777904e-07
1.110000e+01     -5.506192e-08     1.516515e-06     -7.247058e-07
1.140000e+01     -1.393450e-07     7.829052e-07     -1.859441e-07
1.170000e+01     5.166200e-07     4.702641e-07     -1.858296e-07
1.200000e+01     4.657253e-07     8.166811e-07     -3.785889e-07
1.230000e+01     1.018256e-06     1.463417e-07     -1.630299e-07
1.260000e+01     -1.374982e-07     -9.300746e-08     -6.439622e-07
1.290000e+01     -1.437801e-06     -2.856202e-07     -5.196245e-07
1.320000e+01     1.022647e-06     -3.708373e-07     -1.364146e-07
1.350000e+01     7.482143e-07     1.145284e-06     -3.433757e-07
1.380000e+01     -4.551213e-07     1.938719e-07     4.249191e-07
1.410000e+01     -1.361043e-06     3.127451e-07     8.669570e-07
1.440000e+01     5.949230e-07     -7.737005e-07     1.057861e-06
1.470000e+01     -9.342534e-07     -8.460485e-07     -9.984563e-09
1.500000e+01     -2.575401e-06     -9.961419e-07     -6.246159e-07
1.530000e+01     8.756442e-08     -4.518919e-07     -1.348197e-07
1.560000e+01     6.711744e-07     3.598818e-07     -4.066256e-07
1.590000e+01     1.862167e-06     6.348363e-07     -5.064210e-08
1.620000e+01     5.513275e-07     -2.906693e-07     -1.790548e-08
1.650000e+01     -4.797681e-07     -3.278657e-07     5.381866e-08
1.680000e+01     -2.811141e-07     1.266504e-06     1.799130e-07
1.710000e+01     -8.210713e-07     7.415816e-07     -2.346657e-07
1.740000e+01     4.552448e-07     6.641146e-07     -6.768891e-07
1.770000e+01     7.816572e-07     1.172574e-07     -8.015728e-07
1.800000e+01     -6.837228e-07     -4.770455e-07     -7.446356e-07
1.830000e+01     1.914117e-07     7.630031e-09     -5.845163e-07
1.860000e+01     8.891531e-07     -7.942209e-07     8.035484e-08
1.890000e+01     3.786251e-07     1.115358e-06     4.328224e-07
1.920000e+01     -5.649280e-07     5.144201e-07     7.778777e-07
1.950000e+01     -9.693522e-07     -5.434740e-07     5.505196e-07
1.980000e+01     -1.405608e-06     -1.034109e-06     4.163093e-08
2.010000e+01     -8.187889e-07     -5.836226e-07     -3.743339e-07
2.040000e+01     1.071859e-06     -1.213280e-07     -2.482830e-07
2.070000e+01     -1.217367e-07     -2.927871e-07     5.112984e-07
2.100000e+01     -1.508492e-06     -3.053035e-07     2.937940e-07
2.130000e+01     4.515383e-07     -7.654536e-07     -5.744596e-07
2.160000e+01     4.016627e-07     2.053708e-07     -7.880995e-07
2.190000e+01     1.040387e-06     3.756033e-07     4.228132e-10
2.220000e+01     -1.806785e-07     1.040000e-06     2.363018e-07
2.250000e+01     -8.337011e-07     2.288615e-06     -3.226131e-07
2.280000e+01     1.183736e-06     1.464818e-06     -6.472811e-07
2.310000e+01     -1.040872e-06     4.980756e-08     -2.151999e-07
2.340000e+01     2.056502e-07     -1.907657e-07     1.040486e-07
2.370000e+01     -6.565146e-07     1.515873e-07     -2.047319e-07
2.400000e+01     5.562642e-07     -7.303991e-07     -6.116616e-09
2.430000e+01     3.175451e-07     -5.357050e-07     1.025034e-07
2.460000e+01     -2.875763e-07     -8.952234e-08     4.678379e-07
2.490000e+01     5.944302e-07     -1.061300e-07     5.377619e-07
2.520000e+01     8.457533e-09     3.291037e-07     -6.738899e-08
2.550000e+01     3.082406e-08     -6.102313e-08     -6.008466e-07
2.580000e+01     -9.233776e-07     -9.919825e-07     -5.917001e-07
2.610000e+01     -6.051847e-07     -6.539315e-07     -5.566940e-07
2.640000e+01     -1.714641e-06     -1.381632e-07     -6.309483e-07
2.670000e+01     -6.463261e-07     -5.057444e-08     -5.255887e-07
2.700000e+01     -3.939516e-07     -2.846846e-08     -4.468193e-07
2.730000e+01     -1.503653e-06     5.808677e-07     -4.548106e-07
2.760000e+01     -7.242684e-07     -7.571627e-08     1.923430e-07
2.790000e+01     5.105303e-07     2.946749e-07     2.198121e-07
2.820000e+01     1.164886e-06     1.606981e-06     -5.277564e-07
2.850000e+01     1.712882e-06     6.780045e-07     -2.092460e-07
2.880000e+01     2.464790e-07     1.244323e-06     3.930988e-07
2.910000e+01     1.333028e-07     -3.977909e-07     5.741461e-07
2.940000e+01     -9.487016e-07     -1.851755e-07     3.375226e-07
2.970000e+01     -6.820496e-07     3.846767e-08     -2.727218e-07
3.000000e+01     1.222161e-06     -5.758868e-07     -3.363433e-07
3.030000e+01     1.243438e-06     -1.216752e-08     4.308599e-08
3.060000e+01     2.199595e-07     -2.766558e-07     -5.513223e-08
3.090000e+01     -1.190318e-07     1.369365e-08     -2.424178e-07
3.120000e+01     2.604294e-07     4.706132e-07     -1.945697e-08
3.150000e+01     8.674924e-08     4.331263e-07     5.182479e-08
3.180000e+01     -1.237789e-06     5.800249e-07     -1.689252e-07
3.210000e+01     -4.914493e-07     5.656631e-07     1.296900e-07
3.240000e+01     6.859712e-08     1.261644e-07     -7.489295e-08
3.270000e+01     -1.174354e-06     -1.415471e-07     -5.624092e-08
3.300000e+01     -7.959648e-07     -3.285180e-07     -5.320378e-08
3.330000e+01     -5.199927e-07     1.607318e-07     -5.107274e-07
3.360000e+01     -1.136646e-06     3.405040e-07     -6.809269e-07
3.390000e+01     -7.887366e-07     6.716786e-07     -3.670890e-07
3.420000e+01     -6.075930e-07     4.765600e-07     1.294952e-07
3.450000e+01     -1.333860e-07     6.428863e-07     -4.331305e-09
3.480000e+01     -1.760154e-07     -2.452387e-08     -1.226378e-07
3.510000e+01     -7.677084e-07     4.621127e-07     -1.480289e-07
3.540000e+01     8.071441e-07     1.377210e-08     2.476050e-07
3.570000e+01     1.066072e-06     -8.541655e-07     6.500859e-07
3.600000e+01     1.224609e-06     -7.985153e-07     -2.685106e-07
3.630000e+01     8.821615e-07     -5.209697e-07     -3.541205e-07
3.660000e+01     3.161875e-07     -1.012410e-06     -1.698612e-07
3.690000e+01     -8.491317e-07     4.734496e-07     -5.973122e-07
3.720000e+01     -6.866345e-07     -1.139561e-06     2.488418e-06
3.750000e+01     7.692311e-07     -5.977515e-07     1.990654e-07
3.780000e+01     4.082382e-07     -1.855546e-06     5.338933e-06
3.810000e+01     5.228782e-06     -7.060774e-06     8.411218e-06
3.840000e+01     3.833781e-06     -1.006115e-05     1.186250e-05
3.870000e+01     1.038800e-05     -1.146154e-05     1.114822e-05
3.900000e+01     8.068398e-06     -1.186030e-05     6.706297e-06
3.930000e+01     1.076438e-06     -5.442807e-06     4.028150e-06
3.960000e+01     5.346610e-06     -6.888519e-06     -1.512002e-06
3.990000e+01     -6.081777e-06     3.368876e-06     -4.618930e-06
4.020000e+01     -7.830718e-07     3.143819e-07     -1.025668e-05
4.050000e+01     -8.808619e-06     1.172774e-05     -8.329250e-06
4.080000e+01     2.402785e-07     -2.141204e-06     3.042562e-06
4.110000e+01     -3.905901e-06     -3.979741e-06     3.003192e-06
4.140000e+01     4.728818e-06     -1.312421e-05     1.517498e-05
4.170000e+01     1.032946e-05     -6.516048e-06     -8.200660e-06
4.200000e+01     -9.598912e-06     6.998507e-06     -9.199358e-06
4.230000e+01     7.078319e-06     1.790010e-06     -1.577054e-05
4.260000e+01     -1.728583e-05     1.603630e-05     -1.677122e-05
4.290000e+01     -1.349519e-06     4.173446e-06     2.863194e-06
4.320000e+01     1.237619e-05     -4.660985e-06     1.133907e-06
4.350000e+01     -1.889964e-05     7.694349e-09     6.326861e-06
4.380000e+01     3.477009e-05     -2.093899e-05     1.122490e-05
4.410000e+01     -1.054595e-05     -7.200354e-06     -7.621553e-06
4.440000e+01     4.315599e-06     -7.950883e-06     -2.393307e-06
4.470000e+01     1.954593e-05     5.140684e-06     -1.939633e-05
4.500000e+01     -3.424506e-05     9.605938e-06     -5.186045e-06
4.530000e+01     1.813799e-05     3.671368e-06     -8.111636e-06
4.560000e+01     -3.037581e-05     2.558793e-05     -1.622968e-05
4.590000e+01     -1.033454e-05     2.918922e-05     -1.171811e-05
4.620000e+01     -3.341058e-06     2.461419e-05     -1.351134e-05
4.650000e+01     -2.264917e-05     2.147960e-06     5.810621e-06
4.680000e+01     1.876236e-05     4.102454e-06     -4.586471e-07
4.710000e+01     -1.109389e-05     -6.032253e-06     2.428507e-06
4.740000e+01     -1.924510e-08     3.382695e-05     -1.818208e-05
4.770000e+01     -1.980536e-05     1.692057e-05     -1.970677e-05
4.800000e+01     -9.951318e-06     3.600647e-05     -8.505806e-06
4.830000e+01     -1.588713e-05     1.014137e-05     2.966627e-06
4.860000e+01     -1.125412e-05     2.224999e-06     1.188686e-05
4.890000e+01     1.223998e-05     7.412467e-07     8.865403e-07
4.920000e+01     -3.414452e-06     -3.738106e-06     1.827836e-05
4.950000e+01     2.524871e-05     -2.870166e-05     1.822467e-05
4.980000e+01     7.238569e-06     -6.851988e-06     1.205575e-05
5.010000e+01     3.111354e-06     -2.393601e-05     1.318074e-05
5.040000e+01     1.567003e-05     -9.586013e-06     8.243568e-06
5.070000e+01     -3.500192e-06     -4.874691e-06     8.257428e-06
5.100000e+01     6.447489e-06     -2.484006e-05     1.373037e-05
5.130000e+01     1.117495e-05     1.302504e-05     1.837419e-06
5.160000e+01     -8.955003e-06     -2.115889e-05     1.798267e-05
5.190000e+01     3.137758e-05     -7.999312e-06     -2.516172e-07
5.220000e+01     -5.004233e-05     -1.165172e-05     3.598083e-06
5.250000e+01     4.268775e-05     -2.302643e-05     6.312315e-06
5.280000e+01     -3.432701e-05     6.937888e-06     -1.044447e-05
5.310000e+01     2.379101e-05     -9.991226e-06     4.196173e-06
5.340000e+01     1.968306e-05     2.288755e-05     -1.456639e-05
5.370000e+01     -4.341580e-05     -6.970154e-06     -1.728188e-06
5.400000e+01     4.031474e-05     -1.542554e-05     3.060426e-07
5.430000e+01     -4.506573e-05     4.964060e-06     -1.809448e-05
5.460000e+01     4.231603e-05     2.285013e-06     -8.702396e-06
5.490000e+01     -2.583083e-06     2.829940e-05     -1.094369e-05
5.520000e+01     8.056160e-06     1.945940e-05     -1.036409e-05
5.550000e+01     -1.311288e-05     4.082917e-05     -1.624463e-05
5.580000e+01     -2.614510e-05     -1.215023e-05     -7.514818e-06
5.610000e+01     1.258045e-05     1.117794e-06     -1.589393e-05
5.640000e+01     -1.094353e-05     -1.153280e-05     1.155017e-05
5.670000e+01     2.172455e-05     -1.693177e-06     1.765230e-05
5.700000e+01     1.359861e-05     6.262164e-07     1.125292e-05
5.730000e+01     -3.160253e-05     1.413079e-05     1.011325e-05
5.760000e+01     -2.194402e-05     -1.038677e-05     -1.270676e-05
5.790000e+01     -1.386689e-05     6.198206e-06     -7.311960e-06
5.820000e+01     2.956121e-05     -2.461712e-05     -1.468372e-06
5.850000e+01     2.636601e-05     -1.218449e-05     7.914426e-06
5.880000e+01     1.186441e-05     -4.470941e-06     2.690770e-05
5.910000e+01     -1.378332e-05     -1.981238e-05     1.984520e-05
5.940000e+01     -2.224960e-05     -5.515224e-06     5.479372e-06
5.970000e+01     1.167278e-05     -9.506947e-06     7.137497e-06
6.000000e+01     -9.637180e-06     -1.320841e-06     9.412756e-06
6.030000e+01     5.103426e-05     6.657404e-06     8.586997e-06
6.060000e+01     -1.669451e-05     2.688232e-05     -9.796506e-06
6.090000e+01     9.940014e-06     2.815413e-05     -1.577709e-05
6.120000e+01     -4.241138e-06     -2.945984e-06     -5.990807e-06
6.150000e+01     8.843852e-06     -2.223096e-05     -1.769856e-05
6.180000e+01     3.422255e-05     -3.152242e-05     1.009565e-06
6.210000e+01     -9.968173e-06     -1.199280e-05     -1.731462e-05
6.240000e+01     1.706496e-05     1.661105e-05     -2.019471e-05
6.270000e+01     4.884955e-06     4.577275e-05     -3.039093e-05
6.300000e+01     -3.853431e-05     7.408580e-05     -1.313765e-05
6.330000e+01     -1.797561e-06     1.716783e-05     4.485883e-07
6.360000e+01     1.105236e-05     2.457362e-05     5.620862e-06
6.390000e+01     -2.457500e-05     -1.374831e-05     1.271132e-05
6.420000e+01     2.107715e-05     -2.102924e-05     1.226930e-05
6.450000e+01     -3.158261e-05     -4.211226e-05     2.459874e-05
6.480000e+01     1.728477e-05     -2.500485e-06     -1.382295e-05
6.510000e+01     2.577116e-05     -1.377563e-05     -1.936825e-05
6.540000e+01     1.388748e-05     1.155647e-06     -2.083054e-05
6.570000e+01     1.761706e-05     -1.656479e-05     -2.559359e-05
6.600000e+01     1.977880e-05     -3.025131e-05     -1.321888e-06
6.630000e+01     6.141044e-06     1.219501e-05     -6.553027e-06
6.660000e+01     -5.640708e-06     1.360054e-05     -1.102811e-05
6.690000e+01     6.615939e-06     -1.322756e-05     1.891532e-05
6.720000e+01     4.483671e-06     -2.068913e-05     2.148525e-05
6.750000e+01     -3.495224e-05     -2.715885e-05     3.998445e-05
6.780000e+01     2.151945e-05     -1.589707e-05     3.205314e-05
6.810000e+01     -2.269858e-05     -9.982946e-07     9.168648e-06
6.840000e+01     6.469653e-05     -2.239236e-05     2.527858e-05
6.870000e+01     2.922753e-05     2.073425e-05     -3.513161e-06
6.900000e+01     4.735629e-06     1.339694e-05     9.291673e-06
6.930000e+01     -1.185835e-05     5.504041e-05     3.360456e-07
6.960000e+01     -6.951223e-05     3.963822e-05     1.126467e-05
6.990000e+01     3.733489e-05     9.887273e-05     -1.343135e-06
7.020000e+01     -2.357750e-05     4.005283e-05     -4.727754e-06
7.050000e+01     2.871474e-05     -2.054740e-05     1.929153e-05
7.080000e+01     -7.854456e-05     3.330044e-05     6.478995e-06
7.110000e+01     -2.509534e-05     -1.213479e-04     7.460144e-05
7.140000e+01     -8.326063e-05     -2.812014e-05     7.089192e-05
7.170000e+01     7.558229e-06     -1.746155e-05     -1.094148e-05
7.200000e+01     3.502986e-05     -1.303254e-04     -8.807314e-05
7.230000e+01     -8.329368e-05     4.632106e-05     -2.172263e-04
7.260000e+01     1.786559e-04     3.701170e-07     -2.135001e-04
7.290000e+01     -1.135508e-04     -8.981874e-08     -1.184972e-04
7.320000e+01     6.807493e-05     1.013111e-04     7.179668e-05
7.350000e+01     -1.001849e-04     -5.018343e-05     2.278609e-04
7.380000e+01     -1.788561e-04     -4.091525e-05     2.559968e-04
7.410000e+01     -1.782488e-05     -1.664370e-04     2.028084e-04
7.440000e+01     -1.990188e-04     -4.073878e-05     1.559642e-05
7.470000e+01     2.148742e-04     -9.904510e-05     -9.672280e-05
7.500000e+01     -1.040284e-04     1.217196e-04     -1.884866e-04
7.530000e+01     1.976062e-04     7.045521e-05     -7.360074e-05
7.560000e+01     -1.118797e-04     1.047353e-04     2.473016e-05
7.590000e+01     -5.865480e-06     -6.433962e-07     1.168668e-04
7.620000e+01     1.319053e-05     -3.154772e-05     1.161101e-04
7.650000e+01     -8.626638e-05     -7.945610e-05     5.804877e-05
7.680000e+01     6.744244e-05     1.098398e-04     -7.281672e-05
7.710000e+01     3.727469e-05     1.272655e-04     -1.341891e-04
7.740000e+01     1.771053e-04     3.793658e-05     -1.158488e-04
7.770000e+01     1.277693e-04     5.437543e-05     -7.299763e-05
7.800000e+01     1.014594e-04     -2.687786e-05     1.248800e-06
7.830000e+01     7.319248e-05     -7.941644e-05     4.346829e-05
7.860000e+01     -7.705542e-05     -4.597896e-05     4.448743e-05
7.890000e+01     -7.425155e-05     5.348282e-05     5.221359e-05
7.920000e+01     4.386772e-05     -7.822141e-06     3.318469e-05
7.950000e+01     -5.962056e-05     8.612784e-05     -3.467307e-06
7.980000e+01     1.437354e-04     -5.815563e-06     -4.858168e-05
8.010000e+01     2.368515e-04     -5.373672e-05     -1.388892e-05
8.040000e+01     3.185466e-05     5.658288e-05     5.169521e-05
8.070000e+01     -7.312346e-06     5.633363e-05     1.045155e-04
8.100000e+01     -1.064231e-05     7.629681e-05     6.767422e-05
8.130000e+01     -4.226674e-04     1.213060e-04     -4.325954e-05
8.160000e+01     -2.369353e-04     -1.852355e-05     -9.484925e-05
8.190000e+01     -9.761939e-05     -1.257418e-04     -1.322072e-04
8.220000e+01     3.701921e-05     -1.411731e-04     -1.157285e-04
8.250000e+01     7.834091e-05     -7.139454e-05     -6.616265e-05
8.280000e+01     2.418254e-04     -4.995157e-05     1.666374e-05
8.310000e+01     -1.954713e-05     -2.595547e-05     3.341336e-05
8.340000e+01     -9.616140e-05     1.908564e-05     1.021774e-04
8.370000e+01     -2.166538e-04     -1.505191e-05     7.513268e-05
8.400000e+01     -3.398279e-04     -6.236031e-05     -6.110458e-06
8.430000e+01     -8.490355e-05     -5.903131e-05     -2.827488e-05
8.460000e+01     5.513888e-05     6.397102e-05     -5.859565e-05
8.490000e+01     2.417506e-04     -2.416011e-05     -5.333655e-05
8.520000e+01     3.066710e-04     6.431298e-05     -5.222426e-05
8.550000e+01     1.840692e-04     5.104447e-05     -2.373436e-05
8.580000e+01     1.180084e-04     -4.810795e-05     -1.918521e-05
8.610000e+01     -1.115886e-04     6.620929e-05     -3.210257e-05
8.640000e+01     1.163550e-04     -1.074904e-04     5.475107e-05
8.670000e+01     -4.618492e-05     -1.529350e-05     1.092348e-04
8.700000e+01     5.030846e-05     1.545046e-06     1.271018e-04
8.730000e+01     9.471976e-05     6.307669e-05     1.301485e-04
8.760000e+01     -1.575077e-05     6.855291e-05     7.663722e-05
8.790000e+01     3.976830e-05     4.145170e-05     1.787058e-05
8.820000e+01     -1.241817e-05     5.201496e-05     -4.850777e-06
8.850000e+01     2.258360e-05     1.357300e-05     -1.757292e-05
8.880000e+01     -1.559354e-04     -2.920058e-05     -1.181806e-05
8.910000e+01     -1.794287e-04     1.146556e-06     -1.762723e-05
8.940000e+01     -1.863447e-04     -2.061836e-05     -2.731628e-05
8.970000e+01     -1.114127e-04     -1.188669e-05     -5.766368e-05
9.000000e+01     -9.436483e-05     2.559739e-07     -6.916763e-05
9.030000e+01     4.051097e-05     -6.769737e-05     -4.489024e-05
9.060000e+01     1.743379e-05     2.030726e-05     -2.455143e-05
9.090000e+01     5.867783e-05     1.203815e-04     -2.534952e-05
9.120000e+01     1.031950e-04     3.796368e-05     -6.289239e-05
9.150000e+01     2.950927e-05     1.669357e-06     -9.247496e-05
9.180000e+01     2.640226e-06     -6.268201e-05     -3.604874e-05
9.210000e+01     -9.237308e-05     -7.561145e-05     1.353825e-06
9.240000e+01     1.808302e-04     -2.041015e-04     5.220212e-05
9.270000e+01     2.441895e-06     -8.142416e-05     7.143188e-05
9.300000e+01     1.858116e-04     7.217393e-06     4.920311e-05
9.330000e+01     1.221725e-04     9.306943e-06     5.998129e-05
9.360000e+01     -6.428132e-06     7.945161e-05     6.044508e-05
9.390000e+01     -4.138359e-06     3.753388e-05     6.556783e-05
9.420000e+01     -1.985978e-04     1.357082e-04     3.696273e-06
9.450000e+01     3.594121e-05     5.220519e-05     -2.397197e-05
9.480000e+01     6.649588e-05     1.036014e-04     -3.999579e-05
9.510000e+01     -2.479449e-05     6.020997e-05     -3.221943e-05
9.540000e+01     7.668441e-06     4.506670e-06     -1.178444e-05
9.570000e+01     -1.711232e-04     2.244717e-05     3.292728e-06
9.600000e+01     -9.517411e-05     6.744044e-06     2.311881e-05
9.630000e+01     -3.896663e-05     1.425242e-06     -5.054984e-06
9.660000e+01     -9.587240e-06     -1.892614e-05     -6.307953e-05
9.690000e+01     -1.070505e-04     -7.628167e-05     -7.853798e-05
9.720000e+01     4.969213e-06     -1.047766e-04     -3.445972e-05
9.750000e+01     1.353903e-05     -4.680717e-05     3.193918e-05
9.780000e+01     1.050602e-04     1.584695e-05     3.742052e-05
9.810000e+01     1.117789e-04     -3.256300e-06     3.250917e-05
9.840000e+01     -3.300562e-05     -5.188844e-05     3.411654e-05
9.870000e+01     -1.030942e-05     -2.365710e-05     1.187542e-06
9.900000e+01     -3.743262e-05     -5.900004e-05     -1.836770e-05
9.930000e+01     7.761179e-05     -1.512133e-05     -1.849492e-06
9.960000e+01     5.833238e-05     6.711849e-06     3.490336e-06
9.990000e+01     7.230154e-05     3.138316e-05     9.430251e-06
1.002000e+02     9.722126e-05     4.356288e-05     -5.596990e-06
1.005000e+02     -6.588432e-05     3.394922e-05     -1.570871e-05
1.008000e+02     -7.193180e-05     -9.704474e-06     3.227292e-05
1.011000e+02     -2.938265e-06     -4.500421e-05     3.577614e-05
1.014000e+02     -3.278271e-05     -4.341741e-06     3.770871e-05
1.017000e+02     2.997100e-06     1.814826e-05     1.845676e-05
1.020000e+02     -7.167813e-05     6.776119e-06     -2.980531e-06
1.023000e+02     -7.316731e-05     4.136306e-05     -1.741397e-05
1.026000e+02     -3.984581e-05     6.957623e-05     -4.345615e-05
1.029000e+02     8.121180e-05     1.134233e-05     -2.245414e-05
1.032000e+02     8.202751e-05     6.439834e-06     -1.215923e-05
1.035000e+02     5.880866e-05     1.391345e-05     -1.892255e-05
1.038000e+02     4.986555e-05     6.610200e-06     -1.038852e-06
1.041000e+02     7.288132e-05     2.760003e-05     -1.607952e-05
1.044000e+02     -3.509459e-05     2.475989e-05     -4.277401e-06
1.047000e+02     -1.137521e-04     -2.051195e-05     -9.982487e-06
1.050000e+02     -8.642817e-05     -3.112367e-05     -3.695303e-06
1.053000e+02     -7.531455e-05     -7.978787e-05     8.237142e-06
1.056000e+02     4.920882e-05     -7.121013e-05     -4.600153e-06
1.059000e+02     1.169622e-04     -6.072237e-05     9.163661e-06
1.062000e+02     1.431538e-04     -3.397053e-05     1.717112e-05
1.065000e+02     3.140561e-05     1.888900e-05     2.964394e-05
1.068000e+02     -7.938765e-05     1.521734e-05     2.625047e-05
1.071000e+02     -1.176315e-04     1.673350e-05     1.301631e-05
1.074000e+02     -1.456067e-04     2.327731e-05     -4.659663e-06
1.077000e+02     -4.885934e-05     4.590167e-05     -1.374607e-05
1.080000e+02     -3.866665e-05     4.298752e-05     -1.587996e-05
1.083000e+02     -1.853946e-05     5.448079e-05     -1.187689e-05
1.086000e+02     4.819441e-05     1.955916e-05     5.479257e-06
1.089000e+02     6.154057e-05     1.207741e-05     -1.741181e-06
1.092000e+02     5.864788e-05     4.488193e-06     -1.863495e-05
1.095000e+02     1.219259e-04     -3.627918e-05     -2.509662e-05
1.098000e+02     5.965019e-05     -3.133925e-06     -2.547277e-05
1.101000e+02     -6.770835e-05     5.827435e-05     -3.087807e-05
1.104000e+02     -6.009520e-06     -3.179199e-05     1.036581e-05
1.107000e+02     -1.945739e-05     -2.469214e-05     3.450175e-05
1.110000e+02     6.483886e-05     -6.419542e-05     5.310439e-05
1.113000e+02     6.743138e-06     -5.438727e-05     3.421121e-05
1.116000e+02     -5.648070e-05     3.826830e-06     1.245093e-05
1.119000e+02     -2.811687e-05     2.160963e-05     -3.738173e-06
1.122000e+02     -4.619628e-05     8.101766e-05     -1.907735e-05
1.125000e+02     5.701331e-05     5.410490e-05     1.226599e-05
1.128000e+02     -4.605421e-05     5.649553e-05     -4.863233e-06
1.131000e+02     -3.374703e-05     4.141390e-05     -2.353342e-05
1.134000e+02     6.344270e-06     -2.999459e-05     -3.799390e-05
1.137000e+02     1.761360e-05     -5.289873e-05     -4.164453e-05
1.140000e+02     5.655135e-05     -6.738271e-05     -2.724150e-05
1.143000e+02     7.991585e-05     -7.539135e-05     1.589229e-06
1.146000e+02     4.023477e-05     -5.576365e-05     2.325066e-05
1.149000e+02     -2.837550e-05     -4.361439e-05     4.055825e-05
1.152000e+02     -3.715683e-05     -3.696413e-05     4.203361e-05
1.155000e+02     -9.342933e-05     3.155585e-05     2.440167e-05
1.158000e+02     -4.027451e-05     8.905207e-05     -5.018061e-06
1.161000e+02     -2.048500e-05     7.101452e-05     -5.798362e-06
1.164000e+02     1.729536e-05     3.516643e-05     -1.876104e-06
1.167000e+02     -4.254936e-05     7.913994e-06     -4.133676e-07
1.170000e+02     -7.218890e-05     4.692594e-06     -7.770960e-06
1.173000e+02     3.702437e-05     -3.577932e-07     -1.641229e-05
1.176000e+02     6.212202e-05     -2.602847e-05     -1.324536e-05
1.179000e+02     9.667426e-05     -2.839126e-05     -1.206630e-05
1.182000e+02     9.212886e-05     -1.570545e-05     -4.382542e-06
1.185000e+02     2.443114e-05     -8.769644e-07     -8.458397e-06
1.188000e+02     -4.599702e-05     6.342438e-06     -1.459520e-06
1.191000e+02     2.728995e-06     -1.107392e-05     1.297419e-05
1.194000e+02     1.767522e-06     -1.741154e-05     5.107414e-06
1.197000e+02     -7.058783e-05     -3.752521e-05     7.285753e-06
1.200000e+02     -2.557099e-05     5.738811e-06     1.085331e-05
1.203000e+02     -1.094044e-05     2.016449e-05     2.516684e-05
1.206000e+02     2.392483e-05     5.147771e-05     2.606896e-05
1.209000e+02     1.339174e-05     7.124217e-05     4.590465e-06
1.212000e+02     -1.533972e-05     5.324483e-05     -2.430389e-05
1.215000e+02     -9.485653e-07     3.229442e-05     -3.552390e-05
1.218000e+02     -1.337873e-05     2.475410e-05     -3.511024e-05
1.221000e+02     -2.164971e-05     2.627562e-06     -2.877482e-05
1.224000e+02     -1.955332e-05     -5.214715e-05     -7.797530e-06
1.227000e+02     -1.055387e-05     -5.483978e-05     5.483589e-06
1.230000e+02     -2.268703e-05     -7.524195e-05     2.674681e-05
1.233000e+02     -1.522758e-06     -3.083283e-05     3.205717e-05
1.236000e+02     4.924464e-05     -1.565673e-05     1.228204e-05
1.239000e+02     4.540374e-05     2.149636e-05     5.165547e-06
1.242000e+02     3.189299e-05     -5.342328e-06     1.627664e-06
1.245000e+02     2.660148e-05     -4.257967e-05     -1.815777e-07
1.248000e+02     -9.142642e-06     -2.260464e-05     -7.262282e-07
1.251000e+02     -2.415268e-07     -8.856611e-06     -4.709751e-06
1.254000e+02     1.276324e-05     1.534609e-05     -2.708235e-06
1.257000e+02     -3.313869e-05     2.854809e-05     -3.315488e-06
1.260000e+02     -7.456632e-06     2.614876e-06     1.114984e-05
1.263000e+02     -3.438727e-05     2.165052e-05     2.343532e-05
1.266000e+02     -3.479998e-05     2.228054e-05     1.069727e-05
1.269000e+02     -6.147147e-06     2.141158e-05     -7.541450e-06
1.272000e+02     4.064505e-05     2.656998e-05     -1.783392e-05
1.275000e+02     4.390821e-05     3.252395e-05     -2.066347e-05
1.278000e+02     1.743970e-05     2.479102e-05     -1.027027e-05
1.281000e+02     -1.022039e-05     2.997233e-05     2.960922e-06
1.284000e+02     -2.071587e-05     3.163930e-05     9.017746e-06
1.287000e+02     -5.599428e-05     2.415980e-05     -1.840308e-06
1.290000e+02     -3.663315e-05     -6.420416e-07     -2.549823e-05
1.293000e+02     1.496995e-05     -3.896533e-05     -2.570784e-05
1.296000e+02     2.775858e-05     -3.192616e-05     -2.633804e-05
1.299000e+02     -1.515400e-05     -2.182015e-05     -2.862968e-05
1.302000e+02     9.534057e-07     -4.069918e-05     -5.337947e-06
1.305000e+02     2.601552e-05     -4.372354e-05     1.999841e-05
1.308000e+02     3.033524e-05     -6.699396e-05     3.507949e-05
1.311000e+02     2.286497e-05     -4.140687e-05     4.165287e-05
1.314000e+02     2.519765e-05     -1.554970e-05     3.580810e-05
1.317000e+02     3.986411e-05     7.946968e-06     2.418409e-05
1.320000e+02     -7.390909e-06     4.908252e-06     1.590408e-05
1.323000e+02     -5.775349e-06     5.053722e-06     5.326962e-07
1.326000e+02     -5.861988e-05     3.840213e-05     -1.389379e-05
1.329000e+02     -4.452932e-05     2.302816e-05     -2.214546e-05
1.332000e+02     -1.016686e-05     4.501486e-05     -1.440699e-05
1.335000e+02     -5.683701e-06     3.848416e-05     -5.979327e-06
1.338000e+02     2.488536e-05     2.710567e-05     -7.211027e-07
1.341000e+02     1.175139e-05     2.053011e-05     -6.078203e-06
1.344000e+02     -2.966580e-06     -1.907782e-05     -7.635884e-06
1.347000e+02     -3.362461e-05     -3.771775e-06     -1.227963e-05
1.350000e+02     -3.828000e-05     8.830950e-06     -9.113342e-06
1.353000e+02     -4.526570e-05     7.805072e-06     3.693710e-06
1.356000e+02     7.185795e-07     -3.253040e-06     9.661036e-07
1.359000e+02     2.728591e-05     -6.956969e-06     -3.553355e-06
1.362000e+02     6.648624e-05     -8.371443e-06     -9.811548e-06
1.365000e+02     7.100850e-05     -1.263871e-05     -1.133339e-05
1.368000e+02     3.158650e-05     -1.252898e-05     -6.714609e-06
1.371000e+02     2.845701e-05     -2.523919e-05     1.009176e-05
1.374000e+02     4.521470e-05     -1.884219e-05     2.336883e-05
1.377000e+02     1.011648e-05     3.859451e-06     1.773752e-05
1.380000e+02     -3.129828e-05     1.405174e-06     1.103610e-05
1.383000e+02     -5.106359e-05     2.643508e-06     1.009143e-05
1.386000e+02     -2.973890e-05     9.900052e-06     1.451005e-05
1.389000e+02     -3.585404e-05     -4.600475e-06     1.469965e-05
1.392000e+02     -2.696615e-05     8.966754e-06     1.063606e-05
1.395000e+02     -2.480817e-05     1.757807e-05     -4.603101e-06
1.398000e+02     -2.960581e-05     3.900282e-05     -2.034965e-05
1.401000e+02     -9.827076e-06     2.458275e-05     -2.865645e-05
1.404000e+02     -1.934006e-05     -3.301322e-06     -2.356505e-05
1.407000e+02     -3.214806e-05     -6.358313e-06     -1.931621e-05
1.410000e+02     -7.178824e-06     -1.200023e-05     -8.333291e-06
1.413000e+02     2.121708e-05     -1.167017e-05     -3.280080e-06
1.416000e+02     3.729331e-05     -2.636145e-05     1.985638e-06
1.419000e+02     9.541255e-05     -2.997007e-05     6.619091e-06
1.422000e+02     6.898725e-05     -3.463390e-05     1.146808e-05
1.425000e+02     4.592637e-05     -1.479413e-05     9.541291e-06
1.428000e+02     1.281876e-05     8.878286e-06     9.276465e-06
1.431000e+02     2.674850e-06     7.613484e-06     1.398854e-05
1.434000e+02     -1.458209e-05     3.382404e-05     1.049751e-05
1.437000e+02     -5.380259e-05     1.581787e-05     4.680728e-06
1.440000e+02     -3.638375e-05     1.233090e-05     -8.627458e-06
1.443000e+02     -6.992400e-05     1.581021e-05     -1.286903e-05
1.446000e+02     -1.770499e-05     2.712570e-05     -1.564936e-05
1.449000e+02     -1.852463e-05     1.807119e-05     -1.777956e-05
1.452000e+02     -1.278573e-05     -2.418417e-06     -1.445123e-05
1.455000e+02     6.414634e-06     -1.909760e-05     -7.911444e-06
1.458000e+02     -1.063400e-06     -3.230167e-05     3.812455e-07
1.461000e+02     1.805041e-05     -3.589600e-05     1.025527e-05
1.464000e+02     1.157044e-05     -3.197414e-05     2.876619e-05
1.467000e+02     4.710117e-06     -1.874369e-06     2.918814e-05
1.470000e+02     2.347424e-05     3.520661e-06     1.987481e-05
1.473000e+02     2.752409e-05     1.519401e-05     -2.448831e-06
1.476000e+02     3.427198e-05     2.148215e-05     -1.313046e-05
1.479000e+02     2.077177e-05     3.787068e-05     -1.569493e-05
1.482000e+02     3.819842e-05     5.329587e-05     -1.763959e-05
1.485000e+02     3.154854e-05     2.733172e-05     -1.866205e-05
1.488000e+02     -1.348335e-05     5.727009e-06     -1.585840e-05
1.491000e+02     -3.716712e-05     -1.101324e-05     -3.069300e-06
1.494000e+02     -4.492918e-05     -3.113498e-05     1.271929e-05
1.497000e+02     -4.629778e-05     -3.548937e-05     1.855048e-05
1.500000e+02     -2.099370e-05     -3.306108e-05     1.844377e-05
1.503000e+02     -1.436855e-05     -3.793191e-05     1.922192e-05
1.506000e+02     1.442447e-05     -2.738471e-05     1.183434e-05
1.509000e+02     1.869118e-05     -1.184317e-05     3.364020e-06
1.512000e+02     -1.530736e-05     3.417369e-06     8.445022e-07
1.515000e+02     -2.200041e-05     9.212996e-06     -5.342430e-06
1.518000e+02     -2.105161e-05     1.553841e-06     -8.161504e-06
1.521000e+02     -1.145146e-05     2.314051e-05     -1.863959e-05
1.524000e+02     5.765134e-06     1.349536e-05     -2.547473e-05
1.527000e+02     1.078390e-05     2.426074e-05     -1.600498e-05
1.530000e+02     3.762411e-05     2.837281e-05     -5.044689e-06
1.533000e+02     4.031307e-05     2.202444e-05     2.082538e-06
1.536000e+02     4.776049e-05     1.021571e-05     6.251473e-06
1.539000e+02     2.593041e-05     1.024384e-05     1.362437e-06
1.542000e+02     3.849640e-05     9.065221e-06     6.531547e-06
1.545000e+02     3.497380e-05     8.480071e-06     9.901817e-06
1.548000e+02     -9.673131e-06     -2.160519e-06     9.741899e-06
1.551000e+02     -2.501871e-05     -5.431653e-06     1.300276e-05
1.554000e+02     -3.614061e-05     -8.932737e-06     1.493010e-05
1.557000e+02     -4.170189e-05     -2.276701e-05     1.279999e-05
1.560000e+02     -3.504367e-05     -2.262235e-05     1.697530e-06
1.563000e+02     -3.155627e-05     -3.089820e-05     -4.377906e-06
1.566000e+02     -2.682648e-05     -3.684142e-05     -6.236732e-06
1.569000e+02     -3.610388e-05     -3.420528e-05     -1.002146e-05
1.572000e+02     -1.598113e-05     -1.327482e-05     -1.132193e-05
1.575000e+02     -9.263678e-06     9.782758e-07     -8.031835e-06
1.578000e+02     -2.328394e-05     1.862132e-05     -5.748458e-06
1.581000e+02     8.677658e-06     3.427782e-05     -8.025090e-06
1.584000e+02     1.107619e-05     4.820859e-05     -1.331029e-05
1.587000e+02     7.048437e-07     4.883602e-05     -1.612512e-05
1.590000e+02     3.159666e-05     2.877471e-05     -1.075000e-05
1.593000e+02     2.607160e-05     7.955375e-06     -6.363759e-07
1.596000e+02     4.263500e-05     -2.748864e-07     4.188523e-07
1.599000e+02     4.920191e-05     -1.537209e-05     -1.240124e-06
1.602000e+02     3.224355e-05     -4.480686e-05     -5.620415e-07
1.605000e+02     2.087047e-05     -5.197449e-05     6.747707e-06
1.608000e+02     4.406249e-06     -2.449391e-05     1.042078e-05
1.611000e+02     -6.904037e-06     -5.552537e-06     1.061166e-05
1.614000e+02     1.606492e-06     -3.690186e-06     1.612789e-05
1.617000e+02     2.667542e-05     1.865791e-05     1.605887e-05
1.620000e+02     1.327020e-05     1.915312e-05     1.475517e-05
1.623000e+02     -9.349479e-07     7.622717e-06     8.748079e-06
1.626000e+02     -2.763125e-05     7.881574e-07     -2.006273e-07
1.629000e+02     -4.765638e-05     -2.488084e-06     3.733983e-08
1.632000e+02     -3.386592e-05     4.047750e-06     9.258911e-07
1.635000e+02     -2.836992e-05     1.222701e-05     -7.201753e-06
1.638000e+02     -1.851062e-05     1.596443e-05     -1.109248e-05
1.641000e+02     -2.894741e-05     1.257101e-05     -1.324967e-05
1.644000e+02     -1.179212e-05     1.649486e-05     -1.528786e-05
1.647000e+02     -1.434376e-05     6.818781e-06     -9.664289e-06
1.650000e+02     -7.405413e-06     -1.355088e-05     -3.684548e-06
1.653000e+02     8.748303e-06     -1.703549e-05     2.622663e-06
1.656000e+02     1.861305e-05     -9.453386e-06     7.188775e-06
1.659000e+02     2.445356e-05     -3.211507e-06     2.147931e-06
1.662000e+02     8.097855e-06     1.473086e-07     -2.286335e-06
1.665000e+02     7.727510e-06     -1.590806e-05     6.308873e-07
1.668000e+02     3.542155e-05     -1.214457e-05     3.511475e-06
1.671000e+02     2.721245e-05     -4.375512e-06     8.893450e-06
1.674000e+02     3.445308e-05     -6.924356e-06     1.190320e-05
1.677000e+02     4.349878e-05     1.586588e-06     1.129514e-05
1.680000e+02     2.608215e-05     1.088778e-05     8.861526e-06
1.683000e+02     1.603268e-06     8.943335e-06     4.446067e-06
1.686000e+02     -2.595033e-05     3.071809e-06     -2.568452e-06
1.689000e+02     -2.906602e-05     3.860380e-06     -1.024540e-05
1.692000e+02     -4.041860e-05     1.144663e-05     -1.290483e-05
1.695000e+02     -4.492584e-05     8.379876e-06     -8.997824e-06
1.698000e+02     -5.008558e-05     1.035120e-05     -1.173587e-05
1.701000e+02     -4.287932e-05     1.573592e-05     -1.537060e-05
1.704000e+02     -1.076015e-05     3.634646e-06     -1.437360e-05
1.707000e+02     1.840018e-05     -1.960819e-05     -1.146478e-05
1.710000e+02     3.490395e-05     -3.236256e-05     -5.360173e-06
1.713000e+02     2.607133e-05     -2.489920e-05     5.251865e-06
1.716000e+02     1.832922e-05     -1.718475e-05     9.780110e-06
1.719000e+02     5.314854e-06     -7.844253e-06     1.028765e-05
1.722000e+02     -1.811756e-06     9.679887e-06     1.052159e-05
1.725000e+02     1.354682e-06     1.215931e-05     1.089122e-05
1.728000e+02     1.298241e-05     2.203990e-06     1.553904e-05
1.731000e+02     2.252648e-05     6.617071e-06     1.629512e-05
1.734000e+02     1.059074e-05     1.260238e-05     1.226758e-05
1.737000e+02     -4.156325e-06     1.441707e-05     -2.460031e-06
1.740000e+02     -1.359811e-05     1.570040e-05     -1.223887e-05
1.743000e+02     -2.307256e-05     2.702132e-06     -1.048237e-05
1.746000e+02     -2.900484e-05     -4.881977e-06     -9.141329e-06
1.749000e+02     -7.324048e-06     -1.269706e-05     -4.697450e-06
1.752000e+02     1.782313e-05     -1.889625e-05     -5.984255e-08
1.755000e+02     1.523404e-05     -7.155795e-07     2.024339e-06
1.758000e+02     1.656796e-05     1.683494e-05     5.662971e-06
1.761000e+02     1.451758e-05     1.515931e-05     1.001925e-05
1.764000e+02     -8.420994e-06     1.922486e-05     6.550548e-06
1.767000e+02     -1.449074e-05     1.297264e-05     -9.251021e-07
1.770000e+02     -1.836283e-06     -6.317880e-06     -7.340912e-06
1.773000e+02     6.644231e-06     -6.319588e-06     -1.339033e-05
1.776000e+02     1.660710e-05     -4.305527e-06     -1.345301e-05
1.779000e+02     8.047573e-06     -8.129128e-06     -8.936902e-06
1.782000e+02     -1.065712e-05     -1.244893e-05     -5.047337e-06
1.785000e+02     -2.275702e-06     -1.420099e-05     -7.380655e-06
1.788000e+02     5.959999e-06     -1.054860e-05     -1.046749e-05
1.791000e+02     -3.772216e-06     -1.046857e-05     -1.216281e-05
1.794000e+02     -1.015468e-06     -1.268656e-05     -2.145172e-06
1.797000e+02     -3.856933e-06     -9.326790e-06     7.887171e-06
1.800000e+02     -1.895911e-05     -1.030403e-05     1.592608e-05
1.803000e+02     -1.389812e-05     -1.741423e-05     2.451838e-05
1.806000e+02     2.713080e-06     -1.078892e-05     2.531025e-05
1.809000e+02     9.671555e-06     5.405670e-06     1.780648e-05
1.812000e+02     2.283852e-05     1.459306e-05     1.061865e-05
1.815000e+02     1.309791e-05     2.062357e-05     5.298782e-06
1.818000e+02     -5.627191e-06     3.086707e-05     -3.331804e-06
1.821000e+02     -1.248485e-05     2.434186e-05     -5.637175e-06
1.824000e+02     -1.906701e-05     2.716993e-05     -4.587141e-06
1.827000e+02     -2.047730e-05     2.941547e-05     -7.370503e-06
1.830000e+02     -1.227034e-05     1.400199e-05     -1.295836e-05
1.833000e+02     -2.354081e-05     1.204857e-06     -1.583552e-05
1.836000e+02     -7.842739e-06     -7.493933e-06     -1.707884e-05
1.839000e+02     1.088979e-05     -2.155839e-05     -1.330293e-05
1.842000e+02     3.263417e-05     -2.246494e-05     -5.449413e-06
1.845000e+02     4.872618e-05     -2.218077e-05     -1.236255e-06
1.848000e+02     3.745944e-05     -2.926378e-05     5.867390e-06
1.851000e+02     4.169781e-05     -2.287503e-05     1.133391e-05
1.854000e+02     1.243025e-05     -9.047747e-06     9.576309e-06
1.857000e+02     -5.249682e-06     -1.213248e-06     5.086485e-06
1.860000e+02     -1.906539e-05     6.820902e-06     2.525999e-06
1.863000e+02     -3.944461e-05     3.837956e-06     3.091596e-06
1.866000e+02     -3.668117e-05     1.201881e-06     1.299741e-06
1.869000e+02     -2.730155e-05     9.212644e-08     -9.452544e-07
1.872000e+02     -1.866260e-05     -2.239938e-06     -1.952727e-06
1.875000e+02     -3.451837e-06     3.227222e-06     -8.545636e-07
1.878000e+02     -5.586304e-06     2.247157e-06     -1.193706e-06
1.881000e+02     -2.106581e-06     1.943012e-07     -1.256843e-06
1.884000e+02     2.018973e-05     1.775710e-06     -1.687166e-06
1.887000e+02     1.299136e-05     3.560199e-06     -9.395433e-07
1.890000e+02     1.689854e-05     6.350724e-06     3.950778e-06
1.893000e+02     1.492340e-05     1.716614e-05     6.758629e-06
1.896000e+02     -5.516904e-06     2.310197e-05     4.342028e-06
1.899000e+02     -1.629746e-05     1.914874e-05     -8.142660e-07
1.902000e+02     -1.962360e-05     7.923165e-06     -2.992485e-06
1.905000e+02     -6.409939e-06     2.460322e-06     -5.947345e-06
1.908000e+02     2.094595e-06     -9.608065e-06     -6.852207e-06
1.911000e+02     4.645400e-06     -1.538389e-05     -5.829109e-06
1.914000e+02     1.540499e-05     -7.625668e-06     -6.181356e-06
1.917000e+02     7.671566e-06     -7.064862e-06     -3.288017e-06
1.920000e+02     1.354356e-05     -7.143443e-06     -1.131393e-06
1.923000e+02     2.644122e-05     -1.036688e-05     -1.878100e-06
1.926000e+02     1.258330e-05     -1.175906e-05     4.905656e-07
1.929000e+02     4.943931e-06     -1.364425e-05     6.007947e-06
1.932000e+02     9.309538e-06     -1.679850e-05     9.654595e-06
1.935000e+02     3.494154e-06     -1.680369e-05     8.098022e-06
1.938000e+02     -1.644653e-06     -7.209776e-06     6.456919e-06
1.941000e+02     -1.308787e-05     6.429180e-06     4.352149e-06
1.944000e+02     -1.269540e-05     1.120773e-05     8.052891e-07
1.947000e+02     -2.813818e-05     1.746239e-05     -1.026887e-06
1.950000e+02     -3.197157e-05     1.851775e-05     -5.055738e-07
1.953000e+02     -3.455309e-05     1.729732e-05     3.723348e-06
1.956000e+02     -2.590441e-05     1.752391e-05     7.096040e-06
1.959000e+02     -4.108795e-06     1.479770e-05     4.269060e-06
1.962000e+02     1.135443e-05     3.989633e-06     -3.802907e-07
1.965000e+02     2.198525e-05     -4.404133e-06     -5.689939e-06
1.968000e+02     2.187257e-05     -9.300785e-06     -1.066259e-05
1.971000e+02     1.891804e-05     -9.503096e-06     -1.080432e-05
1.974000e+02     8.492273e-06     -3.792094e-06     -1.288546e-05
1.977000e+02     1.089821e-05     -2.704148e-06     -1.351691e-05
1.980000e+02     4.854308e-06     -7.492540e-06     -9.227460e-06
1.983000e+02     2.439314e-06     -8.497380e-06     -7.831602e-06
1.986000e+02     1.072864e-05     -1.150782e-05     -6.169140e-06
1.989000e+02     1.396641e-05     -9.674459e-06     -9.133885e-07
1.992000e+02     1.590991e-05     -9.646700e-06     5.132310e-06
1.995000e+02     2.046907e-05     -8.936868e-06     9.746498e-06
1.998000e+02     1.999452e-05     -5.988271e-06     1.569526e-05
2.001000e+02     9.489244e-06     1.327788e-07     1.742269e-05
2.004000e+02     -2.879144e-06     2.729283e-06     1.506583e-05
2.007000e+02     -1.151632e-05     2.640168e-06     1.255636e-05
2.010000e+02     -2.880626e-05     8.506031e-06     8.808722e-06
2.013000e+02     -3.585222e-05     1.145246e-05     5.527180e-06
2.016000e+02     -2.816198e-05     1.482866e-05     1.411946e-06
2.019000e+02     -2.717472e-05     2.176470e-05     -4.647772e-06
2.022000e+02     -1.809988e-05     1.959800e-05     -8.947321e-06
2.025000e+02     -1.305652e-05     1.452898e-05     -1.150711e-05
2.028000e+02     -2.898982e-06     3.403132e-06     -1.215595e-05
2.031000e+02     1.841442e-05     -7.098789e-06     -9.001680e-06
2.034000e+02     2.781851e-05     -1.199252e-05     -6.529704e-06
2.037000e+02     3.119630e-05     -1.774606e-05     -4.190468e-06
2.040000e+02     2.466289e-05     -1.992092e-05     -7.671044e-07
2.043000e+02     1.235431e-05     -1.747968e-05     2.872269e-06
2.046000e+02     6.857524e-06     -1.815351e-05     6.115476e-06
2.049000e+02     -6.931012e-06     -1.508913e-05     8.717780e-06
2.052000e+02     -1.413009e-05     -1.318272e-05     8.133579e-06
2.055000e+02     -2.343556e-05     -5.151807e-06     3.163463e-06
2.058000e+02     -2.529656e-05     -1.576195e-06     6.215400e-07
2.061000e+02     -1.187990e-05     6.521803e-07     -1.240011e-06
2.064000e+02     -8.650333e-06     8.846871e-06     -3.092269e-06
2.067000e+02     4.277970e-06     1.256737e-05     -1.631248e-06
2.070000e+02     1.074849e-05     2.050894e-05     -1.509343e-06
2.073000e+02     1.465380e-05     2.236004e-05     -2.101217e-06
2.076000e+02     2.228614e-05     2.020934e-05     -5.051723e-06
2.079000e+02     1.588025e-05     1.624284e-05     -6.908934e-06
2.082000e+02     7.086661e-06     1.345172e-05     -7.133556e-06
2.085000e+02     -2.427814e-07     4.569082e-06     -7.075717e-06
2.088000e+02     5.966323e-06     -1.078805e-05     -3.505652e-06
2.091000e+02     8.524804e-06     -1.781145e-05     -2.244788e-06
2.094000e+02     2.699308e-06     -2.385400e-05     -2.168163e-06
2.097000e+02     4.141711e-06     -2.521610e-05     3.479619e-07
2.100000e+02     -5.527488e-06     -1.404264e-05     2.969565e-06
2.103000e+02     -8.302810e-06     -5.931152e-06     8.751177e-06
2.106000e+02     -7.687300e-06     5.549018e-06     1.309980e-05
2.109000e+02     -1.031844e-05     1.175277e-05     1.472597e-05
2.112000e+02     -3.395890e-06     6.104347e-06     1.549075e-05
2.115000e+02     2.824370e-06     4.281001e-06     1.109624e-05
2.118000e+02     -2.853140e-06     4.190313e-06     2.592910e-06
2.121000e+02     -1.418547e-05     -8.595556e-07     -5.685956e-06
2.124000e+02     -2.550566e-05     -6.095607e-06     -1.138160e-05
2.127000e+02     -2.515498e-05     -7.317482e-06     -1.182157e-05
2.130000e+02     -1.225542e-05     -6.998855e-06     -1.186395e-05
2.133000e+02     -6.394346e-06     -5.237616e-06     -9.063614e-06
2.136000e+02     3.848843e-07     -4.790401e-07     -3.740497e-06
2.139000e+02     1.032232e-05     9.432558e-07     1.031967e-06
2.142000e+02     1.194057e-05     9.718221e-06     4.060282e-06
2.145000e+02     1.329674e-05     1.705464e-05     6.598980e-06
2.148000e+02     1.396707e-05     2.037152e-05     7.089744e-06
2.151000e+02     1.135459e-05     1.565896e-05     3.888640e-06
2.154000e+02     1.886700e-05     2.342406e-06     -6.882778e-07
2.157000e+02     2.121214e-05     -1.015382e-05     -5.442336e-06
2.160000e+02     1.955554e-05     -1.575192e-05     -9.279739e-06
2.163000e+02     1.337918e-05     -1.289029e-05     -1.086201e-05
2.166000e+02     5.416624e-06     -4.142361e-06     -9.891276e-06
2.169000e+02     -7.592064e-06     -2.489917e-06     -4.789902e-06
2.172000e+02     -1.945188e-05     -1.236856e-05     3.772674e-06
2.175000e+02     -1.850442e-05     -1.929674e-05     1.011641e-05
2.178000e+02     -1.326014e-05     -2.307513e-05     1.335015e-05
2.181000e+02     -1.166708e-05     -1.909368e-05     1.248400e-05
2.184000e+02     -9.619063e-06     -1.275712e-05     7.329990e-06
2.187000e+02     -1.048418e-05     -3.814687e-06     7.619424e-07
2.190000e+02     -4.621452e-06     6.560612e-06     -3.506189e-06
2.193000e+02     7.685397e-06     1.423167e-05     -3.748725e-06
2.196000e+02     1.518257e-05     2.603526e-05     -2.590486e-06
2.199000e+02     2.016450e-05     3.020191e-05     1.492240e-06
2.202000e+02     1.580975e-05     2.435473e-05     6.967509e-06
2.205000e+02     9.946035e-06     1.442502e-05     8.562071e-06
2.208000e+02     2.766647e-06     2.836009e-06     4.636514e-06
2.211000e+02     -8.513175e-07     -1.001933e-05     -1.068276e-07
2.214000e+02     -1.665247e-06     -1.632370e-05     -4.510240e-06
2.217000e+02     -6.299299e-06     -1.650698e-05     -5.386261e-06
2.220000e+02     -8.288134e-06     -1.558030e-05     -5.909501e-06
2.223000e+02     -1.066574e-05     -8.175298e-06     -7.383550e-06
2.226000e+02     -7.485865e-06     5.654005e-06     -7.718099e-06
2.229000e+02     -9.996125e-06     1.106083e-05     -4.395822e-06
2.232000e+02     -1.752690e-05     1.043716e-05     -7.137544e-07
2.235000e+02     -2.658798e-05     7.260655e-06     4.043535e-07
2.238000e+02     -2.765902e-05     3.487089e-06     -1.007303e-06
2.241000e+02     -1.559093e-05     2.111660e-06     -5.509109e-06
2.244000e+02     4.386703e-06     -2.994276e-06     -7.137684e-06
2.247000e+02     2.651374e-05     -9.148503e-06     -2.596389e-06
2.250000e+02     3.813648e-05     -1.199656e-05     4.134040e-06
2.253000e+02     3.726418e-05     -1.452979e-05     1.048751e-05
2.256000e+02     3.223622e-05     -8.150633e-06     1.305413e-05
2.259000e+02     2.301409e-05     -2.929943e-06     1.203920e-05
2.262000e+02     1.690234e-05     2.091179e-06     9.100288e-06
2.265000e+02     6.544896e-06     6.296576e-06     6.811314e-06
2.268000e+02     -5.930920e-06     1.330085e-05     2.617051e-06
2.271000e+02     -2.068882e-05     1.753922e-05     -8.636511e-07
2.274000e+02     -3.054606e-05     1.605648e-05     -4.215305e-06
2.277000e+02     -3.212946e-05     9.982667e-06     -7.701701e-06
2.280000e+02     -2.648556e-05     -5.922237e-07     -1.058092e-05
2.283000e+02     -1.780917e-05     -9.485460e-06     -1.270708e-05
2.286000e+02     -1.158921e-05     -1.108417e-05     -1.463320e-05
2.289000e+02     -7.578968e-08     -8.354343e-06     -1.329959e-05
2.292000e+02     1.554476e-05     -4.423217e-06     -5.867640e-06
2.295000e+02     2.147423e-05     -6.238690e-06     4.780272e-06
2.298000e+02     2.404270e-05     -9.911085e-06     1.379134e-05
2.301000e+02     1.662737e-05     -9.631641e-06     1.811704e-05
2.304000e+02     1.032230e-05     -9.435156e-06     1.692333e-05
2.307000e+02     -3.361552e-08     -6.742666e-06     1.316393e-05
2.310000e+02     -7.676567e-06     -2.433880e-06     7.074420e-06
2.313000e+02     -1.685096e-05     2.804127e-06     -8.427512e-07
2.316000e+02     -1.202421e-05     5.296167e-06     -7.795922e-06
2.319000e+02     -2.457878e-06     2.966809e-06     -1.118020e-05
2.322000e+02     1.019289e-05     -2.021375e-06     -1.049833e-05
2.325000e+02     1.949233e-05     -1.171532e-06     -7.983709e-06
2.328000e+02     1.983954e-05     7.883459e-07     -4.931029e-06
2.331000e+02     8.182849e-06     2.776049e-06     -2.442087e-06
2.334000e+02     -6.333721e-06     2.367142e-06     1.175993e-06
2.337000e+02     -2.449713e-05     4.372125e-06     4.994030e-06
2.340000e+02     -2.908079e-05     -8.886944e-07     6.699608e-06
2.343000e+02     -2.846855e-05     -2.447449e-06     7.688866e-06
2.346000e+02     -1.925116e-05     1.799009e-06     4.221230e-06
2.349000e+02     -8.192313e-06     1.305603e-06     2.825316e-06
2.352000e+02     8.926815e-07     1.036270e-05     -3.891126e-07
2.355000e+02     1.420632e-05     1.102477e-05     -2.131237e-06
2.358000e+02     1.587149e-05     4.040743e-06     -2.555510e-06
2.361000e+02     3.053560e-05     2.048043e-06     -1.917338e-06
2.364000e+02     2.797915e-05     -3.020901e-06     -2.567561e-06
2.367000e+02     2.233120e-05     -6.967687e-06     -5.691632e-06
2.370000e+02     8.834043e-06     -3.966395e-06     -6.418472e-06
2.373000e+02     -5.413600e-06     1.138286e-06     -4.278954e-06
2.376000e+02     -1.080905e-05     -7.145580e-08     9.397369e-08
2.379000e+02     -1.137563e-05     -3.168748e-06     3.813982e-06
2.382000e+02     -1.140107e-05     -7.564547e-06     5.855439e-06
2.385000e+02     -1.336549e-05     -1.369941e-05     5.767149e-06
2.388000e+02     -1.728210e-05     -1.198660e-05     3.284474e-06
2.391000e+02     -8.130551e-06     -1.169446e-05     6.899773e-07
2.394000e+02     -8.159566e-06     -6.430837e-06     1.771356e-06
2.397000e+02     1.362672e-06     -1.281722e-06     2.885505e-06
2.400000e+02     5.351875e-06     8.333246e-06     3.943358e-07
2.403000e+02     9.161904e-06     1.404512e-05     -2.215985e-06
2.406000e+02     1.382584e-05     2.081678e-05     -6.285299e-06
2.409000e+02     1.160767e-05     2.571453e-05     -7.087768e-06
2.412000e+02     1.473213e-05     1.721806e-05     -5.508958e-06
2.415000e+02     5.293195e-06     1.163076e-05     -5.031656e-06
2.418000e+02     -4.742810e-06     4.304523e-07     -3.863324e-06
2.421000e+02     -1.350847e-06     -1.132805e-05     -1.478030e-06
2.424000e+02     -1.613204e-06     -2.037466e-05     2.675445e-06
2.427000e+02     3.535030e-06     -2.292654e-05     7.189638e-06
2.430000e+02     1.468125e-05     -2.105498e-05     1.007041e-05
2.433000e+02     9.603953e-06     -1.411794e-05     1.176939e-05
2.436000e+02     6.655783e-09     -1.179054e-05     8.744620e-06
2.439000e+02     -1.587912e-06     -6.985472e-06     3.448609e-06
2.442000e+02     -1.301683e-05     -7.801128e-06     -1.541378e-06
2.445000e+02     -1.465134e-05     -1.886804e-06     -4.897753e-06
2.448000e+02     -1.395433e-05     3.499697e-06     -7.256314e-06
2.451000e+02     -1.222878e-05     7.005590e-06     -7.405638e-06
2.454000e+02     -8.654825e-06     9.396974e-06     -5.235189e-06
2.457000e+02     -7.904666e-07     7.305089e-06     -6.720669e-07
2.460000e+02     -9.550352e-06     1.137580e-06     1.911622e-06
2.463000e+02     -7.339002e-06     1.165808e-06     4.886560e-06
2.466000e+02     -5.077066e-06     2.712311e-06     7.305207e-06
2.469000e+02     -4.110636e-06     2.436414e-06     7.262335e-06
2.472000e+02     -5.601488e-06     8.990986e-06     6.071357e-06
2.475000e+02     7.371398e-06     1.404978e-05     4.272236e-06
2.478000e+02     8.871056e-06     1.453758e-05     5.403985e-07
2.481000e+02     1.679098e-05     7.102203e-06     -1.750330e-06
2.484000e+02     1.217776e-05     -4.224314e-07     -4.273245e-06
2.487000e+02     9.448546e-06     -6.486539e-06     -7.602426e-06
2.490000e+02     5.072208e-06     -9.529806e-06     -6.389881e-06
2.493000e+02     -1.438590e-06     -1.034359e-05     -3.924152e-06
2.496000e+02     -5.708968e-06     -8.676326e-06     -1.745804e-06
2.499000e+02     -1.018978e-05     -6.944518e-06     -1.558133e-06
2.502000e+02     -7.308482e-06     -7.716392e-07     -3.552754e-06
2.505000e+02     1.366789e-07     6.885835e-06     -4.110216e-06
2.508000e+02     7.571294e-06     5.740052e-06     -3.070956e-06
2.511000e+02     1.344457e-05     5.226550e-06     -7.063833e-07
2.514000e+02     1.386672e-05     2.169572e-07     3.841125e-06
2.517000e+02     1.196133e-05     -4.570550e-06     7.781283e-06
2.520000e+02     8.463129e-06     -8.429807e-06     9.325867e-06
2.523000e+02     1.073831e-06     -1.146529e-05     7.892489e-06
2.526000e+02     -4.681848e-06     -8.148121e-06     5.618600e-06
2.529000e+02     -1.500820e-05     -3.119277e-07     1.992900e-06
2.532000e+02     -2.374358e-05     5.989007e-06     -2.523076e-06
2.535000e+02     -2.541375e-05     9.823637e-06     -5.138179e-06
2.538000e+02     -2.563469e-05     1.310050e-05     -6.411469e-06
2.541000e+02     -1.878447e-05     1.060976e-05     -7.291991e-06
2.544000e+02     -2.861711e-06     5.556175e-06     -5.271664e-06
2.547000e+02     6.144988e-06     5.364723e-07     -1.478812e-06
2.550000e+02     1.433132e-05     -1.625713e-06     1.668544e-06
2.553000e+02     2.920738e-05     -2.760048e-06     3.040030e-06
2.556000e+02     2.529825e-05     3.975188e-07     3.021655e-06
2.559000e+02     2.480124e-05     -2.415908e-06     3.936184e-06
2.562000e+02     7.434707e-06     -3.305361e-07     3.603984e-06
2.565000e+02     1.054282e-06     -6.591632e-08     2.412273e-06
2.568000e+02     -4.404629e-06     -3.542266e-07     2.279786e-06
2.571000e+02     -3.189907e-06     -1.445778e-06     1.646739e-06
2.574000e+02     -3.111955e-06     -7.052967e-06     1.233412e-07
2.577000e+02     1.583322e-06     -1.139063e-05     2.776143e-07
2.580000e+02     1.232126e-06     -1.255411e-05     1.545946e-06
2.583000e+02     1.018897e-06     -1.104887e-05     3.174747e-06
2.586000e+02     -3.014573e-06     -6.243502e-06     2.854925e-06
2.589000e+02     -4.882161e-06     2.685258e-08     3.235812e-07
2.592000e+02     -8.801130e-06     4.305995e-06     -2.661812e-06
2.595000e+02     -1.030742e-05     7.572526e-06     -4.697969e-06
2.598000e+02     -1.082319e-05     1.117074e-05     -5.187720e-06
2.601000e+02     -5.151426e-06     1.039165e-05     -4.405865e-06
2.604000e+02     -5.641947e-06     7.629260e-06     -3.885001e-06
2.607000e+02     -6.879677e-06     6.809696e-06     -5.441688e-06
2.610000e+02     -3.225901e-06     1.900142e-06     -4.753323e-06
2.613000e+02     2.253379e-06     -2.630591e-06     -9.353762e-07
2.616000e+02     2.902641e-06     -4.646416e-06     3.819085e-06
2.619000e+02     7.061960e-06     -5.360220e-06     5.516359e-06
2.622000e+02     5.210864e-06     -4.050486e-06     2.949875e-06
2.625000e+02     1.018900e-06     -4.132286e-06     -4.313241e-08
2.628000e+02     -2.965900e-07     -6.444375e-06     -1.086238e-06
2.631000e+02     -1.314184e-06     -7.726161e-06     5.993918e-07
2.634000e+02     2.044294e-06     -6.856451e-06     4.330273e-06
2.637000e+02     3.796744e-06     -5.944365e-06     7.294929e-06
2.640000e+02     6.435466e-06     1.856194e-07     6.901280e-06
2.643000e+02     4.251810e-06     7.019964e-06     3.869960e-06
2.646000e+02     -1.176593e-06     1.518982e-05     4.145039e-07
2.649000e+02     -3.477117e-06     2.125703e-05     -2.323594e-06
2.652000e+02     -7.211092e-06     2.193408e-05     -4.726247e-06
2.655000e+02     -6.378415e-06     1.764452e-05     -4.026949e-06
2.658000e+02     -1.869872e-06     7.438689e-06     -2.325456e-06
2.661000e+02     3.175192e-06     -3.477127e-06     -1.887349e-07
2.664000e+02     5.408952e-06     -1.004105e-05     6.762381e-07
2.667000e+02     8.361704e-06     -1.464303e-05     1.362099e-06
2.670000e+02     9.287321e-06     -1.731016e-05     2.797987e-06
2.673000e+02     7.374160e-06     -1.732853e-05     3.215391e-06
2.676000e+02     3.041297e-06     -1.441503e-05     1.944675e-06
2.679000e+02     -2.743188e-06     -1.389438e-05     5.694949e-07
2.682000e+02     -9.309145e-06     -1.095136e-05     -4.294646e-07
2.685000e+02     -1.060135e-05     -7.774282e-06     -1.414165e-06
2.688000e+02     -7.164639e-06     -2.789354e-06     -2.462486e-06
2.691000e+02     -8.905369e-06     3.532426e-06     -3.089325e-06
2.694000e+02     -9.954736e-06     1.079897e-05     -3.389809e-06
2.697000e+02     -6.631757e-06     1.645464e-05     -2.551758e-06
2.700000e+02     -1.692445e-06     1.808897e-05     -7.149639e-07
2.703000e+02     3.580599e-07     1.780527e-05     1.604435e-06
2.706000e+02     7.630946e-06     1.355213e-05     5.341421e-06
2.709000e+02     1.246144e-05     8.660419e-06     8.045393e-06
2.712000e+02     1.509929e-05     4.189397e-06     7.757712e-06
2.715000e+02     1.924231e-05     5.930402e-07     4.392133e-06
2.718000e+02     1.905265e-05     -4.253274e-06     9.599848e-07
2.721000e+02     1.058504e-05     -7.982932e-06     -1.515219e-06
2.724000e+02     5.675813e-06     -1.403730e-05     -2.742721e-06
2.727000e+02     -9.901907e-06     -1.299289e-05     -3.919275e-06
2.730000e+02     -1.842695e-05     -1.038479e-05     -4.404028e-06
2.733000e+02     -2.405579e-05     -3.958061e-06     -4.484806e-06
2.736000e+02     -2.476501e-05     2.728258e-06     -3.683207e-06
2.739000e+02     -1.743734e-05     7.726120e-06     -1.952039e-06
2.742000e+02     -7.254720e-06     8.859549e-06     3.312340e-07
2.745000e+02     4.954293e-06     6.438389e-06     1.452302e-06
2.748000e+02     9.427852e-06     1.477536e-06     6.429462e-07
2.751000e+02     1.271814e-05     -4.535806e-06     -2.361364e-07
2.754000e+02     1.037254e-05     -7.610070e-06     -7.924373e-07
2.757000e+02     5.691320e-06     -1.031345e-05     -9.035874e-08
2.760000e+02     -1.142438e-06     -1.048823e-05     2.493821e-06
2.763000e+02     -4.581036e-06     -8.906731e-06     5.118723e-06
2.766000e+02     -1.005982e-05     -4.682715e-06     6.245689e-06
2.769000e+02     -1.510684e-05     3.251073e-07     5.474200e-06
2.772000e+02     -1.442203e-05     3.902519e-06     3.301415e-06
2.775000e+02     -1.091043e-05     6.507084e-06     1.286842e-06
2.778000e+02     1.218026e-06     8.162641e-06     -6.348884e-07
2.781000e+02     1.076673e-05     1.069435e-05     -2.472604e-06
2.784000e+02     1.625374e-05     1.137216e-05     -3.648816e-06
2.787000e+02     1.724663e-05     1.127957e-05     -3.794900e-06
2.790000e+02     1.511709e-05     9.436648e-06     -2.682322e-06
2.793000e+02     1.364154e-05     7.024999e-06     -1.825922e-06
2.796000e+02     1.125315e-05     3.462195e-06     -8.448138e-07
2.799000e+02     8.093509e-06     -8.732032e-07     -1.418459e-06
2.802000e+02     1.358017e-06     -5.517334e-06     -1.890087e-06
2.805000e+02     -4.699900e-06     -9.046605e-06     -2.095630e-06
2.808000e+02     -8.045232e-06     -1.049487e-05     -2.025097e-06
2.811000e+02     -8.628315e-06     -1.316273e-05     -1.502682e-06
2.814000e+02     -9.999464e-06     -1.432594e-05     -9.298004e-07
2.817000e+02     -1.409370e-05     -1.097851e-05     2.080312e-07
2.820000e+02     -1.483892e-05     -6.069115e-06     1.650732e-06
2.823000e+02     -1.522725e-05     -1.584967e-07     3.134870e-06
2.826000e+02     -8.509547e-06     3.628500e-06     3.490042e-06
2.829000e+02     -2.667978e-06     8.190320e-06     2.738762e-06
2.832000e+02     7.886111e-06     1.096017e-05     1.354245e-06
2.835000e+02     1.346893e-05     1.219809e-05     5.667713e-07
2.838000e+02     1.198065e-05     1.269959e-05     1.487768e-06
2.841000e+02     1.184513e-05     8.802602e-06     3.750973e-06
2.844000e+02     9.196442e-06     5.047268e-06     5.428981e-06
2.847000e+02     7.720185e-06     1.873031e-06     6.032318e-06
2.850000e+02     5.908896e-06     8.926728e-07     4.525021e-06
2.853000e+02     1.794491e-06     -7.643869e-07     1.864784e-06
2.856000e+02     -7.756870e-07     -1.504128e-06     -6.131425e-07
2.859000e+02     -6.539785e-07     -5.033974e-07     -3.034033e-06
2.862000e+02     -1.103700e-06     -2.193113e-06     -4.721100e-06
2.865000e+02     -4.742883e-06     -3.327977e-06     -5.503934e-06
2.868000e+02     -9.843299e-06     -3.799680e-06     -5.161616e-06
2.871000e+02     -1.410687e-05     -4.741369e-06     -2.758796e-06
2.874000e+02     -1.293787e-05     -6.792737e-06     8.993801e-07
2.877000e+02     -9.757710e-06     -8.449144e-06     4.360429e-06
2.880000e+02     -4.048551e-06     -9.493310e-06     5.750105e-06
2.883000e+02     -2.393690e-06     -7.934074e-06     4.243980e-06
2.886000e+02     -2.542195e-06     -4.619835e-06     1.485190e-06
2.889000e+02     -5.609804e-06     -1.216182e-06     -8.654154e-07
2.892000e+02     -7.029780e-06     3.451759e-06     -1.511964e-06
2.895000e+02     -1.864101e-06     5.211444e-06     4.004186e-07
2.898000e+02     7.104795e-06     6.311386e-06     1.989300e-06
2.901000e+02     1.437795e-05     7.937612e-06     1.912283e-06
2.904000e+02     1.952854e-05     6.402186e-06     1.057644e-06
2.907000e+02     2.030293e-05     5.078839e-06     -1.188314e-06
2.910000e+02     1.501224e-05     3.864081e-06     -3.870731e-06
2.913000e+02     8.865758e-06     2.302277e-06     -5.832751e-06
2.916000e+02     2.287330e-06     3.589366e-07     -6.217552e-06
2.919000e+02     -5.229300e-06     9.694236e-07     -5.998867e-06
2.922000e+02     -1.340542e-05     2.600602e-06     -5.408485e-06
2.925000e+02     -1.714400e-05     2.582096e-06     -4.157703e-06
2.928000e+02     -1.744300e-05     2.044765e-06     -2.213510e-06
2.931000e+02     -1.260065e-05     -2.123657e-06     1.091618e-06
2.934000e+02     -8.111555e-06     -6.774063e-06     4.592512e-06
2.937000e+02     -2.926340e-06     -1.047508e-05     7.834126e-06
2.940000e+02     2.016192e-06     -1.206266e-05     1.024854e-05
2.943000e+02     4.437369e-06     -1.135269e-05     1.081371e-05
2.946000e+02     4.255476e-06     -7.181859e-06     9.374292e-06
2.949000e+02     4.876532e-06     1.896202e-07     6.525249e-06
2.952000e+02     7.494902e-06     7.011241e-06     3.255475e-06
2.955000e+02     9.664752e-06     1.134165e-05     9.990564e-08
2.958000e+02     1.048622e-05     1.118852e-05     -2.172967e-06
2.961000e+02     8.735303e-06     7.992687e-06     -3.957125e-06
2.964000e+02     6.718542e-06     3.221801e-06     -4.788967e-06
2.967000e+02     2.893194e-06     -1.226541e-06     -4.558981e-06
2.970000e+02     -2.793334e-06     -3.003725e-06     -3.779370e-06
2.973000e+02     -7.613731e-06     -3.727464e-06     -2.626715e-06
2.976000e+02     -1.163475e-05     -3.570820e-06     -2.051309e-06
2.979000e+02     -1.416559e-05     -1.757468e-06     -1.451719e-06
2.982000e+02     -1.068278e-05     -1.240397e-06     -6.929410e-07
2.985000e+02     -7.858376e-06     -5.535637e-07     -6.235917e-07
2.988000e+02     -2.639169e-06     7.170341e-07     -1.391093e-06
2.991000e+02     2.124512e-06     2.269876e-06     -2.610636e-06
2.994000e+02     5.855626e-06     2.262242e-06     -3.204915e-06
2.997000e+02     8.326429e-06     1.204923e-06     -2.076730e-06
3.000000e+02     8.645867e-06     -4.832091e-07     4.997579e-07
3.003000e+02     6.913777e-06     -7.901194e-07     3.280604e-06
3.006000e+02     4.948769e-06     2.092144e-06     5.139235e-06
3.009000e+02     1.669751e-06     4.599146e-06     5.804286e-06
3.012000e+02     -8.476993e-08     5.864932e-06     5.561996e-06
3.015000e+02     -2.137745e-06     6.769750e-06     4.786955e-06
3.018000e+02     -3.657366e-06     6.256633e-06     3.820843e-06
3.021000e+02     -1.958313e-06     5.319906e-06     2.799014e-06
3.024000e+02     1.750702e-06     4.712277e-06     2.108661e-06
3.027000e+02     5.592257e-06     2.774103e-06     1.693579e-06
3.030000e+02     7.275854e-06     -4.738402e-07     7.787203e-07
3.033000e+02     7.596766e-06     -3.838041e-06     -5.645173e-07
3.036000e+02     6.342488e-06     -5.494650e-06     -1.906739e-06
3.039000e+02     4.737922e-06     -6.411665e-06     -2.621158e-06
3.042000e+02     1.880983e-06     -5.387909e-06     -3.659211e-06
3.045000e+02     -5.017131e-06     -3.758693e-06     -4.494741e-06
3.048000e+02     -1.165171e-05     -3.410490e-06     -4.818081e-06
3.051000e+02     -1.755692e-05     -2.906363e-06     -4.161007e-06
3.054000e+02     -1.972275e-05     -1.357179e-06     -2.366852e-06
3.057000e+02     -1.674140e-05     -1.293160e-06     1.835217e-08
3.060000e+02     -1.120579e-05     -2.051292e-06     1.683329e-06
3.063000e+02     -3.331520e-06     -3.354177e-06     2.104529e-06
3.066000e+02     4.095669e-06     -3.522813e-06     1.915733e-06
3.069000e+02     1.162622e-05     -2.003903e-06     1.835665e-06
