  0.00000E+00  0.74928E-12 -0.54454E-12  0.76298E-12
  0.30000E+00  0.58384E-11 -0.44016E-11  0.61748E-11
  0.60000E+00  0.22750E-10 -0.18397E-10  0.25882E-10
  0.90000E+00  0.61298E-10 -0.54026E-10  0.76703E-10
  0.12000E+01  0.13283E-09 -0.12659E-09  0.18309E-09
  0.15000E+01  0.25178E-09 -0.25330E-09  0.37677E-09
  0.18000E+01  0.43632E-09 -0.45075E-09  0.69510E-09
  0.21000E+01  0.70665E-09 -0.73229E-09  0.11782E-08
  0.24000E+01  0.10823E-08 -0.11058E-08  0.18656E-08
  0.27000E+01  0.15805E-08 -0.15727E-08  0.27934E-08
  0.30000E+01  0.22144E-08 -0.21271E-08  0.39924E-08
  0.33000E+01  0.29921E-08 -0.27570E-08  0.54867E-08
  0.36000E+01  0.39146E-08 -0.34456E-08  0.72914E-08
  0.39000E+01  0.49740E-08 -0.41723E-08  0.94102E-08
  0.42000E+01  0.61514E-08 -0.49101E-08  0.11832E-07
  0.45000E+01  0.74138E-08 -0.56233E-08  0.14529E-07
  0.48000E+01  0.87145E-08 -0.62660E-08  0.17453E-07
  0.51000E+01  0.10000E-07 -0.67854E-08  0.20540E-07
  0.54000E+01  0.11219E-07 -0.71254E-08  0.23708E-07
  0.57000E+01  0.12330E-07 -0.72310E-08  0.26865E-07
  0.60000E+01  0.13301E-07 -0.70499E-08  0.29909E-07
  0.63000E+01  0.14113E-07 -0.65355E-08  0.32736E-07
  0.66000E+01  0.14754E-07 -0.56488E-08  0.35242E-07
  0.69000E+01  0.15215E-07 -0.43611E-08  0.37323E-07
  0.72000E+01  0.15493E-07 -0.26555E-08  0.38880E-07
  0.75000E+01  0.15579E-07 -0.52659E-09  0.39814E-07
  0.78000E+01  0.15465E-07  0.20221E-08  0.40036E-07
  0.81000E+01  0.15139E-07  0.49805E-08  0.39462E-07
  0.84000E+01  0.14586E-07  0.83343E-08  0.38020E-07
  0.87000E+01  0.13789E-07  0.12064E-07  0.35647E-07
  0.90000E+01  0.12732E-07  0.16147E-07  0.32297E-07
  0.93000E+01  0.11400E-07  0.20550E-07  0.27942E-07
  0.96000E+01  0.97799E-08  0.25235E-07  0.22574E-07
  0.99000E+01  0.78639E-08  0.30151E-07  0.16205E-07
  0.10200E+02  0.56472E-08  0.35234E-07  0.88687E-08
  0.10500E+02  0.31287E-08  0.40406E-07  0.61803E-09
  0.10800E+02  0.31132E-09  0.45574E-07 -0.84729E-08
  0.11100E+02 -0.27983E-08  0.50632E-07 -0.18314E-07
  0.11400E+02 -0.61896E-08  0.55467E-07 -0.28799E-07
  0.11700E+02 -0.98483E-08  0.59969E-07 -0.39813E-07
  0.12000E+02 -0.13756E-07  0.64026E-07 -0.51230E-07
  0.12300E+02 -0.17887E-07  0.67539E-07 -0.62916E-07
  0.12600E+02 -0.22211E-07  0.70416E-07 -0.74732E-07
  0.12900E+02 -0.26688E-07  0.72576E-07 -0.86532E-07
  0.13200E+02 -0.31271E-07  0.73950E-07 -0.98171E-07
  0.13500E+02 -0.35906E-07  0.74483E-07 -0.10950E-06
  0.13800E+02 -0.40536E-07  0.74128E-07 -0.12039E-06
  0.14100E+02 -0.45096E-07  0.72855E-07 -0.13068E-06
  0.14400E+02 -0.49520E-07  0.70648E-07 -0.14025E-06
  0.14700E+02 -0.53738E-07  0.67501E-07 -0.14894E-06
  0.15000E+02 -0.57685E-07  0.63425E-07 -0.15664E-06
  0.15300E+02 -0.61297E-07  0.58437E-07 -0.16320E-06
  0.15600E+02 -0.64522E-07  0.52560E-07 -0.16849E-06
  0.15900E+02 -0.67315E-07  0.45826E-07 -0.17240E-06
  0.16200E+02 -0.69636E-07  0.38272E-07 -0.17482E-06
  0.16500E+02 -0.71452E-07  0.29941E-07 -0.17564E-06
  0.16800E+02 -0.72728E-07  0.20885E-07 -0.17479E-06
  0.17100E+02 -0.73435E-07  0.11163E-07 -0.17219E-06
  0.17400E+02 -0.73545E-07  0.84328E-09 -0.16779E-06
  0.17700E+02 -0.73036E-07 -0.99937E-08 -0.16156E-06
  0.18000E+02 -0.71890E-07 -0.21258E-07 -0.15348E-06
  0.18300E+02 -0.70092E-07 -0.32848E-07 -0.14355E-06
  0.18600E+02 -0.67634E-07 -0.44657E-07 -0.13181E-06
  0.18900E+02 -0.64510E-07 -0.56569E-07 -0.11832E-06
  0.19200E+02 -0.60717E-07 -0.68467E-07 -0.10315E-06
  0.19500E+02 -0.56255E-07 -0.80229E-07 -0.86411E-07
  0.19800E+02 -0.51130E-07 -0.91733E-07 -0.68212E-07
  0.20100E+02 -0.45356E-07 -0.10285E-06 -0.48690E-07
  0.20400E+02 -0.38955E-07 -0.11348E-06 -0.27992E-07
  0.20700E+02 -0.31962E-07 -0.12348E-06 -0.62782E-08
  0.21000E+02 -0.24424E-07 -0.13278E-06  0.16279E-07
  0.21300E+02 -0.16393E-07 -0.14127E-06  0.39501E-07
  0.21600E+02 -0.79354E-08 -0.14886E-06  0.63197E-07
  0.21900E+02  0.87733E-09 -0.15551E-06  0.87173E-07
  0.22200E+02  0.99670E-08 -0.16114E-06  0.11123E-06
  0.22500E+02  0.19253E-07 -0.16572E-06  0.13515E-06
  0.22800E+02  0.28652E-07 -0.16920E-06  0.15875E-06
  0.23100E+02  0.38081E-07 -0.17156E-06  0.18179E-06
  0.23400E+02  0.47458E-07 -0.17274E-06  0.20408E-06
  0.23700E+02  0.56701E-07 -0.17273E-06  0.22540E-06
  0.24000E+02  0.65730E-07 -0.17149E-06  0.24556E-06
  0.24300E+02  0.74465E-07 -0.16898E-06  0.26435E-06
  0.24600E+02  0.82832E-07 -0.16520E-06  0.28158E-06
  0.24900E+02  0.90761E-07 -0.16012E-06  0.29709E-06
  0.25200E+02  0.98187E-07 -0.15375E-06  0.31070E-06
  0.25500E+02  0.10505E-06 -0.14611E-06  0.32229E-06
  0.25800E+02  0.11130E-06 -0.13721E-06  0.33171E-06
  0.26100E+02  0.11690E-06 -0.12710E-06  0.33886E-06
  0.26400E+02  0.12181E-06 -0.11583E-06  0.34367E-06
  0.26700E+02  0.12599E-06 -0.10347E-06  0.34605E-06
  0.27000E+02  0.12940E-06 -0.90120E-07  0.34595E-06
  0.27300E+02  0.13202E-06 -0.75871E-07  0.34334E-06
  0.27600E+02  0.13381E-06 -0.60843E-07  0.33821E-06
  0.27900E+02  0.13472E-06 -0.45162E-07  0.33055E-06
  0.28200E+02  0.13472E-06 -0.28965E-07  0.32038E-06
  0.28500E+02  0.13377E-06 -0.12392E-07  0.30775E-06
  0.28800E+02  0.13184E-06  0.44147E-08  0.29270E-06
  0.29100E+02  0.12891E-06  0.21317E-07  0.27533E-06
  0.29400E+02  0.12499E-06  0.38181E-07  0.25573E-06
  0.29700E+02  0.12007E-06  0.54880E-07  0.23404E-06
  0.30000E+02  0.11419E-06  0.71291E-07  0.21038E-06
  0.30300E+02  0.10738E-06  0.87298E-07  0.18494E-06
  0.30600E+02  0.99705E-07  0.10279E-06  0.15790E-06
  0.30900E+02  0.91220E-07  0.11766E-06  0.12947E-06
  0.31200E+02  0.82014E-07  0.13180E-06  0.99855E-07
  0.31500E+02  0.72186E-07  0.14512E-06  0.69299E-07
  0.31800E+02  0.61848E-07  0.15752E-06  0.38041E-07
  0.32100E+02  0.51121E-07  0.16894E-06  0.63337E-08
  0.32400E+02  0.40131E-07  0.17928E-06 -0.25566E-07
  0.32700E+02  0.29008E-07  0.18849E-06 -0.57399E-07
  0.33000E+02  0.17878E-07  0.19652E-06 -0.88901E-07
  0.33300E+02  0.68626E-08  0.20333E-06 -0.11982E-06
  0.33600E+02 -0.39239E-08  0.20888E-06 -0.14989E-06
  0.33900E+02 -0.14380E-07  0.21315E-06 -0.17887E-06
  0.34200E+02 -0.24417E-07  0.21614E-06 -0.20654E-06
  0.34500E+02 -0.33963E-07  0.21783E-06 -0.23266E-06
  0.34800E+02 -0.42963E-07  0.21823E-06 -0.25705E-06
  0.35100E+02 -0.51377E-07  0.21737E-06 -0.27951E-06
  0.35400E+02 -0.59181E-07  0.21527E-06 -0.29989E-06
  0.35700E+02 -0.66365E-07  0.21196E-06 -0.31804E-06
  0.36000E+02 -0.72926E-07  0.20750E-06 -0.33384E-06
  0.36300E+02 -0.78872E-07  0.20194E-06 -0.34719E-06
  0.36600E+02 -0.84208E-07  0.19532E-06 -0.35800E-06
  0.36900E+02 -0.88937E-07  0.18769E-06 -0.36622E-06
  0.37200E+02 -0.93041E-07  0.17905E-06 -0.37172E-06
  0.37500E+02 -0.96449E-07  0.16933E-06 -0.37426E-06
  0.37800E+02 -0.99017E-07  0.15831E-06 -0.37349E-06
  0.38100E+02 -0.10053E-06  0.14563E-06 -0.36904E-06
  0.38400E+02 -0.10073E-06  0.13089E-06 -0.36058E-06
  0.38700E+02 -0.99377E-07  0.11372E-06 -0.34798E-06
  0.39000E+02 -0.96302E-07  0.93861E-07 -0.33131E-06
  0.39300E+02 -0.91421E-07  0.71263E-07 -0.31087E-06
  0.39600E+02 -0.84766E-07  0.46090E-07 -0.28714E-06
  0.39900E+02 -0.76461E-07  0.18688E-07 -0.26070E-06
  0.40200E+02 -0.66697E-07 -0.10463E-07 -0.23215E-06
  0.40500E+02 -0.55735E-07 -0.40765E-07 -0.20219E-06
  0.40800E+02 -0.43918E-07 -0.71486E-07 -0.17160E-06
  0.41100E+02 -0.31673E-07 -0.10178E-06 -0.14116E-06
  0.41400E+02 -0.19475E-07 -0.13074E-06 -0.11160E-06
  0.41700E+02 -0.78071E-08 -0.15752E-06 -0.83490E-07
  0.42000E+02  0.29140E-08 -0.18144E-06 -0.57176E-07
  0.42300E+02  0.12428E-07 -0.20214E-06 -0.32644E-07
  0.42600E+02  0.20703E-07 -0.21969E-06 -0.95741E-08
  0.42900E+02  0.27890E-07 -0.23451E-06  0.12360E-07
  0.43200E+02  0.34178E-07 -0.24710E-06  0.33202E-07
  0.43500E+02  0.39664E-07 -0.25777E-06  0.52749E-07
  0.43800E+02  0.44310E-07 -0.26662E-06  0.70700E-07
  0.44100E+02  0.47970E-07 -0.27353E-06  0.86755E-07
  0.44400E+02  0.50463E-07 -0.27828E-06  0.10075E-06
  0.44700E+02  0.51640E-07 -0.28070E-06  0.11262E-06
  0.45000E+02  0.51384E-07 -0.28063E-06  0.12224E-06
  0.45300E+02  0.49569E-07 -0.27785E-06  0.12929E-06
  0.45600E+02  0.46038E-07 -0.27205E-06  0.13336E-06
  0.45900E+02  0.40602E-07 -0.26285E-06  0.13403E-06
  0.46200E+02  0.33067E-07 -0.24985E-06  0.13099E-06
  0.46500E+02  0.23294E-07 -0.23274E-06  0.12412E-06
  0.46800E+02  0.11241E-07 -0.21137E-06  0.11347E-06
  0.47100E+02 -0.30515E-08 -0.18572E-06  0.99153E-07
  0.47400E+02 -0.19488E-07 -0.15589E-06  0.81282E-07
  0.47700E+02 -0.37915E-07 -0.12206E-06  0.60053E-07
  0.48000E+02 -0.58115E-07 -0.84497E-07  0.35709E-07
  0.48300E+02 -0.79829E-07 -0.43521E-07  0.84119E-08
  0.48600E+02 -0.10282E-06  0.59435E-09 -0.21760E-07
  0.48900E+02 -0.12690E-06  0.47637E-07 -0.54672E-07
  0.49200E+02 -0.15189E-06  0.97394E-07 -0.90097E-07
  0.49500E+02 -0.17761E-06  0.14958E-06 -0.12785E-06
  0.49800E+02 -0.20380E-06  0.20381E-06 -0.16780E-06
  0.50100E+02 -0.23020E-06  0.25962E-06 -0.20969E-06
  0.50400E+02 -0.25648E-06  0.31648E-06 -0.25297E-06
  0.50700E+02 -0.28225E-06  0.37372E-06 -0.29690E-06
  0.51000E+02 -0.30707E-06  0.43053E-06 -0.34060E-06
  0.51300E+02 -0.33042E-06  0.48599E-06 -0.38302E-06
  0.51600E+02 -0.35176E-06  0.53910E-06 -0.42303E-06
  0.51900E+02 -0.37056E-06  0.58884E-06 -0.45958E-06
  0.52200E+02 -0.38630E-06  0.63421E-06 -0.49165E-06
  0.52500E+02 -0.39848E-06  0.67422E-06 -0.51817E-06
  0.52800E+02 -0.40671E-06  0.70792E-06 -0.53804E-06
  0.53100E+02 -0.41074E-06  0.73453E-06 -0.55024E-06
  0.53400E+02 -0.41043E-06  0.75337E-06 -0.55376E-06
  0.53700E+02 -0.40571E-06  0.76382E-06 -0.54754E-06
  0.54000E+02 -0.39652E-06  0.76526E-06 -0.53055E-06
  0.54300E+02 -0.38276E-06  0.75703E-06 -0.50185E-06
  0.54600E+02 -0.36428E-06  0.73831E-06 -0.46055E-06
  0.54900E+02 -0.34083E-06  0.70817E-06 -0.40591E-06
  0.55200E+02 -0.31208E-06  0.66556E-06 -0.33747E-06
  0.55500E+02 -0.27763E-06  0.60953E-06 -0.25505E-06
  0.55800E+02 -0.23705E-06  0.53933E-06 -0.15881E-06
  0.56100E+02 -0.18997E-06  0.45452E-06 -0.49356E-07
  0.56400E+02 -0.13618E-06  0.35514E-06  0.72143E-07
  0.56700E+02 -0.75693E-07  0.24174E-06  0.20401E-06
  0.57000E+02 -0.87915E-08  0.11545E-06  0.34407E-06
  0.57300E+02  0.63969E-07 -0.22007E-07  0.48973E-06
  0.57600E+02  0.14176E-06 -0.16834E-06  0.63814E-06
  0.57900E+02  0.22347E-06 -0.32073E-06  0.78626E-06
  0.58200E+02  0.30768E-06 -0.47597E-06  0.93104E-06
  0.58500E+02  0.39272E-06 -0.63054E-06  0.10695E-05
  0.58800E+02  0.47681E-06 -0.78085E-06  0.11991E-05
  0.59100E+02  0.55818E-06 -0.92340E-06  0.13172E-05
  0.59400E+02  0.63522E-06 -0.10550E-05  0.14223E-05
  0.59700E+02  0.70652E-06 -0.11731E-05  0.15127E-05
  0.60000E+02  0.77097E-06 -0.12758E-05  0.15879E-05
  0.60300E+02  0.82775E-06 -0.13619E-05  0.16475E-05
  0.60600E+02  0.87639E-06 -0.14310E-05  0.16915E-05
  0.60900E+02  0.91677E-06 -0.14835E-05  0.17203E-05
  0.61200E+02  0.94906E-06 -0.15199E-05  0.17343E-05
  0.61500E+02  0.97359E-06 -0.15413E-05  0.17341E-05
  0.61800E+02  0.99080E-06 -0.15485E-05  0.17200E-05
  0.62100E+02  0.10012E-05 -0.15425E-05  0.16923E-05
  0.62400E+02  0.10052E-05 -0.15240E-05  0.16509E-05
  0.62700E+02  0.10033E-05 -0.14937E-05  0.15960E-05
  0.63000E+02  0.99602E-06 -0.14521E-05  0.15274E-05
  0.63300E+02  0.98367E-06 -0.13994E-05  0.14452E-05
  0.63600E+02  0.96667E-06 -0.13356E-05  0.13493E-05
  0.63900E+02  0.94536E-06 -0.12605E-05  0.12399E-05
  0.64200E+02  0.92010E-06 -0.11736E-05  0.11173E-05
  0.64500E+02  0.89114E-06 -0.10746E-05  0.98189E-06
  0.64800E+02  0.85854E-06 -0.96293E-06  0.83440E-06
  0.65100E+02  0.82204E-06 -0.83800E-06  0.67532E-06
  0.65400E+02  0.78104E-06 -0.69978E-06  0.50494E-06
  0.65700E+02  0.73479E-06 -0.54885E-06  0.32320E-06
  0.66000E+02  0.68243E-06 -0.38638E-06  0.12968E-06
  0.66300E+02  0.62309E-06 -0.21388E-06 -0.76270E-07
  0.66600E+02  0.55587E-06 -0.33020E-07 -0.29523E-06
  0.66900E+02  0.47983E-06  0.15461E-06 -0.52728E-06
  0.67200E+02  0.39416E-06  0.34752E-06 -0.77168E-06
  0.67500E+02  0.29840E-06  0.54398E-06 -0.10266E-05
  0.67800E+02  0.19269E-06  0.74151E-06 -0.12891E-05
  0.68100E+02  0.77879E-07  0.93663E-06 -0.15551E-05
  0.68400E+02 -0.44576E-07  0.11250E-05 -0.18200E-05
  0.68700E+02 -0.17286E-06  0.13018E-05 -0.20788E-05
  0.69000E+02 -0.30505E-06  0.14625E-05 -0.23270E-05
  0.69300E+02 -0.43926E-06  0.16027E-05 -0.25606E-05
  0.69600E+02 -0.57362E-06  0.17186E-05 -0.27766E-05
  0.69900E+02 -0.70629E-06  0.18076E-05 -0.29723E-05
  0.70200E+02 -0.83547E-06  0.18688E-05 -0.31451E-05
  0.70500E+02 -0.95944E-06  0.19025E-05 -0.32920E-05
  0.70800E+02 -0.10766E-05  0.19102E-05 -0.34094E-05
  0.71100E+02 -0.11856E-05  0.18946E-05 -0.34932E-05
  0.71400E+02 -0.12853E-05  0.18588E-05 -0.35389E-05
  0.71700E+02 -0.13753E-05  0.18062E-05 -0.35425E-05
  0.72000E+02 -0.14552E-05  0.17393E-05 -0.35005E-05
  0.72300E+02 -0.15250E-05  0.16596E-05 -0.34106E-05
  0.72600E+02 -0.15849E-05  0.15674E-05 -0.32723E-05
  0.72900E+02 -0.16355E-05  0.14624E-05 -0.30870E-05
  0.73200E+02 -0.16779E-05  0.13446E-05 -0.28580E-05
  0.73500E+02 -0.17136E-05  0.12150E-05 -0.25906E-05
  0.73800E+02 -0.17439E-05  0.10751E-05 -0.22905E-05
  0.74100E+02 -0.17702E-05  0.92724E-06 -0.19637E-05
  0.74400E+02 -0.17946E-05  0.77353E-06 -0.16152E-05
  0.74700E+02 -0.18196E-05  0.61551E-06 -0.12486E-05
  0.75000E+02 -0.18476E-05  0.45322E-06 -0.86663E-06
  0.75300E+02 -0.18804E-05  0.28551E-06 -0.47178E-06
  0.75600E+02 -0.19186E-05  0.11111E-06 -0.67308E-07
  0.75900E+02 -0.19625E-05 -0.70190E-07  0.34256E-06
  0.76200E+02 -0.20116E-05 -0.25726E-06  0.75300E-06
  0.76500E+02 -0.20661E-05 -0.44760E-06  0.11592E-05
  0.76800E+02 -0.21250E-05 -0.63752E-06  0.15568E-05
  0.77100E+02 -0.21864E-05 -0.82249E-06  0.19427E-05
  0.77400E+02 -0.22464E-05 -0.99792E-06  0.23147E-05
  0.77700E+02 -0.22997E-05 -0.11599E-05  0.26712E-05
  0.78000E+02 -0.23400E-05 -0.13050E-05  0.30095E-05
  0.78300E+02 -0.23602E-05 -0.14300E-05  0.33253E-05
  0.78600E+02 -0.23532E-05 -0.15309E-05  0.36127E-05
  0.78900E+02 -0.23119E-05 -0.16026E-05  0.38650E-05
  0.79200E+02 -0.22294E-05 -0.16403E-05  0.40761E-05
  0.79500E+02 -0.21001E-05 -0.16394E-05  0.42417E-05
  0.79800E+02 -0.19193E-05 -0.15967E-05  0.43598E-05
  0.80100E+02 -0.16831E-05 -0.15113E-05  0.44297E-05
  0.80400E+02 -0.13880E-05 -0.13839E-05  0.44506E-05
  0.80700E+02 -0.10315E-05 -0.12169E-05  0.44210E-05
  0.81000E+02 -0.61251E-06 -0.10133E-05  0.43386E-05
  0.81300E+02 -0.13187E-06 -0.77647E-06  0.42014E-05
  0.81600E+02  0.40708E-06 -0.51021E-06  0.40093E-05
  0.81900E+02  0.99838E-06 -0.21839E-06  0.37642E-05
  0.82200E+02  0.16335E-05  0.94308E-07  0.34699E-05
  0.82500E+02  0.23017E-05  0.42162E-06  0.31312E-05
  0.82800E+02  0.29902E-05  0.75571E-06  0.27523E-05
  0.83100E+02  0.36849E-05  0.10877E-05  0.23364E-05
  0.83400E+02  0.43716E-05  0.14083E-05  0.18865E-05
  0.83700E+02  0.50363E-05  0.17080E-05  0.14062E-05
  0.84000E+02  0.56653E-05  0.19780E-05  0.90007E-06
  0.84300E+02  0.62454E-05  0.22097E-05  0.37464E-06
  0.84600E+02  0.67634E-05  0.23950E-05 -0.16260E-06
  0.84900E+02  0.72070E-05  0.25267E-05 -0.70368E-06
  0.85200E+02  0.75648E-05  0.25991E-05 -0.12405E-05
  0.85500E+02  0.78277E-05  0.26083E-05 -0.17649E-05
  0.85800E+02  0.79884E-05  0.25524E-05 -0.22685E-05
  0.86100E+02  0.80427E-05  0.24314E-05 -0.27426E-05
  0.86400E+02  0.79890E-05  0.22473E-05 -0.31790E-05
  0.86700E+02  0.78281E-05  0.20042E-05 -0.35704E-05
  0.87000E+02  0.75626E-05  0.17078E-05 -0.39108E-05
  0.87300E+02  0.71962E-05  0.13653E-05 -0.41957E-05
  0.87600E+02  0.67331E-05  0.98526E-06 -0.44215E-05
  0.87900E+02  0.61786E-05  0.57678E-06 -0.45854E-05
  0.88200E+02  0.55387E-05  0.14963E-06 -0.46853E-05
  0.88500E+02  0.48203E-05 -0.28658E-06 -0.47204E-05
  0.88800E+02  0.40310E-05 -0.72303E-06 -0.46915E-05
  0.89100E+02  0.31791E-05 -0.11517E-05 -0.46015E-05
  0.89400E+02  0.22740E-05 -0.15654E-05 -0.44549E-05
  0.89700E+02  0.13259E-05 -0.19586E-05 -0.42570E-05
  0.90000E+02  0.34574E-06 -0.23273E-05 -0.40134E-05
  0.90300E+02 -0.65493E-06 -0.26692E-05 -0.37297E-05
  0.90600E+02 -0.16635E-05 -0.29839E-05 -0.34115E-05
  0.90900E+02 -0.26665E-05 -0.32717E-05 -0.30637E-05
  0.91200E+02 -0.36494E-05 -0.35332E-05 -0.26905E-05
  0.91500E+02 -0.45977E-05 -0.37685E-05 -0.22946E-05
  0.91800E+02 -0.54969E-05 -0.39765E-05 -0.18772E-05
  0.92100E+02 -0.63330E-05 -0.41546E-05 -0.14384E-05
  0.92400E+02 -0.70936E-05 -0.42983E-05 -0.97837E-06
  0.92700E+02 -0.77687E-05 -0.44016E-05 -0.49789E-06
  0.93000E+02 -0.83510E-05 -0.44574E-05  0.73669E-09
  0.93300E+02 -0.88362E-05 -0.44587E-05  0.51354E-06
  0.93600E+02 -0.92222E-05 -0.43986E-05  0.10347E-05
  0.93900E+02 -0.95088E-05 -0.42722E-05  0.15562E-05
  0.94200E+02 -0.96972E-05 -0.40774E-05  0.20683E-05
  0.94500E+02 -0.97891E-05 -0.38149E-05  0.25589E-05
  0.94800E+02 -0.97868E-05 -0.34892E-05  0.30153E-05
  0.95100E+02 -0.96922E-05 -0.31073E-05  0.34252E-05
  0.95400E+02 -0.95064E-05 -0.26791E-05  0.37782E-05
  0.95700E+02 -0.92298E-05 -0.22162E-05  0.40669E-05
  0.96000E+02 -0.88621E-05 -0.17304E-05  0.42876E-05
  0.96300E+02 -0.84028E-05 -0.12327E-05  0.44399E-05
  0.96600E+02 -0.78525E-05 -0.73135E-06  0.45267E-05
  0.96900E+02 -0.72137E-05 -0.23121E-06  0.45530E-05
  0.97200E+02 -0.64912E-05  0.26665E-06  0.45257E-05
  0.97500E+02 -0.56925E-05  0.76417E-06  0.44512E-05
  0.97800E+02 -0.48275E-05  0.12649E-05  0.43347E-05
  0.98100E+02 -0.39081E-05  0.17722E-05  0.41784E-05
  0.98400E+02 -0.29481E-05  0.22882E-05  0.39821E-05
  0.98700E+02 -0.19617E-05  0.28121E-05  0.37437E-05
  0.99000E+02 -0.96310E-06  0.33391E-05  0.34609E-05
  0.99300E+02  0.33617E-07  0.38602E-05  0.31326E-05
  0.99600E+02  0.10151E-05  0.43626E-05  0.27596E-05
  0.99900E+02  0.19689E-05  0.48315E-05  0.23456E-05
  0.10020E+03  0.28833E-05  0.52524E-05  0.18973E-05
  0.10050E+03  0.37470E-05  0.56130E-05  0.14244E-05
  0.10080E+03  0.45499E-05  0.59045E-05  0.93850E-06
  0.10110E+03  0.52832E-05  0.61223E-05  0.45131E-06
  0.10140E+03  0.59396E-05  0.62657E-05 -0.27281E-07
  0.10170E+03  0.65133E-05  0.63366E-05 -0.49030E-06
  0.10200E+03  0.70008E-05  0.63385E-05 -0.93359E-06
  0.10230E+03  0.74011E-05  0.62741E-05 -0.13548E-05
  0.10260E+03  0.77154E-05  0.61444E-05 -0.17526E-05
  0.10290E+03  0.79465E-05  0.59479E-05 -0.21255E-05
  0.10320E+03  0.80978E-05  0.56821E-05 -0.24710E-05
  0.10350E+03  0.81722E-05  0.53445E-05 -0.27846E-05
  0.10380E+03  0.81718E-05  0.49342E-05 -0.30590E-05
  0.10410E+03  0.80974E-05  0.44530E-05 -0.32861E-05
  0.10440E+03  0.79486E-05  0.39058E-05 -0.34586E-05
  0.10470E+03  0.77250E-05  0.33016E-05 -0.35721E-05
  0.10500E+03  0.74266E-05  0.26520E-05 -0.36255E-05
  0.10530E+03  0.70554E-05  0.19696E-05 -0.36207E-05
  0.10560E+03  0.66162E-05  0.12661E-05 -0.35627E-05
  0.10590E+03  0.61169E-05  0.55118E-06 -0.34587E-05
  0.10620E+03  0.55680E-05 -0.16679E-06 -0.33157E-05
  0.10650E+03  0.49820E-05 -0.88111E-06 -0.31386E-05
  0.10680E+03  0.43722E-05 -0.15858E-05 -0.29297E-05
  0.10710E+03  0.37509E-05 -0.22743E-05 -0.26897E-05
  0.10740E+03  0.31283E-05 -0.29384E-05 -0.24192E-05
  0.10770E+03  0.25109E-05 -0.35689E-05 -0.21191E-05
  0.10800E+03  0.19026E-05 -0.41561E-05 -0.17924E-05
  0.10830E+03  0.13048E-05 -0.46917E-05 -0.14455E-05
  0.10860E+03  0.71818E-06 -0.51695E-05 -0.10867E-05
  0.10890E+03  0.14340E-06 -0.55863E-05 -0.72527E-06
  0.10920E+03 -0.41762E-06 -0.59413E-05 -0.36953E-06
  0.10950E+03 -0.96164E-06 -0.62350E-05 -0.25564E-07
  0.10980E+03 -0.14845E-05 -0.64674E-05  0.30337E-06
  0.11010E+03 -0.19813E-05 -0.66369E-05  0.61627E-06
  0.11040E+03 -0.24476E-05 -0.67393E-05  0.91274E-06
  0.11070E+03 -0.28794E-05 -0.67687E-05  0.11914E-05
  0.11100E+03 -0.32735E-05 -0.67188E-05  0.14487E-05
  0.11130E+03 -0.36274E-05 -0.65853E-05  0.16791E-05
  0.11160E+03 -0.39388E-05 -0.63672E-05  0.18759E-05
  0.11190E+03 -0.42057E-05 -0.60681E-05  0.20331E-05
  0.11220E+03 -0.44266E-05 -0.56955E-05  0.21469E-05
  0.11250E+03 -0.46011E-05 -0.52584E-05  0.22169E-05
  0.11280E+03 -0.47301E-05 -0.47663E-05  0.22456E-05
  0.11310E+03 -0.48158E-05 -0.42263E-05  0.22374E-05
  0.11340E+03 -0.48610E-05 -0.36434E-05  0.21964E-05
  0.11370E+03 -0.48686E-05 -0.30206E-05  0.21254E-05
  0.11400E+03 -0.48403E-05 -0.23606E-05  0.20251E-05
  0.11430E+03 -0.47764E-05 -0.16675E-05  0.18942E-05
  0.11460E+03 -0.46754E-05 -0.94770E-06  0.17318E-05
  0.11490E+03 -0.45352E-05 -0.21036E-06  0.15385E-05
  0.11520E+03 -0.43540E-05  0.53386E-06  0.13172E-05
  0.11550E+03 -0.41320E-05  0.12739E-05  0.10736E-05
  0.11580E+03 -0.38721E-05  0.19996E-05  0.81458E-06
  0.11610E+03 -0.35800E-05  0.27019E-05  0.54654E-06
  0.11640E+03 -0.32629E-05  0.33727E-05  0.27413E-06
  0.11670E+03 -0.29284E-05  0.40038E-05 -0.15234E-09
  0.11700E+03 -0.25828E-05  0.45869E-05 -0.27512E-06
  0.11730E+03 -0.22304E-05  0.51128E-05 -0.54935E-06
  0.11760E+03 -0.18740E-05  0.55727E-05 -0.81977E-06
  0.11790E+03 -0.15151E-05  0.59596E-05 -0.10811E-05
  0.11820E+03 -0.11552E-05  0.62691E-05 -0.13267E-05
  0.11850E+03 -0.79673E-06  0.64998E-05 -0.15499E-05
  0.11880E+03 -0.44306E-06  0.66524E-05 -0.17459E-05
  0.11910E+03 -0.98300E-07  0.67284E-05 -0.19124E-05
  0.11940E+03  0.23324E-06  0.67283E-05 -0.20498E-05
  0.11970E+03  0.54768E-06  0.66513E-05 -0.21592E-05
  0.12000E+03  0.84186E-06  0.64952E-05 -0.22412E-05
  0.12030E+03  0.11134E-05  0.62583E-05 -0.22947E-05
  0.12060E+03  0.13604E-05  0.59408E-05 -0.23169E-05
  0.12090E+03  0.15815E-05  0.55463E-05 -0.23046E-05
  0.12120E+03  0.17758E-05  0.50821E-05 -0.22560E-05
  0.12150E+03  0.19436E-05  0.45573E-05 -0.21714E-05
  0.12180E+03  0.20861E-05  0.39820E-05 -0.20535E-05
  0.12210E+03  0.22053E-05  0.33655E-05 -0.19064E-05
  0.12240E+03  0.23035E-05  0.27156E-05 -0.17337E-05
  0.12270E+03  0.23822E-05  0.20396E-05 -0.15380E-05
  0.12300E+03  0.24411E-05  0.13451E-05 -0.13201E-05
  0.12330E+03  0.24784E-05  0.64069E-06 -0.10804E-05
  0.12360E+03  0.24911E-05 -0.63617E-07 -0.82065E-06
  0.12390E+03  0.24765E-05 -0.75743E-06 -0.54450E-06
  0.12420E+03  0.24333E-05 -0.14310E-05 -0.25756E-06
  0.12450E+03  0.23631E-05 -0.20762E-05  0.33830E-07
  0.12480E+03  0.22693E-05 -0.26864E-05  0.32422E-06
  0.12510E+03  0.21571E-05 -0.32564E-05  0.61016E-06
  0.12540E+03  0.20310E-05 -0.37809E-05  0.89008E-06
  0.12570E+03  0.18945E-05 -0.42548E-05  0.11631E-05
  0.12600E+03  0.17490E-05 -0.46732E-05  0.14276E-05
  0.12630E+03  0.15950E-05 -0.50322E-05  0.16801E-05
  0.12660E+03  0.14322E-05 -0.53301E-05  0.19159E-05
  0.12690E+03  0.12615E-05 -0.55673E-05  0.21305E-05
  0.12720E+03  0.10844E-05 -0.57461E-05  0.23205E-05
  0.12750E+03  0.90388E-06 -0.58683E-05  0.24850E-05
  0.12780E+03  0.72315E-06 -0.59349E-05  0.26248E-05
  0.12810E+03  0.54561E-06 -0.59450E-05  0.27408E-05
  0.12840E+03  0.37436E-06 -0.58967E-05  0.28329E-05
  0.12870E+03  0.21204E-06 -0.57889E-05  0.28993E-05
  0.12900E+03  0.60777E-07 -0.56222E-05  0.29375E-05
  0.12930E+03 -0.78100E-07 -0.53996E-05  0.29454E-05
  0.12960E+03 -0.20421E-06 -0.51253E-05  0.29230E-05
  0.12990E+03 -0.31820E-06 -0.48039E-05  0.28717E-05
  0.13020E+03 -0.42137E-06 -0.44388E-05  0.27940E-05
  0.13050E+03 -0.51507E-06 -0.40321E-05  0.26914E-05
  0.13080E+03 -0.59986E-06 -0.35857E-05  0.25641E-05
  0.13110E+03 -0.67502E-06 -0.31024E-05  0.24109E-05
  0.13140E+03 -0.73873E-06 -0.25867E-05  0.22305E-05
  0.13170E+03 -0.78887E-06 -0.20451E-05  0.20235E-05
  0.13200E+03 -0.82415E-06 -0.14853E-05  0.17924E-05
  0.13230E+03 -0.84486E-06 -0.91516E-06  0.15412E-05
  0.13260E+03 -0.85283E-06 -0.34224E-06  0.12745E-05
  0.13290E+03 -0.85057E-06  0.22622E-06  0.99526E-06
  0.13320E+03 -0.84014E-06  0.78275E-06  0.70576E-06
  0.13350E+03 -0.82221E-06  0.13195E-05  0.40775E-06
  0.13380E+03 -0.79601E-06  0.18287E-05  0.10400E-06
  0.13410E+03 -0.76008E-06  0.23035E-05 -0.20116E-06
  0.13440E+03 -0.71334E-06  0.27390E-05 -0.50229E-06
  0.13470E+03 -0.65597E-06  0.31319E-05 -0.79417E-06
  0.13500E+03 -0.58964E-06  0.34801E-05 -0.10730E-05
  0.13530E+03 -0.51712E-06  0.37813E-05 -0.13368E-05
  0.13560E+03 -0.44152E-06  0.40328E-05 -0.15844E-05
  0.13590E+03 -0.36570E-06  0.42318E-05 -0.18142E-05
  0.13620E+03 -0.29195E-06  0.43762E-05 -0.20235E-05
  0.13650E+03 -0.22198E-06  0.44663E-05 -0.22090E-05
  0.13680E+03 -0.15700E-06  0.45045E-05 -0.23677E-05
  0.13710E+03 -0.97763E-07  0.44947E-05 -0.24984E-05
  0.13740E+03 -0.44602E-07  0.44408E-05 -0.26014E-05
  0.13770E+03  0.24178E-08  0.43456E-05 -0.26782E-05
  0.13800E+03  0.43303E-07  0.42109E-05 -0.27296E-05
  0.13830E+03  0.77929E-07  0.40381E-05 -0.27554E-05
  0.13860E+03  0.10604E-06  0.38296E-05 -0.27545E-05
  0.13890E+03  0.12760E-06  0.35892E-05 -0.27263E-05
  0.13920E+03  0.14327E-06  0.33220E-05 -0.26715E-05
  0.13950E+03  0.15475E-06  0.30331E-05 -0.25922E-05
  0.13980E+03  0.16436E-06  0.27269E-05 -0.24907E-05
  0.14010E+03  0.17429E-06  0.24071E-05 -0.23686E-05
  0.14040E+03  0.18549E-06  0.20773E-05 -0.22263E-05
  0.14070E+03  0.19724E-06  0.17413E-05 -0.20639E-05
  0.14100E+03  0.20747E-06  0.14036E-05 -0.18822E-05
  0.14130E+03  0.21378E-06  0.10689E-05 -0.16835E-05
  0.14160E+03  0.21447E-06  0.74164E-06 -0.14716E-05
  0.14190E+03  0.20909E-06  0.42548E-06 -0.12501E-05
  0.14220E+03  0.19802E-06  0.12362E-06 -0.10220E-05
  0.14250E+03  0.18173E-06 -0.16091E-06 -0.78927E-06
  0.14280E+03  0.16011E-06 -0.42514E-06 -0.55353E-06
  0.14310E+03  0.13244E-06 -0.66653E-06 -0.31736E-06
  0.14340E+03  0.98031E-07 -0.88354E-06 -0.84368E-07
  0.14370E+03  0.57104E-07 -0.10759E-05  0.14147E-06
  0.14400E+03  0.11167E-07 -0.12442E-05  0.35698E-06
  0.14430E+03 -0.37283E-07 -0.13889E-05  0.56035E-06
  0.14460E+03 -0.85578E-07 -0.15101E-05  0.75077E-06
  0.14490E+03 -0.13168E-06 -0.16070E-05  0.92733E-06
  0.14520E+03 -0.17452E-06 -0.16793E-05  0.10883E-05
  0.14550E+03 -0.21383E-06 -0.17273E-05  0.12311E-05
  0.14580E+03 -0.24968E-06 -0.17528E-05  0.13535E-05
  0.14610E+03 -0.28213E-06 -0.17577E-05  0.14544E-05
  0.14640E+03 -0.31108E-06 -0.17437E-05  0.15336E-05
  0.14670E+03 -0.33645E-06 -0.17117E-05  0.15917E-05
  0.14700E+03 -0.35825E-06 -0.16624E-05  0.16284E-05
  0.14730E+03 -0.37671E-06 -0.15969E-05  0.16432E-05
  0.14760E+03 -0.39224E-06 -0.15178E-05  0.16353E-05
  0.14790E+03 -0.40529E-06 -0.14284E-05  0.16053E-05
  0.14820E+03 -0.41623E-06 -0.13320E-05  0.15551E-05
  0.14850E+03 -0.42509E-06 -0.12310E-05  0.14870E-05
  0.14880E+03 -0.43142E-06 -0.11266E-05  0.14032E-05
  0.14910E+03 -0.43425E-06 -0.10197E-05  0.13050E-05
  0.14940E+03 -0.43230E-06 -0.91132E-06  0.11932E-05
  0.14970E+03 -0.42433E-06 -0.80317E-06  0.10691E-05
  0.15000E+03 -0.40950E-06 -0.69697E-06  0.93489E-06
  0.15030E+03 -0.38740E-06 -0.59386E-06  0.79349E-06
  0.15060E+03 -0.35788E-06 -0.49422E-06  0.64756E-06
  0.15090E+03 -0.32094E-06 -0.39831E-06  0.49899E-06
  0.15120E+03 -0.27662E-06 -0.30697E-06  0.34921E-06
  0.15150E+03 -0.22517E-06 -0.22191E-06  0.19997E-06
  0.15180E+03 -0.16724E-06 -0.14518E-06  0.53888E-07
  0.15210E+03 -0.10396E-06 -0.78453E-07 -0.85842E-07
  0.15240E+03 -0.36879E-07 -0.22699E-07 -0.21637E-06
  0.15270E+03  0.32287E-07  0.21478E-07 -0.33586E-06
  0.15300E+03  0.10180E-06  0.53303E-07 -0.44332E-06
  0.15330E+03  0.17006E-06  0.71727E-07 -0.53793E-06
  0.15360E+03  0.23554E-06  0.75915E-07 -0.61840E-06
  0.15390E+03  0.29679E-06  0.65843E-07 -0.68327E-06
  0.15420E+03  0.35243E-06  0.42455E-07 -0.73160E-06
  0.15450E+03  0.40147E-06  0.72666E-08 -0.76347E-06
  0.15480E+03  0.44362E-06 -0.38170E-07 -0.77977E-06
  0.15510E+03  0.47928E-06 -0.92422E-07 -0.78139E-06
  0.15540E+03  0.50936E-06 -0.15387E-06 -0.76867E-06
  0.15570E+03  0.53483E-06 -0.22032E-06 -0.74158E-06
  0.15600E+03  0.55655E-06 -0.28905E-06 -0.70045E-06
  0.15630E+03  0.57529E-06 -0.35725E-06 -0.64639E-06
  0.15660E+03  0.59186E-06 -0.42265E-06 -0.58092E-06
  0.15690E+03  0.60700E-06 -0.48361E-06 -0.50536E-06
  0.15720E+03  0.62114E-06 -0.53888E-06 -0.42038E-06
  0.15750E+03  0.63408E-06 -0.58725E-06 -0.32647E-06
  0.15780E+03  0.64502E-06 -0.62762E-06 -0.22457E-06
  0.15810E+03  0.65280E-06 -0.65932E-06 -0.11641E-06
  0.15840E+03  0.65614E-06 -0.68238E-06 -0.40895E-08
  0.15870E+03  0.65370E-06 -0.69729E-06  0.11059E-06
  0.15900E+03  0.64393E-06 -0.70450E-06  0.22628E-06
  0.15930E+03  0.62506E-06 -0.70396E-06  0.34164E-06
  0.15960E+03  0.59530E-06 -0.69527E-06  0.45472E-06
  0.15990E+03  0.55323E-06 -0.67798E-06  0.56297E-06
  0.16020E+03  0.49803E-06 -0.65195E-06  0.66383E-06
  0.16050E+03  0.42954E-06 -0.61716E-06  0.75526E-06
  0.16080E+03  0.34808E-06 -0.57350E-06  0.83576E-06
  0.16110E+03  0.25442E-06 -0.52075E-06  0.90386E-06
  0.16140E+03  0.14987E-06 -0.45893E-06  0.95776E-06
  0.16170E+03  0.36408E-07 -0.38862E-06  0.99563E-06
  0.16200E+03 -0.83383E-07 -0.31097E-06  0.10162E-05
  0.16230E+03 -0.20651E-06 -0.22732E-06  0.10192E-05
  0.16260E+03 -0.32983E-06 -0.13884E-06  0.10048E-05
  0.16290E+03 -0.45012E-06 -0.46547E-07  0.97334E-06
  0.16320E+03 -0.56407E-06  0.48415E-07  0.92523E-06
  0.16350E+03 -0.66836E-06  0.14459E-06  0.86105E-06
  0.16380E+03 -0.75994E-06  0.24040E-06  0.78222E-06
  0.16410E+03 -0.83632E-06  0.33457E-06  0.69075E-06
  0.16440E+03 -0.89569E-06  0.42617E-06  0.58874E-06
  0.16470E+03 -0.93688E-06  0.51450E-06  0.47794E-06
  0.16500E+03 -0.95926E-06  0.59883E-06  0.35996E-06
  0.16530E+03 -0.96267E-06  0.67840E-06  0.23668E-06
  0.16560E+03 -0.94765E-06  0.75269E-06  0.11031E-06
  0.16590E+03 -0.91532E-06  0.82153E-06 -0.16930E-07
  0.16620E+03 -0.86734E-06  0.88489E-06 -0.14326E-06
  0.16650E+03 -0.80552E-06  0.94268E-06 -0.26724E-06
  0.16680E+03 -0.73180E-06  0.99457E-06 -0.38743E-06
  0.16710E+03 -0.64816E-06  0.10402E-05 -0.50209E-06
  0.16740E+03 -0.55672E-06  0.10795E-05 -0.60948E-06
  0.16770E+03 -0.45953E-06  0.11123E-05 -0.70822E-06
  0.16800E+03 -0.35836E-06  0.11384E-05 -0.79733E-06
  0.16830E+03 -0.25451E-06  0.11573E-05 -0.87585E-06
  0.16860E+03 -0.14893E-06  0.11687E-05 -0.94259E-06
  0.16890E+03 -0.42344E-07  0.11722E-05 -0.99631E-06
  0.16920E+03  0.64683E-07  0.11678E-05 -0.10361E-05
  0.16950E+03  0.17170E-06  0.11555E-05 -0.10615E-05
  0.16980E+03  0.27829E-06  0.11353E-05 -0.10722E-05
  0.17010E+03  0.38389E-06  0.11070E-05 -0.10680E-05
  0.17040E+03  0.48755E-06  0.10712E-05 -0.10488E-05
  0.17070E+03  0.58791E-06  0.10282E-05 -0.10149E-05
  0.17100E+03  0.68333E-06  0.97901E-06 -0.96726E-06
  0.17130E+03  0.77204E-06  0.92407E-06 -0.90717E-06
  0.17160E+03  0.85219E-06  0.86401E-06 -0.83589E-06
  0.17190E+03  0.92193E-06  0.79946E-06 -0.75487E-06
  0.17220E+03  0.97951E-06  0.73102E-06 -0.66589E-06
  0.17250E+03  0.10234E-05  0.65906E-06 -0.57101E-06
  0.17280E+03  0.10525E-05  0.58378E-06 -0.47223E-06
  0.17310E+03  0.10657E-05  0.50534E-06 -0.37130E-06
  0.17340E+03  0.10625E-05  0.42398E-06 -0.26985E-06
  0.17370E+03  0.10424E-05  0.34000E-06 -0.16950E-06
  0.17400E+03  0.10056E-05  0.25368E-06 -0.71780E-07
  0.17430E+03  0.95255E-06  0.16533E-06  0.22129E-07
  0.17460E+03  0.88395E-06  0.75448E-07  0.11132E-06
  0.17490E+03  0.80074E-06 -0.15275E-07  0.19499E-06
  0.17520E+03  0.70397E-06 -0.10608E-06  0.27229E-06
  0.17550E+03  0.59487E-06 -0.19624E-06  0.34254E-06
  0.17580E+03  0.47480E-06 -0.28500E-06  0.40526E-06
  0.17610E+03  0.34524E-06 -0.37158E-06  0.46009E-06
  0.17640E+03  0.20788E-06 -0.45515E-06  0.50674E-06
  0.17670E+03  0.64572E-07 -0.53490E-06  0.54503E-06
  0.17700E+03 -0.82661E-07 -0.60996E-06  0.57497E-06
  0.17730E+03 -0.23174E-06 -0.67935E-06  0.59676E-06
  0.17760E+03 -0.38057E-06 -0.74207E-06  0.61066E-06
  0.17790E+03 -0.52701E-06 -0.79714E-06  0.61695E-06
  0.17820E+03 -0.66890E-06 -0.84366E-06  0.61595E-06
  0.17850E+03 -0.80410E-06 -0.88083E-06  0.60799E-06
  0.17880E+03 -0.93053E-06 -0.90800E-06  0.59338E-06
  0.17910E+03 -0.10462E-05 -0.92475E-06  0.57235E-06
  0.17940E+03 -0.11493E-05 -0.93088E-06  0.54510E-06
  0.17970E+03 -0.12381E-05 -0.92648E-06  0.51175E-06
  0.18000E+03 -0.13111E-05 -0.91192E-06  0.47240E-06
  0.18030E+03 -0.13671E-05 -0.88782E-06  0.42715E-06
  0.18060E+03 -0.14052E-05 -0.85512E-06  0.37614E-06
  0.18090E+03 -0.14248E-05 -0.81502E-06  0.31965E-06
  0.18120E+03 -0.14256E-05 -0.76895E-06  0.25818E-06
  0.18150E+03 -0.14076E-05 -0.71853E-06  0.19242E-06
  0.18180E+03 -0.13711E-05 -0.66545E-06  0.12331E-06
  0.18210E+03 -0.13166E-05 -0.61136E-06  0.51991E-07
  0.18240E+03 -0.12447E-05 -0.55778E-06 -0.20229E-07
  0.18270E+03 -0.11564E-05 -0.50597E-06 -0.91935E-07
  0.18300E+03 -0.10529E-05 -0.45691E-06 -0.16166E-06
  0.18330E+03 -0.93562E-06 -0.41116E-06 -0.22795E-06
  0.18360E+03 -0.80644E-06 -0.36892E-06 -0.28944E-06
  0.18390E+03 -0.66743E-06 -0.33006E-06 -0.34489E-06
  0.18420E+03 -0.52093E-06 -0.29414E-06 -0.39328E-06
  0.18450E+03 -0.36947E-06 -0.26058E-06 -0.43383E-06
  0.18480E+03 -0.21555E-06 -0.22871E-06 -0.46602E-06
  0.18510E+03 -0.61549E-07 -0.19787E-06 -0.48957E-06
  0.18540E+03  0.90424E-07 -0.16753E-06 -0.50442E-06
  0.18570E+03  0.23864E-06 -0.13735E-06 -0.51068E-06
  0.18600E+03  0.38173E-06 -0.10714E-06 -0.50860E-06
  0.18630E+03  0.51871E-06 -0.76947E-07 -0.49854E-06
  0.18660E+03  0.64880E-06 -0.46936E-07 -0.48096E-06
  0.18690E+03  0.77137E-06 -0.17411E-07 -0.45638E-06
  0.18720E+03  0.88583E-06  0.11229E-07 -0.42537E-06
  0.18750E+03  0.99151E-06  0.38515E-07 -0.38858E-06
  0.18780E+03  0.10877E-05  0.63926E-07 -0.34667E-06
  0.18810E+03  0.11734E-05  0.86923E-07 -0.30038E-06
  0.18840E+03  0.12479E-05  0.10697E-06 -0.25046E-06
  0.18870E+03  0.13102E-05  0.12356E-06 -0.19768E-06
  0.18900E+03  0.13594E-05  0.13625E-06 -0.14284E-06
  0.18930E+03  0.13947E-05  0.14467E-06 -0.86749E-07
  0.18960E+03  0.14155E-05  0.14857E-06 -0.30186E-07
  0.18990E+03  0.14214E-05  0.14788E-06  0.26101E-07
  0.19020E+03  0.14121E-05  0.14272E-06  0.81415E-07
  0.19050E+03  0.13877E-05  0.13347E-06  0.13512E-06
  0.19080E+03  0.13482E-05  0.12076E-06  0.18662E-06
  0.19110E+03  0.12939E-05  0.10540E-06  0.23539E-06
  0.19140E+03  0.12251E-05  0.88372E-07  0.28088E-06
  0.19170E+03  0.11423E-05  0.70707E-07  0.32261E-06
  0.19200E+03  0.10462E-05  0.53470E-07  0.36009E-06
  0.19230E+03  0.93766E-06  0.37690E-07  0.39283E-06
  0.19260E+03  0.81792E-06  0.24310E-07  0.42039E-06
  0.19290E+03  0.68838E-06  0.14151E-07  0.44234E-06
  0.19320E+03  0.55074E-06  0.78591E-08  0.45833E-06
  0.19350E+03  0.40698E-06  0.58723E-08  0.46805E-06
  0.19380E+03  0.25928E-06  0.83816E-08  0.47133E-06
  0.19410E+03  0.10999E-06  0.15316E-07  0.46811E-06
  0.19440E+03 -0.38439E-07  0.26357E-07  0.45849E-06
  0.19470E+03 -0.18354E-06  0.40979E-07  0.44270E-06
  0.19500E+03 -0.32294E-06  0.58522E-07  0.42113E-06
  0.19530E+03 -0.45447E-06  0.78262E-07  0.39427E-06
  0.19560E+03 -0.57627E-06  0.99489E-07  0.36274E-06
  0.19590E+03 -0.68690E-06  0.12157E-06  0.32726E-06
  0.19620E+03 -0.78535E-06  0.14399E-06  0.28863E-06
  0.19650E+03 -0.87107E-06  0.16641E-06  0.24773E-06
  0.19680E+03 -0.94386E-06  0.18862E-06  0.20551E-06
  0.19710E+03 -0.10038E-05  0.21055E-06  0.16292E-06
  0.19740E+03 -0.10513E-05  0.23223E-06  0.12087E-06
  0.19770E+03 -0.10866E-05  0.25373E-06  0.80179E-07
  0.19800E+03 -0.11104E-05  0.27512E-06  0.41553E-07
  0.19830E+03 -0.11230E-05  0.29651E-06  0.55268E-08
  0.19860E+03 -0.11250E-05  0.31795E-06 -0.27549E-07
  0.19890E+03 -0.11170E-05  0.33944E-06 -0.57516E-07
  0.19920E+03 -0.10993E-05  0.36087E-06 -0.84400E-07
  0.19950E+03 -0.10723E-05  0.38206E-06 -0.10839E-06
  0.19980E+03 -0.10364E-05  0.40266E-06 -0.12978E-06
  0.20010E+03 -0.99163E-06  0.42223E-06 -0.14896E-06
  0.20040E+03 -0.93803E-06  0.44021E-06 -0.16630E-06
  0.20070E+03 -0.87547E-06  0.45593E-06 -0.18212E-06
  0.20100E+03 -0.80375E-06  0.46869E-06 -0.19664E-06
  0.20130E+03 -0.72270E-06  0.47776E-06 -0.20997E-06
  0.20160E+03 -0.63224E-06  0.48246E-06 -0.22204E-06
  0.20190E+03 -0.53257E-06  0.48220E-06 -0.23268E-06
  0.20220E+03 -0.42419E-06  0.47652E-06 -0.24157E-06
  0.20250E+03 -0.30796E-06  0.46518E-06 -0.24832E-06
  0.20280E+03 -0.18517E-06  0.44818E-06 -0.25251E-06
  0.20310E+03 -0.57453E-07  0.42578E-06 -0.25374E-06
  0.20340E+03  0.73212E-07  0.39848E-06 -0.25167E-06
  0.20370E+03  0.20465E-06  0.36696E-06 -0.24604E-06
  0.20400E+03  0.33460E-06  0.33204E-06 -0.23673E-06
  0.20430E+03  0.46085E-06  0.29456E-06 -0.22373E-06
  0.20460E+03  0.58132E-06  0.25536E-06 -0.20717E-06
  0.20490E+03  0.69413E-06  0.21514E-06 -0.18726E-06
  0.20520E+03  0.79763E-06  0.17451E-06 -0.16430E-06
  0.20550E+03  0.89041E-06  0.13386E-06 -0.13864E-06
  0.20580E+03  0.97122E-06  0.93403E-07 -0.11065E-06
  0.20610E+03  0.10389E-05  0.53158E-07 -0.80729E-07
  0.20640E+03  0.10926E-05  0.12990E-07 -0.49258E-07
  0.20670E+03  0.11312E-05 -0.27360E-07 -0.16643E-07
  0.20700E+03  0.11540E-05 -0.68213E-07  0.16699E-07
  0.20730E+03  0.11603E-05 -0.10989E-06  0.50339E-07
  0.20760E+03  0.11495E-05 -0.15263E-06  0.83828E-07
  0.20790E+03  0.11213E-05 -0.19653E-06  0.11670E-06
  0.20820E+03  0.10759E-05 -0.24149E-06  0.14846E-06
  0.20850E+03  0.10135E-05 -0.28717E-06  0.17859E-06
  0.20880E+03  0.93495E-06 -0.33300E-06  0.20652E-06
  0.20910E+03  0.84121E-06 -0.37822E-06  0.23165E-06
  0.20940E+03  0.73368E-06 -0.42191E-06  0.25335E-06
  0.20970E+03  0.61404E-06 -0.46308E-06  0.27096E-06
  0.21000E+03  0.48422E-06 -0.50080E-06  0.28384E-06
  0.21030E+03  0.34637E-06 -0.53422E-06  0.29138E-06
  0.21060E+03  0.20280E-06 -0.56268E-06  0.29301E-06
  0.21090E+03  0.55920E-07 -0.58565E-06  0.28829E-06
  0.21120E+03 -0.91862E-07 -0.60280E-06  0.27691E-06
  0.21150E+03 -0.23817E-06 -0.61390E-06  0.25876E-06
  0.21180E+03 -0.38072E-06 -0.61882E-06  0.23395E-06
  0.21210E+03 -0.51737E-06 -0.61752E-06  0.20284E-06
  0.21240E+03 -0.64613E-06 -0.61005E-06  0.16598E-06
  0.21270E+03 -0.76526E-06 -0.59651E-06  0.12413E-06
  0.21300E+03 -0.87331E-06 -0.57710E-06  0.78160E-07
  0.21330E+03 -0.96922E-06 -0.55211E-06  0.29001E-07
  0.21360E+03 -0.10523E-05 -0.52194E-06 -0.22387E-07
  0.21390E+03 -0.11221E-05 -0.48708E-06 -0.75069E-07
  0.21420E+03 -0.11788E-05 -0.44810E-06 -0.12815E-06
  0.21450E+03 -0.12225E-05 -0.40567E-06 -0.18079E-06
  0.21480E+03 -0.12538E-05 -0.36043E-06 -0.23219E-06
  0.21510E+03 -0.12732E-05 -0.31300E-06 -0.28157E-06
  0.21540E+03 -0.12814E-05 -0.26393E-06 -0.32821E-06
  0.21570E+03 -0.12789E-05 -0.21361E-06 -0.37139E-06
  0.21600E+03 -0.12665E-05 -0.16236E-06 -0.41046E-06
  0.21630E+03 -0.12446E-05 -0.11040E-06 -0.44482E-06
  0.21660E+03 -0.12135E-05 -0.57932E-07 -0.47398E-06
  0.21690E+03 -0.11733E-05 -0.51665E-08 -0.49758E-06
  0.21720E+03 -0.11240E-05  0.47654E-07 -0.51539E-06
  0.21750E+03 -0.10656E-05  0.10023E-06 -0.52734E-06
  0.21780E+03 -0.99795E-06  0.15219E-06 -0.53347E-06
  0.21810E+03 -0.92094E-06  0.20303E-06 -0.53394E-06
  0.21840E+03 -0.83466E-06  0.25209E-06 -0.52890E-06
  0.21870E+03 -0.73934E-06  0.29857E-06 -0.51856E-06
  0.21900E+03 -0.63537E-06  0.34148E-06 -0.50308E-06
  0.21930E+03 -0.52337E-06  0.37972E-06 -0.48264E-06
  0.21960E+03 -0.40415E-06  0.41214E-06 -0.45739E-06
  0.21990E+03 -0.27866E-06  0.43762E-06 -0.42752E-06
  0.22020E+03 -0.14798E-06  0.45520E-06 -0.39322E-06
  0.22050E+03 -0.13213E-07  0.46416E-06 -0.35471E-06
  0.22080E+03  0.12452E-06  0.46408E-06 -0.31220E-06
  0.22110E+03  0.26414E-06  0.45488E-06 -0.26591E-06
  0.22140E+03  0.40461E-06  0.43683E-06 -0.21604E-06
  0.22170E+03  0.54491E-06  0.41046E-06 -0.16280E-06
  0.22200E+03  0.68406E-06  0.37652E-06 -0.10641E-06
  0.22230E+03  0.82106E-06  0.33590E-06 -0.47134E-07
  0.22260E+03  0.95489E-06  0.28959E-06  0.14688E-07
  0.22290E+03  0.10845E-05  0.23861E-06  0.78646E-07
  0.22320E+03  0.12087E-05  0.18406E-06  0.14423E-06
  0.22350E+03  0.13263E-05  0.12706E-06  0.21083E-06
  0.22380E+03  0.14361E-05  0.68811E-07  0.27775E-06
  0.22410E+03  0.15364E-05  0.10571E-07  0.34421E-06
  0.22440E+03  0.16258E-05 -0.46367E-07  0.40937E-06
  0.22470E+03  0.17024E-05 -0.10070E-06  0.47233E-06
  0.22500E+03  0.17644E-05 -0.15113E-06  0.53213E-06
  0.22530E+03  0.18102E-05 -0.19648E-06  0.58780E-06
  0.22560E+03  0.18382E-05 -0.23566E-06  0.63837E-06
  0.22590E+03  0.18473E-05 -0.26779E-06  0.68291E-06
  0.22620E+03  0.18368E-05 -0.29217E-06  0.72063E-06
  0.22650E+03  0.18064E-05 -0.30832E-06  0.75084E-06
  0.22680E+03  0.17566E-05 -0.31599E-06  0.77308E-06
  0.22710E+03  0.16881E-05 -0.31508E-06  0.78705E-06
  0.22740E+03  0.16021E-05 -0.30562E-06  0.79264E-06
  0.22770E+03  0.15002E-05 -0.28774E-06  0.78992E-06
  0.22800E+03  0.13841E-05 -0.26163E-06  0.77911E-06
  0.22830E+03  0.12556E-05 -0.22749E-06  0.76052E-06
  0.22860E+03  0.11164E-05 -0.18561E-06  0.73457E-06
  0.22890E+03  0.96821E-06 -0.13631E-06  0.70166E-06
  0.22920E+03  0.81251E-06 -0.80052E-07  0.66221E-06
  0.22950E+03  0.65074E-06 -0.17415E-07  0.61658E-06
  0.22980E+03  0.48426E-06  0.50873E-07  0.56511E-06
  0.23010E+03  0.31442E-06  0.12393E-06  0.50810E-06
  0.23040E+03  0.14260E-06  0.20072E-06  0.44590E-06
  0.23070E+03 -0.29725E-07  0.28002E-06  0.37893E-06
  0.23100E+03 -0.20100E-06  0.36049E-06  0.30773E-06
  0.23130E+03 -0.36961E-06  0.44061E-06  0.23298E-06
  0.23160E+03 -0.53395E-06  0.51878E-06  0.15550E-06
  0.23190E+03 -0.69245E-06  0.59332E-06  0.76233E-07
  0.23220E+03 -0.84363E-06  0.66257E-06 -0.38157E-08
  0.23250E+03 -0.98615E-06  0.72488E-06 -0.83613E-07
  0.23280E+03 -0.11187E-05  0.77869E-06 -0.16215E-06
  0.23310E+03 -0.12402E-05  0.82254E-06 -0.23848E-06
  0.23340E+03 -0.13494E-05  0.85511E-06 -0.31173E-06
  0.23370E+03 -0.14452E-05  0.87526E-06 -0.38113E-06
  0.23400E+03 -0.15268E-05  0.88205E-06 -0.44601E-06
  0.23430E+03 -0.15931E-05  0.87478E-06 -0.50576E-06
  0.23460E+03 -0.16438E-05  0.85297E-06 -0.55986E-06
  0.23490E+03 -0.16786E-05  0.81643E-06 -0.60784E-06
  0.23520E+03 -0.16977E-05  0.76520E-06 -0.64926E-06
  0.23550E+03 -0.17015E-05  0.69960E-06 -0.68376E-06
  0.23580E+03 -0.16908E-05  0.62024E-06 -0.71101E-06
  0.23610E+03 -0.16668E-05  0.52801E-06 -0.73076E-06
  0.23640E+03 -0.16305E-05  0.42409E-06 -0.74284E-06
  0.23670E+03 -0.15831E-05  0.30993E-06 -0.74718E-06
  0.23700E+03 -0.15258E-05  0.18716E-06 -0.74379E-06
  0.23730E+03 -0.14596E-05  0.57632E-07 -0.73281E-06
  0.23760E+03 -0.13854E-05 -0.76716E-07 -0.71451E-06
  0.23790E+03 -0.13040E-05 -0.21384E-06 -0.68926E-06
  0.23820E+03 -0.12159E-05 -0.35166E-06 -0.65755E-06
  0.23850E+03 -0.11218E-05 -0.48808E-06 -0.61998E-06
  0.23880E+03 -0.10224E-05 -0.62105E-06 -0.57717E-06
  0.23910E+03 -0.91836E-06 -0.74866E-06 -0.52981E-06
  0.23940E+03 -0.81041E-06 -0.86914E-06 -0.47859E-06
  0.23970E+03 -0.69940E-06 -0.98092E-06 -0.42422E-06
  0.24000E+03 -0.58629E-06 -0.10827E-05 -0.36737E-06
  0.24030E+03 -0.47209E-06 -0.11733E-05 -0.30872E-06
  0.24060E+03 -0.35784E-06 -0.12518E-05 -0.24892E-06
  0.24090E+03 -0.24460E-06 -0.13175E-05 -0.18860E-06
  0.24120E+03 -0.13333E-06 -0.13697E-05 -0.12838E-06
  0.24150E+03 -0.24925E-07 -0.14078E-05 -0.68884E-07
  0.24180E+03  0.79887E-07 -0.14312E-05 -0.10748E-07
  0.24210E+03  0.18050E-06 -0.14393E-05  0.45387E-07
  0.24240E+03  0.27646E-06 -0.14317E-05  0.98869E-07
  0.24270E+03  0.36741E-06 -0.14078E-05  0.14906E-06
  0.24300E+03  0.45312E-06 -0.13675E-05  0.19534E-06
  0.24330E+03  0.53345E-06 -0.13109E-05  0.23716E-06
  0.24360E+03  0.60841E-06 -0.12382E-05  0.27407E-06
  0.24390E+03  0.67810E-06 -0.11501E-05  0.30575E-06
  0.24420E+03  0.74272E-06 -0.10477E-05  0.33201E-06
  0.24450E+03  0.80255E-06 -0.93234E-06  0.35284E-06
  0.24480E+03  0.85787E-06 -0.80568E-06  0.36833E-06
  0.24510E+03  0.90893E-06 -0.66965E-06  0.37870E-06
  0.24540E+03  0.95586E-06 -0.52641E-06  0.38423E-06
  0.24570E+03  0.99869E-06 -0.37821E-06  0.38526E-06
  0.24600E+03  0.10373E-05 -0.22738E-06  0.38215E-06
  0.24630E+03  0.10715E-05 -0.76247E-07  0.37527E-06
  0.24660E+03  0.11008E-05  0.72931E-07  0.36501E-06
  0.24690E+03  0.11247E-05  0.21799E-06  0.35181E-06
  0.24720E+03  0.11426E-05  0.35689E-06  0.33610E-06
  0.24750E+03  0.11538E-05  0.48781E-06  0.31838E-06
  0.24780E+03  0.11574E-05  0.60913E-06  0.29918E-06
  0.24810E+03  0.11527E-05  0.71951E-06  0.27909E-06
  0.24840E+03  0.11388E-05  0.81793E-06  0.25869E-06
  0.24870E+03  0.11152E-05  0.90369E-06  0.23857E-06
  0.24900E+03  0.10815E-05  0.97641E-06  0.21932E-06
  0.24930E+03  0.10372E-05  0.10360E-05  0.20142E-06
  0.24960E+03  0.98255E-06  0.10825E-05  0.18529E-06
  0.24990E+03  0.91761E-06  0.11163E-05  0.17125E-06
  0.25020E+03  0.84281E-06  0.11378E-05  0.15952E-06
  0.25050E+03  0.75872E-06  0.11476E-05  0.15018E-06
  0.25080E+03  0.66606E-06  0.11464E-05  0.14320E-06
  0.25110E+03  0.56571E-06  0.11348E-05  0.13846E-06
  0.25140E+03  0.45866E-06  0.11138E-05  0.13571E-06
  0.25170E+03  0.34611E-06  0.10843E-05  0.13459E-06
  0.25200E+03  0.22942E-06  0.10473E-05  0.13469E-06
  0.25230E+03  0.11013E-06  0.10039E-05  0.13558E-06
  0.25260E+03 -0.10066E-07  0.95498E-06  0.13681E-06
  0.25290E+03 -0.12934E-06  0.90163E-06  0.13797E-06
  0.25320E+03 -0.24583E-06  0.84474E-06  0.13869E-06
  0.25350E+03 -0.35767E-06  0.78514E-06  0.13866E-06
  0.25380E+03 -0.46316E-06  0.72361E-06  0.13764E-06
  0.25410E+03 -0.56077E-06  0.66087E-06  0.13540E-06
  0.25440E+03 -0.64928E-06  0.59763E-06  0.13175E-06
  0.25470E+03 -0.72781E-06  0.53460E-06  0.12648E-06
  0.25500E+03 -0.79575E-06  0.47250E-06  0.11941E-06
  0.25530E+03 -0.85281E-06  0.41202E-06  0.11033E-06
  0.25560E+03 -0.89889E-06  0.35384E-06  0.99080E-07
  0.25590E+03 -0.93400E-06  0.29859E-06  0.85495E-07
  0.25620E+03 -0.95822E-06  0.24683E-06  0.69469E-07
  0.25650E+03 -0.97159E-06  0.19904E-06  0.50949E-07
  0.25680E+03 -0.97413E-06  0.15560E-06  0.29949E-07
  0.25710E+03 -0.96584E-06  0.11683E-06  0.65540E-08
  0.25740E+03 -0.94672E-06  0.82899E-07 -0.19073E-07
  0.25770E+03 -0.91679E-06  0.53890E-07 -0.46697E-07
  0.25800E+03 -0.87614E-06  0.29741E-07 -0.76016E-07
  0.25830E+03 -0.82491E-06  0.10236E-07 -0.10667E-06
  0.25860E+03 -0.76332E-06 -0.50115E-08 -0.13823E-06
  0.25890E+03 -0.69170E-06 -0.16570E-07 -0.17024E-06
  0.25920E+03 -0.61047E-06 -0.25175E-07 -0.20219E-06
  0.25950E+03 -0.52019E-06 -0.31694E-07 -0.23352E-06
  0.25980E+03 -0.42157E-06 -0.37088E-07 -0.26370E-06
  0.26010E+03 -0.31550E-06 -0.42356E-07 -0.29219E-06
  0.26040E+03 -0.20306E-06 -0.48472E-07 -0.31849E-06
  0.26070E+03 -0.85542E-07 -0.56346E-07 -0.34216E-06
  0.26100E+03  0.35608E-07 -0.66771E-07 -0.36285E-06
  0.26130E+03  0.15876E-06 -0.80409E-07 -0.38029E-06
  0.26160E+03  0.28216E-06 -0.97770E-07 -0.39429E-06
  0.26190E+03  0.40394E-06 -0.11922E-06 -0.40478E-06
  0.26220E+03  0.52220E-06 -0.14499E-06 -0.41175E-06
  0.26250E+03  0.63505E-06 -0.17519E-06 -0.41525E-06
  0.26280E+03  0.74064E-06 -0.20981E-06 -0.41537E-06
  0.26310E+03  0.83723E-06 -0.24878E-06 -0.41225E-06
  0.26340E+03  0.92318E-06 -0.29193E-06 -0.40605E-06
  0.26370E+03  0.99701E-06 -0.33902E-06 -0.39695E-06
  0.26400E+03  0.10574E-05 -0.38978E-06 -0.38516E-06
  0.26430E+03  0.11033E-05 -0.44392E-06 -0.37083E-06
  0.26460E+03  0.11339E-05 -0.50108E-06 -0.35412E-06
  0.26490E+03  0.11484E-05 -0.56082E-06 -0.33515E-06
  0.26520E+03  0.11467E-05 -0.62260E-06 -0.31399E-06
  0.26550E+03  0.11285E-05 -0.68572E-06 -0.29071E-06
  0.26580E+03  0.10940E-05 -0.74928E-06 -0.26537E-06
  0.26610E+03  0.10435E-05 -0.81217E-06 -0.23804E-06
  0.26640E+03  0.97768E-06 -0.87312E-06 -0.20881E-06
  0.26670E+03  0.89714E-06 -0.93069E-06 -0.17782E-06
  0.26700E+03  0.80287E-06 -0.98341E-06 -0.14519E-06
  0.26730E+03  0.69605E-06 -0.10298E-05 -0.11111E-06
  0.26760E+03  0.57807E-06 -0.10686E-05 -0.75736E-07
  0.26790E+03  0.45052E-06 -0.10985E-05 -0.39265E-07
  0.26820E+03  0.31518E-06 -0.11186E-05 -0.18834E-08
  0.26850E+03  0.17396E-06 -0.11282E-05  0.36213E-07
  0.26880E+03  0.28865E-07 -0.11270E-05  0.74822E-07
  0.26910E+03 -0.11809E-06 -0.11149E-05  0.11372E-06
  0.26940E+03 -0.26492E-06 -0.10920E-05  0.15268E-06
  0.26970E+03 -0.40971E-06 -0.10589E-05  0.19142E-06
  0.27000E+03 -0.55067E-06 -0.10161E-05  0.22963E-06
  0.27030E+03 -0.68615E-06 -0.96434E-06  0.26699E-06
  0.27060E+03 -0.81467E-06 -0.90446E-06  0.30312E-06
  0.27090E+03 -0.93490E-06 -0.83723E-06  0.33764E-06
  0.27120E+03 -0.10457E-05 -0.76334E-06  0.37017E-06
  0.27150E+03 -0.11459E-05 -0.68346E-06  0.40036E-06
  0.27180E+03 -0.12346E-05 -0.59815E-06  0.42791E-06
  0.27210E+03 -0.13108E-05 -0.50792E-06  0.45257E-06
  0.27240E+03 -0.13735E-05 -0.41322E-06  0.47417E-06
  0.27270E+03 -0.14219E-05 -0.31453E-06  0.49256E-06
  0.27300E+03 -0.14551E-05 -0.21235E-06  0.50766E-06
  0.27330E+03 -0.14723E-05 -0.10725E-06  0.51939E-06
  0.27360E+03 -0.14729E-05  0.77261E-10  0.52768E-06
  0.27390E+03 -0.14565E-05  0.10887E-06  0.53248E-06
  0.27420E+03 -0.14231E-05  0.21827E-06  0.53370E-06
  0.27450E+03 -0.13731E-05  0.32739E-06  0.53125E-06
  0.27480E+03 -0.13070E-05  0.43530E-06  0.52505E-06
  0.27510E+03 -0.12260E-05  0.54111E-06  0.51500E-06
  0.27540E+03 -0.11312E-05  0.64393E-06  0.50102E-06
  0.27570E+03 -0.10241E-05  0.74288E-06  0.48305E-06
  0.27600E+03 -0.90632E-06  0.83711E-06  0.46104E-06
  0.27630E+03 -0.77943E-06  0.92573E-06  0.43497E-06
  0.27660E+03 -0.64522E-06  0.10079E-05  0.40488E-06
  0.27690E+03 -0.50550E-06  0.10826E-05  0.37084E-06
  0.27720E+03 -0.36214E-06  0.11489E-05  0.33300E-06
  0.27750E+03 -0.21708E-06  0.12060E-05  0.29159E-06
  0.27780E+03 -0.72298E-07  0.12529E-05  0.24694E-06
  0.27810E+03  0.70150E-07  0.12890E-05  0.19943E-06
  0.27840E+03  0.20823E-06  0.13135E-05  0.14954E-06
  0.27870E+03  0.33998E-06  0.13259E-05  0.97768E-07
  0.27900E+03  0.46358E-06  0.13262E-05  0.44659E-07
  0.27930E+03  0.57746E-06  0.13141E-05 -0.92365E-08
  0.27960E+03  0.68030E-06  0.12900E-05 -0.63371E-07
  0.27990E+03  0.77112E-06  0.12544E-05 -0.11721E-06
  0.28020E+03  0.84929E-06  0.12080E-05 -0.17026E-06
  0.28050E+03  0.91452E-06  0.11517E-05 -0.22204E-06
  0.28080E+03  0.96686E-06  0.10867E-05 -0.27211E-06
  0.28110E+03  0.10066E-05  0.10140E-05 -0.32010E-06
  0.28140E+03  0.10344E-05  0.93499E-06 -0.36566E-06
  0.28170E+03  0.10508E-05  0.85084E-06 -0.40851E-06
  0.28200E+03  0.10569E-05  0.76272E-06 -0.44842E-06
  0.28230E+03  0.10534E-05  0.67170E-06 -0.48520E-06
  0.28260E+03  0.10412E-05  0.57873E-06 -0.51870E-06
  0.28290E+03  0.10213E-05  0.48463E-06 -0.54879E-06
  0.28320E+03  0.99437E-06  0.39016E-06 -0.57536E-06
  0.28350E+03  0.96112E-06  0.29598E-06 -0.59829E-06
  0.28380E+03  0.92219E-06  0.20274E-06 -0.61750E-06
  0.28410E+03  0.87821E-06  0.11106E-06 -0.63286E-06
  0.28440E+03  0.82982E-06  0.21602E-07 -0.64426E-06
  0.28470E+03  0.77768E-06 -0.64933E-07 -0.65158E-06
  0.28500E+03  0.72254E-06 -0.14782E-06 -0.65469E-06
  0.28530E+03  0.66520E-06 -0.22631E-06 -0.65341E-06
  0.28560E+03  0.60649E-06 -0.29963E-06 -0.64756E-06
  0.28590E+03  0.54733E-06 -0.36706E-06 -0.63693E-06
  0.28620E+03  0.48862E-06 -0.42789E-06 -0.62131E-06
  0.28650E+03  0.43126E-06 -0.48147E-06 -0.60053E-06
  0.28680E+03  0.37613E-06 -0.52725E-06 -0.57444E-06
  0.28710E+03  0.32403E-06 -0.56478E-06 -0.54298E-06
  0.28740E+03  0.27563E-06 -0.59374E-06 -0.50617E-06
  0.28770E+03  0.23146E-06 -0.61395E-06 -0.46411E-06
  0.28800E+03  0.19187E-06 -0.62540E-06 -0.41702E-06
  0.28830E+03  0.15698E-06 -0.62829E-06 -0.36517E-06
  0.28860E+03  0.12673E-06 -0.62298E-06 -0.30891E-06
  0.28890E+03  0.10084E-06 -0.61007E-06 -0.24866E-06
  0.28920E+03  0.78871E-07 -0.59031E-06 -0.18484E-06
  0.28950E+03  0.60203E-07 -0.56465E-06 -0.11798E-06
  0.28980E+03  0.44083E-07 -0.53414E-06 -0.48594E-07
  0.29010E+03  0.29646E-07 -0.49992E-06  0.22715E-07
  0.29040E+03  0.15978E-07 -0.46316E-06  0.95330E-07
  0.29070E+03  0.21786E-08 -0.42501E-06  0.16860E-06
  0.29100E+03 -0.12558E-07 -0.38659E-06  0.24187E-06
  0.29130E+03 -0.28881E-07 -0.34891E-06  0.31443E-06
  0.29160E+03 -0.47240E-07 -0.31290E-06  0.38558E-06
  0.29190E+03 -0.67866E-07 -0.27935E-06  0.45457E-06
  0.29220E+03 -0.90785E-07 -0.24893E-06  0.52063E-06
  0.29250E+03 -0.11585E-06 -0.22217E-06  0.58293E-06
  0.29280E+03 -0.14280E-06 -0.19945E-06  0.64063E-06
  0.29310E+03 -0.17130E-06 -0.18102E-06  0.69286E-06
  0.29340E+03 -0.20103E-06 -0.16699E-06  0.73873E-06
  0.29370E+03 -0.23169E-06 -0.15735E-06  0.77740E-06
  0.29400E+03 -0.26303E-06 -0.15198E-06  0.80807E-06
  0.29430E+03 -0.29486E-06 -0.15071E-06  0.83005E-06
  0.29460E+03 -0.32702E-06 -0.15337E-06  0.84277E-06
  0.29490E+03 -0.35939E-06 -0.15974E-06  0.84587E-06
  0.29520E+03 -0.39183E-06 -0.16967E-06  0.83915E-06
  0.29550E+03 -0.42419E-06 -0.18298E-06  0.82266E-06
  0.29580E+03 -0.45626E-06 -0.19947E-06  0.79664E-06
  0.29610E+03 -0.48778E-06 -0.21891E-06  0.76153E-06
  0.29640E+03 -0.51838E-06 -0.24097E-06  0.71791E-06
  0.29670E+03 -0.54761E-06 -0.26524E-06  0.66654E-06
  0.29700E+03 -0.57492E-06 -0.29120E-06  0.60827E-06
  0.29730E+03 -0.59967E-06 -0.31827E-06  0.54400E-06
  0.29760E+03 -0.62118E-06 -0.34579E-06  0.47470E-06
  0.29790E+03 -0.63876E-06 -0.37309E-06  0.40137E-06
  0.29820E+03 -0.65178E-06 -0.39947E-06  0.32498E-06
  0.29850E+03 -0.65970E-06 -0.42424E-06  0.24653E-06
  0.29880E+03 -0.66211E-06 -0.44673E-06  0.16694E-06
  0.29910E+03 -0.65875E-06 -0.46629E-06  0.87147E-07
  0.29940E+03 -0.64951E-06 -0.48234E-06  0.79937E-08
  0.29970E+03 -0.63443E-06 -0.49429E-06 -0.69719E-07
  0.30000E+03 -0.61367E-06 -0.50165E-06 -0.14527E-06
  0.30030E+03 -0.58746E-06 -0.50394E-06 -0.21802E-06
  0.30060E+03 -0.55608E-06 -0.50076E-06 -0.28739E-06
  0.30090E+03 -0.51986E-06 -0.49178E-06 -0.35290E-06
  0.30120E+03 -0.47913E-06 -0.47672E-06 -0.41409E-06
  0.30150E+03 -0.43424E-06 -0.45538E-06 -0.47055E-06
  0.30180E+03 -0.38555E-06 -0.42759E-06 -0.52192E-06
  0.30210E+03 -0.33345E-06 -0.39327E-06 -0.56782E-06
  0.30240E+03 -0.27834E-06 -0.35233E-06 -0.60790E-06
  0.30270E+03 -0.22065E-06 -0.30475E-06 -0.64184E-06
  0.30300E+03 -0.16085E-06 -0.25054E-06 -0.66932E-06
  0.30330E+03 -0.99401E-07 -0.18977E-06 -0.69005E-06
  0.30360E+03 -0.36752E-07 -0.12256E-06 -0.70378E-06
  0.30390E+03  0.26673E-07 -0.49134E-07 -0.71030E-06
  0.30420E+03  0.90491E-07  0.30182E-07 -0.70948E-06
  0.30450E+03  0.15436E-06  0.11493E-06 -0.70124E-06
  0.30480E+03  0.21797E-06  0.20449E-06 -0.68561E-06
  0.30510E+03  0.28101E-06  0.29811E-06 -0.66273E-06
  0.30540E+03  0.34314E-06  0.39489E-06 -0.63285E-06
  0.30570E+03  0.40396E-06  0.49376E-06 -0.59634E-06
  0.30600E+03  0.46291E-06  0.59354E-06 -0.55370E-06
  0.30630E+03  0.51932E-06  0.69295E-06 -0.50554E-06
  0.30660E+03  0.57234E-06  0.79060E-06 -0.45254E-06
  0.30690E+03  0.62103E-06  0.88503E-06 -0.39548E-06
