  0.00000E+00 -0.14927E-11 -0.27810E-11 -0.13082E-11
  0.30000E+00 -0.13987E-10 -0.20337E-10 -0.96548E-11
  0.60000E+00 -0.66218E-10 -0.77198E-10 -0.36353E-10
  0.90000E+00 -0.21401E-09 -0.21124E-09 -0.96230E-10
  0.12000E+01 -0.53828E-09 -0.47923E-09 -0.20583E-09
  0.15000E+01 -0.11388E-08 -0.96379E-09 -0.38259E-09
  0.18000E+01 -0.21328E-08 -0.17766E-08 -0.64366E-09
  0.21000E+01 -0.36568E-08 -0.30604E-08 -0.10041E-08
  0.24000E+01 -0.58652E-08 -0.49909E-08 -0.14753E-08
  0.27000E+01 -0.89277E-08 -0.77751E-08 -0.20632E-08
  0.30000E+01 -0.13031E-07 -0.11640E-07 -0.27688E-08
  0.33000E+01 -0.18374E-07 -0.16817E-07 -0.35873E-08
  0.36000E+01 -0.25164E-07 -0.23530E-07 -0.45085E-08
  0.39000E+01 -0.33606E-07 -0.31981E-07 -0.55176E-08
  0.42000E+01 -0.43899E-07 -0.42344E-07 -0.65959E-08
  0.45000E+01 -0.56224E-07 -0.54749E-07 -0.77213E-08
  0.48000E+01 -0.70745E-07 -0.69286E-07 -0.88695E-08
  0.51000E+01 -0.87593E-07 -0.86005E-07 -0.10017E-07
  0.54000E+01 -0.10687E-06 -0.10492E-06 -0.11143E-07
  0.57000E+01 -0.12861E-06 -0.12599E-06 -0.12232E-07
  0.60000E+01 -0.15285E-06 -0.14915E-06 -0.13273E-07
  0.63000E+01 -0.17952E-06 -0.17428E-06 -0.14252E-07
  0.66000E+01 -0.20853E-06 -0.20120E-06 -0.15155E-07
  0.69000E+01 -0.23968E-06 -0.22972E-06 -0.15957E-07
  0.72000E+01 -0.27273E-06 -0.25960E-06 -0.16622E-07
  0.75000E+01 -0.30736E-06 -0.29057E-06 -0.17109E-07
  0.78000E+01 -0.34321E-06 -0.32232E-06 -0.17369E-07
  0.81000E+01 -0.37987E-06 -0.35449E-06 -0.17357E-07
  0.84000E+01 -0.41690E-06 -0.38664E-06 -0.17028E-07
  0.87000E+01 -0.45378E-06 -0.41830E-06 -0.16342E-07
  0.90000E+01 -0.48989E-06 -0.44896E-06 -0.15260E-07
  0.93000E+01 -0.52454E-06 -0.47808E-06 -0.13742E-07
  0.96000E+01 -0.55697E-06 -0.50510E-06 -0.11750E-07
  0.99000E+01 -0.58637E-06 -0.52949E-06 -0.92511E-08
  0.10200E+02 -0.61192E-06 -0.55071E-06 -0.62158E-08
  0.10500E+02 -0.63279E-06 -0.56826E-06 -0.26222E-08
  0.10800E+02 -0.64818E-06 -0.58164E-06  0.15420E-08
  0.11100E+02 -0.65732E-06 -0.59040E-06  0.62785E-08
  0.11400E+02 -0.65947E-06 -0.59410E-06  0.11579E-07
  0.11700E+02 -0.65393E-06 -0.59235E-06  0.17424E-07
  0.12000E+02 -0.64007E-06 -0.58475E-06  0.23786E-07
  0.12300E+02 -0.61728E-06 -0.57098E-06  0.30624E-07
  0.12600E+02 -0.58506E-06 -0.55072E-06  0.37882E-07
  0.12900E+02 -0.54298E-06 -0.52371E-06  0.45489E-07
  0.13200E+02 -0.49076E-06 -0.48973E-06  0.53357E-07
  0.13500E+02 -0.42826E-06 -0.44862E-06  0.61381E-07
  0.13800E+02 -0.35551E-06 -0.40031E-06  0.69444E-07
  0.14100E+02 -0.27269E-06 -0.34478E-06  0.77413E-07
  0.14400E+02 -0.18016E-06 -0.28212E-06  0.85147E-07
  0.14700E+02 -0.78432E-07 -0.21247E-06  0.92501E-07
  0.15000E+02  0.31829E-07 -0.13606E-06  0.99329E-07
  0.15300E+02  0.14984E-06 -0.53222E-07  0.10549E-06
  0.15600E+02  0.27469E-06  0.35650E-07  0.11085E-06
  0.15900E+02  0.40538E-06  0.13005E-06  0.11528E-06
  0.16200E+02  0.54082E-06  0.22937E-06  0.11869E-06
  0.16500E+02  0.67987E-06  0.33291E-06  0.12097E-06
  0.16800E+02  0.82131E-06  0.43987E-06  0.12207E-06
  0.17100E+02  0.96392E-06  0.54936E-06  0.12191E-06
  0.17400E+02  0.11064E-05  0.66044E-06  0.12046E-06
  0.17700E+02  0.12476E-05  0.77208E-06  0.11767E-06
  0.18000E+02  0.13860E-05  0.88319E-06  0.11352E-06
  0.18300E+02  0.15206E-05  0.99265E-06  0.10799E-06
  0.18600E+02  0.16500E-05  0.10993E-05  0.10107E-06
  0.18900E+02  0.17731E-05  0.12019E-05  0.92755E-07
  0.19200E+02  0.18888E-05  0.12994E-05  0.83055E-07
  0.19500E+02  0.19960E-05  0.13905E-05  0.72003E-07
  0.19800E+02  0.20938E-05  0.14742E-05  0.59643E-07
  0.20100E+02  0.21812E-05  0.15495E-05  0.46043E-07
  0.20400E+02  0.22575E-05  0.16153E-05  0.31289E-07
  0.20700E+02  0.23219E-05  0.16709E-05  0.15485E-07
  0.21000E+02  0.23736E-05  0.17154E-05 -0.12420E-08
  0.21300E+02  0.24121E-05  0.17483E-05 -0.18745E-07
  0.21600E+02  0.24369E-05  0.17691E-05 -0.36856E-07
  0.21900E+02  0.24477E-05  0.17772E-05 -0.55385E-07
  0.22200E+02  0.24441E-05  0.17725E-05 -0.74121E-07
  0.22500E+02  0.24260E-05  0.17548E-05 -0.92839E-07
  0.22800E+02  0.23932E-05  0.17241E-05 -0.11130E-06
  0.23100E+02  0.23457E-05  0.16804E-05 -0.12926E-06
  0.23400E+02  0.22835E-05  0.16240E-05 -0.14661E-06
  0.23700E+02  0.22067E-05  0.15550E-05 -0.16347E-06
  0.24000E+02  0.21153E-05  0.14731E-05 -0.18022E-06
  0.24300E+02  0.20094E-05  0.13780E-05 -0.19746E-06
  0.24600E+02  0.18893E-05  0.12689E-05 -0.21595E-06
  0.24900E+02  0.17551E-05  0.11451E-05 -0.23650E-06
  0.25200E+02  0.16071E-05  0.10058E-05 -0.25960E-06
  0.25500E+02  0.14459E-05  0.85128E-06 -0.28468E-06
  0.25800E+02  0.12718E-05  0.68261E-06 -0.31041E-06
  0.26100E+02  0.10853E-05  0.50176E-06 -0.33538E-06
  0.26400E+02  0.88721E-06  0.31104E-06 -0.35831E-06
  0.26700E+02  0.67794E-06  0.11300E-06 -0.37772E-06
  0.27000E+02  0.45817E-06 -0.89433E-07 -0.39202E-06
  0.27300E+02  0.22862E-06 -0.29288E-06 -0.39957E-06
  0.27600E+02 -0.99147E-08 -0.49366E-06 -0.39866E-06
  0.27900E+02 -0.25658E-06 -0.68775E-06 -0.38743E-06
  0.28200E+02 -0.51036E-06 -0.87075E-06 -0.36407E-06
  0.28500E+02 -0.77003E-06 -0.10380E-05 -0.32720E-06
  0.28800E+02 -0.10344E-05 -0.11848E-05 -0.27587E-06
  0.29100E+02 -0.13024E-05 -0.13072E-05 -0.20942E-06
  0.29400E+02 -0.15728E-05 -0.14013E-05 -0.12756E-06
  0.29700E+02 -0.18440E-05 -0.14638E-05 -0.30702E-07
  0.30000E+02 -0.21143E-05 -0.14916E-05  0.80045E-07
  0.30300E+02 -0.23816E-05 -0.14829E-05  0.20292E-06
  0.30600E+02 -0.26438E-05 -0.14371E-05  0.33534E-06
  0.30900E+02 -0.28985E-05 -0.13548E-05  0.47380E-06
  0.31200E+02 -0.31432E-05 -0.12381E-05  0.61407E-06
  0.31500E+02 -0.33755E-05 -0.10902E-05  0.75134E-06
  0.31800E+02 -0.35926E-05 -0.91591E-06  0.88044E-06
  0.32100E+02 -0.37916E-05 -0.72156E-06  0.99621E-06
  0.32400E+02 -0.39699E-05 -0.51472E-06  0.10937E-05
  0.32700E+02 -0.41245E-05 -0.30368E-06  0.11685E-05
  0.33000E+02 -0.42530E-05 -0.96972E-07  0.12169E-05
  0.33300E+02 -0.43531E-05  0.97255E-07  0.12360E-05
  0.33600E+02 -0.44228E-05  0.27169E-06  0.12241E-05
  0.33900E+02 -0.44606E-05  0.42020E-06  0.11804E-05
  0.34200E+02 -0.44652E-05  0.53785E-06  0.11050E-05
  0.34500E+02 -0.44357E-05  0.62088E-06  0.99878E-06
  0.34800E+02 -0.43719E-05  0.66672E-06  0.86304E-06
  0.35100E+02 -0.42741E-05  0.67385E-06  0.69968E-06
  0.35400E+02 -0.41435E-05  0.64144E-06  0.51087E-06
  0.35700E+02 -0.39814E-05  0.56908E-06  0.29915E-06
  0.36000E+02 -0.37902E-05  0.45681E-06  0.67460E-07
  0.36300E+02 -0.35724E-05  0.30502E-06 -0.18078E-06
  0.36600E+02 -0.33307E-05  0.11437E-06 -0.44159E-06
  0.36900E+02 -0.30682E-05 -0.11415E-06 -0.71029E-06
  0.37200E+02 -0.27882E-05 -0.37866E-06 -0.98159E-06
  0.37500E+02 -0.24943E-05 -0.67617E-06 -0.12497E-05
  0.37800E+02 -0.21904E-05 -0.10025E-05 -0.15086E-05
  0.38100E+02 -0.18804E-05 -0.13523E-05 -0.17523E-05
  0.38400E+02 -0.15680E-05 -0.17194E-05 -0.19748E-05
  0.38700E+02 -0.12568E-05 -0.20967E-05 -0.21709E-05
  0.39000E+02 -0.95001E-06 -0.24766E-05 -0.23362E-05
  0.39300E+02 -0.65045E-06 -0.28521E-05 -0.24669E-05
  0.39600E+02 -0.36050E-06 -0.32162E-05 -0.25603E-05
  0.39900E+02 -0.82169E-07 -0.35632E-05 -0.26149E-05
  0.40200E+02  0.18304E-06 -0.38886E-05 -0.26298E-05
  0.40500E+02  0.43443E-06 -0.41888E-05 -0.26052E-05
  0.40800E+02  0.67226E-06 -0.44608E-05 -0.25426E-05
  0.41100E+02  0.89740E-06 -0.47009E-05 -0.24453E-05
  0.41400E+02  0.11112E-05 -0.49035E-05 -0.23181E-05
  0.41700E+02  0.13154E-05 -0.50603E-05 -0.21664E-05
  0.42000E+02  0.15122E-05 -0.51632E-05 -0.19950E-05
  0.42300E+02  0.17043E-05 -0.52061E-05 -0.18068E-05
  0.42600E+02  0.18952E-05 -0.51844E-05 -0.16033E-05
  0.42900E+02  0.20879E-05 -0.50963E-05 -0.13855E-05
  0.43200E+02  0.22851E-05 -0.49446E-05 -0.11543E-05
  0.43500E+02  0.24891E-05 -0.47341E-05 -0.91068E-06
  0.43800E+02  0.27017E-05 -0.44674E-05 -0.65575E-06
  0.44100E+02  0.29233E-05 -0.41444E-05 -0.39081E-06
  0.44400E+02  0.31522E-05 -0.37653E-05 -0.11786E-06
  0.44700E+02  0.33837E-05 -0.33332E-05  0.16075E-06
  0.45000E+02  0.36109E-05 -0.28529E-05  0.44286E-06
  0.45300E+02  0.38252E-05 -0.23294E-05  0.72638E-06
  0.45600E+02  0.40175E-05 -0.17671E-05  0.10090E-05
  0.45900E+02  0.41780E-05 -0.11711E-05  0.12882E-05
  0.46200E+02  0.42970E-05 -0.54602E-06  0.15619E-05
  0.46500E+02  0.43640E-05  0.10513E-06  0.18275E-05
  0.46800E+02  0.43675E-05  0.78056E-06  0.20818E-05
  0.47100E+02  0.42959E-05  0.14778E-05  0.23214E-05
  0.47400E+02  0.41385E-05  0.21938E-05  0.25434E-05
  0.47700E+02  0.38870E-05  0.29258E-05  0.27464E-05
  0.48000E+02  0.35355E-05  0.36702E-05  0.29318E-05
  0.48300E+02  0.30803E-05  0.44225E-05  0.31038E-05
  0.48600E+02  0.25201E-05  0.51780E-05  0.32697E-05
  0.48900E+02  0.18575E-05  0.59315E-05  0.34384E-05
  0.49200E+02  0.10999E-05  0.66752E-05  0.36193E-05
  0.49500E+02  0.25923E-06  0.73992E-05  0.38209E-05
  0.49800E+02 -0.64822E-06  0.80915E-05  0.40503E-05
  0.50100E+02 -0.16006E-05  0.87370E-05  0.43121E-05
  0.50400E+02 -0.25698E-05  0.93172E-05  0.46074E-05
  0.50700E+02 -0.35227E-05  0.98123E-05  0.49326E-05
  0.51000E+02 -0.44236E-05  0.10203E-04  0.52785E-05
  0.51300E+02 -0.52361E-05  0.10469E-04  0.56297E-05
  0.51600E+02 -0.59240E-05  0.10595E-04  0.59653E-05
  0.51900E+02 -0.64524E-05  0.10571E-04  0.62608E-05
  0.52200E+02 -0.67906E-05  0.10392E-04  0.64898E-05
  0.52500E+02 -0.69148E-05  0.10063E-04  0.66269E-05
  0.52800E+02 -0.68099E-05  0.95980E-05  0.66489E-05
  0.53100E+02 -0.64694E-05  0.90176E-05  0.65374E-05
  0.53400E+02 -0.58959E-05  0.83478E-05  0.62804E-05
  0.53700E+02 -0.51009E-05  0.76167E-05  0.58739E-05
  0.54000E+02 -0.41039E-05  0.68517E-05  0.53227E-05
  0.54300E+02 -0.29299E-05  0.60763E-05  0.46400E-05
  0.54600E+02 -0.16071E-05  0.53081E-05  0.38443E-05
  0.54900E+02 -0.16639E-06  0.45570E-05  0.29563E-05
  0.55200E+02  0.13594E-05  0.38250E-05  0.19957E-05
  0.55500E+02  0.29371E-05  0.31074E-05  0.97825E-06
  0.55800E+02  0.45344E-05  0.23950E-05 -0.85073E-07
  0.56100E+02  0.61205E-05  0.16782E-05 -0.11877E-05
  0.56400E+02  0.76650E-05  0.95033E-06 -0.23257E-05
  0.56700E+02  0.91386E-05  0.21090E-06 -0.34953E-05
  0.57000E+02  0.10514E-04 -0.53483E-06 -0.46898E-05
  0.57300E+02  0.11765E-04 -0.12776E-05 -0.58978E-05
  0.57600E+02  0.12866E-04 -0.20073E-05 -0.70996E-05
  0.57900E+02  0.13792E-04 -0.27155E-05 -0.82670E-05
  0.58200E+02  0.14519E-04 -0.33982E-05 -0.93655E-05
  0.58500E+02  0.15026E-04 -0.40570E-05 -0.10361E-04
  0.58800E+02  0.15295E-04 -0.46999E-05 -0.11226E-04
  0.59100E+02  0.15312E-04 -0.53394E-05 -0.11941E-04
  0.59400E+02  0.15067E-04 -0.59878E-05 -0.12497E-04
  0.59700E+02  0.14558E-04 -0.66504E-05 -0.12890E-04
  0.60000E+02  0.13790E-04 -0.73223E-05 -0.13125E-04
  0.60300E+02  0.12770E-04 -0.79900E-05 -0.13214E-04
  0.60600E+02  0.11515E-04 -0.86354E-05 -0.13164E-04
  0.60900E+02  0.10045E-04 -0.92386E-05 -0.12977E-04
  0.61200E+02  0.83836E-05 -0.97818E-05 -0.12651E-04
  0.61500E+02  0.65565E-05 -0.10253E-04 -0.12180E-04
  0.61800E+02  0.45906E-05 -0.10650E-04 -0.11564E-04
  0.62100E+02  0.25127E-05 -0.10976E-04 -0.10807E-04
  0.62400E+02  0.34944E-06 -0.11236E-04 -0.99180E-05
  0.62700E+02 -0.18728E-05 -0.11434E-04 -0.89171E-05
  0.63000E+02 -0.41275E-05 -0.11567E-04 -0.78261E-05
  0.63300E+02 -0.63879E-05 -0.11624E-04 -0.66668E-05
  0.63600E+02 -0.86250E-05 -0.11590E-04 -0.54568E-05
  0.63900E+02 -0.10807E-04 -0.11451E-04 -0.42074E-05
  0.64200E+02 -0.12900E-04 -0.11193E-04 -0.29251E-05
  0.64500E+02 -0.14868E-04 -0.10815E-04 -0.16155E-05
  0.64800E+02 -0.16676E-04 -0.10321E-04 -0.28752E-06
  0.65100E+02 -0.18292E-04 -0.97176E-05  0.10441E-05
  0.65400E+02 -0.19689E-04 -0.90149E-05  0.23589E-05
  0.65700E+02 -0.20844E-04 -0.82177E-05  0.36339E-05
  0.66000E+02 -0.21743E-04 -0.73267E-05  0.48488E-05
  0.66300E+02 -0.22379E-04 -0.63403E-05  0.59891E-05
  0.66600E+02 -0.22752E-04 -0.52594E-05  0.70485E-05
  0.66900E+02 -0.22866E-04 -0.40910E-05  0.80261E-05
  0.67200E+02 -0.22731E-04 -0.28493E-05  0.89230E-05
  0.67500E+02 -0.22354E-04 -0.15550E-05  0.97372E-05
  0.67800E+02 -0.21746E-04 -0.23071E-06  0.10463E-04
  0.68100E+02 -0.20916E-04  0.11036E-05  0.11089E-04
  0.68400E+02 -0.19873E-04  0.24334E-05  0.11607E-04
  0.68700E+02 -0.18625E-04  0.37482E-05  0.12012E-04
  0.69000E+02 -0.17184E-04  0.50384E-05  0.12304E-04
  0.69300E+02 -0.15560E-04  0.62916E-05  0.12489E-04
  0.69600E+02 -0.13770E-04  0.74902E-05  0.12575E-04
  0.69900E+02 -0.11834E-04  0.86132E-05  0.12564E-04
  0.70200E+02 -0.97750E-05  0.96395E-05  0.12457E-04
  0.70500E+02 -0.76165E-05  0.10552E-04  0.12247E-04
  0.70800E+02 -0.53834E-05  0.11342E-04  0.11929E-04
  0.71100E+02 -0.30997E-05  0.12005E-04  0.11500E-04
  0.71400E+02 -0.78753E-06  0.12540E-04  0.10966E-04
  0.71700E+02  0.15325E-05  0.12946E-04  0.10335E-04
  0.72000E+02  0.38406E-05  0.13215E-04  0.96165E-05
  0.72300E+02  0.61166E-05  0.13339E-04  0.88186E-05
  0.72600E+02  0.83394E-05  0.13313E-04  0.79444E-05
  0.72900E+02  0.10487E-04  0.13136E-04  0.69957E-05
  0.73200E+02  0.12536E-04  0.12813E-04  0.59769E-05
  0.73500E+02  0.14463E-04  0.12353E-04  0.48984E-05
  0.73800E+02  0.16249E-04  0.11767E-04  0.37765E-05
  0.74100E+02  0.17875E-04  0.11061E-04  0.26305E-05
  0.74400E+02  0.19326E-04  0.10239E-04  0.14780E-05
  0.74700E+02  0.20590E-04  0.93081E-05  0.33162E-06
  0.75000E+02  0.21659E-04  0.82758E-05 -0.80049E-06
  0.75300E+02  0.22525E-04  0.71572E-05 -0.19115E-05
  0.75600E+02  0.23180E-04  0.59708E-05 -0.29926E-05
  0.75900E+02  0.23618E-04  0.47353E-05 -0.40314E-05
  0.76200E+02  0.23830E-04  0.34665E-05 -0.50141E-05
  0.76500E+02  0.23812E-04  0.21766E-05 -0.59292E-05
  0.76800E+02  0.23562E-04  0.87632E-06 -0.67700E-05
  0.77100E+02  0.23080E-04 -0.42155E-06 -0.75337E-05
  0.77400E+02  0.22372E-04 -0.17005E-05 -0.82187E-05
  0.77700E+02  0.21451E-04 -0.29417E-05 -0.88201E-05
  0.78000E+02  0.20330E-04 -0.41273E-05 -0.93286E-05
  0.78300E+02  0.19026E-04 -0.52435E-05 -0.97326E-05
  0.78600E+02  0.17555E-04 -0.62814E-05 -0.10023E-04
  0.78900E+02  0.15936E-04 -0.72340E-05 -0.10194E-04
  0.79200E+02  0.14184E-04 -0.80934E-05 -0.10246E-04
  0.79500E+02  0.12320E-04 -0.88491E-05 -0.10181E-04
  0.79800E+02  0.10361E-04 -0.94894E-05 -0.99993E-05
  0.80100E+02  0.83319E-05 -0.10005E-04 -0.96986E-05
  0.80400E+02  0.62550E-05 -0.10390E-04 -0.92784E-05
  0.80700E+02  0.41534E-05 -0.10643E-04 -0.87422E-05
  0.81000E+02  0.20482E-05 -0.10765E-04 -0.80994E-05
  0.81300E+02 -0.42397E-07 -0.10755E-04 -0.73630E-05
  0.81600E+02 -0.21020E-05 -0.10612E-04 -0.65462E-05
  0.81900E+02 -0.41154E-05 -0.10336E-04 -0.56602E-05
  0.82200E+02 -0.60667E-05 -0.99314E-05 -0.47139E-05
  0.82500E+02 -0.79390E-05 -0.94063E-05 -0.37177E-05
  0.82800E+02 -0.97152E-05 -0.87728E-05 -0.26855E-05
  0.83100E+02 -0.11379E-04 -0.80419E-05 -0.16342E-05
  0.83400E+02 -0.12915E-04 -0.72229E-05 -0.58088E-06
  0.83700E+02 -0.14312E-04 -0.63236E-05  0.46056E-06
  0.84000E+02 -0.15557E-04 -0.53540E-05  0.14797E-05
  0.84300E+02 -0.16641E-04 -0.43276E-05  0.24672E-05
  0.84600E+02 -0.17552E-04 -0.32602E-05  0.34121E-05
  0.84900E+02 -0.18281E-04 -0.21677E-05  0.43014E-05
  0.85200E+02 -0.18821E-04 -0.10641E-05  0.51216E-05
  0.85500E+02 -0.19169E-04  0.38130E-07  0.58620E-05
  0.85800E+02 -0.19325E-04  0.11266E-05  0.65155E-05
  0.86100E+02 -0.19293E-04  0.21874E-05  0.70768E-05
  0.86400E+02 -0.19079E-04  0.32059E-05  0.75394E-05
  0.86700E+02 -0.18691E-04  0.41686E-05  0.78953E-05
  0.87000E+02 -0.18138E-04  0.50655E-05  0.81369E-05
  0.87300E+02 -0.17432E-04  0.58896E-05  0.82593E-05
  0.87600E+02 -0.16589E-04  0.66344E-05  0.82621E-05
  0.87900E+02 -0.15621E-04  0.72928E-05  0.81473E-05
  0.88200E+02 -0.14545E-04  0.78568E-05  0.79167E-05
  0.88500E+02 -0.13376E-04  0.83201E-05  0.75718E-05
  0.88800E+02 -0.12127E-04  0.86790E-05  0.71154E-05
  0.89100E+02 -0.10813E-04  0.89323E-05  0.65540E-05
  0.89400E+02 -0.94453E-05  0.90795E-05  0.58977E-05
  0.89700E+02 -0.80375E-05  0.91193E-05  0.51581E-05
  0.90000E+02 -0.66015E-05  0.90508E-05  0.43458E-05
  0.90300E+02 -0.51497E-05  0.88750E-05  0.34698E-05
  0.90600E+02 -0.36951E-05  0.85957E-05  0.25400E-05
  0.90900E+02 -0.22506E-05  0.82186E-05  0.15685E-05
  0.91200E+02 -0.82893E-06  0.77492E-05  0.56893E-06
  0.91500E+02  0.55711E-06  0.71928E-05 -0.44589E-06
  0.91800E+02  0.18954E-05  0.65559E-05 -0.14652E-05
  0.92100E+02  0.31743E-05  0.58469E-05 -0.24794E-05
  0.92400E+02  0.43829E-05  0.50765E-05 -0.34778E-05
  0.92700E+02  0.55114E-05  0.42552E-05 -0.44481E-05
  0.93000E+02  0.65509E-05  0.33930E-05 -0.53776E-05
  0.93300E+02  0.74937E-05  0.24989E-05 -0.62549E-05
  0.93600E+02  0.83335E-05  0.15830E-05 -0.70701E-05
  0.93900E+02  0.90652E-05  0.65625E-06 -0.78132E-05
  0.94200E+02  0.96848E-05 -0.26995E-06 -0.84730E-05
  0.94500E+02  0.10190E-04 -0.11850E-05 -0.90385E-05
  0.94800E+02  0.10578E-04 -0.20791E-05 -0.95004E-05
  0.95100E+02  0.10848E-04 -0.29418E-05 -0.98527E-05
  0.95400E+02  0.11001E-04 -0.37616E-05 -0.10091E-04
  0.95700E+02  0.11039E-04 -0.45273E-05 -0.10210E-04
  0.96000E+02  0.10964E-04 -0.52287E-05 -0.10206E-04
  0.96300E+02  0.10780E-04 -0.58573E-05 -0.10079E-04
  0.96600E+02  0.10493E-04 -0.64051E-05 -0.98306E-05
  0.96900E+02  0.10109E-04 -0.68650E-05 -0.94628E-05
  0.97200E+02  0.96353E-05 -0.72309E-05 -0.89791E-05
  0.97500E+02  0.90807E-05 -0.74991E-05 -0.83833E-05
  0.97800E+02  0.84543E-05 -0.76687E-05 -0.76811E-05
  0.98100E+02  0.77658E-05 -0.77400E-05 -0.68802E-05
  0.98400E+02  0.70253E-05 -0.77140E-05 -0.59891E-05
  0.98700E+02  0.62427E-05 -0.75932E-05 -0.50164E-05
  0.99000E+02  0.54279E-05 -0.73816E-05 -0.39722E-05
  0.99300E+02  0.45905E-05 -0.70843E-05 -0.28677E-05
  0.99600E+02  0.37402E-05 -0.67072E-05 -0.17155E-05
  0.99900E+02  0.28867E-05 -0.62570E-05 -0.52850E-06
  0.10020E+03  0.20394E-05 -0.57411E-05  0.68001E-06
  0.10050E+03  0.12075E-05 -0.51672E-05  0.18960E-05
  0.10080E+03  0.40016E-06 -0.45437E-05  0.31048E-05
  0.10110E+03 -0.37437E-06 -0.38786E-05  0.42916E-05
  0.10140E+03 -0.11082E-05 -0.31808E-05  0.54421E-05
  0.10170E+03 -0.17939E-05 -0.24587E-05  0.65420E-05
  0.10200E+03 -0.24242E-05 -0.17209E-05  0.75777E-05
  0.10230E+03 -0.29924E-05 -0.97597E-06  0.85364E-05
  0.10260E+03 -0.34925E-05 -0.23219E-06  0.94064E-05
  0.10290E+03 -0.39195E-05  0.50195E-06  0.10177E-04
  0.10320E+03 -0.42698E-05  0.12180E-05  0.10840E-04
  0.10350E+03 -0.45414E-05  0.19077E-05  0.11388E-04
  0.10380E+03 -0.47339E-05  0.25632E-05  0.11814E-04
  0.10410E+03 -0.48484E-05  0.31771E-05  0.12113E-04
  0.10440E+03 -0.48872E-05  0.37429E-05  0.12283E-04
  0.10470E+03 -0.48537E-05  0.42550E-05  0.12322E-04
  0.10500E+03 -0.47524E-05  0.47086E-05  0.12229E-04
  0.10530E+03 -0.45879E-05  0.50997E-05  0.12007E-04
  0.10560E+03 -0.43655E-05  0.54251E-05  0.11657E-04
  0.10590E+03 -0.40911E-05  0.56823E-05  0.11186E-04
  0.10620E+03 -0.37708E-05  0.58698E-05  0.10599E-04
  0.10650E+03 -0.34110E-05  0.59864E-05  0.99029E-05
  0.10680E+03 -0.30178E-05  0.60315E-05  0.91076E-05
  0.10710E+03 -0.25970E-05  0.60048E-05  0.82227E-05
  0.10740E+03 -0.21538E-05  0.59063E-05  0.72596E-05
  0.10770E+03 -0.16930E-05  0.57363E-05  0.62300E-05
  0.10800E+03 -0.12197E-05  0.54961E-05  0.51464E-05
  0.10830E+03 -0.73892E-06  0.51879E-05  0.40217E-05
  0.10860E+03 -0.25609E-06  0.48152E-05  0.28686E-05
  0.10890E+03  0.22308E-06  0.43831E-05  0.17000E-05
  0.10920E+03  0.69286E-06  0.38973E-05  0.52848E-06
  0.10950E+03  0.11476E-05  0.33648E-05 -0.63385E-06
  0.10980E+03  0.15817E-05  0.27931E-05 -0.17752E-05
  0.11010E+03  0.19900E-05  0.21904E-05 -0.28842E-05
  0.11040E+03  0.23672E-05  0.15654E-05 -0.39502E-05
  0.11070E+03  0.27089E-05  0.92662E-06 -0.49629E-05
  0.11100E+03  0.30113E-05  0.28246E-06 -0.59129E-05
  0.11130E+03  0.32712E-05 -0.35940E-06 -0.67912E-05
  0.11160E+03  0.34863E-05 -0.99196E-06 -0.75895E-05
  0.11190E+03  0.36548E-05 -0.16090E-05 -0.83003E-05
  0.11220E+03  0.37760E-05 -0.22048E-05 -0.89169E-05
  0.11250E+03  0.38494E-05 -0.27746E-05 -0.94335E-05
  0.11280E+03  0.38752E-05 -0.33135E-05 -0.98452E-05
  0.11310E+03  0.38537E-05 -0.38171E-05 -0.10148E-04
  0.11340E+03  0.37859E-05 -0.42810E-05 -0.10340E-04
  0.11370E+03  0.36730E-05 -0.47014E-05 -0.10418E-04
  0.11400E+03  0.35166E-05 -0.50746E-05 -0.10384E-04
  0.11430E+03  0.33188E-05 -0.53975E-05 -0.10238E-04
  0.11460E+03  0.30821E-05 -0.56673E-05 -0.99815E-05
  0.11490E+03  0.28095E-05 -0.58820E-05 -0.96195E-05
  0.11520E+03  0.25045E-05 -0.60396E-05 -0.91570E-05
  0.11550E+03  0.21713E-05 -0.61388E-05 -0.86006E-05
  0.11580E+03  0.18144E-05 -0.61789E-05 -0.79584E-05
  0.11610E+03  0.14388E-05 -0.61596E-05 -0.72397E-05
  0.11640E+03  0.10498E-05 -0.60813E-05 -0.64546E-05
  0.11670E+03  0.65294E-06 -0.59450E-05 -0.56140E-05
  0.11700E+03  0.25401E-06 -0.57525E-05 -0.47291E-05
  0.11730E+03 -0.14119E-06 -0.55065E-05 -0.38114E-05
  0.11760E+03 -0.52692E-06 -0.52103E-05 -0.28726E-05
  0.11790E+03 -0.89766E-06 -0.48682E-05 -0.19238E-05
  0.11820E+03 -0.12482E-05 -0.44848E-05 -0.97613E-06
  0.11850E+03 -0.15737E-05 -0.40654E-05 -0.40186E-07
  0.11880E+03 -0.18699E-05 -0.36157E-05  0.87396E-06
  0.11910E+03 -0.21329E-05 -0.31414E-05  0.17569E-05
  0.11940E+03 -0.23597E-05 -0.26487E-05  0.25998E-05
  0.11970E+03 -0.25476E-05 -0.21432E-05  0.33946E-05
  0.12000E+03 -0.26949E-05 -0.16309E-05  0.41338E-05
  0.12030E+03 -0.28005E-05 -0.11169E-05  0.48103E-05
  0.12060E+03 -0.28640E-05 -0.60592E-06  0.54175E-05
  0.12090E+03 -0.28855E-05 -0.10213E-06  0.59492E-05
  0.12120E+03 -0.28659E-05  0.39038E-06  0.64000E-05
  0.12150E+03 -0.28066E-05  0.86775E-06  0.67650E-05
  0.12180E+03 -0.27099E-05  0.13264E-05  0.70404E-05
  0.12210E+03 -0.25786E-05  0.17629E-05  0.72232E-05
  0.12240E+03 -0.24165E-05  0.21743E-05  0.73120E-05
  0.12270E+03 -0.22282E-05  0.25577E-05  0.73063E-05
  0.12300E+03 -0.20184E-05  0.29106E-05  0.72073E-05
  0.12330E+03 -0.17924E-05  0.32312E-05  0.70169E-05
  0.12360E+03 -0.15551E-05  0.35179E-05  0.67388E-05
  0.12390E+03 -0.13112E-05  0.37697E-05  0.63773E-05
  0.12420E+03 -0.10645E-05  0.39861E-05  0.59380E-05
  0.12450E+03 -0.81856E-06  0.41666E-05  0.54274E-05
  0.12480E+03 -0.57656E-06  0.43111E-05  0.48527E-05
  0.12510E+03 -0.34143E-06  0.44197E-05  0.42216E-05
  0.12540E+03 -0.11618E-06  0.44925E-05  0.35426E-05
  0.12570E+03  0.95911E-07  0.45301E-05  0.28244E-05
  0.12600E+03  0.29128E-06  0.45331E-05  0.20762E-05
  0.12630E+03  0.46630E-06  0.45025E-05  0.13071E-05
  0.12660E+03  0.61757E-06  0.44401E-05  0.52688E-06
  0.12690E+03  0.74228E-06  0.43478E-05 -0.25499E-06
  0.12720E+03  0.83851E-06  0.42282E-05 -0.10287E-05
  0.12750E+03  0.90527E-06  0.40844E-05 -0.17846E-05
  0.12780E+03  0.94251E-06  0.39195E-05 -0.25130E-05
  0.12810E+03  0.95096E-06  0.37371E-05 -0.32044E-05
  0.12840E+03  0.93188E-06  0.35410E-05 -0.38494E-05
  0.12870E+03  0.88686E-06  0.33349E-05 -0.44394E-05
  0.12900E+03  0.81755E-06  0.31224E-05 -0.49661E-05
  0.12930E+03  0.72549E-06  0.29069E-05 -0.54221E-05
  0.12960E+03  0.61212E-06  0.26910E-05 -0.58010E-05
  0.12990E+03  0.47875E-06  0.24771E-05 -0.60977E-05
  0.13020E+03  0.32672E-06  0.22670E-05 -0.63084E-05
  0.13050E+03  0.15756E-06  0.20624E-05 -0.64311E-05
  0.13080E+03 -0.26866E-07  0.18649E-05 -0.64651E-05
  0.13110E+03 -0.22425E-06  0.16759E-05 -0.64116E-05
  0.13140E+03 -0.43176E-06  0.14968E-05 -0.62729E-05
  0.13170E+03 -0.64605E-06  0.13286E-05 -0.60529E-05
  0.13200E+03 -0.86338E-06  0.11726E-05 -0.57562E-05
  0.13230E+03 -0.10798E-05  0.10295E-05 -0.53882E-05
  0.13260E+03 -0.12916E-05  0.89978E-06 -0.49549E-05
  0.13290E+03 -0.14953E-05  0.78367E-06 -0.44625E-05
  0.13320E+03 -0.16883E-05  0.68067E-06 -0.39175E-05
  0.13350E+03 -0.18679E-05  0.58968E-06 -0.33265E-05
  0.13380E+03 -0.20319E-05  0.50902E-06 -0.26963E-05
  0.13410E+03 -0.21785E-05  0.43651E-06 -0.20339E-05
  0.13440E+03 -0.23056E-05  0.36959E-06 -0.13462E-05
  0.13470E+03 -0.24116E-05  0.30551E-06 -0.64061E-06
  0.13500E+03 -0.24946E-05  0.24159E-06  0.75271E-07
  0.13530E+03 -0.25531E-05  0.17548E-06  0.79359E-06
  0.13560E+03 -0.25858E-05  0.10532E-06  0.15062E-05
  0.13590E+03 -0.25914E-05  0.29786E-07  0.22050E-05
  0.13620E+03 -0.25690E-05 -0.52056E-07  0.28815E-05
  0.13650E+03 -0.25178E-05 -0.14088E-06  0.35278E-05
  0.13680E+03 -0.24375E-05 -0.23732E-06  0.41359E-05
  0.13710E+03 -0.23282E-05 -0.34208E-06  0.46984E-05
  0.13740E+03 -0.21905E-05 -0.45591E-06  0.52087E-05
  0.13770E+03 -0.20255E-05 -0.57948E-06  0.56606E-05
  0.13800E+03 -0.18349E-05 -0.71317E-06  0.60489E-05
  0.13830E+03 -0.16206E-05 -0.85692E-06  0.63690E-05
  0.13860E+03 -0.13847E-05 -0.10101E-05  0.66174E-05
  0.13890E+03 -0.11293E-05 -0.11713E-05  0.67914E-05
  0.13920E+03 -0.85668E-06 -0.13390E-05  0.68895E-05
  0.13950E+03 -0.56929E-06 -0.15111E-05  0.69108E-05
  0.13980E+03 -0.26995E-06 -0.16858E-05  0.68555E-05
  0.14010E+03  0.38200E-07 -0.18610E-05  0.67248E-05
  0.14040E+03  0.35167E-06 -0.20350E-05  0.65204E-05
  0.14070E+03  0.66673E-06 -0.22059E-05  0.62450E-05
  0.14100E+03  0.97954E-06 -0.23722E-05  0.59019E-05
  0.14130E+03  0.12864E-05 -0.25322E-05  0.54950E-05
  0.14160E+03  0.15837E-05 -0.26845E-05  0.50290E-05
  0.14190E+03  0.18683E-05 -0.28275E-05  0.45090E-05
  0.14220E+03  0.21375E-05 -0.29597E-05  0.39409E-05
  0.14250E+03  0.23889E-05 -0.30792E-05  0.33311E-05
  0.14280E+03  0.26208E-05 -0.31839E-05  0.26864E-05
  0.14310E+03  0.28316E-05 -0.32714E-05  0.20144E-05
  0.14340E+03  0.30202E-05 -0.33386E-05  0.13229E-05
  0.14370E+03  0.31853E-05 -0.33824E-05  0.62047E-06
  0.14400E+03  0.33259E-05 -0.33999E-05 -0.84300E-07
  0.14430E+03  0.34412E-05 -0.33888E-05 -0.78249E-06
  0.14460E+03  0.35302E-05 -0.33475E-05 -0.14652E-05
  0.14490E+03  0.35918E-05 -0.32757E-05 -0.21238E-05
  0.14520E+03  0.36253E-05 -0.31743E-05 -0.27500E-05
  0.14550E+03  0.36297E-05 -0.30453E-05 -0.33364E-05
  0.14580E+03  0.36043E-05 -0.28913E-05 -0.38763E-05
  0.14610E+03  0.35485E-05 -0.27151E-05 -0.43639E-05
  0.14640E+03  0.34620E-05 -0.25196E-05 -0.47949E-05
  0.14670E+03  0.33447E-05 -0.23072E-05 -0.51656E-05
  0.14700E+03  0.31965E-05 -0.20799E-05 -0.54736E-05
  0.14730E+03  0.30179E-05 -0.18394E-05 -0.57173E-05
  0.14760E+03  0.28098E-05 -0.15864E-05 -0.58959E-05
  0.14790E+03  0.25736E-05 -0.13219E-05 -0.60092E-05
  0.14820E+03  0.23118E-05 -0.10463E-05 -0.60577E-05
  0.14850E+03  0.20275E-05 -0.76023E-06 -0.60422E-05
  0.14880E+03  0.17247E-05 -0.46463E-06 -0.59639E-05
  0.14910E+03  0.14075E-05 -0.16084E-06 -0.58245E-05
  0.14940E+03  0.10806E-05  0.14913E-06 -0.56264E-05
  0.14970E+03  0.74857E-06  0.46265E-06 -0.53724E-05
  0.15000E+03  0.41578E-06  0.77648E-06 -0.50658E-05
  0.15030E+03  0.86454E-07  0.10870E-05 -0.47108E-05
  0.15060E+03 -0.23560E-06  0.13903E-05 -0.43123E-05
  0.15090E+03 -0.54697E-06  0.16824E-05 -0.38756E-05
  0.15120E+03 -0.84474E-06  0.19597E-05 -0.34066E-05
  0.15150E+03 -0.11265E-05  0.22186E-05 -0.29116E-05
  0.15180E+03 -0.13904E-05  0.24564E-05 -0.23973E-05
  0.15210E+03 -0.16350E-05  0.26709E-05 -0.18704E-05
  0.15240E+03 -0.18591E-05  0.28605E-05 -0.13376E-05
  0.15270E+03 -0.20619E-05  0.30243E-05 -0.80570E-06
  0.15300E+03 -0.22426E-05  0.31618E-05 -0.28096E-06
  0.15330E+03 -0.24002E-05  0.32729E-05  0.23059E-06
  0.15360E+03 -0.25341E-05  0.33575E-05  0.72344E-06
  0.15390E+03 -0.26433E-05  0.34156E-05  0.11926E-05
  0.15420E+03 -0.27273E-05  0.34469E-05  0.16334E-05
  0.15450E+03 -0.27853E-05  0.34511E-05  0.20420E-05
  0.15480E+03 -0.28168E-05  0.34276E-05  0.24147E-05
  0.15510E+03 -0.28215E-05  0.33760E-05  0.27485E-05
  0.15540E+03 -0.27990E-05  0.32959E-05  0.30406E-05
  0.15570E+03 -0.27493E-05  0.31868E-05  0.32888E-05
  0.15600E+03 -0.26723E-05  0.30491E-05  0.34913E-05
  0.15630E+03 -0.25688E-05  0.28832E-05  0.36467E-05
  0.15660E+03 -0.24399E-05  0.26903E-05  0.37542E-05
  0.15690E+03 -0.22871E-05  0.24718E-05  0.38134E-05
  0.15720E+03 -0.21127E-05  0.22298E-05  0.38248E-05
  0.15750E+03 -0.19197E-05  0.19667E-05  0.37893E-05
  0.15780E+03 -0.17113E-05  0.16854E-05  0.37084E-05
  0.15810E+03 -0.14912E-05  0.13893E-05  0.35843E-05
  0.15840E+03 -0.12626E-05  0.10825E-05  0.34194E-05
  0.15870E+03 -0.10289E-05  0.76913E-06  0.32167E-05
  0.15900E+03 -0.79270E-06  0.45386E-06  0.29795E-05
  0.15930E+03 -0.55628E-06  0.14133E-06  0.27111E-05
  0.15960E+03 -0.32142E-06 -0.16388E-06  0.24154E-05
  0.15990E+03 -0.89557E-07 -0.45747E-06  0.20963E-05
  0.16020E+03  0.13810E-06 -0.73554E-06  0.17578E-05
  0.16050E+03  0.36034E-06 -0.99481E-06  0.14044E-05
  0.16080E+03  0.57580E-06 -0.12327E-05  0.10405E-05
  0.16110E+03  0.78290E-06 -0.14472E-05  0.67098E-06
  0.16140E+03  0.97976E-06 -0.16373E-05  0.30060E-06
  0.16170E+03  0.11643E-05 -0.18022E-05 -0.65735E-07
  0.16200E+03  0.13343E-05 -0.19418E-05 -0.42313E-06
  0.16230E+03  0.14877E-05 -0.20563E-05 -0.76681E-06
  0.16260E+03  0.16224E-05 -0.21459E-05 -0.10922E-05
  0.16290E+03  0.17366E-05 -0.22110E-05 -0.13952E-05
  0.16320E+03  0.18286E-05 -0.22519E-05 -0.16719E-05
  0.16350E+03  0.18969E-05 -0.22689E-05 -0.19190E-05
  0.16380E+03  0.19406E-05 -0.22624E-05 -0.21338E-05
  0.16410E+03  0.19588E-05 -0.22328E-05 -0.23139E-05
  0.16440E+03  0.19510E-05 -0.21809E-05 -0.24575E-05
  0.16470E+03  0.19171E-05 -0.21078E-05 -0.25630E-05
  0.16500E+03  0.18575E-05 -0.20147E-05 -0.26293E-05
  0.16530E+03  0.17732E-05 -0.19032E-05 -0.26554E-05
  0.16560E+03  0.16654E-05 -0.17754E-05 -0.26407E-05
  0.16590E+03  0.15356E-05 -0.16338E-05 -0.25851E-05
  0.16620E+03  0.13855E-05 -0.14812E-05 -0.24885E-05
  0.16650E+03  0.12172E-05 -0.13203E-05 -0.23518E-05
  0.16680E+03  0.10322E-05 -0.11542E-05 -0.21763E-05
  0.16710E+03  0.83255E-06 -0.98560E-06 -0.19640E-05
  0.16740E+03  0.61989E-06 -0.81688E-06 -0.17178E-05
  0.16770E+03  0.39618E-06 -0.65038E-06 -0.14413E-05
  0.16800E+03  0.16357E-06 -0.48815E-06 -0.11390E-05
  0.16830E+03 -0.75510E-07 -0.33209E-06 -0.81560E-06
  0.16860E+03 -0.31830E-06 -0.18384E-06 -0.47655E-06
  0.16890E+03 -0.56175E-06 -0.44784E-07 -0.12748E-06
  0.16920E+03 -0.80257E-06  0.84021E-07  0.22588E-06
  0.16950E+03 -0.10373E-05  0.20185E-06  0.57782E-06
  0.16980E+03 -0.12623E-05  0.30822E-06  0.92285E-06
  0.17010E+03 -0.14743E-05  0.40276E-06  0.12557E-05
  0.17040E+03 -0.16701E-05  0.48513E-06  0.15717E-05
  0.17070E+03 -0.18470E-05  0.55494E-06  0.18663E-05
  0.17100E+03 -0.20027E-05  0.61169E-06  0.21357E-05
  0.17130E+03 -0.21351E-05  0.65473E-06  0.23767E-05
  0.17160E+03 -0.22425E-05  0.68323E-06  0.25865E-05
  0.17190E+03 -0.23237E-05  0.69638E-06  0.27629E-05
  0.17220E+03 -0.23776E-05  0.69347E-06  0.29045E-05
  0.17250E+03 -0.24036E-05  0.67412E-06  0.30098E-05
  0.17280E+03 -0.24016E-05  0.63837E-06  0.30782E-05
  0.17310E+03 -0.23716E-05  0.58673E-06  0.31089E-05
  0.17340E+03 -0.23136E-05  0.52018E-06  0.31019E-05
  0.17370E+03 -0.22281E-05  0.44009E-06  0.30572E-05
  0.17400E+03 -0.21153E-05  0.34817E-06  0.29748E-05
  0.17430E+03 -0.19757E-05  0.24629E-06  0.28556E-05
  0.17460E+03 -0.18097E-05  0.13639E-06  0.27001E-05
  0.17490E+03 -0.16182E-05  0.20359E-07  0.25098E-05
  0.17520E+03 -0.14024E-05 -0.10008E-06  0.22863E-05
  0.17550E+03 -0.11635E-05 -0.22340E-06  0.20319E-05
  0.17580E+03 -0.90339E-06 -0.34833E-06  0.17491E-05
  0.17610E+03 -0.62428E-06 -0.47380E-06  0.14411E-05
  0.17640E+03 -0.32866E-06 -0.59901E-06  0.11116E-05
  0.17670E+03 -0.19348E-07 -0.72329E-06  0.76438E-06
  0.17700E+03  0.30066E-06 -0.84611E-06  0.40362E-06
  0.17730E+03  0.62820E-06 -0.96695E-06  0.33652E-07
  0.17760E+03  0.95998E-06 -0.10852E-05 -0.34108E-06
  0.17790E+03  0.12927E-05 -0.12001E-05 -0.71608E-06
  0.17820E+03  0.16229E-05 -0.13109E-05 -0.10869E-05
  0.17850E+03  0.19475E-05 -0.14166E-05 -0.14490E-05
  0.17880E+03  0.22633E-05 -0.15162E-05 -0.17982E-05
  0.17910E+03  0.25671E-05 -0.16088E-05 -0.21301E-05
  0.17940E+03  0.28560E-05 -0.16932E-05 -0.24408E-05
  0.17970E+03  0.31269E-05 -0.17683E-05 -0.27265E-05
  0.18000E+03  0.33770E-05 -0.18330E-05 -0.29836E-05
  0.18030E+03  0.36037E-05 -0.18859E-05 -0.32091E-05
  0.18060E+03  0.38050E-05 -0.19256E-05 -0.34002E-05
  0.18090E+03  0.39789E-05 -0.19504E-05 -0.35545E-05
  0.18120E+03  0.41242E-05 -0.19588E-05 -0.36701E-05
  0.18150E+03  0.42397E-05 -0.19493E-05 -0.37455E-05
  0.18180E+03  0.43244E-05 -0.19203E-05 -0.37798E-05
  0.18210E+03  0.43772E-05 -0.18707E-05 -0.37724E-05
  0.18240E+03  0.43971E-05 -0.17995E-05 -0.37233E-05
  0.18270E+03  0.43829E-05 -0.17059E-05 -0.36332E-05
  0.18300E+03  0.43338E-05 -0.15898E-05 -0.35032E-05
  0.18330E+03  0.42487E-05 -0.14511E-05 -0.33352E-05
  0.18360E+03  0.41272E-05 -0.12905E-05 -0.31314E-05
  0.18390E+03  0.39692E-05 -0.11085E-05 -0.28945E-05
  0.18420E+03  0.37754E-05 -0.90617E-06 -0.26277E-05
  0.18450E+03  0.35468E-05 -0.68443E-06 -0.23343E-05
  0.18480E+03  0.32854E-05 -0.44466E-06 -0.20178E-05
  0.18510E+03  0.29938E-05 -0.18841E-06 -0.16819E-05
  0.18540E+03  0.26750E-05  0.82429E-07 -0.13303E-05
  0.18570E+03  0.23325E-05  0.36576E-06 -0.96675E-06
  0.18600E+03  0.19698E-05  0.65927E-06 -0.59478E-06
  0.18630E+03  0.15906E-05  0.96056E-06 -0.21808E-06
  0.18660E+03  0.11983E-05  0.12672E-05  0.15976E-06
  0.18690E+03  0.79604E-06  0.15766E-05  0.53513E-06
  0.18720E+03  0.38710E-06  0.18862E-05  0.90448E-06
  0.18750E+03 -0.25490E-07  0.21935E-05  0.12643E-05
  0.18780E+03 -0.43876E-06  0.24958E-05  0.16111E-05
  0.18810E+03 -0.84979E-06  0.27904E-05  0.19417E-05
  0.18840E+03 -0.12557E-05  0.30746E-05  0.22529E-05
  0.18870E+03 -0.16536E-05  0.33459E-05  0.25417E-05
  0.18900E+03 -0.20408E-05  0.36016E-05  0.28054E-05
  0.18930E+03 -0.24143E-05  0.38394E-05  0.30415E-05
  0.18960E+03 -0.27715E-05  0.40572E-05  0.32478E-05
  0.18990E+03 -0.31095E-05  0.42531E-05  0.34224E-05
  0.19020E+03 -0.34258E-05  0.44255E-05  0.35635E-05
  0.19050E+03 -0.37180E-05  0.45730E-05  0.36697E-05
  0.19080E+03 -0.39837E-05  0.46945E-05  0.37397E-05
  0.19110E+03 -0.42211E-05  0.47884E-05  0.37728E-05
  0.19140E+03 -0.44290E-05  0.48534E-05  0.37681E-05
  0.19170E+03 -0.46065E-05  0.48878E-05  0.37255E-05
  0.19200E+03 -0.47533E-05  0.48899E-05  0.36452E-05
  0.19230E+03 -0.48693E-05  0.48576E-05  0.35277E-05
  0.19260E+03 -0.49548E-05  0.47893E-05  0.33741E-05
  0.19290E+03 -0.50100E-05  0.46831E-05  0.31862E-05
  0.19320E+03 -0.50352E-05  0.45381E-05  0.29661E-05
  0.19350E+03 -0.50305E-05  0.43538E-05  0.27163E-05
  0.19380E+03 -0.49962E-05  0.41306E-05  0.24400E-05
  0.19410E+03 -0.49325E-05  0.38703E-05  0.21404E-05
  0.19440E+03 -0.48399E-05  0.35752E-05  0.18212E-05
  0.19470E+03 -0.47190E-05  0.32487E-05  0.14860E-05
  0.19500E+03 -0.45709E-05  0.28943E-05  0.11385E-05
  0.19530E+03 -0.43971E-05  0.25160E-05  0.78232E-06
  0.19560E+03 -0.41992E-05  0.21172E-05  0.42111E-06
  0.19590E+03 -0.39792E-05  0.17015E-05  0.58378E-07
  0.19620E+03 -0.37388E-05  0.12719E-05 -0.30237E-06
  0.19650E+03 -0.34801E-05  0.83107E-06 -0.65768E-06
  0.19680E+03 -0.32049E-05  0.38143E-06 -0.10042E-05
  0.19710E+03 -0.29151E-05 -0.74652E-07 -0.13385E-05
  0.19740E+03 -0.26127E-05 -0.53483E-06 -0.16574E-05
  0.19770E+03 -0.22998E-05 -0.99656E-06 -0.19580E-05
  0.19800E+03 -0.19786E-05 -0.14570E-05 -0.22373E-05
  0.19830E+03 -0.16514E-05 -0.19130E-05 -0.24927E-05
  0.19860E+03 -0.13206E-05 -0.23609E-05 -0.27219E-05
  0.19890E+03 -0.98846E-06 -0.27967E-05 -0.29229E-05
  0.19920E+03 -0.65739E-06 -0.32160E-05 -0.30939E-05
  0.19950E+03 -0.32953E-06 -0.36142E-05 -0.32333E-05
  0.19980E+03 -0.69876E-08 -0.39866E-05 -0.33402E-05
  0.20010E+03  0.30807E-06 -0.43290E-05 -0.34135E-05
  0.20040E+03  0.61327E-06 -0.46373E-05 -0.34528E-05
  0.20070E+03  0.90592E-06 -0.49079E-05 -0.34580E-05
  0.20100E+03  0.11830E-05 -0.51379E-05 -0.34290E-05
  0.20130E+03  0.14414E-05 -0.53252E-05 -0.33666E-05
  0.20160E+03  0.16781E-05 -0.54680E-05 -0.32715E-05
  0.20190E+03  0.18903E-05 -0.55653E-05 -0.31451E-05
  0.20220E+03  0.20760E-05 -0.56166E-05 -0.29890E-05
  0.20250E+03  0.22335E-05 -0.56217E-05 -0.28051E-05
  0.20280E+03  0.23623E-05 -0.55809E-05 -0.25958E-05
  0.20310E+03  0.24625E-05 -0.54945E-05 -0.23635E-05
  0.20340E+03  0.25348E-05 -0.53635E-05 -0.21110E-05
  0.20370E+03  0.25804E-05 -0.51890E-05 -0.18411E-05
  0.20400E+03  0.26011E-05 -0.49728E-05 -0.15566E-05
  0.20430E+03  0.25987E-05 -0.47170E-05 -0.12605E-05
  0.20460E+03  0.25748E-05 -0.44241E-05 -0.95565E-06
  0.20490E+03  0.25314E-05 -0.40971E-05 -0.64516E-06
  0.20520E+03  0.24700E-05 -0.37395E-05 -0.33205E-06
  0.20550E+03  0.23922E-05 -0.33551E-05 -0.19417E-07
  0.20580E+03  0.22992E-05 -0.29480E-05  0.28955E-06
  0.20610E+03  0.21924E-05 -0.25228E-05  0.59160E-06
  0.20640E+03  0.20731E-05 -0.20839E-05  0.88346E-06
  0.20670E+03  0.19431E-05 -0.16361E-05  0.11619E-05
  0.20700E+03  0.18043E-05 -0.11840E-05  0.14238E-05
  0.20730E+03  0.16592E-05 -0.73186E-06  0.16662E-05
  0.20760E+03  0.15105E-05 -0.28377E-06  0.18865E-05
  0.20790E+03  0.13612E-05  0.15666E-06  0.20826E-05
  0.20820E+03  0.12145E-05  0.58619E-06  0.22526E-05
  0.20850E+03  0.10733E-05  0.10020E-05  0.23952E-05
  0.20880E+03  0.94042E-06  0.14014E-05  0.25096E-05
  0.20910E+03  0.81807E-06  0.17819E-05  0.25955E-05
  0.20940E+03  0.70812E-06  0.21411E-05  0.26528E-05
  0.20970E+03  0.61190E-06  0.24764E-05  0.26819E-05
  0.21000E+03  0.53037E-06  0.27852E-05  0.26834E-05
  0.21030E+03  0.46417E-06  0.30650E-05  0.26580E-05
  0.21060E+03  0.41377E-06  0.33132E-05  0.26067E-05
  0.21090E+03  0.37960E-06  0.35276E-05  0.25308E-05
  0.21120E+03  0.36204E-06  0.37060E-05  0.24317E-05
  0.21150E+03  0.36148E-06  0.38467E-05  0.23109E-05
  0.21180E+03  0.37822E-06  0.39486E-05  0.21702E-05
  0.21210E+03  0.41252E-06  0.40108E-05  0.20117E-05
  0.21240E+03  0.46455E-06  0.40328E-05  0.18374E-05
  0.21270E+03  0.53435E-06  0.40144E-05  0.16497E-05
  0.21300E+03  0.62174E-06  0.39560E-05  0.14509E-05
  0.21330E+03  0.72625E-06  0.38579E-05  0.12435E-05
  0.21360E+03  0.84706E-06  0.37208E-05  0.10301E-05
  0.21390E+03  0.98299E-06  0.35459E-05  0.81335E-06
  0.21420E+03  0.11325E-05  0.33346E-05  0.59573E-06
  0.21450E+03  0.12937E-05  0.30888E-05  0.37976E-06
  0.21480E+03  0.14643E-05  0.28112E-05  0.16786E-06
  0.21510E+03  0.16417E-05  0.25045E-05 -0.37775E-07
  0.21540E+03  0.18233E-05  0.21725E-05 -0.23511E-06
  0.21570E+03  0.20061E-05  0.18188E-05 -0.42236E-06
  0.21600E+03  0.21876E-05  0.14475E-05 -0.59796E-06
  0.21630E+03  0.23653E-05  0.10625E-05 -0.76059E-06
  0.21660E+03  0.25370E-05  0.66770E-06 -0.90912E-06
  0.21690E+03  0.27007E-05  0.26673E-06 -0.10426E-05
  0.21720E+03  0.28545E-05 -0.13695E-06 -0.11603E-05
  0.21750E+03  0.29965E-05 -0.54000E-06 -0.12616E-05
  0.21780E+03  0.31247E-05 -0.93920E-06 -0.13461E-05
  0.21810E+03  0.32367E-05 -0.13314E-05 -0.14134E-05
  0.21840E+03  0.33301E-05 -0.17133E-05 -0.14634E-05
  0.21870E+03  0.34023E-05 -0.20816E-05 -0.14963E-05
  0.21900E+03  0.34507E-05 -0.24330E-05 -0.15123E-05
  0.21930E+03  0.34729E-05 -0.27642E-05 -0.15118E-05
  0.21960E+03  0.34668E-05 -0.30717E-05 -0.14953E-05
  0.21990E+03  0.34307E-05 -0.33524E-05 -0.14634E-05
  0.22020E+03  0.33634E-05 -0.36034E-05 -0.14169E-05
  0.22050E+03  0.32639E-05 -0.38219E-05 -0.13563E-05
  0.22080E+03  0.31319E-05 -0.40058E-05 -0.12825E-05
  0.22110E+03  0.29672E-05 -0.41527E-05 -0.11964E-05
  0.22140E+03  0.27699E-05 -0.42610E-05 -0.10991E-05
  0.22170E+03  0.25405E-05 -0.43293E-05 -0.99157E-06
  0.22200E+03  0.22795E-05 -0.43568E-05 -0.87529E-06
  0.22230E+03  0.19880E-05 -0.43431E-05 -0.75167E-06
  0.22260E+03  0.16671E-05 -0.42884E-05 -0.62229E-06
  0.22290E+03  0.13187E-05 -0.41934E-05 -0.48873E-06
  0.22320E+03  0.94476E-06 -0.40596E-05 -0.35265E-06
  0.22350E+03  0.54790E-06 -0.38886E-05 -0.21571E-06
  0.22380E+03  0.13103E-06 -0.36828E-05 -0.79534E-07
  0.22410E+03 -0.30252E-06 -0.34447E-05  0.54225E-07
  0.22440E+03 -0.74917E-06 -0.31768E-05  0.18392E-06
  0.22470E+03 -0.12050E-05 -0.28818E-05  0.30786E-06
  0.22500E+03 -0.16659E-05 -0.25622E-05  0.42437E-06
  0.22530E+03 -0.21275E-05 -0.22203E-05  0.53173E-06
  0.22560E+03 -0.25854E-05 -0.18587E-05  0.62827E-06
  0.22590E+03 -0.30348E-05 -0.14798E-05  0.71243E-06
  0.22620E+03 -0.34712E-05 -0.10862E-05  0.78277E-06
  0.22650E+03 -0.38897E-05 -0.68089E-06  0.83807E-06
  0.22680E+03 -0.42862E-05 -0.26673E-06  0.87733E-06
  0.22710E+03 -0.46563E-05  0.15317E-06  0.89980E-06
  0.22740E+03 -0.49963E-05  0.57566E-06  0.90501E-06
  0.22770E+03 -0.53027E-05  0.99755E-06  0.89280E-06
  0.22800E+03 -0.55724E-05  0.14157E-05  0.86334E-06
  0.22830E+03 -0.58028E-05  0.18267E-05  0.81710E-06
  0.22860E+03 -0.59915E-05  0.22275E-05  0.75490E-06
  0.22890E+03 -0.61367E-05  0.26147E-05  0.67784E-06
  0.22920E+03 -0.62371E-05  0.29850E-05  0.58731E-06
  0.22950E+03 -0.62918E-05  0.33353E-05  0.48490E-06
  0.22980E+03 -0.63006E-05  0.36623E-05  0.37243E-06
  0.23010E+03 -0.62636E-05  0.39633E-05  0.25190E-06
  0.23040E+03 -0.61815E-05  0.42355E-05  0.12540E-06
  0.23070E+03 -0.60555E-05  0.44766E-05 -0.48577E-08
  0.23100E+03 -0.58874E-05  0.46850E-05 -0.13664E-06
  0.23130E+03 -0.56791E-05  0.48593E-05 -0.26769E-06
  0.23160E+03 -0.54333E-05  0.49986E-05 -0.39578E-06
  0.23190E+03 -0.51529E-05  0.51026E-05 -0.51873E-06
  0.23220E+03 -0.48408E-05  0.51711E-05 -0.63447E-06
  0.23250E+03 -0.45005E-05  0.52042E-05 -0.74105E-06
  0.23280E+03 -0.41355E-05  0.52025E-05 -0.83675E-06
  0.23310E+03 -0.37493E-05  0.51665E-05 -0.92007E-06
  0.23340E+03 -0.33458E-05  0.50969E-05 -0.98976E-06
  0.23370E+03 -0.29285E-05  0.49946E-05 -0.10448E-05
  0.23400E+03 -0.25011E-05  0.48604E-05 -0.10847E-05
  0.23430E+03 -0.20671E-05  0.46954E-05 -0.11088E-05
  0.23460E+03 -0.16302E-05  0.45008E-05 -0.11170E-05
  0.23490E+03 -0.11939E-05  0.42781E-05 -0.11094E-05
  0.23520E+03 -0.76175E-06  0.40288E-05 -0.10862E-05
  0.23550E+03 -0.33709E-06  0.37550E-05 -0.10479E-05
  0.23580E+03  0.76863E-07  0.34586E-05 -0.99496E-06
  0.23610E+03  0.47710E-06  0.31422E-05 -0.92818E-06
  0.23640E+03  0.86082E-06  0.28083E-05 -0.84830E-06
  0.23670E+03  0.12255E-05  0.24595E-05 -0.75622E-06
  0.23700E+03  0.15689E-05  0.20989E-05 -0.65291E-06
  0.23730E+03  0.18889E-05  0.17295E-05 -0.53943E-06
  0.23760E+03  0.21838E-05  0.13543E-05 -0.41697E-06
  0.23790E+03  0.24522E-05  0.97626E-06 -0.28679E-06
  0.23820E+03  0.26930E-05  0.59850E-06 -0.15029E-06
  0.23850E+03  0.29053E-05  0.22388E-06 -0.89360E-08
  0.23880E+03  0.30887E-05 -0.14483E-06  0.13570E-06
  0.23910E+03  0.32431E-05 -0.50507E-06  0.28197E-06
  0.23940E+03  0.33688E-05 -0.85454E-06  0.42817E-06
  0.23970E+03  0.34661E-05 -0.11912E-05  0.57259E-06
  0.24000E+03  0.35358E-05 -0.15134E-05  0.71351E-06
  0.24030E+03  0.35787E-05 -0.18196E-05  0.84924E-06
  0.24060E+03  0.35957E-05 -0.21085E-05  0.97810E-06
  0.24090E+03  0.35881E-05 -0.23791E-05  0.10985E-05
  0.24120E+03  0.35568E-05 -0.26303E-05  0.12090E-05
  0.24150E+03  0.35035E-05 -0.28612E-05  0.13081E-05
  0.24180E+03  0.34293E-05 -0.30711E-05  0.13945E-05
  0.24210E+03  0.33359E-05 -0.32591E-05  0.14670E-05
  0.24240E+03  0.32249E-05 -0.34250E-05  0.15248E-05
  0.24270E+03  0.30979E-05 -0.35683E-05  0.15671E-05
  0.24300E+03  0.29569E-05 -0.36893E-05  0.15934E-05
  0.24330E+03  0.28037E-05 -0.37882E-05  0.16034E-05
  0.24360E+03  0.26405E-05 -0.38656E-05  0.15971E-05
  0.24390E+03  0.24694E-05 -0.39220E-05  0.15747E-05
  0.24420E+03  0.22925E-05 -0.39582E-05  0.15364E-05
  0.24450E+03  0.21118E-05 -0.39746E-05  0.14828E-05
  0.24480E+03  0.19291E-05 -0.39720E-05  0.14144E-05
  0.24510E+03  0.17463E-05 -0.39507E-05  0.13320E-05
  0.24540E+03  0.15648E-05 -0.39114E-05  0.12361E-05
  0.24570E+03  0.13863E-05 -0.38548E-05  0.11277E-05
  0.24600E+03  0.12120E-05 -0.37817E-05  0.10078E-05
  0.24630E+03  0.10436E-05 -0.36933E-05  0.87726E-06
  0.24660E+03  0.88254E-06 -0.35909E-05  0.73741E-06
  0.24690E+03  0.73025E-06 -0.34761E-05  0.58956E-06
  0.24720E+03  0.58821E-06 -0.33505E-05  0.43519E-06
  0.24750E+03  0.45773E-06 -0.32158E-05  0.27587E-06
  0.24780E+03  0.33992E-06 -0.30737E-05  0.11326E-06
  0.24810E+03  0.23566E-06 -0.29256E-05 -0.50959E-07
  0.24840E+03  0.14565E-06 -0.27728E-05 -0.21506E-06
  0.24870E+03  0.70454E-07 -0.26163E-05 -0.37733E-06
  0.24900E+03  0.10542E-07 -0.24568E-05 -0.53601E-06
  0.24930E+03 -0.33682E-07 -0.22953E-05 -0.68938E-06
  0.24960E+03 -0.61888E-07 -0.21321E-05 -0.83574E-06
  0.24990E+03 -0.73849E-07 -0.19679E-05 -0.97346E-06
  0.25020E+03 -0.69486E-07 -0.18031E-05 -0.11010E-05
  0.25050E+03 -0.48899E-07 -0.16384E-05 -0.12170E-05
  0.25080E+03 -0.12390E-07 -0.14742E-05 -0.13204E-05
  0.25110E+03  0.39530E-07 -0.13110E-05 -0.14103E-05
  0.25140E+03  0.10614E-06 -0.11495E-05 -0.14860E-05
  0.25170E+03  0.18652E-06 -0.99005E-06 -0.15473E-05
  0.25200E+03  0.27950E-06 -0.83312E-06 -0.15941E-05
  0.25230E+03  0.38370E-06 -0.67903E-06 -0.16262E-05
  0.25260E+03  0.49746E-06 -0.52796E-06 -0.16438E-05
  0.25290E+03  0.61885E-06 -0.37990E-06 -0.16471E-05
  0.25320E+03  0.74572E-06 -0.23462E-06 -0.16361E-05
  0.25350E+03  0.87566E-06 -0.91623E-07 -0.16110E-05
  0.25380E+03  0.10061E-05  0.49785E-07 -0.15719E-05
  0.25410E+03  0.11345E-05  0.19049E-06 -0.15192E-05
  0.25440E+03  0.12582E-05  0.33147E-06 -0.14532E-05
  0.25470E+03  0.13746E-05  0.47370E-06 -0.13745E-05
  0.25500E+03  0.14812E-05  0.61807E-06 -0.12838E-05
  0.25530E+03  0.15756E-05  0.76529E-06 -0.11820E-05
  0.25560E+03  0.16556E-05  0.91584E-06 -0.10704E-05
  0.25590E+03  0.17188E-05  0.10699E-05 -0.95028E-06
  0.25620E+03  0.17633E-05  0.12274E-05 -0.82311E-06
  0.25650E+03  0.17869E-05  0.13878E-05 -0.69041E-06
  0.25680E+03  0.17880E-05  0.15504E-05 -0.55373E-06
  0.25710E+03  0.17648E-05  0.17142E-05 -0.41457E-06
  0.25740E+03  0.17163E-05  0.18783E-05 -0.27439E-06
  0.25770E+03  0.16419E-05  0.20414E-05 -0.13457E-06
  0.25800E+03  0.15413E-05  0.22024E-05  0.36046E-08
  0.25830E+03  0.14151E-05  0.23601E-05  0.13896E-06
  0.25860E+03  0.12642E-05  0.25136E-05  0.27040E-06
  0.25890E+03  0.10899E-05  0.26622E-05  0.39692E-06
  0.25920E+03  0.89390E-06  0.28052E-05  0.51759E-06
  0.25950E+03  0.67806E-06  0.29421E-05  0.63153E-06
  0.25980E+03  0.44444E-06  0.30725E-05  0.73791E-06
  0.26010E+03  0.19527E-06  0.31958E-05  0.83597E-06
  0.26040E+03 -0.67123E-07  0.33114E-05  0.92496E-06
  0.26070E+03 -0.34026E-06  0.34183E-05  0.10042E-05
  0.26100E+03 -0.62152E-06  0.35152E-05  0.10731E-05
  0.26130E+03 -0.90818E-06  0.36007E-05  0.11311E-05
  0.26160E+03 -0.11974E-05  0.36730E-05  0.11778E-05
  0.26190E+03 -0.14861E-05  0.37303E-05  0.12129E-05
  0.26220E+03 -0.17716E-05  0.37705E-05  0.12364E-05
  0.26250E+03 -0.20508E-05  0.37921E-05  0.12481E-05
  0.26280E+03 -0.23209E-05  0.37932E-05  0.12484E-05
  0.26310E+03 -0.25793E-05  0.37726E-05  0.12374E-05
  0.26340E+03 -0.28233E-05  0.37294E-05  0.12154E-05
  0.26370E+03 -0.30509E-05  0.36628E-05  0.11830E-05
  0.26400E+03 -0.32599E-05  0.35727E-05  0.11406E-05
  0.26430E+03 -0.34486E-05  0.34589E-05  0.10885E-05
  0.26460E+03 -0.36157E-05  0.33219E-05  0.10274E-05
  0.26490E+03 -0.37599E-05  0.31622E-05  0.95782E-06
  0.26520E+03 -0.38804E-05  0.29807E-05  0.88040E-06
  0.26550E+03 -0.39764E-05  0.27784E-05  0.79592E-06
  0.26580E+03 -0.40476E-05  0.25569E-05  0.70529E-06
  0.26610E+03 -0.40934E-05  0.23179E-05  0.60957E-06
  0.26640E+03 -0.41137E-05  0.20634E-05  0.50996E-06
  0.26670E+03 -0.41085E-05  0.17956E-05  0.40779E-06
  0.26700E+03 -0.40780E-05  0.15169E-05  0.30449E-06
  0.26730E+03 -0.40228E-05  0.12296E-05  0.20158E-06
  0.26760E+03 -0.39434E-05  0.93613E-06  0.10056E-06
  0.26790E+03 -0.38409E-05  0.63846E-06  0.29445E-08
  0.26820E+03 -0.37162E-05  0.33849E-06 -0.89877E-07
  0.26850E+03 -0.35709E-05  0.37868E-07 -0.17664E-06
  0.26880E+03 -0.34062E-05 -0.26193E-06 -0.25629E-06
  0.26910E+03 -0.32239E-05 -0.55953E-06 -0.32796E-06
  0.26940E+03 -0.30255E-05 -0.85359E-06 -0.39103E-06
  0.26970E+03 -0.28127E-05 -0.11427E-05 -0.44513E-06
  0.27000E+03 -0.25870E-05 -0.14254E-05 -0.49010E-06
  0.27030E+03 -0.23502E-05 -0.16999E-05 -0.52599E-06
  0.27060E+03 -0.21038E-05 -0.19643E-05 -0.55309E-06
  0.27090E+03 -0.18498E-05 -0.22167E-05 -0.57184E-06
  0.27120E+03 -0.15902E-05 -0.24547E-05 -0.58286E-06
  0.27150E+03 -0.13274E-05 -0.26762E-05 -0.58692E-06
  0.27180E+03 -0.10640E-05 -0.28789E-05 -0.58487E-06
  0.27210E+03 -0.80282E-06 -0.30608E-05 -0.57762E-06
  0.27240E+03 -0.54657E-06 -0.32200E-05 -0.56607E-06
  0.27270E+03 -0.29791E-06 -0.33549E-05 -0.55106E-06
  0.27300E+03 -0.59184E-07 -0.34644E-05 -0.53333E-06
  0.27330E+03  0.16762E-06 -0.35475E-05 -0.51348E-06
  0.27360E+03  0.38088E-06 -0.36036E-05 -0.49193E-06
  0.27390E+03  0.57934E-06 -0.36323E-05 -0.46897E-06
  0.27420E+03  0.76198E-06 -0.36334E-05 -0.44469E-06
  0.27450E+03  0.92798E-06 -0.36070E-05 -0.41908E-06
  0.27480E+03  0.10765E-05 -0.35533E-05 -0.39204E-06
  0.27510E+03  0.12069E-05 -0.34727E-05 -0.36343E-06
  0.27540E+03  0.13181E-05 -0.33660E-05 -0.33314E-06
  0.27570E+03  0.14094E-05 -0.32338E-05 -0.30112E-06
  0.27600E+03  0.14798E-05 -0.30770E-05 -0.26746E-06
  0.27630E+03  0.15286E-05 -0.28964E-05 -0.23237E-06
  0.27660E+03  0.15553E-05 -0.26933E-05 -0.19621E-06
  0.27690E+03  0.15597E-05 -0.24688E-05 -0.15945E-06
  0.27720E+03  0.15419E-05 -0.22244E-05 -0.12265E-06
  0.27750E+03  0.15027E-05 -0.19618E-05 -0.86389E-07
  0.27780E+03  0.14430E-05 -0.16831E-05 -0.51237E-07
  0.27810E+03  0.13642E-05 -0.13909E-05 -0.17696E-07
  0.27840E+03  0.12681E-05 -0.10878E-05  0.13815E-07
  0.27870E+03  0.11564E-05 -0.77656E-06  0.42974E-07
  0.27900E+03  0.10312E-05 -0.46031E-06  0.69553E-07
  0.27930E+03  0.89452E-06 -0.14203E-06  0.93398E-07
  0.27960E+03  0.74867E-06  0.17526E-06  0.11441E-06
  0.27990E+03  0.59600E-06  0.48858E-06  0.13253E-06
  0.28020E+03  0.43900E-06  0.79497E-06  0.14770E-06
  0.28050E+03  0.28029E-06  0.10916E-05  0.15985E-06
  0.28080E+03  0.12258E-06  0.13755E-05  0.16889E-06
  0.28110E+03 -0.31347E-07  0.16441E-05  0.17471E-06
  0.28140E+03 -0.17867E-06  0.18948E-05  0.17719E-06
  0.28170E+03 -0.31660E-06  0.21250E-05  0.17619E-06
  0.28200E+03 -0.44244E-06  0.23326E-05  0.17160E-06
  0.28230E+03 -0.55364E-06  0.25155E-05  0.16335E-06
  0.28260E+03 -0.64784E-06  0.26718E-05  0.15142E-06
  0.28290E+03 -0.72295E-06  0.28000E-05  0.13590E-06
  0.28320E+03 -0.77713E-06  0.28988E-05  0.11700E-06
  0.28350E+03 -0.80880E-06  0.29673E-05  0.95077E-07
  0.28380E+03 -0.81664E-06  0.30047E-05  0.70618E-07
  0.28410E+03 -0.79956E-06  0.30109E-05  0.44255E-07
  0.28440E+03 -0.75676E-06  0.29857E-05  0.16726E-07
  0.28470E+03 -0.68769E-06  0.29298E-05 -0.11162E-07
  0.28500E+03 -0.59214E-06  0.28440E-05 -0.38578E-07
  0.28530E+03 -0.47018E-06  0.27297E-05 -0.64723E-07
  0.28560E+03 -0.32222E-06  0.25883E-05 -0.88875E-07
  0.28590E+03 -0.14895E-06  0.24218E-05 -0.11043E-06
  0.28620E+03  0.48706E-07  0.22321E-05 -0.12891E-06
  0.28650E+03  0.26963E-06  0.20213E-05 -0.14399E-06
  0.28680E+03  0.51253E-06  0.17916E-05 -0.15547E-06
  0.28710E+03  0.77595E-06  0.15450E-05 -0.16323E-06
  0.28740E+03  0.10582E-05  0.12837E-05 -0.16726E-06
  0.28770E+03  0.13576E-05  0.10099E-05 -0.16758E-06
  0.28800E+03  0.16718E-05  0.72581E-06 -0.16423E-06
  0.28830E+03  0.19986E-05  0.43376E-06 -0.15723E-06
  0.28860E+03  0.23353E-05  0.13600E-06 -0.14662E-06
  0.28890E+03  0.26787E-05 -0.16511E-06 -0.13238E-06
  0.28920E+03  0.30256E-05 -0.46718E-06 -0.11452E-06
  0.28950E+03  0.33721E-05 -0.76779E-06 -0.93040E-07
  0.28980E+03  0.37143E-05 -0.10645E-05 -0.68019E-07
  0.29010E+03  0.40482E-05 -0.13550E-05 -0.39611E-07
  0.29040E+03  0.43697E-05 -0.16368E-05 -0.80998E-08
  0.29070E+03  0.46746E-05 -0.19078E-05  0.26075E-07
  0.29100E+03  0.49591E-05 -0.21657E-05  0.62306E-07
  0.29130E+03  0.52193E-05 -0.24083E-05  0.99823E-07
  0.29160E+03  0.54516E-05 -0.26335E-05  0.13773E-06
  0.29190E+03  0.56525E-05 -0.28392E-05  0.17506E-06
  0.29220E+03  0.58186E-05 -0.30234E-05  0.21082E-06
  0.29250E+03  0.59470E-05 -0.31842E-05  0.24411E-06
  0.29280E+03  0.60349E-05 -0.33200E-05  0.27415E-06
  0.29310E+03  0.60799E-05 -0.34294E-05  0.30034E-06
  0.29340E+03  0.60801E-05 -0.35112E-05  0.32232E-06
  0.29370E+03  0.60338E-05 -0.35645E-05  0.33994E-06
  0.29400E+03  0.59398E-05 -0.35886E-05  0.35327E-06
  0.29430E+03  0.57972E-05 -0.35833E-05  0.36254E-06
  0.29460E+03  0.56057E-05 -0.35482E-05  0.36809E-06
  0.29490E+03  0.53654E-05 -0.34834E-05  0.37033E-06
  0.29520E+03  0.50771E-05 -0.33890E-05  0.36965E-06
  0.29550E+03  0.47420E-05 -0.32655E-05  0.36637E-06
  0.29580E+03  0.43618E-05 -0.31136E-05  0.36073E-06
  0.29610E+03  0.39388E-05 -0.29343E-05  0.35287E-06
  0.29640E+03  0.34759E-05 -0.27292E-05  0.34280E-06
  0.29670E+03  0.29762E-05 -0.25001E-05  0.33042E-06
  0.29700E+03  0.24433E-05 -0.22492E-05  0.31556E-06
  0.29730E+03  0.18809E-05 -0.19790E-05  0.29797E-06
  0.29760E+03  0.12931E-05 -0.16924E-05  0.27737E-06
  0.29790E+03  0.68408E-06 -0.13921E-05  0.25346E-06
  0.29820E+03  0.58437E-07 -0.10811E-05  0.22599E-06
  0.29850E+03 -0.57910E-06 -0.76211E-06  0.19481E-06
  0.29880E+03 -0.12236E-05 -0.43804E-06  0.15985E-06
  0.29910E+03 -0.18698E-05 -0.11158E-06  0.12122E-06
  0.29940E+03 -0.25126E-05  0.21456E-06  0.79192E-07
  0.29970E+03 -0.31466E-05  0.53766E-06  0.34240E-07
  0.30000E+03 -0.37666E-05  0.85497E-06 -0.12969E-07
  0.30030E+03 -0.43674E-05  0.11637E-05 -0.61592E-07
  0.30060E+03 -0.49442E-05  0.14611E-05 -0.11065E-06
  0.30090E+03 -0.54922E-05  0.17443E-05 -0.15910E-06
  0.30120E+03 -0.60068E-05  0.20107E-05 -0.20585E-06
  0.30150E+03 -0.64838E-05  0.22577E-05 -0.24990E-06
  0.30180E+03 -0.69192E-05  0.24830E-05 -0.29036E-06
  0.30210E+03 -0.73092E-05  0.26845E-05 -0.32653E-06
  0.30240E+03 -0.76506E-05  0.28606E-05 -0.35791E-06
  0.30270E+03 -0.79402E-05  0.30102E-05 -0.38425E-06
  0.30300E+03 -0.81755E-05  0.31322E-05 -0.40549E-06
  0.30330E+03 -0.83543E-05  0.32263E-05 -0.42171E-06
  0.30360E+03 -0.84747E-05  0.32922E-05 -0.43314E-06
  0.30390E+03 -0.85354E-05  0.33303E-05 -0.44002E-06
  0.30420E+03 -0.85355E-05  0.33409E-05 -0.44261E-06
  0.30450E+03 -0.84747E-05  0.33247E-05 -0.44115E-06
  0.30480E+03 -0.83533E-05  0.32823E-05 -0.43582E-06
  0.30510E+03 -0.81721E-05  0.32146E-05 -0.42675E-06
  0.30540E+03 -0.79325E-05  0.31226E-05 -0.41403E-06
  0.30570E+03 -0.76366E-05  0.30070E-05 -0.39772E-06
  0.30600E+03 -0.72871E-05  0.28689E-05 -0.37790E-06
  0.30630E+03 -0.68873E-05  0.27092E-05 -0.35464E-06
  0.30660E+03 -0.64412E-05  0.25289E-05 -0.32801E-06
  0.30690E+03 -0.59530E-05  0.23290E-05 -0.29814E-06
