  0.00000E+00 -0.70196E-13 -0.13058E-11 -0.59767E-12
  0.30000E+00 -0.54566E-12 -0.10356E-10 -0.46002E-11
  0.60000E+00 -0.21872E-11 -0.42233E-10 -0.18079E-10
  0.90000E+00 -0.61767E-11 -0.12114E-09 -0.49690E-10
  0.12000E+01 -0.14038E-10 -0.27927E-09 -0.10928E-09
  0.15000E+01 -0.27562E-10 -0.55544E-09 -0.20660E-09
  0.18000E+01 -0.48740E-10 -0.99362E-09 -0.35016E-09
  0.21000E+01 -0.79520E-10 -0.16412E-08 -0.54619E-09
  0.24000E+01 -0.12200E-09 -0.25474E-08 -0.79784E-09
  0.27000E+01 -0.17805E-09 -0.37613E-08 -0.11046E-08
  0.30000E+01 -0.24910E-09 -0.53298E-08 -0.14614E-08
  0.33000E+01 -0.33800E-09 -0.72963E-08 -0.18591E-08
  0.36000E+01 -0.44390E-09 -0.96987E-08 -0.22833E-08
  0.39000E+01 -0.56920E-09 -0.12568E-07 -0.27159E-08
  0.42000E+01 -0.71400E-09 -0.15926E-07 -0.31344E-08
  0.45000E+01 -0.87690E-09 -0.19786E-07 -0.35126E-08
  0.48000E+01 -0.10581E-08 -0.24148E-07 -0.38188E-08
  0.51000E+01 -0.12580E-08 -0.29003E-07 -0.40217E-08
  0.54000E+01 -0.14690E-08 -0.34329E-07 -0.40873E-08
  0.57000E+01 -0.16950E-08 -0.40089E-07 -0.39790E-08
  0.60000E+01 -0.19310E-08 -0.46235E-07 -0.36640E-08
  0.63000E+01 -0.21740E-08 -0.52707E-07 -0.31030E-08
  0.66000E+01 -0.24150E-08 -0.59432E-07 -0.22600E-08
  0.69000E+01 -0.26610E-08 -0.66323E-07 -0.11200E-08
  0.72000E+01 -0.29040E-08 -0.73286E-07  0.35502E-09
  0.75000E+01 -0.31280E-08 -0.80215E-07  0.21820E-08
  0.78000E+01 -0.33430E-08 -0.86997E-07  0.43860E-08
  0.81000E+01 -0.35330E-08 -0.93511E-07  0.69620E-08
  0.84000E+01 -0.37040E-08 -0.99632E-07  0.99220E-08
  0.87000E+01 -0.38410E-08 -0.10523E-06  0.13266E-07
  0.90000E+01 -0.39410E-08 -0.11018E-06  0.16964E-07
  0.93000E+01 -0.39950E-08 -0.11435E-06  0.21017E-07
  0.96000E+01 -0.40600E-08 -0.11761E-06  0.25383E-07
  0.99000E+01 -0.40100E-08 -0.11984E-06  0.30028E-07
  0.10200E+02 -0.39100E-08 -0.12094E-06  0.34900E-07
  0.10500E+02 -0.37400E-08 -0.12078E-06  0.39965E-07
  0.10800E+02 -0.36200E-08 -0.11928E-06  0.45142E-07
  0.11100E+02 -0.33600E-08 -0.11636E-06  0.50372E-07
  0.11400E+02 -0.29900E-08 -0.11195E-06  0.55587E-07
  0.11700E+02 -0.25900E-08 -0.10600E-06  0.60711E-07
  0.12000E+02 -0.22200E-08 -0.98475E-07  0.65653E-07
  0.12300E+02 -0.17400E-08 -0.89355E-07  0.70339E-07
  0.12600E+02 -0.11700E-08 -0.78647E-07  0.74667E-07
  0.12900E+02 -0.59993E-09 -0.66373E-07  0.78576E-07
  0.13200E+02  0.00000E+00 -0.52576E-07  0.81949E-07
  0.13500E+02  0.66996E-09 -0.37320E-07  0.84727E-07
  0.13800E+02  0.14401E-08 -0.20688E-07  0.86818E-07
  0.14100E+02  0.21701E-08 -0.27818E-08  0.88148E-07
  0.14400E+02  0.29700E-08  0.16276E-07  0.88650E-07
  0.14700E+02  0.37390E-08  0.36346E-07  0.88246E-07
  0.15000E+02  0.45390E-08  0.57272E-07  0.86902E-07
  0.15300E+02  0.53300E-08  0.78883E-07  0.84551E-07
  0.15600E+02  0.61200E-08  0.10099E-06  0.81174E-07
  0.15900E+02  0.69010E-08  0.12341E-06  0.76726E-07
  0.16200E+02  0.76533E-08  0.14591E-06  0.71215E-07
  0.16500E+02  0.83700E-08  0.16831E-06  0.64623E-07
  0.16800E+02  0.90470E-08  0.19036E-06  0.56962E-07
  0.17100E+02  0.96830E-08  0.21185E-06  0.48265E-07
  0.17400E+02  0.10249E-07  0.23256E-06  0.38555E-07
  0.17700E+02  0.10800E-07  0.25227E-06  0.27898E-07
  0.18000E+02  0.11200E-07  0.27075E-06  0.16334E-07
  0.18300E+02  0.11540E-07  0.28781E-06  0.39900E-08
  0.18600E+02  0.11770E-07  0.30324E-06 -0.91501E-08
  0.18900E+02  0.12050E-07  0.31684E-06 -0.22940E-07
  0.19200E+02  0.12090E-07  0.32846E-06 -0.37230E-07
  0.19500E+02  0.12060E-07  0.33792E-06 -0.51900E-07
  0.19800E+02  0.12000E-07  0.34509E-06 -0.66910E-07
  0.20100E+02  0.11730E-07  0.34984E-06 -0.82110E-07
  0.20400E+02  0.11460E-07  0.35207E-06 -0.97330E-07
  0.20700E+02  0.11100E-07  0.35171E-06 -0.11233E-06
  0.21000E+02  0.10580E-07  0.34870E-06 -0.12723E-06
  0.21300E+02  0.99299E-08  0.34300E-06 -0.14168E-06
  0.21600E+02  0.92200E-08  0.33462E-06 -0.15552E-06
  0.21900E+02  0.84501E-08  0.32357E-06 -0.16871E-06
  0.22200E+02  0.76502E-08  0.30988E-06 -0.18116E-06
  0.22500E+02  0.66198E-08  0.29366E-06 -0.19256E-06
  0.22800E+02  0.56198E-08  0.27513E-06 -0.20267E-06
  0.23100E+02  0.46398E-08  0.25481E-06 -0.21085E-06
  0.23400E+02  0.35102E-08  0.23361E-06 -0.21642E-06
  0.23700E+02  0.25702E-08  0.21288E-06 -0.21847E-06
  0.24000E+02  0.17199E-08  0.19437E-06 -0.21579E-06
  0.24300E+02  0.10600E-08  0.18009E-06 -0.20730E-06
  0.24600E+02  0.74988E-09  0.17205E-06 -0.19224E-06
  0.24900E+02  0.87994E-09  0.17183E-06 -0.17063E-06
  0.25200E+02  0.16801E-08  0.18020E-06 -0.14306E-06
  0.25500E+02  0.31300E-08  0.19720E-06 -0.11068E-06
  0.25800E+02  0.54799E-08  0.22243E-06 -0.74680E-07
  0.26100E+02  0.88398E-08  0.25510E-06 -0.36210E-07
  0.26400E+02  0.13380E-07  0.29414E-06  0.34901E-08
  0.26700E+02  0.19280E-07  0.33818E-06  0.42980E-07
  0.27000E+02  0.26650E-07  0.38545E-06  0.80650E-07
  0.27300E+02  0.35670E-07  0.43363E-06  0.11464E-06
  0.27600E+02  0.46256E-07  0.47973E-06  0.14303E-06
  0.27900E+02  0.58559E-07  0.52038E-06  0.16401E-06
  0.28200E+02  0.72449E-07  0.55196E-06  0.17593E-06
  0.28500E+02  0.87850E-07  0.57069E-06  0.17725E-06
  0.28800E+02  0.10459E-06  0.57277E-06  0.16668E-06
  0.29100E+02  0.12240E-06  0.55446E-06  0.14331E-06
  0.29400E+02  0.14108E-06  0.51223E-06  0.10654E-06
  0.29700E+02  0.16008E-06  0.44314E-06  0.56300E-07
  0.30000E+02  0.17900E-06  0.34525E-06 -0.67699E-08
  0.30300E+02  0.19739E-06  0.21768E-06 -0.81390E-07
  0.30600E+02  0.21483E-06  0.60658E-07 -0.16578E-06
  0.30900E+02  0.23053E-06 -0.12437E-06 -0.25718E-06
  0.31200E+02  0.24411E-06 -0.33464E-06 -0.35287E-06
  0.31500E+02  0.25509E-06 -0.56621E-06 -0.44986E-06
  0.31800E+02  0.26284E-06 -0.81429E-06 -0.54543E-06
  0.32100E+02  0.26691E-06 -0.10736E-05 -0.63711E-06
  0.32400E+02  0.26699E-06 -0.13388E-05 -0.72275E-06
  0.32700E+02  0.26269E-06 -0.16048E-05 -0.80076E-06
  0.33000E+02  0.25374E-06 -0.18671E-05 -0.86986E-06
  0.33300E+02  0.23984E-06 -0.21217E-05 -0.92893E-06
  0.33600E+02  0.22088E-06 -0.23654E-05 -0.97721E-06
  0.33900E+02  0.19665E-06 -0.25950E-05 -0.10137E-05
  0.34200E+02  0.16724E-06 -0.28079E-05 -0.10370E-05
  0.34500E+02  0.13255E-06 -0.30010E-05 -0.10458E-05
  0.34800E+02  0.92840E-07 -0.31710E-05 -0.10382E-05
  0.35100E+02  0.48290E-07 -0.33140E-05 -0.10125E-05
  0.35400E+02 -0.88994E-09 -0.34254E-05 -0.96691E-06
  0.35700E+02 -0.54380E-07 -0.35004E-05 -0.90025E-06
  0.36000E+02 -0.11158E-06 -0.35340E-05 -0.81173E-06
  0.36300E+02 -0.17213E-06 -0.35218E-05 -0.70146E-06
  0.36600E+02 -0.23516E-06 -0.34598E-05 -0.57025E-06
  0.36900E+02 -0.30030E-06 -0.33456E-05 -0.41980E-06
  0.37200E+02 -0.36652E-06 -0.31779E-05 -0.25241E-06
  0.37500E+02 -0.43308E-06 -0.29569E-05 -0.70680E-07
  0.37800E+02 -0.49930E-06 -0.26838E-05  0.12258E-06
  0.38100E+02 -0.56411E-06 -0.23609E-05  0.32459E-06
  0.38400E+02 -0.62679E-06 -0.19908E-05  0.53270E-06
  0.38700E+02 -0.68643E-06 -0.15762E-05  0.74422E-06
  0.39000E+02 -0.74214E-06 -0.11194E-05  0.95699E-06
  0.39300E+02 -0.79366E-06 -0.62283E-06  0.11687E-05
  0.39600E+02 -0.84123E-06 -0.89355E-07  0.13774E-05
  0.39900E+02 -0.88580E-06  0.47682E-06  0.15820E-05
  0.40200E+02 -0.92826E-06  0.10694E-05  0.17819E-05
  0.40500E+02 -0.97046E-06  0.16792E-05  0.19769E-05
  0.40800E+02 -0.10144E-05  0.22949E-05  0.21658E-05
  0.41100E+02 -0.10632E-05  0.29048E-05  0.23459E-05
  0.41400E+02 -0.11204E-05  0.34967E-05  0.25139E-05
  0.41700E+02 -0.11899E-05  0.40604E-05  0.26665E-05
  0.42000E+02 -0.12752E-05  0.45895E-05  0.28009E-05
  0.42300E+02 -0.13794E-05  0.50814E-05  0.29146E-05
  0.42600E+02 -0.15052E-05  0.55329E-05  0.30056E-05
  0.42900E+02 -0.16552E-05  0.59380E-05  0.30726E-05
  0.43200E+02 -0.18309E-05  0.62899E-05  0.31154E-05
  0.43500E+02 -0.20311E-05  0.65842E-05  0.31345E-05
  0.43800E+02 -0.22519E-05  0.68182E-05  0.31301E-05
  0.44100E+02 -0.24870E-05  0.69889E-05  0.31026E-05
  0.44400E+02 -0.27281E-05  0.70931E-05  0.30522E-05
  0.44700E+02 -0.29656E-05  0.71284E-05  0.29785E-05
  0.45000E+02 -0.31887E-05  0.70923E-05  0.28800E-05
  0.45300E+02 -0.33848E-05  0.69810E-05  0.27545E-05
  0.45600E+02 -0.35392E-05  0.67902E-05  0.26003E-05
  0.45900E+02 -0.36361E-05  0.65169E-05  0.24160E-05
  0.46200E+02 -0.36601E-05  0.61587E-05  0.22002E-05
  0.46500E+02 -0.35962E-05  0.57138E-05  0.19514E-05
  0.46800E+02 -0.34307E-05  0.51829E-05  0.16671E-05
  0.47100E+02 -0.31511E-05  0.45693E-05  0.13431E-05
  0.47400E+02 -0.27473E-05  0.38786E-05  0.97381E-06
  0.47700E+02 -0.22134E-05  0.31183E-05  0.55401E-06
  0.48000E+02 -0.15479E-05  0.23000E-05  0.79150E-07
  0.48300E+02 -0.75336E-06  0.14386E-05 -0.45315E-06
  0.48600E+02  0.16258E-06  0.55208E-06 -0.10428E-05
  0.48900E+02  0.11881E-05 -0.33850E-06 -0.16866E-05
  0.49200E+02  0.23061E-05 -0.12095E-05 -0.23780E-05
  0.49500E+02  0.34949E-05 -0.20372E-05 -0.31054E-05
  0.49800E+02  0.47302E-05 -0.27990E-05 -0.38518E-05
  0.50100E+02  0.59858E-05 -0.34744E-05 -0.45947E-05
  0.50400E+02  0.72344E-05 -0.40483E-05 -0.53076E-05
  0.50700E+02  0.84478E-05 -0.45121E-05 -0.59613E-05
  0.51000E+02  0.95997E-05 -0.48653E-05 -0.65279E-05
  0.51300E+02  0.10666E-04 -0.51166E-05 -0.69824E-05
  0.51600E+02  0.11626E-04 -0.52834E-05 -0.73049E-05
  0.51900E+02  0.12461E-04 -0.53889E-05 -0.74828E-05
  0.52200E+02  0.13159E-04 -0.54594E-05 -0.75121E-05
  0.52500E+02  0.13706E-04 -0.55190E-05 -0.73978E-05
  0.52800E+02  0.14097E-04 -0.55870E-05 -0.71535E-05
  0.53100E+02  0.14326E-04 -0.56745E-05 -0.67998E-05
  0.53400E+02  0.14389E-04 -0.57836E-05 -0.63604E-05
  0.53700E+02  0.14283E-04 -0.59081E-05 -0.58578E-05
  0.54000E+02  0.14005E-04 -0.60352E-05 -0.53101E-05
  0.54300E+02  0.13553E-04 -0.61490E-05 -0.47284E-05
  0.54600E+02  0.12925E-04 -0.62343E-05 -0.41171E-05
  0.54900E+02  0.12117E-04 -0.62804E-05 -0.34763E-05
  0.55200E+02  0.11130E-04 -0.62843E-05 -0.28041E-05
  0.55500E+02  0.99654E-05 -0.62514E-05 -0.21001E-05
  0.55800E+02  0.86273E-05 -0.61935E-05 -0.13672E-05
  0.56100E+02  0.71239E-05 -0.61241E-05 -0.61386E-06
  0.56400E+02  0.54691E-05 -0.60535E-05  0.14408E-06
  0.56700E+02  0.36806E-05 -0.59854E-05  0.88367E-06
  0.57000E+02  0.17808E-05 -0.59167E-05  0.15802E-05
  0.57300E+02 -0.20465E-06 -0.58375E-05  0.22143E-05
  0.57600E+02 -0.22475E-05 -0.57321E-05  0.27757E-05
  0.57900E+02 -0.43187E-05 -0.55825E-05  0.32622E-05
  0.58200E+02 -0.63905E-05 -0.53754E-05  0.36757E-05
  0.58500E+02 -0.84364E-05 -0.51069E-05  0.40218E-05
  0.58800E+02 -0.10433E-04 -0.47826E-05  0.43088E-05
  0.59100E+02 -0.12359E-04 -0.44121E-05  0.45419E-05
  0.59400E+02 -0.14196E-04 -0.40059E-05  0.47191E-05
  0.59700E+02 -0.15928E-04 -0.35719E-05  0.48319E-05
  0.60000E+02 -0.17538E-04 -0.31126E-05  0.48706E-05
  0.60300E+02 -0.19010E-04 -0.26227E-05  0.48291E-05
  0.60600E+02 -0.20327E-04 -0.20926E-05  0.47068E-05
  0.60900E+02 -0.21472E-04 -0.15133E-05  0.45112E-05
  0.61200E+02 -0.22426E-04 -0.88067E-06  0.42566E-05
  0.61500E+02 -0.23172E-04 -0.19841E-06  0.39596E-05
  0.61800E+02 -0.23696E-04  0.52210E-06  0.36345E-05
  0.62100E+02 -0.23985E-04  0.12654E-05  0.32905E-05
  0.62400E+02 -0.24031E-04  0.20168E-05  0.29299E-05
  0.62700E+02 -0.23831E-04  0.27666E-05  0.25514E-05
  0.63000E+02 -0.23388E-04  0.35115E-05  0.21535E-05
  0.63300E+02 -0.22708E-04  0.42532E-05  0.17395E-05
  0.63600E+02 -0.21800E-04  0.49938E-05  0.13187E-05
  0.63900E+02 -0.20679E-04  0.57317E-05  0.90589E-06
  0.64200E+02 -0.19357E-04  0.64587E-05  0.51699E-06
  0.64500E+02 -0.17848E-04  0.71607E-05  0.16427E-06
  0.64800E+02 -0.16166E-04  0.78214E-05 -0.14657E-06
  0.65100E+02 -0.14322E-04  0.84272E-05 -0.41636E-06
  0.65400E+02 -0.12332E-04  0.89702E-05 -0.64958E-06
  0.65700E+02 -0.10212E-04  0.94488E-05 -0.84935E-06
  0.66000E+02 -0.79799E-05  0.98647E-05 -0.10142E-05
  0.66300E+02 -0.56558E-05  0.10219E-04 -0.11374E-05
  0.66600E+02 -0.32651E-05  0.10508E-04 -0.12102E-05
  0.66900E+02 -0.83600E-06  0.10722E-04 -0.12257E-05
  0.67200E+02  0.16041E-05  0.10852E-04 -0.11831E-05
  0.67500E+02  0.40266E-05  0.10887E-04 -0.10887E-05
  0.67800E+02  0.64061E-05  0.10826E-04 -0.95202E-06
  0.68100E+02  0.87193E-05  0.10670E-04 -0.78252E-06
  0.68400E+02  0.10946E-04  0.10427E-04 -0.58501E-06
  0.68700E+02  0.13070E-04  0.10103E-04 -0.35933E-06
  0.69000E+02  0.15074E-04  0.97014E-05 -0.10311E-06
  0.69300E+02  0.16943E-04  0.92198E-05  0.18382E-06
  0.69600E+02  0.18660E-04  0.86554E-05  0.49619E-06
  0.69900E+02  0.20209E-04  0.80081E-05  0.82330E-06
  0.70200E+02  0.21573E-04  0.72830E-05  0.11523E-05
  0.70500E+02  0.22737E-04  0.64909E-05  0.14728E-05
  0.70800E+02  0.23688E-04  0.56444E-05  0.17797E-05
  0.71100E+02  0.24420E-04  0.47542E-05  0.20723E-05
  0.71400E+02  0.24927E-04  0.38270E-05  0.23513E-05
  0.71700E+02  0.25211E-04  0.28658E-05  0.26138E-05
  0.72000E+02  0.25274E-04  0.18743E-05  0.28521E-05
  0.72300E+02  0.25122E-04  0.85953E-06  0.30559E-05
  0.72600E+02  0.24759E-04 -0.16667E-06  0.32159E-05
  0.72900E+02  0.24193E-04 -0.11901E-05  0.33277E-05
  0.73200E+02  0.23428E-04 -0.21976E-05  0.33920E-05
  0.73500E+02  0.22472E-04 -0.31806E-05  0.34122E-05
  0.73800E+02  0.21333E-04 -0.41338E-05  0.33899E-05
  0.74100E+02  0.20024E-04 -0.50534E-05  0.33228E-05
  0.74400E+02  0.18562E-04 -0.59334E-05  0.32054E-05
  0.74700E+02  0.16964E-04 -0.67639E-05  0.30334E-05
  0.75000E+02  0.15253E-04 -0.75336E-05  0.28069E-05
  0.75300E+02  0.13446E-04 -0.82327E-05  0.25310E-05
  0.75600E+02  0.11564E-04 -0.88557E-05  0.22131E-05
  0.75900E+02  0.96215E-05 -0.94011E-05  0.18592E-05
  0.76200E+02  0.76374E-05 -0.98685E-05  0.14711E-05
  0.76500E+02  0.56274E-05 -0.10256E-04  0.10484E-05
  0.76800E+02  0.36106E-05 -0.10558E-04  0.59181E-06
  0.77100E+02  0.16047E-05 -0.10770E-04  0.10617E-06
  0.77400E+02 -0.36790E-06 -0.10889E-04 -0.39961E-06
  0.77700E+02 -0.22875E-05 -0.10915E-04 -0.91537E-06
  0.78000E+02 -0.41386E-05 -0.10853E-04 -0.14342E-05
  0.78300E+02 -0.59046E-05 -0.10707E-04 -0.19525E-05
  0.78600E+02 -0.75747E-05 -0.10481E-04 -0.24687E-05
  0.78900E+02 -0.91376E-05 -0.10175E-04 -0.29793E-05
  0.79200E+02 -0.10583E-04 -0.97890E-05 -0.34768E-05
  0.79500E+02 -0.11900E-04 -0.93279E-05 -0.39515E-05
  0.79800E+02 -0.13079E-04 -0.87990E-05 -0.43952E-05
  0.80100E+02 -0.14111E-04 -0.82112E-05 -0.48034E-05
  0.80400E+02 -0.14992E-04 -0.75724E-05 -0.51747E-05
  0.80700E+02 -0.15717E-04 -0.68876E-05 -0.55080E-05
  0.81000E+02 -0.16288E-04 -0.61611E-05 -0.57995E-05
  0.81300E+02 -0.16704E-04 -0.53985E-05 -0.60426E-05
  0.81600E+02 -0.16966E-04 -0.46086E-05 -0.62313E-05
  0.81900E+02 -0.17078E-04 -0.38017E-05 -0.63629E-05
  0.82200E+02 -0.17042E-04 -0.29869E-05 -0.64384E-05
  0.82500E+02 -0.16864E-04 -0.21711E-05 -0.64599E-05
  0.82800E+02 -0.16550E-04 -0.13592E-05 -0.64277E-05
  0.83100E+02 -0.16110E-04 -0.55660E-06 -0.63394E-05
  0.83400E+02 -0.15552E-04  0.22919E-06 -0.61930E-05
  0.83700E+02 -0.14887E-04  0.98940E-06 -0.59891E-05
  0.84000E+02 -0.14123E-04  0.17163E-05 -0.57318E-05
  0.84300E+02 -0.13274E-04  0.24049E-05 -0.54265E-05
  0.84600E+02 -0.12350E-04  0.30521E-05 -0.50767E-05
  0.84900E+02 -0.11362E-04  0.36548E-05 -0.46841E-05
  0.85200E+02 -0.10325E-04  0.42084E-05 -0.42499E-05
  0.85500E+02 -0.92496E-05  0.47076E-05 -0.37778E-05
  0.85800E+02 -0.81479E-05  0.51484E-05 -0.32747E-05
  0.86100E+02 -0.70314E-05  0.55294E-05 -0.27478E-05
  0.86400E+02 -0.59134E-05  0.58511E-05 -0.22023E-05
  0.86700E+02 -0.48030E-05  0.61135E-05 -0.16414E-05
  0.87000E+02 -0.37111E-05  0.63155E-05 -0.10686E-05
  0.87300E+02 -0.26486E-05  0.64559E-05 -0.48937E-06
  0.87600E+02 -0.16243E-05  0.65351E-05  0.88570E-07
  0.87900E+02 -0.64579E-06  0.65558E-05  0.65860E-06
  0.88200E+02  0.27790E-06  0.65215E-05  0.12159E-05
  0.88500E+02  0.11415E-05  0.64351E-05  0.17577E-05
  0.88800E+02  0.19391E-05  0.62984E-05  0.22804E-05
  0.89100E+02  0.26660E-05  0.61136E-05  0.27781E-05
  0.89400E+02  0.33187E-05  0.58849E-05  0.32452E-05
  0.89700E+02  0.38944E-05  0.56174E-05  0.36773E-05
  0.90000E+02  0.43916E-05  0.53163E-05  0.40724E-05
  0.90300E+02  0.48097E-05  0.49856E-05  0.44290E-05
  0.90600E+02  0.51489E-05  0.46288E-05  0.47445E-05
  0.90900E+02  0.54105E-05  0.42504E-05  0.50154E-05
  0.91200E+02  0.55964E-05  0.38559E-05  0.52391E-05
  0.91500E+02  0.57096E-05  0.34509E-05  0.54154E-05
  0.91800E+02  0.57535E-05  0.30399E-05  0.55451E-05
  0.92100E+02  0.57325E-05  0.26265E-05  0.56282E-05
  0.92400E+02  0.56511E-05  0.22147E-05  0.56641E-05
  0.92700E+02  0.55147E-05  0.18092E-05  0.56526E-05
  0.93000E+02  0.53291E-05  0.14144E-05  0.55956E-05
  0.93300E+02  0.51000E-05  0.10341E-05  0.54957E-05
  0.93600E+02  0.48339E-05  0.67070E-06  0.53554E-05
  0.93900E+02  0.45371E-05  0.32687E-06  0.51760E-05
  0.94200E+02  0.42159E-05  0.56311E-08  0.49597E-05
  0.94500E+02  0.38768E-05 -0.29033E-06  0.47102E-05
  0.94800E+02  0.35262E-05 -0.55939E-06  0.44313E-05
  0.95100E+02  0.31699E-05 -0.80062E-06  0.41264E-05
  0.95400E+02  0.28142E-05 -0.10131E-05  0.37985E-05
  0.95700E+02  0.24646E-05 -0.11958E-05  0.34512E-05
  0.96000E+02  0.21261E-05 -0.13483E-05  0.30887E-05
  0.96300E+02  0.18037E-05 -0.14710E-05  0.27153E-05
  0.96600E+02  0.15014E-05 -0.15647E-05  0.23345E-05
  0.96900E+02  0.12233E-05 -0.16299E-05  0.19496E-05
  0.97200E+02  0.97254E-06 -0.16677E-05  0.15647E-05
  0.97500E+02  0.75185E-06 -0.16796E-05  0.11835E-05
  0.97800E+02  0.56328E-06 -0.16673E-05  0.80926E-06
  0.98100E+02  0.40852E-06 -0.16328E-05  0.44527E-06
  0.98400E+02  0.28838E-06 -0.15781E-05  0.94230E-07
  0.98700E+02  0.20336E-06 -0.15054E-05 -0.24078E-06
  0.99000E+02  0.15331E-06 -0.14172E-05 -0.55740E-06
  0.99300E+02  0.13748E-06 -0.13159E-05 -0.85350E-06
  0.99600E+02  0.15473E-06 -0.12042E-05 -0.11271E-05
  0.99900E+02  0.20323E-06 -0.10845E-05 -0.13767E-05
  0.10020E+03  0.28099E-06 -0.95938E-06 -0.16010E-05
  0.10050E+03  0.38546E-06 -0.83135E-06 -0.17991E-05
  0.10080E+03  0.51379E-06 -0.70285E-06 -0.19702E-05
  0.10110E+03  0.66281E-06 -0.57620E-06 -0.21143E-05
  0.10140E+03  0.82913E-06 -0.45360E-06 -0.22312E-05
  0.10170E+03  0.10092E-05 -0.33708E-06 -0.23211E-05
  0.10200E+03  0.11992E-05 -0.22853E-06 -0.23847E-05
  0.10230E+03  0.13953E-05 -0.12960E-06 -0.24230E-05
  0.10260E+03  0.15938E-05 -0.41786E-07 -0.24366E-05
  0.10290E+03  0.17907E-05  0.33679E-07 -0.24273E-05
  0.10320E+03  0.19824E-05  0.95774E-07 -0.23965E-05
  0.10350E+03  0.21652E-05  0.14371E-06 -0.23455E-05
  0.10380E+03  0.23357E-05  0.17695E-06 -0.22765E-05
  0.10410E+03  0.24906E-05  0.19519E-06 -0.21913E-05
  0.10440E+03  0.26270E-05  0.19834E-06 -0.20920E-05
  0.10470E+03  0.27422E-05  0.18658E-06 -0.19807E-05
  0.10500E+03  0.28336E-05  0.16027E-06 -0.18594E-05
  0.10530E+03  0.28994E-05  0.12001E-06 -0.17303E-05
  0.10560E+03  0.29379E-05  0.66573E-07 -0.15956E-05
  0.10590E+03  0.29476E-05  0.92177E-09 -0.14574E-05
  0.10620E+03  0.29279E-05 -0.75819E-07 -0.13176E-05
  0.10650E+03  0.28780E-05 -0.16238E-06 -0.11782E-05
  0.10680E+03  0.27979E-05 -0.25738E-06 -0.10411E-05
  0.10710E+03  0.26878E-05 -0.35931E-06 -0.90792E-06
  0.10740E+03  0.25484E-05 -0.46661E-06 -0.78023E-06
  0.10770E+03  0.23807E-05 -0.57765E-06 -0.65946E-06
  0.10800E+03  0.21860E-05 -0.69077E-06 -0.54683E-06
  0.10830E+03  0.19660E-05 -0.80428E-06 -0.44343E-06
  0.10860E+03  0.17228E-05 -0.91653E-06 -0.35012E-06
  0.10890E+03  0.14584E-05 -0.10259E-05 -0.26766E-06
  0.10920E+03  0.11755E-05 -0.11307E-05 -0.19640E-06
  0.10950E+03  0.87669E-06 -0.12296E-05 -0.13684E-06
  0.10980E+03  0.56487E-06 -0.13210E-05 -0.89030E-07
  0.11010E+03  0.24306E-06 -0.14037E-05 -0.52940E-07
  0.11040E+03 -0.85770E-07 -0.14764E-05 -0.28320E-07
  0.11070E+03 -0.41829E-06 -0.15381E-05 -0.14870E-07
  0.11100E+03 -0.75138E-06 -0.15879E-05 -0.12020E-07
  0.11130E+03 -0.10818E-05 -0.16249E-05 -0.19020E-07
  0.11160E+03 -0.14067E-05 -0.16486E-05 -0.35210E-07
  0.11190E+03 -0.17228E-05 -0.16585E-05 -0.59680E-07
  0.11220E+03 -0.20273E-05 -0.16544E-05 -0.91280E-07
  0.11250E+03 -0.23175E-05 -0.16360E-05 -0.12907E-06
  0.11280E+03 -0.25908E-05 -0.16036E-05 -0.17186E-06
  0.11310E+03 -0.28447E-05 -0.15572E-05 -0.21847E-06
  0.11340E+03 -0.30771E-05 -0.14972E-05 -0.26769E-06
  0.11370E+03 -0.32861E-05 -0.14242E-05 -0.31830E-06
  0.11400E+03 -0.34703E-05 -0.13388E-05 -0.36912E-06
  0.11430E+03 -0.36279E-05 -0.12419E-05 -0.41893E-06
  0.11460E+03 -0.37582E-05 -0.11342E-05 -0.46663E-06
  0.11490E+03 -0.38603E-05 -0.10169E-05 -0.51110E-06
  0.11520E+03 -0.39336E-05 -0.89111E-06 -0.55133E-06
  0.11550E+03 -0.39781E-05 -0.75793E-06 -0.58638E-06
  0.11580E+03 -0.39937E-05 -0.61865E-06 -0.61539E-06
  0.11610E+03 -0.39808E-05 -0.47459E-06 -0.63761E-06
  0.11640E+03 -0.39402E-05 -0.32709E-06 -0.65245E-06
  0.11670E+03 -0.38726E-05 -0.17749E-06 -0.65922E-06
  0.11700E+03 -0.37792E-05 -0.27167E-07 -0.65773E-06
  0.11730E+03 -0.36614E-05  0.12254E-06 -0.64762E-06
  0.11760E+03 -0.35208E-05  0.27030E-06 -0.62865E-06
  0.11790E+03 -0.33591E-05  0.41484E-06 -0.60087E-06
  0.11820E+03 -0.31781E-05  0.55493E-06 -0.56438E-06
  0.11850E+03 -0.29800E-05  0.68942E-06 -0.51925E-06
  0.11880E+03 -0.27669E-05  0.81722E-06 -0.46588E-06
  0.11910E+03 -0.25409E-05  0.93734E-06 -0.40483E-06
  0.11940E+03 -0.23044E-05  0.10489E-05 -0.33647E-06
  0.11970E+03 -0.20597E-05  0.11510E-05 -0.26141E-06
  0.12000E+03 -0.18092E-05  0.12432E-05 -0.18040E-06
  0.12030E+03 -0.15550E-05  0.13246E-05 -0.94360E-07
  0.12060E+03 -0.12996E-05  0.13950E-05 -0.38801E-08
  0.12090E+03 -0.10450E-05  0.14540E-05  0.89970E-07
  0.12120E+03 -0.79319E-06  0.15014E-05  0.18634E-06
  0.12150E+03 -0.54652E-06  0.15370E-05  0.28412E-06
  0.12180E+03 -0.30657E-06  0.15609E-05  0.38252E-06
  0.12210E+03 -0.75230E-07  0.15733E-05  0.48047E-06
  0.12240E+03  0.14611E-06  0.15743E-05  0.57701E-06
  0.12270E+03  0.35581E-06  0.15643E-05  0.67112E-06
  0.12300E+03  0.55282E-06  0.15438E-05  0.76184E-06
  0.12330E+03  0.73593E-06  0.15133E-05  0.84846E-06
  0.12360E+03  0.90449E-06  0.14734E-05  0.92994E-06
  0.12390E+03  0.10576E-05  0.14247E-05  0.10056E-05
  0.12420E+03  0.11949E-05  0.13680E-05  0.10747E-05
  0.12450E+03  0.13160E-05  0.13042E-05  0.11366E-05
  0.12480E+03  0.14208E-05  0.12340E-05  0.11908E-05
  0.12510E+03  0.15095E-05  0.11582E-05  0.12367E-05
  0.12540E+03  0.15820E-05  0.10779E-05  0.12739E-05
  0.12570E+03  0.16390E-05  0.99383E-06  0.13023E-05
  0.12600E+03  0.16809E-05  0.90691E-06  0.13215E-05
  0.12630E+03  0.17083E-05  0.81804E-06  0.13315E-05
  0.12660E+03  0.17221E-05  0.72807E-06  0.13321E-05
  0.12690E+03  0.17231E-05  0.63785E-06  0.13236E-05
  0.12720E+03  0.17123E-05  0.54817E-06  0.13060E-05
  0.12750E+03  0.16908E-05  0.45978E-06  0.12797E-05
  0.12780E+03  0.16596E-05  0.37340E-06  0.12448E-05
  0.12810E+03  0.16199E-05  0.28967E-06  0.12019E-05
  0.12840E+03  0.15730E-05  0.20918E-06  0.11514E-05
  0.12870E+03  0.15199E-05  0.13246E-06  0.10940E-05
  0.12900E+03  0.14619E-05  0.59959E-07  0.10300E-05
  0.12930E+03  0.14001E-05 -0.79306E-08  0.96021E-06
  0.12960E+03  0.13357E-05 -0.70897E-07  0.88536E-06
  0.12990E+03  0.12697E-05 -0.12870E-06  0.80601E-06
  0.13020E+03  0.12033E-05 -0.18116E-06  0.72300E-06
  0.13050E+03  0.11374E-05 -0.22819E-06  0.63716E-06
  0.13080E+03  0.10727E-05 -0.26975E-06  0.54904E-06
  0.13110E+03  0.10101E-05 -0.30588E-06  0.45965E-06
  0.13140E+03  0.95043E-06 -0.33667E-06  0.36959E-06
  0.13170E+03  0.89421E-06 -0.36228E-06  0.27956E-06
  0.13200E+03  0.84192E-06 -0.38290E-06  0.19046E-06
  0.13230E+03  0.79398E-06 -0.39881E-06  0.10286E-06
  0.13260E+03  0.75066E-06 -0.41030E-06  0.17333E-07
  0.13290E+03  0.71215E-06 -0.41769E-06 -0.65327E-07
  0.13320E+03  0.67858E-06 -0.42137E-06 -0.14469E-06
  0.13350E+03  0.64991E-06 -0.42171E-06 -0.22021E-06
  0.13380E+03  0.62605E-06 -0.41912E-06 -0.29143E-06
  0.13410E+03  0.60679E-06 -0.41403E-06 -0.35795E-06
  0.13440E+03  0.59187E-06 -0.40685E-06 -0.41944E-06
  0.13470E+03  0.58091E-06 -0.39802E-06 -0.47563E-06
  0.13500E+03  0.57351E-06 -0.38794E-06 -0.52627E-06
  0.13530E+03  0.56918E-06 -0.37704E-06 -0.57131E-06
  0.13560E+03  0.56741E-06 -0.36569E-06 -0.61050E-06
  0.13590E+03  0.56761E-06 -0.35426E-06 -0.64384E-06
  0.13620E+03  0.56921E-06 -0.34310E-06 -0.67155E-06
  0.13650E+03  0.57157E-06 -0.33251E-06 -0.69345E-06
  0.13680E+03  0.57408E-06 -0.32278E-06 -0.70987E-06
  0.13710E+03  0.57612E-06 -0.31415E-06 -0.72086E-06
  0.13740E+03  0.57707E-06 -0.30681E-06 -0.72673E-06
  0.13770E+03  0.57633E-06 -0.30094E-06 -0.72768E-06
  0.13800E+03  0.57336E-06 -0.29667E-06 -0.72403E-06
  0.13830E+03  0.56762E-06 -0.29406E-06 -0.71616E-06
  0.13860E+03  0.55863E-06 -0.29318E-06 -0.70445E-06
  0.13890E+03  0.54595E-06 -0.29401E-06 -0.68914E-06
  0.13920E+03  0.52922E-06 -0.29652E-06 -0.67073E-06
  0.13950E+03  0.50811E-06 -0.30065E-06 -0.64950E-06
  0.13980E+03  0.48240E-06 -0.30628E-06 -0.62598E-06
  0.14010E+03  0.45188E-06 -0.31327E-06 -0.60058E-06
  0.14040E+03  0.41646E-06 -0.32145E-06 -0.57365E-06
  0.14070E+03  0.37612E-06 -0.33062E-06 -0.54555E-06
  0.14100E+03  0.33086E-06 -0.34058E-06 -0.51669E-06
  0.14130E+03  0.28083E-06 -0.35108E-06 -0.48743E-06
  0.14160E+03  0.22620E-06 -0.36186E-06 -0.45808E-06
  0.14190E+03  0.16718E-06 -0.37268E-06 -0.42897E-06
  0.14220E+03  0.10418E-06 -0.38325E-06 -0.40039E-06
  0.14250E+03  0.37430E-07 -0.39331E-06 -0.37256E-06
  0.14280E+03 -0.32450E-07 -0.40258E-06 -0.34573E-06
  0.14310E+03 -0.10523E-06 -0.41081E-06 -0.32010E-06
  0.14340E+03 -0.18017E-06 -0.41773E-06 -0.29579E-06
  0.14370E+03 -0.25685E-06 -0.42311E-06 -0.27295E-06
  0.14400E+03 -0.33455E-06 -0.42671E-06 -0.25166E-06
  0.14430E+03 -0.41274E-06 -0.42834E-06 -0.23201E-06
  0.14460E+03 -0.49082E-06 -0.42780E-06 -0.21394E-06
  0.14490E+03 -0.56807E-06 -0.42493E-06 -0.19749E-06
  0.14520E+03 -0.64395E-06 -0.41961E-06 -0.18270E-06
  0.14550E+03 -0.71769E-06 -0.41172E-06 -0.16937E-06
  0.14580E+03 -0.78887E-06 -0.40119E-06 -0.15751E-06
  0.14610E+03 -0.85660E-06 -0.38797E-06 -0.14700E-06
  0.14640E+03 -0.92057E-06 -0.37206E-06 -0.13764E-06
  0.14670E+03 -0.98018E-06 -0.35346E-06 -0.12938E-06
  0.14700E+03 -0.10348E-05 -0.33224E-06 -0.12206E-06
  0.14730E+03 -0.10841E-05 -0.30846E-06 -0.11543E-06
  0.14760E+03 -0.11276E-05 -0.28223E-06 -0.10936E-06
  0.14790E+03 -0.11650E-05 -0.25370E-06 -0.10366E-06
  0.14820E+03 -0.11959E-05 -0.22302E-06 -0.98163E-07
  0.14850E+03 -0.12201E-05 -0.19039E-06 -0.92671E-07
  0.14880E+03 -0.12374E-05 -0.15601E-06 -0.87031E-07
  0.14910E+03 -0.12478E-05 -0.12012E-06 -0.81055E-07
  0.14940E+03 -0.12511E-05 -0.82961E-07 -0.74607E-07
  0.14970E+03 -0.12472E-05 -0.44797E-07 -0.67530E-07
  0.15000E+03 -0.12364E-05 -0.59028E-08 -0.59700E-07
  0.15030E+03 -0.12187E-05  0.33439E-07 -0.51011E-07
  0.15060E+03 -0.11943E-05  0.72942E-07 -0.41351E-07
  0.15090E+03 -0.11633E-05  0.11231E-06 -0.30674E-07
  0.15120E+03 -0.11262E-05  0.15126E-06 -0.18894E-07
  0.15150E+03 -0.10832E-05  0.18951E-06 -0.60070E-08
  0.15180E+03 -0.10347E-05  0.22677E-06  0.80130E-08
  0.15210E+03 -0.98107E-06  0.26277E-06  0.23140E-07
  0.15240E+03 -0.92278E-06  0.29726E-06  0.39380E-07
  0.15270E+03 -0.86026E-06  0.32999E-06  0.56700E-07
  0.15300E+03 -0.79422E-06  0.36074E-06  0.74840E-07
  0.15330E+03 -0.72496E-06  0.38929E-06  0.94020E-07
  0.15360E+03 -0.65313E-06  0.41547E-06  0.11380E-06
  0.15390E+03 -0.57918E-06  0.43910E-06  0.13430E-06
  0.15420E+03 -0.50374E-06  0.46004E-06  0.15536E-06
  0.15450E+03 -0.42735E-06  0.47818E-06  0.17661E-06
  0.15480E+03 -0.35053E-06  0.49342E-06  0.19810E-06
  0.15510E+03 -0.27375E-06  0.50570E-06  0.21961E-06
  0.15540E+03 -0.19761E-06  0.51498E-06  0.24098E-06
  0.15570E+03 -0.12253E-06  0.52124E-06  0.26190E-06
  0.15600E+03 -0.49100E-07  0.52448E-06  0.28234E-06
  0.15630E+03  0.22470E-07  0.52476E-06  0.30204E-06
  0.15660E+03  0.91610E-07  0.52211E-06  0.32082E-06
  0.15690E+03  0.15802E-06  0.51663E-06  0.33850E-06
  0.15720E+03  0.22130E-06  0.50842E-06  0.35492E-06
  0.15750E+03  0.28116E-06  0.49759E-06  0.36991E-06
  0.15780E+03  0.33741E-06  0.48430E-06  0.38332E-06
  0.15810E+03  0.38987E-06  0.46868E-06  0.39502E-06
  0.15840E+03  0.43821E-06  0.45092E-06  0.40487E-06
  0.15870E+03  0.48250E-06  0.43119E-06  0.41278E-06
  0.15900E+03  0.52244E-06  0.40969E-06  0.41864E-06
  0.15930E+03  0.55819E-06  0.38661E-06  0.42238E-06
  0.15960E+03  0.58959E-06  0.36217E-06  0.42394E-06
  0.15990E+03  0.61669E-06  0.33658E-06  0.42329E-06
  0.16020E+03  0.63957E-06  0.31004E-06  0.42040E-06
  0.16050E+03  0.65831E-06  0.28276E-06  0.41528E-06
  0.16080E+03  0.67303E-06  0.25496E-06  0.40799E-06
  0.16110E+03  0.68388E-06  0.22684E-06  0.39842E-06
  0.16140E+03  0.69103E-06  0.19859E-06  0.38684E-06
  0.16170E+03  0.69466E-06  0.17041E-06  0.37310E-06
  0.16200E+03  0.69499E-06  0.14248E-06  0.35754E-06
  0.16230E+03  0.69225E-06  0.11496E-06  0.34008E-06
  0.16260E+03  0.68665E-06  0.88024E-07  0.32087E-06
  0.16290E+03  0.67847E-06  0.61803E-07  0.30006E-06
  0.16320E+03  0.66792E-06  0.36434E-07  0.27791E-06
  0.16350E+03  0.65528E-06  0.12034E-07  0.25433E-06
  0.16380E+03  0.64077E-06 -0.11294E-07  0.22978E-06
  0.16410E+03  0.62466E-06 -0.33463E-07  0.20419E-06
  0.16440E+03  0.60720E-06 -0.54400E-07  0.17782E-06
  0.16470E+03  0.58854E-06 -0.74050E-07  0.15091E-06
  0.16500E+03  0.56901E-06 -0.92369E-07  0.12358E-06
  0.16530E+03  0.54868E-06 -0.10933E-06  0.96020E-07
  0.16560E+03  0.52786E-06 -0.12492E-06  0.68427E-07
  0.16590E+03  0.50668E-06 -0.13913E-06  0.40970E-07
  0.16620E+03  0.48530E-06 -0.15199E-06  0.13820E-07
  0.16650E+03  0.46388E-06 -0.16351E-06 -0.12845E-07
  0.16680E+03  0.44253E-06 -0.17372E-06 -0.38891E-07
  0.16710E+03  0.42135E-06 -0.18267E-06 -0.64146E-07
  0.16740E+03  0.40039E-06 -0.19042E-06 -0.88480E-07
  0.16770E+03  0.37968E-06 -0.19702E-06 -0.11176E-06
  0.16800E+03  0.35935E-06 -0.20253E-06 -0.13388E-06
  0.16830E+03  0.33944E-06 -0.20703E-06 -0.15472E-06
  0.16860E+03  0.31988E-06 -0.21058E-06 -0.17419E-06
  0.16890E+03  0.30079E-06 -0.21327E-06 -0.19223E-06
  0.16920E+03  0.28202E-06 -0.21517E-06 -0.20876E-06
  0.16950E+03  0.26366E-06 -0.21635E-06 -0.22373E-06
  0.16980E+03  0.24560E-06 -0.21690E-06 -0.23713E-06
  0.17010E+03  0.22782E-06 -0.21688E-06 -0.24889E-06
  0.17040E+03  0.21021E-06 -0.21636E-06 -0.25905E-06
  0.17070E+03  0.19278E-06 -0.21542E-06 -0.26758E-06
  0.17100E+03  0.17545E-06 -0.21411E-06 -0.27451E-06
  0.17130E+03  0.15815E-06 -0.21249E-06 -0.27986E-06
  0.17160E+03  0.14082E-06 -0.21061E-06 -0.28368E-06
  0.17190E+03  0.12339E-06 -0.20852E-06 -0.28600E-06
  0.17220E+03  0.10580E-06 -0.20625E-06 -0.28690E-06
  0.17250E+03  0.88003E-07 -0.20384E-06 -0.28644E-06
  0.17280E+03  0.69941E-07 -0.20131E-06 -0.28468E-06
  0.17310E+03  0.51585E-07 -0.19868E-06 -0.28169E-06
  0.17340E+03  0.32889E-07 -0.19597E-06 -0.27759E-06
  0.17370E+03  0.13842E-07 -0.19317E-06 -0.27244E-06
  0.17400E+03 -0.55836E-08 -0.19029E-06 -0.26634E-06
  0.17430E+03 -0.25377E-07 -0.18732E-06 -0.25937E-06
  0.17460E+03 -0.45531E-07 -0.18425E-06 -0.25164E-06
  0.17490E+03 -0.66021E-07 -0.18106E-06 -0.24323E-06
  0.17520E+03 -0.86824E-07 -0.17774E-06 -0.23424E-06
  0.17550E+03 -0.10789E-06 -0.17426E-06 -0.22475E-06
  0.17580E+03 -0.12916E-06 -0.17060E-06 -0.21484E-06
  0.17610E+03 -0.15057E-06 -0.16672E-06 -0.20461E-06
  0.17640E+03 -0.17204E-06 -0.16260E-06 -0.19414E-06
  0.17670E+03 -0.19348E-06 -0.15821E-06 -0.18348E-06
  0.17700E+03 -0.21481E-06 -0.15352E-06 -0.17271E-06
  0.17730E+03 -0.23592E-06 -0.14850E-06 -0.16191E-06
  0.17760E+03 -0.25669E-06 -0.14313E-06 -0.15111E-06
  0.17790E+03 -0.27702E-06 -0.13737E-06 -0.14038E-06
  0.17820E+03 -0.29678E-06 -0.13121E-06 -0.12976E-06
  0.17850E+03 -0.31584E-06 -0.12462E-06 -0.11928E-06
  0.17880E+03 -0.33411E-06 -0.11760E-06 -0.10898E-06
  0.17910E+03 -0.35145E-06 -0.11013E-06 -0.98884E-07
  0.17940E+03 -0.36773E-06 -0.10221E-06 -0.89007E-07
  0.17970E+03 -0.38284E-06 -0.93830E-07 -0.79374E-07
  0.18000E+03 -0.39667E-06 -0.85003E-07 -0.69986E-07
  0.18030E+03 -0.40910E-06 -0.75735E-07 -0.60839E-07
  0.18060E+03 -0.42005E-06 -0.66042E-07 -0.51954E-07
  0.18090E+03 -0.42941E-06 -0.55946E-07 -0.43315E-07
  0.18120E+03 -0.43711E-06 -0.45473E-07 -0.34911E-07
  0.18150E+03 -0.44306E-06 -0.34654E-07 -0.26735E-07
  0.18180E+03 -0.44721E-06 -0.23526E-07 -0.18786E-07
  0.18210E+03 -0.44951E-06 -0.12131E-07 -0.11026E-07
  0.18240E+03 -0.44992E-06 -0.51590E-09 -0.34613E-08
  0.18270E+03 -0.44841E-06  0.11270E-07  0.39350E-08
  0.18300E+03 -0.44497E-06  0.23171E-07  0.11178E-07
  0.18330E+03 -0.43960E-06  0.35132E-07  0.18278E-07
  0.18360E+03 -0.43232E-06  0.47092E-07  0.25259E-07
  0.18390E+03 -0.42316E-06  0.58988E-07  0.32135E-07
  0.18420E+03 -0.41215E-06  0.70759E-07  0.38907E-07
  0.18450E+03 -0.39936E-06  0.82338E-07  0.45591E-07
  0.18480E+03 -0.38484E-06  0.93662E-07  0.52197E-07
  0.18510E+03 -0.36868E-06  0.10467E-06  0.58722E-07
  0.18540E+03 -0.35097E-06  0.11529E-06  0.65170E-07
  0.18570E+03 -0.33181E-06  0.12546E-06  0.71570E-07
  0.18600E+03 -0.31130E-06  0.13513E-06  0.77860E-07
  0.18630E+03 -0.28957E-06  0.14424E-06  0.84070E-07
  0.18660E+03 -0.26673E-06  0.15274E-06  0.90160E-07
  0.18690E+03 -0.24294E-06  0.16056E-06  0.96150E-07
  0.18720E+03 -0.21831E-06  0.16768E-06  0.10205E-06
  0.18750E+03 -0.19300E-06  0.17405E-06  0.10777E-06
  0.18780E+03 -0.16713E-06  0.17962E-06  0.11330E-06
  0.18810E+03 -0.14087E-06  0.18438E-06  0.11871E-06
  0.18840E+03 -0.11435E-06  0.18830E-06  0.12390E-06
  0.18870E+03 -0.87728E-07  0.19134E-06  0.12874E-06
  0.18900E+03 -0.61137E-07  0.19352E-06  0.13341E-06
  0.18930E+03 -0.34724E-07  0.19480E-06  0.13772E-06
  0.18960E+03 -0.86190E-08  0.19520E-06  0.14171E-06
  0.18990E+03  0.17036E-07  0.19471E-06  0.14533E-06
  0.19020E+03  0.42127E-07  0.19335E-06  0.14856E-06
  0.19050E+03  0.66523E-07  0.19113E-06  0.15137E-06
  0.19080E+03  0.90123E-07  0.18808E-06  0.15371E-06
  0.19110E+03  0.11282E-06  0.18421E-06  0.15558E-06
  0.19140E+03  0.13451E-06  0.17957E-06  0.15695E-06
  0.19170E+03  0.15512E-06  0.17418E-06  0.15778E-06
  0.19200E+03  0.17457E-06  0.16809E-06  0.15807E-06
  0.19230E+03  0.19279E-06  0.16134E-06  0.15780E-06
  0.19260E+03  0.20973E-06  0.15398E-06  0.15696E-06
  0.19290E+03  0.22534E-06  0.14606E-06  0.15551E-06
  0.19320E+03  0.23957E-06  0.13763E-06  0.15348E-06
  0.19350E+03  0.25242E-06  0.12875E-06  0.15085E-06
  0.19380E+03  0.26385E-06  0.11948E-06  0.14763E-06
  0.19410E+03  0.27386E-06  0.10986E-06  0.14381E-06
  0.19440E+03  0.28246E-06  0.99971E-07  0.13942E-06
  0.19470E+03  0.28965E-06  0.89858E-07  0.13445E-06
  0.19500E+03  0.29545E-06  0.79583E-07  0.12894E-06
  0.19530E+03  0.29988E-06  0.69203E-07  0.12290E-06
  0.19560E+03  0.30299E-06  0.58775E-07  0.11636E-06
  0.19590E+03  0.30481E-06  0.48353E-07  0.10932E-06
  0.19620E+03  0.30537E-06  0.37990E-07  0.10184E-06
  0.19650E+03  0.30475E-06  0.27737E-07  0.93970E-07
  0.19680E+03  0.30299E-06  0.17642E-07  0.85720E-07
  0.19710E+03  0.30013E-06  0.77487E-08  0.77150E-07
  0.19740E+03  0.29626E-06 -0.18999E-08  0.68320E-07
  0.19770E+03  0.29143E-06 -0.11265E-07  0.59220E-07
  0.19800E+03  0.28571E-06 -0.20312E-07  0.49990E-07
  0.19830E+03  0.27916E-06 -0.29008E-07  0.40490E-07
  0.19860E+03  0.27184E-06 -0.37325E-07  0.31010E-07
  0.19890E+03  0.26384E-06 -0.45239E-07  0.21400E-07
  0.19920E+03  0.25520E-06 -0.52729E-07  0.11834E-07
  0.19950E+03  0.24600E-06 -0.59777E-07  0.23070E-08
  0.19980E+03  0.23630E-06 -0.66370E-07 -0.71280E-08
  0.20010E+03  0.22616E-06 -0.72499E-07 -0.16414E-07
  0.20040E+03  0.21563E-06 -0.78155E-07 -0.25522E-07
  0.20070E+03  0.20477E-06 -0.83335E-07 -0.34386E-07
  0.20100E+03  0.19364E-06 -0.88039E-07 -0.42974E-07
  0.20130E+03  0.18228E-06 -0.92268E-07 -0.51255E-07
  0.20160E+03  0.17075E-06 -0.96027E-07 -0.59184E-07
  0.20190E+03  0.15907E-06 -0.99324E-07 -0.66725E-07
  0.20220E+03  0.14730E-06 -0.10217E-06 -0.73849E-07
  0.20250E+03  0.13546E-06 -0.10457E-06 -0.80525E-07
  0.20280E+03  0.12360E-06 -0.10654E-06 -0.86737E-07
  0.20310E+03  0.11173E-06 -0.10810E-06 -0.92463E-07
  0.20340E+03  0.99897E-07 -0.10926E-06 -0.97676E-07
  0.20370E+03  0.88115E-07 -0.11003E-06 -0.10236E-06
  0.20400E+03  0.76398E-07 -0.11044E-06 -0.10652E-06
  0.20430E+03  0.64782E-07 -0.11050E-06 -0.11014E-06
  0.20460E+03  0.53266E-07 -0.11022E-06 -0.11322E-06
  0.20490E+03  0.41874E-07 -0.10964E-06 -0.11575E-06
  0.20520E+03  0.30619E-07 -0.10875E-06 -0.11774E-06
  0.20550E+03  0.19524E-07 -0.10759E-06 -0.11920E-06
  0.20580E+03  0.85720E-08 -0.10617E-06 -0.12013E-06
  0.20610E+03 -0.22030E-08 -0.10450E-06 -0.12054E-06
  0.20640E+03 -0.12803E-07 -0.10260E-06 -0.12045E-06
  0.20670E+03 -0.23208E-07 -0.10049E-06 -0.11988E-06
  0.20700E+03 -0.33426E-07 -0.98177E-07 -0.11885E-06
  0.20730E+03 -0.43428E-07 -0.95675E-07 -0.11737E-06
  0.20760E+03 -0.53212E-07 -0.92999E-07 -0.11547E-06
  0.20790E+03 -0.62762E-07 -0.90158E-07 -0.11316E-06
  0.20820E+03 -0.72080E-07 -0.87164E-07 -0.11048E-06
  0.20850E+03 -0.81145E-07 -0.84026E-07 -0.10746E-06
  0.20880E+03 -0.89940E-07 -0.80753E-07 -0.10411E-06
  0.20910E+03 -0.98465E-07 -0.77353E-07 -0.10048E-06
  0.20940E+03 -0.10669E-06 -0.73834E-07 -0.96570E-07
  0.20970E+03 -0.11460E-06 -0.70202E-07 -0.92424E-07
  0.21000E+03 -0.12219E-06 -0.66463E-07 -0.88061E-07
  0.21030E+03 -0.12943E-06 -0.62624E-07 -0.83516E-07
  0.21060E+03 -0.13631E-06 -0.58690E-07 -0.78813E-07
  0.21090E+03 -0.14280E-06 -0.54667E-07 -0.73974E-07
  0.21120E+03 -0.14889E-06 -0.50558E-07 -0.69024E-07
  0.21150E+03 -0.15456E-06 -0.46371E-07 -0.63989E-07
  0.21180E+03 -0.15980E-06 -0.42110E-07 -0.58883E-07
  0.21210E+03 -0.16456E-06 -0.37781E-07 -0.53748E-07
  0.21240E+03 -0.16885E-06 -0.33390E-07 -0.48582E-07
  0.21270E+03 -0.17264E-06 -0.28943E-07 -0.43412E-07
  0.21300E+03 -0.17590E-06 -0.24447E-07 -0.38265E-07
  0.21330E+03 -0.17863E-06 -0.19908E-07 -0.33146E-07
  0.21360E+03 -0.18081E-06 -0.15336E-07 -0.28072E-07
  0.21390E+03 -0.18242E-06 -0.10737E-07 -0.23057E-07
  0.21420E+03 -0.18346E-06 -0.61229E-08 -0.18115E-07
  0.21450E+03 -0.18391E-06 -0.15016E-08 -0.13257E-07
  0.21480E+03 -0.18375E-06  0.31157E-08 -0.84909E-08
  0.21510E+03 -0.18300E-06  0.77179E-08 -0.38282E-08
  0.21540E+03 -0.18163E-06  0.12293E-07  0.73000E-09
  0.21570E+03 -0.17966E-06  0.16829E-07  0.51590E-08
  0.21600E+03 -0.17708E-06  0.21312E-07  0.94740E-08
  0.21630E+03 -0.17389E-06  0.25729E-07  0.13661E-07
  0.21660E+03 -0.17011E-06  0.30066E-07  0.17715E-07
  0.21690E+03 -0.16575E-06  0.34308E-07  0.21627E-07
  0.21720E+03 -0.16082E-06  0.38442E-07  0.25411E-07
  0.21750E+03 -0.15533E-06  0.42451E-07  0.29039E-07
  0.21780E+03 -0.14930E-06  0.46321E-07  0.32533E-07
  0.21810E+03 -0.14275E-06  0.50038E-07  0.35877E-07
  0.21840E+03 -0.13573E-06  0.53586E-07  0.39068E-07
  0.21870E+03 -0.12824E-06  0.56951E-07  0.42105E-07
  0.21900E+03 -0.12032E-06  0.60119E-07  0.44998E-07
  0.21930E+03 -0.11200E-06  0.63076E-07  0.47735E-07
  0.21960E+03 -0.10332E-06  0.65810E-07  0.50308E-07
  0.21990E+03 -0.94316E-07  0.68308E-07  0.52724E-07
  0.22020E+03 -0.85023E-07  0.70558E-07  0.54985E-07
  0.22050E+03 -0.75488E-07  0.72551E-07  0.57078E-07
  0.22080E+03 -0.65743E-07  0.74277E-07  0.59006E-07
  0.22110E+03 -0.55844E-07  0.75728E-07  0.60760E-07
  0.22140E+03 -0.45819E-07  0.76896E-07  0.62345E-07
  0.22170E+03 -0.35722E-07  0.77777E-07  0.63768E-07
  0.22200E+03 -0.25597E-07  0.78366E-07  0.65002E-07
  0.22230E+03 -0.15483E-07  0.78660E-07  0.66067E-07
  0.22260E+03 -0.54290E-08  0.78658E-07  0.66948E-07
  0.22290E+03  0.45250E-08  0.78359E-07  0.67643E-07
  0.22320E+03  0.14334E-07  0.77766E-07  0.68150E-07
  0.22350E+03  0.23963E-07  0.76882E-07  0.68467E-07
  0.22380E+03  0.33378E-07  0.75710E-07  0.68601E-07
  0.22410E+03  0.42522E-07  0.74258E-07  0.68532E-07
  0.22440E+03  0.51370E-07  0.72533E-07  0.68278E-07
  0.22470E+03  0.59880E-07  0.70543E-07  0.67822E-07
  0.22500E+03  0.68039E-07  0.68298E-07  0.67176E-07
  0.22530E+03  0.75800E-07  0.65811E-07  0.66332E-07
  0.22560E+03  0.83145E-07  0.63094E-07  0.65292E-07
  0.22590E+03  0.90037E-07  0.60161E-07  0.64058E-07
  0.22620E+03  0.96478E-07  0.57026E-07  0.62631E-07
  0.22650E+03  0.10242E-06  0.53705E-07  0.61015E-07
  0.22680E+03  0.10787E-06  0.50216E-07  0.59212E-07
  0.22710E+03  0.11281E-06  0.46575E-07  0.57228E-07
  0.22740E+03  0.11722E-06  0.42799E-07  0.55067E-07
  0.22770E+03  0.12109E-06  0.38909E-07  0.52734E-07
  0.22800E+03  0.12444E-06  0.34921E-07  0.50237E-07
  0.22830E+03  0.12725E-06  0.30856E-07  0.47583E-07
  0.22860E+03  0.12953E-06  0.26731E-07  0.44781E-07
  0.22890E+03  0.13126E-06  0.22567E-07  0.41839E-07
  0.22920E+03  0.13246E-06  0.18382E-07  0.38768E-07
  0.22950E+03  0.13315E-06  0.14194E-07  0.35579E-07
  0.22980E+03  0.13333E-06  0.10022E-07  0.32283E-07
  0.23010E+03  0.13302E-06  0.58835E-08  0.28891E-07
  0.23040E+03  0.13222E-06  0.17957E-08  0.25418E-07
  0.23070E+03  0.13096E-06 -0.22249E-08  0.21875E-07
  0.23100E+03  0.12925E-06 -0.61624E-08  0.18277E-07
  0.23130E+03  0.12710E-06 -0.10002E-07  0.14638E-07
  0.23160E+03  0.12455E-06 -0.13728E-07  0.10971E-07
  0.23190E+03  0.12161E-06 -0.17330E-07  0.72921E-08
  0.23220E+03  0.11830E-06 -0.20793E-07  0.36154E-08
  0.23250E+03  0.11466E-06 -0.24108E-07 -0.44199E-10
  0.23280E+03  0.11070E-06 -0.27263E-07 -0.36721E-08
  0.23310E+03  0.10644E-06 -0.30250E-07 -0.72540E-08
  0.23340E+03  0.10192E-06 -0.33061E-07 -0.10775E-07
  0.23370E+03  0.97145E-07 -0.35689E-07 -0.14221E-07
  0.23400E+03  0.92154E-07 -0.38128E-07 -0.17580E-07
  0.23430E+03  0.86964E-07 -0.40373E-07 -0.20841E-07
  0.23460E+03  0.81605E-07 -0.42419E-07 -0.23977E-07
  0.23490E+03  0.76096E-07 -0.44266E-07 -0.26992E-07
  0.23520E+03  0.70462E-07 -0.45910E-07 -0.29870E-07
  0.23550E+03  0.64726E-07 -0.47352E-07 -0.32601E-07
  0.23580E+03  0.58907E-07 -0.48591E-07 -0.35171E-07
  0.23610E+03  0.53035E-07 -0.49630E-07 -0.37579E-07
  0.23640E+03  0.47115E-07 -0.50470E-07 -0.39810E-07
  0.23670E+03  0.41187E-07 -0.51114E-07 -0.41856E-07
  0.23700E+03  0.35246E-07 -0.51565E-07 -0.43708E-07
  0.23730E+03  0.29331E-07 -0.51827E-07 -0.45376E-07
  0.23760E+03  0.23447E-07 -0.51905E-07 -0.46837E-07
  0.23790E+03  0.17619E-07 -0.51806E-07 -0.48107E-07
  0.23820E+03  0.11857E-07 -0.51533E-07 -0.49165E-07
  0.23850E+03  0.61790E-08 -0.51094E-07 -0.50027E-07
  0.23880E+03  0.59504E-09 -0.50496E-07 -0.50681E-07
  0.23910E+03 -0.48860E-08 -0.49746E-07 -0.51127E-07
  0.23940E+03 -0.10243E-07 -0.48850E-07 -0.51382E-07
  0.23970E+03 -0.15462E-07 -0.47816E-07 -0.51427E-07
  0.24000E+03 -0.20548E-07 -0.46651E-07 -0.51286E-07
  0.24030E+03 -0.25469E-07 -0.45363E-07 -0.50944E-07
  0.24060E+03 -0.30232E-07 -0.43961E-07 -0.50432E-07
  0.24090E+03 -0.34820E-07 -0.42451E-07 -0.49734E-07
  0.24120E+03 -0.39234E-07 -0.40841E-07 -0.48856E-07
  0.24150E+03 -0.43458E-07 -0.39140E-07 -0.47822E-07
  0.24180E+03 -0.47496E-07 -0.37356E-07 -0.46621E-07
  0.24210E+03 -0.51318E-07 -0.35495E-07 -0.45282E-07
  0.24240E+03 -0.54942E-07 -0.33565E-07 -0.43804E-07
  0.24270E+03 -0.58344E-07 -0.31573E-07 -0.42192E-07
  0.24300E+03 -0.61537E-07 -0.29527E-07 -0.40455E-07
  0.24330E+03 -0.64501E-07 -0.27433E-07 -0.38610E-07
  0.24360E+03 -0.67242E-07 -0.25299E-07 -0.36663E-07
  0.24390E+03 -0.69741E-07 -0.23131E-07 -0.34625E-07
  0.24420E+03 -0.72009E-07 -0.20937E-07 -0.32506E-07
  0.24450E+03 -0.74045E-07 -0.18722E-07 -0.30317E-07
  0.24480E+03 -0.75824E-07 -0.16493E-07 -0.28069E-07
  0.24510E+03 -0.77369E-07 -0.14256E-07 -0.25773E-07
  0.24540E+03 -0.78666E-07 -0.12016E-07 -0.23426E-07
  0.24570E+03 -0.79714E-07 -0.97801E-08 -0.21060E-07
  0.24600E+03 -0.80518E-07 -0.75534E-08 -0.18665E-07
  0.24630E+03 -0.81071E-07 -0.53417E-08 -0.16261E-07
  0.24660E+03 -0.81373E-07 -0.31504E-08 -0.13851E-07
  0.24690E+03 -0.81425E-07 -0.98470E-09 -0.11452E-07
  0.24720E+03 -0.81230E-07  0.11503E-08 -0.90620E-08
  0.24750E+03 -0.80790E-07  0.32497E-08 -0.66980E-08
  0.24780E+03 -0.80105E-07  0.53086E-08 -0.43650E-08
  0.24810E+03 -0.79180E-07  0.73220E-08 -0.20620E-08
  0.24840E+03 -0.78017E-07  0.92854E-08  0.19401E-09
  0.24870E+03 -0.76622E-07  0.11194E-07  0.24050E-08
  0.24900E+03 -0.74998E-07  0.13044E-07  0.45570E-08
  0.24930E+03 -0.73153E-07  0.14830E-07  0.66480E-08
  0.24960E+03 -0.71092E-07  0.16550E-07  0.86750E-08
  0.24990E+03 -0.68823E-07  0.18198E-07  0.10634E-07
  0.25020E+03 -0.66352E-07  0.19771E-07  0.12518E-07
  0.25050E+03 -0.63692E-07  0.21265E-07  0.14326E-07
  0.25080E+03 -0.60844E-07  0.22676E-07  0.16052E-07
  0.25110E+03 -0.57827E-07  0.24001E-07  0.17695E-07
  0.25140E+03 -0.54642E-07  0.25237E-07  0.19252E-07
  0.25170E+03 -0.51309E-07  0.26382E-07  0.20712E-07
  0.25200E+03 -0.47841E-07  0.27431E-07  0.22090E-07
  0.25230E+03 -0.44241E-07  0.28384E-07  0.23371E-07
  0.25260E+03 -0.40527E-07  0.29237E-07  0.24557E-07
  0.25290E+03 -0.36704E-07  0.29989E-07  0.25652E-07
  0.25320E+03 -0.32806E-07  0.30638E-07  0.26646E-07
  0.25350E+03 -0.28828E-07  0.31182E-07  0.27543E-07
  0.25380E+03 -0.24788E-07  0.31621E-07  0.28349E-07
  0.25410E+03 -0.20710E-07  0.31954E-07  0.29044E-07
  0.25440E+03 -0.16607E-07  0.32180E-07  0.29654E-07
  0.25470E+03 -0.12481E-07  0.32299E-07  0.30161E-07
  0.25500E+03 -0.83540E-08  0.32312E-07  0.30571E-07
  0.25530E+03 -0.42500E-08  0.32219E-07  0.30885E-07
  0.25560E+03 -0.17297E-09  0.32021E-07  0.31103E-07
  0.25590E+03  0.38540E-08  0.31719E-07  0.31226E-07
  0.25620E+03  0.78260E-08  0.31316E-07  0.31253E-07
  0.25650E+03  0.11725E-07  0.30812E-07  0.31190E-07
  0.25680E+03  0.15535E-07  0.30211E-07  0.31034E-07
  0.25710E+03  0.19245E-07  0.29515E-07  0.30795E-07
  0.25740E+03  0.22840E-07  0.28727E-07  0.30464E-07
  0.25770E+03  0.26319E-07  0.27851E-07  0.30049E-07
  0.25800E+03  0.29644E-07  0.26890E-07  0.29546E-07
  0.25830E+03  0.32832E-07  0.25849E-07  0.28963E-07
  0.25860E+03  0.35854E-07  0.24732E-07  0.28294E-07
  0.25890E+03  0.38711E-07  0.23543E-07  0.27561E-07
  0.25920E+03  0.41392E-07  0.22287E-07  0.26746E-07
  0.25950E+03  0.43888E-07  0.20971E-07  0.25863E-07
  0.25980E+03  0.46191E-07  0.19598E-07  0.24910E-07
  0.26010E+03  0.48294E-07  0.18174E-07  0.23897E-07
  0.26040E+03  0.50200E-07  0.16705E-07  0.22820E-07
  0.26070E+03  0.51892E-07  0.15197E-07  0.21683E-07
  0.26100E+03  0.53383E-07  0.13656E-07  0.20500E-07
  0.26130E+03  0.54648E-07  0.12088E-07  0.19262E-07
  0.26160E+03  0.55708E-07  0.10498E-07  0.17981E-07
  0.26190E+03  0.56545E-07  0.88937E-08  0.16655E-07
  0.26220E+03  0.57170E-07  0.72800E-08  0.15294E-07
  0.26250E+03  0.57581E-07  0.56634E-08  0.13897E-07
  0.26280E+03  0.57775E-07  0.40497E-08  0.12478E-07
  0.26310E+03  0.57763E-07  0.24448E-08  0.11040E-07
  0.26340E+03  0.57552E-07  0.85434E-09  0.95780E-08
  0.26370E+03  0.57130E-07 -0.71615E-09  0.81020E-08
  0.26400E+03  0.56525E-07 -0.22612E-08  0.66170E-08
  0.26430E+03  0.55715E-07 -0.37754E-08  0.51260E-08
  0.26460E+03  0.54738E-07 -0.52537E-08  0.36430E-08
  0.26490E+03  0.53572E-07 -0.66912E-08  0.21700E-08
  0.26520E+03  0.52239E-07 -0.80832E-08  0.70500E-09
  0.26550E+03  0.50749E-07 -0.94254E-08 -0.75600E-09
  0.26580E+03  0.49113E-07 -0.10714E-07 -0.21810E-08
  0.26610E+03  0.47326E-07 -0.11944E-07 -0.35830E-08
  0.26640E+03  0.45410E-07 -0.13113E-07 -0.49599E-08
  0.26670E+03  0.43366E-07 -0.14217E-07 -0.62990E-08
  0.26700E+03  0.41213E-07 -0.15254E-07 -0.75993E-08
  0.26730E+03  0.38958E-07 -0.16220E-07 -0.88553E-08
  0.26760E+03  0.36609E-07 -0.17115E-07 -0.10064E-07
  0.26790E+03  0.34180E-07 -0.17935E-07 -0.11222E-07
  0.26820E+03  0.31674E-07 -0.18680E-07 -0.12324E-07
  0.26850E+03  0.29102E-07 -0.19347E-07 -0.13372E-07
  0.26880E+03  0.26486E-07 -0.19937E-07 -0.14355E-07
  0.26910E+03  0.23828E-07 -0.20449E-07 -0.15271E-07
  0.26940E+03  0.21138E-07 -0.20882E-07 -0.16121E-07
  0.26970E+03  0.18422E-07 -0.21236E-07 -0.16906E-07
  0.27000E+03  0.15702E-07 -0.21512E-07 -0.17619E-07
  0.27030E+03  0.12971E-07 -0.21710E-07 -0.18257E-07
  0.27060E+03  0.10259E-07 -0.21831E-07 -0.18833E-07
  0.27090E+03  0.75550E-08 -0.21876E-07 -0.19316E-07
  0.27120E+03  0.48740E-08 -0.21847E-07 -0.19734E-07
  0.27150E+03  0.22230E-08 -0.21746E-07 -0.20073E-07
  0.27180E+03 -0.37750E-09 -0.21573E-07 -0.20337E-07
  0.27210E+03 -0.29354E-08 -0.21332E-07 -0.20528E-07
  0.27240E+03 -0.54375E-08 -0.21026E-07 -0.20645E-07
  0.27270E+03 -0.78778E-08 -0.20656E-07 -0.20676E-07
  0.27300E+03 -0.10245E-07 -0.20225E-07 -0.20643E-07
  0.27330E+03 -0.12545E-07 -0.19737E-07 -0.20534E-07
  0.27360E+03 -0.14760E-07 -0.19194E-07 -0.20353E-07
  0.27390E+03 -0.16889E-07 -0.18599E-07 -0.20107E-07
  0.27420E+03 -0.18931E-07 -0.17956E-07 -0.19796E-07
  0.27450E+03 -0.20872E-07 -0.17267E-07 -0.19415E-07
  0.27480E+03 -0.22720E-07 -0.16536E-07 -0.18976E-07
  0.27510E+03 -0.24456E-07 -0.15766E-07 -0.18474E-07
  0.27540E+03 -0.26089E-07 -0.14961E-07 -0.17923E-07
  0.27570E+03 -0.27615E-07 -0.14124E-07 -0.17318E-07
  0.27600E+03 -0.29025E-07 -0.13258E-07 -0.16665E-07
  0.27630E+03 -0.30332E-07 -0.12368E-07 -0.15962E-07
  0.27660E+03 -0.31506E-07 -0.11456E-07 -0.15213E-07
  0.27690E+03 -0.32576E-07 -0.10525E-07 -0.14436E-07
  0.27720E+03 -0.33519E-07 -0.95785E-08 -0.13619E-07
  0.27750E+03 -0.34349E-07 -0.86195E-08 -0.12772E-07
  0.27780E+03 -0.35048E-07 -0.76514E-08 -0.11897E-07
  0.27810E+03 -0.35635E-07 -0.66771E-08 -0.10998E-07
  0.27840E+03 -0.36097E-07 -0.56999E-08 -0.10079E-07
  0.27870E+03 -0.36441E-07 -0.47227E-08 -0.91421E-08
  0.27900E+03 -0.36666E-07 -0.37485E-08 -0.81928E-08
  0.27930E+03 -0.36773E-07 -0.27799E-08 -0.72337E-08
  0.27960E+03 -0.36763E-07 -0.18196E-08 -0.62710E-08
  0.27990E+03 -0.36637E-07 -0.87033E-09 -0.52990E-08
  0.28020E+03 -0.36398E-07  0.65455E-10 -0.43320E-08
  0.28050E+03 -0.36050E-07  0.98521E-09 -0.33750E-08
  0.28080E+03 -0.35593E-07  0.18865E-08 -0.24200E-08
  0.28110E+03 -0.35030E-07  0.27668E-08 -0.14700E-08
  0.28140E+03 -0.34357E-07  0.36241E-08 -0.54000E-09
  0.28170E+03 -0.33596E-07  0.44563E-08  0.38600E-09
  0.28200E+03 -0.32728E-07  0.52614E-08  0.12840E-08
  0.28230E+03 -0.31780E-07  0.60376E-08  0.21600E-08
  0.28260E+03 -0.30729E-07  0.67830E-08  0.30150E-08
  0.28290E+03 -0.29600E-07  0.74961E-08  0.38430E-08
  0.28320E+03 -0.28392E-07  0.81750E-08  0.46460E-08
  0.28350E+03 -0.27114E-07  0.88182E-08  0.54240E-08
  0.28380E+03 -0.25758E-07  0.94241E-08  0.61630E-08
  0.28410E+03 -0.24337E-07  0.99913E-08  0.68730E-08
  0.28440E+03 -0.22853E-07  0.10518E-07  0.75540E-08
  0.28470E+03 -0.21323E-07  0.11004E-07  0.82000E-08
  0.28500E+03 -0.19737E-07  0.11448E-07  0.88075E-08
  0.28530E+03 -0.18104E-07  0.11848E-07  0.93793E-08
  0.28560E+03 -0.16435E-07  0.12204E-07  0.99144E-08
  0.28590E+03 -0.14733E-07  0.12516E-07  0.10410E-07
  0.28620E+03 -0.13005E-07  0.12782E-07  0.10868E-07
  0.28650E+03 -0.11255E-07  0.13002E-07  0.11286E-07
  0.28680E+03 -0.94920E-08  0.13175E-07  0.11665E-07
  0.28710E+03 -0.77170E-08  0.13301E-07  0.12003E-07
  0.28740E+03 -0.59360E-08  0.13381E-07  0.12302E-07
  0.28770E+03 -0.41580E-08  0.13413E-07  0.12561E-07
  0.28800E+03 -0.23950E-08  0.13398E-07  0.12780E-07
  0.28830E+03 -0.63903E-09  0.13338E-07  0.12958E-07
  0.28860E+03  0.10930E-08  0.13231E-07  0.13097E-07
  0.28890E+03  0.27920E-08  0.13080E-07  0.13196E-07
  0.28920E+03  0.44760E-08  0.12884E-07  0.13255E-07
  0.28950E+03  0.61110E-08  0.12645E-07  0.13277E-07
  0.28980E+03  0.77110E-08  0.12365E-07  0.13259E-07
  0.29010E+03  0.92570E-08  0.12043E-07  0.13205E-07
  0.29040E+03  0.10762E-07  0.11683E-07  0.13113E-07
  0.29070E+03  0.12205E-07  0.11286E-07  0.12985E-07
  0.29100E+03  0.13580E-07  0.10853E-07  0.12821E-07
  0.29130E+03  0.14910E-07  0.10386E-07  0.12623E-07
  0.29160E+03  0.16160E-07  0.98885E-08  0.12391E-07
  0.29190E+03  0.17340E-07  0.93615E-08  0.12128E-07
  0.29220E+03  0.18434E-07  0.88077E-08  0.11833E-07
  0.29250E+03  0.19456E-07  0.82294E-08  0.11508E-07
  0.29280E+03  0.20407E-07  0.76294E-08  0.11153E-07
  0.29310E+03  0.21261E-07  0.70102E-08  0.10770E-07
  0.29340E+03  0.22043E-07  0.63744E-08  0.10362E-07
  0.29370E+03  0.22728E-07  0.57248E-08  0.99282E-08
  0.29400E+03  0.23331E-07  0.50639E-08  0.94715E-08
  0.29430E+03  0.23849E-07  0.43945E-08  0.89920E-08
  0.29460E+03  0.24280E-07  0.37195E-08  0.84923E-08
  0.29490E+03  0.24614E-07  0.30415E-08  0.79742E-08
  0.29520E+03  0.24860E-07  0.23635E-08  0.74373E-08
  0.29550E+03  0.25016E-07  0.16884E-08  0.68860E-08
  0.29580E+03  0.25085E-07  0.10187E-08  0.63230E-08
  0.29610E+03  0.25064E-07  0.35695E-09  0.57440E-08
  0.29640E+03  0.24969E-07 -0.29438E-09  0.51520E-08
  0.29670E+03  0.24778E-07 -0.93295E-09  0.45640E-08
  0.29700E+03  0.24504E-07 -0.15564E-08  0.39580E-08
  0.29730E+03  0.24164E-07 -0.21627E-08  0.33530E-08
  0.29760E+03  0.23729E-07 -0.27497E-08  0.27480E-08
  0.29790E+03  0.23233E-07 -0.33159E-08  0.21350E-08
  0.29820E+03  0.22655E-07 -0.38594E-08  0.15320E-08
  0.29850E+03  0.21980E-07 -0.43788E-08  0.92700E-09
  0.29880E+03  0.21330E-07 -0.48726E-08  0.32270E-09
  0.29910E+03  0.20530E-07 -0.53395E-08 -0.27030E-09
  0.29940E+03  0.19670E-07 -0.57784E-08 -0.85461E-09
  0.29970E+03  0.18860E-07 -0.61882E-08 -0.14277E-08
  0.30000E+03  0.17860E-07 -0.65679E-08 -0.19895E-08
  0.30030E+03  0.16930E-07 -0.69168E-08 -0.25377E-08
  0.30060E+03  0.15910E-07 -0.72341E-08 -0.30711E-08
  0.30090E+03  0.14870E-07 -0.75193E-08 -0.35878E-08
  0.30120E+03  0.13720E-07 -0.77718E-08 -0.40863E-08
  0.30150E+03  0.12620E-07 -0.79913E-08 -0.45650E-08
  0.30180E+03  0.11530E-07 -0.81779E-08 -0.50235E-08
  0.30210E+03  0.10280E-07 -0.83316E-08 -0.54604E-08
  0.30240E+03  0.91700E-08 -0.84527E-08 -0.58739E-08
  0.30270E+03  0.79300E-08 -0.85417E-08 -0.62630E-08
  0.30300E+03  0.67450E-08 -0.85993E-08 -0.66254E-08
  0.30330E+03  0.55490E-08 -0.86263E-08 -0.69614E-08
  0.30360E+03  0.43400E-08 -0.86237E-08 -0.72695E-08
  0.30390E+03  0.31450E-08 -0.85925E-08 -0.75490E-08
  0.30420E+03  0.19500E-08 -0.85339E-08 -0.77940E-08
  0.30450E+03  0.77799E-09 -0.84491E-08 -0.80200E-08
  0.30480E+03 -0.38199E-09 -0.83395E-08 -0.82000E-08
  0.30510E+03 -0.15240E-08 -0.82064E-08 -0.83570E-08
  0.30540E+03 -0.26450E-08 -0.80514E-08 -0.84800E-08
  0.30570E+03 -0.37349E-08 -0.78757E-08 -0.85680E-08
  0.30600E+03 -0.47954E-08 -0.76809E-08 -0.86190E-08
  0.30630E+03 -0.58230E-08 -0.74682E-08 -0.86380E-08
  0.30660E+03 -0.68130E-08 -0.72390E-08 -0.86350E-08
  0.30690E+03 -0.77740E-08 -0.69945E-08 -0.85920E-08
