  0.00000E+00  0.44285E-12  0.13058E-11  0.44708E-12
  0.30000E+00  0.46420E-11  0.10356E-10  0.26242E-11
  0.60000E+00  0.24951E-10  0.42233E-10  0.59639E-11
  0.90000E+00  0.92559E-10  0.12114E-09  0.11682E-11
  0.12000E+01  0.26867E-09  0.27927E-09 -0.38075E-10
  0.15000E+01  0.65487E-09  0.55544E-09 -0.16263E-09
  0.18000E+01  0.14016E-08  0.99362E-09 -0.45426E-09
  0.21000E+01  0.27125E-08  0.16412E-08 -0.10302E-08
  0.24000E+01  0.48419E-08  0.25474E-08 -0.20451E-08
  0.27000E+01  0.80851E-08  0.37613E-08 -0.36900E-08
  0.30000E+01  0.12769E-07  0.53298E-08 -0.61895E-08
  0.33000E+01  0.19251E-07  0.72963E-08 -0.97958E-08
  0.36000E+01  0.27915E-07  0.96987E-08 -0.14783E-07
  0.39000E+01  0.39177E-07  0.12568E-07 -0.21438E-07
  0.42000E+01  0.53470E-07  0.15926E-07 -0.30052E-07
  0.45000E+01  0.71226E-07  0.19786E-07 -0.40911E-07
  0.48000E+01  0.92859E-07  0.24148E-07 -0.54291E-07
  0.51000E+01  0.11875E-06  0.29003E-07 -0.70445E-07
  0.54000E+01  0.14923E-06  0.34329E-07 -0.89602E-07
  0.57000E+01  0.18459E-06  0.40089E-07 -0.11196E-06
  0.60000E+01  0.22505E-06  0.46235E-07 -0.13767E-06
  0.63000E+01  0.27075E-06  0.52707E-07 -0.16684E-06
  0.66000E+01  0.32173E-06  0.59432E-07 -0.19951E-06
  0.69000E+01  0.37794E-06  0.66323E-07 -0.23563E-06
  0.72000E+01  0.43920E-06  0.73286E-07 -0.27510E-06
  0.75000E+01  0.50520E-06  0.80215E-07 -0.31772E-06
  0.78000E+01  0.57553E-06  0.86997E-07 -0.36322E-06
  0.81000E+01  0.64962E-06  0.93511E-07 -0.41122E-06
  0.84000E+01  0.72678E-06  0.99632E-07 -0.46128E-06
  0.87000E+01  0.80617E-06  0.10523E-06 -0.51288E-06
  0.90000E+01  0.88683E-06  0.11018E-06 -0.56540E-06
  0.93000E+01  0.96768E-06  0.11435E-06 -0.61819E-06
  0.96000E+01  0.10476E-05  0.11761E-06 -0.67050E-06
  0.99000E+01  0.11252E-05  0.11984E-06 -0.72154E-06
  0.10200E+02  0.11992E-05  0.12094E-06 -0.77046E-06
  0.10500E+02  0.12682E-05  0.12078E-06 -0.81640E-06
  0.10800E+02  0.13309E-05  0.11928E-06 -0.85843E-06
  0.11100E+02  0.13857E-05  0.11636E-06 -0.89564E-06
  0.11400E+02  0.14312E-05  0.11195E-06 -0.92711E-06
  0.11700E+02  0.14661E-05  0.10600E-06 -0.95193E-06
  0.12000E+02  0.14891E-05  0.98475E-07 -0.96920E-06
  0.12300E+02  0.14988E-05  0.89355E-07 -0.97808E-06
  0.12600E+02  0.14940E-05  0.78647E-07 -0.97775E-06
  0.12900E+02  0.14737E-05  0.66373E-07 -0.96750E-06
  0.13200E+02  0.14369E-05  0.52576E-07 -0.94664E-06
  0.13500E+02  0.13827E-05  0.37320E-07 -0.91463E-06
  0.13800E+02  0.13104E-05  0.20688E-07 -0.87100E-06
  0.14100E+02  0.12196E-05  0.27818E-08 -0.81541E-06
  0.14400E+02  0.11099E-05 -0.16276E-07 -0.74765E-06
  0.14700E+02  0.98128E-06 -0.36346E-07 -0.66763E-06
  0.15000E+02  0.83382E-06 -0.57272E-07 -0.57544E-06
  0.15300E+02  0.66791E-06 -0.78883E-07 -0.47127E-06
  0.15600E+02  0.48412E-06 -0.10099E-06 -0.35550E-06
  0.15900E+02  0.28325E-06 -0.12341E-06 -0.22862E-06
  0.16200E+02  0.66327E-07 -0.14591E-06 -0.91307E-07
  0.16500E+02 -0.16541E-06 -0.16831E-06  0.55648E-07
  0.16800E+02 -0.41051E-06 -0.19036E-06  0.21130E-06
  0.17100E+02 -0.66731E-06 -0.21185E-06  0.37456E-06
  0.17400E+02 -0.93393E-06 -0.23256E-06  0.54424E-06
  0.17700E+02 -0.12084E-05 -0.25227E-06  0.71901E-06
  0.18000E+02 -0.14884E-05 -0.27075E-06  0.89748E-06
  0.18300E+02 -0.17717E-05 -0.28781E-06  0.10781E-05
  0.18600E+02 -0.20558E-05 -0.30324E-06  0.12594E-05
  0.18900E+02 -0.23383E-05 -0.31684E-06  0.14397E-05
  0.19200E+02 -0.26163E-05 -0.32846E-06  0.16173E-05
  0.19500E+02 -0.28873E-05 -0.33792E-06  0.17905E-05
  0.19800E+02 -0.31487E-05 -0.34509E-06  0.19577E-05
  0.20100E+02 -0.33977E-05 -0.34984E-06  0.21172E-05
  0.20400E+02 -0.36319E-05 -0.35207E-06  0.22673E-05
  0.20700E+02 -0.38487E-05 -0.35171E-06  0.24063E-05
  0.21000E+02 -0.40456E-05 -0.34870E-06  0.25329E-05
  0.21300E+02 -0.42203E-05 -0.34300E-06  0.26454E-05
  0.21600E+02 -0.43707E-05 -0.33462E-06  0.27424E-05
  0.21900E+02 -0.44948E-05 -0.32357E-06  0.28227E-05
  0.22200E+02 -0.45908E-05 -0.30988E-06  0.28852E-05
  0.22500E+02 -0.46569E-05 -0.29366E-06  0.29287E-05
  0.22800E+02 -0.46920E-05 -0.27513E-06  0.29522E-05
  0.23100E+02 -0.46950E-05 -0.25481E-06  0.29545E-05
  0.23400E+02 -0.46649E-05 -0.23361E-06  0.29345E-05
  0.23700E+02 -0.46015E-05 -0.21288E-06  0.28911E-05
  0.24000E+02 -0.45044E-05 -0.19437E-06  0.28231E-05
  0.24300E+02 -0.43737E-05 -0.18009E-06  0.27297E-05
  0.24600E+02 -0.42098E-05 -0.17205E-06  0.26106E-05
  0.24900E+02 -0.40133E-05 -0.17183E-06  0.24665E-05
  0.25200E+02 -0.37852E-05 -0.18020E-06  0.22988E-05
  0.25500E+02 -0.35266E-05 -0.19720E-06  0.21096E-05
  0.25800E+02 -0.32392E-05 -0.22243E-06  0.19012E-05
  0.26100E+02 -0.29249E-05 -0.25510E-06  0.16761E-05
  0.26400E+02 -0.25859E-05 -0.29414E-06  0.14371E-05
  0.26700E+02 -0.22246E-05 -0.33818E-06  0.11873E-05
  0.27000E+02 -0.18435E-05 -0.38545E-06  0.92993E-06
  0.27300E+02 -0.14454E-05 -0.43363E-06  0.66848E-06
  0.27600E+02 -0.10331E-05 -0.47973E-06  0.40647E-06
  0.27900E+02 -0.60983E-06 -0.52038E-06  0.14718E-06
  0.28200E+02 -0.17871E-06 -0.55196E-06 -0.10634E-06
  0.28500E+02  0.25699E-06 -0.57069E-06 -0.35123E-06
  0.28800E+02  0.69406E-06 -0.57277E-06 -0.58500E-06
  0.29100E+02  0.11294E-05 -0.55446E-06 -0.80562E-06
  0.29400E+02  0.15599E-05 -0.51223E-06 -0.10115E-05
  0.29700E+02  0.19829E-05 -0.44314E-06 -0.12017E-05
  0.30000E+02  0.23957E-05 -0.34525E-06 -0.13761E-05
  0.30300E+02  0.27958E-05 -0.21768E-06 -0.15353E-05
  0.30600E+02  0.31808E-05 -0.60658E-07 -0.16804E-05
  0.30900E+02  0.35488E-05  0.12437E-06 -0.18135E-05
  0.31200E+02  0.38977E-05  0.33464E-06 -0.19366E-05
  0.31500E+02  0.42257E-05  0.56621E-06 -0.20519E-05
  0.31800E+02  0.45314E-05  0.81429E-06 -0.21612E-05
  0.32100E+02  0.48134E-05  0.10736E-05 -0.22659E-05
  0.32400E+02  0.50703E-05  0.13388E-05 -0.23669E-05
  0.32700E+02  0.53010E-05  0.16048E-05 -0.24644E-05
  0.33000E+02  0.55044E-05  0.18671E-05 -0.25581E-05
  0.33300E+02  0.56796E-05  0.21217E-05 -0.26473E-05
  0.33600E+02  0.58256E-05  0.23654E-05 -0.27308E-05
  0.33900E+02  0.59416E-05  0.25950E-05 -0.28075E-05
  0.34200E+02  0.60267E-05  0.28079E-05 -0.28765E-05
  0.34500E+02  0.60803E-05  0.30010E-05 -0.29371E-05
  0.34800E+02  0.61016E-05  0.31710E-05 -0.29888E-05
  0.35100E+02  0.60900E-05  0.33140E-05 -0.30312E-05
  0.35400E+02  0.60451E-05  0.34254E-05 -0.30642E-05
  0.35700E+02  0.59667E-05  0.35004E-05 -0.30872E-05
  0.36000E+02  0.58547E-05  0.35340E-05 -0.30996E-05
  0.36300E+02  0.57096E-05  0.35218E-05 -0.31003E-05
  0.36600E+02  0.55318E-05  0.34598E-05 -0.30880E-05
  0.36900E+02  0.53225E-05  0.33456E-05 -0.30610E-05
  0.37200E+02  0.50826E-05  0.31779E-05 -0.30176E-05
  0.37500E+02  0.48136E-05  0.29569E-05 -0.29564E-05
  0.37800E+02  0.45174E-05  0.26838E-05 -0.28764E-05
  0.38100E+02  0.41959E-05  0.23609E-05 -0.27772E-05
  0.38400E+02  0.38518E-05  0.19908E-05 -0.26591E-05
  0.38700E+02  0.34880E-05  0.15762E-05 -0.25229E-05
  0.39000E+02  0.31077E-05  0.11194E-05 -0.23704E-05
  0.39300E+02  0.27148E-05  0.62283E-06 -0.22037E-05
  0.39600E+02  0.23137E-05  0.89355E-07 -0.20256E-05
  0.39900E+02  0.19094E-05 -0.47682E-06 -0.18399E-05
  0.40200E+02  0.15067E-05 -0.10694E-05 -0.16512E-05
  0.40500E+02  0.11112E-05 -0.16792E-05 -0.14644E-05
  0.40800E+02  0.72839E-06 -0.22949E-05 -0.12831E-05
  0.41100E+02  0.36443E-06 -0.29048E-05 -0.11094E-05
  0.41400E+02  0.25584E-07 -0.34967E-05 -0.94419E-06
  0.41700E+02 -0.28240E-06 -0.40604E-05 -0.78774E-06
  0.42000E+02 -0.55497E-06 -0.45895E-05 -0.64035E-06
  0.42300E+02 -0.78842E-06 -0.50814E-05 -0.50193E-06
  0.42600E+02 -0.97921E-06 -0.55329E-05 -0.37190E-06
  0.42900E+02 -0.11241E-05 -0.59380E-05 -0.24981E-06
  0.43200E+02 -0.12212E-05 -0.62899E-05 -0.13576E-06
  0.43500E+02 -0.12719E-05 -0.65842E-05 -0.30192E-07
  0.43800E+02 -0.12811E-05 -0.68182E-05  0.66690E-07
  0.44100E+02 -0.12568E-05 -0.69889E-05  0.15502E-06
  0.44400E+02 -0.12095E-05 -0.70931E-05  0.23530E-06
  0.44700E+02 -0.11503E-05 -0.71284E-05  0.30891E-06
  0.45000E+02 -0.10908E-05 -0.70923E-05  0.37857E-06
  0.45300E+02 -0.10430E-05 -0.69810E-05  0.44778E-06
  0.45600E+02 -0.10198E-05 -0.67902E-05  0.51974E-06
  0.45900E+02 -0.10345E-05 -0.65169E-05  0.59731E-06
  0.46200E+02 -0.11000E-05 -0.61587E-05  0.68343E-06
  0.46500E+02 -0.12285E-05 -0.57138E-05  0.78154E-06
  0.46800E+02 -0.14309E-05 -0.51829E-05  0.89622E-06
  0.47100E+02 -0.17165E-05 -0.45693E-05  0.10341E-05
  0.47400E+02 -0.20920E-05 -0.38786E-05  0.12036E-05
  0.47700E+02 -0.25596E-05 -0.31183E-05  0.14131E-05
  0.48000E+02 -0.31164E-05 -0.23000E-05  0.16703E-05
  0.48300E+02 -0.37549E-05 -0.14386E-05  0.19807E-05
  0.48600E+02 -0.44625E-05 -0.55208E-06  0.23471E-05
  0.48900E+02 -0.52225E-05  0.33850E-06  0.27693E-05
  0.49200E+02 -0.60134E-05  0.12095E-05  0.32433E-05
  0.49500E+02 -0.68103E-05  0.20372E-05  0.37603E-05
  0.49800E+02 -0.75867E-05  0.27990E-05  0.43054E-05
  0.50100E+02 -0.83161E-05  0.34744E-05  0.48579E-05
  0.50400E+02 -0.89729E-05  0.40483E-05  0.53925E-05
  0.50700E+02 -0.95337E-05  0.45121E-05  0.58809E-05
  0.51000E+02 -0.99791E-05  0.48653E-05  0.62953E-05
  0.51300E+02 -0.10295E-04  0.51166E-05  0.66106E-05
  0.51600E+02 -0.10473E-04  0.52834E-05  0.68062E-05
  0.51900E+02 -0.10510E-04  0.53889E-05  0.68684E-05
  0.52200E+02 -0.10408E-04  0.54594E-05  0.67916E-05
  0.52500E+02 -0.10173E-04  0.55190E-05  0.65789E-05
  0.52800E+02 -0.98184E-05  0.55870E-05  0.62419E-05
  0.53100E+02 -0.93584E-05  0.56745E-05  0.57995E-05
  0.53400E+02 -0.88099E-05  0.57836E-05  0.52739E-05
  0.53700E+02 -0.81901E-05  0.59081E-05  0.46873E-05
  0.54000E+02 -0.75159E-05  0.60352E-05  0.40581E-05
  0.54300E+02 -0.68024E-05  0.61490E-05  0.33987E-05
  0.54600E+02 -0.60619E-05  0.62343E-05  0.27157E-05
  0.54900E+02 -0.53046E-05  0.62804E-05  0.20120E-05
  0.55200E+02 -0.45388E-05  0.62843E-05  0.12897E-05
  0.55500E+02 -0.37715E-05  0.62514E-05  0.55253E-06
  0.55800E+02 -0.30086E-05  0.61935E-05 -0.19218E-06
  0.56100E+02 -0.22557E-05  0.61241E-05 -0.93194E-06
  0.56400E+02 -0.15190E-05  0.60535E-05 -0.16475E-05
  0.56700E+02 -0.80393E-06  0.59854E-05 -0.23136E-05
  0.57000E+02 -0.11568E-06  0.59167E-05 -0.29045E-05
  0.57300E+02  0.54127E-06  0.58375E-05 -0.34011E-05
  0.57600E+02  0.11633E-05  0.57321E-05 -0.37952E-05
  0.57900E+02  0.17487E-05  0.55825E-05 -0.40877E-05
  0.58200E+02  0.22991E-05  0.53754E-05 -0.42853E-05
  0.58500E+02  0.28187E-05  0.51069E-05 -0.43989E-05
  0.58800E+02  0.33149E-05  0.47826E-05 -0.44427E-05
  0.59100E+02  0.37973E-05  0.44121E-05 -0.44283E-05
  0.59400E+02  0.42766E-05  0.40059E-05 -0.43598E-05
  0.59700E+02  0.47631E-05  0.35719E-05 -0.42345E-05
  0.60000E+02  0.52647E-05  0.31126E-05 -0.40481E-05
  0.60300E+02  0.57868E-05  0.26227E-05 -0.37990E-05
  0.60600E+02  0.63309E-05  0.20926E-05 -0.34908E-05
  0.60900E+02  0.68945E-05  0.15133E-05 -0.31344E-05
  0.61200E+02  0.74720E-05  0.88067E-06 -0.27469E-05
  0.61500E+02  0.80560E-05  0.19841E-06 -0.23470E-05
  0.61800E+02  0.86377E-05 -0.52210E-06 -0.19503E-05
  0.62100E+02  0.92085E-05 -0.12654E-05 -0.15665E-05
  0.62400E+02  0.97606E-05 -0.20168E-05 -0.11977E-05
  0.62700E+02  0.10288E-04 -0.27666E-05 -0.84133E-06
  0.63000E+02  0.10787E-04 -0.35115E-05 -0.49414E-06
  0.63300E+02  0.11254E-04 -0.42532E-05 -0.15677E-06
  0.63600E+02  0.11688E-04 -0.49938E-05  0.16456E-06
  0.63900E+02  0.12088E-04 -0.57317E-05  0.45894E-06
  0.64200E+02  0.12448E-04 -0.64587E-05  0.71480E-06
  0.64500E+02  0.12761E-04 -0.71607E-05  0.92457E-06
  0.64800E+02  0.13019E-04 -0.78214E-05  0.10875E-05
  0.65100E+02  0.13207E-04 -0.84272E-05  0.12095E-05
  0.65400E+02  0.13314E-04 -0.89702E-05  0.13001E-05
  0.65700E+02  0.13328E-04 -0.94488E-05  0.13673E-05
  0.66000E+02  0.13239E-04 -0.98647E-05  0.14141E-05
  0.66300E+02  0.13039E-04 -0.10219E-04  0.14377E-05
  0.66600E+02  0.12725E-04 -0.10508E-04  0.14324E-05
  0.66900E+02  0.12298E-04 -0.10722E-04  0.13936E-05
  0.67200E+02  0.11760E-04 -0.10852E-04  0.13218E-05
  0.67500E+02  0.11116E-04 -0.10887E-04  0.12231E-05
  0.67800E+02  0.10370E-04 -0.10826E-04  0.11059E-05
  0.68100E+02  0.95259E-05 -0.10670E-04  0.97704E-06
  0.68400E+02  0.85862E-05 -0.10427E-04  0.83769E-06
  0.68700E+02  0.75532E-05 -0.10103E-04  0.68289E-06
  0.69000E+02  0.64302E-05 -0.97014E-05  0.50456E-06
  0.69300E+02  0.52227E-05 -0.92198E-05  0.29617E-06
  0.69600E+02  0.39392E-05 -0.86554E-05  0.56259E-07
  0.69900E+02  0.25913E-05 -0.80081E-05 -0.21127E-06
  0.70200E+02  0.11934E-05 -0.72830E-05 -0.50023E-06
  0.70500E+02 -0.23846E-06 -0.64909E-05 -0.80650E-06
  0.70800E+02 -0.16880E-05 -0.56444E-05 -0.11306E-05
  0.71100E+02 -0.31397E-05 -0.47542E-05 -0.14768E-05
  0.71400E+02 -0.45800E-05 -0.38270E-05 -0.18492E-05
  0.71700E+02 -0.59968E-05 -0.28658E-05 -0.22470E-05
  0.72000E+02 -0.73791E-05 -0.18743E-05 -0.26631E-05
  0.72300E+02 -0.87150E-05 -0.85953E-06 -0.30859E-05
  0.72600E+02 -0.99912E-05  0.16667E-06 -0.35034E-05
  0.72900E+02 -0.11193E-04  0.11901E-05 -0.39069E-05
  0.73200E+02 -0.12306E-04  0.21976E-05 -0.42919E-05
  0.73500E+02 -0.13314E-04  0.31806E-05 -0.46552E-05
  0.73800E+02 -0.14206E-04  0.41338E-05 -0.49913E-05
  0.74100E+02 -0.14974E-04  0.50534E-05 -0.52903E-05
  0.74400E+02 -0.15614E-04  0.59334E-05 -0.55389E-05
  0.74700E+02 -0.16125E-04  0.67639E-05 -0.57253E-05
  0.75000E+02 -0.16510E-04  0.75336E-05 -0.58422E-05
  0.75300E+02 -0.16770E-04  0.82327E-05 -0.58876E-05
  0.75600E+02 -0.16908E-04  0.88557E-05 -0.58626E-05
  0.75900E+02 -0.16925E-04  0.94011E-05 -0.57673E-05
  0.76200E+02 -0.16823E-04  0.98685E-05 -0.55987E-05
  0.76500E+02 -0.16603E-04  0.10256E-04 -0.53521E-05
  0.76800E+02 -0.16269E-04  0.10558E-04 -0.50250E-05
  0.77100E+02 -0.15824E-04  0.10770E-04 -0.46200E-05
  0.77400E+02 -0.15276E-04  0.10889E-04 -0.41447E-05
  0.77700E+02 -0.14631E-04  0.10915E-04 -0.36089E-05
  0.78000E+02 -0.13892E-04  0.10853E-04 -0.30201E-05
  0.78300E+02 -0.13064E-04  0.10707E-04 -0.23831E-05
  0.78600E+02 -0.12148E-04  0.10481E-04 -0.17015E-05
  0.78900E+02 -0.11148E-04  0.10175E-04 -0.98137E-06
  0.79200E+02 -0.10070E-04  0.97890E-05 -0.23305E-06
  0.79500E+02 -0.89235E-05  0.93279E-05  0.53070E-06
  0.79800E+02 -0.77202E-05  0.87990E-05  0.12982E-05
  0.80100E+02 -0.64733E-05  0.82112E-05  0.20615E-05
  0.80400E+02 -0.51958E-05  0.75724E-05  0.28156E-05
  0.80700E+02 -0.39000E-05  0.68876E-05  0.35557E-05
  0.81000E+02 -0.25975E-05  0.61611E-05  0.42743E-05
  0.81300E+02 -0.13007E-05  0.53985E-05  0.49613E-05
  0.81600E+02 -0.22044E-07  0.46086E-05  0.56072E-05
  0.81900E+02  0.12259E-05  0.38017E-05  0.62059E-05
  0.82200E+02  0.24318E-05  0.29869E-05  0.67549E-05
  0.82500E+02  0.35866E-05  0.21711E-05  0.72526E-05
  0.82800E+02  0.46830E-05  0.13592E-05  0.76954E-05
  0.83100E+02  0.57152E-05  0.55660E-06  0.80772E-05
  0.83400E+02  0.66780E-05 -0.22919E-06  0.83918E-05
  0.83700E+02  0.75666E-05 -0.98940E-06  0.86357E-05
  0.84000E+02  0.83764E-05 -0.17163E-05  0.88086E-05
  0.84300E+02  0.91038E-05 -0.24049E-05  0.89115E-05
  0.84600E+02  0.97452E-05 -0.30521E-05  0.89434E-05
  0.84900E+02  0.10297E-04 -0.36548E-05  0.89015E-05
  0.85200E+02  0.10757E-04 -0.42084E-05  0.87828E-05
  0.85500E+02  0.11122E-04 -0.47076E-05  0.85871E-05
  0.85800E+02  0.11389E-04 -0.51484E-05  0.83175E-05
  0.86100E+02  0.11556E-04 -0.55294E-05  0.79781E-05
  0.86400E+02  0.11624E-04 -0.58511E-05  0.75715E-05
  0.86700E+02  0.11592E-04 -0.61135E-05  0.70988E-05
  0.87000E+02  0.11463E-04 -0.63155E-05  0.65620E-05
  0.87300E+02  0.11242E-04 -0.64559E-05  0.59659E-05
  0.87600E+02  0.10934E-04 -0.65351E-05  0.53180E-05
  0.87900E+02  0.10545E-04 -0.65558E-05  0.46255E-05
  0.88200E+02  0.10084E-04 -0.65215E-05  0.38945E-05
  0.88500E+02  0.95583E-05 -0.64351E-05  0.31300E-05
  0.88800E+02  0.89773E-05 -0.62984E-05  0.23383E-05
  0.89100E+02  0.83506E-05 -0.61136E-05  0.15287E-05
  0.89400E+02  0.76878E-05 -0.58849E-05  0.71106E-06
  0.89700E+02  0.69985E-05 -0.56174E-05 -0.10565E-06
  0.90000E+02  0.62918E-05 -0.53163E-05 -0.91448E-06
  0.90300E+02  0.55763E-05 -0.49856E-05 -0.17087E-05
  0.90600E+02  0.48598E-05 -0.46288E-05 -0.24803E-05
  0.90900E+02  0.41493E-05 -0.42504E-05 -0.32204E-05
  0.91200E+02  0.34514E-05 -0.38559E-05 -0.39209E-05
  0.91500E+02  0.27720E-05 -0.34509E-05 -0.45764E-05
  0.91800E+02  0.21167E-05 -0.30399E-05 -0.51825E-05
  0.92100E+02  0.14906E-05 -0.26265E-05 -0.57341E-05
  0.92400E+02  0.89845E-06 -0.22147E-05 -0.62256E-05
  0.92700E+02  0.34447E-06 -0.18092E-05 -0.66522E-05
  0.93000E+02 -0.16777E-06 -0.14144E-05 -0.70110E-05
  0.93300E+02 -0.63525E-06 -0.10341E-05 -0.73002E-05
  0.93600E+02 -0.10555E-05 -0.67070E-06 -0.75180E-05
  0.93900E+02 -0.14265E-05 -0.32687E-06 -0.76620E-05
  0.94200E+02 -0.17469E-05 -0.56311E-08 -0.77307E-05
  0.94500E+02 -0.20162E-05  0.29033E-06 -0.77247E-05
  0.94800E+02 -0.22347E-05  0.55939E-06 -0.76453E-05
  0.95100E+02 -0.24036E-05  0.80062E-06 -0.74940E-05
  0.95400E+02 -0.25251E-05  0.10131E-05 -0.72726E-05
  0.95700E+02 -0.26018E-05  0.11958E-05 -0.69842E-05
  0.96000E+02 -0.26365E-05  0.13483E-05 -0.66334E-05
  0.96300E+02 -0.26325E-05  0.14710E-05 -0.62255E-05
  0.96600E+02 -0.25929E-05  0.15647E-05 -0.57658E-05
  0.96900E+02 -0.25214E-05  0.16299E-05 -0.52601E-05
  0.97200E+02 -0.24214E-05  0.16677E-05 -0.47155E-05
  0.97500E+02 -0.22968E-05  0.16796E-05 -0.41393E-05
  0.97800E+02 -0.21515E-05  0.16673E-05 -0.35388E-05
  0.98100E+02 -0.19899E-05  0.16328E-05 -0.29215E-05
  0.98400E+02 -0.18164E-05  0.15781E-05 -0.22945E-05
  0.98700E+02 -0.16359E-05  0.15054E-05 -0.16654E-05
  0.99000E+02 -0.14533E-05  0.14172E-05 -0.10412E-05
  0.99300E+02 -0.12733E-05  0.13159E-05 -0.42871E-06
  0.99600E+02 -0.11003E-05  0.12042E-05  0.16543E-06
  0.99900E+02 -0.93795E-06  0.10845E-05  0.73496E-06
  0.10020E+03 -0.78955E-06  0.95938E-06  0.12739E-05
  0.10050E+03 -0.65768E-06  0.83135E-06  0.17768E-05
  0.10080E+03 -0.54446E-06  0.70285E-06  0.22384E-05
  0.10110E+03 -0.45144E-06  0.57620E-06  0.26544E-05
  0.10140E+03 -0.37965E-06  0.45360E-06  0.30208E-05
  0.10170E+03 -0.32960E-06  0.33708E-06  0.33345E-05
  0.10200E+03 -0.30140E-06  0.22853E-06  0.35934E-05
  0.10230E+03 -0.29505E-06  0.12960E-06  0.37964E-05
  0.10260E+03 -0.31071E-06  0.41786E-07  0.39428E-05
  0.10290E+03 -0.34885E-06 -0.33679E-07  0.40333E-05
  0.10320E+03 -0.41012E-06 -0.95774E-07  0.40691E-05
  0.10350E+03 -0.49506E-06 -0.14371E-06  0.40519E-05
  0.10380E+03 -0.60393E-06 -0.17695E-06  0.39844E-05
  0.10410E+03 -0.73658E-06 -0.19519E-06  0.38696E-05
  0.10440E+03 -0.89234E-06 -0.19834E-06  0.37108E-05
  0.10470E+03 -0.10700E-05 -0.18658E-06  0.35117E-05
  0.10500E+03 -0.12676E-05 -0.16027E-06  0.32760E-05
  0.10530E+03 -0.14826E-05 -0.12001E-06  0.30077E-05
  0.10560E+03 -0.17118E-05 -0.66573E-07  0.27109E-05
  0.10590E+03 -0.19512E-05 -0.92177E-09  0.23896E-05
  0.10620E+03 -0.21962E-05  0.75819E-07  0.20480E-05
  0.10650E+03 -0.24415E-05  0.16238E-06  0.16903E-05
  0.10680E+03 -0.26814E-05  0.25738E-06  0.13208E-05
  0.10710E+03 -0.29104E-05  0.35931E-06  0.94391E-06
  0.10740E+03 -0.31230E-05  0.46661E-06  0.56425E-06
  0.10770E+03 -0.33143E-05  0.57765E-06  0.18656E-06
  0.10800E+03 -0.34801E-05  0.69077E-06 -0.18435E-06
  0.10830E+03 -0.36173E-05  0.80428E-06 -0.54363E-06
  0.10860E+03 -0.37238E-05  0.91653E-06 -0.88657E-06
  0.10890E+03 -0.37984E-05  0.10259E-05 -0.12085E-05
  0.10920E+03 -0.38410E-05  0.11307E-05 -0.15052E-05
  0.10950E+03 -0.38523E-05  0.12296E-05 -0.17724E-05
  0.10980E+03 -0.38334E-05  0.13210E-05 -0.20065E-05
  0.11010E+03 -0.37858E-05  0.14037E-05 -0.22043E-05
  0.11040E+03 -0.37108E-05  0.14764E-05 -0.23632E-05
  0.11070E+03 -0.36098E-05  0.15381E-05 -0.24812E-05
  0.11100E+03 -0.34837E-05  0.15879E-05 -0.25571E-05
  0.11130E+03 -0.33333E-05  0.16249E-05 -0.25904E-05
  0.11160E+03 -0.31591E-05  0.16486E-05 -0.25811E-05
  0.11190E+03 -0.29620E-05  0.16585E-05 -0.25300E-05
  0.11220E+03 -0.27430E-05  0.16544E-05 -0.24387E-05
  0.11250E+03 -0.25033E-05  0.16360E-05 -0.23091E-05
  0.11280E+03 -0.22447E-05  0.16036E-05 -0.21438E-05
  0.11310E+03 -0.19691E-05  0.15572E-05 -0.19458E-05
  0.11340E+03 -0.16788E-05  0.14972E-05 -0.17185E-05
  0.11370E+03 -0.13765E-05  0.14242E-05 -0.14656E-05
  0.11400E+03 -0.10647E-05  0.13388E-05 -0.11910E-05
  0.11430E+03 -0.74657E-06  0.12419E-05 -0.89881E-06
  0.11460E+03 -0.42473E-06  0.11342E-05 -0.59308E-06
  0.11490E+03 -0.10181E-06  0.10169E-05 -0.27789E-06
  0.11520E+03  0.21980E-06  0.89111E-06  0.42807E-07
  0.11550E+03  0.53782E-06  0.75793E-06  0.36517E-06
  0.11580E+03  0.84995E-06  0.61865E-06  0.68549E-06
  0.11610E+03  0.11539E-05  0.47459E-06  0.10002E-05
  0.11640E+03  0.14478E-05  0.32709E-06  0.13059E-05
  0.11670E+03  0.17298E-05  0.17749E-06  0.15991E-05
  0.11700E+03  0.19987E-05  0.27167E-07  0.18768E-05
  0.11730E+03  0.22537E-05 -0.12254E-06  0.21358E-05
  0.11760E+03  0.24939E-05 -0.27030E-06  0.23731E-05
  0.11790E+03  0.27187E-05 -0.41484E-06  0.25861E-05
  0.11820E+03  0.29272E-05 -0.55493E-06  0.27724E-05
  0.11850E+03  0.31184E-05 -0.68942E-06  0.29297E-05
  0.11880E+03  0.32913E-05 -0.81722E-06  0.30561E-05
  0.11910E+03  0.34445E-05 -0.93734E-06  0.31500E-05
  0.11940E+03  0.35767E-05 -0.10489E-05  0.32098E-05
  0.11970E+03  0.36870E-05 -0.11510E-05  0.32344E-05
  0.12000E+03  0.37745E-05 -0.12432E-05  0.32232E-05
  0.12030E+03  0.38385E-05 -0.13246E-05  0.31762E-05
  0.12060E+03  0.38788E-05 -0.13950E-05  0.30935E-05
  0.12090E+03  0.38950E-05 -0.14540E-05  0.29762E-05
  0.12120E+03  0.38868E-05 -0.15014E-05  0.28256E-05
  0.12150E+03  0.38542E-05 -0.15370E-05  0.26438E-05
  0.12180E+03  0.37968E-05 -0.15609E-05  0.24330E-05
  0.12210E+03  0.37147E-05 -0.15733E-05  0.21961E-05
  0.12240E+03  0.36079E-05 -0.15743E-05  0.19362E-05
  0.12270E+03  0.34771E-05 -0.15643E-05  0.16567E-05
  0.12300E+03  0.33229E-05 -0.15438E-05  0.13611E-05
  0.12330E+03  0.31466E-05 -0.15133E-05  0.10528E-05
  0.12360E+03  0.29495E-05 -0.14734E-05  0.73552E-06
  0.12390E+03  0.27338E-05 -0.14247E-05  0.41261E-06
  0.12420E+03  0.25018E-05 -0.13680E-05  0.87412E-07
  0.12450E+03  0.22563E-05 -0.13042E-05 -0.23688E-06
  0.12480E+03  0.20004E-05 -0.12340E-05 -0.55717E-06
  0.12510E+03  0.17371E-05 -0.11582E-05 -0.87042E-06
  0.12540E+03  0.14697E-05 -0.10779E-05 -0.11736E-05
  0.12570E+03  0.12012E-05 -0.99383E-06 -0.14639E-05
  0.12600E+03  0.93487E-06 -0.90691E-06 -0.17385E-05
  0.12630E+03  0.67389E-06 -0.81804E-06 -0.19945E-05
  0.12660E+03  0.42125E-06 -0.72807E-06 -0.22293E-05
  0.12690E+03  0.17965E-06 -0.63785E-06 -0.24404E-05
  0.12720E+03 -0.48542E-07 -0.54817E-06 -0.26254E-05
  0.12750E+03 -0.26130E-06 -0.45978E-06 -0.27822E-05
  0.12780E+03 -0.45695E-06 -0.37340E-06 -0.29088E-05
  0.12810E+03 -0.63420E-06 -0.28967E-06 -0.30040E-05
  0.12840E+03 -0.79216E-06 -0.20918E-06 -0.30667E-05
  0.12870E+03 -0.93032E-06 -0.13246E-06 -0.30965E-05
  0.12900E+03 -0.10484E-05 -0.59959E-07 -0.30933E-05
  0.12930E+03 -0.11463E-05  0.79306E-08 -0.30576E-05
  0.12960E+03 -0.12240E-05  0.70897E-07 -0.29906E-05
  0.12990E+03 -0.12814E-05  0.12870E-06 -0.28935E-05
  0.13020E+03 -0.13188E-05  0.18116E-06 -0.27681E-05
  0.13050E+03 -0.13366E-05  0.22819E-06 -0.26164E-05
  0.13080E+03 -0.13357E-05  0.26975E-06 -0.24403E-05
  0.13110E+03 -0.13176E-05  0.30588E-06 -0.22423E-05
  0.13140E+03 -0.12844E-05  0.33667E-06 -0.20247E-05
  0.13170E+03 -0.12385E-05  0.36228E-06 -0.17901E-05
  0.13200E+03 -0.11823E-05  0.38290E-06 -0.15415E-05
  0.13230E+03 -0.11182E-05  0.39881E-06 -0.12818E-05
  0.13260E+03 -0.10483E-05  0.41030E-06 -0.10141E-05
  0.13290E+03 -0.97445E-06  0.41769E-06 -0.74197E-06
  0.13320E+03 -0.89837E-06  0.42137E-06 -0.46875E-06
  0.13350E+03 -0.82160E-06  0.42171E-06 -0.19801E-06
  0.13380E+03 -0.74567E-06  0.41912E-06  0.66765E-07
  0.13410E+03 -0.67194E-06  0.41403E-06  0.32217E-06
  0.13440E+03 -0.60160E-06  0.40685E-06  0.56498E-06
  0.13470E+03 -0.53550E-06  0.39802E-06  0.79219E-06
  0.13500E+03 -0.47425E-06  0.38794E-06  0.10011E-05
  0.13530E+03 -0.41825E-06  0.37704E-06  0.11895E-05
  0.13560E+03 -0.36784E-06  0.36569E-06  0.13554E-05
  0.13590E+03 -0.32333E-06  0.35426E-06  0.14975E-05
  0.13620E+03 -0.28514E-06  0.34310E-06  0.16151E-05
  0.13650E+03 -0.25383E-06  0.33251E-06  0.17075E-05
  0.13680E+03 -0.23011E-06  0.32278E-06  0.17748E-05
  0.13710E+03 -0.21478E-06  0.31415E-06  0.18171E-05
  0.13740E+03 -0.20854E-06  0.30681E-06  0.18350E-05
  0.13770E+03 -0.21187E-06  0.30094E-06  0.18292E-05
  0.13800E+03 -0.22501E-06  0.29667E-06  0.18007E-05
  0.13830E+03 -0.24798E-06  0.29406E-06  0.17507E-05
  0.13860E+03 -0.28070E-06  0.29318E-06  0.16805E-05
  0.13890E+03 -0.32299E-06  0.29401E-06  0.15914E-05
  0.13920E+03 -0.37449E-06  0.29652E-06  0.14850E-05
  0.13950E+03 -0.43453E-06  0.30065E-06  0.13628E-05
  0.13980E+03 -0.50213E-06  0.30628E-06  0.12266E-05
  0.14010E+03 -0.57595E-06  0.31327E-06  0.10782E-05
  0.14040E+03 -0.65450E-06  0.32145E-06  0.91949E-06
  0.14070E+03 -0.73621E-06  0.33062E-06  0.75259E-06
  0.14100E+03 -0.81960E-06  0.34058E-06  0.57980E-06
  0.14130E+03 -0.90339E-06  0.35108E-06  0.40355E-06
  0.14160E+03 -0.98640E-06  0.36186E-06  0.22635E-06
  0.14190E+03 -0.10674E-05  0.37268E-06  0.50800E-07
  0.14220E+03 -0.11452E-05  0.38325E-06 -0.12050E-06
  0.14250E+03 -0.12182E-05  0.39331E-06 -0.28506E-06
  0.14280E+03 -0.12851E-05  0.40258E-06 -0.44057E-06
  0.14310E+03 -0.13442E-05  0.41081E-06 -0.58501E-06
  0.14340E+03 -0.13944E-05  0.41773E-06 -0.71667E-06
  0.14370E+03 -0.14343E-05  0.42311E-06 -0.83410E-06
  0.14400E+03 -0.14628E-05  0.42671E-06 -0.93611E-06
  0.14430E+03 -0.14786E-05  0.42834E-06 -0.10217E-05
  0.14460E+03 -0.14806E-05  0.42780E-06 -0.10902E-05
  0.14490E+03 -0.14681E-05  0.42493E-06 -0.11410E-05
  0.14520E+03 -0.14406E-05  0.41961E-06 -0.11737E-05
  0.14550E+03 -0.13983E-05  0.41172E-06 -0.11883E-05
  0.14580E+03 -0.13415E-05  0.40119E-06 -0.11848E-05
  0.14610E+03 -0.12713E-05  0.38797E-06 -0.11635E-05
  0.14640E+03 -0.11885E-05  0.37206E-06 -0.11250E-05
  0.14670E+03 -0.10943E-05  0.35346E-06 -0.10699E-05
  0.14700E+03 -0.99004E-06  0.33224E-06 -0.99915E-06
  0.14730E+03 -0.87685E-06  0.30846E-06 -0.91396E-06
  0.14760E+03 -0.75597E-06  0.28223E-06 -0.81564E-06
  0.14790E+03 -0.62854E-06  0.25370E-06 -0.70573E-06
  0.14820E+03 -0.49557E-06  0.22302E-06 -0.58588E-06
  0.14850E+03 -0.35794E-06  0.19039E-06 -0.45789E-06
  0.14880E+03 -0.21637E-06  0.15601E-06 -0.32356E-06
  0.14910E+03 -0.71530E-07  0.12012E-06 -0.18474E-06
  0.14940E+03  0.75878E-07  0.82961E-07 -0.43208E-07
  0.14970E+03  0.22507E-06  0.44797E-07  0.99264E-07
  0.15000E+03  0.37512E-06  0.59028E-08  0.24096E-06
  0.15030E+03  0.52493E-06 -0.33439E-07  0.38022E-06
  0.15060E+03  0.67327E-06 -0.72942E-07  0.51543E-06
  0.15090E+03  0.81872E-06 -0.11231E-06  0.64512E-06
  0.15120E+03  0.95979E-06 -0.15126E-06  0.76787E-06
  0.15150E+03  0.10950E-05 -0.18951E-06  0.88243E-06
  0.15180E+03  0.12228E-05 -0.22677E-06  0.98762E-06
  0.15210E+03  0.13418E-05 -0.26277E-06  0.10824E-05
  0.15240E+03  0.14506E-05 -0.29726E-06  0.11658E-05
  0.15270E+03  0.15479E-05 -0.32999E-06  0.12370E-05
  0.15300E+03  0.16328E-05 -0.36074E-06  0.12955E-05
  0.15330E+03  0.17043E-05 -0.38929E-06  0.13404E-05
  0.15360E+03  0.17621E-05 -0.41547E-06  0.13715E-05
  0.15390E+03  0.18062E-05 -0.43910E-06  0.13881E-05
  0.15420E+03  0.18371E-05 -0.46004E-06  0.13898E-05
  0.15450E+03  0.18555E-05 -0.47818E-06  0.13765E-05
  0.15480E+03  0.18621E-05 -0.49342E-06  0.13478E-05
  0.15510E+03  0.18575E-05 -0.50570E-06  0.13038E-05
  0.15540E+03  0.18423E-05 -0.51498E-06  0.12447E-05
  0.15570E+03  0.18168E-05 -0.52124E-06  0.11711E-05
  0.15600E+03  0.17815E-05 -0.52448E-06  0.10835E-05
  0.15630E+03  0.17366E-05 -0.52476E-06  0.98281E-06
  0.15660E+03  0.16828E-05 -0.52211E-06  0.87007E-06
  0.15690E+03  0.16207E-05 -0.51663E-06  0.74649E-06
  0.15720E+03  0.15511E-05 -0.50842E-06  0.61349E-06
  0.15750E+03  0.14748E-05 -0.49759E-06  0.47274E-06
  0.15780E+03  0.13925E-05 -0.48430E-06  0.32609E-06
  0.15810E+03  0.13049E-05 -0.46868E-06  0.17556E-06
  0.15840E+03  0.12128E-05 -0.45092E-06  0.23322E-07
  0.15870E+03  0.11165E-05 -0.43119E-06 -0.12839E-06
  0.15900E+03  0.10166E-05 -0.40969E-06 -0.27732E-06
  0.15930E+03  0.91314E-06 -0.38661E-06 -0.42132E-06
  0.15960E+03  0.80631E-06 -0.36217E-06 -0.55837E-06
  0.15990E+03  0.69600E-06 -0.33658E-06 -0.68668E-06
  0.16020E+03  0.58202E-06 -0.31004E-06 -0.80470E-06
  0.16050E+03  0.46419E-06 -0.28276E-06 -0.91118E-06
  0.16080E+03  0.34249E-06 -0.25496E-06 -0.10052E-05
  0.16110E+03  0.21722E-06 -0.22684E-06 -0.10859E-05
  0.16140E+03  0.89066E-07 -0.19859E-06 -0.11530E-05
  0.16170E+03 -0.40909E-07 -0.17041E-06 -0.12059E-05
  0.16200E+03 -0.17137E-06 -0.14248E-06 -0.12446E-05
  0.16230E+03 -0.30090E-06 -0.11496E-06 -0.12687E-05
  0.16260E+03 -0.42810E-06 -0.88024E-07 -0.12781E-05
  0.16290E+03 -0.55173E-06 -0.61803E-07 -0.12728E-05
  0.16320E+03 -0.67062E-06 -0.36434E-07 -0.12530E-05
  0.16350E+03 -0.78365E-06 -0.12034E-07 -0.12187E-05
  0.16380E+03 -0.88971E-06  0.11294E-07 -0.11707E-05
  0.16410E+03 -0.98775E-06  0.33463E-07 -0.11095E-05
  0.16440E+03 -0.10768E-05  0.54400E-07 -0.10362E-05
  0.16470E+03 -0.11560E-05  0.74050E-07 -0.95213E-06
  0.16500E+03 -0.12249E-05  0.92369E-07 -0.85870E-06
  0.16530E+03 -0.12831E-05  0.10933E-06 -0.75754E-06
  0.16560E+03 -0.13307E-05  0.12492E-06 -0.65037E-06
  0.16590E+03 -0.13678E-05  0.13913E-06 -0.53887E-06
  0.16620E+03 -0.13947E-05  0.15199E-06 -0.42466E-06
  0.16650E+03 -0.14118E-05  0.16351E-06 -0.30927E-06
  0.16680E+03 -0.14195E-05  0.17372E-06 -0.19408E-06
  0.16710E+03 -0.14183E-05  0.18267E-06 -0.80399E-07
  0.16740E+03 -0.14087E-05  0.19042E-06  0.30594E-07
  0.16770E+03 -0.13912E-05  0.19702E-06  0.13778E-06
  0.16800E+03 -0.13664E-05  0.20253E-06  0.24010E-06
  0.16830E+03 -0.13348E-05  0.20703E-06  0.33652E-06
  0.16860E+03 -0.12968E-05  0.21058E-06  0.42604E-06
  0.16890E+03 -0.12530E-05  0.21327E-06  0.50770E-06
  0.16920E+03 -0.12038E-05  0.21517E-06  0.58052E-06
  0.16950E+03 -0.11499E-05  0.21635E-06  0.64357E-06
  0.16980E+03 -0.10918E-05  0.21690E-06  0.69598E-06
  0.17010E+03 -0.10301E-05  0.21688E-06  0.73696E-06
  0.17040E+03 -0.96518E-06  0.21636E-06  0.76594E-06
  0.17070E+03 -0.89742E-06  0.21542E-06  0.78251E-06
  0.17100E+03 -0.82697E-06  0.21411E-06  0.78648E-06
  0.17130E+03 -0.75389E-06  0.21249E-06  0.77787E-06
  0.17160E+03 -0.67824E-06  0.21061E-06  0.75692E-06
  0.17190E+03 -0.60017E-06  0.20852E-06  0.72402E-06
  0.17220E+03 -0.51999E-06  0.20625E-06  0.67978E-06
  0.17250E+03 -0.43818E-06  0.20384E-06  0.62495E-06
  0.17280E+03 -0.35531E-06  0.20131E-06  0.56045E-06
  0.17310E+03 -0.27198E-06  0.19868E-06  0.48735E-06
  0.17340E+03 -0.18872E-06  0.19597E-06  0.40687E-06
  0.17370E+03 -0.10603E-06  0.19317E-06  0.32031E-06
  0.17400E+03 -0.24383E-07  0.19029E-06  0.22905E-06
  0.17430E+03  0.55657E-07  0.18732E-06  0.13451E-06
  0.17460E+03  0.13343E-06  0.18425E-06  0.38092E-07
  0.17490E+03  0.20817E-06  0.18106E-06 -0.58821E-07
  0.17520E+03  0.27910E-06  0.17774E-06 -0.15490E-06
  0.17550E+03  0.34550E-06  0.17426E-06 -0.24889E-06
  0.17580E+03  0.40682E-06  0.17060E-06 -0.33960E-06
  0.17610E+03  0.46268E-06  0.16672E-06 -0.42589E-06
  0.17640E+03  0.51291E-06  0.16260E-06 -0.50674E-06
  0.17670E+03  0.55754E-06  0.15821E-06 -0.58121E-06
  0.17700E+03  0.59684E-06  0.15352E-06 -0.64844E-06
  0.17730E+03  0.63122E-06  0.14850E-06 -0.70762E-06
  0.17760E+03  0.66124E-06  0.14313E-06 -0.75803E-06
  0.17790E+03  0.68748E-06  0.13737E-06 -0.79897E-06
  0.17820E+03  0.71044E-06  0.13121E-06 -0.82983E-06
  0.17850E+03  0.73048E-06  0.12462E-06 -0.85010E-06
  0.17880E+03  0.74776E-06  0.11760E-06 -0.85935E-06
  0.17910E+03  0.76214E-06  0.11013E-06 -0.85724E-06
  0.17940E+03  0.77318E-06  0.10221E-06 -0.84353E-06
  0.17970E+03  0.78015E-06  0.93830E-07 -0.81802E-06
  0.18000E+03  0.78212E-06  0.85003E-07 -0.78061E-06
  0.18030E+03  0.77815E-06  0.75735E-07 -0.73132E-06
  0.18060E+03  0.76744E-06  0.66042E-07 -0.67030E-06
  0.18090E+03  0.74949E-06  0.55946E-07 -0.59793E-06
  0.18120E+03  0.72418E-06  0.45473E-07 -0.51481E-06
  0.18150E+03  0.69178E-06  0.34654E-07 -0.42178E-06
  0.18180E+03  0.65289E-06  0.23526E-07 -0.31993E-06
  0.18210E+03  0.60837E-06  0.12131E-07 -0.21064E-06
  0.18240E+03  0.55918E-06  0.51590E-09 -0.95471E-07
  0.18270E+03  0.50631E-06 -0.11270E-07  0.23811E-07
  0.18300E+03  0.45065E-06 -0.23171E-07  0.14535E-06
  0.18330E+03  0.39292E-06 -0.35132E-07  0.26727E-06
  0.18360E+03  0.33367E-06 -0.47092E-07  0.38773E-06
  0.18390E+03  0.27328E-06 -0.58988E-07  0.50499E-06
  0.18420E+03  0.21208E-06 -0.70759E-07  0.61745E-06
  0.18450E+03  0.15041E-06 -0.82338E-07  0.72364E-06
  0.18480E+03  0.88720E-07 -0.93662E-07  0.82226E-06
  0.18510E+03  0.27656E-07 -0.10467E-06  0.91219E-06
  0.18540E+03 -0.31898E-07 -0.11529E-06  0.99247E-06
  0.18570E+03 -0.88840E-07 -0.12546E-06  0.10623E-05
  0.18600E+03 -0.14192E-06 -0.13513E-06  0.11211E-05
  0.18630E+03 -0.18985E-06 -0.14424E-06  0.11684E-05
  0.18660E+03 -0.23142E-06 -0.15274E-06  0.12039E-05
  0.18690E+03 -0.26557E-06 -0.16056E-06  0.12274E-05
  0.18720E+03 -0.29151E-06 -0.16768E-06  0.12388E-05
  0.18750E+03 -0.30873E-06 -0.17405E-06  0.12382E-05
  0.18780E+03 -0.31708E-06 -0.17962E-06  0.12257E-05
  0.18810E+03 -0.31678E-06 -0.18438E-06  0.12014E-05
  0.18840E+03 -0.30845E-06 -0.18830E-06  0.11656E-05
  0.18870E+03 -0.29300E-06 -0.19134E-06  0.11187E-05
  0.18900E+03 -0.27160E-06 -0.19352E-06  0.10608E-05
  0.18930E+03 -0.24554E-06 -0.19480E-06  0.99248E-06
  0.18960E+03 -0.21613E-06 -0.19520E-06  0.91418E-06
  0.18990E+03 -0.18456E-06 -0.19471E-06  0.82658E-06
  0.19020E+03 -0.15186E-06 -0.19335E-06  0.73049E-06
  0.19050E+03 -0.11882E-06 -0.19113E-06  0.62692E-06
  0.19080E+03 -0.86025E-07 -0.18808E-06  0.51708E-06
  0.19110E+03 -0.53805E-07 -0.18421E-06  0.40233E-06
  0.19140E+03 -0.22247E-07 -0.17957E-06  0.28415E-06
  0.19170E+03  0.87795E-08 -0.17418E-06  0.16408E-06
  0.19200E+03  0.39527E-07 -0.16809E-06  0.43631E-07
  0.19230E+03  0.70226E-07 -0.16134E-06 -0.75749E-07
  0.19260E+03  0.10093E-06 -0.15398E-06 -0.19273E-06
  0.19290E+03  0.13141E-06 -0.14606E-06 -0.30612E-06
  0.19320E+03  0.16115E-06 -0.13763E-06 -0.41492E-06
  0.19350E+03  0.18938E-06 -0.12875E-06 -0.51829E-06
  0.19380E+03  0.21524E-06 -0.11948E-06 -0.61556E-06
  0.19410E+03  0.23787E-06 -0.10986E-06 -0.70617E-06
  0.19440E+03  0.25652E-06 -0.99971E-07 -0.78970E-06
  0.19470E+03  0.27072E-06 -0.89858E-07 -0.86577E-06
  0.19500E+03  0.28026E-06 -0.79583E-07 -0.93410E-06
  0.19530E+03  0.28527E-06 -0.69203E-07 -0.99442E-06
  0.19560E+03  0.28612E-06 -0.58775E-07 -0.10465E-05
  0.19590E+03  0.28340E-06 -0.48353E-07 -0.10901E-05
  0.19620E+03  0.27778E-06 -0.37990E-07 -0.11250E-05
  0.19650E+03  0.26989E-06 -0.27737E-07 -0.11510E-05
  0.19680E+03  0.26028E-06 -0.17642E-07 -0.11679E-05
  0.19710E+03  0.24938E-06 -0.77487E-08 -0.11756E-05
  0.19740E+03  0.23744E-06  0.18999E-08 -0.11741E-05
  0.19770E+03  0.22462E-06  0.11265E-07 -0.11634E-05
  0.19800E+03  0.21098E-06  0.20312E-07 -0.11438E-05
  0.19830E+03  0.19657E-06  0.29008E-07 -0.11154E-05
  0.19860E+03  0.18143E-06  0.37325E-07 -0.10788E-05
  0.19890E+03  0.16559E-06  0.45239E-07 -0.10342E-05
  0.19920E+03  0.14910E-06  0.52729E-07 -0.98215E-06
  0.19950E+03  0.13194E-06  0.59777E-07 -0.92300E-06
  0.19980E+03  0.11406E-06  0.66370E-07 -0.85714E-06
  0.20010E+03  0.95358E-07  0.72499E-07 -0.78495E-06
  0.20040E+03  0.75750E-07  0.78155E-07 -0.70678E-06
  0.20070E+03  0.55195E-07  0.83335E-07 -0.62305E-06
  0.20100E+03  0.33745E-07  0.88039E-07 -0.53421E-06
  0.20130E+03  0.11531E-07  0.92268E-07 -0.44082E-06
  0.20160E+03 -0.11288E-07  0.96027E-07 -0.34359E-06
  0.20190E+03 -0.34567E-07  0.99324E-07 -0.24338E-06
  0.20220E+03 -0.58202E-07  0.10217E-06 -0.14120E-06
  0.20250E+03 -0.82116E-07  0.10457E-06 -0.38209E-07
  0.20280E+03 -0.10621E-06  0.10654E-06  0.64326E-07
  0.20310E+03 -0.13029E-06  0.10810E-06  0.16505E-06
  0.20340E+03 -0.15404E-06  0.10926E-06  0.26257E-06
  0.20370E+03 -0.17700E-06  0.11003E-06  0.35553E-06
  0.20400E+03 -0.19861E-06  0.11044E-06  0.44268E-06
  0.20430E+03 -0.21831E-06  0.11050E-06  0.52287E-06
  0.20460E+03 -0.23554E-06  0.11022E-06  0.59513E-06
  0.20490E+03 -0.24986E-06  0.10964E-06  0.65870E-06
  0.20520E+03 -0.26096E-06  0.10875E-06  0.71303E-06
  0.20550E+03 -0.26872E-06  0.10759E-06  0.75779E-06
  0.20580E+03 -0.27319E-06  0.10617E-06  0.79286E-06
  0.20610E+03 -0.27467E-06  0.10450E-06  0.81832E-06
  0.20640E+03 -0.27361E-06  0.10260E-06  0.83442E-06
  0.20670E+03 -0.27063E-06  0.10049E-06  0.84158E-06
  0.20700E+03 -0.26643E-06  0.98177E-07  0.84034E-06
  0.20730E+03 -0.26180E-06  0.95675E-07  0.83132E-06
  0.20760E+03 -0.25749E-06  0.92999E-07  0.81520E-06
  0.20790E+03 -0.25415E-06  0.90158E-07  0.79266E-06
  0.20820E+03 -0.25221E-06  0.87164E-07  0.76440E-06
  0.20850E+03 -0.25187E-06  0.84026E-07  0.73108E-06
  0.20880E+03 -0.25308E-06  0.80753E-07  0.69334E-06
  0.20910E+03 -0.25561E-06  0.77353E-07  0.65182E-06
  0.20940E+03 -0.25920E-06  0.73834E-07  0.60716E-06
  0.20970E+03 -0.26359E-06  0.70202E-07  0.56001E-06
  0.21000E+03 -0.26861E-06  0.66463E-07  0.51105E-06
  0.21030E+03 -0.27420E-06  0.62624E-07  0.46100E-06
  0.21060E+03 -0.28037E-06  0.58690E-07  0.41059E-06
  0.21090E+03 -0.28722E-06  0.54667E-07  0.36055E-06
  0.21120E+03 -0.29489E-06  0.50558E-07  0.31159E-06
  0.21150E+03 -0.30352E-06  0.46371E-07  0.26437E-06
  0.21180E+03 -0.31319E-06  0.42110E-07  0.21945E-06
  0.21210E+03 -0.32386E-06  0.37781E-07  0.17730E-06
  0.21240E+03 -0.33527E-06  0.33390E-07  0.13820E-06
  0.21270E+03 -0.34699E-06  0.28943E-07  0.10230E-06
  0.21300E+03 -0.35841E-06  0.24447E-07  0.69597E-07
  0.21330E+03 -0.36877E-06  0.19908E-07  0.39935E-07
  0.21360E+03 -0.37728E-06  0.15336E-07  0.13067E-07
  0.21390E+03 -0.38317E-06  0.10737E-07 -0.11342E-07
  0.21420E+03 -0.38571E-06  0.61229E-08 -0.33696E-07
  0.21450E+03 -0.38433E-06  0.15016E-08 -0.54446E-07
  0.21480E+03 -0.37863E-06 -0.31157E-08 -0.74064E-07
  0.21510E+03 -0.36844E-06 -0.77179E-08 -0.92999E-07
  0.21540E+03 -0.35386E-06 -0.12293E-07 -0.11165E-06
  0.21570E+03 -0.33519E-06 -0.16829E-07 -0.13031E-06
  0.21600E+03 -0.31288E-06 -0.21312E-07 -0.14922E-06
  0.21630E+03 -0.28742E-06 -0.25729E-07 -0.16850E-06
  0.21660E+03 -0.25931E-06 -0.30066E-07 -0.18818E-06
  0.21690E+03 -0.22903E-06 -0.34308E-07 -0.20818E-06
  0.21720E+03 -0.19703E-06 -0.38442E-07 -0.22834E-06
  0.21750E+03 -0.16371E-06 -0.42451E-07 -0.24836E-06
  0.21780E+03 -0.12938E-06 -0.46321E-07 -0.26791E-06
  0.21810E+03 -0.94246E-07 -0.50038E-07 -0.28657E-06
  0.21840E+03 -0.58415E-07 -0.53586E-07 -0.30391E-06
  0.21870E+03 -0.21974E-07 -0.56951E-07 -0.31950E-06
  0.21900E+03  0.14953E-07 -0.60119E-07 -0.33294E-06
  0.21930E+03  0.52151E-07 -0.63076E-07 -0.34384E-06
  0.21960E+03  0.89293E-07 -0.65810E-07 -0.35187E-06
  0.21990E+03  0.12594E-06 -0.68308E-07 -0.35679E-06
  0.22020E+03  0.16155E-06 -0.70558E-07 -0.35845E-06
  0.22050E+03  0.19548E-06 -0.72551E-07 -0.35678E-06
  0.22080E+03  0.22698E-06 -0.74277E-07 -0.35182E-06
  0.22110E+03  0.25528E-06 -0.75728E-07 -0.34369E-06
  0.22140E+03  0.27964E-06 -0.76896E-07 -0.33261E-06
  0.22170E+03  0.29955E-06 -0.77777E-07 -0.31888E-06
  0.22200E+03  0.31481E-06 -0.78366E-07 -0.30282E-06
  0.22230E+03  0.32559E-06 -0.78660E-07 -0.28483E-06
  0.22260E+03  0.33242E-06 -0.78658E-07 -0.26528E-06
  0.22290E+03  0.33608E-06 -0.78359E-07 -0.24454E-06
  0.22320E+03  0.33751E-06 -0.77766E-07 -0.22295E-06
  0.22350E+03  0.33770E-06 -0.76882E-07 -0.20083E-06
  0.22380E+03  0.33762E-06 -0.75710E-07 -0.17849E-06
  0.22410E+03  0.33821E-06 -0.74258E-07 -0.15621E-06
  0.22440E+03  0.34029E-06 -0.72533E-07 -0.13431E-06
  0.22470E+03  0.34458E-06 -0.70543E-07 -0.11308E-06
  0.22500E+03  0.35160E-06 -0.68298E-07 -0.92842E-07
  0.22530E+03  0.36167E-06 -0.65811E-07 -0.73890E-07
  0.22560E+03  0.37479E-06 -0.63094E-07 -0.56522E-07
  0.22590E+03  0.39067E-06 -0.60161E-07 -0.41012E-07
  0.22620E+03  0.40871E-06 -0.57026E-07 -0.27615E-07
  0.22650E+03  0.42817E-06 -0.53705E-07 -0.16561E-07
  0.22680E+03  0.44815E-06 -0.50216E-07 -0.80507E-08
  0.22710E+03  0.46777E-06 -0.46575E-07 -0.22483E-08
  0.22740E+03  0.48621E-06 -0.42799E-07  0.73590E-09
  0.22770E+03  0.50273E-06 -0.38909E-07  0.86429E-09
  0.22800E+03  0.51668E-06 -0.34921E-07 -0.18003E-08
  0.22830E+03  0.52755E-06 -0.30856E-07 -0.70668E-08
  0.22860E+03  0.53493E-06 -0.26731E-07 -0.14602E-07
  0.22890E+03  0.53856E-06 -0.22567E-07 -0.23933E-07
  0.22920E+03  0.53828E-06 -0.18382E-07 -0.34471E-07
  0.22950E+03  0.53407E-06 -0.14194E-07 -0.45538E-07
  0.22980E+03  0.52604E-06 -0.10022E-07 -0.56403E-07
  0.23010E+03  0.51441E-06 -0.58835E-08 -0.66314E-07
  0.23040E+03  0.49947E-06 -0.17957E-08 -0.74538E-07
  0.23070E+03  0.48155E-06  0.22249E-08 -0.80394E-07
  0.23100E+03  0.46097E-06  0.61624E-08 -0.83289E-07
  0.23130E+03  0.43796E-06  0.10002E-07 -0.82740E-07
  0.23160E+03  0.41264E-06  0.13728E-07 -0.78394E-07
  0.23190E+03  0.38498E-06  0.17330E-07 -0.70043E-07
  0.23220E+03  0.35488E-06  0.20793E-07 -0.57636E-07
  0.23250E+03  0.32214E-06  0.24108E-07 -0.41286E-07
  0.23280E+03  0.28657E-06  0.27263E-07 -0.21271E-07
  0.23310E+03  0.24806E-06  0.30250E-07  0.19798E-08
  0.23340E+03  0.20654E-06  0.33061E-07  0.27913E-07
  0.23370E+03  0.16205E-06  0.35689E-07  0.55888E-07
  0.23400E+03  0.11467E-06  0.38128E-07  0.85223E-07
  0.23430E+03  0.64561E-07  0.40373E-07  0.11524E-06
  0.23460E+03  0.11919E-07  0.42419E-07  0.14528E-06
  0.23490E+03 -0.42995E-07  0.44266E-07  0.17479E-06
  0.23520E+03 -0.99854E-07  0.45910E-07  0.20328E-06
  0.23550E+03 -0.15823E-06  0.47352E-07  0.23035E-06
  0.23580E+03 -0.21757E-06  0.48591E-07  0.25568E-06
  0.23610E+03 -0.27721E-06  0.49630E-07  0.27904E-06
  0.23640E+03 -0.33636E-06  0.50470E-07  0.30025E-06
  0.23670E+03 -0.39420E-06  0.51114E-07  0.31920E-06
  0.23700E+03 -0.44984E-06  0.51565E-07  0.33583E-06
  0.23730E+03 -0.50243E-06  0.51827E-07  0.35014E-06
  0.23760E+03 -0.55110E-06  0.51905E-07  0.36212E-06
  0.23790E+03 -0.59504E-06  0.51806E-07  0.37180E-06
  0.23820E+03 -0.63351E-06  0.51533E-07  0.37916E-06
  0.23850E+03 -0.66590E-06  0.51094E-07  0.38419E-06
  0.23880E+03 -0.69177E-06  0.50496E-07  0.38682E-06
  0.23910E+03 -0.71087E-06  0.49746E-07  0.38696E-06
  0.23940E+03 -0.72316E-06  0.48850E-07  0.38451E-06
  0.23970E+03 -0.72877E-06  0.47816E-07  0.37932E-06
  0.24000E+03 -0.72796E-06  0.46651E-07  0.37128E-06
  0.24030E+03 -0.72114E-06  0.45363E-07  0.36025E-06
  0.24060E+03 -0.70877E-06  0.43961E-07  0.34615E-06
  0.24090E+03 -0.69140E-06  0.42451E-07  0.32887E-06
  0.24120E+03 -0.66961E-06  0.40841E-07  0.30835E-06
  0.24150E+03 -0.64403E-06  0.39140E-07  0.28458E-06
  0.24180E+03 -0.61528E-06  0.37356E-07  0.25757E-06
  0.24210E+03 -0.58400E-06  0.35495E-07  0.22745E-06
  0.24240E+03 -0.55074E-06  0.33565E-07  0.19441E-06
  0.24270E+03 -0.51601E-06  0.31573E-07  0.15875E-06
  0.24300E+03 -0.48017E-06  0.29527E-07  0.12086E-06
  0.24330E+03 -0.44349E-06  0.27433E-07  0.81209E-07
  0.24360E+03 -0.40611E-06  0.25299E-07  0.40305E-07
  0.24390E+03 -0.36815E-06  0.23131E-07 -0.13214E-08
  0.24420E+03 -0.32973E-06  0.20937E-07 -0.43142E-07
  0.24450E+03 -0.29107E-06  0.18722E-07 -0.84659E-07
  0.24480E+03 -0.25255E-06  0.16493E-07 -0.12542E-06
  0.24510E+03 -0.21463E-06  0.14256E-07 -0.16503E-06
  0.24540E+03 -0.17790E-06  0.12016E-07 -0.20316E-06
  0.24570E+03 -0.14297E-06  0.97801E-08 -0.23949E-06
  0.24600E+03 -0.11041E-06  0.75534E-08 -0.27378E-06
  0.24630E+03 -0.80707E-07  0.53417E-08 -0.30578E-06
  0.24660E+03 -0.54209E-07  0.31504E-08 -0.33528E-06
  0.24690E+03 -0.31109E-07  0.98470E-09 -0.36207E-06
  0.24720E+03 -0.11438E-07 -0.11503E-08 -0.38598E-06
  0.24750E+03  0.49448E-08 -0.32497E-08 -0.40684E-06
  0.24780E+03  0.18359E-07 -0.53086E-08 -0.42452E-06
  0.24810E+03  0.29297E-07 -0.73220E-08 -0.43892E-06
  0.24840E+03  0.38390E-07 -0.92854E-08 -0.44995E-06
  0.24870E+03  0.46351E-07 -0.11194E-07 -0.45757E-06
  0.24900E+03  0.53908E-07 -0.13044E-07 -0.46176E-06
  0.24930E+03  0.61758E-07 -0.14830E-07 -0.46255E-06
  0.24960E+03  0.70544E-07 -0.16550E-07 -0.46001E-06
  0.24990E+03  0.80859E-07 -0.18198E-07 -0.45425E-06
  0.25020E+03  0.93250E-07 -0.19771E-07 -0.44541E-06
  0.25050E+03  0.10822E-06 -0.21265E-07 -0.43366E-06
  0.25080E+03  0.12619E-06 -0.22676E-07 -0.41918E-06
  0.25110E+03  0.14749E-06 -0.24001E-07 -0.40216E-06
  0.25140E+03  0.17229E-06 -0.25237E-07 -0.38278E-06
  0.25170E+03  0.20062E-06 -0.26382E-07 -0.36120E-06
  0.25200E+03  0.23235E-06 -0.27431E-07 -0.33759E-06
  0.25230E+03  0.26722E-06 -0.28384E-07 -0.31208E-06
  0.25260E+03  0.30490E-06 -0.29237E-07 -0.28482E-06
  0.25290E+03  0.34501E-06 -0.29989E-07 -0.25598E-06
  0.25320E+03  0.38719E-06 -0.30638E-07 -0.22574E-06
  0.25350E+03  0.43105E-06 -0.31182E-07 -0.19432E-06
  0.25380E+03  0.47621E-06 -0.31621E-07 -0.16197E-06
  0.25410E+03  0.52223E-06 -0.31954E-07 -0.12892E-06
  0.25440E+03  0.56852E-06 -0.32180E-07 -0.95439E-07
  0.25470E+03  0.61429E-06 -0.32299E-07 -0.61728E-07
  0.25500E+03  0.65857E-06 -0.32312E-07 -0.27964E-07
  0.25530E+03  0.70023E-06 -0.32219E-07  0.57331E-08
  0.25560E+03  0.73804E-06 -0.32021E-07  0.39291E-07
  0.25590E+03  0.77080E-06 -0.31719E-07  0.72652E-07
  0.25620E+03  0.79740E-06 -0.31316E-07  0.10574E-06
  0.25650E+03  0.81693E-06 -0.30812E-07  0.13841E-06
  0.25680E+03  0.82872E-06 -0.30211E-07  0.17044E-06
  0.25710E+03  0.83237E-06 -0.29515E-07  0.20150E-06
  0.25740E+03  0.82776E-06 -0.28727E-07  0.23119E-06
  0.25770E+03  0.81501E-06 -0.27851E-07  0.25904E-06
  0.25800E+03  0.79448E-06 -0.26890E-07  0.28458E-06
  0.25830E+03  0.76663E-06 -0.25849E-07  0.30737E-06
  0.25860E+03  0.73206E-06 -0.24732E-07  0.32707E-06
  0.25890E+03  0.69138E-06 -0.23543E-07  0.34343E-06
  0.25920E+03  0.64521E-06 -0.22287E-07  0.35638E-06
  0.25950E+03  0.59412E-06 -0.20971E-07  0.36596E-06
  0.25980E+03  0.53861E-06 -0.19598E-07  0.37236E-06
  0.26010E+03  0.47911E-06 -0.18174E-07  0.37587E-06
  0.26040E+03  0.41601E-06 -0.16705E-07  0.37687E-06
  0.26070E+03  0.34973E-06 -0.15197E-07  0.37577E-06
  0.26100E+03  0.28072E-06 -0.13656E-07  0.37296E-06
  0.26130E+03  0.20954E-06 -0.12088E-07  0.36880E-06
  0.26160E+03  0.13677E-06 -0.10498E-07  0.36355E-06
  0.26190E+03  0.63081E-07 -0.88937E-08  0.35738E-06
  0.26220E+03 -0.10841E-07 -0.72800E-08  0.35034E-06
  0.26250E+03 -0.84249E-07 -0.56634E-08  0.34239E-06
  0.26280E+03 -0.15635E-06 -0.40497E-08  0.33339E-06
  0.26310E+03 -0.22635E-06 -0.24448E-08  0.32316E-06
  0.26340E+03 -0.29349E-06 -0.85434E-09  0.31151E-06
  0.26370E+03 -0.35709E-06  0.71615E-09  0.29824E-06
  0.26400E+03 -0.41664E-06  0.22612E-08  0.28319E-06
  0.26430E+03 -0.47172E-06  0.37754E-08  0.26625E-06
  0.26460E+03 -0.52210E-06  0.52537E-08  0.24735E-06
  0.26490E+03 -0.56759E-06  0.66912E-08  0.22649E-06
  0.26520E+03 -0.60811E-06  0.80832E-08  0.20373E-06
  0.26550E+03 -0.64360E-06  0.94254E-08  0.17918E-06
  0.26580E+03 -0.67401E-06  0.10714E-07  0.15297E-06
  0.26610E+03 -0.69926E-06  0.11944E-07  0.12532E-06
  0.26640E+03 -0.71927E-06  0.13113E-07  0.96483E-07
  0.26670E+03 -0.73389E-06  0.14217E-07  0.66735E-07
  0.26700E+03 -0.74292E-06  0.15254E-07  0.36387E-07
  0.26730E+03 -0.74608E-06  0.16220E-07  0.57546E-08
  0.26760E+03 -0.74303E-06  0.17115E-07 -0.24849E-07
  0.26790E+03 -0.73341E-06  0.17935E-07 -0.55127E-07
  0.26820E+03 -0.71687E-06  0.18680E-07 -0.84809E-07
  0.26850E+03 -0.69316E-06  0.19347E-07 -0.11365E-06
  0.26880E+03 -0.66221E-06  0.19937E-07 -0.14145E-06
  0.26910E+03 -0.62415E-06  0.20449E-07 -0.16803E-06
  0.26940E+03 -0.57936E-06  0.20882E-07 -0.19324E-06
  0.26970E+03 -0.52845E-06  0.21236E-07 -0.21695E-06
  0.27000E+03 -0.47225E-06  0.21512E-07 -0.23905E-06
  0.27030E+03 -0.41172E-06  0.21710E-07 -0.25943E-06
  0.27060E+03 -0.34796E-06  0.21831E-07 -0.27795E-06
  0.27090E+03 -0.28208E-06  0.21876E-07 -0.29450E-06
  0.27120E+03 -0.21523E-06  0.21847E-07 -0.30890E-06
  0.27150E+03 -0.14854E-06  0.21746E-07 -0.32100E-06
  0.27180E+03 -0.83127E-07  0.21573E-07 -0.33063E-06
  0.27210E+03 -0.20044E-07  0.21332E-07 -0.33762E-06
  0.27240E+03  0.39686E-07  0.21026E-07 -0.34181E-06
  0.27270E+03  0.95118E-07  0.20656E-07 -0.34307E-06
  0.27300E+03  0.14540E-06  0.20225E-07 -0.34126E-06
  0.27330E+03  0.18983E-06  0.19737E-07 -0.33632E-06
  0.27360E+03  0.22785E-06  0.19194E-07 -0.32823E-06
  0.27390E+03  0.25911E-06  0.18599E-07 -0.31703E-06
  0.27420E+03  0.28347E-06  0.17956E-07 -0.30284E-06
  0.27450E+03  0.30098E-06  0.17267E-07 -0.28585E-06
  0.27480E+03  0.31190E-06  0.16536E-07 -0.26630E-06
  0.27510E+03  0.31663E-06  0.15766E-07 -0.24450E-06
  0.27540E+03  0.31572E-06  0.14961E-07 -0.22079E-06
  0.27570E+03  0.30978E-06  0.14124E-07 -0.19556E-06
  0.27600E+03  0.29942E-06  0.13258E-07 -0.16921E-06
  0.27630E+03  0.28521E-06  0.12368E-07 -0.14215E-06
  0.27660E+03  0.26756E-06  0.11456E-07 -0.11478E-06
  0.27690E+03  0.24679E-06  0.10525E-07 -0.87464E-07
  0.27720E+03  0.22303E-06  0.95785E-08 -0.60559E-07
  0.27750E+03  0.19634E-06  0.86195E-08 -0.34359E-07
  0.27780E+03  0.16671E-06  0.76514E-08 -0.91100E-08
  0.27810E+03  0.13418E-06  0.66771E-08  0.14999E-07
  0.27840E+03  0.98823E-07  0.56999E-08  0.37828E-07
  0.27870E+03  0.60812E-07  0.47227E-08  0.59268E-07
  0.27900E+03  0.20389E-07  0.37485E-08  0.79228E-07
  0.27930E+03 -0.22130E-07  0.27799E-08  0.97615E-07
  0.27960E+03 -0.66345E-07  0.18196E-08  0.11433E-06
  0.27990E+03 -0.11175E-06  0.87033E-09  0.12925E-06
  0.28020E+03 -0.15771E-06 -0.65455E-10  0.14226E-06
  0.28050E+03 -0.20345E-06 -0.98521E-09  0.15323E-06
  0.28080E+03 -0.24808E-06 -0.18865E-08  0.16202E-06
  0.28110E+03 -0.29061E-06 -0.27668E-08  0.16852E-06
  0.28140E+03 -0.32999E-06 -0.36241E-08  0.17266E-06
  0.28170E+03 -0.36512E-06 -0.44563E-08  0.17438E-06
  0.28200E+03 -0.39496E-06 -0.52614E-08  0.17372E-06
  0.28230E+03 -0.41851E-06 -0.60376E-08  0.17076E-06
  0.28260E+03 -0.43496E-06 -0.67830E-08  0.16566E-06
  0.28290E+03 -0.44364E-06 -0.74961E-08  0.15866E-06
  0.28320E+03 -0.44412E-06 -0.81750E-08  0.15005E-06
  0.28350E+03 -0.43618E-06 -0.88182E-08  0.14016E-06
  0.28380E+03 -0.41982E-06 -0.94241E-08  0.12935E-06
  0.28410E+03 -0.39519E-06 -0.99913E-08  0.11795E-06
  0.28440E+03 -0.36258E-06 -0.10518E-07  0.10627E-06
  0.28470E+03 -0.32235E-06 -0.11004E-07  0.94578E-07
  0.28500E+03 -0.27495E-06 -0.11448E-07  0.83084E-07
  0.28530E+03 -0.22087E-06 -0.11848E-07  0.71936E-07
  0.28560E+03 -0.16067E-06 -0.12204E-07  0.61238E-07
  0.28590E+03 -0.94996E-07 -0.12516E-07  0.51059E-07
  0.28620E+03 -0.24577E-07 -0.12782E-07  0.41436E-07
  0.28650E+03  0.49788E-07 -0.13002E-07  0.32389E-07
  0.28680E+03  0.12725E-06 -0.13175E-07  0.23912E-07
  0.28710E+03  0.20692E-06 -0.13301E-07  0.15976E-07
  0.28740E+03  0.28788E-06 -0.13381E-07  0.85203E-08
  0.28770E+03  0.36917E-06 -0.13413E-07  0.14592E-08
  0.28800E+03  0.44977E-06 -0.13398E-07 -0.53167E-08
  0.28830E+03  0.52858E-06 -0.13338E-07 -0.11926E-07
  0.28860E+03  0.60448E-06 -0.13231E-07 -0.18482E-07
  0.28890E+03  0.67634E-06 -0.13080E-07 -0.25070E-07
  0.28920E+03  0.74305E-06 -0.12884E-07 -0.31732E-07
  0.28950E+03  0.80365E-06 -0.12645E-07 -0.38449E-07
  0.28980E+03  0.85726E-06 -0.12365E-07 -0.45126E-07
  0.29010E+03  0.90316E-06 -0.12043E-07 -0.51587E-07
  0.29040E+03  0.94070E-06 -0.11683E-07 -0.57572E-07
  0.29070E+03  0.96932E-06 -0.11286E-07 -0.62749E-07
  0.29100E+03  0.98848E-06 -0.10853E-07 -0.66734E-07
  0.29130E+03  0.99763E-06 -0.10386E-07 -0.69125E-07
  0.29160E+03  0.99630E-06 -0.98885E-08 -0.69541E-07
  0.29190E+03  0.98405E-06 -0.93615E-08 -0.67670E-07
  0.29220E+03  0.96055E-06 -0.88077E-08 -0.63297E-07
  0.29250E+03  0.92558E-06 -0.82294E-08 -0.56335E-07
  0.29280E+03  0.87908E-06 -0.76294E-08 -0.46828E-07
  0.29310E+03  0.82121E-06 -0.70102E-08 -0.34953E-07
  0.29340E+03  0.75229E-06 -0.63744E-08 -0.21003E-07
  0.29370E+03  0.67291E-06 -0.57248E-08 -0.53727E-08
  0.29400E+03  0.58383E-06 -0.50639E-08  0.11458E-07
  0.29430E+03  0.48603E-06 -0.43945E-08  0.28953E-07
  0.29460E+03  0.38067E-06 -0.37195E-08  0.46543E-07
  0.29490E+03  0.26908E-06 -0.30415E-08  0.63659E-07
  0.29520E+03  0.15270E-06 -0.23635E-08  0.79761E-07
  0.29550E+03  0.33057E-07 -0.16884E-08  0.94352E-07
  0.29580E+03 -0.88308E-07 -0.10187E-08  0.10700E-06
  0.29610E+03 -0.20987E-06 -0.35695E-09  0.11736E-06
  0.29640E+03 -0.33019E-06  0.29438E-09  0.12517E-06
  0.29670E+03 -0.44787E-06  0.93295E-09  0.13025E-06
  0.29700E+03 -0.56164E-06  0.15564E-08  0.13256E-06
  0.29730E+03 -0.67033E-06  0.21627E-08  0.13211E-06
  0.29760E+03 -0.77283E-06  0.27497E-08  0.12901E-06
  0.29790E+03 -0.86820E-06  0.33159E-08  0.12346E-06
  0.29820E+03 -0.95557E-06  0.38594E-08  0.11570E-06
  0.29850E+03 -0.10342E-05  0.43788E-08  0.10606E-06
  0.29880E+03 -0.11036E-05  0.48726E-08  0.94897E-07
  0.29910E+03 -0.11631E-05  0.53395E-08  0.82582E-07
  0.29940E+03 -0.12124E-05  0.57784E-08  0.69499E-07
  0.29970E+03 -0.12513E-05  0.61882E-08  0.56005E-07
  0.30000E+03 -0.12793E-05  0.65679E-08  0.42414E-07
  0.30030E+03 -0.12965E-05  0.69168E-08  0.28975E-07
  0.30060E+03 -0.13026E-05  0.72341E-08  0.15864E-07
  0.30090E+03 -0.12976E-05  0.75193E-08  0.31830E-08
  0.30120E+03 -0.12814E-05  0.77718E-08 -0.90248E-08
  0.30150E+03 -0.12542E-05  0.79913E-08 -0.20755E-07
  0.30180E+03 -0.12161E-05  0.81779E-08 -0.32019E-07
  0.30210E+03 -0.11672E-05  0.83316E-08 -0.42830E-07
  0.30240E+03 -0.11082E-05  0.84527E-08 -0.53193E-07
  0.30270E+03 -0.10394E-05  0.85417E-08 -0.63098E-07
  0.30300E+03 -0.96172E-06  0.85993E-08 -0.72518E-07
  0.30330E+03 -0.87595E-06  0.86263E-08 -0.81403E-07
  0.30360E+03 -0.78308E-06  0.86237E-08 -0.89683E-07
  0.30390E+03 -0.68422E-06  0.85925E-08 -0.97265E-07
  0.30420E+03 -0.58051E-06  0.85339E-08 -0.10404E-06
  0.30450E+03 -0.47317E-06  0.84491E-08 -0.10986E-06
  0.30480E+03 -0.36340E-06  0.83395E-08 -0.11461E-06
  0.30510E+03 -0.25241E-06  0.82064E-08 -0.11813E-06
  0.30540E+03 -0.14137E-06  0.80514E-08 -0.12031E-06
  0.30570E+03 -0.31398E-07  0.78757E-08 -0.12106E-06
  0.30600E+03  0.76486E-07  0.76809E-08 -0.12033E-06
  0.30630E+03  0.18137E-06  0.74682E-08 -0.11811E-06
  0.30660E+03  0.28247E-06  0.72390E-08 -0.11444E-06
  0.30690E+03  0.37915E-06  0.69945E-08 -0.10945E-06
