  0.000000E+00 -0.111222E-11  0.895509E-12  0.136334E-12
  0.300000E+00 -0.110053E-10  0.830939E-11  0.149424E-11
  0.600000E+00 -0.542329E-10  0.372962E-10  0.773083E-11
  0.900000E+00 -0.180180E-09  0.110021E-09  0.259918E-10
  0.120000E+01 -0.461638E-09  0.244289E-09  0.658615E-10
  0.150000E+01 -0.989068E-09  0.440712E-09  0.137500E-09
  0.180000E+01 -0.186994E-08  0.673805E-09  0.250373E-09
  0.210000E+01 -0.323098E-08  0.884733E-09  0.412749E-09
  0.240000E+01 -0.521698E-08  0.974088E-09  0.631629E-09
  0.270000E+01 -0.798955E-08  0.799546E-09  0.912315E-09
  0.300000E+01 -0.117279E-07  0.183068E-09  0.125738E-08
  0.330000E+01 -0.166268E-07 -0.107698E-08  0.166586E-08
  0.360000E+01 -0.228894E-07 -0.319565E-08  0.213260E-08
  0.390000E+01 -0.307206E-07 -0.639187E-08  0.264721E-08
  0.420000E+01 -0.403198E-07 -0.108772E-07  0.319331E-08
  0.450000E+01 -0.518749E-07 -0.168481E-07  0.374848E-08
  0.480000E+01 -0.655553E-07 -0.244844E-07  0.428380E-08
  0.510000E+01 -0.815032E-07 -0.339503E-07  0.476210E-08
  0.540000E+01 -0.998268E-07 -0.453938E-07  0.513614E-08
  0.570000E+01 -0.120595E-06 -0.589420E-07  0.534883E-08
  0.600000E+01 -0.143833E-06 -0.746937E-07  0.533625E-08
  0.630000E+01 -0.169515E-06 -0.927143E-07  0.503271E-08
  0.660000E+01 -0.197554E-06 -0.113038E-06  0.437689E-08
  0.690000E+01 -0.227787E-06 -0.135672E-06  0.331773E-08
  0.720000E+01 -0.259983E-06 -0.160595E-06  0.181833E-08
  0.750000E+01 -0.293854E-06 -0.187745E-06 -0.143713E-09
  0.780000E+01 -0.329064E-06 -0.217008E-06 -0.257901E-08
  0.810000E+01 -0.365235E-06 -0.248212E-06 -0.548930E-08
  0.840000E+01 -0.401933E-06 -0.281114E-06 -0.886829E-08
  0.870000E+01 -0.438658E-06 -0.315399E-06 -0.126998E-07
  0.900000E+01 -0.474823E-06 -0.350688E-06 -0.169553E-07
  0.930000E+01 -0.509753E-06 -0.386554E-06 -0.215920E-07
  0.960000E+01 -0.542700E-06 -0.422531E-06 -0.265536E-07
  0.990000E+01 -0.572870E-06 -0.458126E-06 -0.317711E-07
  0.102000E+02 -0.599441E-06 -0.492826E-06 -0.371644E-07
  0.105000E+02 -0.621596E-06 -0.526102E-06 -0.426445E-07
  0.108000E+02 -0.638533E-06 -0.557412E-06 -0.481165E-07
  0.111000E+02 -0.649482E-06 -0.586202E-06 -0.534808E-07
  0.114000E+02 -0.653698E-06 -0.611908E-06 -0.586339E-07
  0.117000E+02 -0.650477E-06 -0.633960E-06 -0.634696E-07
  0.120000E+02 -0.639156E-06 -0.651779E-06 -0.678801E-07
  0.123000E+02 -0.619126E-06 -0.664784E-06 -0.717600E-07
  0.126000E+02 -0.589851E-06 -0.672398E-06 -0.750098E-07
  0.129000E+02 -0.550889E-06 -0.674058E-06 -0.775400E-07
  0.132000E+02 -0.501921E-06 -0.669225E-06 -0.792741E-07
  0.135000E+02 -0.442778E-06 -0.657401E-06 -0.801498E-07
  0.138000E+02 -0.373447E-06 -0.638142E-06 -0.801203E-07
  0.141000E+02 -0.294085E-06 -0.611069E-06 -0.791544E-07
  0.144000E+02 -0.205008E-06 -0.575874E-06 -0.772354E-07
  0.147000E+02 -0.106690E-06 -0.532323E-06 -0.743596E-07
  0.150000E+02  0.251056E-09 -0.480268E-06 -0.705330E-07
  0.153000E+02  0.115068E-06 -0.419648E-06 -0.657701E-07
  0.156000E+02  0.236896E-06 -0.350508E-06 -0.600918E-07
  0.159000E+02  0.364772E-06 -0.273005E-06 -0.535236E-07
  0.162000E+02  0.497653E-06 -0.187420E-06 -0.460943E-07
  0.165000E+02  0.634424E-06 -0.941576E-07 -0.378342E-07
  0.168000E+02  0.773920E-06  0.624834E-08 -0.287776E-07
  0.171000E+02  0.914933E-06  0.113147E-06 -0.189667E-07
  0.174000E+02  0.105623E-05  0.225774E-06 -0.845499E-08
  0.177000E+02  0.119656E-05  0.343257E-06  0.269016E-08
  0.180000E+02  0.133468E-05  0.464617E-06  0.143862E-07
  0.183000E+02  0.146935E-05  0.588784E-06  0.265353E-07
  0.186000E+02  0.159933E-05  0.714604E-06  0.390252E-07
  0.189000E+02  0.172348E-05  0.840858E-06  0.517319E-07
  0.192000E+02  0.184068E-05  0.966283E-06  0.645232E-07
  0.195000E+02  0.194988E-05  0.108959E-05  0.772623E-07
  0.198000E+02  0.205013E-05  0.120949E-05  0.898121E-07
  0.201000E+02  0.214050E-05  0.132471E-05  0.102038E-06
  0.204000E+02  0.222015E-05  0.143403E-05  0.113809E-06
  0.207000E+02  0.228830E-05  0.153627E-05  0.125001E-06
  0.210000E+02  0.234422E-05  0.163032E-05  0.135501E-06
  0.213000E+02  0.238730E-05  0.171516E-05  0.145206E-06
  0.216000E+02  0.241703E-05  0.178982E-05  0.154032E-06
  0.219000E+02  0.243299E-05  0.185345E-05  0.161911E-06
  0.222000E+02  0.243486E-05  0.190526E-05  0.168794E-06
  0.225000E+02  0.242241E-05  0.194462E-05  0.174654E-06
  0.228000E+02  0.239547E-05  0.197100E-05  0.179483E-06
  0.231000E+02  0.235394E-05  0.198401E-05  0.183291E-06
  0.234000E+02  0.229777E-05  0.198340E-05  0.186100E-06
  0.237000E+02  0.222696E-05  0.196903E-05  0.187948E-06
  0.240000E+02  0.214154E-05  0.194093E-05  0.188881E-06
  0.243000E+02  0.204158E-05  0.189927E-05  0.188966E-06
  0.246000E+02  0.192723E-05  0.184440E-05  0.188307E-06
  0.249000E+02  0.179869E-05  0.177689E-05  0.187074E-06
  0.252000E+02  0.165626E-05  0.169754E-05  0.185516E-06
  0.255000E+02  0.150035E-05  0.160741E-05  0.183961E-06
  0.258000E+02  0.133151E-05  0.150776E-05  0.182792E-06
  0.261000E+02  0.115034E-05  0.140002E-05  0.182405E-06
  0.264000E+02  0.957546E-06  0.128566E-05  0.183189E-06
  0.267000E+02  0.753857E-06  0.116619E-05  0.185556E-06
  0.270000E+02  0.540050E-06  0.104325E-05  0.189956E-06
  0.273000E+02  0.317012E-06  0.918690E-06  0.196832E-06
  0.276000E+02  0.856916E-07  0.794395E-06  0.206594E-06
  0.279000E+02 -0.152909E-06  0.672102E-06  0.219576E-06
  0.282000E+02 -0.397621E-06  0.553391E-06  0.235941E-06
  0.285000E+02 -0.647123E-06  0.439749E-06  0.255569E-06
  0.288000E+02 -0.900167E-06  0.332358E-06  0.278073E-06
  0.291000E+02 -0.115562E-05  0.231824E-06  0.302837E-06
  0.294000E+02 -0.141222E-05  0.138242E-06  0.328982E-06
  0.297000E+02 -0.166852E-05  0.513641E-07  0.355288E-06
  0.300000E+02 -0.192292E-05 -0.294341E-07  0.380206E-06
  0.303000E+02 -0.217367E-05 -0.105289E-06  0.401921E-06
  0.306000E+02 -0.241880E-05 -0.177822E-06  0.418441E-06
  0.309000E+02 -0.265638E-05 -0.248993E-06  0.427654E-06
  0.312000E+02 -0.288446E-05 -0.320951E-06  0.427386E-06
  0.315000E+02 -0.310098E-05 -0.395946E-06  0.415491E-06
  0.318000E+02 -0.330372E-05 -0.476370E-06  0.389950E-06
  0.321000E+02 -0.349049E-05 -0.564836E-06  0.348932E-06
  0.324000E+02 -0.365905E-05 -0.664127E-06  0.290815E-06
  0.327000E+02 -0.380719E-05 -0.777018E-06  0.214260E-06
  0.330000E+02 -0.393289E-05 -0.906148E-06  0.118347E-06
  0.333000E+02 -0.403439E-05 -0.105385E-05  0.269404E-08
  0.336000E+02 -0.411015E-05 -0.122189E-05 -0.132496E-06
  0.339000E+02 -0.415889E-05 -0.141134E-05 -0.286422E-06
  0.342000E+02 -0.417962E-05 -0.162266E-05 -0.457662E-06
  0.345000E+02 -0.417166E-05 -0.185567E-05 -0.644130E-06
  0.348000E+02 -0.413482E-05 -0.210935E-05 -0.843096E-06
  0.351000E+02 -0.406953E-05 -0.238178E-05 -0.105125E-05
  0.354000E+02 -0.397678E-05 -0.267021E-05 -0.126477E-05
  0.357000E+02 -0.385804E-05 -0.297110E-05 -0.147937E-05
  0.360000E+02 -0.371525E-05 -0.328004E-05 -0.169038E-05
  0.363000E+02 -0.355079E-05 -0.359176E-05 -0.189288E-05
  0.366000E+02 -0.336718E-05 -0.390053E-05 -0.208174E-05
  0.369000E+02 -0.316699E-05 -0.420027E-05 -0.225184E-05
  0.372000E+02 -0.295306E-05 -0.448453E-05 -0.239817E-05
  0.375000E+02 -0.272851E-05 -0.474659E-05 -0.251607E-05
  0.378000E+02 -0.249653E-05 -0.497973E-05 -0.260139E-05
  0.381000E+02 -0.226020E-05 -0.517750E-05 -0.265054E-05
  0.384000E+02 -0.202242E-05 -0.533385E-05 -0.266063E-05
  0.387000E+02 -0.178591E-05 -0.544321E-05 -0.262953E-05
  0.390000E+02 -0.155297E-05 -0.550061E-05 -0.255588E-05
  0.393000E+02 -0.132543E-05 -0.550189E-05 -0.243917E-05
  0.396000E+02 -0.110468E-05 -0.544365E-05 -0.227976E-05
  0.399000E+02 -0.891790E-06 -0.532339E-05 -0.207895E-05
  0.402000E+02 -0.687476E-06 -0.513963E-05 -0.183893E-05
  0.405000E+02 -0.492102E-06 -0.489206E-05 -0.156278E-05
  0.408000E+02 -0.305728E-06 -0.458158E-05 -0.125438E-05
  0.411000E+02 -0.128289E-06 -0.421030E-05 -0.918327E-06
  0.414000E+02  0.402896E-07 -0.378146E-05 -0.559784E-06
  0.417000E+02  0.200164E-06 -0.329929E-05 -0.184322E-06
  0.420000E+02  0.351633E-06 -0.276891E-05  0.202301E-06
  0.423000E+02  0.494933E-06 -0.219604E-05  0.594362E-06
  0.426000E+02  0.629903E-06 -0.158690E-05  0.986418E-06
  0.429000E+02  0.755839E-06 -0.948031E-06  0.137351E-05
  0.432000E+02  0.871565E-06 -0.286122E-06  0.175137E-05
  0.435000E+02  0.975584E-06  0.392183E-06  0.211655E-05
  0.438000E+02  0.106624E-05  0.108033E-05  0.246646E-05
  0.441000E+02  0.114169E-05  0.177181E-05  0.279907E-05
  0.444000E+02  0.119960E-05  0.246025E-05  0.311261E-05
  0.447000E+02  0.123701E-05  0.313949E-05  0.340528E-05
  0.450000E+02  0.125099E-05  0.380327E-05  0.367525E-05
  0.453000E+02  0.123935E-05  0.444495E-05  0.392052E-05
  0.456000E+02  0.120091E-05  0.505755E-05  0.413884E-05
  0.459000E+02  0.113543E-05  0.563423E-05  0.432761E-05
  0.462000E+02  0.104366E-05  0.616864E-05  0.448381E-05
  0.465000E+02  0.927536E-06  0.665526E-05  0.460402E-05
  0.468000E+02  0.790099E-06  0.708948E-05  0.468462E-05
  0.471000E+02  0.635211E-06  0.746748E-05  0.472214E-05
  0.474000E+02  0.467764E-06  0.778596E-05  0.471389E-05
  0.477000E+02  0.294220E-06  0.804225E-05  0.465838E-05
  0.480000E+02  0.122632E-06  0.823473E-05  0.455551E-05
  0.483000E+02 -0.381120E-07  0.836308E-05  0.440668E-05
  0.486000E+02 -0.178962E-06  0.842817E-05  0.421482E-05
  0.489000E+02 -0.290721E-06  0.843161E-05  0.398433E-05
  0.492000E+02 -0.363974E-06  0.837544E-05  0.372073E-05
  0.495000E+02 -0.389280E-06  0.826229E-05  0.343028E-05
  0.498000E+02 -0.357141E-06  0.809534E-05  0.311943E-05
  0.501000E+02 -0.257449E-06  0.787763E-05  0.279431E-05
  0.504000E+02 -0.790956E-07  0.761165E-05  0.246024E-05
  0.507000E+02  0.189370E-06  0.729958E-05  0.212162E-05
  0.510000E+02  0.558565E-06  0.694357E-05  0.178187E-05
  0.513000E+02  0.103769E-05  0.654556E-05  0.144353E-05
  0.516000E+02  0.163438E-05  0.610705E-05  0.110820E-05
  0.519000E+02  0.235426E-05  0.562927E-05  0.776624E-06
  0.522000E+02  0.319980E-05  0.511355E-05  0.448820E-06
  0.525000E+02  0.416913E-05  0.456125E-05  0.124223E-06
  0.528000E+02  0.525515E-05  0.397358E-05 -0.198190E-06
  0.531000E+02  0.644546E-05  0.335188E-05 -0.519858E-06
  0.534000E+02  0.772228E-05  0.269808E-05 -0.842678E-06
  0.537000E+02  0.906281E-05  0.201499E-05 -0.116905E-05
  0.540000E+02  0.104402E-04  0.130644E-05 -0.150186E-05
  0.543000E+02  0.118247E-04  0.577543E-06 -0.184444E-05
  0.546000E+02  0.131850E-04 -0.165480E-06 -0.220045E-05
  0.549000E+02  0.144880E-04 -0.915712E-06 -0.257357E-05
  0.552000E+02  0.156997E-04 -0.166588E-05 -0.296708E-05
  0.555000E+02  0.167861E-04 -0.240892E-05 -0.338335E-05
  0.558000E+02  0.177135E-04 -0.313859E-05 -0.382348E-05
  0.561000E+02  0.184499E-04 -0.384994E-05 -0.428683E-05
  0.564000E+02  0.189651E-04 -0.453939E-05 -0.477059E-05
  0.567000E+02  0.192318E-04 -0.520498E-05 -0.526946E-05
  0.570000E+02  0.192268E-04 -0.584677E-05 -0.577562E-05
  0.573000E+02  0.189322E-04 -0.646656E-05 -0.627913E-05
  0.576000E+02  0.183347E-04 -0.706680E-05 -0.676840E-05
  0.579000E+02  0.174261E-04 -0.764948E-05 -0.723094E-05
  0.582000E+02  0.162039E-04 -0.821565E-05 -0.765413E-05
  0.585000E+02  0.146720E-04 -0.876531E-05 -0.802598E-05
  0.588000E+02  0.128403E-04 -0.929696E-05 -0.833577E-05
  0.591000E+02  0.107242E-04 -0.980688E-05 -0.857461E-05
  0.594000E+02  0.834426E-05 -0.102890E-04 -0.873578E-05
  0.597000E+02  0.572630E-05 -0.107356E-04 -0.881477E-05
  0.600000E+02  0.290051E-05 -0.111374E-04 -0.880915E-05
  0.603000E+02 -0.996081E-07 -0.114844E-04 -0.871829E-05
  0.606000E+02 -0.323808E-05 -0.117666E-04 -0.854300E-05
  0.609000E+02 -0.647669E-05 -0.119744E-04 -0.828516E-05
  0.612000E+02 -0.977540E-05 -0.120994E-04 -0.794743E-05
  0.615000E+02 -0.130930E-04 -0.121341E-04 -0.753307E-05
  0.618000E+02 -0.163879E-04 -0.120719E-04 -0.704587E-05
  0.621000E+02 -0.196179E-04 -0.119075E-04 -0.649004E-05
  0.624000E+02 -0.227403E-04 -0.116374E-04 -0.587010E-05
  0.627000E+02 -0.257128E-04 -0.112590E-04 -0.519092E-05
  0.630000E+02 -0.284939E-04 -0.107710E-04 -0.445773E-05
  0.633000E+02 -0.310435E-04 -0.101721E-04 -0.367626E-05
  0.636000E+02 -0.333227E-04 -0.946159E-05 -0.285266E-05
  0.639000E+02 -0.352946E-04 -0.863899E-05 -0.199342E-05
  0.642000E+02 -0.369246E-04 -0.770464E-05 -0.110538E-05
  0.645000E+02 -0.381823E-04 -0.666021E-05 -0.195831E-06
  0.648000E+02 -0.390428E-04 -0.550928E-05  0.727513E-06
  0.651000E+02 -0.394872E-04 -0.425779E-05  0.165666E-05
  0.654000E+02 -0.395033E-04 -0.291415E-05  0.258356E-05
  0.657000E+02 -0.390857E-04 -0.148879E-05  0.350035E-05
  0.660000E+02 -0.382362E-04  0.614557E-08  0.439953E-05
  0.663000E+02 -0.369636E-04  0.155684E-05  0.527423E-05
  0.666000E+02 -0.352831E-04  0.314799E-05  0.611827E-05
  0.669000E+02 -0.332155E-04  0.476309E-05  0.692632E-05
  0.672000E+02 -0.307862E-04  0.638451E-05  0.769382E-05
  0.675000E+02 -0.280244E-04  0.799329E-05  0.841688E-05
  0.678000E+02 -0.249626E-04  0.956941E-05  0.909209E-05
  0.681000E+02 -0.216358E-04  0.110925E-04  0.971633E-05
  0.684000E+02 -0.180810E-04  0.125422E-04  0.102866E-04
  0.687000E+02 -0.143362E-04  0.138989E-04  0.107998E-04
  0.690000E+02 -0.104397E-04  0.151436E-04  0.112526E-04
  0.693000E+02 -0.643021E-05  0.162583E-04  0.116412E-04
  0.696000E+02 -0.234697E-05  0.172268E-04  0.119614E-04
  0.699000E+02  0.177032E-05  0.180344E-04  0.122086E-04
  0.702000E+02  0.588197E-05  0.186681E-04  0.123778E-04
  0.705000E+02  0.994863E-05  0.191172E-04  0.124643E-04
  0.708000E+02  0.139316E-04  0.193735E-04  0.124633E-04
  0.711000E+02  0.177931E-04  0.194318E-04  0.123703E-04
  0.714000E+02  0.214966E-04  0.192898E-04  0.121813E-04
  0.717000E+02  0.250070E-04  0.189475E-04  0.118928E-04
  0.720000E+02  0.282912E-04  0.184070E-04  0.115025E-04
  0.723000E+02  0.313185E-04  0.176727E-04  0.110093E-04
  0.726000E+02  0.340607E-04  0.167512E-04  0.104137E-04
  0.729000E+02  0.364931E-04  0.156511E-04  0.971807E-05
  0.732000E+02  0.385952E-04  0.143831E-04  0.892703E-05
  0.735000E+02  0.403502E-04  0.129597E-04  0.804712E-05
  0.738000E+02  0.417450E-04  0.113952E-04  0.708669E-05
  0.741000E+02  0.427703E-04  0.970568E-05  0.605553E-05
  0.744000E+02  0.434202E-04  0.790816E-05  0.496439E-05
  0.747000E+02  0.436916E-04  0.602142E-05  0.382458E-05
  0.750000E+02  0.435845E-04  0.406586E-05  0.264757E-05
  0.753000E+02  0.431018E-04  0.206294E-05  0.144466E-05
  0.756000E+02  0.422497E-04  0.345997E-07  0.226663E-06
  0.759000E+02  0.410375E-04 -0.199703E-05 -0.996144E-06
  0.762000E+02  0.394781E-04 -0.400993E-05 -0.221393E-05
  0.765000E+02  0.375875E-04 -0.598253E-05 -0.341706E-05
  0.768000E+02  0.353852E-04 -0.789388E-05 -0.459588E-05
  0.771000E+02  0.328935E-04 -0.972358E-05 -0.574041E-05
  0.774000E+02  0.301379E-04 -0.114520E-04 -0.684017E-05
  0.777000E+02  0.271468E-04 -0.130607E-04 -0.788407E-05
  0.780000E+02  0.239510E-04 -0.145328E-04 -0.886040E-05
  0.783000E+02  0.205842E-04 -0.158535E-04 -0.975716E-05
  0.786000E+02  0.170817E-04 -0.170099E-04 -0.105625E-04
  0.789000E+02  0.134800E-04 -0.179913E-04 -0.112651E-04
  0.792000E+02  0.981585E-05 -0.187884E-04 -0.118549E-04
  0.795000E+02  0.612543E-05 -0.193938E-04 -0.123234E-04
  0.798000E+02  0.244439E-05 -0.198020E-04 -0.126637E-04
  0.801000E+02 -0.119277E-05 -0.200091E-04 -0.128713E-04
  0.804000E+02 -0.475305E-05 -0.200133E-04 -0.129435E-04
  0.807000E+02 -0.820552E-05 -0.198148E-04 -0.128803E-04
  0.810000E+02 -0.115217E-04 -0.194160E-04 -0.126833E-04
  0.813000E+02 -0.146755E-04 -0.188219E-04 -0.123567E-04
  0.816000E+02 -0.176438E-04 -0.180397E-04 -0.119062E-04
  0.819000E+02 -0.204057E-04 -0.170790E-04 -0.113395E-04
  0.822000E+02 -0.229426E-04 -0.159520E-04 -0.106653E-04
  0.825000E+02 -0.252384E-04 -0.146728E-04 -0.989390E-05
  0.828000E+02 -0.272787E-04 -0.132579E-04 -0.903622E-05
  0.831000E+02 -0.290517E-04 -0.117243E-04 -0.810408E-05
  0.834000E+02 -0.305475E-04 -0.100897E-04 -0.710982E-05
  0.837000E+02 -0.317583E-04 -0.837238E-05 -0.606610E-05
  0.840000E+02 -0.326783E-04 -0.659127E-05 -0.498574E-05
  0.843000E+02 -0.333043E-04 -0.476614E-05 -0.388162E-05
  0.846000E+02 -0.336349E-04 -0.291735E-05 -0.276649E-05
  0.849000E+02 -0.336720E-04 -0.106551E-05 -0.165297E-05
  0.852000E+02 -0.334203E-04  0.768814E-06 -0.553571E-06
  0.855000E+02 -0.328880E-04  0.256533E-05  0.519234E-06
  0.858000E+02 -0.320874E-04  0.430458E-05  0.155306E-05
  0.861000E+02 -0.310337E-04  0.596841E-05  0.253582E-05
  0.864000E+02 -0.297454E-04  0.754010E-05  0.345602E-05
  0.867000E+02 -0.282430E-04  0.900450E-05  0.430287E-05
  0.870000E+02 -0.265491E-04  0.103484E-04  0.506644E-05
  0.873000E+02 -0.246883E-04  0.115605E-04  0.573785E-05
  0.876000E+02 -0.226864E-04  0.126315E-04  0.630949E-05
  0.879000E+02 -0.205694E-04  0.135536E-04  0.677532E-05
  0.882000E+02 -0.183635E-04  0.143203E-04  0.713103E-05
  0.885000E+02 -0.160936E-04  0.149269E-04  0.737426E-05
  0.888000E+02 -0.137837E-04  0.153702E-04  0.750457E-05
  0.891000E+02 -0.114560E-04  0.156488E-04  0.752343E-05
  0.894000E+02 -0.913119E-05  0.157630E-04  0.743393E-05
  0.897000E+02 -0.682823E-05  0.157148E-04  0.724061E-05
  0.900000E+02 -0.456523E-05  0.155078E-04  0.694913E-05
  0.903000E+02 -0.235949E-05  0.151472E-04  0.656609E-05
  0.906000E+02 -0.227589E-06  0.146397E-04  0.609884E-05
  0.909000E+02  0.181487E-05  0.139934E-04  0.555533E-05
  0.912000E+02  0.375331E-05  0.132178E-04  0.494404E-05
  0.915000E+02  0.557437E-05  0.123240E-04  0.427379E-05
  0.918000E+02  0.726614E-05  0.113241E-04  0.355375E-05
  0.921000E+02  0.881826E-05  0.102312E-04  0.279341E-05
  0.924000E+02  0.102219E-04  0.905979E-05  0.200265E-05
  0.927000E+02  0.114701E-04  0.782432E-05  0.119178E-05
  0.930000E+02  0.125576E-04  0.653966E-05  0.371660E-06
  0.933000E+02  0.134811E-04  0.522071E-05 -0.446326E-06
  0.936000E+02  0.142391E-04  0.388227E-05 -0.125032E-05
  0.939000E+02  0.148320E-04  0.253891E-05 -0.202821E-05
  0.942000E+02  0.152616E-04  0.120504E-05 -0.276790E-05
  0.945000E+02  0.155313E-04 -0.105058E-06 -0.345770E-05
  0.948000E+02  0.156456E-04 -0.137722E-05 -0.408666E-05
  0.951000E+02  0.156102E-04 -0.259751E-05 -0.464487E-05
  0.954000E+02  0.154321E-04 -0.375231E-05 -0.512366E-05
  0.957000E+02  0.151195E-04 -0.482869E-05 -0.551571E-05
  0.960000E+02  0.146817E-04 -0.581464E-05 -0.581514E-05
  0.963000E+02  0.141294E-04 -0.669944E-05 -0.601748E-05
  0.966000E+02  0.134739E-04 -0.747376E-05 -0.611967E-05
  0.969000E+02  0.127272E-04 -0.812987E-05 -0.611996E-05
  0.972000E+02  0.119022E-04 -0.866194E-05 -0.601787E-05
  0.975000E+02  0.110122E-04 -0.906646E-05 -0.581405E-05
  0.978000E+02  0.100709E-04 -0.934219E-05 -0.551036E-05
  0.981000E+02  0.909214E-05 -0.948999E-05 -0.510987E-05
  0.984000E+02  0.808919E-05 -0.951244E-05 -0.461693E-05
  0.987000E+02  0.707483E-05 -0.941355E-05 -0.403712E-05
  0.990000E+02  0.606115E-05 -0.919873E-05 -0.337726E-05
  0.993000E+02  0.505949E-05 -0.887472E-05 -0.264536E-05
  0.996000E+02  0.408053E-05 -0.844953E-05 -0.185054E-05
  0.999000E+02  0.313429E-05 -0.793225E-05 -0.100298E-05
  0.100200E+03  0.223013E-05 -0.733264E-05 -0.113820E-06
  0.100500E+03  0.137664E-05 -0.666090E-05  0.804994E-06
  0.100800E+03  0.581578E-06 -0.592764E-05  0.174080E-05
  0.101100E+03 -0.148375E-06 -0.514384E-05  0.268047E-05
  0.101400E+03 -0.807514E-06 -0.432066E-05  0.361060E-05
  0.101700E+03 -0.139092E-05 -0.346924E-05  0.451782E-05
  0.102000E+03 -0.189435E-05 -0.260058E-05  0.538901E-05
  0.102300E+03 -0.231427E-05 -0.172549E-05  0.621160E-05
  0.102600E+03 -0.264813E-05 -0.854651E-06  0.697384E-05
  0.102900E+03 -0.289460E-05  0.137118E-08  0.766491E-05
  0.103200E+03 -0.305390E-05  0.832223E-06  0.827515E-05
  0.103500E+03 -0.312797E-05  0.162788E-05  0.879601E-05
  0.103800E+03 -0.312035E-05  0.237888E-05  0.922019E-05
  0.104100E+03 -0.303600E-05  0.307655E-05  0.954158E-05
  0.104400E+03 -0.288111E-05  0.371332E-05  0.975539E-05
  0.104700E+03 -0.266287E-05  0.428269E-05  0.985812E-05
  0.105000E+03 -0.238911E-05  0.477923E-05  0.984772E-05
  0.105300E+03 -0.206797E-05  0.519851E-05  0.972358E-05
  0.105600E+03 -0.170778E-05  0.553717E-05  0.948664E-05
  0.105900E+03 -0.131707E-05  0.579286E-05  0.913931E-05
  0.106200E+03 -0.904500E-06  0.596423E-05  0.868551E-05
  0.106500E+03 -0.478565E-06  0.605073E-05  0.813058E-05
  0.106800E+03 -0.471543E-07  0.605244E-05  0.748122E-05
  0.107100E+03  0.382694E-06  0.596987E-05  0.674534E-05
  0.107400E+03  0.804818E-06  0.580405E-05  0.593199E-05
  0.107700E+03  0.121375E-05  0.555664E-05  0.505108E-05
  0.108000E+03  0.160443E-05  0.523016E-05  0.411322E-05
  0.108300E+03  0.197199E-05  0.482830E-05  0.312948E-05
  0.108600E+03  0.231165E-05  0.435613E-05  0.211116E-05
  0.108900E+03  0.261875E-05  0.382014E-05  0.106962E-05
  0.109200E+03  0.288892E-05  0.322795E-05  0.161516E-07
  0.109500E+03  0.311822E-05  0.258804E-05 -0.103808E-05
  0.109800E+03  0.330314E-05  0.190962E-05 -0.208216E-05
  0.110100E+03  0.344063E-05  0.120253E-05 -0.310545E-05
  0.110400E+03  0.352819E-05  0.476982E-06 -0.409766E-05
  0.110700E+03  0.356403E-05 -0.256856E-06 -0.504891E-05
  0.111000E+03  0.354725E-05 -0.989258E-06 -0.594971E-05
  0.111300E+03  0.347781E-05 -0.171117E-05 -0.679107E-05
  0.111600E+03  0.335651E-05 -0.241436E-05 -0.756443E-05
  0.111900E+03  0.318494E-05 -0.309146E-05 -0.826187E-05
  0.112200E+03  0.296543E-05 -0.373597E-05 -0.887606E-05
  0.112500E+03  0.270087E-05 -0.434205E-05 -0.940043E-05
  0.112800E+03  0.239453E-05 -0.490435E-05 -0.982926E-05
  0.113100E+03  0.204999E-05 -0.541791E-05 -0.101578E-04
  0.113400E+03  0.167105E-05 -0.587811E-05 -0.103823E-04
  0.113700E+03  0.126180E-05 -0.628081E-05 -0.105001E-04
  0.114000E+03  0.826533E-06 -0.662240E-05 -0.105098E-04
  0.114300E+03  0.369733E-06 -0.689991E-05 -0.104112E-04
  0.114600E+03 -0.103912E-06 -0.711099E-05 -0.102055E-04
  0.114900E+03 -0.589471E-06 -0.725391E-05 -0.989518E-05
  0.115200E+03 -0.108171E-05 -0.732749E-05 -0.948437E-05
  0.115500E+03 -0.157511E-05 -0.733116E-05 -0.897854E-05
  0.115800E+03 -0.206398E-05 -0.726500E-05 -0.838459E-05
  0.116100E+03 -0.254253E-05 -0.712976E-05 -0.771062E-05
  0.116400E+03 -0.300499E-05 -0.692689E-05 -0.696578E-05
  0.116700E+03 -0.344560E-05 -0.665857E-05 -0.615998E-05
  0.117000E+03 -0.385869E-05 -0.632788E-05 -0.530366E-05
  0.117300E+03 -0.423884E-05 -0.593873E-05 -0.440757E-05
  0.117600E+03 -0.458095E-05 -0.549588E-05 -0.348258E-05
  0.117900E+03 -0.488042E-05 -0.500478E-05 -0.253953E-05
  0.118200E+03 -0.513322E-05 -0.447156E-05 -0.158904E-05
  0.118500E+03 -0.533594E-05 -0.390284E-05 -0.641468E-06
  0.118800E+03 -0.548584E-05 -0.330556E-05  0.293250E-06
  0.119100E+03 -0.558094E-05 -0.268687E-05  0.120567E-05
  0.119400E+03 -0.562005E-05 -0.205394E-05  0.208691E-05
  0.119700E+03 -0.560274E-05 -0.141388E-05  0.292865E-05
  0.120000E+03 -0.552938E-05 -0.773491E-06  0.372297E-05
  0.120300E+03 -0.540119E-05 -0.139032E-06  0.446235E-05
  0.120600E+03 -0.522012E-05  0.483931E-06  0.513961E-05
  0.120900E+03 -0.498873E-05  0.109033E-05  0.574797E-05
  0.121200E+03 -0.471020E-05  0.167541E-05  0.628115E-05
  0.121500E+03 -0.438835E-05  0.223470E-05  0.673351E-05
  0.121800E+03 -0.402770E-05  0.276411E-05  0.710027E-05
  0.122100E+03 -0.363346E-05  0.325997E-05  0.737768E-05
  0.122400E+03 -0.321154E-05  0.371895E-05  0.756319E-05
  0.122700E+03 -0.276844E-05  0.413813E-05  0.765550E-05
  0.123000E+03 -0.231102E-05  0.451504E-05  0.765455E-05
  0.123300E+03 -0.184621E-05  0.484780E-05  0.756154E-05
  0.123600E+03 -0.138062E-05  0.513519E-05  0.737887E-05
  0.123900E+03 -0.920236E-06  0.537655E-05  0.711010E-05
  0.124200E+03 -0.470322E-06  0.557167E-05  0.675985E-05
  0.124500E+03 -0.354716E-07  0.572071E-05  0.633365E-05
  0.124800E+03  0.380294E-06  0.582412E-05  0.583785E-05
  0.125100E+03  0.773329E-06  0.588258E-05  0.527951E-05
  0.125400E+03  0.114010E-05  0.589708E-05  0.466626E-05
  0.125700E+03  0.147702E-05  0.586886E-05  0.400627E-05
  0.126000E+03  0.178039E-05  0.579944E-05  0.330810E-05
  0.126300E+03  0.204665E-05  0.569076E-05  0.258060E-05
  0.126600E+03  0.227260E-05  0.554527E-05  0.183294E-05
  0.126900E+03  0.245585E-05  0.536600E-05  0.107449E-05
  0.127200E+03  0.259499E-05  0.515644E-05  0.314784E-06
  0.127500E+03  0.268973E-05  0.492040E-05 -0.436515E-06
  0.127800E+03  0.274081E-05  0.466205E-05 -0.116973E-05
  0.128100E+03  0.274987E-05  0.438577E-05 -0.187524E-05
  0.128400E+03  0.271918E-05  0.409616E-05 -0.254359E-05
  0.128700E+03  0.265141E-05  0.379775E-05 -0.316568E-05
  0.129000E+03  0.254935E-05  0.349490E-05 -0.373291E-05
  0.129300E+03  0.241575E-05  0.319154E-05 -0.423746E-05
  0.129600E+03  0.225323E-05  0.289107E-05 -0.467242E-05
  0.129900E+03  0.206436E-05  0.259632E-05 -0.503209E-05
  0.130200E+03  0.185168E-05  0.230965E-05 -0.531210E-05
  0.130500E+03  0.161794E-05  0.203315E-05 -0.550964E-05
  0.130800E+03  0.136616E-05  0.176870E-05 -0.562345E-05
  0.131100E+03  0.109978E-05  0.151804E-05 -0.565381E-05
  0.131400E+03  0.822694E-06  0.128268E-05 -0.560245E-05
  0.131700E+03  0.539229E-06  0.106397E-05 -0.547229E-05
  0.132000E+03  0.254063E-06  0.862988E-06 -0.526723E-05
  0.132300E+03 -0.280446E-07  0.680567E-06 -0.499192E-05
  0.132600E+03 -0.302612E-06  0.517166E-06 -0.465149E-05
  0.132900E+03 -0.565685E-06  0.372764E-06 -0.425147E-05
  0.133200E+03 -0.813888E-06  0.246719E-06 -0.379760E-05
  0.133500E+03 -0.104432E-05  0.137697E-06 -0.329582E-05
  0.133800E+03 -0.125446E-05  0.437195E-07 -0.275224E-05
  0.134100E+03 -0.144210E-05 -0.377175E-07 -0.217318E-05
  0.134400E+03 -0.160527E-05 -0.109522E-06 -0.156517E-05
  0.134700E+03 -0.174219E-05 -0.174830E-06 -0.935004E-06
  0.135000E+03 -0.185125E-05 -0.236735E-06 -0.289833E-06
  0.135300E+03 -0.193107E-05 -0.298003E-06  0.362864E-06
  0.135600E+03 -0.198055E-05 -0.360912E-06  0.101530E-05
  0.135900E+03 -0.199883E-05 -0.427233E-06  0.165949E-05
  0.136200E+03 -0.198537E-05 -0.498314E-06  0.228736E-05
  0.136500E+03 -0.193996E-05 -0.575247E-06  0.289089E-05
  0.136800E+03 -0.186278E-05 -0.659069E-06  0.346233E-05
  0.137100E+03 -0.175447E-05 -0.750865E-06  0.399432E-05
  0.137400E+03 -0.161624E-05 -0.851740E-06  0.448003E-05
  0.137700E+03 -0.144990E-05 -0.962687E-06  0.491326E-05
  0.138000E+03 -0.125776E-05 -0.108440E-05  0.528856E-05
  0.138300E+03 -0.104237E-05 -0.121706E-05  0.560123E-05
  0.138600E+03 -0.806398E-06 -0.136025E-05  0.584745E-05
  0.138900E+03 -0.552566E-06 -0.151287E-05  0.602431E-05
  0.139200E+03 -0.283715E-06 -0.167335E-05  0.612981E-05
  0.139500E+03 -0.288762E-08 -0.183986E-05  0.616287E-05
  0.139800E+03  0.286624E-06 -0.201051E-05  0.612327E-05
  0.140100E+03  0.581234E-06 -0.218340E-05  0.601167E-05
  0.140400E+03  0.877076E-06 -0.235665E-05  0.582953E-05
  0.140700E+03  0.117009E-05 -0.252845E-05  0.557904E-05
  0.141000E+03  0.145619E-05 -0.269707E-05  0.526309E-05
  0.141300E+03  0.173145E-05 -0.286083E-05  0.488520E-05
  0.141600E+03  0.199225E-05 -0.301809E-05  0.444956E-05
  0.141900E+03  0.223537E-05 -0.316715E-05  0.396098E-05
  0.142200E+03  0.245806E-05 -0.330621E-05  0.342489E-05
  0.142500E+03  0.265817E-05 -0.343324E-05  0.284730E-05
  0.142800E+03  0.283406E-05 -0.354590E-05  0.223479E-05
  0.143100E+03  0.298449E-05 -0.364138E-05  0.159450E-05
  0.143400E+03  0.310852E-05 -0.371650E-05  0.934111E-06
  0.143700E+03  0.320540E-05 -0.376788E-05  0.261754E-06
  0.144000E+03  0.327458E-05 -0.379232E-05 -0.414084E-06
  0.144300E+03  0.331559E-05 -0.378717E-05 -0.108471E-05
  0.144600E+03  0.332800E-05 -0.375071E-05 -0.174139E-05
  0.144900E+03  0.331144E-05 -0.368239E-05 -0.237557E-05
  0.145200E+03  0.326559E-05 -0.358289E-05 -0.297912E-05
  0.145500E+03  0.319024E-05 -0.345393E-05 -0.354457E-05
  0.145800E+03  0.308527E-05 -0.329791E-05 -0.406528E-05
  0.146100E+03  0.295079E-05 -0.311756E-05 -0.453561E-05
  0.146400E+03  0.278708E-05 -0.291555E-05 -0.495092E-05
  0.146700E+03  0.259466E-05 -0.269427E-05 -0.530765E-05
  0.147000E+03  0.237422E-05 -0.245566E-05 -0.560321E-05
  0.147300E+03  0.212675E-05 -0.220115E-05 -0.583592E-05
  0.147600E+03  0.185369E-05 -0.193174E-05 -0.600484E-05
  0.147900E+03  0.155713E-05 -0.164814E-05 -0.610967E-05
  0.148200E+03  0.124000E-05 -0.135096E-05 -0.615060E-05
  0.148500E+03  0.905942E-06 -0.104088E-05 -0.612832E-05
  0.148800E+03  0.559236E-06 -0.718912E-06 -0.604390E-05
  0.149100E+03  0.204545E-06 -0.386541E-06 -0.589888E-05
  0.149400E+03 -0.153271E-06 -0.459188E-07 -0.569531E-05
  0.149700E+03 -0.509373E-06  0.300124E-06 -0.543583E-05
  0.150000E+03 -0.859126E-06  0.648159E-06 -0.512372E-05
  0.150300E+03 -0.119823E-05  0.994319E-06 -0.476295E-05
  0.150600E+03 -0.152280E-05  0.133448E-05 -0.435814E-05
  0.150900E+03 -0.182943E-05  0.166447E-05 -0.391453E-05
  0.151200E+03 -0.211527E-05  0.198023E-05 -0.343790E-05
  0.151500E+03 -0.237804E-05  0.227810E-05 -0.293447E-05
  0.151800E+03 -0.261604E-05  0.255496E-05 -0.241075E-05
  0.152100E+03 -0.282804E-05  0.280832E-05 -0.187340E-05
  0.152400E+03 -0.301324E-05  0.303638E-05 -0.132916E-05
  0.152700E+03 -0.317109E-05  0.323791E-05 -0.784643E-06
  0.153000E+03 -0.330115E-05  0.341217E-05 -0.246209E-06
  0.153300E+03 -0.340303E-05  0.355871E-05  0.280131E-06
  0.153600E+03 -0.347633E-05  0.367725E-05  0.788817E-06
  0.153900E+03 -0.352078E-05  0.376748E-05  0.127477E-05
  0.154200E+03 -0.353620E-05  0.382896E-05  0.173340E-05
  0.154500E+03 -0.352248E-05  0.386108E-05  0.216056E-05
  0.154800E+03 -0.347965E-05  0.386317E-05  0.255260E-05
  0.155100E+03 -0.340785E-05  0.383454E-05  0.290625E-05
  0.155400E+03 -0.330736E-05  0.377462E-05  0.321870E-05
  0.155700E+03 -0.317862E-05  0.368307E-05  0.348753E-05
  0.156000E+03 -0.302232E-05  0.355987E-05  0.371075E-05
  0.156300E+03 -0.283958E-05  0.340552E-05  0.388679E-05
  0.156600E+03 -0.263201E-05  0.322108E-05  0.401464E-05
  0.156900E+03 -0.240178E-05  0.300807E-05  0.409384E-05
  0.157200E+03 -0.215163E-05  0.276848E-05  0.412458E-05
  0.157500E+03 -0.188488E-05  0.250477E-05  0.410763E-05
  0.157800E+03 -0.160526E-05  0.221991E-05  0.404435E-05
  0.158100E+03 -0.131671E-05  0.191744E-05  0.393663E-05
  0.158400E+03 -0.102302E-05  0.160140E-05  0.378683E-05
  0.158700E+03 -0.727647E-06  0.127621E-05  0.359772E-05
  0.159000E+03 -0.433585E-06  0.946601E-06  0.337239E-05
  0.159300E+03 -0.143294E-06  0.617377E-06  0.311421E-05
  0.159600E+03  0.141265E-06  0.293289E-06  0.282677E-05
  0.159900E+03  0.418528E-06 -0.211687E-07  0.251388E-05
  0.160200E+03  0.687179E-06 -0.321922E-06  0.217960E-05
  0.160500E+03  0.945961E-06 -0.605464E-06  0.182819E-05
  0.160800E+03  0.119351E-05 -0.868984E-06  0.146416E-05
  0.161100E+03  0.142825E-05 -0.111039E-05  0.109221E-05
  0.161400E+03  0.164836E-05 -0.132826E-05  0.717169E-06
  0.161700E+03  0.185186E-05 -0.152174E-05  0.343942E-06
  0.162000E+03  0.203671E-05 -0.169045E-05 -0.225544E-07
  0.162300E+03  0.220089E-05 -0.183433E-05 -0.377504E-06
  0.162600E+03  0.234256E-05 -0.195347E-05 -0.716289E-06
  0.162900E+03  0.246004E-05 -0.204803E-05 -0.103461E-05
  0.163200E+03  0.255191E-05 -0.211812E-05 -0.132856E-05
  0.163500E+03  0.261701E-05 -0.216387E-05 -0.159475E-05
  0.163800E+03  0.265447E-05 -0.218548E-05 -0.183024E-05
  0.164100E+03  0.266371E-05 -0.218332E-05 -0.203259E-05
  0.164400E+03  0.264451E-05 -0.215798E-05 -0.219978E-05
  0.164700E+03  0.259707E-05 -0.211033E-05 -0.233011E-05
  0.165000E+03  0.252207E-05 -0.204156E-05 -0.242222E-05
  0.165300E+03  0.242061E-05 -0.195323E-05 -0.247501E-05
  0.165600E+03  0.229420E-05 -0.184733E-05 -0.248770E-05
  0.165900E+03  0.214464E-05 -0.172624E-05 -0.245983E-05
  0.166200E+03  0.197392E-05 -0.159268E-05 -0.239138E-05
  0.166500E+03  0.178408E-05 -0.144952E-05 -0.228287E-05
  0.166800E+03  0.157716E-05 -0.129963E-05 -0.213544E-05
  0.167100E+03  0.135510E-05 -0.114573E-05 -0.195100E-05
  0.167400E+03  0.111986E-05 -0.990320E-06 -0.173223E-05
  0.167700E+03  0.873515E-06 -0.835685E-06 -0.148260E-05
  0.168000E+03  0.618334E-06 -0.683934E-06 -0.120629E-05
  0.168300E+03  0.356863E-06 -0.536987E-06 -0.908046E-06
  0.168600E+03  0.919384E-07 -0.396552E-06 -0.593096E-06
  0.168900E+03 -0.173323E-06 -0.264070E-06 -0.266944E-06
  0.169200E+03 -0.435563E-06 -0.140656E-06  0.647794E-07
  0.169500E+03 -0.691266E-06 -0.271066E-07  0.396479E-06
  0.169800E+03 -0.936887E-06  0.760172E-07  0.722731E-06
  0.170100E+03 -0.116903E-05  0.168270E-06  0.103839E-05
  0.170400E+03 -0.138460E-05  0.249229E-06  0.133869E-05
  0.170700E+03 -0.158089E-05  0.318427E-06  0.161931E-05
  0.171000E+03 -0.175556E-05  0.375285E-06  0.187642E-05
  0.171300E+03 -0.190665E-05  0.419066E-06  0.210677E-05
  0.171600E+03 -0.203252E-05  0.448891E-06  0.230764E-05
  0.171900E+03 -0.213192E-05  0.463849E-06  0.247688E-05
  0.172200E+03 -0.220395E-05  0.463180E-06  0.261282E-05
  0.172500E+03 -0.224809E-05  0.446437E-06  0.271419E-05
  0.172800E+03 -0.226416E-05  0.413602E-06  0.278013E-05
  0.173100E+03 -0.225224E-05  0.365135E-06  0.281003E-05
  0.173400E+03 -0.221258E-05  0.301968E-06  0.280360E-05
  0.173700E+03 -0.214553E-05  0.225447E-06  0.276076E-05
  0.174000E+03 -0.205143E-05  0.137229E-06  0.268170E-05
  0.174300E+03 -0.193076E-05  0.391704E-07  0.256686E-05
  0.174600E+03 -0.178409E-05 -0.668044E-07  0.241702E-05
  0.174900E+03 -0.161225E-05 -0.178823E-06  0.223331E-05
  0.175200E+03 -0.141633E-05 -0.295165E-06  0.201736E-05
  0.175500E+03 -0.119777E-05 -0.414313E-06  0.177124E-05
  0.175800E+03 -0.958353E-06 -0.534972E-06  0.149754E-05
  0.176100E+03 -0.700230E-06 -0.656087E-06  0.119934E-05
  0.176400E+03 -0.425891E-06 -0.776817E-06  0.880084E-06
  0.176700E+03 -0.138096E-06 -0.896493E-06  0.543585E-06
  0.177000E+03  0.160205E-06 -0.101455E-05  0.193900E-06
  0.177300E+03  0.465917E-06 -0.113045E-05 -0.164722E-06
  0.177600E+03  0.775835E-06 -0.124356E-05 -0.527915E-06
  0.177900E+03  0.108670E-05 -0.135313E-05 -0.891263E-06
  0.178200E+03  0.139529E-05 -0.145829E-05 -0.125035E-05
  0.178500E+03  0.169845E-05 -0.155808E-05 -0.160082E-05
  0.178800E+03  0.199314E-05 -0.165151E-05 -0.193838E-05
  0.179100E+03  0.227639E-05 -0.173752E-05 -0.225887E-05
  0.179400E+03  0.254526E-05 -0.181503E-05 -0.255828E-05
  0.179700E+03  0.279689E-05 -0.188294E-05 -0.283287E-05
  0.180000E+03  0.302856E-05 -0.194001E-05 -0.307917E-05
  0.180300E+03  0.323785E-05 -0.198490E-05 -0.329407E-05
  0.180600E+03  0.342271E-05 -0.201613E-05 -0.347484E-05
  0.180900E+03  0.358151E-05 -0.203214E-05 -0.361915E-05
  0.181200E+03  0.371299E-05 -0.203135E-05 -0.372507E-05
  0.181500E+03  0.381611E-05 -0.201224E-05 -0.379113E-05
  0.181800E+03  0.388992E-05 -0.197335E-05 -0.381632E-05
  0.182100E+03  0.393348E-05 -0.191344E-05 -0.380013E-05
  0.182400E+03  0.394584E-05 -0.183156E-05 -0.374259E-05
  0.182700E+03  0.392597E-05 -0.172706E-05 -0.364428E-05
  0.183000E+03  0.387291E-05 -0.159972E-05 -0.350640E-05
  0.183300E+03  0.378587E-05 -0.144969E-05 -0.333070E-05
  0.183600E+03  0.366435E-05 -0.127748E-05 -0.311943E-05
  0.183900E+03  0.350833E-05 -0.108382E-05 -0.287532E-05
  0.184200E+03  0.331836E-05 -0.869653E-06 -0.260144E-05
  0.184500E+03  0.309565E-05 -0.636116E-06 -0.230113E-05
  0.184800E+03  0.284211E-05 -0.384572E-06 -0.197794E-05
  0.185100E+03  0.256025E-05 -0.116660E-06 -0.163550E-05
  0.185400E+03  0.225313E-05  0.165693E-06 -0.127749E-05
  0.185700E+03  0.192412E-05  0.460311E-06 -0.907570E-06
  0.186000E+03  0.157672E-05  0.764833E-06 -0.529389E-06
  0.186300E+03  0.121441E-05  0.107678E-05 -0.146568E-06
  0.186600E+03  0.840541E-06  0.139363E-05  0.237282E-06
  0.186900E+03  0.458293E-06  0.171282E-05  0.618568E-06
  0.187200E+03  0.707018E-07  0.203175E-05  0.993727E-06
  0.187500E+03 -0.319304E-06  0.234774E-05  0.135924E-05
  0.187800E+03 -0.708875E-06  0.265809E-05  0.171169E-05
  0.188100E+03 -0.109523E-05  0.296005E-05  0.204773E-05
  0.188400E+03 -0.147562E-05  0.325093E-05  0.236422E-05
  0.188700E+03 -0.184735E-05  0.352804E-05  0.265817E-05
  0.189000E+03 -0.220773E-05  0.378884E-05  0.292682E-05
  0.189300E+03 -0.255412E-05  0.403092E-05  0.316768E-05
  0.189600E+03 -0.288387E-05  0.425211E-05  0.337851E-05
  0.189900E+03 -0.319444E-05  0.445053E-05  0.355732E-05
  0.190200E+03 -0.348334E-05  0.462459E-05  0.370240E-05
  0.190500E+03 -0.374822E-05  0.477293E-05  0.381225E-05
  0.190800E+03 -0.398702E-05  0.489423E-05  0.388564E-05
  0.191100E+03 -0.419805E-05  0.498717E-05  0.392161E-05
  0.191400E+03 -0.438011E-05  0.505028E-05  0.391949E-05
  0.191700E+03 -0.453254E-05  0.508193E-05  0.387901E-05
  0.192000E+03 -0.465507E-05  0.508037E-05  0.380030E-05
  0.192300E+03 -0.474780E-05  0.504373E-05  0.368396E-05
  0.192600E+03 -0.481101E-05  0.497019E-05  0.353109E-05
  0.192900E+03 -0.484507E-05  0.485817E-05  0.334331E-05
  0.193200E+03 -0.485032E-05  0.470654E-05  0.312275E-05
  0.193500E+03 -0.482704E-05  0.451493E-05  0.287202E-05
  0.193800E+03 -0.477545E-05  0.428392E-05  0.259414E-05
  0.194100E+03 -0.469583E-05  0.401512E-05  0.229246E-05
  0.194400E+03 -0.458866E-05  0.371112E-05  0.197054E-05
  0.194700E+03 -0.445469E-05  0.337522E-05  0.163205E-05
  0.195000E+03 -0.429502E-05  0.301113E-05  0.128067E-05
  0.195300E+03 -0.411107E-05  0.262269E-05  0.920075E-06
  0.195600E+03 -0.390455E-05  0.221362E-05  0.553860E-06
  0.195900E+03 -0.367731E-05  0.178737E-05  0.185588E-06
  0.196200E+03 -0.343122E-05  0.134704E-05 -0.181228E-06
  0.196500E+03 -0.316815E-05  0.895400E-06 -0.543112E-06
  0.196800E+03 -0.288995E-05  0.434944E-06 -0.896636E-06
  0.197100E+03 -0.259850E-05 -0.319406E-07 -0.123845E-05
  0.197400E+03 -0.229575E-05 -0.502838E-06 -0.156531E-05
  0.197700E+03 -0.198375E-05 -0.975161E-06 -0.187413E-05
  0.198000E+03 -0.166462E-05 -0.144603E-05 -0.216203E-05
  0.198300E+03 -0.134061E-05 -0.191222E-05 -0.242636E-05
  0.198600E+03 -0.101401E-05 -0.237005E-05 -0.266474E-05
  0.198900E+03 -0.687126E-06 -0.281546E-05 -0.287505E-05
  0.199200E+03 -0.362198E-06 -0.324400E-05 -0.305550E-05
  0.199500E+03 -0.413339E-07 -0.365106E-05 -0.320458E-05
  0.199800E+03  0.273429E-06 -0.403202E-05 -0.332106E-05
  0.200100E+03  0.579998E-06 -0.438245E-05 -0.340406E-05
  0.200400E+03  0.876063E-06 -0.469831E-05 -0.345299E-05
  0.200700E+03  0.115900E-05 -0.497607E-05 -0.346763E-05
  0.201000E+03  0.142587E-05 -0.521278E-05 -0.344809E-05
  0.201300E+03  0.167361E-05 -0.540616E-05 -0.339484E-05
  0.201600E+03  0.189922E-05 -0.555460E-05 -0.330874E-05
  0.201900E+03  0.210005E-05 -0.565707E-05 -0.319100E-05
  0.202200E+03  0.227399E-05 -0.571304E-05 -0.304323E-05
  0.202500E+03  0.241965E-05 -0.572233E-05 -0.286737E-05
  0.202800E+03  0.253639E-05 -0.568512E-05 -0.266568E-05
  0.203100E+03  0.262434E-05 -0.560191E-05 -0.244065E-05
  0.203400E+03  0.268431E-05 -0.547355E-05 -0.219491E-05
  0.203700E+03  0.271763E-05 -0.530131E-05 -0.193125E-05
  0.204000E+03  0.272596E-05 -0.508686E-05 -0.165253E-05
  0.204300E+03  0.271112E-05 -0.483234E-05 -0.136164E-05
  0.204600E+03  0.267497E-05 -0.454032E-05 -0.106155E-05
  0.204900E+03  0.261929E-05 -0.421383E-05 -0.755239E-06
  0.205200E+03  0.254574E-05 -0.385632E-05 -0.445747E-06
  0.205500E+03  0.245583E-05 -0.347164E-05 -0.136180E-06
  0.205800E+03  0.235089E-05 -0.306396E-05  0.170280E-06
  0.206100E+03  0.223225E-05 -0.263776E-05  0.470383E-06
  0.206400E+03  0.210133E-05 -0.219764E-05  0.760847E-06
  0.206700E+03  0.195980E-05 -0.174830E-05  0.103842E-05
  0.207000E+03  0.180971E-05 -0.129432E-05  0.129998E-05
  0.207300E+03  0.165346E-05 -0.840098E-06  0.154259E-05
  0.207600E+03  0.149385E-05 -0.389674E-06  0.176364E-05
  0.207900E+03  0.133389E-05  0.532997E-07  0.196087E-05
  0.208200E+03  0.117668E-05  0.485590E-06  0.213250E-05
  0.208500E+03  0.102523E-05  0.904313E-06  0.227720E-05
  0.208800E+03  0.882271E-06  0.130683E-05  0.239413E-05
  0.209100E+03  0.750127E-06  0.169064E-05  0.248289E-05
  0.209400E+03  0.630640E-06  0.205325E-05  0.254345E-05
  0.209700E+03  0.525167E-06  0.239214E-05  0.257610E-05
  0.210000E+03  0.434658E-06  0.270470E-05  0.258141E-05
  0.210300E+03  0.359775E-06  0.298833E-05  0.256015E-05
  0.210600E+03  0.301011E-06  0.324051E-05  0.251328E-05
  0.210900E+03  0.258800E-06  0.345889E-05  0.244200E-05
  0.211200E+03  0.233554E-06  0.364143E-05  0.234766E-05
  0.211500E+03  0.225661E-06  0.378644E-05  0.223184E-05
  0.211800E+03  0.235457E-06  0.389263E-05  0.209630E-05
  0.212100E+03  0.263215E-06  0.395918E-05  0.194298E-05
  0.212400E+03  0.309123E-06  0.398561E-05  0.177399E-05
  0.212700E+03  0.373240E-06  0.397180E-05  0.159158E-05
  0.213000E+03  0.455407E-06  0.391792E-05  0.139816E-05
  0.213300E+03  0.555172E-06  0.382442E-05  0.119618E-05
  0.213600E+03  0.671738E-06  0.369202E-05  0.988197E-06
  0.213900E+03  0.803947E-06  0.352179E-05  0.776775E-06
  0.214200E+03  0.950268E-06  0.331521E-05  0.564466E-06
  0.214500E+03  0.110881E-05  0.307422E-05  0.353762E-06
  0.214800E+03  0.127734E-05  0.280130E-05  0.147039E-06
  0.215100E+03  0.145330E-05  0.249944E-05 -0.534954E-07
  0.215400E+03  0.163397E-05  0.217213E-05 -0.245833E-06
  0.215700E+03  0.181656E-05  0.182317E-05 -0.428193E-06
  0.216000E+03  0.199839E-05  0.145657E-05 -0.599028E-06
  0.216300E+03  0.217702E-05  0.107627E-05 -0.757018E-06
  0.216600E+03  0.235027E-05  0.686098E-06 -0.901047E-06
  0.216900E+03  0.251616E-05  0.289692E-06 -0.103019E-05
  0.217200E+03  0.267280E-05 -0.109493E-06 -0.114368E-05
  0.217500E+03  0.281827E-05 -0.508145E-06 -0.124091E-05
  0.217800E+03  0.295048E-05 -0.903046E-06 -0.132144E-05
  0.218100E+03  0.306715E-05 -0.129102E-05 -0.138499E-05
  0.218400E+03  0.316577E-05 -0.166886E-05 -0.143146E-05
  0.218700E+03  0.324374E-05 -0.203329E-05 -0.146093E-05
  0.219000E+03  0.329847E-05 -0.238096E-05 -0.147364E-05
  0.219300E+03  0.332754E-05 -0.270850E-05 -0.147002E-05
  0.219600E+03  0.332883E-05 -0.301260E-05 -0.145059E-05
  0.219900E+03  0.330058E-05 -0.329011E-05 -0.141597E-05
  0.220200E+03  0.324149E-05 -0.353810E-05 -0.136680E-05
  0.220500E+03  0.315069E-05 -0.375392E-05 -0.130381E-05
  0.220800E+03  0.302769E-05 -0.393519E-05 -0.122778E-05
  0.221100E+03  0.287232E-05 -0.407984E-05 -0.113959E-05
  0.221400E+03  0.268470E-05 -0.418612E-05 -0.104028E-05
  0.221700E+03  0.246516E-05 -0.425268E-05 -0.931030E-06
  0.222000E+03  0.221429E-05 -0.427867E-05 -0.813173E-06
  0.222300E+03  0.193299E-05 -0.426375E-05 -0.688160E-06
  0.222600E+03  0.162252E-05 -0.420812E-05 -0.557545E-06
  0.222900E+03  0.128450E-05 -0.411256E-05 -0.422943E-06
  0.223200E+03  0.921026E-06 -0.397838E-05 -0.285999E-06
  0.223500E+03  0.534587E-06 -0.380740E-05 -0.148366E-06
  0.223800E+03  0.128086E-06 -0.360187E-05 -0.116895E-07
  0.224100E+03 -0.295224E-06 -0.336429E-05  0.122387E-06
  0.224400E+03 -0.731774E-06 -0.309728E-05  0.252210E-06
  0.224700E+03 -0.117771E-05 -0.280345E-05  0.376103E-06
  0.225000E+03 -0.162896E-05 -0.248526E-05  0.492365E-06
  0.225300E+03 -0.208122E-05 -0.214515E-05  0.599292E-06
  0.225600E+03 -0.253001E-05 -0.178550E-05  0.695215E-06
  0.225900E+03 -0.297072E-05 -0.140883E-05  0.778561E-06
  0.226200E+03 -0.339869E-05 -0.101778E-05  0.847905E-06
  0.226500E+03 -0.380933E-05 -0.615175E-06  0.902019E-06
  0.226800E+03 -0.419826E-05 -0.203970E-06  0.939902E-06
  0.227100E+03 -0.456135E-05  0.212762E-06  0.960811E-06
  0.227400E+03 -0.489481E-05  0.631885E-06  0.964282E-06
  0.227700E+03 -0.519518E-05  0.105024E-05  0.950158E-06
  0.228000E+03 -0.545941E-05  0.146463E-05  0.918600E-06
  0.228300E+03 -0.568481E-05  0.187185E-05  0.870103E-06
  0.228600E+03 -0.586908E-05  0.226865E-05  0.805482E-06
  0.228900E+03 -0.601039E-05  0.265176E-05  0.725848E-06
  0.229200E+03 -0.610741E-05  0.301792E-05  0.632585E-06
  0.229500E+03 -0.615934E-05  0.336395E-05  0.527310E-06
  0.229800E+03 -0.616587E-05  0.368674E-05  0.411851E-06
  0.230100E+03 -0.612719E-05  0.398337E-05  0.288198E-06
  0.230400E+03 -0.604397E-05  0.425124E-05  0.158475E-06
  0.230700E+03 -0.591741E-05  0.448811E-05  0.248887E-07
  0.231000E+03 -0.574918E-05  0.469221E-05 -0.110308E-06
  0.231300E+03 -0.554138E-05  0.486225E-05 -0.244849E-06
  0.231600E+03 -0.529653E-05  0.499740E-05 -0.376488E-06
  0.231900E+03 -0.501746E-05  0.509724E-05 -0.503037E-06
  0.232200E+03 -0.470727E-05  0.516169E-05 -0.622402E-06
  0.232500E+03 -0.436928E-05  0.519095E-05 -0.732641E-06
  0.232800E+03 -0.400700E-05  0.518545E-05 -0.832001E-06
  0.233100E+03 -0.362402E-05  0.514579E-05 -0.918965E-06
  0.233400E+03 -0.322398E-05  0.507272E-05 -0.992279E-06
  0.233700E+03 -0.281053E-05  0.496706E-05 -0.105096E-05
  0.234000E+03 -0.238728E-05  0.482971E-05 -0.109431E-05
  0.234300E+03 -0.195780E-05  0.466174E-05 -0.112188E-05
  0.234600E+03 -0.152566E-05  0.446434E-05 -0.113349E-05
  0.234900E+03 -0.109439E-05  0.423895E-05 -0.112918E-05
  0.235200E+03 -0.667455E-06  0.398727E-05 -0.110919E-05
  0.235500E+03 -0.248219E-06  0.371120E-05 -0.107393E-05
  0.235800E+03  0.160135E-06  0.341287E-05 -0.102398E-05
  0.236100E+03  0.554621E-06  0.309465E-05 -0.959997E-06
  0.236400E+03  0.932475E-06  0.275909E-05 -0.882773E-06
  0.236700E+03  0.129118E-05  0.240897E-05 -0.793177E-06
  0.237000E+03  0.162848E-05  0.204720E-05 -0.692177E-06
  0.237300E+03  0.194238E-05  0.167679E-05 -0.580840E-06
  0.237600E+03  0.223117E-05  0.130080E-05 -0.460329E-06
  0.237900E+03  0.249342E-05  0.922242E-06 -0.331917E-06
  0.238200E+03  0.272803E-05  0.544122E-06 -0.196978E-06
  0.238500E+03  0.293421E-05  0.169340E-06 -0.569880E-07
  0.238800E+03  0.311153E-05 -0.199344E-06  0.864831E-07
  0.239100E+03  0.325993E-05 -0.559373E-06  0.231793E-06
  0.239400E+03  0.337963E-05 -0.908450E-06  0.377246E-06
  0.239700E+03  0.347111E-05 -0.124457E-05  0.521121E-06
  0.240000E+03  0.353506E-05 -0.156600E-05  0.661697E-06
  0.240300E+03  0.357232E-05 -0.187130E-05  0.797275E-06
  0.240600E+03  0.358385E-05 -0.215921E-05  0.926198E-06
  0.240900E+03  0.357078E-05 -0.242862E-05  0.104687E-05
  0.241200E+03  0.353435E-05 -0.267852E-05  0.115776E-05
  0.241500E+03  0.347591E-05 -0.290801E-05  0.125746E-05
  0.241800E+03  0.339689E-05 -0.311628E-05  0.134465E-05
  0.242100E+03  0.329881E-05 -0.330266E-05  0.141820E-05
  0.242400E+03  0.318326E-05 -0.346671E-05  0.147714E-05
  0.242700E+03  0.305197E-05 -0.360821E-05  0.152071E-05
  0.243000E+03  0.290680E-05 -0.372723E-05  0.154843E-05
  0.243300E+03  0.274972E-05 -0.382411E-05  0.156000E-05
  0.243600E+03  0.258285E-05 -0.389936E-05  0.155539E-05
  0.243900E+03  0.240830E-05 -0.395361E-05  0.153476E-05
  0.244200E+03  0.222817E-05 -0.398752E-05  0.149842E-05
  0.244500E+03  0.204446E-05 -0.400171E-05  0.144684E-05
  0.244800E+03  0.185906E-05 -0.399673E-05  0.138057E-05
  0.245100E+03  0.167369E-05 -0.397312E-05  0.130026E-05
  0.245400E+03  0.148995E-05 -0.393145E-05  0.120666E-05
  0.245700E+03  0.130935E-05 -0.387242E-05  0.110058E-05
  0.246000E+03  0.113337E-05 -0.379692E-05  0.982949E-06
  0.246300E+03  0.963445E-06 -0.370607E-05  0.854810E-06
  0.246600E+03  0.801085E-06 -0.360123E-05  0.717354E-06
  0.246900E+03  0.647787E-06 -0.348396E-05  0.571917E-06
  0.247200E+03  0.504997E-06 -0.335595E-05  0.419963E-06
  0.247500E+03  0.374024E-06 -0.321890E-05  0.263064E-06
  0.247800E+03  0.255975E-06 -0.307444E-05  0.102857E-06
  0.248100E+03  0.151735E-06 -0.292401E-05 -0.589740E-07
  0.248400E+03  0.620018E-07 -0.276888E-05 -0.220721E-06
  0.248700E+03 -0.126659E-07 -0.261008E-05 -0.380660E-06
  0.249000E+03 -0.717989E-07 -0.244845E-05 -0.537061E-06
  0.249300E+03 -0.114997E-06 -0.228470E-05 -0.688201E-06
  0.249600E+03 -0.141933E-06 -0.211942E-05 -0.832386E-06
  0.249900E+03 -0.152387E-06 -0.195317E-05 -0.967983E-06
  0.250200E+03 -0.146284E-06 -0.178646E-05 -0.109348E-05
  0.250500E+03 -0.123729E-06 -0.161981E-05 -0.120752E-05
  0.250800E+03 -0.850314E-07 -0.145377E-05 -0.130899E-05
  0.251100E+03 -0.307107E-07 -0.128888E-05 -0.139702E-05
  0.251400E+03  0.385072E-07 -0.112568E-05 -0.147103E-05
  0.251700E+03  0.121683E-06 -0.964677E-06 -0.153068E-05
  0.252000E+03  0.217654E-06 -0.806285E-06 -0.157582E-05
  0.252300E+03  0.325014E-06 -0.650830E-06 -0.160647E-05
  0.252600E+03  0.442096E-06 -0.498495E-06 -0.162271E-05
  0.252900E+03  0.566973E-06 -0.349278E-06 -0.162465E-05
  0.253200E+03  0.697459E-06 -0.202946E-06 -0.161244E-05
  0.253500E+03  0.831153E-06 -0.590196E-07 -0.158622E-05
  0.253800E+03  0.965495E-06  0.832069E-07 -0.154618E-05
  0.254100E+03  0.109785E-05  0.224614E-06 -0.149256E-05
  0.254400E+03  0.122557E-05  0.366175E-06 -0.142575E-05
  0.254700E+03  0.134606E-05  0.508864E-06 -0.134629E-05
  0.255000E+03  0.145684E-05  0.653569E-06 -0.125494E-05
  0.255300E+03  0.155549E-05  0.801006E-06 -0.115265E-05
  0.255600E+03  0.163970E-05  0.951654E-06 -0.104062E-05
  0.255900E+03  0.170723E-05  0.110569E-05 -0.920161E-06
  0.256200E+03  0.175594E-05  0.126299E-05 -0.792752E-06
  0.256500E+03  0.178383E-05  0.142311E-05 -0.659913E-06
  0.256800E+03  0.178904E-05  0.158532E-05 -0.523180E-06
  0.257100E+03  0.177004E-05  0.174870E-05 -0.384065E-06
  0.257400E+03  0.172564E-05  0.191216E-05 -0.244023E-06
  0.257700E+03  0.165519E-05  0.207452E-05 -0.104428E-06
  0.258000E+03  0.155856E-05  0.223463E-05  0.334372E-07
  0.258300E+03  0.143616E-05  0.239140E-05  0.168393E-06
  0.258600E+03  0.128893E-05  0.254389E-05  0.299353E-06
  0.258900E+03  0.111820E-05  0.269131E-05  0.425313E-06
  0.259200E+03  0.925597E-06  0.283305E-05  0.545342E-06
  0.259500E+03  0.713007E-06  0.296864E-05  0.658565E-06
  0.259800E+03  0.482480E-06  0.309761E-05  0.764161E-06
  0.260100E+03  0.236216E-06  0.321946E-05  0.861355E-06
  0.260400E+03 -0.234483E-07  0.333350E-05  0.949416E-06
  0.260700E+03 -0.294049E-06  0.343878E-05  0.102767E-05
  0.261000E+03 -0.572982E-06  0.353408E-05  0.109549E-05
  0.261300E+03 -0.857506E-06  0.361788E-05  0.115238E-05
  0.261600E+03 -0.114477E-05  0.368844E-05  0.119792E-05
  0.261900E+03 -0.143185E-05  0.374390E-05  0.123184E-05
  0.262200E+03 -0.171581E-05  0.378237E-05  0.125401E-05
  0.262500E+03 -0.199374E-05  0.380206E-05  0.126446E-05
  0.262800E+03 -0.226282E-05  0.380135E-05  0.126335E-05
  0.263100E+03 -0.252036E-05  0.377894E-05  0.125096E-05
  0.263400E+03 -0.276386E-05  0.373385E-05  0.122763E-05
  0.263700E+03 -0.299104E-05  0.366546E-05  0.119379E-05
  0.264000E+03 -0.319988E-05  0.357350E-05  0.114987E-05
  0.264300E+03 -0.338867E-05  0.345799E-05  0.109635E-05
  0.264600E+03 -0.355599E-05  0.331923E-05  0.103376E-05
  0.264900E+03 -0.370070E-05  0.315781E-05  0.962669E-06
  0.265200E+03 -0.382187E-05  0.297457E-05  0.883752E-06
  0.265500E+03 -0.391881E-05  0.277068E-05  0.797787E-06
  0.265800E+03 -0.399099E-05  0.254759E-05  0.705683E-06
  0.266100E+03 -0.403804E-05  0.230705E-05  0.608500E-06
  0.266400E+03 -0.405976E-05  0.205108E-05  0.507442E-06
  0.266700E+03 -0.405615E-05  0.178192E-05  0.403848E-06
  0.267000E+03 -0.402743E-05  0.150191E-05  0.299157E-06
  0.267300E+03 -0.397406E-05  0.121342E-05  0.194880E-06
  0.267600E+03 -0.389672E-05  0.918759E-06  0.925432E-07
  0.267900E+03 -0.379632E-05  0.620010E-06 -0.635728E-08
  0.268200E+03 -0.367395E-05  0.319049E-06 -0.100416E-06
  0.268500E+03 -0.353093E-05  0.175225E-07 -0.188370E-06
  0.268800E+03 -0.336873E-05 -0.283093E-06 -0.269146E-06
  0.269100E+03 -0.318893E-05 -0.581424E-06 -0.341890E-06
  0.269400E+03 -0.299315E-05 -0.876122E-06 -0.405979E-06
  0.269700E+03 -0.278301E-05 -0.116579E-05 -0.461028E-06
  0.270000E+03 -0.256009E-05 -0.144890E-05 -0.506878E-06
  0.270300E+03 -0.232600E-05 -0.172376E-05 -0.543590E-06
  0.270600E+03 -0.208242E-05 -0.198849E-05 -0.571428E-06
  0.270900E+03 -0.183121E-05 -0.224102E-05 -0.590847E-06
  0.271200E+03 -0.157445E-05 -0.247918E-05 -0.602466E-06
  0.271500E+03 -0.131449E-05 -0.270069E-05 -0.607043E-06
  0.271800E+03 -0.105392E-05 -0.290334E-05 -0.605434E-06
  0.272100E+03 -0.795520E-06 -0.308505E-05 -0.598544E-06
  0.272400E+03 -0.542042E-06 -0.324399E-05 -0.587275E-06
  0.272700E+03 -0.296113E-06 -0.337861E-05 -0.572469E-06
  0.273000E+03 -0.600729E-07 -0.348770E-05 -0.554865E-06
  0.273300E+03  0.164095E-06 -0.357034E-05 -0.535059E-06
  0.273600E+03  0.374784E-06 -0.362590E-05 -0.513487E-06
  0.273900E+03  0.570730E-06 -0.365400E-05 -0.490417E-06
  0.274200E+03  0.750937E-06 -0.365444E-05 -0.465962E-06
  0.274500E+03  0.914575E-06 -0.362730E-05 -0.440104E-06
  0.274800E+03  0.106087E-05 -0.357281E-05 -0.412742E-06
  0.275100E+03  0.118903E-05 -0.349145E-05 -0.383741E-06
  0.275400E+03  0.129821E-05 -0.338383E-05 -0.352993E-06
  0.275700E+03  0.138749E-05 -0.325070E-05 -0.320462E-06
  0.276000E+03  0.145603E-05 -0.309291E-05 -0.286229E-06
  0.276300E+03  0.150306E-05 -0.291141E-05 -0.250512E-06
  0.276600E+03  0.152808E-05 -0.270725E-05 -0.213670E-06
  0.276900E+03  0.153088E-05 -0.248168E-05 -0.176180E-06
  0.277200E+03  0.151169E-05 -0.223615E-05 -0.138602E-06
  0.277500E+03  0.147114E-05 -0.197246E-05 -0.101527E-06
  0.277800E+03  0.141026E-05 -0.169272E-05 -0.655226E-07
  0.278100E+03  0.133045E-05 -0.139935E-05 -0.310975E-07
  0.278400E+03  0.123337E-05 -0.109506E-05  0.132686E-08
  0.278700E+03  0.112087E-05 -0.782717E-06  0.314246E-07
  0.279000E+03  0.994941E-06 -0.465318E-06  0.589621E-07
  0.279300E+03  0.857709E-06 -0.145889E-06  0.837830E-07
  0.279600E+03  0.711415E-06  0.172548E-06  0.105787E-06
  0.279900E+03  0.558424E-06  0.487001E-06  0.124906E-06
  0.280200E+03  0.401230E-06  0.794519E-06  0.141078E-06
  0.280500E+03  0.242445E-06  0.109221E-05  0.154233E-06
  0.280800E+03  0.847807E-07  0.137725E-05  0.164276E-06
  0.281100E+03 -0.689795E-07  0.164693E-05  0.171093E-06
  0.281400E+03 -0.216023E-06  0.189864E-05  0.174556E-06
  0.281700E+03 -0.353561E-06  0.212993E-05  0.174534E-06
  0.282000E+03 -0.478894E-06  0.233850E-05  0.170910E-06
  0.282300E+03 -0.589472E-06  0.252230E-05  0.163601E-06
  0.282600E+03 -0.682954E-06  0.267953E-05  0.152594E-06
  0.282900E+03 -0.757243E-06  0.280861E-05  0.137973E-06
  0.283200E+03 -0.810501E-06  0.290829E-05  0.119946E-06
  0.283500E+03 -0.841157E-06  0.297757E-05  0.988619E-07
  0.283800E+03 -0.847888E-06  0.301579E-05  0.752147E-07
  0.284100E+03 -0.829620E-06  0.302262E-05  0.496309E-07
  0.284400E+03 -0.785543E-06  0.299815E-05  0.228463E-07
  0.284700E+03 -0.715127E-06  0.294286E-05 -0.433310E-08
  0.285000E+03 -0.618150E-06  0.285766E-05 -0.310785E-07
  0.285300E+03 -0.494706E-06  0.274381E-05 -0.565911E-07
  0.285600E+03 -0.345202E-06  0.260292E-05 -0.801511E-07
  0.285900E+03 -0.170328E-06  0.243683E-05 -0.101154E-06
  0.286200E+03  0.289826E-07  0.224751E-05 -0.119128E-06
  0.286500E+03  0.251604E-06  0.203704E-05 -0.133744E-06
  0.286800E+03  0.496239E-06  0.180752E-05 -0.144794E-06
  0.287100E+03  0.761424E-06  0.156110E-05 -0.152180E-06
  0.287400E+03  0.104551E-05  0.129993E-05 -0.155875E-06
  0.287700E+03  0.134665E-05  0.102622E-05 -0.155903E-06
  0.288000E+03  0.166273E-05  0.742195E-06 -0.152300E-06
  0.288300E+03  0.199137E-05  0.450108E-06 -0.145101E-06
  0.288600E+03  0.232986E-05  0.152264E-06 -0.134323E-06
  0.288900E+03  0.267514E-05 -0.148986E-06 -0.119967E-06
  0.289200E+03  0.302380E-05 -0.451250E-06 -0.102027E-06
  0.289500E+03  0.337211E-05 -0.752109E-06 -0.805164E-07
  0.289800E+03  0.371613E-05 -0.104914E-05 -0.555029E-07
  0.290100E+03  0.405178E-05 -0.133996E-05 -0.271427E-07
  0.290400E+03  0.437495E-05 -0.162222E-05  0.428111E-08
  0.290700E+03  0.468159E-05 -0.189364E-05  0.383301E-07
  0.291000E+03  0.496773E-05 -0.215202E-05  0.743967E-07
  0.291300E+03  0.522956E-05 -0.239517E-05  0.111713E-06
  0.291600E+03  0.546339E-05 -0.262095E-05  0.149385E-06
  0.291900E+03  0.566571E-05 -0.282727E-05  0.186441E-06
  0.292200E+03  0.583325E-05 -0.301212E-05  0.221905E-06
  0.292500E+03  0.596296E-05 -0.317364E-05  0.254863E-06
  0.292800E+03  0.605213E-05 -0.331017E-05  0.284538E-06
  0.293100E+03  0.609838E-05 -0.342029E-05  0.310339E-06
  0.293400E+03  0.609969E-05 -0.350285E-05  0.331899E-06
  0.293700E+03  0.605443E-05 -0.355696E-05  0.349075E-06
  0.294000E+03  0.596134E-05 -0.358198E-05  0.361935E-06
  0.294300E+03  0.581962E-05 -0.357748E-05  0.370715E-06
  0.294600E+03  0.562892E-05 -0.354327E-05  0.375763E-06
  0.294900E+03  0.538937E-05 -0.347930E-05  0.377479E-06
  0.295200E+03  0.510165E-05 -0.338579E-05  0.376252E-06
  0.295500E+03  0.476701E-05 -0.326316E-05  0.372414E-06
  0.295800E+03  0.438722E-05 -0.311213E-05  0.366207E-06
  0.296100E+03  0.396461E-05 -0.293377E-05  0.357761E-06
  0.296400E+03  0.350194E-05 -0.272953E-05  0.347097E-06
  0.296700E+03  0.300241E-05 -0.250127E-05  0.334123E-06
  0.297000E+03  0.246953E-05 -0.225121E-05  0.318660E-06
  0.297300E+03  0.190709E-05 -0.198190E-05  0.300462E-06
  0.297600E+03  0.131913E-05 -0.169607E-05  0.279245E-06
  0.297900E+03  0.709930E-06 -0.139658E-05  0.254724E-06
  0.298200E+03  0.839919E-07 -0.108632E-05  0.226654E-06
  0.298500E+03 -0.553929E-06 -0.768114E-06  0.194866E-06
  0.298800E+03 -0.119886E-05 -0.444759E-06  0.159310E-06
  0.299100E+03 -0.184565E-05 -0.118983E-06  0.120086E-06
  0.299400E+03 -0.248903E-05  0.206506E-06  0.774741E-07
  0.299700E+03 -0.312371E-05  0.528990E-06  0.319501E-07
  0.300000E+03 -0.374445E-05  0.845722E-06 -0.158172E-07
  0.300300E+03 -0.434612E-05  0.115393E-05 -0.649857E-07
  0.300600E+03 -0.492378E-05  0.145082E-05 -0.114578E-06
  0.300900E+03 -0.547269E-05  0.173361E-05 -0.163536E-06
  0.301200E+03 -0.598829E-05  0.199960E-05 -0.210785E-06
  0.301500E+03 -0.646632E-05  0.224624E-05 -0.255310E-06
  0.301800E+03 -0.690276E-05  0.247120E-05 -0.296223E-06
  0.302100E+03 -0.729391E-05  0.267247E-05 -0.332817E-06
  0.302400E+03 -0.763640E-05  0.284841E-05 -0.364605E-06
  0.302700E+03 -0.792722E-05  0.299775E-05 -0.391324E-06
  0.303000E+03 -0.816373E-05  0.311966E-05 -0.412910E-06
  0.303300E+03 -0.834371E-05  0.321367E-05 -0.429459E-06
  0.303600E+03 -0.846533E-05  0.327965E-05 -0.441174E-06
  0.303900E+03 -0.852727E-05  0.331777E-05 -0.448313E-06
  0.304200E+03 -0.852865E-05  0.332844E-05 -0.451135E-06
  0.304500E+03 -0.846915E-05  0.331228E-05 -0.449870E-06
  0.304800E+03 -0.834901E-05  0.327005E-05 -0.444699E-06
  0.305100E+03 -0.816904E-05  0.320258E-05 -0.435750E-06
  0.305400E+03 -0.793067E-05  0.311077E-05 -0.423115E-06
  0.305700E+03 -0.763598E-05  0.299551E-05 -0.406863E-06
  0.306000E+03 -0.728767E-05  0.285773E-05 -0.387058E-06
  0.306300E+03 -0.688909E-05  0.269835E-05 -0.363773E-06
  0.306600E+03 -0.644410E-05  0.251836E-05 -0.337095E-06
  0.306900E+03 -0.595706E-05  0.231888E-05 -0.307130E-06
