  0.00000E+00  0.10704E-12  0.45409E-13  0.16103E-11
  0.30000E+00  0.80729E-12  0.35504E-12  0.12511E-10
  0.60000E+00  0.30924E-11  0.14216E-11  0.49833E-10
  0.90000E+00  0.82361E-11  0.39910E-11  0.13928E-09
  0.12000E+01  0.17443E-10  0.89827E-11  0.31233E-09
  0.15000E+01  0.31548E-10  0.17399E-10  0.60350E-09
  0.18000E+01  0.50754E-10  0.30224E-10  0.10478E-08
  0.21000E+01  0.74409E-10  0.48343E-10  0.16782E-08
  0.24000E+01  0.10090E-09  0.72485E-10  0.25240E-08
  0.27000E+01  0.12752E-09  0.10319E-09  0.36079E-08
  0.30000E+01  0.15043E-09  0.14079E-09  0.49454E-08
  0.33000E+01  0.16474E-09  0.18537E-09  0.65431E-08
  0.36000E+01  0.16449E-09  0.23677E-09  0.83975E-08
  0.39000E+01  0.14269E-09  0.29456E-09  0.10495E-07
  0.42000E+01  0.91790E-10  0.35809E-09  0.12810E-07
  0.45000E+01  0.35101E-11  0.42627E-09  0.15307E-07
  0.48000E+01 -0.13087E-09  0.49791E-09  0.17940E-07
  0.51000E+01 -0.32011E-09  0.57171E-09  0.20652E-07
  0.54000E+01 -0.57324E-09  0.64584E-09  0.23379E-07
  0.57000E+01 -0.89820E-09  0.71838E-09  0.26048E-07
  0.60000E+01 -0.13021E-08  0.78746E-09  0.28578E-07
  0.63000E+01 -0.17929E-08  0.85084E-09  0.30886E-07
  0.66000E+01 -0.23762E-08  0.90627E-09  0.32885E-07
  0.69000E+01 -0.30547E-08  0.95150E-09  0.34485E-07
  0.72000E+01 -0.38333E-08  0.98490E-09  0.35599E-07
  0.75000E+01 -0.47105E-08  0.10036E-08  0.36142E-07
  0.78000E+01 -0.56862E-08  0.10049E-08  0.36032E-07
  0.81000E+01 -0.67578E-08  0.98860E-09  0.35195E-07
  0.84000E+01 -0.79180E-08  0.95260E-09  0.33566E-07
  0.87000E+01 -0.91600E-08  0.89540E-09  0.31089E-07
  0.90000E+01 -0.10473E-07  0.81490E-09  0.27720E-07
  0.93000E+01 -0.11844E-07  0.71180E-09  0.23428E-07
  0.96000E+01 -0.13260E-07  0.58400E-09  0.18194E-07
  0.99000E+01 -0.14702E-07  0.43370E-09  0.12020E-07
  0.10200E+02 -0.16154E-07  0.25880E-09  0.49193E-08
  0.10500E+02 -0.17593E-07  0.61601E-10 -0.30783E-08
  0.10800E+02 -0.18998E-07 -0.15680E-09 -0.11924E-07
  0.11100E+02 -0.20347E-07 -0.39500E-09 -0.21555E-07
  0.11400E+02 -0.21614E-07 -0.65190E-09 -0.31889E-07
  0.11700E+02 -0.22775E-07 -0.92390E-09 -0.42831E-07
  0.12000E+02 -0.23804E-07 -0.12093E-08 -0.54272E-07
  0.12300E+02 -0.24677E-07 -0.15046E-08 -0.66088E-07
  0.12600E+02 -0.25370E-07 -0.18067E-08 -0.78131E-07
  0.12900E+02 -0.25860E-07 -0.21114E-08 -0.90272E-07
  0.13200E+02 -0.26122E-07 -0.24154E-08 -0.10235E-06
  0.13500E+02 -0.26137E-07 -0.27146E-08 -0.11419E-06
  0.13800E+02 -0.25886E-07 -0.30050E-08 -0.12565E-06
  0.14100E+02 -0.25352E-07 -0.32828E-08 -0.13653E-06
  0.14400E+02 -0.24522E-07 -0.35432E-08 -0.14668E-06
  0.14700E+02 -0.23383E-07 -0.37821E-08 -0.15591E-06
  0.15000E+02 -0.21929E-07 -0.39963E-08 -0.16410E-06
  0.15300E+02 -0.20155E-07 -0.41816E-08 -0.17105E-06
  0.15600E+02 -0.18060E-07 -0.43336E-08 -0.17662E-06
  0.15900E+02 -0.15646E-07 -0.44499E-08 -0.18069E-06
  0.16200E+02 -0.12921E-07 -0.45273E-08 -0.18312E-06
  0.16500E+02 -0.98940E-08 -0.45628E-08 -0.18381E-06
  0.16800E+02 -0.65820E-08 -0.45549E-08 -0.18268E-06
  0.17100E+02 -0.29940E-08 -0.45003E-08 -0.17963E-06
  0.17400E+02  0.83800E-09 -0.43987E-08 -0.17462E-06
  0.17700E+02  0.48870E-08 -0.42490E-08 -0.16763E-06
  0.18000E+02  0.91350E-08 -0.40506E-08 -0.15864E-06
  0.18300E+02  0.13545E-07 -0.38044E-08 -0.14766E-06
  0.18600E+02  0.18086E-07 -0.35106E-08 -0.13472E-06
  0.18900E+02  0.22714E-07 -0.31708E-08 -0.11989E-06
  0.19200E+02  0.27387E-07 -0.27865E-08 -0.10325E-06
  0.19500E+02  0.32078E-07 -0.23611E-08 -0.84900E-07
  0.19800E+02  0.36730E-07 -0.18959E-08 -0.64960E-07
  0.20100E+02  0.41300E-07 -0.13943E-08 -0.43580E-07
  0.20400E+02  0.45760E-07 -0.86150E-09 -0.20920E-07
  0.20700E+02  0.50058E-07 -0.29900E-09  0.28490E-08
  0.21000E+02  0.54140E-07  0.28300E-09  0.27509E-07
  0.21300E+02  0.57966E-07  0.88100E-09  0.52872E-07
  0.21600E+02  0.61509E-07  0.14940E-08  0.78707E-07
  0.21900E+02  0.64721E-07  0.21180E-08  0.10478E-06
  0.22200E+02  0.67561E-07  0.27420E-08  0.13086E-06
  0.22500E+02  0.69996E-07  0.33630E-08  0.15671E-06
  0.22800E+02  0.72004E-07  0.39800E-08  0.18208E-06
  0.23100E+02  0.73542E-07  0.45740E-08  0.20673E-06
  0.23400E+02  0.74592E-07  0.51420E-08  0.23041E-06
  0.23700E+02  0.75134E-07  0.56900E-08  0.25290E-06
  0.24000E+02  0.75154E-07  0.62100E-08  0.27398E-06
  0.24300E+02  0.74634E-07  0.66950E-08  0.29342E-06
  0.24600E+02  0.73577E-07  0.71290E-08  0.31103E-06
  0.24900E+02  0.71973E-07  0.75205E-08  0.32661E-06
  0.25200E+02  0.69836E-07  0.78624E-08  0.33998E-06
  0.25500E+02  0.67313E-07  0.81552E-08  0.35075E-06
  0.25800E+02  0.64948E-07  0.84064E-08  0.35801E-06
  0.26100E+02  0.63755E-07  0.86203E-08  0.36065E-06
  0.26400E+02  0.64728E-07  0.87588E-08  0.35827E-06
  0.26700E+02  0.68088E-07  0.87096E-08  0.35164E-06
  0.27000E+02  0.72815E-07  0.82833E-08  0.34254E-06
  0.27300E+02  0.76642E-07  0.72244E-08  0.33319E-06
  0.27600E+02  0.76318E-07  0.52388E-08  0.32606E-06
  0.27900E+02  0.68115E-07  0.20276E-08  0.32341E-06
  0.28200E+02  0.48541E-07 -0.26842E-08  0.32663E-06
  0.28500E+02  0.14902E-07 -0.91142E-08  0.33621E-06
  0.28800E+02 -0.34487E-07 -0.17418E-07  0.35201E-06
  0.29100E+02 -0.10068E-06 -0.27702E-07  0.37381E-06
  0.29400E+02 -0.18431E-06 -0.40036E-07  0.40124E-06
  0.29700E+02 -0.28568E-06 -0.54444E-07  0.43358E-06
  0.30000E+02 -0.40461E-06 -0.70898E-07  0.46972E-06
  0.30300E+02 -0.54035E-06 -0.89306E-07  0.50831E-06
  0.30600E+02 -0.69155E-06 -0.10951E-06  0.54775E-06
  0.30900E+02 -0.85602E-06 -0.13127E-06  0.58593E-06
  0.31200E+02 -0.10305E-05 -0.15425E-06  0.62015E-06
  0.31500E+02 -0.12105E-05 -0.17802E-06  0.64731E-06
  0.31800E+02 -0.13907E-05 -0.20205E-06  0.66407E-06
  0.32100E+02 -0.15646E-05 -0.22574E-06  0.66685E-06
  0.32400E+02 -0.17252E-05 -0.24838E-06  0.65195E-06
  0.32700E+02 -0.18647E-05 -0.26924E-06  0.61596E-06
  0.33000E+02 -0.19754E-05 -0.28752E-06  0.55607E-06
  0.33300E+02 -0.20491E-05 -0.30241E-06  0.47013E-06
  0.33600E+02 -0.20786E-05 -0.31310E-06  0.35687E-06
  0.33900E+02 -0.20574E-05 -0.31886E-06  0.21610E-06
  0.34200E+02 -0.19802E-05 -0.31902E-06  0.48787E-07
  0.34500E+02 -0.18433E-05 -0.31302E-06 -0.14304E-06
  0.34800E+02 -0.16449E-05 -0.30046E-06 -0.35631E-06
  0.35100E+02 -0.13856E-05 -0.28107E-06 -0.58701E-06
  0.35400E+02 -0.10677E-05 -0.25477E-06 -0.83043E-06
  0.35700E+02 -0.69589E-06 -0.22164E-06 -0.10815E-05
  0.36000E+02 -0.27649E-06 -0.18191E-06 -0.13347E-05
  0.36300E+02  0.18287E-06 -0.13594E-06 -0.15851E-05
  0.36600E+02  0.67376E-06 -0.84196E-07 -0.18277E-05
  0.36900E+02  0.11874E-05 -0.27224E-07 -0.20581E-05
  0.37200E+02  0.17152E-05  0.34393E-07 -0.22724E-05
  0.37500E+02  0.22489E-05  0.10002E-06 -0.24672E-05
  0.37800E+02  0.27812E-05  0.16902E-06 -0.26397E-05
  0.38100E+02  0.33053E-05  0.24074E-06 -0.27872E-05
  0.38400E+02  0.38146E-05  0.31447E-06 -0.29073E-05
  0.38700E+02  0.43031E-05  0.38947E-06 -0.29972E-05
  0.39000E+02  0.47645E-05  0.46494E-06 -0.30542E-05
  0.39300E+02  0.51918E-05  0.53999E-06 -0.30753E-05
  0.39600E+02  0.55773E-05  0.61364E-06 -0.30574E-05
  0.39900E+02  0.59125E-05  0.68479E-06 -0.29979E-05
  0.40200E+02  0.61884E-05  0.75234E-06 -0.28943E-05
  0.40500E+02  0.63958E-05  0.81508E-06 -0.27453E-05
  0.40800E+02  0.65258E-05  0.87183E-06 -0.25505E-05
  0.41100E+02  0.65711E-05  0.92149E-06 -0.23112E-05
  0.41400E+02  0.65256E-05  0.96301E-06 -0.20295E-05
  0.41700E+02  0.63858E-05  0.99549E-06 -0.17093E-05
  0.42000E+02  0.61505E-05  0.10182E-05 -0.13550E-05
  0.42300E+02  0.58205E-05  0.10304E-05 -0.97168E-06
  0.42600E+02  0.53982E-05  0.10317E-05 -0.56471E-06
  0.42900E+02  0.48876E-05  0.10217E-05 -0.13931E-06
  0.43200E+02  0.42932E-05  0.10002E-05  0.29936E-06
  0.43500E+02  0.36198E-05  0.96697E-06  0.74640E-06
  0.43800E+02  0.28717E-05  0.92191E-06  0.11966E-05
  0.44100E+02  0.20520E-05  0.86550E-06  0.16449E-05
  0.44400E+02  0.11639E-05  0.80044E-06  0.20871E-05
  0.44700E+02  0.21456E-06  0.73385E-06  0.25202E-05
  0.45000E+02 -0.78193E-06  0.67716E-06  0.29431E-05
  0.45300E+02 -0.18073E-05  0.64258E-06  0.33550E-05
  0.45600E+02 -0.28442E-05  0.63903E-06  0.37540E-05
  0.45900E+02 -0.38780E-05  0.67094E-06  0.41352E-05
  0.46200E+02 -0.48961E-05  0.73927E-06  0.44906E-05
  0.46500E+02 -0.58873E-05  0.84286E-06  0.48115E-05
  0.46800E+02 -0.68409E-05  0.97880E-06  0.50906E-05
  0.47100E+02 -0.77462E-05  0.11425E-05  0.53233E-05
  0.47400E+02 -0.85917E-05  0.13280E-05  0.55077E-05
  0.47700E+02 -0.93664E-05  0.15289E-05  0.56430E-05
  0.48000E+02 -0.10061E-04  0.17382E-05  0.57293E-05
  0.48300E+02 -0.10669E-04  0.19485E-05  0.57660E-05
  0.48600E+02 -0.11183E-04  0.21518E-05  0.57518E-05
  0.48900E+02 -0.11597E-04  0.23388E-05  0.56853E-05
  0.49200E+02 -0.11904E-04  0.24984E-05  0.55659E-05
  0.49500E+02 -0.12097E-04  0.26179E-05  0.53945E-05
  0.49800E+02 -0.12172E-04  0.26842E-05  0.51735E-05
  0.50100E+02 -0.12128E-04  0.26838E-05  0.49058E-05
  0.50400E+02 -0.11963E-04  0.26035E-05  0.45949E-05
  0.50700E+02 -0.11678E-04  0.24298E-05  0.42450E-05
  0.51000E+02 -0.11275E-04  0.21505E-05  0.38610E-05
  0.51300E+02 -0.10754E-04  0.17548E-05  0.34489E-05
  0.51600E+02 -0.10118E-04  0.12349E-05  0.30150E-05
  0.51900E+02 -0.93706E-05  0.58680E-06  0.25656E-05
  0.52200E+02 -0.85173E-05 -0.18982E-06  0.21061E-05
  0.52500E+02 -0.75638E-05 -0.10911E-05  0.16416E-05
  0.52800E+02 -0.65166E-05 -0.21081E-05  0.11769E-05
  0.53100E+02 -0.53829E-05 -0.32262E-05  0.71722E-06
  0.53400E+02 -0.41698E-05 -0.44250E-05  0.26716E-06
  0.53700E+02 -0.28849E-05 -0.56800E-05 -0.16969E-06
  0.54000E+02 -0.15366E-05 -0.69628E-05 -0.59181E-06
  0.54300E+02 -0.13342E-06 -0.82419E-05 -0.10001E-05
  0.54600E+02  0.13151E-05 -0.94834E-05 -0.13970E-05
  0.54900E+02  0.27977E-05 -0.10653E-04 -0.17858E-05
  0.55200E+02  0.43011E-05 -0.11717E-04 -0.21700E-05
  0.55500E+02  0.58095E-05 -0.12646E-04 -0.25535E-05
  0.55800E+02  0.73042E-05 -0.13414E-04 -0.29408E-05
  0.56100E+02  0.87645E-05 -0.13998E-04 -0.33370E-05
  0.56400E+02  0.10169E-04 -0.14383E-04 -0.37463E-05
  0.56700E+02  0.11495E-04 -0.14558E-04 -0.41706E-05
  0.57000E+02  0.12722E-04 -0.14521E-04 -0.46083E-05
  0.57300E+02  0.13829E-04 -0.14272E-04 -0.50538E-05
  0.57600E+02  0.14799E-04 -0.13818E-04 -0.54989E-05
  0.57900E+02  0.15615E-04 -0.13168E-04 -0.59340E-05
  0.58200E+02  0.16269E-04 -0.12333E-04 -0.63493E-05
  0.58500E+02  0.16757E-04 -0.11325E-04 -0.67353E-05
  0.58800E+02  0.17079E-04 -0.10154E-04 -0.70837E-05
  0.59100E+02  0.17241E-04 -0.88323E-05 -0.73883E-05
  0.59400E+02  0.17250E-04 -0.73678E-05 -0.76464E-05
  0.59700E+02  0.17113E-04 -0.57693E-05 -0.78593E-05
  0.60000E+02  0.16837E-04 -0.40446E-05 -0.80323E-05
  0.60300E+02  0.16426E-04 -0.22022E-05 -0.81729E-05
  0.60600E+02  0.15881E-04 -0.25311E-06 -0.82883E-05
  0.60900E+02  0.15199E-04  0.17879E-05 -0.83837E-05
  0.61200E+02  0.14376E-04  0.39029E-05 -0.84612E-05
  0.61500E+02  0.13407E-04  0.60688E-05 -0.85189E-05
  0.61800E+02  0.12291E-04  0.82581E-05 -0.85508E-05
  0.62100E+02  0.11033E-04  0.10439E-04 -0.85472E-05
  0.62400E+02  0.96416E-05  0.12577E-04 -0.84959E-05
  0.62700E+02  0.81340E-05  0.14637E-04 -0.83856E-05
  0.63000E+02  0.65310E-05  0.16584E-04 -0.82081E-05
  0.63300E+02  0.48570E-05  0.18386E-04 -0.79603E-05
  0.63600E+02  0.31363E-05  0.20015E-04 -0.76438E-05
  0.63900E+02  0.13903E-05  0.21450E-04 -0.72631E-05
  0.64200E+02 -0.36474E-06  0.22671E-04 -0.68247E-05
  0.64500E+02 -0.21173E-05  0.23668E-04 -0.63348E-05
  0.64800E+02 -0.38588E-05  0.24435E-04 -0.57971E-05
  0.65100E+02 -0.55811E-05  0.24969E-04 -0.52103E-05
  0.65400E+02 -0.72749E-05  0.25267E-04 -0.45697E-05
  0.65700E+02 -0.89266E-05  0.25331E-04 -0.38695E-05
  0.66000E+02 -0.10518E-04  0.25159E-04 -0.31058E-05
  0.66300E+02 -0.12025E-04  0.24749E-04 -0.22771E-05
  0.66600E+02 -0.13425E-04  0.24098E-04 -0.13858E-05
  0.66900E+02 -0.14698E-04  0.23205E-04 -0.44059E-06
  0.67200E+02 -0.15829E-04  0.22067E-04  0.54587E-06
  0.67500E+02 -0.16806E-04  0.20687E-04  0.15599E-05
  0.67800E+02 -0.17627E-04  0.19071E-04  0.25908E-05
  0.68100E+02 -0.18290E-04  0.17232E-04  0.36312E-05
  0.68400E+02 -0.18796E-04  0.15190E-04  0.46771E-05
  0.68700E+02 -0.19142E-04  0.12970E-04  0.57268E-05
  0.69000E+02 -0.19323E-04  0.10603E-04  0.67779E-05
  0.69300E+02 -0.19331E-04  0.81200E-05  0.78248E-05
  0.69600E+02 -0.19159E-04  0.55553E-05  0.88571E-05
  0.69900E+02 -0.18806E-04  0.29389E-05  0.98609E-05
  0.70200E+02 -0.18274E-04  0.29835E-06  0.10820E-04
  0.70500E+02 -0.17572E-04 -0.23433E-05  0.11720E-04
  0.70800E+02 -0.16714E-04 -0.49661E-05  0.12548E-04
  0.71100E+02 -0.15714E-04 -0.75522E-05  0.13300E-04
  0.71400E+02 -0.14584E-04 -0.10084E-04  0.13973E-04
  0.71700E+02 -0.13333E-04 -0.12542E-04  0.14563E-04
  0.72000E+02 -0.11971E-04 -0.14903E-04  0.15068E-04
  0.72300E+02 -0.10503E-04 -0.17143E-04  0.15481E-04
  0.72600E+02 -0.89415E-05 -0.19232E-04  0.15790E-04
  0.72900E+02 -0.73012E-05 -0.21146E-04  0.15986E-04
  0.73200E+02 -0.56024E-05 -0.22857E-04  0.16059E-04
  0.73500E+02 -0.38676E-05 -0.24345E-04  0.16007E-04
  0.73800E+02 -0.21182E-05 -0.25594E-04  0.15831E-04
  0.74100E+02 -0.37210E-06 -0.26597E-04  0.15536E-04
  0.74400E+02  0.13572E-05 -0.27349E-04  0.15126E-04
  0.74700E+02  0.30590E-05 -0.27853E-04  0.14605E-04
  0.75000E+02  0.47226E-05 -0.28115E-04  0.13972E-04
  0.75300E+02  0.63347E-05 -0.28136E-04  0.13228E-04
  0.75600E+02  0.78786E-05 -0.27924E-04  0.12371E-04
  0.75900E+02  0.93358E-05 -0.27480E-04  0.11406E-04
  0.76200E+02  0.10689E-04 -0.26804E-04  0.10342E-04
  0.76500E+02  0.11924E-04 -0.25899E-04  0.91922E-05
  0.76800E+02  0.13034E-04 -0.24770E-04  0.79689E-05
  0.77100E+02  0.14012E-04 -0.23426E-04  0.66839E-05
  0.77400E+02  0.14856E-04 -0.21882E-04  0.53454E-05
  0.77700E+02  0.15562E-04 -0.20158E-04  0.39594E-05
  0.78000E+02  0.16123E-04 -0.18282E-04  0.25332E-05
  0.78300E+02  0.16533E-04 -0.16278E-04  0.10767E-05
  0.78600E+02  0.16787E-04 -0.14175E-04 -0.39544E-06
  0.78900E+02  0.16884E-04 -0.11994E-04 -0.18671E-05
  0.79200E+02  0.16828E-04 -0.97567E-05 -0.33221E-05
  0.79500E+02  0.16625E-04 -0.74779E-05 -0.47478E-05
  0.79800E+02  0.16284E-04 -0.51733E-05 -0.61355E-05
  0.80100E+02  0.15809E-04 -0.28590E-05 -0.74780E-05
  0.80400E+02  0.15206E-04 -0.55405E-06 -0.87674E-05
  0.80700E+02  0.14478E-04  0.17190E-05 -0.99933E-05
  0.81000E+02  0.13633E-04  0.39350E-05 -0.11143E-04
  0.81300E+02  0.12682E-04  0.60684E-05 -0.12202E-04
  0.81600E+02  0.11639E-04  0.80956E-05 -0.13162E-04
  0.81900E+02  0.10520E-04  0.99976E-05 -0.14016E-04
  0.82200E+02  0.93370E-05  0.11761E-04 -0.14761E-04
  0.82500E+02  0.81025E-05  0.13376E-04 -0.15396E-04
  0.82800E+02  0.68252E-05  0.14838E-04 -0.15918E-04
  0.83100E+02  0.55151E-05  0.16143E-04 -0.16320E-04
  0.83400E+02  0.41850E-05  0.17284E-04 -0.16598E-04
  0.83700E+02  0.28501E-05  0.18255E-04 -0.16748E-04
  0.84000E+02  0.15263E-05  0.19047E-04 -0.16770E-04
  0.84300E+02  0.22790E-06  0.19652E-04 -0.16669E-04
  0.84600E+02 -0.10344E-05  0.20066E-04 -0.16452E-04
  0.84900E+02 -0.22524E-05  0.20289E-04 -0.16121E-04
  0.85200E+02 -0.34183E-05  0.20326E-04 -0.15680E-04
  0.85500E+02 -0.45232E-05  0.20188E-04 -0.15132E-04
  0.85800E+02 -0.55565E-05  0.19888E-04 -0.14479E-04
  0.86100E+02 -0.65081E-05  0.19436E-04 -0.13729E-04
  0.86400E+02 -0.73700E-05  0.18841E-04 -0.12893E-04
  0.86700E+02 -0.81374E-05  0.18111E-04 -0.11982E-04
  0.87000E+02 -0.88084E-05  0.17251E-04 -0.11006E-04
  0.87300E+02 -0.93813E-05  0.16272E-04 -0.99721E-05
  0.87600E+02 -0.98537E-05  0.15185E-04 -0.88865E-05
  0.87900E+02 -0.10222E-04  0.14007E-04 -0.77575E-05
  0.88200E+02 -0.10485E-04  0.12759E-04 -0.65966E-05
  0.88500E+02 -0.10642E-04  0.11456E-04 -0.54165E-05
  0.88800E+02 -0.10697E-04  0.10117E-04 -0.42294E-05
  0.89100E+02 -0.10656E-04  0.87538E-05 -0.30449E-05
  0.89400E+02 -0.10523E-04  0.73761E-05 -0.18701E-05
  0.89700E+02 -0.10302E-04  0.59945E-05 -0.71168E-06
  0.90000E+02 -0.99954E-05  0.46217E-05  0.42165E-06
  0.90300E+02 -0.96087E-05  0.32721E-05  0.15197E-05
  0.90600E+02 -0.91490E-05  0.19614E-05  0.25720E-05
  0.90900E+02 -0.86256E-05  0.70344E-06  0.35706E-05
  0.91200E+02 -0.80478E-05 -0.49083E-06  0.45102E-05
  0.91500E+02 -0.74233E-05 -0.16146E-05  0.53877E-05
  0.91800E+02 -0.67587E-05 -0.26626E-05  0.61991E-05
  0.92100E+02 -0.60604E-05 -0.36299E-05  0.69393E-05
  0.92400E+02 -0.53363E-05 -0.45106E-05  0.76022E-05
  0.92700E+02 -0.45964E-05 -0.52980E-05  0.81838E-05
  0.93000E+02 -0.38505E-05 -0.59867E-05  0.86829E-05
  0.93300E+02 -0.31069E-05 -0.65742E-05  0.91006E-05
  0.93600E+02 -0.23721E-05 -0.70609E-05  0.94383E-05
  0.93900E+02 -0.16514E-05 -0.74487E-05  0.96957E-05
  0.94200E+02 -0.95107E-06 -0.77400E-05  0.98722E-05
  0.94500E+02 -0.27844E-06 -0.79365E-05  0.99682E-05
  0.94800E+02  0.35926E-06 -0.80404E-05  0.99865E-05
  0.95100E+02  0.95645E-06 -0.80557E-05  0.99322E-05
  0.95400E+02  0.15095E-05 -0.79876E-05  0.98106E-05
  0.95700E+02  0.20161E-05 -0.78427E-05  0.96256E-05
  0.96000E+02  0.24738E-05 -0.76276E-05  0.93800E-05
  0.96300E+02  0.28791E-05 -0.73493E-05  0.90774E-05
  0.96600E+02  0.32291E-05 -0.70148E-05  0.87237E-05
  0.96900E+02  0.35222E-05 -0.66320E-05  0.83259E-05
  0.97200E+02  0.37591E-05 -0.62085E-05  0.78912E-05
  0.97500E+02  0.39411E-05 -0.57526E-05  0.74250E-05
  0.97800E+02  0.40696E-05 -0.52722E-05  0.69315E-05
  0.98100E+02  0.41450E-05 -0.47753E-05  0.64155E-05
  0.98400E+02  0.41684E-05 -0.42698E-05  0.58834E-05
  0.98700E+02  0.41422E-05 -0.37628E-05  0.53424E-05
  0.99000E+02  0.40704E-05 -0.32616E-05  0.47989E-05
  0.99300E+02  0.39572E-05 -0.27729E-05  0.42571E-05
  0.99600E+02  0.38063E-05 -0.23026E-05  0.37206E-05
  0.99900E+02  0.36210E-05 -0.18567E-05  0.31934E-05
  0.10020E+03  0.34048E-05 -0.14399E-05  0.26808E-05
  0.10050E+03  0.31622E-05 -0.10568E-05  0.21878E-05
  0.10080E+03  0.28990E-05 -0.71082E-06  0.17180E-05
  0.10110E+03  0.26201E-05 -0.40506E-06  0.12732E-05
  0.10140E+03  0.23297E-05 -0.14181E-06  0.85491E-06
  0.10170E+03  0.20315E-05  0.77333E-07  0.46551E-06
  0.10200E+03  0.17298E-05  0.25150E-06  0.10752E-06
  0.10230E+03  0.14294E-05  0.38052E-06 -0.21727E-06
  0.10260E+03  0.11351E-05  0.46495E-06 -0.50849E-06
  0.10290E+03  0.85061E-06  0.50586E-06 -0.76712E-06
  0.10320E+03  0.57879E-06  0.50499E-06 -0.99364E-06
  0.10350E+03  0.32240E-06  0.46455E-06 -0.11876E-05
  0.10380E+03  0.84612E-07  0.38735E-06 -0.13494E-05
  0.10410E+03 -0.13146E-06  0.27666E-06 -0.14803E-05
  0.10440E+03 -0.32360E-06  0.13607E-06 -0.15828E-05
  0.10470E+03 -0.49063E-06 -0.30473E-07 -0.16592E-05
  0.10500E+03 -0.63173E-06 -0.21877E-06 -0.17110E-05
  0.10530E+03 -0.74587E-06 -0.42441E-06 -0.17397E-05
  0.10560E+03 -0.83198E-06 -0.64281E-06 -0.17479E-05
  0.10590E+03 -0.89004E-06 -0.86934E-06 -0.17386E-05
  0.10620E+03 -0.92058E-06 -0.10994E-05 -0.17151E-05
  0.10650E+03 -0.92471E-06 -0.13284E-05 -0.16793E-05
  0.10680E+03 -0.90327E-06 -0.15519E-05 -0.16336E-05
  0.10710E+03 -0.85732E-06 -0.17656E-05 -0.15806E-05
  0.10740E+03 -0.78848E-06 -0.19654E-05 -0.15232E-05
  0.10770E+03 -0.69878E-06 -0.21476E-05 -0.14643E-05
  0.10800E+03 -0.59082E-06 -0.23087E-05 -0.14056E-05
  0.10830E+03 -0.46655E-06 -0.24456E-05 -0.13492E-05
  0.10860E+03 -0.32825E-06 -0.25556E-05 -0.12969E-05
  0.10890E+03 -0.17871E-06 -0.26363E-05 -0.12511E-05
  0.10920E+03 -0.20800E-07 -0.26858E-05 -0.12132E-05
  0.10950E+03  0.14271E-06 -0.27030E-05 -0.11842E-05
  0.10980E+03  0.30932E-06 -0.26866E-05 -0.11651E-05
  0.11010E+03  0.47628E-06 -0.26363E-05 -0.11570E-05
  0.11040E+03  0.64086E-06 -0.25520E-05 -0.11604E-05
  0.11070E+03  0.80042E-06 -0.24342E-05 -0.11756E-05
  0.11100E+03  0.95247E-06 -0.22838E-05 -0.12025E-05
  0.11130E+03  0.10950E-05 -0.21019E-05 -0.12410E-05
  0.11160E+03  0.12256E-05 -0.18905E-05 -0.12907E-05
  0.11190E+03  0.13425E-05 -0.16514E-05 -0.13510E-05
  0.11220E+03  0.14441E-05 -0.13871E-05 -0.14210E-05
  0.11250E+03  0.15287E-05 -0.11004E-05 -0.14996E-05
  0.11280E+03  0.15953E-05 -0.79406E-06 -0.15856E-05
  0.11310E+03  0.16429E-05 -0.47139E-06 -0.16777E-05
  0.11340E+03  0.16709E-05 -0.13570E-06 -0.17745E-05
  0.11370E+03  0.16787E-05  0.20951E-06 -0.18742E-05
  0.11400E+03  0.16663E-05  0.56058E-06 -0.19753E-05
  0.11430E+03  0.16338E-05  0.91397E-06 -0.20761E-05
  0.11460E+03  0.15815E-05  0.12659E-05 -0.21749E-05
  0.11490E+03  0.15102E-05  0.16130E-05 -0.22699E-05
  0.11520E+03  0.14204E-05  0.19516E-05 -0.23594E-05
  0.11550E+03  0.13135E-05  0.22784E-05 -0.24417E-05
  0.11580E+03  0.11906E-05  0.25900E-05 -0.25153E-05
  0.11610E+03  0.10531E-05  0.28837E-05 -0.25787E-05
  0.11640E+03  0.90277E-06  0.31563E-05 -0.26305E-05
  0.11670E+03  0.74116E-06  0.34055E-05 -0.26694E-05
  0.11700E+03  0.57018E-06  0.36290E-05 -0.26943E-05
  0.11730E+03  0.39172E-06  0.38247E-05 -0.27042E-05
  0.11760E+03  0.20781E-06  0.39911E-05 -0.26984E-05
  0.11790E+03  0.20421E-07  0.41267E-05 -0.26762E-05
  0.11820E+03 -0.16839E-06  0.42307E-05 -0.26373E-05
  0.11850E+03 -0.35657E-06  0.43023E-05 -0.25812E-05
  0.11880E+03 -0.54226E-06  0.43413E-05 -0.25080E-05
  0.11910E+03 -0.72338E-06  0.43475E-05 -0.24179E-05
  0.11940E+03 -0.89816E-06  0.43216E-05 -0.23110E-05
  0.11970E+03 -0.10649E-05  0.42641E-05 -0.21880E-05
  0.12000E+03 -0.12220E-05  0.41760E-05 -0.20495E-05
  0.12030E+03 -0.13678E-05  0.40586E-05 -0.18964E-05
  0.12060E+03 -0.15012E-05  0.39134E-05 -0.17296E-05
  0.12090E+03 -0.16208E-05  0.37423E-05 -0.15502E-05
  0.12120E+03 -0.17258E-05  0.35471E-05 -0.13596E-05
  0.12150E+03 -0.18153E-05  0.33302E-05 -0.11591E-05
  0.12180E+03 -0.18885E-05  0.30939E-05 -0.95021E-06
  0.12210E+03 -0.19452E-05  0.28407E-05 -0.73441E-06
  0.12240E+03 -0.19849E-05  0.25731E-05 -0.51345E-06
  0.12270E+03 -0.20078E-05  0.22939E-05 -0.28893E-06
  0.12300E+03 -0.20138E-05  0.20058E-05 -0.62480E-07
  0.12330E+03 -0.20031E-05  0.17114E-05  0.16418E-06
  0.12360E+03 -0.19763E-05  0.14136E-05  0.38935E-06
  0.12390E+03 -0.19340E-05  0.11150E-05  0.61130E-06
  0.12420E+03 -0.18769E-05  0.81806E-06  0.82852E-06
  0.12450E+03 -0.18060E-05  0.52542E-06  0.10393E-05
  0.12480E+03 -0.17222E-05  0.23938E-06  0.12423E-05
  0.12510E+03 -0.16266E-05 -0.37812E-07  0.14360E-05
  0.12540E+03 -0.15205E-05 -0.30412E-06  0.16193E-05
  0.12570E+03 -0.14052E-05 -0.55766E-06  0.17908E-05
  0.12600E+03 -0.12820E-05 -0.79673E-06  0.19495E-05
  0.12630E+03 -0.11524E-05 -0.10199E-05  0.20945E-05
  0.12660E+03 -0.10176E-05 -0.12258E-05  0.22249E-05
  0.12690E+03 -0.87928E-06 -0.14136E-05  0.23402E-05
  0.12720E+03 -0.73874E-06 -0.15824E-05  0.24396E-05
  0.12750E+03 -0.59739E-06 -0.17316E-05  0.25231E-05
  0.12780E+03 -0.45668E-06 -0.18607E-05  0.25902E-05
  0.12810E+03 -0.31780E-06 -0.19697E-05  0.26409E-05
  0.12840E+03 -0.18202E-06 -0.20587E-05  0.26753E-05
  0.12870E+03 -0.50558E-07 -0.21280E-05  0.26935E-05
  0.12900E+03  0.75522E-07 -0.21778E-05  0.26959E-05
  0.12930E+03  0.19523E-06 -0.22091E-05  0.26830E-05
  0.12960E+03  0.30767E-06 -0.22226E-05  0.26552E-05
  0.12990E+03  0.41210E-06 -0.22192E-05  0.26133E-05
  0.13020E+03  0.50785E-06 -0.22000E-05  0.25580E-05
  0.13050E+03  0.59438E-06 -0.21663E-05  0.24902E-05
  0.13080E+03  0.67128E-06 -0.21193E-05  0.24108E-05
  0.13110E+03  0.73827E-06 -0.20605E-05  0.23209E-05
  0.13140E+03  0.79516E-06 -0.19912E-05  0.22213E-05
  0.13170E+03  0.84192E-06 -0.19129E-05  0.21133E-05
  0.13200E+03  0.87860E-06 -0.18272E-05  0.19979E-05
  0.13230E+03  0.90537E-06 -0.17355E-05  0.18764E-05
  0.13260E+03  0.92253E-06 -0.16394E-05  0.17496E-05
  0.13290E+03  0.93039E-06 -0.15401E-05  0.16189E-05
  0.13320E+03  0.92950E-06 -0.14392E-05  0.14852E-05
  0.13350E+03  0.92039E-06 -0.13379E-05  0.13498E-05
  0.13380E+03  0.90357E-06 -0.12375E-05  0.12135E-05
  0.13410E+03  0.87977E-06 -0.11392E-05  0.10774E-05
  0.13440E+03  0.84977E-06 -0.10438E-05  0.94243E-06
  0.13470E+03  0.81431E-06 -0.95255E-06  0.80932E-06
  0.13500E+03  0.77415E-06 -0.86606E-06  0.67904E-06
  0.13530E+03  0.73010E-06 -0.78507E-06  0.55223E-06
  0.13560E+03  0.68305E-06 -0.71013E-06  0.42945E-06
  0.13590E+03  0.63366E-06 -0.64170E-06  0.31150E-06
  0.13620E+03  0.58283E-06 -0.58006E-06  0.19855E-06
  0.13650E+03  0.53129E-06 -0.52542E-06  0.91350E-07
  0.13680E+03  0.47976E-06 -0.47780E-06 -0.10100E-07
  0.13710E+03  0.42905E-06 -0.43715E-06 -0.10530E-06
  0.13740E+03  0.37977E-06 -0.40329E-06 -0.19428E-06
  0.13770E+03  0.33259E-06 -0.37595E-06 -0.27689E-06
  0.13800E+03  0.28786E-06 -0.35472E-06 -0.35311E-06
  0.13830E+03  0.24625E-06 -0.33916E-06 -0.42298E-06
  0.13860E+03  0.20807E-06 -0.32871E-06 -0.48658E-06
  0.13890E+03  0.17362E-06 -0.32275E-06 -0.54423E-06
  0.13920E+03  0.14335E-06 -0.32062E-06 -0.59606E-06
  0.13950E+03  0.11727E-06 -0.32162E-06 -0.64226E-06
  0.13980E+03  0.95570E-07 -0.32499E-06 -0.68328E-06
  0.14010E+03  0.78370E-07 -0.32998E-06 -0.71934E-06
  0.14040E+03  0.65550E-07 -0.33583E-06 -0.75098E-06
  0.14070E+03  0.57060E-07 -0.34177E-06 -0.77837E-06
  0.14100E+03  0.52740E-07 -0.34704E-06 -0.80200E-06
  0.14130E+03  0.52400E-07 -0.35095E-06 -0.82226E-06
  0.14160E+03  0.55800E-07 -0.35280E-06 -0.83957E-06
  0.14190E+03  0.62570E-07 -0.35196E-06 -0.85432E-06
  0.14220E+03  0.72400E-07 -0.34785E-06 -0.86682E-06
  0.14250E+03  0.84800E-07 -0.33995E-06 -0.87734E-06
  0.14280E+03  0.99550E-07 -0.32782E-06 -0.88645E-06
  0.14310E+03  0.11594E-06 -0.31109E-06 -0.89427E-06
  0.14340E+03  0.13368E-06 -0.28945E-06 -0.90114E-06
  0.14370E+03  0.15225E-06 -0.26270E-06 -0.90725E-06
  0.14400E+03  0.17117E-06 -0.23070E-06 -0.91283E-06
  0.14430E+03  0.18996E-06 -0.19343E-06 -0.91803E-06
  0.14460E+03  0.20817E-06 -0.15092E-06 -0.92298E-06
  0.14490E+03  0.22534E-06 -0.10330E-06 -0.92774E-06
  0.14520E+03  0.24105E-06 -0.50788E-07 -0.93238E-06
  0.14550E+03  0.25490E-06  0.63570E-08 -0.93689E-06
  0.14580E+03  0.26652E-06  0.67755E-07 -0.94124E-06
  0.14610E+03  0.27560E-06  0.13300E-06 -0.94537E-06
  0.14640E+03  0.28183E-06  0.20158E-06 -0.94918E-06
  0.14670E+03  0.28498E-06  0.27296E-06 -0.95254E-06
  0.14700E+03  0.28485E-06  0.34655E-06 -0.95528E-06
  0.14730E+03  0.28127E-06  0.42172E-06 -0.95725E-06
  0.14760E+03  0.27417E-06  0.49781E-06 -0.95823E-06
  0.14790E+03  0.26348E-06  0.57412E-06 -0.95806E-06
  0.14820E+03  0.24920E-06  0.64995E-06 -0.95639E-06
  0.14850E+03  0.23139E-06  0.72459E-06 -0.95307E-06
  0.14880E+03  0.21013E-06  0.79734E-06 -0.94797E-06
  0.14910E+03  0.18557E-06  0.86750E-06 -0.94069E-06
  0.14940E+03  0.15791E-06  0.93439E-06 -0.93112E-06
  0.14970E+03  0.12735E-06  0.99735E-06 -0.91901E-06
  0.15000E+03  0.94168E-07  0.10558E-05 -0.90412E-06
  0.15030E+03  0.58654E-07  0.11091E-05 -0.88642E-06
  0.15060E+03  0.21144E-07  0.11568E-05 -0.86560E-06
  0.15090E+03 -0.18012E-07  0.11983E-05 -0.84147E-06
  0.15120E+03 -0.58447E-07  0.12334E-05 -0.81420E-06
  0.15150E+03 -0.99760E-07  0.12615E-05 -0.78339E-06
  0.15180E+03 -0.14159E-06  0.12824E-05 -0.74929E-06
  0.15210E+03 -0.18345E-06  0.12959E-05 -0.71165E-06
  0.15240E+03 -0.22508E-06  0.13019E-05 -0.67068E-06
  0.15270E+03 -0.26591E-06  0.13002E-05 -0.62630E-06
  0.15300E+03 -0.30565E-06  0.12908E-05 -0.57863E-06
  0.15330E+03 -0.34388E-06  0.12738E-05 -0.52788E-06
  0.15360E+03 -0.38026E-06  0.12494E-05 -0.47409E-06
  0.15390E+03 -0.41437E-06  0.12176E-05 -0.41757E-06
  0.15420E+03 -0.44593E-06  0.11789E-05 -0.35854E-06
  0.15450E+03 -0.47480E-06  0.11334E-05 -0.29720E-06
  0.15480E+03 -0.50051E-06  0.10815E-05 -0.23379E-06
  0.15510E+03 -0.52280E-06  0.10237E-05 -0.16869E-06
  0.15540E+03 -0.54171E-06  0.96053E-06 -0.10224E-06
  0.15570E+03 -0.55694E-06  0.89237E-06 -0.34790E-07
  0.15600E+03 -0.56834E-06  0.81983E-06  0.33420E-07
  0.15630E+03 -0.57592E-06  0.74346E-06  0.10183E-06
  0.15660E+03 -0.57957E-06  0.66388E-06  0.17010E-06
  0.15690E+03 -0.57931E-06  0.58169E-06  0.23791E-06
  0.15720E+03 -0.57516E-06  0.49751E-06  0.30493E-06
  0.15750E+03 -0.56721E-06  0.41200E-06  0.37063E-06
  0.15780E+03 -0.55555E-06  0.32576E-06  0.43467E-06
  0.15810E+03 -0.54034E-06  0.23942E-06  0.49661E-06
  0.15840E+03 -0.52173E-06  0.15358E-06  0.55629E-06
  0.15870E+03 -0.49993E-06  0.68829E-07  0.61319E-06
  0.15900E+03 -0.47515E-06 -0.14276E-07  0.66704E-06
  0.15930E+03 -0.44767E-06 -0.95201E-07  0.71754E-06
  0.15960E+03 -0.41773E-06 -0.17345E-06  0.76439E-06
  0.15990E+03 -0.38563E-06 -0.24856E-06  0.80737E-06
  0.16020E+03 -0.35166E-06 -0.32012E-06  0.84624E-06
  0.16050E+03 -0.31615E-06 -0.38774E-06  0.88081E-06
  0.16080E+03 -0.27940E-06 -0.45110E-06  0.91091E-06
  0.16110E+03 -0.24173E-06 -0.50991E-06  0.93642E-06
  0.16140E+03 -0.20346E-06 -0.56395E-06  0.95728E-06
  0.16170E+03 -0.16491E-06 -0.61302E-06  0.97332E-06
  0.16200E+03 -0.12639E-06 -0.65698E-06  0.98466E-06
  0.16230E+03 -0.88192E-07 -0.69576E-06  0.99116E-06
  0.16260E+03 -0.50615E-07 -0.72930E-06  0.99292E-06
  0.16290E+03 -0.13921E-07 -0.75762E-06  0.99009E-06
  0.16320E+03  0.21628E-07 -0.78076E-06  0.98272E-06
  0.16350E+03  0.55802E-07 -0.79881E-06  0.97082E-06
  0.16380E+03  0.88378E-07 -0.81190E-06  0.95466E-06
  0.16410E+03  0.11917E-06 -0.82021E-06  0.93446E-06
  0.16440E+03  0.14801E-06 -0.82392E-06  0.91036E-06
  0.16470E+03  0.17476E-06 -0.82326E-06  0.88260E-06
  0.16500E+03  0.19928E-06 -0.81849E-06  0.85138E-06
  0.16530E+03  0.22151E-06 -0.80988E-06  0.81696E-06
  0.16560E+03  0.24135E-06 -0.79772E-06  0.77977E-06
  0.16590E+03  0.25878E-06 -0.78231E-06  0.73986E-06
  0.16620E+03  0.27378E-06 -0.76398E-06  0.69777E-06
  0.16650E+03  0.28636E-06 -0.74304E-06  0.65359E-06
  0.16680E+03  0.29655E-06 -0.71982E-06  0.60772E-06
  0.16710E+03  0.30438E-06 -0.69463E-06  0.56045E-06
  0.16740E+03  0.30995E-06 -0.66780E-06  0.51198E-06
  0.16770E+03  0.31335E-06 -0.63963E-06  0.46273E-06
  0.16800E+03  0.31467E-06 -0.61041E-06  0.41298E-06
  0.16830E+03  0.31403E-06 -0.58043E-06  0.36299E-06
  0.16860E+03  0.31158E-06 -0.54996E-06  0.31301E-06
  0.16890E+03  0.30746E-06 -0.51925E-06  0.26332E-06
  0.16920E+03  0.30182E-06 -0.48852E-06  0.21402E-06
  0.16950E+03  0.29482E-06 -0.45797E-06  0.16556E-06
  0.16980E+03  0.28663E-06 -0.42780E-06  0.11805E-06
  0.17010E+03  0.27741E-06 -0.39816E-06  0.71660E-07
  0.17040E+03  0.26732E-06 -0.36918E-06  0.26562E-07
  0.17070E+03  0.25655E-06 -0.34099E-06 -0.17053E-07
  0.17100E+03  0.24522E-06 -0.31365E-06 -0.59075E-07
  0.17130E+03  0.23353E-06 -0.28725E-06 -0.99362E-07
  0.17160E+03  0.22159E-06 -0.26182E-06 -0.13782E-06
  0.17190E+03  0.20955E-06 -0.23739E-06 -0.17438E-06
  0.17220E+03  0.19755E-06 -0.21394E-06 -0.20896E-06
  0.17250E+03  0.18570E-06 -0.19148E-06 -0.24152E-06
  0.17280E+03  0.17410E-06 -0.16995E-06 -0.27203E-06
  0.17310E+03  0.16284E-06 -0.14932E-06 -0.30047E-06
  0.17340E+03  0.15207E-06 -0.12951E-06 -0.32685E-06
  0.17370E+03  0.14170E-06 -0.11046E-06 -0.35116E-06
  0.17400E+03  0.13192E-06 -0.92084E-07 -0.37349E-06
  0.17430E+03  0.12272E-06 -0.74300E-07 -0.39374E-06
  0.17460E+03  0.11411E-06 -0.57005E-07 -0.41200E-06
  0.17490E+03  0.10617E-06 -0.40108E-07 -0.42843E-06
  0.17520E+03  0.98840E-07 -0.23515E-07 -0.44293E-06
  0.17550E+03  0.92140E-07 -0.71400E-08 -0.45576E-06
  0.17580E+03  0.86040E-07  0.91160E-08 -0.46672E-06
  0.17610E+03  0.80470E-07  0.25316E-07 -0.47613E-06
  0.17640E+03  0.75410E-07  0.41561E-07 -0.48391E-06
  0.17670E+03  0.70740E-07  0.57888E-07 -0.49023E-06
  0.17700E+03  0.66590E-07  0.74374E-07 -0.49503E-06
  0.17730E+03  0.62720E-07  0.91060E-07 -0.49848E-06
  0.17760E+03  0.59145E-07  0.10796E-06 -0.50065E-06
  0.17790E+03  0.55783E-07  0.12512E-06 -0.50154E-06
  0.17820E+03  0.52544E-07  0.14252E-06 -0.50122E-06
  0.17850E+03  0.49373E-07  0.16016E-06 -0.49985E-06
  0.17880E+03  0.46200E-07  0.17801E-06 -0.49739E-06
  0.17910E+03  0.42942E-07  0.19605E-06 -0.49383E-06
  0.17940E+03  0.39548E-07  0.21422E-06 -0.48934E-06
  0.17970E+03  0.35935E-07  0.23245E-06 -0.48384E-06
  0.18000E+03  0.32070E-07  0.25068E-06 -0.47749E-06
  0.18030E+03  0.27896E-07  0.26883E-06 -0.47026E-06
  0.18060E+03  0.23359E-07  0.28678E-06 -0.46211E-06
  0.18090E+03  0.18433E-07  0.30444E-06 -0.45313E-06
  0.18120E+03  0.13080E-07  0.32170E-06 -0.44331E-06
  0.18150E+03  0.72600E-08  0.33845E-06 -0.43268E-06
  0.18180E+03  0.10500E-08  0.35455E-06 -0.42122E-06
  0.18210E+03 -0.55900E-08  0.36990E-06 -0.40898E-06
  0.18240E+03 -0.12720E-07  0.38434E-06 -0.39592E-06
  0.18270E+03 -0.20290E-07  0.39778E-06 -0.38207E-06
  0.18300E+03 -0.28270E-07  0.41008E-06 -0.36744E-06
  0.18330E+03 -0.36610E-07  0.42112E-06 -0.35202E-06
  0.18360E+03 -0.45340E-07  0.43079E-06 -0.33584E-06
  0.18390E+03 -0.54340E-07  0.43898E-06 -0.31889E-06
  0.18420E+03 -0.63520E-07  0.44560E-06 -0.30120E-06
  0.18450E+03 -0.72850E-07  0.45055E-06 -0.28275E-06
  0.18480E+03 -0.82330E-07  0.45377E-06 -0.26361E-06
  0.18510E+03 -0.91870E-07  0.45514E-06 -0.24376E-06
  0.18540E+03 -0.10142E-06  0.45465E-06 -0.22325E-06
  0.18570E+03 -0.11072E-06  0.45225E-06 -0.20211E-06
  0.18600E+03 -0.11993E-06  0.44791E-06 -0.18037E-06
  0.18630E+03 -0.12891E-06  0.44162E-06 -0.15808E-06
  0.18660E+03 -0.13749E-06  0.43336E-06 -0.13530E-06
  0.18690E+03 -0.14561E-06  0.42318E-06 -0.11207E-06
  0.18720E+03 -0.15327E-06  0.41108E-06 -0.88446E-07
  0.18750E+03 -0.16037E-06  0.39713E-06 -0.64508E-07
  0.18780E+03 -0.16684E-06  0.38137E-06 -0.40313E-07
  0.18810E+03 -0.17260E-06  0.36388E-06 -0.15950E-07
  0.18840E+03 -0.17762E-06  0.34475E-06  0.85150E-08
  0.18870E+03 -0.18182E-06  0.32407E-06  0.32986E-07
  0.18900E+03 -0.18516E-06  0.30196E-06  0.57375E-07
  0.18930E+03 -0.18767E-06  0.27854E-06  0.81605E-07
  0.18960E+03 -0.18912E-06  0.25393E-06  0.10557E-06
  0.18990E+03 -0.18973E-06  0.22828E-06  0.12917E-06
  0.19020E+03 -0.18933E-06  0.20174E-06  0.15233E-06
  0.19050E+03 -0.18800E-06  0.17445E-06  0.17495E-06
  0.19080E+03 -0.18567E-06  0.14657E-06  0.19691E-06
  0.19110E+03 -0.18238E-06  0.11826E-06  0.21814E-06
  0.19140E+03 -0.17817E-06  0.89688E-07  0.23854E-06
  0.19170E+03 -0.17306E-06  0.61004E-07  0.25801E-06
  0.19200E+03 -0.16709E-06  0.32373E-07  0.27648E-06
  0.19230E+03 -0.16013E-06  0.39560E-08  0.29385E-06
  0.19260E+03 -0.15249E-06 -0.24099E-07  0.31005E-06
  0.19290E+03 -0.14411E-06 -0.51640E-07  0.32502E-06
  0.19320E+03 -0.13500E-06 -0.78521E-07  0.33866E-06
  0.19350E+03 -0.12517E-06 -0.10461E-06  0.35094E-06
  0.19380E+03 -0.11487E-06 -0.12978E-06  0.36180E-06
  0.19410E+03 -0.10407E-06 -0.15393E-06  0.37118E-06
  0.19440E+03 -0.92930E-07 -0.17683E-06  0.37905E-06
  0.19470E+03 -0.81310E-07 -0.19859E-06  0.38538E-06
  0.19500E+03 -0.69540E-07 -0.21888E-06  0.39015E-06
  0.19530E+03 -0.57450E-07 -0.23789E-06  0.39335E-06
  0.19560E+03 -0.45357E-07 -0.25529E-06  0.39497E-06
  0.19590E+03 -0.33206E-07 -0.27121E-06  0.39501E-06
  0.19620E+03 -0.21098E-07 -0.28551E-06  0.39348E-06
  0.19650E+03 -0.91070E-08 -0.29820E-06  0.39041E-06
  0.19680E+03  0.26890E-08 -0.30927E-06  0.38581E-06
  0.19710E+03  0.14231E-07 -0.31867E-06  0.37975E-06
  0.19740E+03  0.25443E-07 -0.32644E-06  0.37225E-06
  0.19770E+03  0.36275E-07 -0.33256E-06  0.36336E-06
  0.19800E+03  0.46643E-07 -0.33709E-06  0.35314E-06
  0.19830E+03  0.56510E-07 -0.34003E-06  0.34167E-06
  0.19860E+03  0.65870E-07 -0.34143E-06  0.32901E-06
  0.19890E+03  0.74710E-07 -0.34135E-06  0.31523E-06
  0.19920E+03  0.82830E-07 -0.33984E-06  0.30041E-06
  0.19950E+03  0.90400E-07 -0.33697E-06  0.28464E-06
  0.19980E+03  0.97260E-07 -0.33280E-06  0.26801E-06
  0.20010E+03  0.10348E-06 -0.32740E-06  0.25061E-06
  0.20040E+03  0.10894E-06 -0.32086E-06  0.23252E-06
  0.20070E+03  0.11370E-06 -0.31326E-06  0.21385E-06
  0.20100E+03  0.11777E-06 -0.30467E-06  0.19469E-06
  0.20130E+03  0.12116E-06 -0.29519E-06  0.17514E-06
  0.20160E+03  0.12391E-06 -0.28489E-06  0.15528E-06
  0.20190E+03  0.12591E-06 -0.27387E-06  0.13522E-06
  0.20220E+03  0.12736E-06 -0.26222E-06  0.11504E-06
  0.20250E+03  0.12810E-06 -0.24999E-06  0.94838E-07
  0.20280E+03  0.12822E-06 -0.23731E-06  0.74697E-07
  0.20310E+03  0.12780E-06 -0.22422E-06  0.54714E-07
  0.20340E+03  0.12690E-06 -0.21080E-06  0.34947E-07
  0.20370E+03  0.12535E-06 -0.19714E-06  0.15491E-07
  0.20400E+03  0.12339E-06 -0.18330E-06 -0.35800E-08
  0.20430E+03  0.12106E-06 -0.16934E-06 -0.22213E-07
  0.20460E+03  0.11831E-06 -0.15531E-06 -0.40322E-07
  0.20490E+03  0.11514E-06 -0.14129E-06 -0.57869E-07
  0.20520E+03  0.11168E-06 -0.12731E-06 -0.74781E-07
  0.20550E+03  0.10795E-06 -0.11343E-06 -0.91028E-07
  0.20580E+03  0.10396E-06 -0.99678E-07 -0.10655E-06
  0.20610E+03  0.99774E-07 -0.86092E-07 -0.12131E-06
  0.20640E+03  0.95411E-07 -0.72705E-07 -0.13529E-06
  0.20670E+03  0.90912E-07 -0.59545E-07 -0.14844E-06
  0.20700E+03  0.86302E-07 -0.46639E-07 -0.16076E-06
  0.20730E+03  0.81609E-07 -0.34008E-07 -0.17221E-06
  0.20760E+03  0.76868E-07 -0.21665E-07 -0.18279E-06
  0.20790E+03  0.72107E-07 -0.96190E-08 -0.19248E-06
  0.20820E+03  0.67290E-07  0.21130E-08 -0.20128E-06
  0.20850E+03  0.62540E-07  0.13531E-07 -0.20919E-06
  0.20880E+03  0.57880E-07  0.24623E-07 -0.21621E-06
  0.20910E+03  0.53230E-07  0.35386E-07 -0.22235E-06
  0.20940E+03  0.48630E-07  0.45816E-07 -0.22760E-06
  0.20970E+03  0.44020E-07  0.55920E-07 -0.23199E-06
  0.21000E+03  0.39600E-07  0.65688E-07 -0.23555E-06
  0.21030E+03  0.35250E-07  0.75115E-07 -0.23825E-06
  0.21060E+03  0.30950E-07  0.84218E-07 -0.24016E-06
  0.21090E+03  0.26790E-07  0.92983E-07 -0.24127E-06
  0.21120E+03  0.22670E-07  0.10140E-06 -0.24160E-06
  0.21150E+03  0.18690E-07  0.10949E-06 -0.24120E-06
  0.21180E+03  0.14780E-07  0.11724E-06 -0.24007E-06
  0.21210E+03  0.10940E-07  0.12464E-06 -0.23823E-06
  0.21240E+03  0.71300E-08  0.13169E-06 -0.23573E-06
  0.21270E+03  0.34601E-08  0.13838E-06 -0.23259E-06
  0.21300E+03 -0.99931E-10  0.14470E-06 -0.22882E-06
  0.21330E+03 -0.36799E-08  0.15065E-06 -0.22446E-06
  0.21360E+03 -0.71500E-08  0.15622E-06 -0.21954E-06
  0.21390E+03 -0.10560E-07  0.16139E-06 -0.21409E-06
  0.21420E+03 -0.13896E-07  0.16615E-06 -0.20812E-06
  0.21450E+03 -0.17197E-07  0.17049E-06 -0.20167E-06
  0.21480E+03 -0.20458E-07  0.17440E-06 -0.19476E-06
  0.21510E+03 -0.23669E-07  0.17785E-06 -0.18741E-06
  0.21540E+03 -0.26829E-07  0.18084E-06 -0.17967E-06
  0.21570E+03 -0.29953E-07  0.18335E-06 -0.17154E-06
  0.21600E+03 -0.33019E-07  0.18536E-06 -0.16307E-06
  0.21630E+03 -0.36033E-07  0.18687E-06 -0.15426E-06
  0.21660E+03 -0.38988E-07  0.18786E-06 -0.14515E-06
  0.21690E+03 -0.41888E-07  0.18830E-06 -0.13576E-06
  0.21720E+03 -0.44717E-07  0.18821E-06 -0.12612E-06
  0.21750E+03 -0.47474E-07  0.18755E-06 -0.11626E-06
  0.21780E+03 -0.50145E-07  0.18633E-06 -0.10619E-06
  0.21810E+03 -0.52718E-07  0.18454E-06 -0.95953E-07
  0.21840E+03 -0.55189E-07  0.18218E-06 -0.85561E-07
  0.21870E+03 -0.57545E-07  0.17923E-06 -0.75045E-07
  0.21900E+03 -0.59772E-07  0.17570E-06 -0.64428E-07
  0.21930E+03 -0.61861E-07  0.17161E-06 -0.53745E-07
  0.21960E+03 -0.63797E-07  0.16695E-06 -0.43014E-07
  0.21990E+03 -0.65570E-07  0.16172E-06 -0.32275E-07
  0.22020E+03 -0.67161E-07  0.15595E-06 -0.21529E-07
  0.22050E+03 -0.68566E-07  0.14965E-06 -0.10835E-07
  0.22080E+03 -0.69771E-07  0.14284E-06 -0.19900E-09
  0.22110E+03 -0.70759E-07  0.13554E-06  0.10345E-07
  0.22140E+03 -0.71529E-07  0.12776E-06  0.20764E-07
  0.22170E+03 -0.72063E-07  0.11955E-06  0.31033E-07
  0.22200E+03 -0.72354E-07  0.11092E-06  0.41122E-07
  0.22230E+03 -0.72396E-07  0.10192E-06  0.51004E-07
  0.22260E+03 -0.72173E-07  0.92574E-07  0.60649E-07
  0.22290E+03 -0.71699E-07  0.82918E-07  0.70029E-07
  0.22320E+03 -0.70964E-07  0.73009E-07  0.79116E-07
  0.22350E+03 -0.69962E-07  0.62859E-07  0.87882E-07
  0.22380E+03 -0.68687E-07  0.52537E-07  0.96301E-07
  0.22410E+03 -0.67153E-07  0.42081E-07  0.10435E-06
  0.22440E+03 -0.65366E-07  0.31525E-07  0.11199E-06
  0.22470E+03 -0.63309E-07  0.20918E-07  0.11921E-06
  0.22500E+03 -0.61014E-07  0.10322E-07  0.12599E-06
  0.22530E+03 -0.58466E-07 -0.24301E-09  0.13230E-06
  0.22560E+03 -0.55700E-07 -0.10704E-07  0.13812E-06
  0.22590E+03 -0.52708E-07 -0.21034E-07  0.14343E-06
  0.22620E+03 -0.49504E-07 -0.31183E-07  0.14822E-06
  0.22650E+03 -0.46118E-07 -0.41104E-07  0.15246E-06
  0.22680E+03 -0.42554E-07 -0.50765E-07  0.15615E-06
  0.22710E+03 -0.38832E-07 -0.60113E-07  0.15928E-06
  0.22740E+03 -0.34969E-07 -0.69111E-07  0.16183E-06
  0.22770E+03 -0.30976E-07 -0.77739E-07  0.16380E-06
  0.22800E+03 -0.26890E-07 -0.85936E-07  0.16519E-06
  0.22830E+03 -0.22719E-07 -0.93697E-07  0.16598E-06
  0.22860E+03 -0.18492E-07 -0.10097E-06  0.16619E-06
  0.22890E+03 -0.14225E-07 -0.10775E-06  0.16581E-06
  0.22920E+03 -0.99430E-08 -0.11401E-06  0.16485E-06
  0.22950E+03 -0.56590E-08 -0.11971E-06  0.16332E-06
  0.22980E+03 -0.13960E-08 -0.12486E-06  0.16122E-06
  0.23010E+03  0.28130E-08 -0.12943E-06  0.15858E-06
  0.23040E+03  0.69640E-08 -0.13342E-06  0.15539E-06
  0.23070E+03  0.11031E-07 -0.13681E-06  0.15168E-06
  0.23100E+03  0.14988E-07 -0.13961E-06  0.14748E-06
  0.23130E+03  0.18820E-07 -0.14182E-06  0.14278E-06
  0.23160E+03  0.22521E-07 -0.14343E-06  0.13764E-06
  0.23190E+03  0.26070E-07 -0.14446E-06  0.13206E-06
  0.23220E+03  0.29441E-07 -0.14491E-06  0.12607E-06
  0.23250E+03  0.32627E-07 -0.14479E-06  0.11970E-06
  0.23280E+03  0.35634E-07 -0.14412E-06  0.11299E-06
  0.23310E+03  0.38420E-07 -0.14291E-06  0.10594E-06
  0.23340E+03  0.40999E-07 -0.14118E-06  0.98622E-07
  0.23370E+03  0.43360E-07 -0.13895E-06  0.91035E-07
  0.23400E+03  0.45486E-07 -0.13625E-06  0.83233E-07
  0.23430E+03  0.47382E-07 -0.13309E-06  0.75237E-07
  0.23460E+03  0.49040E-07 -0.12950E-06  0.67091E-07
  0.23490E+03  0.50467E-07 -0.12552E-06  0.58824E-07
  0.23520E+03  0.51654E-07 -0.12115E-06  0.50462E-07
  0.23550E+03  0.52606E-07 -0.11645E-06  0.42047E-07
  0.23580E+03  0.53321E-07 -0.11143E-06  0.33618E-07
  0.23610E+03  0.53805E-07 -0.10612E-06  0.25198E-07
  0.23640E+03  0.54065E-07 -0.10055E-06  0.16828E-07
  0.23670E+03  0.54108E-07 -0.94756E-07  0.85370E-08
  0.23700E+03  0.53933E-07 -0.88763E-07  0.34498E-09
  0.23730E+03  0.53564E-07 -0.82607E-07 -0.77090E-08
  0.23760E+03  0.52991E-07 -0.76305E-07 -0.15596E-07
  0.23790E+03  0.52227E-07 -0.69884E-07 -0.23285E-07
  0.23820E+03  0.51297E-07 -0.63380E-07 -0.30761E-07
  0.23850E+03  0.50194E-07 -0.56819E-07 -0.37996E-07
  0.23880E+03  0.48941E-07 -0.50220E-07 -0.44965E-07
  0.23910E+03  0.47534E-07 -0.43617E-07 -0.51655E-07
  0.23940E+03  0.46000E-07 -0.37019E-07 -0.58035E-07
  0.23970E+03  0.44342E-07 -0.30461E-07 -0.64093E-07
  0.24000E+03  0.42578E-07 -0.23953E-07 -0.69825E-07
  0.24030E+03  0.40713E-07 -0.17531E-07 -0.75193E-07
  0.24060E+03  0.38764E-07 -0.11194E-07 -0.80205E-07
  0.24090E+03  0.36740E-07 -0.49720E-08 -0.84841E-07
  0.24120E+03  0.34640E-07  0.11180E-08 -0.89102E-07
  0.24150E+03  0.32500E-07  0.70740E-08 -0.92977E-07
  0.24180E+03  0.30300E-07  0.12862E-07 -0.96453E-07
  0.24210E+03  0.28070E-07  0.18493E-07 -0.99532E-07
  0.24240E+03  0.25810E-07  0.23936E-07 -0.10222E-06
  0.24270E+03  0.23545E-07  0.29199E-07 -0.10450E-06
  0.24300E+03  0.21260E-07  0.34248E-07 -0.10640E-06
  0.24330E+03  0.18969E-07  0.39096E-07 -0.10789E-06
  0.24360E+03  0.16692E-07  0.43731E-07 -0.10899E-06
  0.24390E+03  0.14418E-07  0.48142E-07 -0.10971E-06
  0.24420E+03  0.12174E-07  0.52325E-07 -0.11005E-06
  0.24450E+03  0.99480E-08  0.56274E-07 -0.11003E-06
  0.24480E+03  0.77400E-08  0.59984E-07 -0.10963E-06
  0.24510E+03  0.55800E-08  0.63453E-07 -0.10890E-06
  0.24540E+03  0.34470E-08  0.66672E-07 -0.10780E-06
  0.24570E+03  0.13600E-08  0.69648E-07 -0.10639E-06
  0.24600E+03 -0.68195E-09  0.72373E-07 -0.10466E-06
  0.24630E+03 -0.26790E-08  0.74847E-07 -0.10262E-06
  0.24660E+03 -0.46240E-08  0.77066E-07 -0.10029E-06
  0.24690E+03 -0.65170E-08  0.79031E-07 -0.97671E-07
  0.24720E+03 -0.83620E-08  0.80741E-07 -0.94799E-07
  0.24750E+03 -0.10142E-07  0.82195E-07 -0.91677E-07
  0.24780E+03 -0.11866E-07  0.83394E-07 -0.88314E-07
  0.24810E+03 -0.13525E-07  0.84337E-07 -0.84737E-07
  0.24840E+03 -0.15129E-07  0.85026E-07 -0.80950E-07
  0.24870E+03 -0.16667E-07  0.85461E-07 -0.76981E-07
  0.24900E+03 -0.18138E-07  0.85640E-07 -0.72835E-07
  0.24930E+03 -0.19543E-07  0.85575E-07 -0.68523E-07
  0.24960E+03 -0.20879E-07  0.85265E-07 -0.64084E-07
  0.24990E+03 -0.22155E-07  0.84703E-07 -0.59508E-07
  0.25020E+03 -0.23343E-07  0.83892E-07 -0.54829E-07
  0.25050E+03 -0.24474E-07  0.82848E-07 -0.50053E-07
  0.25080E+03 -0.25524E-07  0.81576E-07 -0.45196E-07
  0.25110E+03 -0.26491E-07  0.80064E-07 -0.40270E-07
  0.25140E+03 -0.27391E-07  0.78329E-07 -0.35298E-07
  0.25170E+03 -0.28203E-07  0.76374E-07 -0.30297E-07
  0.25200E+03 -0.28939E-07  0.74205E-07 -0.25320E-07
  0.25230E+03 -0.29589E-07  0.71829E-07 -0.20280E-07
  0.25260E+03 -0.30156E-07  0.69252E-07 -0.15270E-07
  0.25290E+03 -0.30638E-07  0.66484E-07 -0.10290E-07
  0.25320E+03 -0.31033E-07  0.63532E-07 -0.52601E-08
  0.25350E+03 -0.31330E-07  0.60406E-07 -0.43997E-09
  0.25380E+03 -0.31547E-07  0.57115E-07  0.44599E-08
  0.25410E+03 -0.31667E-07  0.53670E-07  0.92100E-08
  0.25440E+03 -0.31692E-07  0.50082E-07  0.13841E-07
  0.25470E+03 -0.31621E-07  0.46363E-07  0.18395E-07
  0.25500E+03 -0.31450E-07  0.42524E-07  0.22838E-07
  0.25530E+03 -0.31196E-07  0.38577E-07  0.27140E-07
  0.25560E+03 -0.30843E-07  0.34537E-07  0.31307E-07
  0.25590E+03 -0.30386E-07  0.30417E-07  0.35325E-07
  0.25620E+03 -0.29845E-07  0.26231E-07  0.39177E-07
  0.25650E+03 -0.29199E-07  0.21993E-07  0.42867E-07
  0.25680E+03 -0.28469E-07  0.17717E-07  0.46362E-07
  0.25710E+03 -0.27649E-07  0.13420E-07  0.49676E-07
  0.25740E+03 -0.26737E-07  0.91155E-08  0.52789E-07
  0.25770E+03 -0.25744E-07  0.48173E-08  0.55692E-07
  0.25800E+03 -0.24660E-07  0.54340E-09  0.58387E-07
  0.25830E+03 -0.23500E-07 -0.36934E-08  0.60858E-07
  0.25860E+03 -0.22265E-07 -0.78776E-08  0.63102E-07
  0.25890E+03 -0.20960E-07 -0.11993E-07  0.65115E-07
  0.25920E+03 -0.19583E-07 -0.16026E-07  0.66902E-07
  0.25950E+03 -0.18144E-07 -0.19963E-07  0.68433E-07
  0.25980E+03 -0.16650E-07 -0.23789E-07  0.69735E-07
  0.26010E+03 -0.15107E-07 -0.27491E-07  0.70791E-07
  0.26040E+03 -0.13515E-07 -0.31057E-07  0.71595E-07
  0.26070E+03 -0.11884E-07 -0.34475E-07  0.72152E-07
  0.26100E+03 -0.10225E-07 -0.37732E-07  0.72470E-07
  0.26130E+03 -0.85360E-08 -0.40818E-07  0.72534E-07
  0.26160E+03 -0.68300E-08 -0.43723E-07  0.72360E-07
  0.26190E+03 -0.51090E-08 -0.46437E-07  0.71940E-07
  0.26220E+03 -0.33910E-08 -0.48953E-07  0.71288E-07
  0.26250E+03 -0.16700E-08 -0.51262E-07  0.70398E-07
  0.26280E+03  0.44992E-10 -0.53359E-07  0.69279E-07
  0.26310E+03  0.17380E-08 -0.55237E-07  0.67945E-07
  0.26340E+03  0.34110E-08 -0.56893E-07  0.66390E-07
  0.26370E+03  0.50500E-08 -0.58322E-07  0.64638E-07
  0.26400E+03  0.66472E-08 -0.59522E-07  0.62672E-07
  0.26430E+03  0.82041E-08 -0.60492E-07  0.60526E-07
  0.26460E+03  0.97090E-08 -0.61231E-07  0.58189E-07
  0.26490E+03  0.11158E-07 -0.61739E-07  0.55683E-07
  0.26520E+03  0.12548E-07 -0.62015E-07  0.53020E-07
  0.26550E+03  0.13873E-07 -0.62066E-07  0.50207E-07
  0.26580E+03  0.15120E-07 -0.61894E-07  0.47249E-07
  0.26610E+03  0.16289E-07 -0.61501E-07  0.44168E-07
  0.26640E+03  0.17382E-07 -0.60891E-07  0.40983E-07
  0.26670E+03  0.18391E-07 -0.60084E-07  0.37683E-07
  0.26700E+03  0.19309E-07 -0.59060E-07  0.34300E-07
  0.26730E+03  0.20137E-07 -0.57853E-07  0.30844E-07
  0.26760E+03  0.20874E-07 -0.56451E-07  0.27332E-07
  0.26790E+03  0.21513E-07 -0.54873E-07  0.23769E-07
  0.26820E+03  0.22058E-07 -0.53128E-07  0.20161E-07
  0.26850E+03  0.22502E-07 -0.51220E-07  0.16543E-07
  0.26880E+03  0.22858E-07 -0.49167E-07  0.12917E-07
  0.26910E+03  0.23113E-07 -0.46968E-07  0.92949E-08
  0.26940E+03  0.23275E-07 -0.44649E-07  0.56920E-08
  0.26970E+03  0.23342E-07 -0.42218E-07  0.21220E-08
  0.27000E+03  0.23316E-07 -0.39675E-07 -0.14050E-08
  0.27030E+03  0.23205E-07 -0.37037E-07 -0.48780E-08
  0.27060E+03  0.23002E-07 -0.34325E-07 -0.82720E-08
  0.27090E+03  0.22713E-07 -0.31542E-07 -0.11597E-07
  0.27120E+03  0.22341E-07 -0.28698E-07 -0.14824E-07
  0.27150E+03  0.21895E-07 -0.25804E-07 -0.17953E-07
  0.27180E+03  0.21373E-07 -0.22880E-07 -0.20975E-07
  0.27210E+03  0.20779E-07 -0.19937E-07 -0.23869E-07
  0.27240E+03  0.20121E-07 -0.16976E-07 -0.26639E-07
  0.27270E+03  0.19401E-07 -0.14013E-07 -0.29276E-07
  0.27300E+03  0.18621E-07 -0.11062E-07 -0.31771E-07
  0.27330E+03  0.17795E-07 -0.81260E-08 -0.34107E-07
  0.27360E+03  0.16916E-07 -0.52190E-08 -0.36297E-07
  0.27390E+03  0.15993E-07 -0.23540E-08 -0.38313E-07
  0.27420E+03  0.15043E-07  0.47000E-09 -0.40177E-07
  0.27450E+03  0.14046E-07  0.32330E-08 -0.41867E-07
  0.27480E+03  0.13000E-07  0.59390E-08 -0.43388E-07
  0.27510E+03  0.12040E-07  0.85668E-08 -0.44726E-07
  0.27540E+03  0.10960E-07  0.11119E-07 -0.45895E-07
  0.27570E+03  0.98601E-08  0.13586E-07 -0.46889E-07
  0.27600E+03  0.87399E-08  0.15962E-07 -0.47701E-07
  0.27630E+03  0.77000E-08  0.18240E-07 -0.48341E-07
  0.27660E+03  0.65700E-08  0.20414E-07 -0.48798E-07
  0.27690E+03  0.55101E-08  0.22487E-07 -0.49085E-07
  0.27720E+03  0.44400E-08  0.24447E-07 -0.49212E-07
  0.27750E+03  0.33800E-08  0.26291E-07 -0.49156E-07
  0.27780E+03  0.23500E-08  0.28015E-07 -0.48947E-07
  0.27810E+03  0.13300E-08  0.29618E-07 -0.48576E-07
  0.27840E+03  0.31002E-09  0.31099E-07 -0.48045E-07
  0.27870E+03 -0.70008E-09  0.32457E-07 -0.47359E-07
  0.27900E+03 -0.16710E-08  0.33678E-07 -0.46536E-07
  0.27930E+03 -0.26050E-08  0.34786E-07 -0.45569E-07
  0.27960E+03 -0.35070E-08  0.35749E-07 -0.44469E-07
  0.27990E+03 -0.43820E-08  0.36586E-07 -0.43238E-07
  0.28020E+03 -0.52170E-08  0.37298E-07 -0.41894E-07
  0.28050E+03 -0.60260E-08  0.37881E-07 -0.40426E-07
  0.28080E+03 -0.67890E-08  0.38328E-07 -0.38860E-07
  0.28110E+03 -0.75130E-08  0.38651E-07 -0.37183E-07
  0.28140E+03 -0.82021E-08  0.38852E-07 -0.35423E-07
  0.28170E+03 -0.88560E-08  0.38922E-07 -0.33583E-07
  0.28200E+03 -0.94580E-08  0.38872E-07 -0.31656E-07
  0.28230E+03 -0.10024E-07  0.38701E-07 -0.29664E-07
  0.28260E+03 -0.10551E-07  0.38411E-07 -0.27613E-07
  0.28290E+03 -0.11040E-07  0.37999E-07 -0.25505E-07
  0.28320E+03 -0.11483E-07  0.37490E-07 -0.23360E-07
  0.28350E+03 -0.11875E-07  0.36857E-07 -0.21164E-07
  0.28380E+03 -0.12250E-07  0.36125E-07 -0.18950E-07
  0.28410E+03 -0.12550E-07  0.35290E-07 -0.16701E-07
  0.28440E+03 -0.12810E-07  0.34351E-07 -0.14444E-07
  0.28470E+03 -0.13020E-07  0.33324E-07 -0.12180E-07
  0.28500E+03 -0.13210E-07  0.32208E-07 -0.99070E-08
  0.28530E+03 -0.13380E-07  0.31002E-07 -0.76480E-08
  0.28560E+03 -0.13490E-07  0.29711E-07 -0.54030E-08
  0.28590E+03 -0.13610E-07  0.28344E-07 -0.31750E-08
  0.28620E+03 -0.13630E-07  0.26907E-07 -0.97600E-09
  0.28650E+03 -0.13610E-07  0.25408E-07  0.11960E-08
  0.28680E+03 -0.13540E-07  0.23840E-07  0.33300E-08
  0.28710E+03 -0.13470E-07  0.22219E-07  0.54180E-08
  0.28740E+03 -0.13320E-07  0.20547E-07  0.74540E-08
  0.28770E+03 -0.13240E-07  0.18830E-07  0.94400E-08
  0.28800E+03 -0.12960E-07  0.17074E-07  0.11367E-07
  0.28830E+03 -0.12780E-07  0.15284E-07  0.13224E-07
  0.28860E+03 -0.12504E-07  0.13463E-07  0.15015E-07
  0.28890E+03 -0.12210E-07  0.11623E-07  0.16731E-07
  0.28920E+03 -0.11882E-07  0.97680E-08  0.18370E-07
  0.28950E+03 -0.11527E-07  0.79090E-08  0.19931E-07
  0.28980E+03 -0.11130E-07  0.60390E-08  0.21396E-07
  0.29010E+03 -0.10713E-07  0.41740E-08  0.22781E-07
  0.29040E+03 -0.10269E-07  0.23170E-08  0.24075E-07
  0.29070E+03 -0.97890E-08  0.46498E-09  0.25277E-07
  0.29100E+03 -0.92934E-08 -0.13610E-08  0.26389E-07
  0.29130E+03 -0.87720E-08 -0.31560E-08  0.27388E-07
  0.29160E+03 -0.82270E-08 -0.49220E-08  0.28297E-07
  0.29190E+03 -0.76620E-08 -0.66600E-08  0.29100E-07
  0.29220E+03 -0.70720E-08 -0.83490E-08  0.29809E-07
  0.29250E+03 -0.64770E-08 -0.99940E-08  0.30408E-07
  0.29280E+03 -0.58550E-08 -0.11580E-07  0.30897E-07
  0.29310E+03 -0.52290E-08 -0.13110E-07  0.31288E-07
  0.29340E+03 -0.45880E-08 -0.14577E-07  0.31575E-07
  0.29370E+03 -0.39361E-08 -0.15981E-07  0.31761E-07
  0.29400E+03 -0.32500E-08 -0.17319E-07  0.31832E-07
  0.29430E+03 -0.26399E-08 -0.18575E-07  0.31808E-07
  0.29460E+03 -0.19800E-08 -0.19759E-07  0.31680E-07
  0.29490E+03 -0.12601E-08 -0.20853E-07  0.31447E-07
  0.29520E+03 -0.57003E-09 -0.21871E-07  0.31119E-07
  0.29550E+03  0.60027E-10 -0.22798E-07  0.30697E-07
  0.29580E+03  0.73999E-09 -0.23638E-07  0.30180E-07
  0.29610E+03  0.13600E-08 -0.24388E-07  0.29562E-07
  0.29640E+03  0.19901E-08 -0.25042E-07  0.28854E-07
  0.29670E+03  0.26200E-08 -0.25607E-07  0.28065E-07
  0.29700E+03  0.32101E-08 -0.26072E-07  0.27192E-07
  0.29730E+03  0.37800E-08 -0.26448E-07  0.26241E-07
  0.29760E+03  0.44000E-08 -0.26717E-07  0.25206E-07
  0.29790E+03  0.49599E-08 -0.26902E-07  0.24101E-07
  0.29820E+03  0.54599E-08 -0.26990E-07  0.22932E-07
  0.29850E+03  0.59680E-08 -0.26983E-07  0.21698E-07
  0.29880E+03  0.64390E-08 -0.26884E-07  0.20397E-07
  0.29910E+03  0.68880E-08 -0.26693E-07  0.19043E-07
  0.29940E+03  0.73150E-08 -0.26415E-07  0.17651E-07
  0.29970E+03  0.77050E-08 -0.26049E-07  0.16203E-07
  0.30000E+03  0.80550E-08 -0.25598E-07  0.14718E-07
  0.30030E+03  0.83830E-08 -0.25068E-07  0.13200E-07
  0.30060E+03  0.86760E-08 -0.24459E-07  0.11654E-07
  0.30090E+03  0.89340E-08 -0.23773E-07  0.10087E-07
  0.30120E+03  0.91610E-08 -0.23017E-07  0.85019E-08
  0.30150E+03  0.93560E-08 -0.22193E-07  0.69065E-08
  0.30180E+03  0.95130E-08 -0.21306E-07  0.53069E-08
  0.30210E+03  0.96380E-08 -0.20357E-07  0.37072E-08
  0.30240E+03  0.97235E-08 -0.19354E-07  0.21140E-08
  0.30270E+03  0.97797E-08 -0.18299E-07  0.52999E-09
  0.30300E+03  0.97990E-08 -0.17198E-07 -0.10270E-08
  0.30330E+03  0.97890E-08 -0.16056E-07 -0.25760E-08
  0.30360E+03  0.97520E-08 -0.14876E-07 -0.40820E-08
  0.30390E+03  0.96770E-08 -0.13666E-07 -0.55660E-08
  0.30420E+03  0.95690E-08 -0.12427E-07 -0.70060E-08
  0.30450E+03  0.94430E-08 -0.11167E-07 -0.84050E-08
  0.30480E+03  0.92730E-08 -0.98887E-08 -0.97500E-08
  0.30510E+03  0.90870E-08 -0.85984E-08 -0.11056E-07
  0.30540E+03  0.88670E-08 -0.72995E-08 -0.12291E-07
  0.30570E+03  0.86220E-08 -0.59977E-08 -0.13481E-07
  0.30600E+03  0.83551E-08 -0.46975E-08 -0.14606E-07
  0.30630E+03  0.80601E-08 -0.34039E-08 -0.15661E-07
  0.30660E+03  0.77300E-08 -0.21204E-08 -0.16652E-07
  0.30690E+03  0.73900E-08 -0.85190E-09 -0.17577E-07
