  0.000000E+00  0.222419E-14  0.130289E-13  0.106965E-13
  0.300000E+00 -0.471116E-13  0.569277E-13  0.440461E-13
  0.600000E+00 -0.363445E-12  0.402362E-13 -0.897581E-13
  0.900000E+00 -0.938264E-12 -0.393225E-12 -0.130166E-11
  0.120000E+01 -0.731757E-13 -0.196480E-11 -0.577051E-11
  0.150000E+01  0.770367E-11 -0.594127E-11 -0.169390E-10
  0.180000E+01  0.331961E-10 -0.145660E-10 -0.386849E-10
  0.210000E+01  0.929510E-10 -0.316137E-10 -0.740777E-10
  0.240000E+01  0.208705E-09 -0.625219E-10 -0.124475E-09
  0.270000E+01  0.406388E-09 -0.113529E-09 -0.189456E-09
  0.300000E+01  0.715020E-09 -0.189726E-09 -0.267564E-09
  0.330000E+01  0.116523E-08 -0.292458E-09 -0.357419E-09
  0.360000E+01  0.178652E-08 -0.417270E-09 -0.458661E-09
  0.390000E+01  0.260325E-08 -0.553928E-09 -0.572186E-09
  0.420000E+01  0.363080E-08 -0.688675E-09 -0.699324E-09
  0.450000E+01  0.487410E-08 -0.807178E-09 -0.840535E-09
  0.480000E+01  0.632886E-08 -0.897063E-09 -0.994417E-09
  0.510000E+01  0.798419E-08 -0.950207E-09 -0.115718E-08
  0.540000E+01  0.982468E-08 -0.964541E-09 -0.132242E-08
  0.570000E+01  0.118309E-07 -0.944399E-09 -0.148125E-08
  0.600000E+01  0.139787E-07 -0.899227E-09 -0.162255E-08
  0.630000E+01  0.162388E-07 -0.841670E-09 -0.173285E-08
  0.660000E+01  0.185767E-07 -0.785847E-09 -0.179618E-08
  0.690000E+01  0.209525E-07 -0.745874E-09 -0.179446E-08
  0.720000E+01  0.233198E-07 -0.734639E-09 -0.170912E-08
  0.750000E+01  0.256261E-07 -0.762918E-09 -0.152430E-08
  0.780000E+01  0.278126E-07 -0.838600E-09 -0.123097E-08
  0.810000E+01  0.298153E-07 -0.965661E-09 -0.830304E-09
  0.840000E+01  0.315663E-07 -0.114314E-08 -0.334649E-09
  0.870000E+01  0.329938E-07 -0.136493E-08  0.234382E-09
  0.900000E+01  0.340244E-07 -0.162070E-08  0.850360E-09
  0.930000E+01  0.345843E-07 -0.189737E-08  0.148748E-08
  0.960000E+01  0.346025E-07 -0.218031E-08  0.212506E-08
  0.990000E+01  0.340124E-07 -0.245386E-08  0.274966E-08
  0.102000E+02  0.327535E-07 -0.270156E-08  0.335480E-08
  0.105000E+02  0.307737E-07 -0.290634E-08  0.393898E-08
  0.108000E+02  0.280310E-07 -0.305080E-08  0.450309E-08
  0.111000E+02  0.244961E-07 -0.311762E-08  0.504800E-08
  0.114000E+02  0.201539E-07 -0.309062E-08  0.557350E-08
  0.117000E+02  0.150057E-07 -0.295616E-08  0.607913E-08
  0.120000E+02  0.907000E-08 -0.270453E-08  0.656581E-08
  0.123000E+02  0.238157E-08 -0.233061E-08  0.703656E-08
  0.126000E+02 -0.501178E-08 -0.183435E-08  0.749553E-08
  0.129000E+02 -0.130530E-07 -0.122099E-08  0.794588E-08
  0.132000E+02 -0.216794E-07 -0.500581E-09  0.838773E-08
  0.135000E+02 -0.308253E-07  0.313530E-09  0.881720E-08
  0.138000E+02 -0.404213E-07  0.120665E-08  0.922678E-08
  0.141000E+02 -0.503922E-07  0.216427E-08  0.960663E-08
  0.144000E+02 -0.606548E-07  0.317269E-08  0.994601E-08
  0.147000E+02 -0.711165E-07  0.421875E-08  0.102344E-07
  0.150000E+02 -0.816745E-07  0.528902E-08  0.104623E-07
  0.153000E+02 -0.922157E-07  0.636906E-08  0.106205E-07
  0.156000E+02 -0.102617E-06  0.744299E-08  0.107007E-07
  0.159000E+02 -0.112747E-06  0.849339E-08  0.106952E-07
  0.162000E+02 -0.122468E-06  0.950179E-08  0.105993E-07
  0.165000E+02 -0.131638E-06  0.104493E-07  0.104114E-07
  0.168000E+02 -0.140120E-06  0.113172E-07  0.101332E-07
  0.171000E+02 -0.147775E-06  0.120860E-07  0.976870E-08
  0.174000E+02 -0.154475E-06  0.127363E-07  0.932257E-08
  0.177000E+02 -0.160096E-06  0.132485E-07  0.879845E-08
  0.180000E+02 -0.164521E-06  0.136043E-07  0.819760E-08
  0.183000E+02 -0.167642E-06  0.137863E-07  0.751786E-08
  0.186000E+02 -0.169359E-06  0.137768E-07  0.675379E-08
  0.189000E+02 -0.169585E-06  0.135585E-07  0.589789E-08
  0.192000E+02 -0.168247E-06  0.131171E-07  0.494254E-08
  0.195000E+02 -0.165288E-06  0.124454E-07  0.388181E-08
  0.198000E+02 -0.160669E-06  0.115459E-07  0.271275E-08
  0.201000E+02 -0.154374E-06  0.104325E-07  0.143626E-08
  0.204000E+02 -0.146409E-06  0.912822E-08  0.576105E-10
  0.207000E+02 -0.136804E-06  0.766187E-08 -0.141367E-08
  0.210000E+02 -0.125611E-06  0.606515E-08 -0.296485E-08
  0.213000E+02 -0.112900E-06  0.437028E-08 -0.458193E-08
  0.216000E+02 -0.987594E-07  0.260920E-08 -0.625132E-08
  0.219000E+02 -0.832894E-07  0.813582E-09 -0.796060E-08
  0.222000E+02 -0.666011E-07 -0.985243E-09 -0.969818E-08
  0.225000E+02 -0.488172E-07 -0.275662E-08 -0.114523E-07
  0.228000E+02 -0.300715E-07 -0.447161E-08 -0.132092E-07
  0.231000E+02 -0.105073E-07 -0.610438E-08 -0.149522E-07
  0.234000E+02  0.972486E-08 -0.763325E-08 -0.166614E-07
  0.237000E+02  0.304693E-07 -0.904082E-08 -0.183149E-07
  0.240000E+02  0.515668E-07 -0.103140E-07 -0.198921E-07
  0.243000E+02  0.728537E-07 -0.114441E-07 -0.213758E-07
  0.246000E+02  0.941615E-07 -0.124269E-07 -0.227527E-07
  0.249000E+02  0.115317E-06 -0.132618E-07 -0.240134E-07
  0.252000E+02  0.136142E-06 -0.139513E-07 -0.251514E-07
  0.255000E+02  0.156461E-06 -0.145000E-07 -0.261615E-07
  0.258000E+02  0.176094E-06 -0.149139E-07 -0.270395E-07
  0.261000E+02  0.194868E-06 -0.152003E-07 -0.277820E-07
  0.264000E+02  0.212607E-06 -0.153685E-07 -0.283884E-07
  0.267000E+02  0.229139E-06 -0.154300E-07 -0.288631E-07
  0.270000E+02  0.244292E-06 -0.153995E-07 -0.292174E-07
  0.273000E+02  0.257899E-06 -0.152951E-07 -0.294701E-07
  0.276000E+02  0.269803E-06 -0.151376E-07 -0.296440E-07
  0.279000E+02  0.279866E-06 -0.149464E-07 -0.297562E-07
  0.282000E+02  0.287976E-06 -0.147322E-07 -0.298044E-07
  0.285000E+02  0.294056E-06 -0.144895E-07 -0.297587E-07
  0.288000E+02  0.298075E-06 -0.141924E-07 -0.295594E-07
  0.291000E+02  0.300043E-06 -0.137931E-07 -0.291202E-07
  0.294000E+02  0.300020E-06 -0.132224E-07 -0.283331E-07
  0.297000E+02  0.298106E-06 -0.123941E-07 -0.270768E-07
  0.300000E+02  0.294431E-06 -0.112115E-07 -0.252287E-07
  0.303000E+02  0.289141E-06 -0.957575E-08 -0.226784E-07
  0.306000E+02  0.282382E-06 -0.739115E-08 -0.193343E-07
  0.309000E+02  0.274296E-06 -0.456652E-08 -0.151231E-07
  0.312000E+02  0.265020E-06 -0.101716E-08 -0.999304E-08
  0.315000E+02  0.254675E-06  0.333070E-08 -0.392098E-08
  0.318000E+02  0.243373E-06  0.853490E-08  0.307903E-08
  0.321000E+02  0.231212E-06  0.146286E-07  0.109430E-07
  0.324000E+02  0.218267E-06  0.216079E-07  0.195426E-07
  0.327000E+02  0.204587E-06  0.294238E-07  0.286835E-07
  0.330000E+02  0.190179E-06  0.379824E-07  0.381120E-07
  0.333000E+02  0.175005E-06  0.471429E-07  0.475190E-07
  0.336000E+02  0.158975E-06  0.567160E-07  0.565457E-07
  0.339000E+02  0.141958E-06  0.664731E-07  0.648058E-07
  0.342000E+02  0.123809E-06  0.761670E-07  0.719152E-07
  0.345000E+02  0.104382E-06  0.855444E-07  0.775076E-07
  0.348000E+02  0.835331E-07  0.943445E-07  0.812327E-07
  0.351000E+02  0.611205E-07  0.102290E-06  0.827529E-07
  0.354000E+02  0.370029E-07  0.109081E-06  0.817469E-07
  0.357000E+02  0.110352E-07  0.114387E-06  0.779165E-07
  0.360000E+02 -0.169404E-07  0.117841E-06  0.709911E-07
  0.363000E+02 -0.471015E-07  0.119033E-06  0.607357E-07
  0.366000E+02 -0.796401E-07  0.117513E-06  0.469725E-07
  0.369000E+02 -0.114745E-06  0.112814E-06  0.296121E-07
  0.372000E+02 -0.152573E-06  0.104475E-06  0.867623E-08
  0.375000E+02 -0.193225E-06  0.920762E-07 -0.156922E-07
  0.378000E+02 -0.236716E-06  0.752576E-07 -0.432259E-07
  0.381000E+02 -0.282955E-06  0.537391E-07 -0.735365E-07
  0.384000E+02 -0.331741E-06  0.273313E-07 -0.106122E-06
  0.387000E+02 -0.382751E-06 -0.404537E-08 -0.140377E-06
  0.390000E+02 -0.435539E-06 -0.403341E-07 -0.175589E-06
  0.393000E+02 -0.489534E-06 -0.813238E-07 -0.210946E-06
  0.396000E+02 -0.544045E-06 -0.126648E-06 -0.245555E-06
  0.399000E+02 -0.598263E-06 -0.175785E-06 -0.278454E-06
  0.402000E+02 -0.651263E-06 -0.228055E-06 -0.308640E-06
  0.405000E+02 -0.702012E-06 -0.282607E-06 -0.335075E-06
  0.408000E+02 -0.749379E-06 -0.338423E-06 -0.356724E-06
  0.411000E+02 -0.792157E-06 -0.394343E-06 -0.372592E-06
  0.414000E+02 -0.829092E-06 -0.449094E-06 -0.381771E-06
  0.417000E+02 -0.858927E-06 -0.501336E-06 -0.383489E-06
  0.420000E+02 -0.880453E-06 -0.549697E-06 -0.377144E-06
  0.423000E+02 -0.892553E-06 -0.592821E-06 -0.362331E-06
  0.426000E+02 -0.894232E-06 -0.629404E-06 -0.338857E-06
  0.429000E+02 -0.884651E-06 -0.658242E-06 -0.306736E-06
  0.432000E+02 -0.863148E-06 -0.678259E-06 -0.266192E-06
  0.435000E+02 -0.829240E-06 -0.688521E-06 -0.217637E-06
  0.438000E+02 -0.782614E-06 -0.688255E-06 -0.161664E-06
  0.441000E+02 -0.723130E-06 -0.676859E-06 -0.990341E-07
  0.444000E+02 -0.650824E-06 -0.653926E-06 -0.306464E-07
  0.447000E+02 -0.565924E-06 -0.619240E-06  0.424886E-07
  0.450000E+02 -0.468852E-06 -0.572775E-06  0.119280E-06
  0.453000E+02 -0.360213E-06 -0.514686E-06  0.198584E-06
  0.456000E+02 -0.240787E-06 -0.445286E-06  0.279233E-06
  0.459000E+02 -0.111525E-06 -0.365026E-06  0.360053E-06
  0.462000E+02  0.264522E-07 -0.274465E-06  0.439890E-06
  0.465000E+02  0.171870E-06 -0.174280E-06  0.517645E-06
  0.468000E+02  0.323314E-06 -0.653086E-07  0.592328E-06
  0.471000E+02  0.479237E-06  0.514055E-07  0.663102E-06
  0.474000E+02  0.638000E-06  0.174599E-06  0.729321E-06
  0.477000E+02  0.797908E-06  0.302783E-06  0.790514E-06
  0.480000E+02  0.957254E-06  0.434228E-06  0.846335E-06
  0.483000E+02  0.111435E-05  0.566948E-06  0.896514E-06
  0.486000E+02  0.126756E-05  0.698715E-06  0.940798E-06
  0.489000E+02  0.141532E-05  0.827108E-06  0.978880E-06
  0.492000E+02  0.155616E-05  0.949577E-06  0.101034E-05
  0.495000E+02  0.168872E-05  0.106351E-05  0.103464E-05
  0.498000E+02  0.181172E-05  0.116630E-05  0.105108E-05
  0.501000E+02  0.192402E-05  0.125537E-05  0.105887E-05
  0.504000E+02  0.202466E-05  0.132831E-05  0.105708E-05
  0.507000E+02  0.211290E-05  0.138287E-05  0.104476E-05
  0.510000E+02  0.218817E-05  0.141706E-05  0.102098E-05
  0.513000E+02  0.225001E-05  0.142917E-05  0.984930E-06
  0.516000E+02  0.229811E-05  0.141794E-05  0.935997E-06
  0.519000E+02  0.233225E-05  0.138260E-05  0.873816E-06
  0.522000E+02  0.235229E-05  0.132294E-05  0.798358E-06
  0.525000E+02  0.235819E-05  0.123937E-05  0.709964E-06
  0.528000E+02  0.234997E-05  0.113283E-05  0.609335E-06
  0.531000E+02  0.232774E-05  0.100481E-05  0.497490E-06
  0.534000E+02  0.229165E-05  0.857219E-06  0.375711E-06
  0.537000E+02  0.224183E-05  0.692333E-06  0.245481E-06
  0.540000E+02  0.217828E-05  0.512751E-06  0.108388E-06
  0.543000E+02  0.210081E-05  0.321394E-06 -0.339695E-07
  0.546000E+02  0.200898E-05  0.121510E-06 -0.180038E-06
  0.549000E+02  0.190202E-05 -0.832964E-07 -0.328316E-06
  0.552000E+02  0.177886E-05 -0.289028E-06 -0.477337E-06
  0.555000E+02  0.163809E-05 -0.491301E-06 -0.625676E-06
  0.558000E+02  0.147799E-05 -0.685390E-06 -0.771948E-06
  0.561000E+02  0.129660E-05 -0.866300E-06 -0.914779E-06
  0.564000E+02  0.109175E-05 -0.102891E-05 -0.105276E-05
  0.567000E+02  0.861175E-06 -0.116816E-05 -0.118446E-05
  0.570000E+02  0.602582E-06 -0.127924E-05 -0.130845E-05
  0.573000E+02  0.313793E-06 -0.135779E-05 -0.142335E-05
  0.576000E+02 -0.709687E-08 -0.140007E-05 -0.152791E-05
  0.579000E+02 -0.361559E-06 -0.140320E-05 -0.162096E-05
  0.582000E+02 -0.750507E-06 -0.136511E-05 -0.170158E-05
  0.585000E+02 -0.117421E-05 -0.128468E-05 -0.176910E-05
  0.588000E+02 -0.163216E-05 -0.116161E-05 -0.182314E-05
  0.591000E+02 -0.212283E-05 -0.996532E-06 -0.186366E-05
  0.594000E+02 -0.264349E-05 -0.790969E-06 -0.189087E-05
  0.597000E+02 -0.319010E-05 -0.547358E-06 -0.190525E-05
  0.600000E+02 -0.375736E-05 -0.269062E-06 -0.190742E-05
  0.603000E+02 -0.433869E-05  0.395889E-07 -0.189810E-05
  0.606000E+02 -0.492629E-05  0.373270E-06 -0.187799E-05
  0.609000E+02 -0.551121E-05  0.725691E-06 -0.184775E-05
  0.612000E+02 -0.608355E-05  0.108968E-05 -0.180792E-05
  0.615000E+02 -0.663266E-05  0.145735E-05 -0.175893E-05
  0.618000E+02 -0.714741E-05  0.182025E-05 -0.170105E-05
  0.621000E+02 -0.761639E-05  0.216956E-05 -0.163439E-05
  0.624000E+02 -0.802832E-05  0.249627E-05 -0.155884E-05
  0.627000E+02 -0.837234E-05  0.279136E-05 -0.147409E-05
  0.630000E+02 -0.863829E-05  0.304611E-05 -0.137959E-05
  0.633000E+02 -0.881701E-05  0.325235E-05 -0.127463E-05
  0.636000E+02 -0.890055E-05  0.340268E-05 -0.115836E-05
  0.639000E+02 -0.888232E-05  0.349059E-05 -0.102978E-05
  0.642000E+02 -0.875724E-05  0.351053E-05 -0.887803E-06
  0.645000E+02 -0.852196E-05  0.345805E-05 -0.731327E-06
  0.648000E+02 -0.817497E-05  0.332998E-05 -0.559283E-06
  0.651000E+02 -0.771664E-05  0.312442E-05 -0.370776E-06
  0.654000E+02 -0.714923E-05  0.284089E-05 -0.165238E-06
  0.657000E+02 -0.647689E-05  0.248024E-05  0.574301E-07
  0.660000E+02 -0.570564E-05  0.204485E-05  0.296716E-06
  0.663000E+02 -0.484323E-05  0.153860E-05  0.551370E-06
  0.666000E+02 -0.389898E-05  0.967038E-06  0.819352E-06
  0.669000E+02 -0.288356E-05  0.337276E-06  0.109785E-05
  0.672000E+02 -0.180878E-05 -0.342075E-06  0.138330E-05
  0.675000E+02 -0.687301E-06 -0.106109E-05  0.167142E-05
  0.678000E+02  0.467671E-06 -0.180877E-05  0.195730E-05
  0.681000E+02  0.164270E-05 -0.257329E-05  0.223556E-05
  0.684000E+02  0.282435E-05 -0.334234E-05  0.250054E-05
  0.687000E+02  0.399942E-05 -0.410339E-05  0.274658E-05
  0.690000E+02  0.515498E-05 -0.484398E-05  0.296816E-05
  0.693000E+02  0.627855E-05 -0.555193E-05  0.316016E-05
  0.696000E+02  0.735828E-05 -0.621565E-05  0.331792E-05
  0.699000E+02  0.838303E-05 -0.682428E-05  0.343745E-05
  0.702000E+02  0.934248E-05 -0.736790E-05  0.351546E-05
  0.705000E+02  0.102272E-04 -0.783754E-05  0.354942E-05
  0.708000E+02  0.110289E-04 -0.822533E-05  0.353766E-05
  0.711000E+02  0.117401E-04 -0.852453E-05  0.347940E-05
  0.714000E+02  0.123547E-04 -0.872956E-05  0.337472E-05
  0.717000E+02  0.128677E-04 -0.883595E-05  0.322457E-05
  0.720000E+02  0.132750E-04 -0.884044E-05  0.303075E-05
  0.723000E+02  0.135738E-04 -0.874092E-05  0.279587E-05
  0.726000E+02  0.137622E-04 -0.853648E-05  0.252335E-05
  0.729000E+02  0.138392E-04 -0.822733E-05  0.221729E-05
  0.732000E+02  0.138046E-04 -0.781482E-05  0.188232E-05
  0.735000E+02  0.136589E-04 -0.730128E-05  0.152352E-05
  0.738000E+02  0.134034E-04 -0.669008E-05  0.114627E-05
  0.741000E+02  0.130403E-04 -0.598569E-05  0.756271E-06
  0.744000E+02  0.125724E-04 -0.519375E-05  0.359417E-06
  0.747000E+02  0.120033E-04 -0.432105E-05 -0.382475E-07
  0.750000E+02  0.113377E-04 -0.337557E-05 -0.430610E-06
  0.753000E+02  0.105809E-04 -0.236646E-05 -0.811577E-06
  0.756000E+02  0.973938E-05 -0.130401E-05 -0.117520E-05
  0.759000E+02  0.882004E-05 -0.199544E-06 -0.151583E-05
  0.762000E+02  0.783035E-05  0.934711E-06 -0.182829E-05
  0.765000E+02  0.677817E-05  0.208582E-05 -0.210799E-05
  0.768000E+02  0.567161E-05  0.324039E-05 -0.235103E-05
  0.771000E+02  0.451897E-05  0.438480E-05 -0.255423E-05
  0.774000E+02  0.332861E-05  0.550549E-05 -0.271523E-05
  0.777000E+02  0.210893E-05  0.658916E-05 -0.283246E-05
  0.780000E+02  0.868330E-06  0.762305E-05 -0.290511E-05
  0.783000E+02 -0.384756E-06  0.859508E-05 -0.293317E-05
  0.786000E+02 -0.164185E-05  0.949403E-05 -0.291731E-05
  0.789000E+02 -0.289438E-05  0.103096E-04 -0.285888E-05
  0.792000E+02 -0.413364E-05  0.110322E-04 -0.275985E-05
  0.795000E+02 -0.535076E-05  0.116536E-04 -0.262280E-05
  0.798000E+02 -0.653670E-05  0.121663E-04 -0.245082E-05
  0.801000E+02 -0.768216E-05  0.125638E-04 -0.224749E-05
  0.804000E+02 -0.877767E-05  0.128409E-04 -0.201682E-05
  0.807000E+02 -0.981366E-05  0.129936E-04 -0.176311E-05
  0.810000E+02 -0.107806E-04  0.130192E-04 -0.149096E-05
  0.813000E+02 -0.116691E-04  0.129164E-04 -0.120505E-05
  0.816000E+02 -0.124704E-04  0.126853E-04 -0.910119E-06
  0.819000E+02 -0.131760E-04  0.123277E-04 -0.610844E-06
  0.822000E+02 -0.137785E-04  0.118468E-04 -0.311785E-06
  0.825000E+02 -0.142716E-04  0.112472E-04 -0.173129E-07
  0.828000E+02 -0.146501E-04  0.105354E-04  0.268437E-06
  0.831000E+02 -0.149101E-04  0.971900E-05  0.541584E-06
  0.834000E+02 -0.150493E-04  0.880702E-05  0.798496E-06
  0.837000E+02 -0.150667E-04  0.780975E-05  0.103580E-05
  0.840000E+02 -0.149625E-04  0.673847E-05  0.125044E-05
  0.843000E+02 -0.147384E-04  0.560543E-05  0.143968E-05
  0.846000E+02 -0.143969E-04  0.442361E-05  0.160120E-05
  0.849000E+02 -0.139421E-04  0.320658E-05  0.173305E-05
  0.852000E+02 -0.133789E-04  0.196827E-05  0.183374E-05
  0.855000E+02 -0.127133E-04  0.722783E-06  0.190222E-05
  0.858000E+02 -0.119520E-04 -0.515927E-06  0.193795E-05
  0.861000E+02 -0.111028E-04 -0.173425E-05  0.194087E-05
  0.864000E+02 -0.101741E-04 -0.291913E-05  0.191143E-05
  0.867000E+02 -0.917476E-05 -0.405834E-05  0.185060E-05
  0.870000E+02 -0.811433E-05 -0.514056E-05  0.175985E-05
  0.873000E+02 -0.700269E-05 -0.615561E-05  0.164104E-05
  0.876000E+02 -0.585003E-05 -0.709452E-05  0.149647E-05
  0.879000E+02 -0.466681E-05 -0.794961E-05  0.132872E-05
  0.882000E+02 -0.346359E-05 -0.871456E-05  0.114066E-05
  0.885000E+02 -0.225097E-05 -0.938435E-05  0.935356E-06
  0.888000E+02 -0.103950E-05 -0.995524E-05  0.715985E-06
  0.891000E+02  0.160391E-06 -0.104247E-04  0.485803E-06
  0.894000E+02  0.133846E-05 -0.107913E-04  0.248059E-06
  0.897000E+02  0.248472E-05 -0.110546E-04  0.591757E-08
  0.900000E+02  0.358956E-05 -0.112154E-04 -0.237609E-06
  0.903000E+02  0.464385E-05 -0.112753E-04 -0.479696E-06
  0.906000E+02  0.563908E-05 -0.112367E-04 -0.717706E-06
  0.909000E+02  0.656750E-05 -0.111029E-04 -0.949181E-06
  0.912000E+02  0.742217E-05 -0.108782E-04 -0.117183E-05
  0.915000E+02  0.819707E-05 -0.105675E-04 -0.138349E-05
  0.918000E+02  0.888706E-05 -0.101767E-04 -0.158207E-05
  0.921000E+02  0.948794E-05 -0.971213E-05 -0.176551E-05
  0.924000E+02  0.999636E-05 -0.918076E-05 -0.193174E-05
  0.927000E+02  0.104099E-04 -0.859017E-05 -0.207874E-05
  0.930000E+02  0.107269E-04 -0.794826E-05 -0.220450E-05
  0.933000E+02  0.109468E-04 -0.726323E-05 -0.230710E-05
  0.936000E+02  0.110698E-04 -0.654335E-05 -0.238480E-05
  0.939000E+02  0.110972E-04 -0.579687E-05 -0.243607E-05
  0.942000E+02  0.110312E-04 -0.503189E-05 -0.245976E-05
  0.945000E+02  0.108751E-04 -0.425621E-05 -0.245514E-05
  0.948000E+02  0.106331E-04 -0.347726E-05 -0.242200E-05
  0.951000E+02  0.103102E-04 -0.270200E-05 -0.236064E-05
  0.954000E+02  0.991245E-05 -0.193692E-05 -0.227191E-05
  0.957000E+02  0.944659E-05 -0.118804E-05 -0.215707E-05
  0.960000E+02  0.891994E-05 -0.460901E-06 -0.201775E-05
  0.963000E+02  0.834030E-05  0.239428E-06 -0.185587E-05
  0.966000E+02  0.771578E-05  0.908322E-06 -0.167356E-05
  0.969000E+02  0.705468E-05  0.154157E-05 -0.147315E-05
  0.972000E+02  0.636524E-05  0.213539E-05 -0.125706E-05
  0.975000E+02  0.565554E-05  0.268642E-05 -0.102783E-05
  0.978000E+02  0.493331E-05  0.319181E-05 -0.788038E-06
  0.981000E+02  0.420592E-05  0.364922E-05 -0.540253E-06
  0.984000E+02  0.348029E-05  0.405684E-05 -0.287043E-06
  0.987000E+02  0.276296E-05  0.441343E-05 -0.309496E-07
  0.990000E+02  0.206004E-05  0.471824E-05  0.225506E-06
  0.993000E+02  0.137726E-05  0.497105E-05  0.479816E-06
  0.996000E+02  0.719958E-06  0.517217E-05  0.729482E-06
  0.999000E+02  0.930754E-07  0.532241E-05  0.972025E-06
  0.100200E+03 -0.498837E-06  0.542309E-05  0.120502E-05
  0.100500E+03 -0.105166E-05  0.547601E-05  0.142616E-05
  0.100800E+03 -0.156174E-05  0.548336E-05  0.163330E-05
  0.101100E+03 -0.202603E-05  0.544775E-05  0.182453E-05
  0.101400E+03 -0.244209E-05  0.537213E-05  0.199820E-05
  0.101700E+03 -0.280815E-05  0.525972E-05  0.215297E-05
  0.102000E+03 -0.312311E-05  0.511393E-05  0.228781E-05
  0.102300E+03 -0.338659E-05  0.493831E-05  0.240204E-05
  0.102600E+03 -0.359889E-05  0.473645E-05  0.249531E-05
  0.102900E+03 -0.376094E-05  0.451196E-05  0.256762E-05
  0.103200E+03 -0.387419E-05  0.426842E-05  0.261923E-05
  0.103500E+03 -0.394059E-05  0.400927E-05  0.265066E-05
  0.103800E+03 -0.396245E-05  0.373783E-05  0.266259E-05
  0.104100E+03 -0.394249E-05  0.345726E-05  0.265583E-05
  0.104400E+03 -0.388373E-05  0.317059E-05  0.263122E-05
  0.104700E+03 -0.378955E-05  0.288070E-05  0.258964E-05
  0.105000E+03 -0.366355E-05  0.259032E-05  0.253194E-05
  0.105300E+03 -0.350956E-05  0.230210E-05  0.245890E-05
  0.105600E+03 -0.333160E-05  0.201853E-05  0.237119E-05
  0.105900E+03 -0.313382E-05  0.174202E-05  0.226942E-05
  0.106200E+03 -0.292049E-05  0.147482E-05  0.215409E-05
  0.106500E+03 -0.269593E-05  0.121907E-05  0.202564E-05
  0.106800E+03 -0.246445E-05  0.976812E-06  0.188448E-05
  0.107100E+03 -0.223021E-05  0.750007E-06  0.173105E-05
  0.107400E+03 -0.199720E-05  0.540444E-06  0.156581E-05
  0.107700E+03 -0.176910E-05  0.349685E-06  0.138932E-05
  0.108000E+03 -0.154932E-05  0.178965E-06  0.120231E-05
  0.108300E+03 -0.134091E-05  0.291272E-07  0.100565E-05
  0.108600E+03 -0.114662E-05 -0.994187E-07  0.800440E-06
  0.108900E+03 -0.968856E-06 -0.206707E-06  0.587960E-06
  0.109200E+03 -0.809669E-06 -0.293202E-06  0.369720E-06
  0.109500E+03 -0.670781E-06 -0.359781E-06  0.147429E-06
  0.109800E+03 -0.553596E-06 -0.407704E-06 -0.770199E-07
  0.110100E+03 -0.459211E-06 -0.438572E-06 -0.301589E-06
  0.110400E+03 -0.388432E-06 -0.454258E-06 -0.524135E-06
  0.110700E+03 -0.341782E-06 -0.456830E-06 -0.742439E-06
  0.111000E+03 -0.319493E-06 -0.448447E-06 -0.954240E-06
  0.111300E+03 -0.321470E-06 -0.431263E-06 -0.115728E-05
  0.111600E+03 -0.347228E-06 -0.407334E-06 -0.134935E-05
  0.111900E+03 -0.395850E-06 -0.378560E-06 -0.152840E-05
  0.112200E+03 -0.465960E-06 -0.346689E-06 -0.169254E-05
  0.112500E+03 -0.555732E-06 -0.313361E-06 -0.184014E-05
  0.112800E+03 -0.662912E-06 -0.280155E-06 -0.196985E-05
  0.113100E+03 -0.784844E-06 -0.248632E-06 -0.208067E-05
  0.113400E+03 -0.918514E-06 -0.220366E-06 -0.217188E-05
  0.113700E+03 -0.106060E-05 -0.196952E-06 -0.224313E-05
  0.114000E+03 -0.120751E-05 -0.179983E-06 -0.229438E-05
  0.114300E+03 -0.135549E-05 -0.170990E-06 -0.232594E-05
  0.114600E+03 -0.150066E-05 -0.171366E-06 -0.233838E-05
  0.114900E+03 -0.163910E-05 -0.182279E-06 -0.233251E-05
  0.115200E+03 -0.176704E-05 -0.204578E-06 -0.230935E-05
  0.115500E+03 -0.188091E-05 -0.238734E-06 -0.226997E-05
  0.115800E+03 -0.197741E-05 -0.284795E-06 -0.221547E-05
  0.116100E+03 -0.205361E-05 -0.342397E-06 -0.214686E-05
  0.116400E+03 -0.210700E-05 -0.410811E-06 -0.206507E-05
  0.116700E+03 -0.213551E-05 -0.489018E-06 -0.197091E-05
  0.117000E+03 -0.213764E-05 -0.575785E-06 -0.186513E-05
  0.117300E+03 -0.211247E-05 -0.669723E-06 -0.174845E-05
  0.117600E+03 -0.205965E-05 -0.769314E-06 -0.162163E-05
  0.117900E+03 -0.197945E-05 -0.872935E-06 -0.148546E-05
  0.118200E+03 -0.187271E-05 -0.978879E-06 -0.134079E-05
  0.118500E+03 -0.174078E-05 -0.108538E-05 -0.118854E-05
  0.118800E+03 -0.158546E-05 -0.119063E-05 -0.102969E-05
  0.119100E+03 -0.140888E-05 -0.129287E-05 -0.865328E-06
  0.119400E+03 -0.121339E-05 -0.139040E-05 -0.696660E-06
  0.119700E+03 -0.100149E-05 -0.148167E-05 -0.525077E-06
  0.120000E+03 -0.775821E-06 -0.156534E-05 -0.352160E-06
  0.120300E+03 -0.539038E-06 -0.164024E-05 -0.179656E-06
  0.120600E+03 -0.293802E-06 -0.170544E-05 -0.941124E-08
  0.120900E+03 -0.426864E-07 -0.176013E-05  0.156712E-06
  0.121200E+03  0.211847E-06 -0.180364E-05  0.316927E-06
  0.121500E+03  0.467452E-06 -0.183536E-05  0.469598E-06
  0.121800E+03  0.721892E-06 -0.185469E-05  0.613313E-06
  0.122100E+03  0.973024E-06 -0.186106E-05  0.746923E-06
  0.122400E+03  0.121880E-05 -0.185396E-05  0.869568E-06
  0.122700E+03  0.145723E-05 -0.183306E-05  0.980657E-06
  0.123000E+03  0.168640E-05 -0.179833E-05  0.107982E-05
  0.123300E+03  0.190442E-05 -0.175009E-05  0.116685E-05
  0.123600E+03  0.210945E-05 -0.168905E-05  0.124161E-05
  0.123900E+03  0.229966E-05 -0.161633E-05  0.130399E-05
  0.124200E+03  0.247326E-05 -0.153338E-05  0.135391E-05
  0.124500E+03  0.262851E-05 -0.144194E-05  0.139132E-05
  0.124800E+03  0.276375E-05 -0.134392E-05  0.141622E-05
  0.125100E+03  0.287740E-05 -0.124132E-05  0.142867E-05
  0.125400E+03  0.296807E-05 -0.113606E-05  0.142883E-05
  0.125700E+03  0.303457E-05 -0.102990E-05  0.141689E-05
  0.126000E+03  0.307594E-05 -0.924382E-06  0.139319E-05
  0.126300E+03  0.309152E-05 -0.820796E-06  0.135810E-05
  0.126600E+03  0.308098E-05 -0.720170E-06  0.131212E-05
  0.126900E+03  0.304435E-05 -0.623230E-06  0.125583E-05
  0.127200E+03  0.298202E-05 -0.530400E-06  0.118984E-05
  0.127500E+03  0.289480E-05 -0.441825E-06  0.111486E-05
  0.127800E+03  0.278393E-05 -0.357419E-06  0.103165E-05
  0.128100E+03  0.265099E-05 -0.276918E-06  0.941045E-06
  0.128400E+03  0.249794E-05 -0.199919E-06  0.843942E-06
  0.128700E+03  0.232703E-05 -0.125931E-06  0.741315E-06
  0.129000E+03  0.214076E-05 -0.544166E-07  0.634211E-06
  0.129300E+03  0.194186E-05  0.151696E-07  0.523742E-06
  0.129600E+03  0.173317E-05  0.833756E-07  0.411093E-06
  0.129900E+03  0.151760E-05  0.150753E-06  0.297530E-06
  0.130200E+03  0.129804E-05  0.217846E-06  0.184400E-06
  0.130500E+03  0.107734E-05  0.285155E-06  0.731157E-07
  0.130800E+03  0.858214E-06  0.353089E-06 -0.348704E-07
  0.131100E+03  0.643236E-06  0.421918E-06 -0.138108E-06
  0.131400E+03  0.434759E-06  0.491733E-06 -0.235194E-06
  0.131700E+03  0.234863E-06  0.562434E-06 -0.324815E-06
  0.132000E+03  0.453242E-07  0.633752E-06 -0.405804E-06
  0.132300E+03 -0.132409E-06  0.705316E-06 -0.477196E-06
  0.132600E+03 -0.297216E-06  0.776727E-06 -0.538282E-06
  0.132900E+03 -0.448300E-06  0.847623E-06 -0.588632E-06
  0.133200E+03 -0.585175E-06  0.917707E-06 -0.628075E-06
  0.133500E+03 -0.707615E-06  0.986732E-06 -0.656660E-06
  0.133800E+03 -0.815587E-06  0.105446E-05 -0.674612E-06
  0.134100E+03 -0.909151E-06  0.112059E-05 -0.682293E-06
  0.134400E+03 -0.988390E-06  0.118472E-05 -0.680147E-06
  0.134700E+03 -0.105338E-05  0.124630E-05 -0.668664E-06
  0.135000E+03 -0.110417E-05  0.130466E-05 -0.648340E-06
  0.135300E+03 -0.114087E-05  0.135895E-05 -0.619657E-06
  0.135600E+03 -0.116364E-05  0.140825E-05 -0.583064E-06
  0.135900E+03 -0.117284E-05  0.145156E-05 -0.538985E-06
  0.136200E+03 -0.116906E-05  0.148792E-05 -0.487848E-06
  0.136500E+03 -0.115318E-05  0.151640E-05 -0.430132E-06
  0.136800E+03 -0.112640E-05  0.153624E-05 -0.366419E-06
  0.137100E+03 -0.109016E-05  0.154686E-05 -0.297436E-06
  0.137400E+03 -0.104608E-05  0.154789E-05 -0.224082E-06
  0.137700E+03 -0.995934E-06  0.153919E-05 -0.147435E-06
  0.138000E+03 -0.941463E-06  0.152079E-05 -0.687179E-07
  0.138300E+03 -0.884338E-06  0.149290E-05  0.107558E-07
  0.138600E+03 -0.826065E-06  0.145589E-05  0.896568E-07
  0.138900E+03 -0.767945E-06  0.141023E-05  0.166707E-06
  0.139200E+03 -0.711074E-06  0.135649E-05  0.240720E-06
  0.139500E+03 -0.656337E-06  0.129527E-05  0.310617E-06
  0.139800E+03 -0.604423E-06  0.122724E-05  0.375418E-06
  0.140100E+03 -0.555834E-06  0.115311E-05  0.434243E-06
  0.140400E+03 -0.510912E-06  0.107370E-05  0.486298E-06
  0.140700E+03 -0.469881E-06  0.989959E-06  0.530876E-06
  0.141000E+03 -0.432887E-06  0.902956E-06  0.567360E-06
  0.141300E+03 -0.400026E-06  0.813882E-06  0.595243E-06
  0.141600E+03 -0.371369E-06  0.724005E-06  0.614144E-06
  0.141900E+03 -0.346985E-06  0.634602E-06  0.623839E-06
  0.142200E+03 -0.326970E-06  0.546885E-06  0.624267E-06
  0.142500E+03 -0.311484E-06  0.461903E-06  0.615538E-06
  0.142800E+03 -0.300777E-06  0.380462E-06  0.597920E-06
  0.143100E+03 -0.295191E-06  0.303072E-06  0.571828E-06
  0.143400E+03 -0.295136E-06  0.229924E-06  0.537820E-06
  0.143700E+03 -0.301060E-06  0.160895E-06  0.496575E-06
  0.144000E+03 -0.313397E-06  0.955761E-07  0.448886E-06
  0.144300E+03 -0.332518E-06  0.333316E-07  0.395620E-06
  0.144600E+03 -0.358667E-06 -0.266145E-07  0.337702E-06
  0.144900E+03 -0.391900E-06 -0.850623E-07  0.276074E-06
  0.145200E+03 -0.432032E-06 -0.142726E-06  0.211663E-06
  0.145500E+03 -0.478593E-06 -0.200143E-06  0.145342E-06
  0.145800E+03 -0.530819E-06 -0.257625E-06  0.778972E-07
  0.146100E+03 -0.587664E-06 -0.315244E-06  0.100027E-07
  0.146400E+03 -0.647848E-06 -0.372868E-06 -0.577900E-07
  0.146700E+03 -0.709923E-06 -0.430229E-06 -0.125048E-06
  0.147000E+03 -0.772335E-06 -0.486972E-06 -0.191440E-06
  0.147300E+03 -0.833495E-06 -0.542708E-06 -0.256703E-06
  0.147600E+03 -0.891818E-06 -0.597036E-06 -0.320609E-06
  0.147900E+03 -0.945750E-06 -0.649562E-06 -0.382922E-06
  0.148200E+03 -0.993791E-06 -0.699898E-06 -0.443373E-06
  0.148500E+03 -0.103451E-05 -0.747666E-06 -0.501643E-06
  0.148800E+03 -0.106655E-05 -0.792516E-06 -0.557349E-06
  0.149100E+03 -0.108870E-05 -0.834142E-06 -0.610033E-06
  0.149400E+03 -0.109982E-05 -0.872307E-06 -0.659155E-06
  0.149700E+03 -0.109896E-05 -0.906851E-06 -0.704106E-06
  0.150000E+03 -0.108529E-05 -0.937692E-06 -0.744241E-06
  0.150300E+03 -0.105813E-05 -0.964817E-06 -0.778929E-06
  0.150600E+03 -0.101694E-05 -0.988255E-06 -0.807604E-06
  0.150900E+03 -0.961370E-06 -0.100804E-05 -0.829804E-06
  0.151200E+03 -0.891260E-06 -0.102419E-05 -0.845191E-06
  0.151500E+03 -0.806674E-06 -0.103669E-05 -0.853548E-06
  0.151800E+03 -0.707954E-06 -0.104548E-05 -0.854770E-06
  0.152100E+03 -0.595737E-06 -0.105050E-05 -0.848855E-06
  0.152400E+03 -0.470973E-06 -0.105166E-05 -0.835892E-06
  0.152700E+03 -0.334915E-06 -0.104889E-05 -0.816056E-06
  0.153000E+03 -0.189088E-06 -0.104209E-05 -0.789597E-06
  0.153300E+03 -0.352606E-07 -0.103120E-05 -0.756830E-06
  0.153600E+03  0.124613E-06 -0.101617E-05 -0.718111E-06
  0.153900E+03  0.288447E-06 -0.997002E-06 -0.673805E-06
  0.154200E+03  0.454075E-06 -0.973775E-06 -0.624266E-06
  0.154500E+03  0.619298E-06 -0.946613E-06 -0.569823E-06
  0.154800E+03  0.781909E-06 -0.915681E-06 -0.510792E-06
  0.155100E+03  0.939708E-06 -0.881136E-06 -0.447494E-06
  0.155400E+03  0.109052E-05 -0.843090E-06 -0.380286E-06
  0.155700E+03  0.123220E-05 -0.801590E-06 -0.309592E-06
  0.156000E+03  0.136271E-05 -0.756616E-06 -0.235921E-06
  0.156300E+03  0.148015E-05 -0.708110E-06 -0.159872E-06
  0.156600E+03  0.158281E-05 -0.655999E-06 -0.821368E-07
  0.156900E+03  0.166917E-05 -0.600231E-06 -0.347537E-08
  0.157200E+03  0.173799E-05 -0.540797E-06  0.753030E-07
  0.157500E+03  0.178823E-05 -0.477752E-06  0.153375E-06
  0.157800E+03  0.181917E-05 -0.411219E-06  0.229935E-06
  0.158100E+03  0.183030E-05 -0.341400E-06  0.304234E-06
  0.158400E+03  0.182145E-05 -0.268590E-06  0.375603E-06
  0.158700E+03  0.179271E-05 -0.193183E-06  0.443486E-06
  0.159000E+03  0.174445E-05 -0.115679E-06  0.507455E-06
  0.159300E+03  0.167738E-05 -0.366893E-07  0.567202E-06
  0.159600E+03  0.159250E-05  0.430678E-07  0.622510E-06
  0.159900E+03  0.149111E-05  0.122776E-06  0.673212E-06
  0.160200E+03  0.137479E-05  0.201550E-06  0.719158E-06
  0.160500E+03  0.124534E-05  0.278472E-06  0.760177E-06
  0.160800E+03  0.110480E-05  0.352628E-06  0.796068E-06
  0.161100E+03  0.955322E-06  0.423136E-06  0.826587E-06
  0.161400E+03  0.799184E-06  0.489149E-06  0.851478E-06
  0.161700E+03  0.638737E-06  0.549858E-06  0.870501E-06
  0.162000E+03  0.476366E-06  0.604481E-06  0.883470E-06
  0.162300E+03  0.314459E-06  0.652261E-06  0.890275E-06
  0.162600E+03  0.155368E-06  0.692479E-06  0.890890E-06
  0.162900E+03  0.136916E-08  0.724481E-06  0.885358E-06
  0.163200E+03 -0.145391E-06  0.747721E-06  0.873772E-06
  0.163500E+03 -0.282939E-06  0.761821E-06  0.856238E-06
  0.163800E+03 -0.409520E-06  0.766623E-06  0.832849E-06
  0.164100E+03 -0.523619E-06  0.762232E-06  0.803655E-06
  0.164400E+03 -0.623968E-06  0.749032E-06  0.768659E-06
  0.164700E+03 -0.709541E-06  0.727668E-06  0.727839E-06
  0.165000E+03 -0.779553E-06  0.699003E-06  0.681191E-06
  0.165300E+03 -0.833459E-06  0.664056E-06  0.628783E-06
  0.165600E+03 -0.870957E-06  0.623940E-06  0.570804E-06
  0.165900E+03 -0.891989E-06  0.579800E-06  0.507607E-06
  0.166200E+03 -0.896723E-06  0.532764E-06  0.439716E-06
  0.166500E+03 -0.885535E-06  0.483895E-06  0.367832E-06
  0.166800E+03 -0.859006E-06  0.434151E-06  0.292805E-06
  0.167100E+03 -0.817918E-06  0.384363E-06  0.215595E-06
  0.167400E+03 -0.763269E-06  0.335216E-06  0.137214E-06
  0.167700E+03 -0.696283E-06  0.287263E-06  0.586616E-07
  0.168000E+03 -0.618410E-06  0.240946E-06 -0.191345E-07
  0.168300E+03 -0.531313E-06  0.196631E-06 -0.953559E-07
  0.168600E+03 -0.436843E-06  0.154636E-06 -0.169313E-06
  0.168900E+03 -0.337004E-06  0.115261E-06 -0.240437E-06
  0.169200E+03 -0.233913E-06  0.787938E-07 -0.308262E-06
  0.169500E+03 -0.129760E-06  0.455304E-07 -0.372375E-06
  0.169800E+03 -0.267538E-07  0.157754E-07 -0.432372E-06
  0.170100E+03  0.729342E-07 -0.101486E-07 -0.487816E-06
  0.170400E+03  0.167241E-06 -0.318995E-07 -0.538209E-06
  0.170700E+03  0.254277E-06 -0.491182E-07 -0.582994E-06
  0.171000E+03  0.332380E-06 -0.614375E-07 -0.621580E-06
  0.171300E+03  0.400156E-06 -0.684987E-07 -0.653381E-06
  0.171600E+03  0.456494E-06 -0.699764E-07 -0.677862E-06
  0.171900E+03  0.500575E-06 -0.656113E-07 -0.694594E-06
  0.172200E+03  0.531863E-06 -0.552457E-07 -0.703311E-06
  0.172500E+03  0.550098E-06 -0.388582E-07 -0.703957E-06
  0.172800E+03  0.555258E-06 -0.165929E-07 -0.696711E-06
  0.173100E+03  0.547512E-06  0.112223E-07 -0.681982E-06
  0.173400E+03  0.527154E-06  0.440644E-07 -0.660375E-06
  0.173700E+03  0.494551E-06  0.812133E-07 -0.632636E-06
  0.174000E+03  0.450110E-06  0.121767E-06 -0.599595E-06
  0.174300E+03  0.394273E-06  0.164673E-06 -0.562110E-06
  0.174600E+03  0.327526E-06  0.208781E-06 -0.521021E-06
  0.174900E+03  0.250425E-06  0.252883E-06 -0.477120E-06
  0.175200E+03  0.163624E-06  0.295773E-06 -0.431119E-06
  0.175500E+03  0.679180E-07  0.336286E-06 -0.383633E-06
  0.175800E+03 -0.357395E-07  0.373332E-06 -0.335177E-06
  0.176100E+03 -0.146220E-06  0.405931E-06 -0.286175E-06
  0.176400E+03 -0.262221E-06  0.433238E-06 -0.236983E-06
  0.176700E+03 -0.382271E-06  0.454564E-06 -0.187913E-06
  0.177000E+03 -0.504742E-06  0.469401E-06 -0.139256E-06
  0.177300E+03 -0.627874E-06  0.477428E-06 -0.912970E-07
  0.177600E+03 -0.749810E-06  0.478501E-06 -0.443173E-07
  0.177900E+03 -0.868638E-06  0.472646E-06  0.140457E-08
  0.178200E+03 -0.982434E-06  0.460035E-06  0.455999E-07
  0.178500E+03 -0.108931E-05  0.440967E-06  0.880138E-07
  0.178800E+03 -0.118747E-05  0.415845E-06  0.128405E-06
  0.179100E+03 -0.127522E-05  0.385145E-06  0.166548E-06
  0.179400E+03 -0.135106E-05  0.349394E-06  0.202232E-06
  0.179700E+03 -0.141363E-05  0.309165E-06  0.235262E-06
  0.180000E+03 -0.146181E-05  0.265055E-06  0.265454E-06
  0.180300E+03 -0.149466E-05  0.217682E-06  0.292621E-06
  0.180600E+03 -0.151147E-05  0.167671E-06  0.316572E-06
  0.180900E+03 -0.151177E-05  0.115632E-06  0.337090E-06
  0.181200E+03 -0.149527E-05  0.621517E-07  0.353934E-06
  0.181500E+03 -0.146192E-05  0.777086E-08  0.366833E-06
  0.181800E+03 -0.141184E-05 -0.470320E-07  0.375496E-06
  0.182100E+03 -0.134533E-05 -0.101858E-06  0.379638E-06
  0.182400E+03 -0.126284E-05 -0.156398E-06  0.379011E-06
  0.182700E+03 -0.116499E-05 -0.210429E-06  0.373455E-06
  0.183000E+03 -0.105251E-05 -0.263803E-06  0.362937E-06
  0.183300E+03 -0.926281E-06 -0.316417E-06  0.347584E-06
  0.183600E+03 -0.787326E-06 -0.368179E-06  0.327689E-06
  0.183900E+03 -0.636814E-06 -0.418978E-06  0.303704E-06
  0.184200E+03 -0.476071E-06 -0.468647E-06  0.276210E-06
  0.184500E+03 -0.306591E-06 -0.516940E-06  0.245867E-06
  0.184800E+03 -0.130045E-06 -0.563521E-06  0.213367E-06
  0.185100E+03  0.517087E-07 -0.607966E-06  0.179368E-06
  0.185400E+03  0.236638E-06 -0.649780E-06  0.144452E-06
  0.185700E+03  0.422561E-06 -0.688420E-06  0.109083E-06
  0.186000E+03  0.607208E-06 -0.723314E-06  0.735930E-07
  0.186300E+03  0.788297E-06 -0.753890E-06  0.381889E-07
  0.186600E+03  0.963612E-06 -0.779600E-06  0.296647E-08
  0.186900E+03  0.113106E-05 -0.799938E-06 -0.320595E-07
  0.187200E+03  0.128873E-05 -0.814455E-06 -0.669182E-07
  0.187500E+03  0.143488E-05 -0.822773E-06 -0.101638E-06
  0.187800E+03  0.156796E-05 -0.824583E-06 -0.136199E-06
  0.188100E+03  0.168663E-05 -0.819640E-06 -0.170485E-06
  0.188400E+03  0.178974E-05 -0.807768E-06 -0.204261E-06
  0.188700E+03  0.187635E-05 -0.788856E-06 -0.237168E-06
  0.189000E+03  0.194576E-05 -0.762862E-06 -0.268735E-06
  0.189300E+03  0.199746E-05 -0.729827E-06 -0.298413E-06
  0.189600E+03  0.203118E-05 -0.689876E-06 -0.325609E-06
  0.189900E+03  0.204681E-05 -0.643235E-06 -0.349727E-06
  0.190200E+03  0.204439E-05 -0.590229E-06 -0.370205E-06
  0.190500E+03  0.202405E-05 -0.531283E-06 -0.386551E-06
  0.190800E+03  0.198602E-05 -0.466917E-06 -0.398362E-06
  0.191100E+03  0.193059E-05 -0.397737E-06 -0.405334E-06
  0.191400E+03  0.185809E-05 -0.324435E-06 -0.407272E-06
  0.191700E+03  0.176900E-05 -0.247789E-06 -0.404092E-06
  0.192000E+03  0.166385E-05 -0.168662E-06 -0.395811E-06
  0.192300E+03  0.154336E-05 -0.879881E-07 -0.382542E-06
  0.192600E+03  0.140837E-05 -0.676078E-08 -0.364485E-06
  0.192900E+03  0.125993E-05  0.739860E-07 -0.341920E-06
  0.193200E+03  0.109929E-05  0.153193E-06 -0.315188E-06
  0.193500E+03  0.927895E-06  0.229792E-06 -0.284671E-06
  0.193800E+03  0.747431E-06  0.302730E-06 -0.250774E-06
  0.194100E+03  0.559777E-06  0.370998E-06 -0.213898E-06
  0.194400E+03  0.367008E-06  0.433656E-06 -0.174429E-06
  0.194700E+03  0.171355E-06  0.489866E-06 -0.132730E-06
  0.195000E+03 -0.248391E-07  0.538910E-06 -0.891411E-07
  0.195300E+03 -0.219191E-06  0.580205E-06 -0.439819E-07
  0.195600E+03 -0.409352E-06  0.613318E-06  0.245020E-08
  0.195900E+03 -0.593080E-06  0.637978E-06  0.498767E-07
  0.196200E+03 -0.768312E-06  0.654089E-06  0.980319E-07
  0.196500E+03 -0.933205E-06  0.661736E-06  0.146652E-06
  0.196800E+03 -0.108617E-05  0.661175E-06  0.195466E-06
  0.197100E+03 -0.122588E-05  0.652817E-06  0.244180E-06
  0.197400E+03 -0.135129E-05  0.637190E-06  0.292460E-06
  0.197700E+03 -0.146159E-05  0.614915E-06  0.339917E-06
  0.198000E+03 -0.155624E-05  0.586670E-06  0.386080E-06
  0.198300E+03 -0.163486E-05  0.553166E-06  0.430389E-06
  0.198600E+03 -0.169727E-05  0.515116E-06  0.472203E-06
  0.198900E+03 -0.174344E-05  0.473221E-06  0.510818E-06
  0.199200E+03 -0.177350E-05  0.428152E-06  0.545506E-06
  0.199500E+03 -0.178769E-05  0.380545E-06  0.575553E-06
  0.199800E+03 -0.178638E-05  0.330993E-06  0.600301E-06
  0.200100E+03 -0.177005E-05  0.280047E-06  0.619177E-06
  0.200400E+03 -0.173928E-05  0.228226E-06  0.631713E-06
  0.200700E+03 -0.169473E-05  0.176025E-06  0.637550E-06
  0.201000E+03 -0.163719E-05  0.123927E-06  0.636436E-06
  0.201300E+03 -0.156752E-05  0.724147E-07  0.628230E-06
  0.201600E+03 -0.148675E-05  0.219777E-07  0.612896E-06
  0.201900E+03 -0.139600E-05 -0.268818E-07  0.590515E-06
  0.202200E+03 -0.129655E-05 -0.736455E-07  0.561281E-06
  0.202500E+03 -0.118970E-05 -0.117783E-06  0.525499E-06
  0.202800E+03 -0.107680E-05 -0.158767E-06  0.483567E-06
  0.203100E+03 -0.959156E-06 -0.196093E-06  0.435970E-06
  0.203400E+03 -0.837960E-06 -0.229306E-06  0.383264E-06
  0.203700E+03 -0.714289E-06 -0.258022E-06  0.326079E-06
  0.204000E+03 -0.589078E-06 -0.281949E-06  0.265114E-06
  0.204300E+03 -0.463137E-06 -0.300903E-06  0.201130E-06
  0.204600E+03 -0.337174E-06 -0.314821E-06  0.134936E-06
  0.204900E+03 -0.211835E-06 -0.323752E-06  0.673728E-07
  0.205200E+03 -0.877333E-07 -0.327844E-06 -0.710408E-09
  0.205500E+03  0.345229E-07 -0.327313E-06 -0.684783E-07
  0.205800E+03  0.154333E-06 -0.322421E-06 -0.135137E-06
  0.206100E+03  0.271118E-06 -0.313446E-06 -0.199954E-06
  0.206400E+03  0.384345E-06 -0.300665E-06 -0.262277E-06
  0.206700E+03  0.493549E-06 -0.284330E-06 -0.321525E-06
  0.207000E+03  0.598358E-06 -0.264663E-06 -0.377188E-06
  0.207300E+03  0.698493E-06 -0.241838E-06 -0.428799E-06
  0.207600E+03  0.793747E-06 -0.215993E-06 -0.475914E-06
  0.207900E+03  0.883942E-06 -0.187228E-06 -0.518100E-06
  0.208200E+03  0.968873E-06 -0.155629E-06 -0.554920E-06
  0.208500E+03  0.104826E-05 -0.121288E-06 -0.585938E-06
  0.208800E+03  0.112170E-05 -0.843329E-07 -0.610737E-06
  0.209100E+03  0.118865E-05 -0.449576E-07 -0.628941E-06
  0.209400E+03  0.124844E-05 -0.345449E-08 -0.640242E-06
  0.209700E+03  0.130030E-05  0.397631E-07 -0.644431E-06
  0.210000E+03  0.134337E-05  0.841489E-07 -0.641415E-06
  0.210300E+03  0.137678E-05  0.129028E-06 -0.631232E-06
  0.210600E+03  0.139970E-05  0.173621E-06 -0.614067E-06
  0.210900E+03  0.141140E-05  0.217089E-06 -0.590253E-06
  0.211200E+03  0.141126E-05  0.258599E-06 -0.560265E-06
  0.211500E+03  0.139887E-05  0.297380E-06 -0.524708E-06
  0.211800E+03  0.137399E-05  0.332779E-06 -0.484294E-06
  0.212100E+03  0.133662E-05  0.364290E-06 -0.439813E-06
  0.212400E+03  0.128700E-05  0.391563E-06 -0.392099E-06
  0.212700E+03  0.122560E-05  0.414388E-06 -0.341995E-06
  0.213000E+03  0.115309E-05  0.432665E-06 -0.290322E-06
  0.213300E+03  0.107036E-05  0.446365E-06 -0.237851E-06
  0.213600E+03  0.978428E-06  0.455501E-06 -0.185284E-06
  0.213900E+03  0.878462E-06  0.460106E-06 -0.133239E-06
  0.214200E+03  0.771700E-06  0.460219E-06 -0.822508E-07
  0.214500E+03  0.659445E-06  0.455873E-06 -0.327691E-07
  0.214800E+03  0.543030E-06  0.447093E-06  0.148349E-07
  0.215100E+03  0.423788E-06  0.433892E-06  0.602582E-07
  0.215400E+03  0.303024E-06  0.416284E-06  0.103250E-06
  0.215700E+03  0.181991E-06  0.394303E-06  0.143588E-06
  0.216000E+03  0.618806E-07  0.368023E-06  0.181053E-06
  0.216300E+03 -0.561940E-07  0.337585E-06  0.215405E-06
  0.216600E+03 -0.171199E-06  0.303212E-06  0.246361E-06
  0.216900E+03 -0.282185E-06  0.265222E-06  0.273596E-06
  0.217200E+03 -0.388291E-06  0.224032E-06  0.296755E-06
  0.217500E+03 -0.488738E-06  0.180157E-06  0.315486E-06
  0.217800E+03 -0.582817E-06  0.134199E-06  0.329483E-06
  0.218100E+03 -0.669889E-06  0.868299E-07  0.338543E-06
  0.218400E+03 -0.749373E-06  0.387629E-07  0.342604E-06
  0.218700E+03 -0.820757E-06 -0.928020E-08  0.341771E-06
  0.219000E+03 -0.883609E-06 -0.566052E-07  0.336326E-06
  0.219300E+03 -0.937594E-06 -0.102581E-06  0.326712E-06
  0.219600E+03 -0.982496E-06 -0.146671E-06  0.313499E-06
  0.219900E+03 -0.101822E-05 -0.188454E-06  0.297341E-06
  0.220200E+03 -0.104479E-05 -0.227638E-06  0.278923E-06
  0.220500E+03 -0.106238E-05 -0.264048E-06  0.258913E-06
  0.220800E+03 -0.107125E-05 -0.297607E-06  0.237921E-06
  0.221100E+03 -0.107178E-05 -0.328306E-06  0.216474E-06
  0.221400E+03 -0.106443E-05 -0.356166E-06  0.195004E-06
  0.221700E+03 -0.104970E-05 -0.381213E-06  0.173852E-06
  0.222000E+03 -0.102815E-05 -0.403445E-06  0.153275E-06
  0.222300E+03 -0.100031E-05 -0.422818E-06  0.133452E-06
  0.222600E+03 -0.966705E-06 -0.439236E-06  0.114500E-06
  0.222900E+03 -0.927819E-06 -0.452560E-06  0.964794E-07
  0.223200E+03 -0.884104E-06 -0.462622E-06  0.794155E-07
  0.223500E+03 -0.835995E-06 -0.469247E-06  0.633106E-07
  0.223800E+03 -0.783935E-06 -0.472267E-06  0.481585E-07
  0.224100E+03 -0.728389E-06 -0.471540E-06  0.339559E-07
  0.224400E+03 -0.669863E-06 -0.466962E-06  0.207071E-07
  0.224700E+03 -0.608901E-06 -0.458491E-06  0.841902E-08
  0.225000E+03 -0.546066E-06 -0.446174E-06 -0.291326E-08
  0.225300E+03 -0.481919E-06 -0.430184E-06 -0.133260E-07
  0.225600E+03 -0.416986E-06 -0.410846E-06 -0.229022E-07
  0.225900E+03 -0.351739E-06 -0.388652E-06 -0.317754E-07
  0.226200E+03 -0.286581E-06 -0.364251E-06 -0.401205E-07
  0.226500E+03 -0.221860E-06 -0.338422E-06 -0.481321E-07
  0.226800E+03 -0.157879E-06 -0.312020E-06 -0.559969E-07
  0.227100E+03 -0.949254E-07 -0.285905E-06 -0.638621E-07
  0.227400E+03 -0.332966E-07 -0.260867E-06 -0.718033E-07
  0.227700E+03  0.266791E-07 -0.237551E-06 -0.797996E-07
  0.228000E+03  0.846295E-07 -0.216401E-06 -0.877207E-07
  0.228300E+03  0.140139E-06 -0.197631E-06 -0.953291E-07
  0.228600E+03  0.192759E-06 -0.181223E-06 -0.102299E-06
  0.228900E+03  0.242036E-06 -0.166961E-06 -0.108249E-06
  0.229200E+03  0.287531E-06 -0.154483E-06 -0.112787E-06
  0.229500E+03  0.328849E-06 -0.143340E-06 -0.115559E-06
  0.229800E+03  0.365656E-06 -0.133058E-06 -0.116293E-06
  0.230100E+03  0.397698E-06 -0.123184E-06 -0.114836E-06
  0.230400E+03  0.424824E-06 -0.113315E-06 -0.111168E-06
  0.230700E+03  0.446998E-06 -0.103122E-06 -0.105397E-06
  0.231000E+03  0.464302E-06 -0.923422E-07 -0.977332E-07
  0.231300E+03  0.476930E-06 -0.807698E-07 -0.884616E-07
  0.231600E+03  0.485173E-06 -0.682374E-07 -0.779036E-07
  0.231900E+03  0.489395E-06 -0.545911E-07 -0.663899E-07
  0.232200E+03  0.490019E-06 -0.396695E-07 -0.542414E-07
  0.232500E+03  0.487510E-06 -0.232932E-07 -0.417576E-07
  0.232800E+03  0.482368E-06 -0.526876E-08 -0.292102E-07
  0.233100E+03  0.475127E-06  0.145899E-07 -0.168382E-07
  0.233400E+03  0.466350E-06  0.364314E-07 -0.484427E-08
  0.233700E+03  0.456612E-06  0.603362E-07  0.660683E-08
  0.234000E+03  0.446478E-06  0.862953E-07  0.173887E-07
  0.234300E+03  0.436486E-06  0.114201E-06  0.274127E-07
  0.234600E+03  0.427123E-06  0.143852E-06  0.366275E-07
  0.234900E+03  0.418805E-06  0.174963E-06  0.450196E-07
  0.235200E+03  0.411868E-06  0.207187E-06  0.526099E-07
  0.235500E+03  0.406559E-06  0.240135E-06  0.594449E-07
  0.235800E+03  0.403041E-06  0.273391E-06  0.655797E-07
  0.236100E+03  0.401403E-06  0.306525E-06  0.710575E-07
  0.236400E+03  0.401680E-06  0.339098E-06  0.758913E-07
  0.236700E+03  0.403855E-06  0.370665E-06  0.800515E-07
  0.237000E+03  0.407873E-06  0.400776E-06  0.834619E-07
  0.237300E+03  0.413635E-06  0.428980E-06  0.860047E-07
  0.237600E+03  0.420987E-06  0.454834E-06  0.875335E-07
  0.237900E+03  0.429703E-06  0.477909E-06  0.878923E-07
  0.238200E+03  0.439463E-06  0.497801E-06  0.869365E-07
  0.238500E+03  0.449843E-06  0.514145E-06  0.845502E-07
  0.238800E+03  0.460316E-06  0.526632E-06  0.806587E-07
  0.239100E+03  0.470264E-06  0.535015E-06  0.752359E-07
  0.239400E+03  0.479010E-06  0.539128E-06  0.683092E-07
  0.239700E+03  0.485859E-06  0.538891E-06  0.599612E-07
  0.240000E+03  0.490134E-06  0.534311E-06  0.503269E-07
  0.240300E+03  0.491217E-06  0.525471E-06  0.395860E-07
  0.240600E+03  0.488579E-06  0.512518E-06  0.279474E-07
  0.240900E+03  0.481792E-06  0.495649E-06  0.156305E-07
  0.241200E+03  0.470539E-06  0.475096E-06  0.284540E-08
  0.241500E+03  0.454611E-06  0.451122E-06 -0.102211E-07
  0.241800E+03  0.433901E-06  0.424014E-06 -0.234132E-07
  0.242100E+03  0.408386E-06  0.394087E-06 -0.366052E-07
  0.242400E+03  0.378109E-06  0.361666E-06 -0.496959E-07
  0.242700E+03  0.343160E-06  0.327085E-06 -0.625987E-07
  0.243000E+03  0.303656E-06  0.290664E-06 -0.752304E-07
  0.243300E+03  0.259728E-06  0.252703E-06 -0.875011E-07
  0.243600E+03  0.211526E-06  0.213471E-06 -0.993045E-07
  0.243900E+03  0.159225E-06  0.173204E-06 -0.110513E-06
  0.244200E+03  0.103042E-06  0.132101E-06 -0.120976E-06
  0.244500E+03  0.432536E-07  0.903336E-07 -0.130529E-06
  0.244800E+03 -0.197910E-07  0.480431E-07 -0.138992E-06
  0.245100E+03 -0.856671E-07  0.535880E-08 -0.146178E-06
  0.245400E+03 -0.153882E-06 -0.375900E-07 -0.151893E-06
  0.245700E+03 -0.223890E-06 -0.806553E-07 -0.155931E-06
  0.246000E+03 -0.295120E-06 -0.123652E-06 -0.158075E-06
  0.246300E+03 -0.366999E-06 -0.166344E-06 -0.158096E-06
  0.246600E+03 -0.438974E-06 -0.208429E-06 -0.155765E-06
  0.246900E+03 -0.510524E-06 -0.249542E-06 -0.150864E-06
  0.247200E+03 -0.581164E-06 -0.289249E-06 -0.143209E-06
  0.247500E+03 -0.650442E-06 -0.327069E-06 -0.132668E-06
  0.247800E+03 -0.717921E-06 -0.362496E-06 -0.119178E-06
  0.248100E+03 -0.783155E-06 -0.395030E-06 -0.102746E-06
  0.248400E+03 -0.845665E-06 -0.424217E-06 -0.834579E-07
  0.248700E+03 -0.904911E-06 -0.449678E-06 -0.614613E-07
  0.249000E+03 -0.960286E-06 -0.471132E-06 -0.369581E-07
  0.249300E+03 -0.101112E-05 -0.488418E-06 -0.101920E-07
  0.249600E+03 -0.105670E-05 -0.501493E-06  0.185600E-07
  0.249900E+03 -0.109632E-05 -0.510428E-06  0.489905E-07
  0.250200E+03 -0.112932E-05 -0.515390E-06  0.807593E-07
  0.250500E+03 -0.115511E-05 -0.516626E-06  0.113484E-06
  0.250800E+03 -0.117324E-05 -0.514443E-06  0.146728E-06
  0.251100E+03 -0.118333E-05 -0.509204E-06  0.179992E-06
  0.251400E+03 -0.118513E-05 -0.501308E-06  0.212708E-06
  0.251700E+03 -0.117846E-05 -0.491180E-06  0.244244E-06
  0.252000E+03 -0.116320E-05 -0.479253E-06  0.273924E-06
  0.252300E+03 -0.113925E-05 -0.465944E-06  0.301047E-06
  0.252600E+03 -0.110659E-05 -0.451625E-06  0.324917E-06
  0.252900E+03 -0.106520E-05 -0.436599E-06  0.344877E-06
  0.253200E+03 -0.101517E-05 -0.421075E-06  0.360345E-06
  0.253500E+03 -0.956683E-06 -0.405159E-06  0.370833E-06
  0.253800E+03 -0.889986E-06 -0.388856E-06  0.375976E-06
  0.254100E+03 -0.815441E-06 -0.372073E-06  0.375532E-06
  0.254400E+03 -0.733481E-06 -0.354632E-06  0.369383E-06
  0.254700E+03 -0.644600E-06 -0.336281E-06  0.357532E-06
  0.255000E+03 -0.549334E-06 -0.316700E-06  0.340081E-06
  0.255300E+03 -0.448241E-06 -0.295508E-06  0.317225E-06
  0.255600E+03 -0.341907E-06 -0.272290E-06  0.289236E-06
  0.255900E+03 -0.230950E-06 -0.246623E-06  0.256459E-06
  0.256200E+03 -0.116046E-06 -0.218120E-06  0.219306E-06
  0.256500E+03  0.204295E-08 -0.186479E-06  0.178252E-06
  0.256800E+03  0.122447E-06 -0.151522E-06  0.133825E-06
  0.257100E+03  0.244175E-06 -0.113241E-06  0.865964E-07
  0.257400E+03  0.366120E-06 -0.718154E-07  0.371701E-07
  0.257700E+03  0.487093E-06 -0.276272E-07 -0.138285E-07
  0.258000E+03  0.605863E-06  0.187565E-07 -0.657648E-07
  0.258300E+03  0.721215E-06  0.666115E-07 -0.118005E-06
  0.258600E+03  0.832000E-06  0.115102E-06 -0.169926E-06
  0.258900E+03  0.937180E-06  0.163330E-06 -0.220917E-06
  0.259200E+03  0.103587E-05  0.210396E-06 -0.270389E-06
  0.259500E+03  0.112734E-05  0.255441E-06 -0.317775E-06
  0.259800E+03  0.121104E-05  0.297693E-06 -0.362538E-06
  0.260100E+03  0.128658E-05  0.336485E-06 -0.404184E-06
  0.260400E+03  0.135369E-05  0.371274E-06 -0.442278E-06
  0.260700E+03  0.141222E-05  0.401632E-06 -0.476459E-06
  0.261000E+03  0.146205E-05  0.427238E-06 -0.506454E-06
  0.261300E+03  0.150309E-05  0.447872E-06 -0.532079E-06
  0.261600E+03  0.153521E-05  0.463401E-06 -0.553226E-06
  0.261900E+03  0.155829E-05  0.473774E-06 -0.569848E-06
  0.262200E+03  0.157211E-05  0.479018E-06 -0.581928E-06
  0.262500E+03  0.157644E-05  0.479234E-06 -0.589449E-06
  0.262800E+03  0.157101E-05  0.474607E-06 -0.592378E-06
  0.263100E+03  0.155554E-05  0.465413E-06 -0.590638E-06
  0.263400E+03  0.152978E-05  0.452016E-06 -0.584112E-06
  0.263700E+03  0.149349E-05  0.434871E-06 -0.572635E-06
  0.264000E+03  0.144652E-05  0.414509E-06 -0.556009E-06
  0.264300E+03  0.138881E-05  0.391517E-06 -0.534026E-06
  0.264600E+03  0.132039E-05  0.366517E-06 -0.506503E-06
  0.264900E+03  0.124141E-05  0.340139E-06 -0.473321E-06
  0.265200E+03  0.115217E-05  0.312997E-06 -0.434465E-06
  0.265500E+03  0.105309E-05  0.285667E-06 -0.390059E-06
  0.265800E+03  0.944717E-06  0.258668E-06 -0.340393E-06
  0.266100E+03  0.827723E-06  0.232446E-06 -0.285936E-06
  0.266400E+03  0.702889E-06  0.207366E-06 -0.227335E-06
  0.266700E+03  0.571090E-06  0.183706E-06 -0.165395E-06
  0.267000E+03  0.433292E-06  0.161671E-06 -0.101048E-06
  0.267300E+03  0.290547E-06  0.141402E-06 -0.352971E-07
  0.267600E+03  0.143983E-06  0.122998E-06  0.308326E-07
  0.267900E+03 -0.520309E-08  0.106538E-06  0.963503E-07
  0.268200E+03 -0.155768E-06  0.920964E-07  0.160347E-06
  0.268500E+03 -0.306443E-06  0.797472E-07  0.222029E-06
  0.268800E+03 -0.455952E-06  0.695637E-07  0.280741E-06
  0.269100E+03 -0.603042E-06  0.616047E-07  0.335967E-06
  0.269400E+03 -0.746503E-06  0.558978E-07  0.387319E-06
  0.269700E+03 -0.885192E-06  0.524213E-07  0.434522E-06
  0.270000E+03 -0.101805E-05  0.510869E-07  0.477390E-06
  0.270300E+03 -0.114412E-05  0.517272E-07  0.515802E-06
  0.270600E+03 -0.126251E-05  0.540909E-07  0.549689E-06
  0.270900E+03 -0.137244E-05  0.578448E-07  0.579020E-06
  0.271200E+03 -0.147316E-05  0.625845E-07  0.603793E-06
  0.271500E+03 -0.156396E-05  0.678514E-07  0.624029E-06
  0.271800E+03 -0.164416E-05  0.731552E-07  0.639765E-06
  0.272100E+03 -0.171307E-05  0.779991E-07  0.651048E-06
  0.272400E+03 -0.177000E-05  0.819043E-07  0.657945E-06
  0.272700E+03 -0.181427E-05  0.844311E-07  0.660543E-06
  0.273000E+03 -0.184522E-05  0.851914E-07  0.658962E-06
  0.273300E+03 -0.186225E-05  0.838495E-07  0.653359E-06
  0.273600E+03 -0.186483E-05  0.801098E-07  0.643926E-06
  0.273900E+03 -0.185251E-05  0.736968E-07  0.630875E-06
  0.274200E+03 -0.182500E-05  0.643314E-07  0.614425E-06
  0.274500E+03 -0.178214E-05  0.517170E-07  0.594781E-06
  0.274800E+03 -0.172394E-05  0.355390E-07  0.572127E-06
  0.275100E+03 -0.165059E-05  0.154841E-07  0.546618E-06
  0.275400E+03 -0.156247E-05 -0.872403E-08  0.518383E-06
  0.275700E+03 -0.146014E-05 -0.372764E-07  0.487539E-06
  0.276000E+03 -0.134433E-05 -0.702283E-07  0.454198E-06
  0.276300E+03 -0.121592E-05 -0.107454E-06  0.418491E-06
  0.276600E+03 -0.107594E-05 -0.148615E-06  0.380580E-06
  0.276900E+03 -0.925567E-06 -0.193149E-06  0.340671E-06
  0.277200E+03 -0.766105E-06 -0.240280E-06  0.299024E-06
  0.277500E+03 -0.598982E-06 -0.289044E-06  0.255963E-06
  0.277800E+03 -0.425742E-06 -0.338339E-06  0.211864E-06
  0.278100E+03 -0.248035E-06 -0.386971E-06  0.167151E-06
  0.278400E+03 -0.676016E-07 -0.433715E-06  0.122280E-06
  0.278700E+03  0.113739E-06 -0.477368E-06  0.777137E-07
  0.279000E+03  0.294108E-06 -0.516796E-06  0.338995E-07
  0.279300E+03  0.471594E-06 -0.550982E-06 -0.875894E-08
  0.279600E+03  0.644281E-06 -0.579060E-06 -0.499238E-07
  0.279900E+03  0.810279E-06 -0.600339E-06 -0.893371E-07
  0.280200E+03  0.967762E-06 -0.614320E-06 -0.126823E-06
  0.280500E+03  0.111500E-05 -0.620694E-06 -0.162282E-06
  0.280800E+03  0.125037E-05 -0.619332E-06 -0.195672E-06
  0.281100E+03  0.137241E-05 -0.610263E-06 -0.226993E-06
  0.281400E+03  0.147982E-05 -0.593646E-06 -0.256272E-06
  0.281700E+03  0.157147E-05 -0.569744E-06 -0.283551E-06
  0.282000E+03  0.164641E-05 -0.538891E-06 -0.308882E-06
  0.282300E+03  0.170392E-05 -0.501470E-06 -0.332332E-06
  0.282600E+03  0.174348E-05 -0.457895E-06 -0.353987E-06
  0.282900E+03  0.176479E-05 -0.408609E-06 -0.373961E-06
  0.283200E+03  0.176778E-05 -0.354090E-06 -0.392391E-06
  0.283500E+03  0.175262E-05 -0.294880E-06 -0.409432E-06
  0.283800E+03  0.171971E-05 -0.231607E-06 -0.425234E-06
  0.284100E+03  0.166967E-05 -0.165011E-06 -0.439927E-06
  0.284400E+03  0.160334E-05 -0.959675E-07 -0.453608E-06
  0.284700E+03  0.152179E-05 -0.254861E-07 -0.466335E-06
  0.285000E+03  0.142625E-05  0.452959E-07 -0.478138E-06
  0.285300E+03  0.131810E-05  0.115144E-06 -0.489033E-06
  0.285600E+03  0.119884E-05  0.182769E-06 -0.499047E-06
  0.285900E+03  0.107006E-05  0.246875E-06 -0.508229E-06
  0.286200E+03  0.933393E-06  0.306215E-06 -0.516663E-06
  0.286500E+03  0.790480E-06  0.359636E-06 -0.524465E-06
  0.286800E+03  0.642963E-06  0.406122E-06 -0.531767E-06
  0.287100E+03  0.492465E-06  0.444827E-06 -0.538709E-06
  0.287400E+03  0.340588E-06  0.475103E-06 -0.545408E-06
  0.287700E+03  0.188908E-06  0.496515E-06 -0.551944E-06
  0.288000E+03  0.389849E-07  0.508851E-06 -0.558325E-06
  0.288300E+03 -0.107645E-06  0.512122E-06 -0.564478E-06
  0.288600E+03 -0.249469E-06  0.506555E-06 -0.570227E-06
  0.288900E+03 -0.385013E-06  0.492565E-06 -0.575294E-06
  0.289200E+03 -0.512854E-06  0.470727E-06 -0.579306E-06
  0.289500E+03 -0.631645E-06  0.441743E-06 -0.581818E-06
  0.289800E+03 -0.740138E-06  0.406396E-06 -0.582333E-06
  0.290100E+03 -0.837221E-06  0.365522E-06 -0.580343E-06
  0.290400E+03 -0.921953E-06  0.319968E-06 -0.575354E-06
  0.290700E+03 -0.993599E-06  0.270573E-06 -0.566919E-06
  0.291000E+03 -0.105166E-05  0.218152E-06 -0.554651E-06
  0.291300E+03 -0.109586E-05  0.163497E-06 -0.538231E-06
  0.291600E+03 -0.112622E-05  0.107384E-06 -0.517402E-06
  0.291900E+03 -0.114297E-05  0.505968E-07 -0.491955E-06
  0.292200E+03 -0.114655E-05 -0.605034E-08 -0.461716E-06
  0.292500E+03 -0.113765E-05 -0.616941E-07 -0.426535E-06
  0.292800E+03 -0.111705E-05 -0.115416E-06 -0.386283E-06
  0.293100E+03 -0.108568E-05 -0.166254E-06 -0.340858E-06
  0.293400E+03 -0.104452E-05 -0.213221E-06 -0.290206E-06
  0.293700E+03 -0.994541E-06 -0.255344E-06 -0.234335E-06
  0.294000E+03 -0.936707E-06 -0.291704E-06 -0.173347E-06
  0.294300E+03 -0.871914E-06 -0.321469E-06 -0.107457E-06
  0.294600E+03 -0.800993E-06 -0.343933E-06 -0.370068E-07
  0.294900E+03 -0.724718E-06 -0.358539E-06  0.375285E-07
  0.295200E+03 -0.643813E-06 -0.364887E-06  0.115549E-06
  0.295500E+03 -0.558985E-06 -0.362741E-06  0.196351E-06
  0.295800E+03 -0.470937E-06 -0.352016E-06  0.279152E-06
  0.296100E+03 -0.380396E-06 -0.332773E-06  0.363126E-06
  0.296400E+03 -0.288116E-06 -0.305206E-06  0.447438E-06
  0.296700E+03 -0.194896E-06 -0.269638E-06  0.531265E-06
  0.297000E+03 -0.101581E-06 -0.226522E-06  0.613813E-06
  0.297300E+03 -0.906720E-08 -0.176443E-06  0.694331E-06
  0.297600E+03  0.817000E-07 -0.120123E-06  0.772102E-06
  0.297900E+03  0.169734E-06 -0.584246E-07  0.846437E-06
  0.298200E+03  0.254027E-06  0.765348E-08  0.916658E-06
  0.298500E+03  0.333579E-06  0.769836E-07  0.982082E-06
  0.298800E+03  0.407442E-06  0.148330E-06  0.104200E-05
  0.299100E+03  0.474765E-06  0.220382E-06  0.109568E-05
  0.299400E+03  0.534836E-06  0.291791E-06  0.114234E-05
  0.299700E+03  0.587118E-06  0.361214E-06  0.118120E-05
  0.300000E+03  0.631267E-06  0.427355E-06  0.121146E-05
  0.300300E+03  0.667137E-06  0.488993E-06  0.123236E-05
  0.300600E+03  0.694766E-06  0.545005E-06  0.124321E-05
  0.300900E+03  0.714355E-06  0.594387E-06  0.124340E-05
  0.301200E+03  0.726237E-06  0.636265E-06  0.123248E-05
  0.301500E+03  0.730837E-06  0.669910E-06  0.121016E-05
  0.301800E+03  0.728643E-06  0.694753E-06  0.117631E-05
  0.302100E+03  0.720168E-06  0.710394E-06  0.113102E-05
  0.302400E+03  0.705927E-06  0.716610E-06  0.107459E-05
  0.302700E+03  0.686416E-06  0.713344E-06  0.100749E-05
  0.303000E+03  0.662103E-06  0.700703E-06  0.930346E-06
  0.303300E+03  0.633412E-06  0.678932E-06  0.843979E-06
  0.303600E+03  0.600731E-06  0.648407E-06  0.749330E-06
  0.303900E+03  0.564405E-06  0.609604E-06  0.647468E-06
  0.304200E+03  0.524747E-06  0.563091E-06  0.539574E-06
  0.304500E+03  0.482045E-06  0.509500E-06  0.426911E-06
  0.304800E+03  0.436573E-06  0.449516E-06  0.310811E-06
  0.305100E+03  0.388600E-06  0.383854E-06  0.192639E-06
  0.305400E+03  0.338394E-06  0.313252E-06  0.737678E-07
  0.305700E+03  0.286223E-06  0.238464E-06 -0.444543E-07
  0.306000E+03  0.232345E-06  0.160255E-06 -0.160740E-06
  0.306300E+03  0.177010E-06  0.794056E-07 -0.273893E-06
  0.306600E+03  0.120448E-06 -0.327374E-08 -0.382835E-06
  0.306900E+03  0.628703E-07 -0.869359E-07 -0.486619E-06
