  0.00000E+00  0.10602E-12 -0.16911E-13  0.73148E-13
  0.30000E+00  0.79010E-12 -0.15808E-12  0.54935E-12
  0.60000E+00  0.31257E-11 -0.72192E-12  0.20371E-11
  0.90000E+00  0.93200E-11 -0.22045E-11  0.50460E-11
  0.12000E+01  0.24196E-10 -0.52122E-11  0.95174E-11
  0.15000E+01  0.57256E-10 -0.10474E-10  0.14860E-10
  0.18000E+01  0.12418E-09 -0.19128E-10  0.20754E-10
  0.21000E+01  0.24712E-09 -0.33177E-10  0.28327E-10
  0.24000E+01  0.45406E-09 -0.55585E-10  0.40963E-10
  0.27000E+01  0.77758E-09 -0.89424E-10  0.64259E-10
  0.30000E+01  0.12536E-08 -0.13596E-09  0.10515E-09
  0.33000E+01  0.19198E-08 -0.19215E-09  0.17064E-09
  0.36000E+01  0.28125E-08 -0.24865E-09  0.26671E-09
  0.39000E+01  0.39623E-08 -0.28999E-09  0.39788E-09
  0.42000E+01  0.53904E-08 -0.29695E-09  0.56787E-09
  0.45000E+01  0.71067E-08 -0.24967E-09  0.78072E-09
  0.48000E+01  0.91108E-08 -0.13033E-09  0.10416E-08
  0.51000E+01  0.11394E-07  0.74371E-10  0.13571E-08
  0.54000E+01  0.13943E-07  0.37122E-09  0.17354E-08
  0.57000E+01  0.16737E-07  0.76000E-09  0.21860E-08
  0.60000E+01  0.19750E-07  0.12346E-08  0.27193E-08
  0.63000E+01  0.22948E-07  0.17847E-08  0.33465E-08
  0.66000E+01  0.26292E-07  0.23976E-08  0.40800E-08
  0.69000E+01  0.29734E-07  0.30591E-08  0.49325E-08
  0.72000E+01  0.33217E-07  0.37551E-08  0.59158E-08
  0.75000E+01  0.36677E-07  0.44721E-08  0.70375E-08
  0.78000E+01  0.40043E-07  0.51981E-08  0.82966E-08
  0.81000E+01  0.43235E-07  0.59232E-08  0.96806E-08
  0.84000E+01  0.46169E-07  0.66413E-08  0.11165E-07
  0.87000E+01  0.48756E-07  0.73497E-08  0.12713E-07
  0.90000E+01  0.50902E-07  0.80485E-08  0.14284E-07
  0.93000E+01  0.52514E-07  0.87392E-08  0.15837E-07
  0.96000E+01  0.53501E-07  0.94235E-08  0.17334E-07
  0.99000E+01  0.53776E-07  0.10103E-07  0.18745E-07
  0.10200E+02  0.53256E-07  0.10780E-07  0.20045E-07
  0.10500E+02  0.51870E-07  0.11454E-07  0.21217E-07
  0.10800E+02  0.49555E-07  0.12128E-07  0.22244E-07
  0.11100E+02  0.46263E-07  0.12802E-07  0.23111E-07
  0.11400E+02  0.41961E-07  0.13474E-07  0.23802E-07
  0.11700E+02  0.36634E-07  0.14143E-07  0.24302E-07
  0.12000E+02  0.30287E-07  0.14801E-07  0.24598E-07
  0.12300E+02  0.22941E-07  0.15438E-07  0.24682E-07
  0.12600E+02  0.14634E-07  0.16039E-07  0.24548E-07
  0.12900E+02  0.54164E-08  0.16584E-07  0.24191E-07
  0.13200E+02 -0.46545E-08  0.17052E-07  0.23606E-07
  0.13500E+02 -0.15514E-07  0.17418E-07  0.22785E-07
  0.13800E+02 -0.27093E-07  0.17658E-07  0.21720E-07
  0.14100E+02 -0.39309E-07  0.17752E-07  0.20402E-07
  0.14400E+02 -0.52074E-07  0.17679E-07  0.18825E-07
  0.14700E+02 -0.65282E-07  0.17426E-07  0.16985E-07
  0.15000E+02 -0.78816E-07  0.16978E-07  0.14882E-07
  0.15300E+02 -0.92548E-07  0.16323E-07  0.12520E-07
  0.15600E+02 -0.10633E-06  0.15451E-07  0.99043E-08
  0.15900E+02 -0.12001E-06  0.14352E-07  0.70452E-08
  0.16200E+02 -0.13343E-06  0.13017E-07  0.39576E-08
  0.16500E+02 -0.14641E-06  0.11440E-07  0.66195E-09
  0.16800E+02 -0.15878E-06  0.96192E-08 -0.28160E-08
  0.17100E+02 -0.17038E-06  0.75517E-08 -0.64463E-08
  0.17400E+02 -0.18104E-06  0.52383E-08 -0.10197E-07
  0.17700E+02 -0.19061E-06  0.26817E-08 -0.14035E-07
  0.18000E+02 -0.19892E-06 -0.11228E-09 -0.17931E-07
  0.18300E+02 -0.20583E-06 -0.31355E-08 -0.21854E-07
  0.18600E+02 -0.21122E-06 -0.63781E-08 -0.25781E-07
  0.18900E+02 -0.21494E-06 -0.98290E-08 -0.29687E-07
  0.19200E+02 -0.21690E-06 -0.13473E-07 -0.33549E-07
  0.19500E+02 -0.21699E-06 -0.17288E-07 -0.37343E-07
  0.19800E+02 -0.21516E-06 -0.21241E-07 -0.41042E-07
  0.20100E+02 -0.21134E-06 -0.25287E-07 -0.44617E-07
  0.20400E+02 -0.20552E-06 -0.29374E-07 -0.48037E-07
  0.20700E+02 -0.19770E-06 -0.33443E-07 -0.51267E-07
  0.21000E+02 -0.18790E-06 -0.37436E-07 -0.54270E-07
  0.21300E+02 -0.17617E-06 -0.41292E-07 -0.57014E-07
  0.21600E+02 -0.16259E-06 -0.44954E-07 -0.59466E-07
  0.21900E+02 -0.14724E-06 -0.48368E-07 -0.61600E-07
  0.22200E+02 -0.13022E-06 -0.51479E-07 -0.63391E-07
  0.22500E+02 -0.11164E-06 -0.54240E-07 -0.64818E-07
  0.22800E+02 -0.91633E-07 -0.56604E-07 -0.65864E-07
  0.23100E+02 -0.70348E-07 -0.58533E-07 -0.66508E-07
  0.23400E+02 -0.47939E-07 -0.59993E-07 -0.66732E-07
  0.23700E+02 -0.24570E-07 -0.60959E-07 -0.66518E-07
  0.24000E+02 -0.41335E-09 -0.61415E-07 -0.65855E-07
  0.24300E+02  0.24350E-07 -0.61351E-07 -0.64735E-07
  0.24600E+02  0.49531E-07 -0.60764E-07 -0.63161E-07
  0.24900E+02  0.74931E-07 -0.59660E-07 -0.61141E-07
  0.25200E+02  0.10035E-06 -0.58050E-07 -0.58688E-07
  0.25500E+02  0.12557E-06 -0.55950E-07 -0.55822E-07
  0.25800E+02  0.15038E-06 -0.53382E-07 -0.52563E-07
  0.26100E+02  0.17458E-06 -0.50372E-07 -0.48938E-07
  0.26400E+02  0.19795E-06 -0.46949E-07 -0.44976E-07
  0.26700E+02  0.22027E-06 -0.43149E-07 -0.40713E-07
  0.27000E+02  0.24135E-06 -0.39007E-07 -0.36180E-07
  0.27300E+02  0.26099E-06 -0.34548E-07 -0.31369E-07
  0.27600E+02  0.27906E-06 -0.29771E-07 -0.26249E-07
  0.27900E+02  0.29538E-06 -0.24706E-07 -0.20915E-07
  0.28200E+02  0.30965E-06 -0.19522E-07 -0.15799E-07
  0.28500E+02  0.32117E-06 -0.14700E-07 -0.11863E-07
  0.28800E+02  0.32876E-06 -0.11129E-07 -0.10478E-07
  0.29100E+02  0.33109E-06 -0.98597E-08 -0.12555E-07
  0.29400E+02  0.32728E-06 -0.11584E-07 -0.17763E-07
  0.29700E+02  0.31723E-06 -0.16401E-07 -0.25118E-07
  0.30000E+02  0.30132E-06 -0.24083E-07 -0.33995E-07
  0.30300E+02  0.27995E-06 -0.34433E-07 -0.44244E-07
  0.30600E+02  0.25337E-06 -0.47402E-07 -0.55711E-07
  0.30900E+02  0.22183E-06 -0.62963E-07 -0.67913E-07
  0.31200E+02  0.18576E-06 -0.80943E-07 -0.80110E-07
  0.31500E+02  0.14581E-06 -0.10101E-06 -0.91578E-07
  0.31800E+02  0.10269E-06 -0.12274E-06 -0.10175E-06
  0.32100E+02  0.57235E-07 -0.14568E-06 -0.11010E-06
  0.32400E+02  0.10358E-07 -0.16928E-06 -0.11600E-06
  0.32700E+02 -0.36857E-07 -0.19288E-06 -0.11870E-06
  0.33000E+02 -0.83162E-07 -0.21568E-06 -0.11747E-06
  0.33300E+02 -0.12715E-06 -0.23672E-06 -0.11152E-06
  0.33600E+02 -0.16725E-06 -0.25489E-06 -0.99952E-07
  0.33900E+02 -0.20172E-06 -0.26891E-06 -0.81851E-07
  0.34200E+02 -0.22872E-06 -0.27737E-06 -0.56487E-07
  0.34500E+02 -0.24642E-06 -0.27885E-06 -0.23406E-07
  0.34800E+02 -0.25306E-06 -0.27191E-06  0.17614E-07
  0.35100E+02 -0.24706E-06 -0.25523E-06  0.66456E-07
  0.35400E+02 -0.22720E-06 -0.22778E-06  0.12251E-06
  0.35700E+02 -0.19278E-06 -0.18888E-06  0.18475E-06
  0.36000E+02 -0.14361E-06 -0.13827E-06  0.25184E-06
  0.36300E+02 -0.80145E-07 -0.76171E-07  0.32215E-06
  0.36600E+02 -0.34969E-08 -0.33361E-08  0.39373E-06
  0.36900E+02  0.84611E-07  0.78995E-07  0.46451E-06
  0.37200E+02  0.18193E-06  0.16916E-06  0.53242E-06
  0.37500E+02  0.28577E-06  0.26511E-06  0.59535E-06
  0.37800E+02  0.39308E-06  0.36453E-06  0.65136E-06
  0.38100E+02  0.50071E-06  0.46492E-06  0.69875E-06
  0.38400E+02  0.60552E-06  0.56379E-06  0.73615E-06
  0.38700E+02  0.70453E-06  0.65874E-06  0.76245E-06
  0.39000E+02  0.79510E-06  0.74757E-06  0.77695E-06
  0.39300E+02  0.87495E-06  0.82840E-06  0.77939E-06
  0.39600E+02  0.94228E-06  0.89970E-06  0.76978E-06
  0.39900E+02  0.99572E-06  0.96028E-06  0.74839E-06
  0.40200E+02  0.10343E-05  0.10093E-05  0.71567E-06
  0.40500E+02  0.10574E-05  0.10460E-05  0.67211E-06
  0.40800E+02  0.10644E-05  0.10702E-05  0.61821E-06
  0.41100E+02  0.10551E-05  0.10814E-05  0.55446E-06
  0.41400E+02  0.10290E-05  0.10792E-05  0.48122E-06
  0.41700E+02  0.98569E-06  0.10634E-05  0.39889E-06
  0.42000E+02  0.92453E-06  0.10334E-05  0.30791E-06
  0.42300E+02  0.84498E-06  0.98876E-06  0.20878E-06
  0.42600E+02  0.74652E-06  0.92909E-06  0.10224E-06
  0.42900E+02  0.62890E-06  0.85412E-06 -0.10696E-07
  0.43200E+02  0.49228E-06  0.76388E-06 -0.12868E-06
  0.43500E+02  0.33738E-06  0.65879E-06 -0.24998E-06
  0.43800E+02  0.16559E-06  0.53978E-06 -0.37258E-06
  0.44100E+02 -0.20983E-07  0.40823E-06 -0.49429E-06
  0.44400E+02 -0.21962E-06  0.26601E-06 -0.61292E-06
  0.44700E+02 -0.42715E-06  0.11527E-06 -0.72647E-06
  0.45000E+02 -0.64014E-06 -0.41664E-07 -0.83314E-06
  0.45300E+02 -0.85515E-06 -0.20243E-06 -0.93148E-06
  0.45600E+02 -0.10688E-05 -0.36474E-06 -0.10203E-05
  0.45900E+02 -0.12779E-05 -0.52639E-06 -0.10985E-05
  0.46200E+02 -0.14795E-05 -0.68526E-06 -0.11651E-05
  0.46500E+02 -0.16706E-05 -0.83929E-06 -0.12190E-05
  0.46800E+02 -0.18487E-05 -0.98661E-06 -0.12591E-05
  0.47100E+02 -0.20116E-05 -0.11258E-05 -0.12843E-05
  0.47400E+02 -0.21575E-05 -0.12559E-05 -0.12940E-05
  0.47700E+02 -0.22843E-05 -0.13765E-05 -0.12888E-05
  0.48000E+02 -0.23885E-05 -0.14864E-05 -0.12705E-05
  0.48300E+02 -0.24643E-05 -0.15832E-05 -0.12425E-05
  0.48600E+02 -0.25052E-05 -0.16639E-05 -0.12087E-05
  0.48900E+02 -0.25065E-05 -0.17257E-05 -0.11728E-05
  0.49200E+02 -0.24672E-05 -0.17677E-05 -0.11358E-05
  0.49500E+02 -0.23912E-05 -0.17912E-05 -0.10954E-05
  0.49800E+02 -0.22863E-05 -0.17973E-05 -0.10465E-05
  0.50100E+02 -0.21606E-05 -0.17842E-05 -0.98376E-06
  0.50400E+02 -0.20192E-05 -0.17460E-05 -0.90440E-06
  0.50700E+02 -0.18643E-05 -0.16767E-05 -0.80987E-06
  0.51000E+02 -0.16976E-05 -0.15741E-05 -0.70475E-06
  0.51300E+02 -0.15220E-05 -0.14395E-05 -0.59442E-06
  0.51600E+02 -0.13402E-05 -0.12760E-05 -0.48279E-06
  0.51900E+02 -0.11551E-05 -0.10864E-05 -0.37156E-06
  0.52200E+02 -0.96906E-06 -0.87263E-06 -0.26055E-06
  0.52500E+02 -0.78408E-06 -0.63666E-06 -0.14887E-06
  0.52800E+02 -0.60074E-06 -0.38056E-06 -0.36103E-07
  0.53100E+02 -0.41833E-06 -0.10665E-06  0.76753E-07
  0.53400E+02 -0.23573E-06  0.18193E-06  0.18737E-06
  0.53700E+02 -0.52627E-07  0.48072E-06  0.29316E-06
  0.54000E+02  0.13086E-06  0.78413E-06  0.39241E-06
  0.54300E+02  0.31537E-06  0.10861E-05  0.48465E-06
  0.54600E+02  0.50279E-06  0.13801E-05  0.57009E-06
  0.54900E+02  0.69574E-06  0.16591E-05  0.64904E-06
  0.55200E+02  0.89714E-06  0.19159E-05  0.72182E-06
  0.55500E+02  0.11104E-05  0.21437E-05  0.78878E-06
  0.55800E+02  0.13390E-05  0.23363E-05  0.85033E-06
  0.56100E+02  0.15863E-05  0.24872E-05  0.90732E-06
  0.56400E+02  0.18553E-05  0.25903E-05  0.96118E-06
  0.56700E+02  0.21486E-05  0.26404E-05  0.10137E-05
  0.57000E+02  0.24673E-05  0.26339E-05  0.10666E-05
  0.57300E+02  0.28103E-05  0.25679E-05  0.11220E-05
  0.57600E+02  0.31747E-05  0.24409E-05  0.11826E-05
  0.57900E+02  0.35558E-05  0.22525E-05  0.12520E-05
  0.58200E+02  0.39465E-05  0.20042E-05  0.13339E-05
  0.58500E+02  0.43366E-05  0.16994E-05  0.14315E-05
  0.58800E+02  0.47134E-05  0.13435E-05  0.15471E-05
  0.59100E+02  0.50621E-05  0.94345E-06  0.16807E-05
  0.59400E+02  0.53655E-05  0.50666E-06  0.18304E-05
  0.59700E+02  0.56053E-05  0.41638E-07  0.19928E-05
  0.60000E+02  0.57628E-05 -0.44186E-06  0.21624E-05
  0.60300E+02  0.58202E-05 -0.93353E-06  0.23316E-05
  0.60600E+02  0.57623E-05 -0.14229E-05  0.24902E-05
  0.60900E+02  0.55782E-05 -0.18995E-05  0.26256E-05
  0.61200E+02  0.52619E-05 -0.23530E-05  0.27234E-05
  0.61500E+02  0.48128E-05 -0.27729E-05  0.27687E-05
  0.61800E+02  0.42376E-05 -0.31492E-05  0.27477E-05
  0.62100E+02  0.35498E-05 -0.34720E-05  0.26490E-05
  0.62400E+02  0.27698E-05 -0.37323E-05  0.24647E-05
  0.62700E+02  0.19227E-05 -0.39213E-05  0.21917E-05
  0.63000E+02  0.10370E-05 -0.40318E-05  0.18319E-05
  0.63300E+02  0.14169E-06 -0.40586E-05  0.13934E-05
  0.63600E+02 -0.73538E-06 -0.39994E-05  0.89054E-06
  0.63900E+02 -0.15703E-05 -0.38549E-05  0.34279E-06
  0.64200E+02 -0.23449E-05 -0.36288E-05 -0.22685E-06
  0.64500E+02 -0.30477E-05 -0.33278E-05 -0.79464E-06
  0.64800E+02 -0.36741E-05 -0.29616E-05 -0.13388E-05
  0.65100E+02 -0.42258E-05 -0.25418E-05 -0.18415E-05
  0.65400E+02 -0.47093E-05 -0.20802E-05 -0.22901E-05
  0.65700E+02 -0.51333E-05 -0.15881E-05 -0.26774E-05
  0.66000E+02 -0.55057E-05 -0.10750E-05 -0.30013E-05
  0.66300E+02 -0.58319E-05 -0.54760E-06 -0.32639E-05
  0.66600E+02 -0.61130E-05 -0.97766E-08 -0.34697E-05
  0.66900E+02 -0.63460E-05  0.53686E-06 -0.36230E-05
  0.67200E+02 -0.65245E-05  0.10911E-05 -0.37264E-05
  0.67500E+02 -0.66406E-05  0.16505E-05 -0.37789E-05
  0.67800E+02 -0.66868E-05  0.22102E-05 -0.37761E-05
  0.68100E+02 -0.66585E-05  0.27619E-05 -0.37115E-05
  0.68400E+02 -0.65546E-05  0.32939E-05 -0.35794E-05
  0.68700E+02 -0.63786E-05  0.37915E-05 -0.33775E-05
  0.69000E+02 -0.61380E-05  0.42391E-05 -0.31084E-05
  0.69300E+02 -0.58430E-05  0.46227E-05 -0.27803E-05
  0.69600E+02 -0.55040E-05  0.49318E-05 -0.24052E-05
  0.69900E+02 -0.51286E-05  0.51620E-05 -0.19982E-05
  0.70200E+02 -0.47216E-05  0.53149E-05 -0.15761E-05
  0.70500E+02 -0.42853E-05  0.53968E-05 -0.11541E-05
  0.70800E+02 -0.38210E-05  0.54158E-05 -0.74301E-06
  0.71100E+02 -0.33299E-05  0.53797E-05 -0.34652E-06
  0.71400E+02 -0.28138E-05  0.52944E-05  0.36167E-07
  0.71700E+02 -0.22764E-05  0.51620E-05  0.40621E-06
  0.72000E+02 -0.17242E-05  0.49796E-05  0.76260E-06
  0.72300E+02 -0.11652E-05  0.47409E-05  0.11021E-05
  0.72600E+02 -0.60614E-06  0.44394E-05  0.14189E-05
  0.72900E+02 -0.50791E-07  0.40718E-05  0.17036E-05
  0.73200E+02  0.50036E-06  0.36390E-05  0.19449E-05
  0.73500E+02  0.10489E-05  0.31469E-05  0.21335E-05
  0.73800E+02  0.15968E-05  0.26064E-05  0.22655E-05
  0.74100E+02  0.21449E-05  0.20313E-05  0.23422E-05
  0.74400E+02  0.26896E-05  0.14354E-05  0.23694E-05
  0.74700E+02  0.32229E-05  0.83114E-06  0.23550E-05
  0.75000E+02  0.37328E-05  0.22837E-06  0.23063E-05
  0.75300E+02  0.42065E-05 -0.36565E-06  0.22270E-05
  0.75600E+02  0.46330E-05 -0.94534E-06  0.21173E-05
  0.75900E+02  0.50059E-05 -0.15053E-05  0.19747E-05
  0.76200E+02  0.53244E-05 -0.20399E-05  0.17967E-05
  0.76500E+02  0.55924E-05 -0.25435E-05  0.15836E-05
  0.76800E+02  0.58155E-05 -0.30109E-05  0.13401E-05
  0.77100E+02  0.59983E-05 -0.34387E-05  0.10750E-05
  0.77400E+02  0.61415E-05 -0.38253E-05  0.79923E-06
  0.77700E+02  0.62408E-05 -0.41709E-05  0.52255E-06
  0.78000E+02  0.62888E-05 -0.44756E-05  0.25120E-06
  0.78300E+02  0.62768E-05 -0.47378E-05 -0.13092E-07
  0.78600E+02  0.61982E-05 -0.49534E-05 -0.27173E-06
  0.78900E+02  0.60504E-05 -0.51160E-05 -0.52661E-06
  0.79200E+02  0.58345E-05 -0.52187E-05 -0.77725E-06
  0.79500E+02  0.55548E-05 -0.52563E-05 -0.10193E-05
  0.79800E+02  0.52165E-05 -0.52284E-05 -0.12452E-05
  0.80100E+02  0.48245E-05 -0.51393E-05 -0.14466E-05
  0.80400E+02  0.43830E-05 -0.49979E-05 -0.16175E-05
  0.80700E+02  0.38961E-05 -0.48149E-05 -0.17558E-05
  0.81000E+02  0.33698E-05 -0.45995E-05 -0.18640E-05
  0.81300E+02  0.28118E-05 -0.43577E-05 -0.19462E-05
  0.81600E+02  0.22319E-05 -0.40910E-05 -0.20057E-05
  0.81900E+02  0.16399E-05 -0.37983E-05 -0.20425E-05
  0.82200E+02  0.10437E-05 -0.34781E-05 -0.20531E-05
  0.82500E+02  0.44897E-06 -0.31308E-05 -0.20327E-05
  0.82800E+02 -0.14131E-06 -0.27602E-05 -0.19775E-05
  0.83100E+02 -0.72436E-06 -0.23727E-05 -0.18876E-05
  0.83400E+02 -0.12955E-05 -0.19761E-05 -0.17671E-05
  0.83700E+02 -0.18469E-05 -0.15774E-05 -0.16224E-05
  0.84000E+02 -0.23678E-05 -0.11821E-05 -0.14591E-05
  0.84300E+02 -0.28470E-05 -0.79368E-06 -0.12797E-05
  0.84600E+02 -0.32760E-05 -0.41468E-06 -0.10839E-05
  0.84900E+02 -0.36506E-05 -0.47184E-07 -0.86960E-06
  0.85200E+02 -0.39716E-05  0.30699E-06 -0.63633E-06
  0.85500E+02 -0.42424E-05  0.64670E-06 -0.38705E-06
  0.85800E+02 -0.44664E-05  0.97201E-06 -0.12807E-06
  0.86100E+02 -0.46443E-05  0.12841E-05  0.13311E-06
  0.86400E+02 -0.47737E-05  0.15841E-05  0.39065E-06
  0.86700E+02 -0.48505E-05  0.18720E-05  0.64213E-06
  0.87000E+02 -0.48712E-05  0.21447E-05  0.88816E-06
  0.87300E+02 -0.48349E-05  0.23970E-05  0.11300E-05
  0.87600E+02 -0.47434E-05  0.26226E-05  0.13670E-05
  0.87900E+02 -0.46007E-05  0.28166E-05  0.15952E-05
  0.88200E+02 -0.44112E-05  0.29776E-05  0.18087E-05
  0.88500E+02 -0.41789E-05  0.31075E-05  0.20017E-05
  0.88800E+02 -0.39074E-05  0.32100E-05  0.21714E-05
  0.89100E+02 -0.36008E-05  0.32885E-05  0.23182E-05
  0.89400E+02 -0.32640E-05  0.33431E-05  0.24443E-05
  0.89700E+02 -0.29032E-05  0.33711E-05  0.25506E-05
  0.90000E+02 -0.25238E-05  0.33676E-05  0.26355E-05
  0.90300E+02 -0.21302E-05  0.33290E-05  0.26944E-05
  0.90600E+02 -0.17250E-05  0.32542E-05  0.27230E-05
  0.90900E+02 -0.13108E-05  0.31452E-05  0.27189E-05
  0.91200E+02 -0.89161E-06  0.30063E-05  0.26832E-05
  0.91500E+02 -0.47397E-06  0.28422E-05  0.26190E-05
  0.91800E+02 -0.66417E-07  0.26562E-05  0.25290E-05
  0.92100E+02  0.32267E-06  0.24508E-05  0.24138E-05
  0.92400E+02  0.68739E-06  0.22271E-05  0.22721E-05
  0.92700E+02  0.10254E-05  0.19866E-05  0.21024E-05
  0.93000E+02  0.13368E-05  0.17309E-05  0.19057E-05
  0.93300E+02  0.16221E-05  0.14617E-05  0.16861E-05
  0.93600E+02  0.18794E-05  0.11811E-05  0.14498E-05
  0.93900E+02  0.21045E-05  0.89144E-06  0.12021E-05
  0.94200E+02  0.22919E-05  0.59643E-06  0.94598E-06
  0.94500E+02  0.24373E-05  0.30091E-06  0.68225E-06
  0.94800E+02  0.25398E-05  0.10514E-07  0.41143E-06
  0.95100E+02  0.26010E-05 -0.26972E-06  0.13592E-06
  0.95400E+02  0.26246E-05 -0.53657E-06 -0.13959E-06
  0.95700E+02  0.26135E-05 -0.78887E-06 -0.40968E-06
  0.96000E+02  0.25699E-05 -0.10262E-05 -0.67046E-06
  0.96300E+02  0.24949E-05 -0.12472E-05 -0.92063E-06
  0.96600E+02  0.23901E-05 -0.14483E-05 -0.11605E-05
  0.96900E+02  0.22582E-05 -0.16243E-05 -0.13900E-05
  0.97200E+02  0.21026E-05 -0.17703E-05 -0.16066E-05
  0.97500E+02  0.19270E-05 -0.18841E-05 -0.18062E-05
  0.97800E+02  0.17345E-05 -0.19663E-05 -0.19849E-05
  0.98100E+02  0.15283E-05 -0.20194E-05 -0.21408E-05
  0.98400E+02  0.13113E-05 -0.20455E-05 -0.22745E-05
  0.98700E+02  0.10871E-05 -0.20449E-05 -0.23869E-05
  0.99000E+02  0.85900E-06 -0.20162E-05 -0.24778E-05
  0.99300E+02  0.62970E-06 -0.19581E-05 -0.25451E-05
  0.99600E+02  0.40100E-06 -0.18710E-05 -0.25862E-05
  0.99900E+02  0.17464E-06 -0.17580E-05 -0.26000E-05
  0.10020E+03 -0.46843E-07 -0.16229E-05 -0.25879E-05
  0.10050E+03 -0.25976E-06 -0.14692E-05 -0.25528E-05
  0.10080E+03 -0.46005E-06 -0.12988E-05 -0.24966E-05
  0.10110E+03 -0.64452E-06 -0.11127E-05 -0.24195E-05
  0.10140E+03 -0.81155E-06 -0.91223E-06 -0.23207E-05
  0.10170E+03 -0.96057E-06 -0.70036E-06 -0.22001E-05
  0.10200E+03 -0.10909E-05 -0.48102E-06 -0.20597E-05
  0.10230E+03 -0.12011E-05 -0.25803E-06 -0.19029E-05
  0.10260E+03 -0.12892E-05 -0.34165E-07 -0.17322E-05
  0.10290E+03 -0.13536E-05  0.18857E-06 -0.15489E-05
  0.10320E+03 -0.13944E-05  0.40785E-06 -0.13524E-05
  0.10350E+03 -0.14127E-05  0.62036E-06 -0.11433E-05
  0.10380E+03 -0.14098E-05  0.82230E-06 -0.92361E-06
  0.10410E+03 -0.13864E-05  0.10104E-05 -0.69677E-06
  0.10440E+03 -0.13426E-05  0.11824E-05 -0.46596E-06
  0.10470E+03 -0.12786E-05  0.13368E-05 -0.23286E-06
  0.10500E+03 -0.11956E-05  0.14715E-05  0.18413E-08
  0.10530E+03 -0.10958E-05  0.15844E-05  0.23674E-06
  0.10560E+03 -0.98192E-06  0.16733E-05  0.46873E-06
  0.10590E+03 -0.85593E-06  0.17371E-05  0.69356E-06
  0.10620E+03 -0.71934E-06  0.17758E-05  0.90755E-06
  0.10650E+03 -0.57370E-06  0.17899E-05  0.11085E-05
  0.10680E+03 -0.42139E-06  0.17799E-05  0.12951E-05
  0.10710E+03 -0.26552E-06  0.17460E-05  0.14654E-05
  0.10740E+03 -0.10914E-06  0.16889E-05  0.16161E-05
  0.10770E+03  0.45523E-07  0.16104E-05  0.17439E-05
  0.10800E+03  0.19699E-06  0.15129E-05  0.18463E-05
  0.10830E+03  0.34371E-06  0.13986E-05  0.19229E-05
  0.10860E+03  0.48357E-06  0.12694E-05  0.19738E-05
  0.10890E+03  0.61411E-06  0.11268E-05  0.19987E-05
  0.10920E+03  0.73332E-06  0.97226E-06  0.19964E-05
  0.10950E+03  0.84003E-06  0.80808E-06  0.19664E-05
  0.10980E+03  0.93347E-06  0.63655E-06  0.19098E-05
  0.11010E+03  0.10126E-05  0.45953E-06  0.18289E-05
  0.11040E+03  0.10757E-05  0.27834E-06  0.17260E-05
  0.11070E+03  0.11214E-05  0.94164E-07  0.16028E-05
  0.11100E+03  0.11488E-05 -0.91343E-07  0.14607E-05
  0.11130E+03  0.11577E-05 -0.27610E-06  0.13019E-05
  0.11160E+03  0.11480E-05 -0.45802E-06  0.11300E-05
  0.11190E+03  0.11194E-05 -0.63540E-06  0.94857E-06
  0.11220E+03  0.10718E-05 -0.80670E-06  0.76067E-06
  0.11250E+03  0.10058E-05 -0.97016E-06  0.56833E-06
  0.11280E+03  0.92264E-06 -0.11237E-05  0.37380E-06
  0.11310E+03  0.82428E-06 -0.12656E-05  0.18008E-06
  0.11340E+03  0.71248E-06 -0.13944E-05 -0.96559E-08
  0.11370E+03  0.58898E-06 -0.15096E-05 -0.19305E-06
  0.11400E+03  0.45602E-06 -0.16108E-05 -0.36879E-06
  0.11430E+03  0.31650E-06 -0.16972E-05 -0.53572E-06
  0.11460E+03  0.17362E-06 -0.17686E-05 -0.69219E-06
  0.11490E+03  0.30326E-07 -0.18249E-05 -0.83639E-06
  0.11520E+03 -0.11074E-06 -0.18663E-05 -0.96716E-06
  0.11550E+03 -0.24692E-06 -0.18932E-05 -0.10841E-05
  0.11580E+03 -0.37537E-06 -0.19053E-05 -0.11869E-05
  0.11610E+03 -0.49338E-06 -0.19023E-05 -0.12744E-05
  0.11640E+03 -0.59885E-06 -0.18842E-05 -0.13455E-05
  0.11670E+03 -0.69018E-06 -0.18512E-05 -0.13992E-05
  0.11700E+03 -0.76604E-06 -0.18035E-05 -0.14353E-05
  0.11730E+03 -0.82529E-06 -0.17411E-05 -0.14533E-05
  0.11760E+03 -0.86724E-06 -0.16642E-05 -0.14527E-05
  0.11790E+03 -0.89194E-06 -0.15734E-05 -0.14328E-05
  0.11820E+03 -0.89990E-06 -0.14694E-05 -0.13938E-05
  0.11850E+03 -0.89191E-06 -0.13530E-05 -0.13362E-05
  0.11880E+03 -0.86893E-06 -0.12248E-05 -0.12604E-05
  0.11910E+03 -0.83225E-06 -0.10859E-05 -0.11671E-05
  0.11940E+03 -0.78342E-06 -0.93731E-06 -0.10572E-05
  0.11970E+03 -0.72399E-06 -0.78047E-06 -0.93222E-06
  0.12000E+03 -0.65547E-06 -0.61677E-06 -0.79400E-06
  0.12030E+03 -0.57935E-06 -0.44784E-06 -0.64451E-06
  0.12060E+03 -0.49714E-06 -0.27546E-06 -0.48599E-06
  0.12090E+03 -0.41023E-06 -0.10151E-06 -0.32093E-06
  0.12120E+03 -0.31984E-06  0.72212E-07 -0.15186E-06
  0.12150E+03 -0.22704E-06  0.24399E-06  0.18768E-07
  0.12180E+03 -0.13284E-06  0.41227E-06  0.18869E-06
  0.12210E+03 -0.38172E-07  0.57566E-06  0.35576E-06
  0.12240E+03  0.56103E-07  0.73293E-06  0.51809E-06
  0.12270E+03  0.14915E-06  0.88293E-06  0.67398E-06
  0.12300E+03  0.24014E-06  0.10245E-05  0.82196E-06
  0.12330E+03  0.32820E-06  0.11562E-05  0.96071E-06
  0.12360E+03  0.41243E-06  0.12768E-05  0.10889E-05
  0.12390E+03  0.49186E-06  0.13847E-05  0.12055E-05
  0.12420E+03  0.56546E-06  0.14781E-05  0.13091E-05
  0.12450E+03  0.63217E-06  0.15556E-05  0.13988E-05
  0.12480E+03  0.69085E-06  0.16156E-05  0.14735E-05
  0.12510E+03  0.74040E-06  0.16565E-05  0.15325E-05
  0.12540E+03  0.77977E-06  0.16775E-05  0.15750E-05
  0.12570E+03  0.80797E-06  0.16778E-05  0.16004E-05
  0.12600E+03  0.82416E-06  0.16571E-05  0.16085E-05
  0.12630E+03  0.82767E-06  0.16157E-05  0.15991E-05
  0.12660E+03  0.81806E-06  0.15540E-05  0.15722E-05
  0.12690E+03  0.79512E-06  0.14732E-05  0.15281E-05
  0.12720E+03  0.75893E-06  0.13748E-05  0.14671E-05
  0.12750E+03  0.70988E-06  0.12606E-05  0.13898E-05
  0.12780E+03  0.64868E-06  0.11327E-05  0.12970E-05
  0.12810E+03  0.57633E-06  0.99359E-06  0.11896E-05
  0.12840E+03  0.49409E-06  0.84578E-06  0.10687E-05
  0.12870E+03  0.40349E-06  0.69191E-06  0.93550E-06
  0.12900E+03  0.30622E-06  0.53465E-06  0.79149E-06
  0.12930E+03  0.20416E-06  0.37661E-06  0.63823E-06
  0.12960E+03  0.99255E-07  0.22037E-06  0.47745E-06
  0.12990E+03 -0.65010E-08  0.68399E-07  0.31103E-06
  0.13020E+03 -0.11115E-06 -0.76943E-07  0.14099E-06
  0.13050E+03 -0.21281E-06 -0.21346E-06 -0.30539E-07
  0.13080E+03 -0.30970E-06 -0.33917E-06 -0.20135E-06
  0.13110E+03 -0.40021E-06 -0.45241E-06 -0.36920E-06
  0.13140E+03 -0.48289E-06 -0.55184E-06 -0.53189E-06
  0.13170E+03 -0.55658E-06 -0.63647E-06 -0.68728E-06
  0.13200E+03 -0.62037E-06 -0.70568E-06 -0.83340E-06
  0.13230E+03 -0.67363E-06 -0.75913E-06 -0.96848E-06
  0.13260E+03 -0.71602E-06 -0.79666E-06 -0.10910E-05
  0.13290E+03 -0.74748E-06 -0.81830E-06 -0.11999E-05
  0.13320E+03 -0.76819E-06 -0.82417E-06 -0.12942E-05
  0.13350E+03 -0.77853E-06 -0.81451E-06 -0.13733E-05
  0.13380E+03 -0.77901E-06 -0.78975E-06 -0.14369E-05
  0.13410E+03 -0.77017E-06 -0.75052E-06 -0.14847E-05
  0.13440E+03 -0.75250E-06 -0.69771E-06 -0.15167E-05
  0.13470E+03 -0.72641E-06 -0.63251E-06 -0.15331E-05
  0.13500E+03 -0.69223E-06 -0.55636E-06 -0.15339E-05
  0.13530E+03 -0.65024E-06 -0.47098E-06 -0.15195E-05
  0.13560E+03 -0.60076E-06 -0.37827E-06 -0.14901E-05
  0.13590E+03 -0.54419E-06 -0.28031E-06 -0.14460E-05
  0.13620E+03 -0.48114E-06 -0.17921E-06 -0.13876E-05
  0.13650E+03 -0.41243E-06 -0.77078E-07 -0.13156E-05
  0.13680E+03 -0.33914E-06  0.24071E-07 -0.12305E-05
  0.13710E+03 -0.26254E-06  0.12240E-06 -0.11335E-05
  0.13740E+03 -0.18407E-06  0.21627E-06 -0.10255E-05
  0.13770E+03 -0.10522E-06  0.30426E-06 -0.90814E-06
  0.13800E+03 -0.27469E-07  0.38517E-06 -0.78297E-06
  0.13830E+03  0.47834E-07  0.45799E-06 -0.65177E-06
  0.13860E+03  0.11952E-06  0.52193E-06 -0.51639E-06
  0.13890E+03  0.18665E-06  0.57637E-06 -0.37866E-06
  0.13920E+03  0.24849E-06  0.62083E-06 -0.24034E-06
  0.13950E+03  0.30454E-06  0.65496E-06 -0.10313E-06
  0.13980E+03  0.35448E-06  0.67857E-06  0.31349E-07
  0.14010E+03  0.39820E-06  0.69160E-06  0.16158E-06
  0.14040E+03  0.43571E-06  0.69421E-06  0.28612E-06
  0.14070E+03  0.46715E-06  0.68676E-06  0.40362E-06
  0.14100E+03  0.49271E-06  0.66988E-06  0.51280E-06
  0.14130E+03  0.51262E-06  0.64440E-06  0.61256E-06
  0.14160E+03  0.52709E-06  0.61136E-06  0.70189E-06
  0.14190E+03  0.53633E-06  0.57189E-06  0.78001E-06
  0.14220E+03  0.54048E-06  0.52717E-06  0.84630E-06
  0.14250E+03  0.53960E-06  0.47831E-06  0.90039E-06
  0.14280E+03  0.53361E-06  0.42630E-06  0.94208E-06
  0.14310E+03  0.52232E-06  0.37188E-06  0.97137E-06
  0.14340E+03  0.50543E-06  0.31557E-06  0.98845E-06
  0.14370E+03  0.48258E-06  0.25767E-06  0.99370E-06
  0.14400E+03  0.45339E-06  0.19822E-06  0.98764E-06
  0.14430E+03  0.41751E-06  0.13713E-06  0.97095E-06
  0.14460E+03  0.37468E-06  0.74175E-07  0.94440E-06
  0.14490E+03  0.32483E-06  0.91740E-08  0.90883E-06
  0.14520E+03  0.26808E-06 -0.57955E-07  0.86515E-06
  0.14550E+03  0.20481E-06 -0.12710E-06  0.81425E-06
  0.14580E+03  0.13571E-06 -0.19791E-06  0.75696E-06
  0.14610E+03  0.61698E-07 -0.26981E-06  0.69410E-06
  0.14640E+03 -0.16070E-07 -0.34202E-06  0.62637E-06
  0.14670E+03 -0.96275E-07 -0.41364E-06  0.55440E-06
  0.14700E+03 -0.17751E-06 -0.48373E-06  0.47879E-06
  0.14730E+03 -0.25832E-06 -0.55135E-06  0.40007E-06
  0.14760E+03 -0.33727E-06 -0.61558E-06  0.31877E-06
  0.14790E+03 -0.41294E-06 -0.67556E-06  0.23548E-06
  0.14820E+03 -0.48396E-06 -0.73049E-06  0.15082E-06
  0.14850E+03 -0.54903E-06 -0.77965E-06  0.65479E-07
  0.14880E+03 -0.60690E-06 -0.82240E-06 -0.19763E-07
  0.14910E+03 -0.65642E-06 -0.85822E-06 -0.10406E-06
  0.14940E+03 -0.69658E-06 -0.88671E-06 -0.18647E-06
  0.14970E+03 -0.72644E-06 -0.90764E-06 -0.26599E-06
  0.15000E+03 -0.74523E-06 -0.92090E-06 -0.34159E-06
  0.15030E+03 -0.75227E-06 -0.92653E-06 -0.41226E-06
  0.15060E+03 -0.74702E-06 -0.92468E-06 -0.47707E-06
  0.15090E+03 -0.72909E-06 -0.91556E-06 -0.53520E-06
  0.15120E+03 -0.69825E-06 -0.89942E-06 -0.58601E-06
  0.15150E+03 -0.65450E-06 -0.87654E-06 -0.62896E-06
  0.15180E+03 -0.59805E-06 -0.84721E-06 -0.66369E-06
  0.15210E+03 -0.52943E-06 -0.81176E-06 -0.68994E-06
  0.15240E+03 -0.44941E-06 -0.77051E-06 -0.70759E-06
  0.15270E+03 -0.35909E-06 -0.72386E-06 -0.71662E-06
  0.15300E+03 -0.25978E-06 -0.67220E-06 -0.71713E-06
  0.15330E+03 -0.15306E-06 -0.61597E-06 -0.70933E-06
  0.15360E+03 -0.40631E-07 -0.55564E-06 -0.69347E-06
  0.15390E+03  0.75648E-07 -0.49174E-06 -0.66987E-06
  0.15420E+03  0.19387E-06 -0.42488E-06 -0.63885E-06
  0.15450E+03  0.31209E-06 -0.35568E-06 -0.60076E-06
  0.15480E+03  0.42838E-06 -0.28483E-06 -0.55593E-06
  0.15510E+03  0.54080E-06 -0.21297E-06 -0.50476E-06
  0.15540E+03  0.64745E-06 -0.14066E-06 -0.44768E-06
  0.15570E+03  0.74646E-06 -0.68388E-07 -0.38523E-06
  0.15600E+03  0.83605E-06  0.34826E-08 -0.31804E-06
  0.15630E+03  0.91458E-06  0.74656E-07 -0.24685E-06
  0.15660E+03  0.98057E-06  0.14490E-06 -0.17252E-06
  0.15690E+03  0.10328E-05  0.21400E-06 -0.95973E-07
  0.15720E+03  0.10701E-05  0.28175E-06 -0.18199E-07
  0.15750E+03  0.10918E-05  0.34795E-06  0.59795E-07
  0.15780E+03  0.10972E-05  0.41236E-06  0.13702E-06
  0.15810E+03  0.10861E-05  0.47473E-06  0.21253E-06
  0.15840E+03  0.10584E-05  0.53477E-06  0.28548E-06
  0.15870E+03  0.10143E-05  0.59214E-06  0.35514E-06
  0.15900E+03  0.95428E-06  0.64644E-06  0.42090E-06
  0.15930E+03  0.87911E-06  0.69723E-06  0.48229E-06
  0.15960E+03  0.78982E-06  0.74399E-06  0.53896E-06
  0.15990E+03  0.68773E-06  0.78616E-06  0.59059E-06
  0.16020E+03  0.57440E-06  0.82315E-06  0.63693E-06
  0.16050E+03  0.45162E-06  0.85436E-06  0.67769E-06
  0.16080E+03  0.32133E-06  0.87926E-06  0.71258E-06
  0.16110E+03  0.18562E-06  0.89736E-06  0.74131E-06
  0.16140E+03  0.46658E-07  0.90823E-06  0.76357E-06
  0.16170E+03 -0.93351E-07  0.91151E-06  0.77908E-06
  0.16200E+03 -0.23217E-06  0.90687E-06  0.78765E-06
  0.16230E+03 -0.36757E-06  0.89403E-06  0.78919E-06
  0.16260E+03 -0.49741E-06  0.87274E-06  0.78369E-06
  0.16290E+03 -0.61961E-06  0.84282E-06  0.77125E-06
  0.16320E+03 -0.73223E-06  0.80419E-06  0.75202E-06
  0.16350E+03 -0.83354E-06  0.75695E-06  0.72618E-06
  0.16380E+03 -0.92202E-06  0.70139E-06  0.69392E-06
  0.16410E+03 -0.99640E-06  0.63803E-06  0.65540E-06
  0.16440E+03 -0.10557E-05  0.56768E-06  0.61073E-06
  0.16470E+03 -0.10990E-05  0.49137E-06  0.56002E-06
  0.16500E+03 -0.11260E-05  0.41032E-06  0.50339E-06
  0.16530E+03 -0.11363E-05  0.32586E-06  0.44105E-06
  0.16560E+03 -0.11298E-05  0.23942E-06  0.37333E-06
  0.16590E+03 -0.11067E-05  0.15238E-06  0.30071E-06
  0.16620E+03 -0.10674E-05  0.66105E-07  0.22388E-06
  0.16650E+03 -0.10126E-05 -0.18170E-07  0.14366E-06
  0.16680E+03 -0.94303E-06 -0.99339E-07  0.61037E-07
  0.16710E+03 -0.85969E-06 -0.17647E-06 -0.22896E-07
  0.16740E+03 -0.76376E-06 -0.24881E-06 -0.10701E-06
  0.16770E+03 -0.65666E-06 -0.31578E-06 -0.19020E-06
  0.16800E+03 -0.54000E-06 -0.37695E-06 -0.27143E-06
  0.16830E+03 -0.41560E-06 -0.43200E-06 -0.34980E-06
  0.16860E+03 -0.28543E-06 -0.48070E-06 -0.42454E-06
  0.16890E+03 -0.15163E-06 -0.52285E-06 -0.49502E-06
  0.16920E+03 -0.16416E-07 -0.55831E-06 -0.56074E-06
  0.16950E+03  0.11795E-06 -0.58696E-06 -0.62124E-06
  0.16980E+03  0.24917E-06 -0.60869E-06 -0.67611E-06
  0.17010E+03  0.37504E-06 -0.62338E-06 -0.72492E-06
  0.17040E+03  0.49345E-06 -0.63094E-06 -0.76717E-06
  0.17070E+03  0.60249E-06 -0.63125E-06 -0.80234E-06
  0.17100E+03  0.70049E-06 -0.62422E-06 -0.82989E-06
  0.17130E+03  0.78606E-06 -0.60974E-06 -0.84930E-06
  0.17160E+03  0.85812E-06 -0.58778E-06 -0.86009E-06
  0.17190E+03  0.91587E-06 -0.55836E-06 -0.86193E-06
  0.17220E+03  0.95881E-06 -0.52159E-06 -0.85466E-06
  0.17250E+03  0.98675E-06 -0.47773E-06 -0.83831E-06
  0.17280E+03  0.99972E-06 -0.42719E-06 -0.81320E-06
  0.17310E+03  0.99794E-06 -0.37057E-06 -0.77986E-06
  0.17340E+03  0.98181E-06 -0.30863E-06 -0.73902E-06
  0.17370E+03  0.95174E-06 -0.24233E-06 -0.69157E-06
  0.17400E+03  0.90824E-06 -0.17280E-06 -0.63848E-06
  0.17430E+03  0.85184E-06 -0.10128E-06 -0.58076E-06
  0.17460E+03  0.78310E-06 -0.29121E-07 -0.51938E-06
  0.17490E+03  0.70267E-06  0.42312E-07 -0.45530E-06
  0.17520E+03  0.61129E-06  0.11167E-06 -0.38935E-06
  0.17550E+03  0.50984E-06  0.17765E-06 -0.32229E-06
  0.17580E+03  0.39936E-06  0.23907E-06 -0.25478E-06
  0.17610E+03  0.28106E-06  0.29486E-06 -0.18737E-06
  0.17640E+03  0.15632E-06  0.34413E-06 -0.12053E-06
  0.17670E+03  0.26681E-07  0.38613E-06 -0.54683E-07
  0.17700E+03 -0.10615E-06  0.42033E-06  0.97682E-08
  0.17730E+03 -0.24035E-06  0.44642E-06  0.72449E-07
  0.17760E+03 -0.37400E-06  0.46427E-06  0.13299E-06
  0.17790E+03 -0.50513E-06  0.47392E-06  0.19105E-06
  0.17820E+03 -0.63178E-06  0.47560E-06  0.24630E-06
  0.17850E+03 -0.75199E-06  0.46966E-06  0.29842E-06
  0.17880E+03 -0.86393E-06  0.45657E-06  0.34715E-06
  0.17910E+03 -0.96588E-06  0.43690E-06  0.39224E-06
  0.17940E+03 -0.10563E-05  0.41125E-06  0.43346E-06
  0.17970E+03 -0.11338E-05  0.38029E-06  0.47062E-06
  0.18000E+03 -0.11972E-05  0.34471E-06  0.50354E-06
  0.18030E+03 -0.12456E-05  0.30523E-06  0.53206E-06
  0.18060E+03 -0.12783E-05  0.26257E-06  0.55602E-06
  0.18090E+03 -0.12946E-05  0.21745E-06  0.57525E-06
  0.18120E+03 -0.12945E-05  0.17053E-06  0.58956E-06
  0.18150E+03 -0.12777E-05  0.12246E-06  0.59874E-06
  0.18180E+03 -0.12444E-05  0.73790E-07  0.60256E-06
  0.18210E+03 -0.11949E-05  0.25005E-07  0.60082E-06
  0.18240E+03 -0.11295E-05 -0.23521E-07  0.59334E-06
  0.18270E+03 -0.10490E-05 -0.71506E-07  0.58005E-06
  0.18300E+03 -0.95404E-06 -0.11875E-06  0.56101E-06
  0.18330E+03 -0.84543E-06 -0.16511E-06  0.53642E-06
  0.18360E+03 -0.72421E-06 -0.21047E-06  0.50669E-06
  0.18390E+03 -0.59152E-06 -0.25470E-06  0.47235E-06
  0.18420E+03 -0.44866E-06 -0.29762E-06  0.43407E-06
  0.18450E+03 -0.29709E-06 -0.33901E-06  0.39262E-06
  0.18480E+03 -0.13846E-06 -0.37853E-06  0.34876E-06
  0.18510E+03  0.25413E-07 -0.41579E-06  0.30324E-06
  0.18540E+03  0.19254E-06 -0.45034E-06  0.25674E-06
  0.18570E+03  0.36077E-06 -0.48167E-06  0.20979E-06
  0.18600E+03  0.52788E-06 -0.50928E-06  0.16279E-06
  0.18630E+03  0.69165E-06 -0.53265E-06  0.11603E-06
  0.18660E+03  0.84989E-06 -0.55130E-06  0.69669E-07
  0.18690E+03  0.10006E-05 -0.56480E-06  0.23769E-07
  0.18720E+03  0.11419E-05 -0.57279E-06 -0.21644E-07
  0.18750E+03  0.12720E-05 -0.57496E-06 -0.66553E-07
  0.18780E+03  0.13896E-05 -0.57110E-06 -0.11090E-06
  0.18810E+03  0.14933E-05 -0.56104E-06 -0.15454E-06
  0.18840E+03  0.15821E-05 -0.54469E-06 -0.19721E-06
  0.18870E+03  0.16550E-05 -0.52202E-06 -0.23854E-06
  0.18900E+03  0.17114E-05 -0.49307E-06 -0.27803E-06
  0.18930E+03  0.17509E-05 -0.45796E-06 -0.31515E-06
  0.18960E+03  0.17732E-05 -0.41687E-06 -0.34928E-06
  0.18990E+03  0.17783E-05 -0.37010E-06 -0.37984E-06
  0.19020E+03  0.17663E-05 -0.31803E-06 -0.40629E-06
  0.19050E+03  0.17373E-05 -0.26113E-06 -0.42813E-06
  0.19080E+03  0.16917E-05 -0.19995E-06 -0.44498E-06
  0.19110E+03  0.16297E-05 -0.13515E-06 -0.45656E-06
  0.19140E+03  0.15518E-05 -0.67410E-07 -0.46270E-06
  0.19170E+03  0.14584E-05  0.24640E-08 -0.46334E-06
  0.19200E+03  0.13500E-05  0.73617E-07 -0.45852E-06
  0.19230E+03  0.12275E-05  0.14513E-06 -0.44838E-06
  0.19260E+03  0.10917E-05  0.21602E-06 -0.43316E-06
  0.19290E+03  0.94363E-06  0.28531E-06 -0.41316E-06
  0.19320E+03  0.78453E-06  0.35196E-06 -0.38875E-06
  0.19350E+03  0.61586E-06  0.41497E-06 -0.36033E-06
  0.19380E+03  0.43930E-06  0.47336E-06 -0.32835E-06
  0.19410E+03  0.25669E-06  0.52617E-06 -0.29322E-06
  0.19440E+03  0.70107E-07  0.57256E-06 -0.25535E-06
  0.19470E+03 -0.11826E-06  0.61177E-06 -0.21513E-06
  0.19500E+03 -0.30611E-06  0.64319E-06 -0.17292E-06
  0.19530E+03 -0.49109E-06  0.66632E-06 -0.12904E-06
  0.19560E+03 -0.67091E-06  0.68084E-06 -0.83802E-07
  0.19590E+03 -0.84337E-06  0.68659E-06 -0.37502E-07
  0.19620E+03 -0.10065E-05  0.68358E-06  0.95926E-08
  0.19650E+03 -0.11584E-05  0.67202E-06  0.57217E-07
  0.19680E+03 -0.12977E-05  0.65227E-06  0.10510E-06
  0.19710E+03 -0.14231E-05  0.62486E-06  0.15295E-06
  0.19740E+03 -0.15335E-05  0.59043E-06  0.20044E-06
  0.19770E+03 -0.16283E-05  0.54970E-06  0.24718E-06
  0.19800E+03 -0.17070E-05  0.50347E-06  0.29273E-06
  0.19830E+03 -0.17693E-05  0.45255E-06  0.33652E-06
  0.19860E+03 -0.18151E-05  0.39774E-06  0.37794E-06
  0.19890E+03 -0.18445E-05  0.33985E-06  0.41630E-06
  0.19920E+03 -0.18576E-05  0.27962E-06  0.45087E-06
  0.19950E+03 -0.18548E-05  0.21776E-06  0.48098E-06
  0.19980E+03 -0.18364E-05  0.15495E-06  0.50598E-06
  0.20010E+03 -0.18032E-05  0.91801E-07  0.52530E-06
  0.20040E+03 -0.17557E-05  0.28875E-07  0.53851E-06
  0.20070E+03 -0.16946E-05 -0.33284E-07  0.54527E-06
  0.20100E+03 -0.16208E-05 -0.94158E-07  0.54532E-06
  0.20130E+03 -0.15353E-05 -0.15324E-06  0.53856E-06
  0.20160E+03 -0.14391E-05 -0.21002E-06  0.52495E-06
  0.20190E+03 -0.13334E-05 -0.26398E-06  0.50459E-06
  0.20220E+03 -0.12196E-05 -0.31462E-06  0.47769E-06
  0.20250E+03 -0.10989E-05 -0.36141E-06  0.44454E-06
  0.20280E+03 -0.97283E-06 -0.40383E-06  0.40557E-06
  0.20310E+03 -0.84268E-06 -0.44142E-06  0.36124E-06
  0.20340E+03 -0.70969E-06 -0.47374E-06  0.31213E-06
  0.20370E+03 -0.57496E-06 -0.50046E-06  0.25885E-06
  0.20400E+03 -0.43946E-06 -0.52132E-06  0.20210E-06
  0.20430E+03 -0.30402E-06 -0.53620E-06  0.14262E-06
  0.20460E+03 -0.16936E-06 -0.54508E-06  0.81224E-07
  0.20490E+03 -0.36142E-07 -0.54809E-06  0.18725E-07
  0.20520E+03  0.95013E-07 -0.54542E-06 -0.44042E-07
  0.20550E+03  0.22349E-06 -0.53737E-06 -0.10626E-06
  0.20580E+03  0.34870E-06 -0.52426E-06 -0.16717E-06
  0.20610E+03  0.47005E-06 -0.50645E-06 -0.22605E-06
  0.20640E+03  0.58703E-06 -0.48428E-06 -0.28228E-06
  0.20670E+03  0.69918E-06 -0.45809E-06 -0.33531E-06
  0.20700E+03  0.80614E-06 -0.42815E-06 -0.38467E-06
  0.20730E+03  0.90765E-06 -0.39473E-06 -0.42991E-06
  0.20760E+03  0.10035E-05 -0.35802E-06 -0.47062E-06
  0.20790E+03  0.10936E-05 -0.31820E-06 -0.50641E-06
  0.20820E+03  0.11777E-05 -0.27542E-06 -0.53688E-06
  0.20850E+03  0.12556E-05 -0.22982E-06 -0.56162E-06
  0.20880E+03  0.13269E-05 -0.18160E-06 -0.58025E-06
  0.20910E+03  0.13910E-05 -0.13101E-06 -0.59242E-06
  0.20940E+03  0.14474E-05 -0.78393E-07 -0.59787E-06
  0.20970E+03  0.14953E-05 -0.24203E-07 -0.59642E-06
  0.21000E+03  0.15339E-05  0.30967E-07 -0.58799E-06
  0.21030E+03  0.15623E-05  0.86403E-07 -0.57267E-06
  0.21060E+03  0.15798E-05  0.14129E-06 -0.55066E-06
  0.21090E+03  0.15856E-05  0.19477E-06 -0.52233E-06
  0.21120E+03  0.15792E-05  0.24596E-06 -0.48816E-06
  0.21150E+03  0.15601E-05  0.29410E-06 -0.44878E-06
  0.21180E+03  0.15282E-05  0.33849E-06 -0.40493E-06
  0.21210E+03  0.14835E-05  0.37863E-06 -0.35740E-06
  0.21240E+03  0.14262E-05  0.41416E-06 -0.30706E-06
  0.21270E+03  0.13569E-05  0.44485E-06 -0.25473E-06
  0.21300E+03  0.12763E-05  0.47061E-06 -0.20127E-06
  0.21330E+03  0.11853E-05  0.49141E-06 -0.14743E-06
  0.21360E+03  0.10849E-05  0.50726E-06 -0.93928E-07
  0.21390E+03  0.97628E-06  0.51820E-06 -0.41374E-07
  0.21420E+03  0.86078E-06  0.52428E-06  0.97015E-08
  0.21450E+03  0.73970E-06  0.52553E-06  0.58856E-07
  0.21480E+03  0.61438E-06  0.52200E-06  0.10573E-06
  0.21510E+03  0.48618E-06  0.51370E-06  0.15003E-06
  0.21540E+03  0.35645E-06  0.50066E-06  0.19152E-06
  0.21570E+03  0.22644E-06  0.48293E-06  0.22999E-06
  0.21600E+03  0.97367E-07  0.46059E-06  0.26525E-06
  0.21630E+03 -0.29625E-07  0.43379E-06  0.29707E-06
  0.21660E+03 -0.15349E-06  0.40276E-06  0.32519E-06
  0.21690E+03 -0.27325E-06  0.36784E-06  0.34932E-06
  0.21720E+03 -0.38804E-06  0.32945E-06  0.36912E-06
  0.21750E+03 -0.49704E-06  0.28811E-06  0.38425E-06
  0.21780E+03 -0.59954E-06  0.24443E-06  0.39445E-06
  0.21810E+03 -0.69488E-06  0.19908E-06  0.39954E-06
  0.21840E+03 -0.78246E-06  0.15280E-06  0.39947E-06
  0.21870E+03 -0.86174E-06  0.10629E-06  0.39438E-06
  0.21900E+03 -0.93228E-06  0.60260E-07  0.38458E-06
  0.21930E+03 -0.99373E-06  0.15336E-07  0.37054E-06
  0.21960E+03 -0.10458E-05 -0.27945E-07  0.35284E-06
  0.21990E+03 -0.10885E-05 -0.69165E-07  0.33217E-06
  0.22020E+03 -0.11218E-05 -0.10803E-06  0.30923E-06
  0.22050E+03 -0.11458E-05 -0.14438E-06  0.28473E-06
  0.22080E+03 -0.11607E-05 -0.17813E-06  0.25927E-06
  0.22110E+03 -0.11670E-05 -0.20929E-06  0.23342E-06
  0.22140E+03 -0.11650E-05 -0.23787E-06  0.20762E-06
  0.22170E+03 -0.11554E-05 -0.26392E-06  0.18223E-06
  0.22200E+03 -0.11385E-05 -0.28743E-06  0.15753E-06
  0.22230E+03 -0.11150E-05 -0.30836E-06  0.13369E-06
  0.22260E+03 -0.10853E-05 -0.32663E-06  0.11086E-06
  0.22290E+03 -0.10499E-05 -0.34210E-06  0.89107E-07
  0.22320E+03 -0.10093E-05 -0.35461E-06  0.68461E-07
  0.22350E+03 -0.96390E-06 -0.36397E-06  0.48933E-07
  0.22380E+03 -0.91409E-06 -0.37004E-06  0.30524E-07
  0.22410E+03 -0.86037E-06 -0.37266E-06  0.13235E-07
  0.22440E+03 -0.80322E-06 -0.37173E-06 -0.29257E-08
  0.22470E+03 -0.74320E-06 -0.36720E-06 -0.17949E-07
  0.22500E+03 -0.68085E-06 -0.35912E-06 -0.31839E-07
  0.22530E+03 -0.61675E-06 -0.34765E-06 -0.44632E-07
  0.22560E+03 -0.55141E-06 -0.33312E-06 -0.56412E-07
  0.22590E+03 -0.48532E-06 -0.31599E-06 -0.67313E-07
  0.22620E+03 -0.41887E-06 -0.29691E-06 -0.77514E-07
  0.22650E+03 -0.35243E-06 -0.27664E-06 -0.87211E-07
  0.22680E+03 -0.28630E-06 -0.25602E-06 -0.96596E-07
  0.22710E+03 -0.22078E-06 -0.23590E-06 -0.10582E-06
  0.22740E+03 -0.15618E-06 -0.21703E-06 -0.11496E-06
  0.22770E+03 -0.92836E-07 -0.20006E-06 -0.12401E-06
  0.22800E+03 -0.31136E-07 -0.18539E-06 -0.13283E-06
  0.22830E+03  0.28489E-07 -0.17321E-06 -0.14119E-06
  0.22860E+03  0.85575E-07 -0.16349E-06 -0.14878E-06
  0.22890E+03  0.13965E-06 -0.15598E-06 -0.15522E-06
  0.22920E+03  0.19025E-06 -0.15028E-06 -0.16012E-06
  0.22950E+03  0.23696E-06 -0.14593E-06 -0.16312E-06
  0.22980E+03  0.27943E-06 -0.14241E-06 -0.16397E-06
  0.23010E+03  0.31738E-06 -0.13925E-06 -0.16252E-06
  0.23040E+03  0.35064E-06 -0.13601E-06 -0.15874E-06
  0.23070E+03  0.37913E-06 -0.13234E-06 -0.15274E-06
  0.23100E+03  0.40293E-06 -0.12793E-06 -0.14476E-06
  0.23130E+03  0.42220E-06 -0.12256E-06 -0.13506E-06
  0.23160E+03  0.43719E-06 -0.11604E-06 -0.12397E-06
  0.23190E+03  0.44826E-06 -0.10817E-06 -0.11183E-06
  0.23220E+03  0.45579E-06 -0.98780E-07 -0.98965E-07
  0.23250E+03  0.46022E-06 -0.87656E-07 -0.85668E-07
  0.23280E+03  0.46203E-06 -0.74585E-07 -0.72215E-07
  0.23310E+03  0.46172E-06 -0.59360E-07 -0.58847E-07
  0.23340E+03  0.45982E-06 -0.41811E-07 -0.45768E-07
  0.23370E+03  0.45690E-06 -0.21842E-07 -0.33143E-07
  0.23400E+03  0.45348E-06  0.55468E-09 -0.21101E-07
  0.23430E+03  0.45009E-06  0.25284E-07 -0.97307E-08
  0.23460E+03  0.44717E-06  0.52155E-07  0.91407E-09
  0.23490E+03  0.44514E-06  0.80892E-07  0.10819E-07
  0.23520E+03  0.44430E-06  0.11115E-06  0.20002E-07
  0.23550E+03  0.44487E-06  0.14256E-06  0.28510E-07
  0.23580E+03  0.44701E-06  0.17468E-06  0.36394E-07
  0.23610E+03  0.45077E-06  0.20711E-06  0.43695E-07
  0.23640E+03  0.45619E-06  0.23938E-06  0.50423E-07
  0.23670E+03  0.46323E-06  0.27106E-06  0.56546E-07
  0.23700E+03  0.47182E-06  0.30168E-06  0.61983E-07
  0.23730E+03  0.48185E-06  0.33079E-06  0.66613E-07
  0.23760E+03  0.49315E-06  0.35793E-06  0.70284E-07
  0.23790E+03  0.50550E-06  0.38266E-06  0.72836E-07
  0.23820E+03  0.51855E-06  0.40455E-06  0.74118E-07
  0.23850E+03  0.53189E-06  0.42324E-06  0.74009E-07
  0.23880E+03  0.54498E-06  0.43838E-06  0.72427E-07
  0.23910E+03  0.55719E-06  0.44972E-06  0.69339E-07
  0.23940E+03  0.56786E-06  0.45707E-06  0.64766E-07
  0.23970E+03  0.57629E-06  0.46032E-06  0.58783E-07
  0.24000E+03  0.58179E-06  0.45947E-06  0.51516E-07
  0.24030E+03  0.58376E-06  0.45457E-06  0.43137E-07
  0.24060E+03  0.58167E-06  0.44574E-06  0.33846E-07
  0.24090E+03  0.57510E-06  0.43317E-06  0.23855E-07
  0.24120E+03  0.56374E-06  0.41706E-06  0.13364E-07
  0.24150E+03  0.54738E-06  0.39764E-06  0.25518E-08
  0.24180E+03  0.52593E-06  0.37519E-06 -0.84352E-08
  0.24210E+03  0.49938E-06  0.35000E-06 -0.19480E-07
  0.24240E+03  0.46777E-06  0.32236E-06 -0.30490E-07
  0.24270E+03  0.43121E-06  0.29260E-06 -0.41388E-07
  0.24300E+03  0.38983E-06  0.26100E-06 -0.52098E-07
  0.24330E+03  0.34377E-06  0.22786E-06 -0.62538E-07
  0.24360E+03  0.29320E-06  0.19341E-06 -0.72611E-07
  0.24390E+03  0.23830E-06  0.15788E-06 -0.82195E-07
  0.24420E+03  0.17930E-06  0.12146E-06 -0.91147E-07
  0.24450E+03  0.11650E-06  0.84284E-07 -0.99309E-07
  0.24480E+03  0.50262E-07  0.46492E-07 -0.10651E-06
  0.24510E+03 -0.18981E-07  0.81976E-08 -0.11256E-06
  0.24540E+03 -0.90718E-07 -0.30484E-07 -0.11727E-06
  0.24570E+03 -0.16439E-06 -0.69416E-07 -0.12045E-06
  0.24600E+03 -0.23941E-06 -0.10842E-06 -0.12187E-06
  0.24630E+03 -0.31518E-06 -0.14728E-06 -0.12132E-06
  0.24660E+03 -0.39115E-06 -0.18569E-06 -0.11856E-06
  0.24690E+03 -0.46678E-06 -0.22330E-06 -0.11338E-06
  0.24720E+03 -0.54156E-06 -0.25967E-06 -0.10559E-06
  0.24750E+03 -0.61503E-06 -0.29434E-06 -0.95068E-07
  0.24780E+03 -0.68673E-06 -0.32680E-06 -0.81738E-07
  0.24810E+03 -0.75622E-06 -0.35655E-06 -0.65610E-07
  0.24840E+03 -0.82299E-06 -0.38314E-06 -0.46766E-07
  0.24870E+03 -0.88650E-06 -0.40619E-06 -0.25350E-07
  0.24900E+03 -0.94612E-06 -0.42543E-06 -0.15608E-08
  0.24930E+03 -0.10012E-05 -0.44070E-06  0.24363E-07
  0.24960E+03 -0.10509E-05 -0.45194E-06  0.52150E-07
  0.24990E+03 -0.10947E-05 -0.45923E-06  0.81499E-07
  0.25020E+03 -0.11317E-05 -0.46274E-06  0.11208E-06
  0.25050E+03 -0.11615E-05 -0.46271E-06  0.14350E-06
  0.25080E+03 -0.11835E-05 -0.45944E-06  0.17536E-06
  0.25110E+03 -0.11974E-05 -0.45330E-06  0.20714E-06
  0.25140E+03 -0.12029E-05 -0.44467E-06  0.23829E-06
  0.25170E+03 -0.11998E-05 -0.43400E-06  0.26820E-06
  0.25200E+03 -0.11880E-05 -0.42169E-06  0.29618E-06
  0.25230E+03 -0.11674E-05 -0.40817E-06  0.32155E-06
  0.25260E+03 -0.11380E-05 -0.39381E-06  0.34362E-06
  0.25290E+03 -0.10996E-05 -0.37890E-06  0.36175E-06
  0.25320E+03 -0.10525E-05 -0.36365E-06  0.37535E-06
  0.25350E+03 -0.99676E-06 -0.34817E-06  0.38395E-06
  0.25380E+03 -0.93264E-06 -0.33245E-06  0.38719E-06
  0.25410E+03 -0.86050E-06 -0.31639E-06  0.38484E-06
  0.25440E+03 -0.78077E-06 -0.29982E-06  0.37679E-06
  0.25470E+03 -0.69395E-06 -0.28248E-06  0.36305E-06
  0.25500E+03 -0.60055E-06 -0.26405E-06  0.34373E-06
  0.25530E+03 -0.50115E-06 -0.24413E-06  0.31903E-06
  0.25560E+03 -0.39631E-06 -0.22232E-06  0.28923E-06
  0.25590E+03 -0.28666E-06 -0.19817E-06  0.25469E-06
  0.25620E+03 -0.17287E-06 -0.17132E-06  0.21581E-06
  0.25650E+03 -0.55695E-07 -0.14143E-06  0.17308E-06
  0.25680E+03  0.63985E-07 -0.10834E-06  0.12704E-06
  0.25710E+03  0.18518E-06 -0.72028E-07  0.78252E-07
  0.25740E+03  0.30680E-06 -0.32671E-07  0.27336E-07
  0.25770E+03  0.42763E-06  0.93555E-08 -0.25084E-07
  0.25800E+03  0.54645E-06  0.53490E-07 -0.78370E-07
  0.25830E+03  0.66205E-06  0.99013E-07 -0.13188E-06
  0.25860E+03  0.77326E-06  0.14510E-06 -0.18500E-06
  0.25890E+03  0.87906E-06  0.19085E-06 -0.23711E-06
  0.25920E+03  0.97854E-06  0.23538E-06 -0.28761E-06
  0.25950E+03  0.10710E-05  0.27783E-06 -0.33595E-06
  0.25980E+03  0.11558E-05  0.31743E-06 -0.38158E-06
  0.26010E+03  0.12327E-05  0.35354E-06 -0.42401E-06
  0.26040E+03  0.13013E-05  0.38562E-06 -0.46280E-06
  0.26070E+03  0.13614E-05  0.41323E-06 -0.49760E-06
  0.26100E+03  0.14130E-05  0.43608E-06 -0.52812E-06
  0.26130E+03  0.14560E-05  0.45394E-06 -0.55419E-06
  0.26160E+03  0.14902E-05  0.46670E-06 -0.57571E-06
  0.26190E+03  0.15154E-05  0.47432E-06 -0.59261E-06
  0.26220E+03  0.15315E-05  0.47682E-06 -0.60490E-06
  0.26250E+03  0.15382E-05  0.47432E-06 -0.61255E-06
  0.26280E+03  0.15353E-05  0.46701E-06 -0.61552E-06
  0.26310E+03  0.15224E-05  0.45518E-06 -0.61376E-06
  0.26340E+03  0.14993E-05  0.43921E-06 -0.60714E-06
  0.26370E+03  0.14658E-05  0.41954E-06 -0.59550E-06
  0.26400E+03  0.14216E-05  0.39673E-06 -0.57864E-06
  0.26430E+03  0.13668E-05  0.37137E-06 -0.55636E-06
  0.26460E+03  0.13012E-05  0.34409E-06 -0.52848E-06
  0.26490E+03  0.12252E-05  0.31552E-06 -0.49488E-06
  0.26520E+03  0.11389E-05  0.28630E-06 -0.45555E-06
  0.26550E+03  0.10428E-05  0.25700E-06 -0.41061E-06
  0.26580E+03  0.93734E-06  0.22814E-06 -0.36037E-06
  0.26610E+03  0.82328E-06  0.20019E-06 -0.30528E-06
  0.26640E+03  0.70136E-06  0.17351E-06 -0.24600E-06
  0.26670E+03  0.57245E-06  0.14838E-06 -0.18334E-06
  0.26700E+03  0.43750E-06  0.12502E-06 -0.11823E-06
  0.26730E+03  0.29754E-06  0.10357E-06 -0.51680E-07
  0.26760E+03  0.15371E-06  0.84134E-07  0.15285E-07
  0.26790E+03  0.71924E-08  0.66792E-07  0.81671E-07
  0.26820E+03 -0.14078E-06  0.51621E-07  0.14656E-06
  0.26850E+03 -0.28896E-06  0.38697E-07  0.20917E-06
  0.26880E+03 -0.43606E-06  0.28095E-07  0.26883E-06
  0.26910E+03 -0.58084E-06  0.19874E-07  0.32503E-06
  0.26940E+03 -0.72209E-06  0.14060E-07  0.37737E-06
  0.26970E+03 -0.85869E-06  0.10631E-07  0.42558E-06
  0.27000E+03 -0.98958E-06  0.94963E-08  0.46946E-06
  0.27030E+03 -0.11138E-05  0.10487E-07  0.50890E-06
  0.27060E+03 -0.12305E-05  0.13348E-07  0.54383E-06
  0.27090E+03 -0.13388E-05  0.17743E-07  0.57420E-06
  0.27120E+03 -0.14381E-05  0.23263E-07  0.60001E-06
  0.27150E+03 -0.15276E-05  0.29445E-07  0.62129E-06
  0.27180E+03 -0.16066E-05  0.35792E-07  0.63806E-06
  0.27210E+03 -0.16745E-05  0.41803E-07  0.65038E-06
  0.27240E+03 -0.17306E-05  0.46991E-07  0.65830E-06
  0.27270E+03 -0.17741E-05  0.50911E-07  0.66191E-06
  0.27300E+03 -0.18045E-05  0.53167E-07  0.66132E-06
  0.27330E+03 -0.18211E-05  0.53416E-07  0.65670E-06
  0.27360E+03 -0.18234E-05  0.51355E-07  0.64822E-06
  0.27390E+03 -0.18110E-05  0.46700E-07  0.63611E-06
  0.27420E+03 -0.17835E-05  0.39163E-07  0.62056E-06
  0.27450E+03 -0.17407E-05  0.28440E-07  0.60180E-06
  0.27480E+03 -0.16828E-05  0.14208E-07  0.58000E-06
  0.27510E+03 -0.16099E-05 -0.38561E-08  0.55531E-06
  0.27540E+03 -0.15223E-05 -0.26037E-07  0.52785E-06
  0.27570E+03 -0.14207E-05 -0.52533E-07  0.49775E-06
  0.27600E+03 -0.13057E-05 -0.83409E-07  0.46511E-06
  0.27630E+03 -0.11782E-05 -0.11855E-06  0.43007E-06
  0.27660E+03 -0.10392E-05 -0.15762E-06  0.39278E-06
  0.27690E+03 -0.88997E-06 -0.20007E-06  0.35344E-06
  0.27720E+03 -0.73174E-06 -0.24513E-06  0.31232E-06
  0.27750E+03 -0.56594E-06 -0.29184E-06  0.26974E-06
  0.27780E+03 -0.39412E-06 -0.33911E-06  0.22607E-06
  0.27810E+03 -0.21791E-06 -0.38576E-06  0.18173E-06
  0.27840E+03 -0.39049E-07 -0.43056E-06  0.13718E-06
  0.27870E+03  0.14065E-06 -0.47231E-06  0.92889E-07
  0.27900E+03  0.31932E-06 -0.50989E-06  0.49293E-07
  0.27930E+03  0.49504E-06 -0.54230E-06  0.67998E-08
  0.27960E+03  0.66592E-06 -0.56865E-06 -0.34254E-07
  0.27990E+03  0.83008E-06 -0.58828E-06 -0.73610E-07
  0.28020E+03  0.98568E-06 -0.60068E-06 -0.11109E-06
  0.28050E+03  0.11310E-05 -0.60556E-06 -0.14660E-06
  0.28080E+03  0.12644E-05 -0.60278E-06 -0.18009E-06
  0.28110E+03  0.13846E-05 -0.59237E-06 -0.21157E-06
  0.28140E+03  0.14900E-05 -0.57451E-06 -0.24105E-06
  0.28170E+03  0.15797E-05 -0.54945E-06 -0.26858E-06
  0.28200E+03  0.16527E-05 -0.51753E-06 -0.29421E-06
  0.28230E+03  0.17083E-05 -0.47913E-06 -0.31801E-06
  0.28260E+03  0.17459E-05 -0.43467E-06 -0.34006E-06
  0.28290E+03  0.17653E-05 -0.38460E-06 -0.36047E-06
  0.28320E+03  0.17665E-05 -0.32938E-06 -0.37938E-06
  0.28350E+03  0.17495E-05 -0.26957E-06 -0.39693E-06
  0.28380E+03  0.17148E-05 -0.20579E-06 -0.41328E-06
  0.28410E+03  0.16630E-05 -0.13878E-06 -0.42856E-06
  0.28440E+03  0.15950E-05 -0.69418E-07 -0.44286E-06
  0.28470E+03  0.15118E-05  0.12927E-08 -0.45623E-06
  0.28500E+03  0.14147E-05  0.72214E-07 -0.46870E-06
  0.28530E+03  0.13050E-05  0.14211E-06 -0.48029E-06
  0.28560E+03  0.11843E-05  0.20970E-06 -0.49101E-06
  0.28590E+03  0.10542E-05  0.27369E-06 -0.50092E-06
  0.28620E+03  0.91621E-06  0.33282E-06 -0.51009E-06
  0.28650E+03  0.77208E-06  0.38596E-06 -0.51864E-06
  0.28680E+03  0.62341E-06  0.43208E-06 -0.52671E-06
  0.28710E+03  0.47185E-06  0.47035E-06 -0.53441E-06
  0.28740E+03  0.31899E-06  0.50012E-06 -0.54187E-06
  0.28770E+03  0.16642E-06  0.52095E-06 -0.54917E-06
  0.28800E+03  0.15683E-07  0.53264E-06 -0.55631E-06
  0.28830E+03 -0.13167E-06  0.53521E-06 -0.56322E-06
  0.28860E+03 -0.27413E-06  0.52887E-06 -0.56971E-06
  0.28890E+03 -0.41022E-06  0.51406E-06 -0.57551E-06
  0.28920E+03 -0.53852E-06  0.49134E-06 -0.58024E-06
  0.28950E+03 -0.65768E-06  0.46143E-06 -0.58345E-06
  0.28980E+03 -0.76645E-06  0.42510E-06 -0.58465E-06
  0.29010E+03 -0.86373E-06  0.38321E-06 -0.58332E-06
  0.29040E+03 -0.94856E-06  0.33660E-06 -0.57898E-06
  0.29070E+03 -0.10202E-05  0.28611E-06 -0.57116E-06
  0.29100E+03 -0.10782E-05  0.23256E-06 -0.55948E-06
  0.29130E+03 -0.11223E-05  0.17675E-06 -0.54362E-06
  0.29160E+03 -0.11524E-05  0.11946E-06 -0.52332E-06
  0.29190E+03 -0.11688E-05  0.61468E-07 -0.49838E-06
  0.29220E+03 -0.11720E-05  0.36009E-08 -0.46861E-06
  0.29250E+03 -0.11626E-05 -0.53277E-07 -0.43387E-06
  0.29280E+03 -0.11415E-05 -0.10824E-06 -0.39402E-06
  0.29310E+03 -0.11095E-05 -0.16033E-06 -0.34897E-06
  0.29340E+03 -0.10676E-05 -0.20855E-06 -0.29865E-06
  0.29370E+03 -0.10169E-05 -0.25193E-06 -0.24309E-06
  0.29400E+03 -0.95825E-06 -0.28953E-06 -0.18237E-06
  0.29430E+03 -0.89258E-06 -0.32054E-06 -0.11671E-06
  0.29460E+03 -0.82072E-06 -0.34423E-06 -0.46454E-07
  0.29490E+03 -0.74346E-06 -0.36005E-06  0.27919E-07
  0.29520E+03 -0.66152E-06 -0.36759E-06  0.10581E-06
  0.29550E+03 -0.57561E-06 -0.36661E-06  0.18652E-06
  0.29580E+03 -0.48645E-06 -0.35703E-06  0.26926E-06
  0.29610E+03 -0.39475E-06 -0.33890E-06  0.35321E-06
  0.29640E+03 -0.30128E-06 -0.31241E-06  0.43753E-06
  0.29670E+03 -0.20684E-06 -0.27789E-06  0.52139E-06
  0.29700E+03 -0.11228E-06 -0.23578E-06  0.60401E-06
  0.29730E+03 -0.18508E-07 -0.18667E-06  0.68463E-06
  0.29760E+03  0.73536E-07 -0.13127E-06  0.76254E-06
  0.29790E+03  0.16286E-06 -0.70447E-07  0.83703E-06
  0.29820E+03  0.24844E-06 -0.51953E-08  0.90744E-06
  0.29850E+03  0.32929E-06  0.63360E-07  0.97308E-06
  0.29880E+03  0.40445E-06  0.13399E-06  0.10332E-05
  0.29910E+03  0.47306E-06  0.20537E-06  0.10872E-05
  0.29940E+03  0.53441E-06  0.27617E-06  0.11341E-05
  0.29970E+03  0.58796E-06  0.34505E-06  0.11733E-05
  0.30000E+03  0.63335E-06  0.41070E-06  0.12039E-05
  0.30030E+03  0.67045E-06  0.47191E-06  0.12251E-05
  0.30060E+03  0.69927E-06  0.52756E-06  0.12363E-05
  0.30090E+03  0.72003E-06  0.57665E-06  0.12369E-05
  0.30120E+03  0.73306E-06  0.61829E-06  0.12264E-05
  0.30150E+03  0.73876E-06  0.65176E-06  0.12044E-05
  0.30180E+03  0.73763E-06  0.67650E-06  0.11710E-05
  0.30210E+03  0.73018E-06  0.69210E-06  0.11261E-05
  0.30240E+03  0.71691E-06  0.69834E-06  0.10701E-05
  0.30270E+03  0.69833E-06  0.69516E-06  0.10035E-05
  0.30300E+03  0.67490E-06  0.68267E-06  0.92675E-06
  0.30330E+03  0.64704E-06  0.66111E-06  0.84082E-06
  0.30360E+03  0.61513E-06  0.63085E-06  0.74661E-06
  0.30390E+03  0.57953E-06  0.59238E-06  0.64518E-06
  0.30420E+03  0.54053E-06  0.54625E-06  0.53773E-06
  0.30450E+03  0.49843E-06  0.49310E-06  0.42550E-06
  0.30480E+03  0.45350E-06  0.43361E-06  0.30983E-06
  0.30510E+03  0.40600E-06  0.36849E-06  0.19209E-06
  0.30540E+03  0.35621E-06  0.29847E-06  0.73644E-07
  0.30570E+03  0.30438E-06  0.22432E-06 -0.44157E-07
  0.30600E+03  0.25078E-06  0.14678E-06 -0.16003E-06
  0.30630E+03  0.19566E-06  0.66636E-07 -0.27277E-06
  0.30660E+03  0.13925E-06 -0.15302E-07 -0.38131E-06
  0.30690E+03  0.81752E-07 -0.98192E-07 -0.48469E-06
