  0.00000E+00 -0.10380E-12  0.29940E-13 -0.62451E-13
  0.30000E+00 -0.83721E-12  0.21501E-12 -0.50530E-12
  0.60000E+00 -0.34891E-11  0.76216E-12 -0.21269E-11
  0.90000E+00 -0.10258E-10  0.18113E-11 -0.63477E-11
  0.12000E+01 -0.24269E-10  0.32474E-11 -0.15288E-10
  0.15000E+01 -0.49552E-10  0.45327E-11 -0.31799E-10
  0.18000E+01 -0.90984E-10  0.45620E-11 -0.59439E-10
  0.21000E+01 -0.15417E-09  0.15633E-11 -0.10240E-09
  0.24000E+01 -0.24536E-09 -0.69369E-11 -0.16544E-09
  0.27000E+01 -0.37119E-09 -0.24105E-10 -0.25371E-09
  0.30000E+01 -0.53858E-09 -0.53766E-10 -0.37271E-09
  0.33000E+01 -0.75457E-09 -0.10031E-09 -0.52806E-09
  0.36000E+01 -0.10260E-08 -0.16862E-09 -0.72537E-09
  0.39000E+01 -0.13590E-08 -0.26394E-09 -0.97007E-09
  0.42000E+01 -0.17596E-08 -0.39173E-09 -0.12672E-08
  0.45000E+01 -0.22326E-08 -0.55751E-09 -0.16213E-08
  0.48000E+01 -0.27819E-08 -0.76673E-09 -0.20360E-08
  0.51000E+01 -0.34098E-08 -0.10246E-08 -0.25143E-08
  0.54000E+01 -0.41183E-08 -0.13358E-08 -0.30578E-08
  0.57000E+01 -0.49061E-08 -0.17044E-08 -0.36673E-08
  0.60000E+01 -0.57713E-08 -0.21338E-08 -0.43418E-08
  0.63000E+01 -0.67092E-08 -0.26264E-08 -0.50793E-08
  0.66000E+01 -0.77153E-08 -0.31834E-08 -0.58762E-08
  0.69000E+01 -0.87815E-08 -0.38050E-08 -0.67270E-08
  0.72000E+01 -0.98972E-08 -0.44897E-08 -0.76249E-08
  0.75000E+01 -0.11051E-07 -0.52350E-08 -0.85618E-08
  0.78000E+01 -0.12230E-07 -0.60367E-08 -0.95276E-08
  0.81000E+01 -0.13420E-07 -0.68889E-08 -0.10511E-07
  0.84000E+01 -0.14603E-07 -0.77844E-08 -0.11500E-07
  0.87000E+01 -0.15762E-07 -0.87146E-08 -0.12479E-07
  0.90000E+01 -0.16878E-07 -0.96692E-08 -0.13434E-07
  0.93000E+01 -0.17930E-07 -0.10637E-07 -0.14350E-07
  0.96000E+01 -0.18899E-07 -0.11604E-07 -0.15209E-07
  0.99000E+01 -0.19764E-07 -0.12557E-07 -0.15995E-07
  0.10200E+02 -0.20502E-07 -0.13482E-07 -0.16690E-07
  0.10500E+02 -0.21096E-07 -0.14360E-07 -0.17278E-07
  0.10800E+02 -0.21524E-07 -0.15179E-07 -0.17741E-07
  0.11100E+02 -0.21767E-07 -0.15920E-07 -0.18063E-07
  0.11400E+02 -0.21807E-07 -0.16565E-07 -0.18229E-07
  0.11700E+02 -0.21628E-07 -0.17099E-07 -0.18223E-07
  0.12000E+02 -0.21217E-07 -0.17506E-07 -0.18032E-07
  0.12300E+02 -0.20559E-07 -0.17769E-07 -0.17645E-07
  0.12600E+02 -0.19646E-07 -0.17873E-07 -0.17052E-07
  0.12900E+02 -0.18469E-07 -0.17805E-07 -0.16245E-07
  0.13200E+02 -0.17025E-07 -0.17553E-07 -0.15218E-07
  0.13500E+02 -0.15311E-07 -0.17104E-07 -0.13968E-07
  0.13800E+02 -0.13328E-07 -0.16451E-07 -0.12493E-07
  0.14100E+02 -0.11083E-07 -0.15588E-07 -0.10795E-07
  0.14400E+02 -0.85808E-08 -0.14506E-07 -0.88790E-08
  0.14700E+02 -0.58345E-08 -0.13207E-07 -0.67506E-08
  0.15000E+02 -0.28585E-08 -0.11689E-07 -0.44197E-08
  0.15300E+02  0.33230E-09 -0.99539E-08 -0.18995E-08
  0.15600E+02  0.37130E-08 -0.80080E-08  0.79640E-09
  0.15900E+02  0.72630E-08 -0.58586E-08  0.36500E-08
  0.16200E+02  0.10962E-07 -0.35152E-08  0.66417E-08
  0.16500E+02  0.14772E-07 -0.99070E-09  0.97495E-08
  0.16800E+02  0.18660E-07  0.16980E-08  0.12949E-07
  0.17100E+02  0.22605E-07  0.45343E-08  0.16215E-07
  0.17400E+02  0.26565E-07  0.74980E-08  0.19520E-07
  0.17700E+02  0.30514E-07  0.10567E-07  0.22833E-07
  0.18000E+02  0.34399E-07  0.13717E-07  0.26129E-07
  0.18300E+02  0.38188E-07  0.16922E-07  0.29372E-07
  0.18600E+02  0.41861E-07  0.20155E-07  0.32535E-07
  0.18900E+02  0.45355E-07  0.23387E-07  0.35585E-07
  0.19200E+02  0.48653E-07  0.26590E-07  0.38492E-07
  0.19500E+02  0.51702E-07  0.29733E-07  0.41225E-07
  0.19800E+02  0.54491E-07  0.32787E-07  0.43755E-07
  0.20100E+02  0.56966E-07  0.35719E-07  0.46053E-07
  0.20400E+02  0.59111E-07  0.38502E-07  0.48095E-07
  0.20700E+02  0.60896E-07  0.41105E-07  0.49853E-07
  0.21000E+02  0.62289E-07  0.43501E-07  0.51305E-07
  0.21300E+02  0.63270E-07  0.45662E-07  0.52432E-07
  0.21600E+02  0.63831E-07  0.47563E-07  0.53215E-07
  0.21900E+02  0.63951E-07  0.49182E-07  0.53639E-07
  0.22200E+02  0.63619E-07  0.50494E-07  0.53693E-07
  0.22500E+02  0.62823E-07  0.51483E-07  0.53366E-07
  0.22800E+02  0.61561E-07  0.52132E-07  0.52655E-07
  0.23100E+02  0.59841E-07  0.52429E-07  0.51556E-07
  0.23400E+02  0.57664E-07  0.52360E-07  0.50071E-07
  0.23700E+02  0.55039E-07  0.51918E-07  0.48203E-07
  0.24000E+02  0.51980E-07  0.51101E-07  0.45963E-07
  0.24300E+02  0.48504E-07  0.49907E-07  0.43359E-07
  0.24600E+02  0.44631E-07  0.48337E-07  0.40408E-07
  0.24900E+02  0.40386E-07  0.46398E-07  0.37128E-07
  0.25200E+02  0.35792E-07  0.44099E-07  0.33537E-07
  0.25500E+02  0.30891E-07  0.41450E-07  0.29660E-07
  0.25800E+02  0.25714E-07  0.38468E-07  0.25523E-07
  0.26100E+02  0.20288E-07  0.35172E-07  0.21156E-07
  0.26400E+02  0.14657E-07  0.31581E-07  0.16588E-07
  0.26700E+02  0.88690E-08  0.27719E-07  0.11850E-07
  0.27000E+02  0.29420E-08  0.23607E-07  0.69626E-08
  0.27300E+02 -0.30910E-08  0.19253E-07  0.18989E-08
  0.27600E+02 -0.92570E-08  0.14633E-07 -0.33950E-08
  0.27900E+02 -0.15514E-07  0.97596E-08 -0.88412E-08
  0.28200E+02 -0.21674E-07  0.47898E-08 -0.14005E-07
  0.28500E+02 -0.27114E-07  0.21050E-09 -0.17896E-07
  0.28800E+02 -0.30685E-07 -0.30634E-08 -0.19081E-07
  0.29100E+02 -0.31047E-07 -0.39334E-08 -0.16565E-07
  0.29400E+02 -0.27260E-07 -0.16384E-08 -0.10570E-07
  0.29700E+02 -0.19124E-07  0.40069E-08 -0.19588E-08
  0.30000E+02 -0.68890E-08  0.12872E-07  0.87663E-08
  0.30300E+02  0.91910E-08  0.24857E-07  0.21566E-07
  0.30600E+02  0.29012E-07  0.40011E-07  0.36377E-07
  0.30900E+02  0.52466E-07  0.58396E-07  0.52790E-07
  0.31200E+02  0.79260E-07  0.79926E-07  0.70117E-07
  0.31500E+02  0.10886E-06  0.10434E-06  0.87657E-07
  0.31800E+02  0.14068E-06  0.13127E-06  0.10483E-06
  0.32100E+02  0.17398E-06  0.16031E-06  0.12104E-06
  0.32400E+02  0.20791E-06  0.19089E-06  0.13554E-06
  0.32700E+02  0.24144E-06  0.22230E-06  0.14738E-06
  0.33000E+02  0.27334E-06  0.25366E-06  0.15558E-06
  0.33300E+02  0.30216E-06  0.28386E-06  0.15904E-06
  0.33600E+02  0.32623E-06  0.31161E-06  0.15650E-06
  0.33900E+02  0.34368E-06  0.33538E-06  0.14666E-06
  0.34200E+02  0.35253E-06  0.35354E-06  0.12840E-06
  0.34500E+02  0.35080E-06  0.36439E-06  0.10091E-06
  0.34800E+02  0.33659E-06  0.36625E-06  0.63619E-07
  0.35100E+02  0.30818E-06  0.35752E-06  0.16297E-07
  0.35400E+02  0.26420E-06  0.33686E-06 -0.40763E-07
  0.35700E+02  0.20382E-06  0.30327E-06 -0.10683E-06
  0.36000E+02  0.12667E-06  0.25611E-06 -0.18085E-06
  0.36300E+02  0.33043E-07  0.19520E-06 -0.26141E-06
  0.36600E+02 -0.76143E-07  0.12085E-06 -0.34676E-06
  0.36900E+02 -0.19936E-06  0.33819E-07 -0.43490E-06
  0.37200E+02 -0.33450E-06 -0.64685E-07 -0.52374E-06
  0.37500E+02 -0.47899E-06 -0.17303E-06 -0.61104E-06
  0.37800E+02 -0.62980E-06 -0.28927E-06 -0.69459E-06
  0.38100E+02 -0.78366E-06 -0.41118E-06 -0.77229E-06
  0.38400E+02 -0.93726E-06 -0.53646E-06 -0.84227E-06
  0.38700E+02 -0.10873E-05 -0.66279E-06 -0.90283E-06
  0.39000E+02 -0.12306E-05 -0.78790E-06 -0.95254E-06
  0.39300E+02 -0.13645E-05 -0.90972E-06 -0.99034E-06
  0.39600E+02 -0.14863E-05 -0.10263E-05 -0.10153E-05
  0.39900E+02 -0.15940E-05 -0.11361E-05 -0.10268E-05
  0.40200E+02 -0.16856E-05 -0.12374E-05 -0.10243E-05
  0.40500E+02 -0.17594E-05 -0.13286E-05 -0.10072E-05
  0.40800E+02 -0.18138E-05 -0.14086E-05 -0.97493E-06
  0.41100E+02 -0.18473E-05 -0.14757E-05 -0.92705E-06
  0.41400E+02 -0.18581E-05 -0.15283E-05 -0.86299E-06
  0.41700E+02 -0.18446E-05 -0.15647E-05 -0.78238E-06
  0.42000E+02 -0.18050E-05 -0.15831E-05 -0.68505E-06
  0.42300E+02 -0.17375E-05 -0.15816E-05 -0.57111E-06
  0.42600E+02 -0.16408E-05 -0.15585E-05 -0.44110E-06
  0.42900E+02 -0.15136E-05 -0.15124E-05 -0.29604E-06
  0.43200E+02 -0.13554E-05 -0.14421E-05 -0.13751E-06
  0.43500E+02 -0.11666E-05 -0.13473E-05  0.32343E-07
  0.43800E+02 -0.94820E-06 -0.12280E-05  0.21092E-06
  0.44100E+02 -0.70215E-06 -0.10851E-05  0.39526E-06
  0.44400E+02 -0.43120E-06 -0.91994E-06  0.58227E-06
  0.44700E+02 -0.13877E-06 -0.73451E-06  0.76896E-06
  0.45000E+02  0.17129E-06 -0.53111E-06  0.95242E-06
  0.45300E+02  0.49494E-06 -0.31226E-06  0.11301E-05
  0.45600E+02  0.82801E-06 -0.80546E-07  0.12995E-05
  0.45900E+02  0.11664E-05  0.16136E-06  0.14586E-05
  0.46200E+02  0.15060E-05  0.41079E-06  0.16050E-05
  0.46500E+02  0.18425E-05  0.66501E-06  0.17366E-05
  0.46800E+02  0.21720E-05  0.92130E-06  0.18514E-05
  0.47100E+02  0.24908E-05  0.11772E-05  0.19474E-05
  0.47400E+02  0.27955E-05  0.14305E-05  0.20233E-05
  0.47700E+02  0.30822E-05  0.16793E-05  0.20793E-05
  0.48000E+02  0.33458E-05  0.19206E-05  0.21168E-05
  0.48300E+02  0.35786E-05  0.21501E-05  0.21390E-05
  0.48600E+02  0.37728E-05  0.23626E-05  0.21495E-05
  0.48900E+02  0.39218E-05  0.25528E-05  0.21517E-05
  0.49200E+02  0.40234E-05  0.27173E-05  0.21461E-05
  0.49500E+02  0.40799E-05  0.28547E-05  0.21300E-05
  0.49800E+02  0.40980E-05  0.29636E-05  0.20976E-05
  0.50100E+02  0.40846E-05  0.30396E-05  0.20426E-05
  0.50400E+02  0.40439E-05  0.30743E-05  0.19615E-05
  0.50700E+02  0.39772E-05  0.30596E-05  0.18546E-05
  0.51000E+02  0.38858E-05  0.29912E-05  0.17257E-05
  0.51300E+02  0.37720E-05  0.28687E-05  0.15794E-05
  0.51600E+02  0.36383E-05  0.26939E-05  0.14188E-05
  0.51900E+02  0.34874E-05  0.24690E-05  0.12454E-05
  0.52200E+02  0.33214E-05  0.21956E-05  0.10589E-05
  0.52500E+02  0.31423E-05  0.18760E-05  0.85883E-06
  0.52800E+02  0.29507E-05  0.15134E-05  0.64544E-06
  0.53100E+02  0.27461E-05  0.11115E-05  0.42074E-06
  0.53400E+02  0.25274E-05  0.67529E-06  0.18834E-06
  0.53700E+02  0.22945E-05  0.21161E-06 -0.47679E-07
  0.54000E+02  0.20474E-05 -0.27138E-06 -0.28402E-06
  0.54300E+02  0.17854E-05 -0.76471E-06 -0.51862E-06
  0.54600E+02  0.15062E-05 -0.12586E-05 -0.75013E-06
  0.54900E+02  0.12063E-05 -0.17424E-05 -0.97736E-06
  0.55200E+02  0.88172E-06 -0.22049E-05 -0.11992E-05
  0.55500E+02  0.52769E-06 -0.26350E-05 -0.14145E-05
  0.55800E+02  0.13899E-06 -0.30217E-05 -0.16223E-05
  0.56100E+02 -0.28970E-06 -0.33535E-05 -0.18221E-05
  0.56400E+02 -0.76355E-06 -0.36192E-05 -0.20139E-05
  0.56700E+02 -0.12874E-05 -0.38086E-05 -0.21982E-05
  0.57000E+02 -0.18647E-05 -0.39131E-05 -0.23750E-05
  0.57300E+02 -0.24965E-05 -0.39257E-05 -0.25454E-05
  0.57600E+02 -0.31818E-05 -0.38410E-05 -0.27105E-05
  0.57900E+02 -0.39174E-05 -0.36557E-05 -0.28730E-05
  0.58200E+02 -0.46970E-05 -0.33693E-05 -0.30355E-05
  0.58500E+02 -0.55108E-05 -0.29841E-05 -0.32006E-05
  0.58800E+02 -0.63456E-05 -0.25051E-05 -0.33702E-05
  0.59100E+02 -0.71849E-05 -0.19400E-05 -0.35444E-05
  0.59400E+02 -0.80090E-05 -0.12976E-05 -0.37213E-05
  0.59700E+02 -0.87954E-05 -0.58900E-06 -0.38980E-05
  0.60000E+02 -0.95202E-05  0.17280E-06 -0.40698E-05
  0.60300E+02 -0.10159E-04  0.97312E-06 -0.42297E-05
  0.60600E+02 -0.10689E-04  0.17962E-05 -0.43682E-05
  0.60900E+02 -0.11089E-04  0.26252E-05 -0.44734E-05
  0.61200E+02 -0.11345E-04  0.34427E-05 -0.45313E-05
  0.61500E+02 -0.11445E-04  0.42302E-05 -0.45276E-05
  0.61800E+02 -0.11385E-04  0.49694E-05 -0.44487E-05
  0.62100E+02 -0.11166E-04  0.56416E-05 -0.42834E-05
  0.62400E+02 -0.10798E-04  0.62286E-05 -0.40235E-05
  0.62700E+02 -0.10295E-04  0.67127E-05 -0.36658E-05
  0.63000E+02 -0.96753E-05  0.70779E-05 -0.32115E-05
  0.63300E+02 -0.89587E-05  0.73110E-05 -0.26680E-05
  0.63600E+02 -0.81652E-05  0.74021E-05 -0.20489E-05
  0.63900E+02 -0.73120E-05  0.73455E-05 -0.13726E-05
  0.64200E+02 -0.64123E-05  0.71393E-05 -0.66095E-06
  0.64500E+02 -0.54743E-05  0.67859E-05  0.63313E-07
  0.64800E+02 -0.45009E-05  0.62916E-05  0.77952E-06
  0.65100E+02 -0.34908E-05  0.56662E-05  0.14707E-05
  0.65400E+02 -0.24399E-05  0.49211E-05  0.21249E-05
  0.65700E+02 -0.13436E-05  0.40683E-05  0.27348E-05
  0.66000E+02 -0.19994E-06  0.31198E-05  0.32980E-05
  0.66300E+02  0.98867E-06  0.20862E-05  0.38153E-05
  0.66600E+02  0.22140E-05  0.97681E-06  0.42891E-05
  0.66900E+02  0.34624E-05 -0.19958E-06  0.47209E-05
  0.67200E+02  0.47157E-05 -0.14332E-05  0.51097E-05
  0.67500E+02  0.59533E-05 -0.27116E-05  0.54503E-05
  0.67800E+02  0.71545E-05 -0.40190E-05  0.57334E-05
  0.68100E+02  0.83012E-05 -0.53352E-05  0.59471E-05
  0.68400E+02  0.93790E-05 -0.66362E-05  0.60799E-05
  0.68700E+02  0.10378E-04 -0.78949E-05  0.61241E-05
  0.69000E+02  0.11293E-04 -0.90831E-05  0.60766E-05
  0.69300E+02  0.12122E-04 -0.10175E-04  0.59405E-05
  0.69600E+02  0.12862E-04 -0.11147E-04  0.57231E-05
  0.69900E+02  0.13512E-04 -0.11986E-04  0.54357E-05
  0.70200E+02  0.14064E-04 -0.12683E-04  0.50916E-05
  0.70500E+02  0.14512E-04 -0.13234E-04  0.47035E-05
  0.70800E+02  0.14850E-04 -0.13641E-04  0.42807E-05
  0.71100E+02  0.15070E-04 -0.13904E-04  0.38259E-05
  0.71400E+02  0.15168E-04 -0.14024E-04  0.33386E-05
  0.71700E+02  0.15144E-04 -0.13998E-04  0.28184E-05
  0.72000E+02  0.14999E-04 -0.13820E-04  0.22681E-05
  0.72300E+02  0.14739E-04 -0.13482E-04  0.16938E-05
  0.72600E+02  0.14368E-04 -0.12976E-04  0.11045E-05
  0.72900E+02  0.13890E-04 -0.12299E-04  0.51369E-06
  0.73200E+02  0.13304E-04 -0.11454E-04 -0.62580E-07
  0.73500E+02  0.12610E-04 -0.10448E-04 -0.60998E-06
  0.73800E+02  0.11807E-04 -0.92965E-05 -0.11192E-05
  0.74100E+02  0.10895E-04 -0.80170E-05 -0.15859E-05
  0.74400E+02  0.98828E-05 -0.66291E-05 -0.20100E-05
  0.74700E+02  0.87804E-05 -0.51522E-05 -0.23932E-05
  0.75000E+02  0.76049E-05 -0.36039E-05 -0.27369E-05
  0.75300E+02  0.63744E-05 -0.20008E-05 -0.30386E-05
  0.75600E+02  0.51064E-05 -0.35867E-06 -0.32925E-05
  0.75900E+02  0.38141E-05  0.13058E-05 -0.34905E-05
  0.76200E+02  0.25060E-05  0.29746E-05 -0.36250E-05
  0.76500E+02  0.11858E-05  0.46293E-05 -0.36916E-05
  0.76800E+02 -0.14389E-06  0.62513E-05 -0.36911E-05
  0.77100E+02 -0.14793E-05  0.78235E-05 -0.36292E-05
  0.77400E+02 -0.28129E-05  0.93308E-05 -0.35145E-05
  0.77700E+02 -0.41319E-05  0.10760E-04 -0.33550E-05
  0.78000E+02 -0.54205E-05  0.12099E-04 -0.31563E-05
  0.78300E+02 -0.66616E-05  0.13333E-04 -0.29201E-05
  0.78600E+02 -0.78400E-05  0.14447E-04 -0.26456E-05
  0.78900E+02 -0.89448E-05  0.15426E-04 -0.23323E-05
  0.79200E+02 -0.99681E-05  0.16251E-04 -0.19826E-05
  0.79500E+02 -0.10906E-04  0.16910E-04 -0.16035E-05
  0.79800E+02 -0.11753E-04  0.17395E-04 -0.12056E-05
  0.80100E+02 -0.12507E-04  0.17703E-04 -0.80089E-06
  0.80400E+02 -0.13161E-04  0.17839E-04 -0.39932E-06
  0.80700E+02 -0.13710E-04  0.17808E-04 -0.73101E-08
  0.81000E+02 -0.14150E-04  0.17619E-04  0.37304E-06
  0.81300E+02 -0.14481E-04  0.17274E-04  0.74115E-06
  0.81600E+02 -0.14702E-04  0.16776E-04  0.10956E-05
  0.81900E+02 -0.14816E-04  0.16126E-04  0.14317E-05
  0.82200E+02 -0.14822E-04  0.15325E-04  0.17413E-05
  0.82500E+02 -0.14721E-04  0.14378E-04  0.20154E-05
  0.82800E+02 -0.14509E-04  0.13296E-04  0.22459E-05
  0.83100E+02 -0.14186E-04  0.12092E-04  0.24292E-05
  0.83400E+02 -0.13754E-04  0.10783E-04  0.25656E-05
  0.83700E+02 -0.13220E-04  0.93872E-05  0.26582E-05
  0.84000E+02 -0.12595E-04  0.79206E-05  0.27095E-05
  0.84300E+02 -0.11891E-04  0.63991E-05  0.27194E-05
  0.84600E+02 -0.11121E-04  0.48383E-05  0.26851E-05
  0.84900E+02 -0.10292E-04  0.32538E-05  0.26027E-05
  0.85200E+02 -0.94073E-05  0.16613E-05  0.24701E-05
  0.85500E+02 -0.84709E-05  0.76083E-07  0.22893E-05
  0.85800E+02 -0.74856E-05 -0.14879E-05  0.20660E-05
  0.86100E+02 -0.64585E-05 -0.30184E-05  0.18078E-05
  0.86400E+02 -0.54004E-05 -0.45032E-05  0.15208E-05
  0.86700E+02 -0.43243E-05 -0.59303E-05  0.12085E-05
  0.87000E+02 -0.32431E-05 -0.72853E-05  0.87169E-06
  0.87300E+02 -0.21678E-05 -0.85526E-05  0.51104E-06
  0.87600E+02 -0.11066E-05 -0.97171E-05  0.12947E-06
  0.87900E+02 -0.66110E-07 -0.10766E-04 -0.26648E-06
  0.88200E+02  0.94761E-06 -0.11692E-04 -0.66804E-06
  0.88500E+02  0.19279E-05 -0.12492E-04 -0.10663E-05
  0.88800E+02  0.28679E-05 -0.13165E-04 -0.14554E-05
  0.89100E+02  0.37612E-05 -0.13713E-04 -0.18324E-05
  0.89400E+02  0.46025E-05 -0.14134E-04 -0.21962E-05
  0.89700E+02  0.53879E-05 -0.14426E-04 -0.25447E-05
  0.90000E+02  0.61134E-05 -0.14583E-04 -0.28731E-05
  0.90300E+02  0.67741E-05 -0.14604E-04 -0.31741E-05
  0.90600E+02  0.73641E-05 -0.14491E-04 -0.34407E-05
  0.90900E+02  0.78783E-05 -0.14248E-04 -0.36681E-05
  0.91200E+02  0.83138E-05 -0.13884E-04 -0.38550E-05
  0.91500E+02  0.86710E-05 -0.13410E-04 -0.40025E-05
  0.91800E+02  0.89535E-05 -0.12833E-04 -0.41111E-05
  0.92100E+02  0.91653E-05 -0.12163E-04 -0.41793E-05
  0.92400E+02  0.93090E-05 -0.11408E-04 -0.42038E-05
  0.92700E+02  0.93845E-05 -0.10577E-04 -0.41811E-05
  0.93000E+02  0.93901E-05 -0.96792E-05 -0.41102E-05
  0.93300E+02  0.93247E-05 -0.87249E-05 -0.39932E-05
  0.93600E+02  0.91904E-05 -0.77245E-05 -0.38346E-05
  0.93900E+02  0.89927E-05 -0.66883E-05 -0.36382E-05
  0.94200E+02  0.87393E-05 -0.56283E-05 -0.34057E-05
  0.94500E+02  0.84378E-05 -0.45571E-05 -0.31374E-05
  0.94800E+02  0.80933E-05 -0.34878E-05 -0.28334E-05
  0.95100E+02  0.77092E-05 -0.24323E-05 -0.24966E-05
  0.95400E+02  0.72879E-05 -0.14003E-05 -0.21323E-05
  0.95700E+02  0.68331E-05 -0.39917E-06 -0.17474E-05
  0.96000E+02  0.63500E-05  0.56530E-06 -0.13473E-05
  0.96300E+02  0.58454E-05  0.14866E-05 -0.93524E-06
  0.96600E+02  0.53257E-05  0.23566E-05 -0.51306E-06
  0.96900E+02  0.47965E-05  0.31659E-05 -0.83150E-07
  0.97200E+02  0.42626E-05  0.39057E-05  0.34954E-06
  0.97500E+02  0.37285E-05  0.45705E-05  0.77837E-06
  0.97800E+02  0.31988E-05  0.51581E-05  0.11969E-05
  0.98100E+02  0.26776E-05  0.56686E-05  0.16005E-05
  0.98400E+02  0.21690E-05  0.61023E-05  0.19875E-05
  0.98700E+02  0.16759E-05  0.64583E-05  0.23560E-05
  0.99000E+02  0.12010E-05  0.67344E-05  0.27033E-05
  0.99300E+02  0.74756E-06  0.69292E-05  0.30249E-05
  0.99600E+02  0.31896E-06  0.70432E-05  0.33157E-05
  0.99900E+02 -0.81565E-07  0.70804E-05  0.35720E-05
  0.10020E+03 -0.45199E-06  0.70460E-05  0.37929E-05
  0.10050E+03 -0.79190E-06  0.69452E-05  0.39790E-05
  0.10080E+03 -0.11017E-05  0.67822E-05  0.41299E-05
  0.10110E+03 -0.13815E-05  0.65604E-05  0.42440E-05
  0.10140E+03 -0.16305E-05  0.62844E-05  0.43189E-05
  0.10170E+03 -0.18476E-05  0.59601E-05  0.43531E-05
  0.10200E+03 -0.20322E-05  0.55949E-05  0.43475E-05
  0.10230E+03 -0.21855E-05  0.51963E-05  0.43049E-05
  0.10260E+03 -0.23097E-05  0.47706E-05  0.42275E-05
  0.10290E+03 -0.24073E-05  0.43234E-05  0.41165E-05
  0.10320E+03 -0.24798E-05  0.38606E-05  0.39716E-05
  0.10350E+03 -0.25279E-05  0.33889E-05  0.37940E-05
  0.10380E+03 -0.25527E-05  0.29155E-05  0.35862E-05
  0.10410E+03 -0.25561E-05  0.24469E-05  0.33526E-05
  0.10440E+03 -0.25411E-05  0.19882E-05  0.30972E-05
  0.10470E+03 -0.25109E-05  0.15439E-05  0.28225E-05
  0.10500E+03 -0.24679E-05  0.11188E-05  0.25301E-05
  0.10530E+03 -0.24138E-05  0.71770E-06  0.22222E-05
  0.10560E+03 -0.23497E-05  0.34523E-06  0.19025E-05
  0.10590E+03 -0.22779E-05  0.49200E-08  0.15759E-05
  0.10620E+03 -0.22011E-05 -0.30098E-06  0.12465E-05
  0.10650E+03 -0.21222E-05 -0.57083E-06  0.91714E-06
  0.10680E+03 -0.20431E-05 -0.80309E-06  0.58938E-06
  0.10710E+03 -0.19647E-05 -0.99599E-06  0.26565E-06
  0.10740E+03 -0.18881E-05 -0.11485E-05 -0.50290E-07
  0.10770E+03 -0.18146E-05 -0.12607E-05 -0.35458E-06
  0.10800E+03 -0.17463E-05 -0.13339E-05 -0.64399E-06
  0.10830E+03 -0.16846E-05 -0.13695E-05 -0.91725E-06
  0.10860E+03 -0.16302E-05 -0.13688E-05 -0.11734E-05
  0.10890E+03 -0.15830E-05 -0.13335E-05 -0.14107E-05
  0.10920E+03 -0.15430E-05 -0.12655E-05 -0.16267E-05
  0.10950E+03 -0.15108E-05 -0.11679E-05 -0.18190E-05
  0.10980E+03 -0.14871E-05 -0.10443E-05 -0.19868E-05
  0.11010E+03 -0.14718E-05 -0.89810E-06 -0.21305E-05
  0.11040E+03 -0.14641E-05 -0.73260E-06 -0.22501E-05
  0.11070E+03 -0.14632E-05 -0.55099E-06 -0.23452E-05
  0.11100E+03 -0.14683E-05 -0.35710E-06 -0.24149E-05
  0.11130E+03 -0.14792E-05 -0.15516E-06 -0.24592E-05
  0.11160E+03 -0.14952E-05  0.50686E-07 -0.24793E-05
  0.11190E+03 -0.15153E-05  0.25684E-06 -0.24770E-05
  0.11220E+03 -0.15378E-05  0.46001E-06 -0.24532E-05
  0.11250E+03 -0.15615E-05  0.65680E-06 -0.24085E-05
  0.11280E+03 -0.15856E-05  0.84355E-06 -0.23437E-05
  0.11310E+03 -0.16091E-05  0.10170E-05 -0.22607E-05
  0.11340E+03 -0.16310E-05  0.11740E-05 -0.21622E-05
  0.11370E+03 -0.16496E-05  0.13126E-05 -0.20501E-05
  0.11400E+03 -0.16635E-05  0.14308E-05 -0.19256E-05
  0.11430E+03 -0.16720E-05  0.15262E-05 -0.17902E-05
  0.11460E+03 -0.16743E-05  0.15972E-05 -0.16462E-05
  0.11490E+03 -0.16694E-05  0.16426E-05 -0.14961E-05
  0.11520E+03 -0.16563E-05  0.16617E-05 -0.13422E-05
  0.11550E+03 -0.16340E-05  0.16545E-05 -0.11859E-05
  0.11580E+03 -0.16020E-05  0.16205E-05 -0.10286E-05
  0.11610E+03 -0.15602E-05  0.15599E-05 -0.87246E-06
  0.11640E+03 -0.15082E-05  0.14734E-05 -0.71957E-06
  0.11670E+03 -0.14453E-05  0.13622E-05 -0.57171E-06
  0.11700E+03 -0.13716E-05  0.12277E-05 -0.42983E-06
  0.11730E+03 -0.12872E-05  0.10714E-05 -0.29515E-06
  0.11760E+03 -0.11924E-05  0.89489E-06 -0.16893E-06
  0.11790E+03 -0.10875E-05  0.70047E-06 -0.52660E-07
  0.11820E+03 -0.97281E-06  0.49052E-06  0.53010E-07
  0.11850E+03 -0.84887E-06  0.26762E-06  0.14766E-06
  0.11880E+03 -0.71653E-06  0.34170E-07  0.23071E-06
  0.11910E+03 -0.57663E-06 -0.20697E-06  0.30177E-06
  0.11940E+03 -0.42997E-06 -0.45309E-06  0.36054E-06
  0.11970E+03 -0.27750E-06 -0.70120E-06  0.40714E-06
  0.12000E+03 -0.12035E-06 -0.94857E-06  0.44184E-06
  0.12030E+03  0.40312E-07 -0.11924E-05  0.46485E-06
  0.12060E+03  0.20334E-06 -0.14300E-05  0.47658E-06
  0.12090E+03  0.36754E-06 -0.16586E-05  0.47764E-06
  0.12120E+03  0.53169E-06 -0.18759E-05  0.46879E-06
  0.12150E+03  0.69449E-06 -0.20793E-05  0.45083E-06
  0.12180E+03  0.85473E-06 -0.22670E-05  0.42462E-06
  0.12210E+03  0.10112E-05 -0.24367E-05  0.39116E-06
  0.12240E+03  0.11627E-05 -0.25869E-05  0.35148E-06
  0.12270E+03  0.13081E-05 -0.27160E-05  0.30668E-06
  0.12300E+03  0.14463E-05 -0.28228E-05  0.25786E-06
  0.12330E+03  0.15762E-05 -0.29063E-05  0.20614E-06
  0.12360E+03  0.16970E-05 -0.29658E-05  0.15271E-06
  0.12390E+03  0.18078E-05 -0.30010E-05  0.98490E-07
  0.12420E+03  0.19078E-05 -0.30115E-05  0.44810E-07
  0.12450E+03  0.19963E-05 -0.29975E-05 -0.74800E-08
  0.12480E+03  0.20729E-05 -0.29595E-05 -0.57280E-07
  0.12510E+03  0.21370E-05 -0.28978E-05 -0.10383E-06
  0.12540E+03  0.21883E-05 -0.28136E-05 -0.14617E-06
  0.12570E+03  0.22266E-05 -0.27077E-05 -0.18351E-06
  0.12600E+03  0.22518E-05 -0.25815E-05 -0.21531E-06
  0.12630E+03  0.22639E-05 -0.24365E-05 -0.24100E-06
  0.12660E+03  0.22629E-05 -0.22742E-05 -0.26008E-06
  0.12690E+03  0.22492E-05 -0.20964E-05 -0.27227E-06
  0.12720E+03  0.22231E-05 -0.19052E-05 -0.27726E-06
  0.12750E+03  0.21849E-05 -0.17024E-05 -0.27494E-06
  0.12780E+03  0.21353E-05 -0.14901E-05 -0.26535E-06
  0.12810E+03  0.20747E-05 -0.12705E-05 -0.24855E-06
  0.12840E+03  0.20038E-05 -0.10457E-05 -0.22476E-06
  0.12870E+03  0.19235E-05 -0.81784E-06 -0.19419E-06
  0.12900E+03  0.18345E-05 -0.58907E-06 -0.15728E-06
  0.12930E+03  0.17377E-05 -0.36144E-06 -0.11449E-06
  0.12960E+03  0.16339E-05 -0.13699E-06 -0.66357E-07
  0.12990E+03  0.15241E-05  0.82354E-07 -0.13500E-07
  0.13020E+03  0.14092E-05  0.29479E-06  0.43410E-07
  0.13050E+03  0.12902E-05  0.49862E-06  0.10365E-06
  0.13080E+03  0.11679E-05  0.69226E-06  0.16648E-06
  0.13110E+03  0.10434E-05  0.87433E-06  0.23109E-06
  0.13140E+03  0.91765E-06  0.10436E-05  0.29670E-06
  0.13170E+03  0.79144E-06  0.11989E-05  0.36247E-06
  0.13200E+03  0.66569E-06  0.13394E-05  0.42760E-06
  0.13230E+03  0.54122E-06  0.14644E-05  0.49128E-06
  0.13260E+03  0.41880E-06  0.15734E-05  0.55272E-06
  0.13290E+03  0.29918E-06  0.16659E-05  0.61127E-06
  0.13320E+03  0.18302E-06  0.17419E-05  0.66613E-06
  0.13350E+03  0.70915E-07  0.18012E-05  0.71664E-06
  0.13380E+03 -0.36577E-07  0.18442E-05  0.76229E-06
  0.13410E+03 -0.13898E-06  0.18711E-05  0.80241E-06
  0.13440E+03 -0.23589E-06  0.18824E-05  0.83655E-06
  0.13470E+03 -0.32697E-06  0.18788E-05  0.86444E-06
  0.13500E+03 -0.41194E-06  0.18610E-05  0.88556E-06
  0.13530E+03 -0.49063E-06  0.18299E-05  0.89984E-06
  0.13560E+03 -0.56288E-06  0.17865E-05  0.90704E-06
  0.13590E+03 -0.62865E-06  0.17319E-05  0.90702E-06
  0.13620E+03 -0.68792E-06  0.16671E-05  0.89975E-06
  0.13650E+03 -0.74075E-06  0.15935E-05  0.88547E-06
  0.13680E+03 -0.78726E-06  0.15122E-05  0.86408E-06
  0.13710E+03 -0.82762E-06  0.14245E-05  0.83606E-06
  0.13740E+03 -0.86201E-06  0.13316E-05  0.80142E-06
  0.13770E+03 -0.89071E-06  0.12349E-05  0.76071E-06
  0.13800E+03 -0.91399E-06  0.11356E-05  0.71425E-06
  0.13830E+03 -0.93217E-06  0.10349E-05  0.66253E-06
  0.13860E+03 -0.94558E-06  0.93396E-06  0.60605E-06
  0.13890E+03 -0.95459E-06  0.83386E-06  0.54537E-06
  0.13920E+03 -0.95956E-06  0.73566E-06  0.48106E-06
  0.13950E+03 -0.96088E-06  0.64031E-06  0.41375E-06
  0.13980E+03 -0.95890E-06  0.54867E-06  0.34407E-06
  0.14010E+03 -0.95403E-06  0.46151E-06  0.27266E-06
  0.14040E+03 -0.94662E-06  0.37949E-06  0.20018E-06
  0.14070E+03 -0.93703E-06  0.30320E-06  0.12726E-06
  0.14100E+03 -0.92560E-06  0.23308E-06  0.54560E-07
  0.14130E+03 -0.91265E-06  0.16948E-06 -0.17317E-07
  0.14160E+03 -0.89846E-06  0.11265E-06 -0.87746E-07
  0.14190E+03 -0.88332E-06  0.62712E-07 -0.15617E-06
  0.14220E+03 -0.86745E-06  0.19715E-07 -0.22203E-06
  0.14250E+03 -0.85108E-06 -0.16407E-07 -0.28485E-06
  0.14280E+03 -0.83439E-06 -0.45838E-07 -0.34416E-06
  0.14310E+03 -0.81751E-06 -0.68808E-07 -0.39954E-06
  0.14340E+03 -0.80057E-06 -0.85646E-07 -0.45063E-06
  0.14370E+03 -0.78364E-06 -0.96775E-07 -0.49713E-06
  0.14400E+03 -0.76679E-06 -0.10264E-06 -0.53875E-06
  0.14430E+03 -0.75003E-06 -0.10380E-06 -0.57533E-06
  0.14460E+03 -0.73335E-06 -0.10079E-06 -0.60670E-06
  0.14490E+03 -0.71673E-06 -0.94236E-07 -0.63276E-06
  0.14520E+03 -0.70011E-06 -0.84771E-07 -0.65349E-06
  0.14550E+03 -0.68340E-06 -0.73043E-07 -0.66891E-06
  0.14580E+03 -0.66653E-06 -0.59715E-07 -0.67906E-06
  0.14610E+03 -0.64936E-06 -0.45434E-07 -0.68410E-06
  0.14640E+03 -0.63178E-06 -0.30848E-07 -0.68416E-06
  0.14670E+03 -0.61365E-06 -0.16589E-07 -0.67945E-06
  0.14700E+03 -0.59482E-06 -0.32420E-08 -0.67023E-06
  0.14730E+03 -0.57518E-06  0.86420E-08 -0.65677E-06
  0.14760E+03 -0.55455E-06  0.18544E-07 -0.63938E-06
  0.14790E+03 -0.53281E-06  0.25998E-07 -0.61840E-06
  0.14820E+03 -0.50983E-06  0.30592E-07 -0.59419E-06
  0.14850E+03 -0.48548E-06  0.31984E-07 -0.56712E-06
  0.14880E+03 -0.45965E-06  0.29884E-07 -0.53759E-06
  0.14910E+03 -0.43228E-06  0.24078E-07 -0.50597E-06
  0.14940E+03 -0.40324E-06  0.14403E-07 -0.47268E-06
  0.14970E+03 -0.37252E-06  0.78899E-09 -0.43812E-06
  0.15000E+03 -0.34006E-06 -0.16792E-07 -0.40265E-06
  0.15030E+03 -0.30586E-06 -0.38287E-07 -0.36667E-06
  0.15060E+03 -0.26992E-06 -0.63575E-07 -0.33053E-06
  0.15090E+03 -0.23228E-06 -0.92480E-07 -0.29460E-06
  0.15120E+03 -0.19301E-06 -0.12477E-06 -0.25918E-06
  0.15150E+03 -0.15217E-06 -0.16015E-06 -0.22459E-06
  0.15180E+03 -0.10990E-06 -0.19827E-06 -0.19108E-06
  0.15210E+03 -0.66307E-07 -0.23874E-06 -0.15891E-06
  0.15240E+03 -0.21563E-07 -0.28115E-06 -0.12830E-06
  0.15270E+03  0.24175E-07 -0.32503E-06 -0.99436E-07
  0.15300E+03  0.70692E-07 -0.36989E-06 -0.72467E-07
  0.15330E+03  0.11780E-06 -0.41523E-06 -0.47500E-07
  0.15360E+03  0.16524E-06 -0.46053E-06 -0.24641E-07
  0.15390E+03  0.21280E-06 -0.50526E-06 -0.39350E-08
  0.15420E+03  0.26021E-06 -0.54889E-06  0.14584E-07
  0.15450E+03  0.30721E-06 -0.59093E-06  0.30937E-07
  0.15480E+03  0.35353E-06 -0.63085E-06  0.45138E-07
  0.15510E+03  0.39891E-06 -0.66817E-06  0.57266E-07
  0.15540E+03  0.44307E-06 -0.70243E-06  0.67394E-07
  0.15570E+03  0.48574E-06 -0.73320E-06  0.75638E-07
  0.15600E+03  0.52666E-06 -0.76010E-06  0.82119E-07
  0.15630E+03  0.56557E-06 -0.78277E-06  0.86978E-07
  0.15660E+03  0.60224E-06 -0.80090E-06  0.90383E-07
  0.15690E+03  0.63637E-06 -0.81423E-06  0.92498E-07
  0.15720E+03  0.66789E-06 -0.82255E-06  0.93502E-07
  0.15750E+03  0.69643E-06 -0.82570E-06  0.93580E-07
  0.15780E+03  0.72197E-06 -0.82358E-06  0.92915E-07
  0.15810E+03  0.74420E-06 -0.81613E-06  0.91704E-07
  0.15840E+03  0.76305E-06 -0.80336E-06  0.90123E-07
  0.15870E+03  0.77841E-06 -0.78532E-06  0.88346E-07
  0.15900E+03  0.79017E-06 -0.76212E-06  0.86555E-07
  0.15930E+03  0.79827E-06 -0.73392E-06  0.84912E-07
  0.15960E+03  0.80268E-06 -0.70092E-06  0.83550E-07
  0.15990E+03  0.80338E-06 -0.66338E-06  0.82622E-07
  0.16020E+03  0.80039E-06 -0.62160E-06  0.82228E-07
  0.16050E+03  0.79372E-06 -0.57589E-06  0.82487E-07
  0.16080E+03  0.78347E-06 -0.52663E-06  0.83488E-07
  0.16110E+03  0.76970E-06 -0.47422E-06  0.85277E-07
  0.16140E+03  0.75253E-06 -0.41908E-06  0.87908E-07
  0.16170E+03  0.73209E-06 -0.36165E-06  0.91421E-07
  0.16200E+03  0.70854E-06 -0.30239E-06  0.95820E-07
  0.16230E+03  0.68203E-06 -0.24177E-06  0.10108E-06
  0.16260E+03  0.65278E-06 -0.18026E-06  0.10720E-06
  0.16290E+03  0.62098E-06 -0.11834E-06  0.11411E-06
  0.16320E+03  0.58684E-06 -0.56469E-07  0.12175E-06
  0.16350E+03  0.55060E-06  0.48710E-08  0.13006E-06
  0.16380E+03  0.51250E-06  0.65233E-07  0.13893E-06
  0.16410E+03  0.47278E-06  0.12420E-06  0.14825E-06
  0.16440E+03  0.43173E-06  0.18135E-06  0.15793E-06
  0.16470E+03  0.38946E-06  0.23630E-06  0.16782E-06
  0.16500E+03  0.34645E-06  0.28868E-06  0.17780E-06
  0.16530E+03  0.30284E-06  0.33820E-06  0.18773E-06
  0.16560E+03  0.25884E-06  0.38452E-06  0.19747E-06
  0.16590E+03  0.21471E-06  0.42742E-06  0.20690E-06
  0.16620E+03  0.17068E-06  0.46666E-06  0.21584E-06
  0.16650E+03  0.12707E-06  0.50207E-06  0.22417E-06
  0.16680E+03  0.84024E-07  0.53349E-06  0.23177E-06
  0.16710E+03  0.41772E-07  0.56083E-06  0.23849E-06
  0.16740E+03  0.49101E-09  0.58403E-06  0.24422E-06
  0.16770E+03 -0.39623E-07  0.60304E-06  0.24886E-06
  0.16800E+03 -0.78410E-07  0.61790E-06  0.25230E-06
  0.16830E+03 -0.11571E-06  0.62863E-06  0.25444E-06
  0.16860E+03 -0.15141E-06  0.63534E-06  0.25523E-06
  0.16890E+03 -0.18537E-06  0.63811E-06  0.25458E-06
  0.16920E+03 -0.21750E-06  0.63710E-06  0.25248E-06
  0.16950E+03 -0.24771E-06  0.63249E-06  0.24887E-06
  0.16980E+03 -0.27592E-06  0.62447E-06  0.24374E-06
  0.17010E+03 -0.30211E-06  0.61323E-06  0.23710E-06
  0.17040E+03 -0.32621E-06  0.59904E-06  0.22896E-06
  0.17070E+03 -0.34821E-06  0.58213E-06  0.21935E-06
  0.17100E+03 -0.36811E-06  0.56278E-06  0.20831E-06
  0.17130E+03 -0.38590E-06  0.54124E-06  0.19592E-06
  0.17160E+03 -0.40163E-06  0.51780E-06  0.18223E-06
  0.17190E+03 -0.41529E-06  0.49275E-06  0.16734E-06
  0.17220E+03 -0.42695E-06  0.46634E-06  0.15135E-06
  0.17250E+03 -0.43665E-06  0.43887E-06  0.13435E-06
  0.17280E+03 -0.44446E-06  0.41060E-06  0.11649E-06
  0.17310E+03 -0.45043E-06  0.38179E-06  0.97878E-07
  0.17340E+03 -0.45466E-06  0.35269E-06  0.78645E-07
  0.17370E+03 -0.45719E-06  0.32354E-06  0.58934E-07
  0.17400E+03 -0.45813E-06  0.29457E-06  0.38885E-07
  0.17430E+03 -0.45757E-06  0.26595E-06  0.18650E-07
  0.17460E+03 -0.45557E-06  0.23790E-06 -0.16410E-08
  0.17490E+03 -0.45224E-06  0.21057E-06 -0.21820E-07
  0.17520E+03 -0.44767E-06  0.18410E-06 -0.41769E-07
  0.17550E+03 -0.44192E-06  0.15864E-06 -0.61343E-07
  0.17580E+03 -0.43510E-06  0.13426E-06 -0.80397E-07
  0.17610E+03 -0.42728E-06  0.11107E-06 -0.98805E-07
  0.17640E+03 -0.41854E-06  0.89108E-07 -0.11645E-06
  0.17670E+03 -0.40895E-06  0.68434E-07 -0.13323E-06
  0.17700E+03 -0.39859E-06  0.49071E-07 -0.14902E-06
  0.17730E+03 -0.38752E-06  0.31008E-07 -0.16375E-06
  0.17760E+03 -0.37581E-06  0.14231E-07 -0.17731E-06
  0.17790E+03 -0.36351E-06 -0.12740E-08 -0.18965E-06
  0.17820E+03 -0.35065E-06 -0.15565E-07 -0.20070E-06
  0.17850E+03 -0.33732E-06 -0.28693E-07 -0.21041E-06
  0.17880E+03 -0.32354E-06 -0.40725E-07 -0.21875E-06
  0.17910E+03 -0.30934E-06 -0.51755E-07 -0.22569E-06
  0.17940E+03 -0.29476E-06 -0.61856E-07 -0.23123E-06
  0.17970E+03 -0.27983E-06 -0.71125E-07 -0.23536E-06
  0.18000E+03 -0.26461E-06 -0.79655E-07 -0.23809E-06
  0.18030E+03 -0.24906E-06 -0.87548E-07 -0.23944E-06
  0.18060E+03 -0.23317E-06 -0.94899E-07 -0.23945E-06
  0.18090E+03 -0.21717E-06 -0.10182E-06 -0.23816E-06
  0.18120E+03 -0.20077E-06 -0.10838E-06 -0.23563E-06
  0.18150E+03 -0.18422E-06 -0.11469E-06 -0.23191E-06
  0.18180E+03 -0.16744E-06 -0.12082E-06 -0.22706E-06
  0.18210E+03 -0.15043E-06 -0.12686E-06 -0.22118E-06
  0.18240E+03 -0.13334E-06 -0.13288E-06 -0.21433E-06
  0.18270E+03 -0.11599E-06 -0.13892E-06 -0.20660E-06
  0.18300E+03 -0.98470E-07 -0.14505E-06 -0.19807E-06
  0.18330E+03 -0.80851E-07 -0.15131E-06 -0.18884E-06
  0.18360E+03 -0.63116E-07 -0.15771E-06 -0.17900E-06
  0.18390E+03 -0.45294E-07 -0.16428E-06 -0.16865E-06
  0.18420E+03 -0.27411E-07 -0.17103E-06 -0.15786E-06
  0.18450E+03 -0.95010E-08 -0.17793E-06 -0.14675E-06
  0.18480E+03  0.84150E-08 -0.18499E-06 -0.13539E-06
  0.18510E+03  0.26296E-07 -0.19218E-06 -0.12387E-06
  0.18540E+03  0.44098E-07 -0.19944E-06 -0.11229E-06
  0.18570E+03  0.61791E-07 -0.20675E-06 -0.10071E-06
  0.18600E+03  0.79328E-07 -0.21403E-06 -0.89197E-07
  0.18630E+03  0.96647E-07 -0.22124E-06 -0.77841E-07
  0.18660E+03  0.11372E-06 -0.22830E-06 -0.66703E-07
  0.18690E+03  0.13046E-06 -0.23514E-06 -0.55829E-07
  0.18720E+03  0.14683E-06 -0.24167E-06 -0.45274E-07
  0.18750E+03  0.16288E-06 -0.24781E-06 -0.35085E-07
  0.18780E+03  0.17836E-06 -0.25348E-06 -0.25299E-07
  0.18810E+03  0.19333E-06 -0.25860E-06 -0.15945E-07
  0.18840E+03  0.20764E-06 -0.26308E-06 -0.70510E-08
  0.18870E+03  0.22135E-06 -0.26684E-06  0.13720E-08
  0.18900E+03  0.23436E-06 -0.26979E-06  0.92950E-08
  0.18930E+03  0.24656E-06 -0.27187E-06  0.16737E-07
  0.18960E+03  0.25798E-06 -0.27301E-06  0.23671E-07
  0.18990E+03  0.26851E-06 -0.27314E-06  0.30113E-07
  0.19020E+03  0.27809E-06 -0.27220E-06  0.36085E-07
  0.19050E+03  0.28675E-06 -0.27015E-06  0.41579E-07
  0.19080E+03  0.29432E-06 -0.26697E-06  0.46618E-07
  0.19110E+03  0.30089E-06 -0.26259E-06  0.51226E-07
  0.19140E+03  0.30629E-06 -0.25703E-06  0.55428E-07
  0.19170E+03  0.31060E-06 -0.25025E-06  0.59248E-07
  0.19200E+03  0.31385E-06 -0.24228E-06  0.62709E-07
  0.19230E+03  0.31586E-06 -0.23312E-06  0.65838E-07
  0.19260E+03  0.31667E-06 -0.22278E-06  0.68675E-07
  0.19290E+03  0.31630E-06 -0.21132E-06  0.71240E-07
  0.19320E+03  0.31476E-06 -0.19877E-06  0.73562E-07
  0.19350E+03  0.31203E-06 -0.18518E-06  0.75659E-07
  0.19380E+03  0.30813E-06 -0.17063E-06  0.77576E-07
  0.19410E+03  0.30309E-06 -0.15517E-06  0.79322E-07
  0.19440E+03  0.29690E-06 -0.13890E-06  0.80921E-07
  0.19470E+03  0.28962E-06 -0.12190E-06  0.82400E-07
  0.19500E+03  0.28127E-06 -0.10428E-06  0.83779E-07
  0.19530E+03  0.27190E-06 -0.86115E-07  0.85058E-07
  0.19560E+03  0.26156E-06 -0.67522E-07  0.86252E-07
  0.19590E+03  0.25029E-06 -0.48612E-07  0.87379E-07
  0.19620E+03  0.23819E-06 -0.29491E-07  0.88439E-07
  0.19650E+03  0.22519E-06 -0.10284E-07  0.89435E-07
  0.19680E+03  0.21153E-06  0.89050E-08  0.90366E-07
  0.19710E+03  0.19722E-06  0.27957E-07  0.91230E-07
  0.19740E+03  0.18221E-06  0.46760E-07  0.92020E-07
  0.19770E+03  0.16671E-06  0.65215E-07  0.92737E-07
  0.19800E+03  0.15076E-06  0.83200E-07  0.93350E-07
  0.19830E+03  0.13444E-06  0.10062E-06  0.93869E-07
  0.19860E+03  0.11783E-06  0.11738E-06  0.94263E-07
  0.19890E+03  0.10106E-06  0.13337E-06  0.94518E-07
  0.19920E+03  0.84100E-07  0.14853E-06  0.94636E-07
  0.19950E+03  0.67110E-07  0.16278E-06  0.94573E-07
  0.19980E+03  0.50020E-07  0.17604E-06  0.94321E-07
  0.20010E+03  0.33150E-07  0.18825E-06  0.93877E-07
  0.20040E+03  0.16420E-07  0.19935E-06  0.93203E-07
  0.20070E+03 -0.13006E-09  0.20931E-06  0.92280E-07
  0.20100E+03 -0.16390E-07  0.21808E-06  0.91116E-07
  0.20130E+03 -0.32220E-07  0.22565E-06  0.89670E-07
  0.20160E+03 -0.47650E-07  0.23200E-06  0.87946E-07
  0.20190E+03 -0.62600E-07  0.23710E-06  0.85925E-07
  0.20220E+03 -0.76950E-07  0.24097E-06  0.83591E-07
  0.20250E+03 -0.90800E-07  0.24363E-06  0.80959E-07
  0.20280E+03 -0.10397E-06  0.24506E-06  0.77997E-07
  0.20310E+03 -0.11648E-06  0.24533E-06  0.74730E-07
  0.20340E+03 -0.12827E-06  0.24443E-06  0.71134E-07
  0.20370E+03 -0.13933E-06  0.24244E-06  0.67229E-07
  0.20400E+03 -0.14962E-06  0.23937E-06  0.63014E-07
  0.20430E+03 -0.15912E-06  0.23530E-06  0.58510E-07
  0.20460E+03 -0.16781E-06  0.23026E-06  0.53712E-07
  0.20490E+03 -0.17569E-06  0.22434E-06  0.48648E-07
  0.20520E+03 -0.18275E-06  0.21758E-06  0.43332E-07
  0.20550E+03 -0.18897E-06  0.21006E-06  0.37782E-07
  0.20580E+03 -0.19437E-06  0.20184E-06  0.32033E-07
  0.20610E+03 -0.19893E-06  0.19300E-06  0.26096E-07
  0.20640E+03 -0.20269E-06  0.18362E-06  0.20003E-07
  0.20670E+03 -0.20563E-06  0.17376E-06  0.13785E-07
  0.20700E+03 -0.20778E-06  0.16349E-06  0.74820E-08
  0.20730E+03 -0.20916E-06  0.15289E-06  0.11110E-08
  0.20760E+03 -0.20975E-06  0.14203E-06 -0.52940E-08
  0.20790E+03 -0.20966E-06  0.13097E-06 -0.11690E-07
  0.20820E+03 -0.20883E-06  0.11979E-06 -0.18040E-07
  0.20850E+03 -0.20734E-06  0.10853E-06 -0.24318E-07
  0.20880E+03 -0.20520E-06  0.97267E-07 -0.30487E-07
  0.20910E+03 -0.20235E-06  0.86052E-07 -0.36521E-07
  0.20940E+03 -0.19896E-06  0.74939E-07 -0.42372E-07
  0.20970E+03 -0.19500E-06  0.63966E-07 -0.48011E-07
  0.21000E+03 -0.19053E-06  0.53182E-07 -0.53425E-07
  0.21030E+03 -0.18552E-06  0.42625E-07 -0.58562E-07
  0.21060E+03 -0.18010E-06  0.32331E-07 -0.63407E-07
  0.21090E+03 -0.17420E-06  0.22319E-07 -0.67923E-07
  0.21120E+03 -0.16794E-06  0.12639E-07 -0.72105E-07
  0.21150E+03 -0.16123E-06  0.32800E-08 -0.75928E-07
  0.21180E+03 -0.15421E-06 -0.57110E-08 -0.79364E-07
  0.21210E+03 -0.14688E-06 -0.14340E-07 -0.82413E-07
  0.21240E+03 -0.13920E-06 -0.22597E-07 -0.85039E-07
  0.21270E+03 -0.13130E-06 -0.30462E-07 -0.87265E-07
  0.21300E+03 -0.12321E-06 -0.37945E-07 -0.89052E-07
  0.21330E+03 -0.11494E-06 -0.45045E-07 -0.90421E-07
  0.21360E+03 -0.10647E-06 -0.51759E-07 -0.91356E-07
  0.21390E+03 -0.97818E-07 -0.58094E-07 -0.91865E-07
  0.21420E+03 -0.89080E-07 -0.64061E-07 -0.91952E-07
  0.21450E+03 -0.80255E-07 -0.69657E-07 -0.91625E-07
  0.21480E+03 -0.71350E-07 -0.74907E-07 -0.90895E-07
  0.21510E+03 -0.62392E-07 -0.79808E-07 -0.89772E-07
  0.21540E+03 -0.53426E-07 -0.84376E-07 -0.88270E-07
  0.21570E+03 -0.44449E-07 -0.88627E-07 -0.86402E-07
  0.21600E+03 -0.35486E-07 -0.92567E-07 -0.84197E-07
  0.21630E+03 -0.26569E-07 -0.96205E-07 -0.81665E-07
  0.21660E+03 -0.17709E-07 -0.99548E-07 -0.78829E-07
  0.21690E+03 -0.89350E-08 -0.10262E-06 -0.75724E-07
  0.21720E+03 -0.25099E-09 -0.10542E-06 -0.72365E-07
  0.21750E+03  0.83020E-08 -0.10795E-06 -0.68764E-07
  0.21780E+03  0.16723E-07 -0.11023E-06 -0.64967E-07
  0.21810E+03  0.24991E-07 -0.11225E-06 -0.60997E-07
  0.21840E+03  0.33087E-07 -0.11404E-06 -0.56866E-07
  0.21870E+03  0.40983E-07 -0.11557E-06 -0.52609E-07
  0.21900E+03  0.48671E-07 -0.11687E-06 -0.48254E-07
  0.21930E+03  0.56136E-07 -0.11792E-06 -0.43828E-07
  0.21960E+03  0.63304E-07 -0.11873E-06 -0.39341E-07
  0.21990E+03  0.70280E-07 -0.11929E-06 -0.34829E-07
  0.22020E+03  0.77010E-07 -0.11961E-06 -0.30307E-07
  0.22050E+03  0.83420E-07 -0.11967E-06 -0.25817E-07
  0.22080E+03  0.89450E-07 -0.11948E-06 -0.21349E-07
  0.22110E+03  0.95220E-07 -0.11902E-06 -0.16946E-07
  0.22140E+03  0.10057E-06 -0.11830E-06 -0.12616E-07
  0.22170E+03  0.10570E-06 -0.11729E-06 -0.83780E-08
  0.22200E+03  0.11035E-06 -0.11602E-06 -0.42550E-08
  0.22230E+03  0.11469E-06 -0.11446E-06 -0.23799E-09
  0.22260E+03  0.11860E-06 -0.11261E-06  0.36400E-08
  0.22290E+03  0.12208E-06 -0.11046E-06  0.73724E-08
  0.22320E+03  0.12520E-06 -0.10801E-06  0.10955E-07
  0.22350E+03  0.12790E-06 -0.10528E-06  0.14378E-07
  0.22380E+03  0.13016E-06 -0.10223E-06  0.17635E-07
  0.22410E+03  0.13198E-06 -0.98880E-07  0.20721E-07
  0.22440E+03  0.13336E-06 -0.95232E-07  0.23633E-07
  0.22470E+03  0.13430E-06 -0.91291E-07  0.26368E-07
  0.22500E+03  0.13478E-06 -0.87054E-07  0.28926E-07
  0.22530E+03  0.13483E-06 -0.82534E-07  0.31306E-07
  0.22560E+03  0.13442E-06 -0.77726E-07  0.33510E-07
  0.22590E+03  0.13358E-06 -0.72662E-07  0.35538E-07
  0.22620E+03  0.13229E-06 -0.67341E-07  0.37394E-07
  0.22650E+03  0.13057E-06 -0.61782E-07  0.39079E-07
  0.22680E+03  0.12842E-06 -0.56000E-07  0.40599E-07
  0.22710E+03  0.12585E-06 -0.50005E-07  0.41958E-07
  0.22740E+03  0.12288E-06 -0.43837E-07  0.43157E-07
  0.22770E+03  0.11952E-06 -0.37491E-07  0.44210E-07
  0.22800E+03  0.11577E-06 -0.31011E-07  0.45109E-07
  0.22830E+03  0.11165E-06 -0.24421E-07  0.45861E-07
  0.22860E+03  0.10718E-06 -0.17733E-07  0.46481E-07
  0.22890E+03  0.10239E-06 -0.10981E-07  0.46971E-07
  0.22920E+03  0.97281E-07 -0.42030E-08  0.47333E-07
  0.22950E+03  0.91889E-07  0.25900E-08  0.47561E-07
  0.22980E+03  0.86226E-07  0.93520E-08  0.47677E-07
  0.23010E+03  0.80318E-07  0.16066E-07  0.47684E-07
  0.23040E+03  0.74184E-07  0.22695E-07  0.47572E-07
  0.23070E+03  0.67868E-07  0.29218E-07  0.47343E-07
  0.23100E+03  0.61372E-07  0.35588E-07  0.47027E-07
  0.23130E+03  0.54730E-07  0.41790E-07  0.46598E-07
  0.23160E+03  0.47983E-07  0.47803E-07  0.46066E-07
  0.23190E+03  0.41135E-07  0.53579E-07  0.45440E-07
  0.23220E+03  0.34229E-07  0.59110E-07  0.44724E-07
  0.23250E+03  0.27290E-07  0.64363E-07  0.43910E-07
  0.23280E+03  0.20338E-07  0.69316E-07  0.43005E-07
  0.23310E+03  0.13407E-07  0.73950E-07  0.42009E-07
  0.23340E+03  0.65300E-08  0.78242E-07  0.40924E-07
  0.23370E+03 -0.28800E-09  0.82178E-07  0.39750E-07
  0.23400E+03 -0.70020E-08  0.85741E-07  0.38490E-07
  0.23430E+03 -0.13604E-07  0.88917E-07  0.37143E-07
  0.23460E+03 -0.20047E-07  0.91697E-07  0.35713E-07
  0.23490E+03 -0.26335E-07  0.94071E-07  0.34201E-07
  0.23520E+03 -0.32432E-07  0.96037E-07  0.32608E-07
  0.23550E+03 -0.38311E-07  0.97575E-07  0.30935E-07
  0.23580E+03 -0.43969E-07  0.98711E-07  0.29186E-07
  0.23610E+03 -0.49367E-07  0.99415E-07  0.27362E-07
  0.23640E+03 -0.54510E-07  0.99718E-07  0.25468E-07
  0.23670E+03 -0.59375E-07  0.99605E-07  0.23505E-07
  0.23700E+03 -0.63947E-07  0.99096E-07  0.21479E-07
  0.23730E+03 -0.68215E-07  0.98190E-07  0.19392E-07
  0.23760E+03 -0.72163E-07  0.96904E-07  0.17249E-07
  0.23790E+03 -0.75797E-07  0.95249E-07  0.15056E-07
  0.23820E+03 -0.79087E-07  0.93251E-07  0.12819E-07
  0.23850E+03 -0.82047E-07  0.90905E-07  0.10541E-07
  0.23880E+03 -0.84664E-07  0.88252E-07  0.82317E-08
  0.23910E+03 -0.86926E-07  0.85295E-07  0.58969E-08
  0.23940E+03 -0.88850E-07  0.82058E-07  0.35432E-08
  0.23970E+03 -0.90431E-07  0.78571E-07  0.11782E-08
  0.24000E+03 -0.91656E-07  0.74841E-07 -0.11891E-08
  0.24030E+03 -0.92543E-07  0.70901E-07 -0.35510E-08
  0.24060E+03 -0.93091E-07  0.66778E-07 -0.58986E-08
  0.24090E+03 -0.93308E-07  0.62479E-07 -0.82245E-08
  0.24120E+03 -0.93201E-07  0.58036E-07 -0.10519E-07
  0.24150E+03 -0.92769E-07  0.53482E-07 -0.12773E-07
  0.24180E+03 -0.92029E-07  0.48824E-07 -0.14978E-07
  0.24210E+03 -0.90994E-07  0.44087E-07 -0.17125E-07
  0.24240E+03 -0.89661E-07  0.39306E-07 -0.19206E-07
  0.24270E+03 -0.88050E-07  0.34485E-07 -0.21211E-07
  0.24300E+03 -0.86174E-07  0.29664E-07 -0.23132E-07
  0.24330E+03 -0.84042E-07  0.24843E-07 -0.24963E-07
  0.24360E+03 -0.81674E-07  0.20061E-07 -0.26693E-07
  0.24390E+03 -0.79075E-07  0.15324E-07 -0.28318E-07
  0.24420E+03 -0.76258E-07  0.10641E-07 -0.29829E-07
  0.24450E+03 -0.73246E-07  0.60496E-08 -0.31220E-07
  0.24480E+03 -0.70053E-07  0.15511E-08 -0.32482E-07
  0.24510E+03 -0.66686E-07 -0.28388E-08 -0.33618E-07
  0.24540E+03 -0.63164E-07 -0.71060E-08 -0.34623E-07
  0.24570E+03 -0.59500E-07 -0.11239E-07 -0.35481E-07
  0.24600E+03 -0.55710E-07 -0.15232E-07 -0.36205E-07
  0.24630E+03 -0.51819E-07 -0.19064E-07 -0.36776E-07
  0.24660E+03 -0.47824E-07 -0.22739E-07 -0.37205E-07
  0.24690E+03 -0.43744E-07 -0.26242E-07 -0.37484E-07
  0.24720E+03 -0.39604E-07 -0.29579E-07 -0.37619E-07
  0.24750E+03 -0.35412E-07 -0.32729E-07 -0.37600E-07
  0.24780E+03 -0.31191E-07 -0.35696E-07 -0.37440E-07
  0.24810E+03 -0.26935E-07 -0.38480E-07 -0.37136E-07
  0.24840E+03 -0.22675E-07 -0.41077E-07 -0.36692E-07
  0.24870E+03 -0.18411E-07 -0.43488E-07 -0.36111E-07
  0.24900E+03 -0.14166E-07 -0.45702E-07 -0.35397E-07
  0.24930E+03 -0.99201E-08 -0.47718E-07 -0.34555E-07
  0.24960E+03 -0.58000E-08 -0.49553E-07 -0.33590E-07
  0.24990E+03 -0.16200E-08 -0.51198E-07 -0.32509E-07
  0.25020E+03  0.23799E-08 -0.52650E-07 -0.31321E-07
  0.25050E+03  0.63900E-08 -0.53916E-07 -0.30016E-07
  0.25080E+03  0.10260E-07 -0.55003E-07 -0.28632E-07
  0.25110E+03  0.14070E-07 -0.55904E-07 -0.27148E-07
  0.25140E+03  0.17770E-07 -0.56638E-07 -0.25582E-07
  0.25170E+03  0.21340E-07 -0.57180E-07 -0.23956E-07
  0.25200E+03  0.24800E-07 -0.57563E-07 -0.22256E-07
  0.25230E+03  0.28150E-07 -0.57774E-07 -0.20503E-07
  0.25260E+03  0.31410E-07 -0.57815E-07 -0.18703E-07
  0.25290E+03  0.34400E-07 -0.57699E-07 -0.16873E-07
  0.25320E+03  0.37330E-07 -0.57425E-07 -0.15005E-07
  0.25350E+03  0.40077E-07 -0.56989E-07 -0.13117E-07
  0.25380E+03  0.42654E-07 -0.56406E-07 -0.11214E-07
  0.25410E+03  0.45059E-07 -0.55683E-07 -0.93080E-08
  0.25440E+03  0.47289E-07 -0.54812E-07 -0.74070E-08
  0.25470E+03  0.49350E-07 -0.53801E-07 -0.55180E-08
  0.25500E+03  0.51216E-07 -0.52650E-07 -0.36490E-08
  0.25530E+03  0.52909E-07 -0.51378E-07 -0.18050E-08
  0.25560E+03  0.54403E-07 -0.49970E-07  0.59970E-11
  0.25590E+03  0.55710E-07 -0.48453E-07  0.17690E-08
  0.25620E+03  0.56824E-07 -0.46800E-07  0.34960E-08
  0.25650E+03  0.57738E-07 -0.45049E-07  0.51720E-08
  0.25680E+03  0.58462E-07 -0.43182E-07  0.67850E-08
  0.25710E+03  0.58995E-07 -0.41213E-07  0.83444E-08
  0.25740E+03  0.59320E-07 -0.39144E-07  0.98341E-08
  0.25770E+03  0.59463E-07 -0.36983E-07  0.11256E-07
  0.25800E+03  0.59413E-07 -0.34734E-07  0.12605E-07
  0.25830E+03  0.59165E-07 -0.32402E-07  0.13875E-07
  0.25860E+03  0.58740E-07 -0.29998E-07  0.15074E-07
  0.25890E+03  0.58120E-07 -0.27520E-07  0.16193E-07
  0.25920E+03  0.57330E-07 -0.24984E-07  0.17221E-07
  0.25950E+03  0.56340E-07 -0.22389E-07  0.18175E-07
  0.25980E+03  0.55240E-07 -0.19737E-07  0.19042E-07
  0.26010E+03  0.53880E-07 -0.17055E-07  0.19826E-07
  0.26040E+03  0.52390E-07 -0.14346E-07  0.20522E-07
  0.26070E+03  0.50820E-07 -0.11598E-07  0.21141E-07
  0.26100E+03  0.49050E-07 -0.88420E-08  0.21666E-07
  0.26130E+03  0.47090E-07 -0.60680E-08  0.22111E-07
  0.26160E+03  0.45010E-07 -0.32990E-08  0.22484E-07
  0.26190E+03  0.42890E-07 -0.54598E-09  0.22762E-07
  0.26220E+03  0.40610E-07  0.21980E-08  0.22972E-07
  0.26250E+03  0.38240E-07  0.49140E-08  0.23101E-07
  0.26280E+03  0.35710E-07  0.75970E-08  0.23142E-07
  0.26310E+03  0.33140E-07  0.10233E-07  0.23122E-07
  0.26340E+03  0.30480E-07  0.12806E-07  0.23028E-07
  0.26370E+03  0.27690E-07  0.15331E-07  0.22865E-07
  0.26400E+03  0.24920E-07  0.17779E-07  0.22631E-07
  0.26430E+03  0.22010E-07  0.20147E-07  0.22334E-07
  0.26460E+03  0.19190E-07  0.22427E-07  0.21977E-07
  0.26490E+03  0.16210E-07  0.24619E-07  0.21559E-07
  0.26520E+03  0.13270E-07  0.26697E-07  0.21085E-07
  0.26550E+03  0.10290E-07  0.28667E-07  0.20551E-07
  0.26580E+03  0.73770E-08  0.30528E-07  0.19977E-07
  0.26610E+03  0.44430E-08  0.32256E-07  0.19344E-07
  0.26640E+03  0.15290E-08  0.33856E-07  0.18665E-07
  0.26670E+03 -0.13600E-08  0.35326E-07  0.17945E-07
  0.26700E+03 -0.42080E-08  0.36651E-07  0.17182E-07
  0.26730E+03 -0.69930E-08  0.37832E-07  0.16383E-07
  0.26760E+03 -0.97270E-08  0.38864E-07  0.15548E-07
  0.26790E+03 -0.12395E-07  0.39746E-07  0.14679E-07
  0.26820E+03 -0.14988E-07  0.40475E-07  0.13787E-07
  0.26850E+03 -0.17483E-07  0.41050E-07  0.12859E-07
  0.26880E+03 -0.19892E-07  0.41469E-07  0.11911E-07
  0.26910E+03 -0.22202E-07  0.41731E-07  0.10937E-07
  0.26940E+03 -0.24413E-07  0.41838E-07  0.99490E-08
  0.26970E+03 -0.26502E-07  0.41790E-07  0.89420E-08
  0.27000E+03 -0.28470E-07  0.41591E-07  0.79300E-08
  0.27030E+03 -0.30320E-07  0.41240E-07  0.69020E-08
  0.27060E+03 -0.32010E-07  0.40743E-07  0.58590E-08
  0.27090E+03 -0.33640E-07  0.40102E-07  0.48200E-08
  0.27120E+03 -0.35060E-07  0.39321E-07  0.37830E-08
  0.27150E+03 -0.36360E-07  0.38406E-07  0.27390E-08
  0.27180E+03 -0.37560E-07  0.37363E-07  0.17050E-08
  0.27210E+03 -0.38570E-07  0.36196E-07  0.66802E-09
  0.27240E+03 -0.39400E-07  0.34913E-07 -0.35499E-09
  0.27270E+03 -0.40170E-07  0.33520E-07 -0.13670E-08
  0.27300E+03 -0.40720E-07  0.32024E-07 -0.23580E-08
  0.27330E+03 -0.41150E-07  0.30434E-07 -0.33410E-08
  0.27360E+03 -0.41430E-07  0.28755E-07 -0.42940E-08
  0.27390E+03 -0.41510E-07  0.26997E-07 -0.52350E-08
  0.27420E+03 -0.41500E-07  0.25168E-07 -0.61350E-08
  0.27450E+03 -0.41440E-07  0.23277E-07 -0.70190E-08
  0.27480E+03 -0.41140E-07  0.21331E-07 -0.78730E-08
  0.27510E+03 -0.40690E-07  0.19340E-07 -0.86920E-08
  0.27540E+03 -0.40170E-07  0.17313E-07 -0.94670E-08
  0.27570E+03 -0.39440E-07  0.15257E-07 -0.10211E-07
  0.27600E+03 -0.38630E-07  0.13181E-07 -0.10912E-07
  0.27630E+03 -0.37720E-07  0.11096E-07 -0.11579E-07
  0.27660E+03 -0.36740E-07  0.90050E-08 -0.12200E-07
  0.27690E+03 -0.35597E-07  0.69210E-08 -0.12769E-07
  0.27720E+03 -0.34365E-07  0.48500E-08 -0.13296E-07
  0.27750E+03 -0.33042E-07  0.27960E-08 -0.13777E-07
  0.27780E+03 -0.31622E-07  0.77100E-09 -0.14206E-07
  0.27810E+03 -0.30125E-07 -0.12110E-08 -0.14579E-07
  0.27840E+03 -0.28553E-07 -0.31550E-08 -0.14900E-07
  0.27870E+03 -0.26911E-07 -0.50580E-08 -0.15175E-07
  0.27900E+03 -0.25212E-07 -0.69060E-08 -0.15393E-07
  0.27930E+03 -0.23446E-07 -0.86820E-08 -0.15559E-07
  0.27960E+03 -0.21639E-07 -0.10410E-07 -0.15670E-07
  0.27990E+03 -0.19801E-07 -0.12059E-07 -0.15727E-07
  0.28020E+03 -0.17918E-07 -0.13640E-07 -0.15733E-07
  0.28050E+03 -0.16000E-07 -0.15134E-07 -0.15682E-07
  0.28080E+03 -0.14030E-07 -0.16552E-07 -0.15582E-07
  0.28110E+03 -0.12190E-07 -0.17893E-07 -0.15423E-07
  0.28140E+03 -0.10180E-07 -0.19136E-07 -0.15222E-07
  0.28170E+03 -0.82300E-08 -0.20294E-07 -0.14971E-07
  0.28200E+03 -0.62900E-08 -0.21361E-07 -0.14672E-07
  0.28230E+03 -0.43800E-08 -0.22340E-07 -0.14322E-07
  0.28260E+03 -0.24201E-08 -0.23225E-07 -0.13927E-07
  0.28290E+03 -0.51000E-09 -0.24009E-07 -0.13491E-07
  0.28320E+03  0.12800E-08 -0.24710E-07 -0.13011E-07
  0.28350E+03  0.31200E-08 -0.25310E-07 -0.12502E-07
  0.28380E+03  0.49100E-08 -0.25817E-07 -0.11954E-07
  0.28410E+03  0.66700E-08 -0.26231E-07 -0.11367E-07
  0.28440E+03  0.83401E-08 -0.26550E-07 -0.10748E-07
  0.28470E+03  0.99900E-08 -0.26779E-07 -0.10105E-07
  0.28500E+03  0.11550E-07 -0.26918E-07 -0.94380E-08
  0.28530E+03  0.13100E-07 -0.26966E-07 -0.87430E-08
  0.28560E+03  0.14540E-07 -0.26931E-07 -0.80370E-08
  0.28590E+03  0.15860E-07 -0.26815E-07 -0.73090E-08
  0.28620E+03  0.17183E-07 -0.26605E-07 -0.65730E-08
  0.28650E+03  0.18400E-07 -0.26324E-07 -0.58250E-08
  0.28680E+03  0.19553E-07 -0.25958E-07 -0.50570E-08
  0.28710E+03  0.20615E-07 -0.25523E-07 -0.42990E-08
  0.28740E+03  0.21598E-07 -0.25017E-07 -0.35380E-08
  0.28770E+03  0.22488E-07 -0.24435E-07 -0.27740E-08
  0.28800E+03  0.23302E-07 -0.23789E-07 -0.20150E-08
  0.28830E+03  0.24025E-07 -0.23088E-07 -0.12580E-08
  0.28860E+03  0.24661E-07 -0.22315E-07 -0.51699E-09
  0.28890E+03  0.25207E-07 -0.21495E-07  0.21600E-09
  0.28920E+03  0.25666E-07 -0.20613E-07  0.93399E-09
  0.28950E+03  0.26035E-07 -0.19687E-07  0.16320E-08
  0.28980E+03  0.26312E-07 -0.18704E-07  0.23171E-08
  0.29010E+03  0.26509E-07 -0.17688E-07  0.29770E-08
  0.29040E+03  0.26607E-07 -0.16632E-07  0.36260E-08
  0.29070E+03  0.26601E-07 -0.15537E-07  0.42410E-08
  0.29100E+03  0.26540E-07 -0.14408E-07  0.48290E-08
  0.29130E+03  0.26440E-07 -0.13253E-07  0.53890E-08
  0.29160E+03  0.26180E-07 -0.12076E-07  0.59180E-08
  0.29190E+03  0.25830E-07 -0.10871E-07  0.64250E-08
  0.29220E+03  0.25450E-07 -0.96512E-08  0.68940E-08
  0.29250E+03  0.24950E-07 -0.84171E-08  0.73350E-08
  0.29280E+03  0.24450E-07 -0.71760E-08  0.77370E-08
  0.29310E+03  0.23820E-07 -0.59240E-08  0.81120E-08
  0.29340E+03  0.23080E-07 -0.46710E-08  0.84440E-08
  0.29370E+03  0.22359E-07 -0.34140E-08  0.87550E-08
  0.29400E+03  0.21543E-07 -0.21740E-08  0.90230E-08
  0.29430E+03  0.20666E-07 -0.92899E-09  0.92530E-08
  0.29460E+03  0.19727E-07  0.29698E-09  0.94472E-08
  0.29490E+03  0.18742E-07  0.15110E-08  0.96095E-08
  0.29520E+03  0.17707E-07  0.27030E-08  0.97390E-08
  0.29550E+03  0.16625E-07  0.38690E-08  0.98310E-08
  0.29580E+03  0.15513E-07  0.50140E-08  0.98920E-08
  0.29610E+03  0.14354E-07  0.61270E-08  0.99160E-08
  0.29640E+03  0.13164E-07  0.72040E-08  0.99080E-08
  0.29670E+03  0.11944E-07  0.82520E-08  0.98750E-08
  0.29700E+03  0.10699E-07  0.92580E-08  0.98030E-08
  0.29730E+03  0.94408E-08  0.10227E-07  0.97010E-08
  0.29760E+03  0.81640E-08  0.11147E-07  0.95620E-08
  0.29790E+03  0.68740E-08  0.12022E-07  0.94070E-08
  0.29820E+03  0.55870E-08  0.12849E-07  0.92180E-08
  0.29850E+03  0.42890E-08  0.13624E-07  0.90021E-08
  0.29880E+03  0.29920E-08  0.14340E-07  0.88000E-08
  0.29910E+03  0.17050E-08  0.15012E-07  0.84800E-08
  0.29940E+03  0.42598E-09  0.15621E-07  0.82400E-08
  0.29970E+03 -0.84202E-09  0.16164E-07  0.79000E-08
  0.30000E+03 -0.20830E-08  0.16655E-07  0.75601E-08
  0.30030E+03 -0.33130E-08  0.17083E-07  0.72599E-08
  0.30060E+03 -0.45040E-08  0.17445E-07  0.69100E-08
  0.30090E+03 -0.56750E-08  0.17737E-07  0.65000E-08
  0.30120E+03 -0.68230E-08  0.17975E-07  0.60801E-08
  0.30150E+03 -0.79230E-08  0.18150E-07  0.57601E-08
  0.30180E+03 -0.89870E-08  0.18253E-07  0.53100E-08
  0.30210E+03 -0.10012E-07  0.18294E-07  0.49200E-08
  0.30240E+03 -0.10983E-07  0.18270E-07  0.44901E-08
  0.30270E+03 -0.11914E-07  0.18184E-07  0.39901E-08
  0.30300E+03 -0.12797E-07  0.18033E-07  0.35960E-08
  0.30330E+03 -0.13628E-07  0.17822E-07  0.31590E-08
  0.30360E+03 -0.14399E-07  0.17557E-07  0.27200E-08
  0.30390E+03 -0.15125E-07  0.17224E-07  0.22880E-08
  0.30420E+03 -0.15783E-07  0.16841E-07  0.18440E-08
  0.30450E+03 -0.16385E-07  0.16400E-07  0.14110E-08
  0.30480E+03 -0.16927E-07  0.15906E-07  0.98100E-09
  0.30510E+03 -0.17400E-07  0.15364E-07  0.54901E-09
  0.30540E+03 -0.17816E-07  0.14782E-07  0.12380E-09
  0.30570E+03 -0.18157E-07  0.14144E-07 -0.29730E-09
  0.30600E+03 -0.18435E-07  0.13475E-07 -0.71000E-09
  0.30630E+03 -0.18650E-07  0.12770E-07 -0.11230E-08
  0.30660E+03 -0.18802E-07  0.12028E-07 -0.15250E-08
  0.30690E+03 -0.18882E-07  0.11256E-07 -0.19290E-08
