  0.00000E+00  0.97962E-10  0.13756E-09 -0.50489E-13
  0.30000E+00  0.75700E-09  0.10713E-08 -0.11012E-12
  0.60000E+00  0.29981E-08  0.42854E-08  0.96457E-13
  0.90000E+00  0.83280E-08  0.12046E-07  0.68377E-12
  0.12000E+01  0.18552E-07  0.27200E-07  0.97580E-12
  0.15000E+01  0.35595E-07  0.52969E-07 -0.13189E-11
  0.18000E+01  0.61334E-07  0.92750E-07 -0.11462E-10
  0.21000E+01  0.97446E-07  0.14992E-06 -0.39399E-10
  0.24000E+01  0.14527E-06  0.22765E-06 -0.10182E-09
  0.27000E+01  0.20567E-06  0.32873E-06 -0.22470E-09
  0.30000E+01  0.27899E-06  0.45541E-06 -0.44603E-09
  0.33000E+01  0.36493E-06  0.60930E-06 -0.81796E-09
  0.36000E+01  0.46253E-06  0.79122E-06 -0.14074E-08
  0.39000E+01  0.57016E-06  0.10011E-05 -0.22946E-08
  0.42000E+01  0.68548E-06  0.12380E-05 -0.35707E-08
  0.45000E+01  0.80550E-06  0.15000E-05 -0.53334E-08
  0.48000E+01  0.92661E-06  0.17842E-05 -0.76838E-08
  0.51000E+01  0.10446E-05  0.20867E-05 -0.10719E-07
  0.54000E+01  0.11549E-05  0.24030E-05 -0.14542E-07
  0.57000E+01  0.12523E-05  0.27272E-05 -0.18970E-07
  0.60000E+01  0.13305E-05  0.30525E-05 -0.22529E-07
  0.63000E+01  0.13812E-05  0.33699E-05 -0.22014E-07
  0.66000E+01  0.13939E-05  0.36691E-05 -0.14145E-07
  0.69000E+01  0.13575E-05  0.39393E-05  0.26846E-08
  0.72000E+01  0.12618E-05  0.41703E-05  0.28154E-07
  0.75000E+01  0.10997E-05  0.43545E-05  0.58770E-07
  0.78000E+01  0.87061E-06  0.44885E-05  0.86365E-07
  0.81000E+01  0.58191E-06  0.45745E-05  0.10033E-06
  0.84000E+01  0.24778E-06  0.46188E-05  0.91671E-07
  0.87000E+01 -0.11336E-06  0.46300E-05  0.55563E-07
  0.90000E+01 -0.48310E-06  0.46146E-05 -0.56869E-08
  0.93000E+01 -0.84840E-06  0.45739E-05 -0.79747E-07
  0.96000E+01 -0.12051E-05  0.45006E-05 -0.14496E-06
  0.99000E+01 -0.15556E-05  0.43808E-05 -0.17414E-06
  0.10200E+02 -0.19043E-05  0.41976E-05 -0.13947E-06
  0.10500E+02 -0.22546E-05  0.39302E-05 -0.20150E-07
  0.10800E+02 -0.26044E-05  0.35580E-05  0.18728E-06
  0.11100E+02 -0.29327E-05  0.30717E-05  0.46354E-06
  0.11400E+02 -0.31957E-05  0.24791E-05  0.77336E-06
  0.11700E+02 -0.33407E-05  0.17963E-05  0.10784E-05
  0.12000E+02 -0.33220E-05  0.10372E-05  0.13459E-05
  0.12300E+02 -0.31155E-05  0.20841E-06  0.15499E-05
  0.12600E+02 -0.27331E-05 -0.69194E-06  0.16611E-05
  0.12900E+02 -0.22180E-05 -0.16682E-05  0.16418E-05
  0.13200E+02 -0.16288E-05 -0.27209E-05  0.14587E-05
  0.13500E+02 -0.10323E-05 -0.38433E-05  0.11056E-05
  0.13800E+02 -0.49980E-06 -0.50160E-05  0.60919E-06
  0.14100E+02 -0.93110E-07 -0.62004E-05  0.17399E-07
  0.14400E+02  0.15510E-06 -0.73409E-05 -0.61105E-06
  0.14700E+02  0.24678E-06 -0.83761E-05 -0.12160E-05
  0.15000E+02  0.20719E-06 -0.92545E-05 -0.17570E-05
  0.15300E+02  0.73738E-07 -0.99499E-05 -0.22311E-05
  0.15600E+02 -0.11295E-06 -0.10469E-04 -0.26635E-05
  0.15900E+02 -0.32035E-06 -0.10853E-04 -0.30820E-05
  0.16200E+02 -0.52856E-06 -0.11160E-04 -0.34959E-05
  0.16500E+02 -0.72375E-06 -0.11451E-04 -0.38850E-05
  0.16800E+02 -0.88952E-06 -0.11761E-04 -0.42069E-05
  0.17100E+02 -0.10031E-05 -0.12091E-04 -0.44183E-05
  0.17400E+02 -0.10397E-05 -0.12413E-04 -0.44974E-05
  0.17700E+02 -0.98205E-06 -0.12690E-04 -0.44532E-05
  0.18000E+02 -0.82854E-06 -0.12897E-04 -0.43158E-05
  0.18300E+02 -0.58949E-06 -0.13035E-04 -0.41139E-05
  0.18600E+02 -0.27497E-06 -0.13131E-04 -0.38556E-05
  0.18900E+02  0.11780E-06 -0.13212E-04 -0.35260E-05
  0.19200E+02  0.60574E-06 -0.13296E-04 -0.31054E-05
  0.19500E+02  0.12074E-05 -0.13375E-04 -0.25899E-05
  0.19800E+02  0.19260E-05 -0.13428E-04 -0.19982E-05
  0.20100E+02  0.27427E-05 -0.13433E-04 -0.13582E-05
  0.20400E+02  0.36241E-05 -0.13374E-04 -0.68693E-06
  0.20700E+02  0.45387E-05 -0.13242E-04  0.17172E-07
  0.21000E+02  0.54671E-05 -0.13028E-04  0.76144E-06
  0.21300E+02  0.63984E-05 -0.12722E-04  0.15411E-05
  0.21600E+02  0.73189E-05 -0.12314E-04  0.23354E-05
  0.21900E+02  0.82053E-05 -0.11805E-04  0.31211E-05
  0.22200E+02  0.90303E-05 -0.11198E-04  0.38867E-05
  0.22500E+02  0.97721E-05 -0.10495E-04  0.46315E-05
  0.22800E+02  0.10417E-04 -0.96939E-05  0.53520E-05
  0.23100E+02  0.10954E-04 -0.87925E-05  0.60351E-05
  0.23400E+02  0.11371E-04 -0.77911E-05  0.66641E-05
  0.23700E+02  0.11651E-04 -0.66926E-05  0.72250E-05
  0.24000E+02  0.11785E-04 -0.55001E-05  0.77067E-05
  0.24300E+02  0.11764E-04 -0.42158E-05  0.80968E-05
  0.24600E+02  0.11581E-04 -0.28428E-05  0.83817E-05
  0.24900E+02  0.11229E-04 -0.13851E-05  0.85501E-05
  0.25200E+02  0.10702E-04  0.15324E-06  0.85954E-05
  0.25500E+02  0.99935E-05  0.17683E-05  0.85139E-05
  0.25800E+02  0.91007E-05  0.34558E-05  0.83042E-05
  0.26100E+02  0.80231E-05  0.52103E-05  0.79664E-05
  0.26400E+02  0.67632E-05  0.70250E-05  0.75027E-05
  0.26700E+02  0.53274E-05  0.88907E-05  0.69183E-05
  0.27000E+02  0.37256E-05  0.10796E-04  0.62211E-05
  0.27300E+02  0.19721E-05  0.12730E-04  0.54217E-05
  0.27600E+02  0.84317E-07  0.14677E-04  0.45327E-05
  0.27900E+02 -0.19167E-05  0.16625E-04  0.35681E-05
  0.28200E+02 -0.40071E-05  0.18559E-04  0.25422E-05
  0.28500E+02 -0.61609E-05  0.20463E-04  0.14691E-05
  0.28800E+02 -0.83507E-05  0.22320E-04  0.36278E-06
  0.29100E+02 -0.10549E-04  0.24112E-04 -0.76376E-06
  0.29400E+02 -0.12729E-04  0.25817E-04 -0.18980E-05
  0.29700E+02 -0.14862E-04  0.27416E-04 -0.30277E-05
  0.30000E+02 -0.16924E-04  0.28885E-04 -0.41398E-05
  0.30300E+02 -0.18886E-04  0.30205E-04 -0.52213E-05
  0.30600E+02 -0.20725E-04  0.31358E-04 -0.62591E-05
  0.30900E+02 -0.22415E-04  0.32332E-04 -0.72414E-05
  0.31200E+02 -0.23933E-04  0.33114E-04 -0.81572E-05
  0.31500E+02 -0.25260E-04  0.33696E-04 -0.89958E-05
  0.31800E+02 -0.26379E-04  0.34072E-04 -0.97469E-05
  0.32100E+02 -0.27277E-04  0.34236E-04 -0.10400E-04
  0.32400E+02 -0.27942E-04  0.34185E-04 -0.10945E-04
  0.32700E+02 -0.28366E-04  0.33914E-04 -0.11372E-04
  0.33000E+02 -0.28541E-04  0.33422E-04 -0.11674E-04
  0.33300E+02 -0.28460E-04  0.32703E-04 -0.11842E-04
  0.33600E+02 -0.28117E-04  0.31753E-04 -0.11871E-04
  0.33900E+02 -0.27504E-04  0.30570E-04 -0.11757E-04
  0.34200E+02 -0.26619E-04  0.29151E-04 -0.11498E-04
  0.34500E+02 -0.25460E-04  0.27499E-04 -0.11094E-04
  0.34800E+02 -0.24030E-04  0.25617E-04 -0.10551E-04
  0.35100E+02 -0.22335E-04  0.23515E-04 -0.98759E-05
  0.35400E+02 -0.20386E-04  0.21205E-04 -0.90788E-05
  0.35700E+02 -0.18199E-04  0.18702E-04 -0.81728E-05
  0.36000E+02 -0.15793E-04  0.16021E-04 -0.71717E-05
  0.36300E+02 -0.13192E-04  0.13181E-04 -0.60896E-05
  0.36600E+02 -0.10424E-04  0.10200E-04 -0.49402E-05
  0.36900E+02 -0.75152E-05  0.71000E-05 -0.37369E-05
  0.37200E+02 -0.44955E-05  0.39059E-05 -0.24926E-05
  0.37500E+02 -0.13932E-05  0.64425E-06 -0.12200E-05
  0.37800E+02  0.17633E-05 -0.26570E-05  0.68820E-07
  0.38100E+02  0.49461E-05 -0.59697E-05  0.13617E-05
  0.38400E+02  0.81268E-05 -0.92663E-05  0.26467E-05
  0.38700E+02  0.11277E-04 -0.12520E-04  0.39120E-05
  0.39000E+02  0.14369E-04 -0.15707E-04  0.51457E-05
  0.39300E+02  0.17374E-04 -0.18803E-04  0.63352E-05
  0.39600E+02  0.20264E-04 -0.21786E-04  0.74674E-05
  0.39900E+02  0.23013E-04 -0.24635E-04  0.85290E-05
  0.40200E+02  0.25596E-04 -0.27329E-04  0.95068E-05
  0.40500E+02  0.27989E-04 -0.29849E-04  0.10388E-04
  0.40800E+02  0.30172E-04 -0.32177E-04  0.11161E-04
  0.41100E+02  0.32125E-04 -0.34295E-04  0.11817E-04
  0.41400E+02  0.33832E-04 -0.36189E-04  0.12347E-04
  0.41700E+02  0.35275E-04 -0.37844E-04  0.12747E-04
  0.42000E+02  0.36440E-04 -0.39250E-04  0.13015E-04
  0.42300E+02  0.37316E-04 -0.40398E-04  0.13151E-04
  0.42600E+02  0.37897E-04 -0.41283E-04  0.13157E-04
  0.42900E+02  0.38181E-04 -0.41902E-04  0.13036E-04
  0.43200E+02  0.38168E-04 -0.42250E-04  0.12792E-04
  0.43500E+02  0.37863E-04 -0.42327E-04  0.12427E-04
  0.43800E+02  0.37274E-04 -0.42130E-04  0.11945E-04
  0.44100E+02  0.36408E-04 -0.41663E-04  0.11350E-04
  0.44400E+02  0.35276E-04 -0.40929E-04  0.10645E-04
  0.44700E+02  0.33888E-04 -0.39935E-04  0.98393E-05
  0.45000E+02  0.32258E-04 -0.38691E-04  0.89399E-05
  0.45300E+02  0.30398E-04 -0.37211E-04  0.79579E-05
  0.45600E+02  0.28327E-04 -0.35510E-04  0.69053E-05
  0.45900E+02  0.26060E-04 -0.33606E-04  0.57945E-05
  0.46200E+02  0.23619E-04 -0.31519E-04  0.46385E-05
  0.46500E+02  0.21022E-04 -0.29271E-04  0.34493E-05
  0.46800E+02  0.18292E-04 -0.26883E-04  0.22390E-05
  0.47100E+02  0.15453E-04 -0.24377E-04  0.10187E-05
  0.47400E+02  0.12531E-04 -0.21777E-04 -0.20053E-06
  0.47700E+02  0.95533E-05 -0.19102E-04 -0.14077E-05
  0.48000E+02  0.65455E-05 -0.16372E-04 -0.25922E-05
  0.48300E+02  0.35330E-05 -0.13606E-04 -0.37437E-05
  0.48600E+02  0.53982E-06 -0.10823E-04 -0.48517E-05
  0.48900E+02 -0.24119E-05 -0.80424E-05 -0.59060E-05
  0.49200E+02 -0.53016E-05 -0.52824E-05 -0.68969E-05
  0.49500E+02 -0.81097E-05 -0.25610E-05 -0.78149E-05
  0.49800E+02 -0.10818E-04  0.10430E-06 -0.86510E-05
  0.50100E+02 -0.13406E-04  0.26971E-05 -0.93970E-05
  0.50400E+02 -0.15858E-04  0.52016E-05 -0.10045E-04
  0.50700E+02 -0.18154E-04  0.76031E-05 -0.10589E-04
  0.51000E+02 -0.20278E-04  0.98876E-05 -0.11022E-04
  0.51300E+02 -0.22217E-04  0.12042E-04 -0.11343E-04
  0.51600E+02 -0.23958E-04  0.14054E-04 -0.11550E-04
  0.51900E+02 -0.25492E-04  0.15914E-04 -0.11643E-04
  0.52200E+02 -0.26811E-04  0.17612E-04 -0.11624E-04
  0.52500E+02 -0.27911E-04  0.19144E-04 -0.11498E-04
  0.52800E+02 -0.28788E-04  0.20506E-04 -0.11268E-04
  0.53100E+02 -0.29442E-04  0.21701E-04 -0.10941E-04
  0.53400E+02 -0.29874E-04  0.22729E-04 -0.10523E-04
  0.53700E+02 -0.30087E-04  0.23595E-04 -0.10021E-04
  0.54000E+02 -0.30085E-04  0.24303E-04 -0.94425E-05
  0.54300E+02 -0.29875E-04  0.24855E-04 -0.87937E-05
  0.54600E+02 -0.29465E-04  0.25259E-04 -0.80812E-05
  0.54900E+02 -0.28865E-04  0.25520E-04 -0.73121E-05
  0.55200E+02 -0.28084E-04  0.25645E-04 -0.64939E-05
  0.55500E+02 -0.27137E-04  0.25639E-04 -0.56354E-05
  0.55800E+02 -0.26037E-04  0.25511E-04 -0.47463E-05
  0.56100E+02 -0.24798E-04  0.25266E-04 -0.38373E-05
  0.56400E+02 -0.23435E-04  0.24911E-04 -0.29192E-05
  0.56700E+02 -0.21966E-04  0.24451E-04 -0.20025E-05
  0.57000E+02 -0.20404E-04  0.23893E-04 -0.10970E-05
  0.57300E+02 -0.18767E-04  0.23245E-04 -0.21166E-06
  0.57600E+02 -0.17069E-04  0.22515E-04  0.64548E-06
  0.57900E+02 -0.15327E-04  0.21713E-04  0.14676E-05
  0.58200E+02 -0.13557E-04  0.20849E-04  0.22488E-05
  0.58500E+02 -0.11774E-04  0.19932E-04  0.29838E-05
  0.58800E+02 -0.99945E-05  0.18972E-04  0.36678E-05
  0.59100E+02 -0.82320E-05  0.17979E-04  0.42960E-05
  0.59400E+02 -0.64995E-05  0.16962E-04  0.48639E-05
  0.59700E+02 -0.48095E-05  0.15930E-04  0.53674E-05
  0.60000E+02 -0.31739E-05  0.14893E-04  0.58027E-05
  0.60300E+02 -0.16046E-05  0.13856E-04  0.61668E-05
  0.60600E+02 -0.11256E-06  0.12826E-04  0.64578E-05
  0.60900E+02  0.12923E-05  0.11808E-04  0.66750E-05
  0.61200E+02  0.26017E-05  0.10805E-04  0.68186E-05
  0.61500E+02  0.38094E-05  0.98213E-05  0.68898E-05
  0.61800E+02  0.49111E-05  0.88590E-05  0.68905E-05
  0.62100E+02  0.59044E-05  0.79193E-05  0.68231E-05
  0.62400E+02  0.67884E-05  0.70021E-05  0.66904E-05
  0.62700E+02  0.75638E-05  0.61065E-05  0.64960E-05
  0.63000E+02  0.82323E-05  0.52312E-05  0.62441E-05
  0.63300E+02  0.87971E-05  0.43748E-05  0.59392E-05
  0.63600E+02  0.92618E-05  0.35367E-05  0.55867E-05
  0.63900E+02  0.96307E-05  0.27169E-05  0.51922E-05
  0.64200E+02  0.99082E-05  0.19158E-05  0.47615E-05
  0.64500E+02  0.10099E-04  0.11343E-05  0.43006E-05
  0.64800E+02  0.10208E-04  0.37357E-06  0.38156E-05
  0.65100E+02  0.10240E-04 -0.36572E-06  0.33124E-05
  0.65400E+02  0.10203E-04 -0.10832E-05  0.27967E-05
  0.65700E+02  0.10104E-04 -0.17792E-05  0.22747E-05
  0.66000E+02  0.99502E-05 -0.24544E-05  0.17527E-05
  0.66300E+02  0.97504E-05 -0.31097E-05  0.12375E-05
  0.66600E+02  0.95132E-05 -0.37464E-05  0.73607E-06
  0.66900E+02  0.92476E-05 -0.43656E-05  0.25523E-06
  0.67200E+02  0.89619E-05 -0.49683E-05 -0.19843E-06
  0.67500E+02  0.86644E-05 -0.55552E-05 -0.61915E-06
  0.67800E+02  0.83624E-05 -0.61265E-05 -0.10022E-05
  0.68100E+02  0.80628E-05 -0.66824E-05 -0.13442E-05
  0.68400E+02  0.77716E-05 -0.72232E-05 -0.16428E-05
  0.68700E+02  0.74944E-05 -0.77492E-05 -0.18966E-05
  0.69000E+02  0.72362E-05 -0.82599E-05 -0.21051E-05
  0.69300E+02  0.70011E-05 -0.87544E-05 -0.22683E-05
  0.69600E+02  0.67925E-05 -0.92308E-05 -0.23866E-05
  0.69900E+02  0.66126E-05 -0.96867E-05 -0.24610E-05
  0.70200E+02  0.64631E-05 -0.10119E-04 -0.24927E-05
  0.70500E+02  0.63447E-05 -0.10526E-04 -0.24830E-05
  0.70800E+02  0.62576E-05 -0.10905E-04 -0.24336E-05
  0.71100E+02  0.62011E-05 -0.11252E-04 -0.23462E-05
  0.71400E+02  0.61737E-05 -0.11568E-04 -0.22228E-05
  0.71700E+02  0.61729E-05 -0.11851E-04 -0.20656E-05
  0.72000E+02  0.61948E-05 -0.12099E-04 -0.18775E-05
  0.72300E+02  0.62342E-05 -0.12311E-04 -0.16619E-05
  0.72600E+02  0.62852E-05 -0.12487E-04 -0.14227E-05
  0.72900E+02  0.63418E-05 -0.12624E-04 -0.11644E-05
  0.73200E+02  0.63984E-05 -0.12720E-04 -0.89228E-06
  0.73500E+02  0.64503E-05 -0.12772E-04 -0.61144E-06
  0.73800E+02  0.64938E-05 -0.12778E-04 -0.32695E-06
  0.74100E+02  0.65258E-05 -0.12735E-04 -0.43291E-07
  0.74400E+02  0.65440E-05 -0.12641E-04  0.23581E-06
  0.74700E+02  0.65465E-05 -0.12495E-04  0.50736E-06
  0.75000E+02  0.65316E-05 -0.12295E-04  0.76890E-06
  0.75300E+02  0.64971E-05 -0.12043E-04  0.10182E-05
  0.75600E+02  0.64406E-05 -0.11739E-04  0.12530E-05
  0.75900E+02  0.63587E-05 -0.11386E-04  0.14706E-05
  0.76200E+02  0.62476E-05 -0.10988E-04  0.16682E-05
  0.76500E+02  0.61035E-05 -0.10551E-04  0.18426E-05
  0.76800E+02  0.59231E-05 -0.10078E-04  0.19905E-05
  0.77100E+02  0.57034E-05 -0.95740E-05  0.21093E-05
  0.77400E+02  0.54425E-05 -0.90432E-05  0.21966E-05
  0.77700E+02  0.51394E-05 -0.84877E-05  0.22508E-05
  0.78000E+02  0.47940E-05 -0.79096E-05  0.22707E-05
  0.78300E+02  0.44066E-05 -0.73101E-05  0.22558E-05
  0.78600E+02  0.39786E-05 -0.66904E-05  0.22058E-05
  0.78900E+02  0.35111E-05 -0.60520E-05  0.21211E-05
  0.79200E+02  0.30057E-05 -0.53966E-05  0.20024E-05
  0.79500E+02  0.24637E-05 -0.47263E-05  0.18508E-05
  0.79800E+02  0.18871E-05 -0.40434E-05  0.16679E-05
  0.80100E+02  0.12782E-05 -0.33504E-05  0.14556E-05
  0.80400E+02  0.63976E-06 -0.26503E-05  0.12160E-05
  0.80700E+02 -0.24488E-07 -0.19462E-05  0.95197E-06
  0.81000E+02 -0.71052E-06 -0.12416E-05  0.66663E-06
  0.81300E+02 -0.14140E-05 -0.54034E-06  0.36374E-06
  0.81600E+02 -0.21303E-05  0.15407E-06  0.47339E-07
  0.81900E+02 -0.28549E-05  0.83805E-06 -0.27839E-06
  0.82200E+02 -0.35830E-05  0.15081E-05 -0.60920E-06
  0.82500E+02 -0.43094E-05  0.21608E-05 -0.94102E-06
  0.82800E+02 -0.50288E-05  0.27929E-05 -0.12701E-05
  0.83100E+02 -0.57355E-05  0.34017E-05 -0.15930E-05
  0.83400E+02 -0.64235E-05  0.39848E-05 -0.19068E-05
  0.83700E+02 -0.70870E-05  0.45405E-05 -0.22085E-05
  0.84000E+02 -0.77206E-05  0.50674E-05 -0.24949E-05
  0.84300E+02 -0.83192E-05  0.55649E-05 -0.27624E-05
  0.84600E+02 -0.88782E-05  0.60326E-05 -0.30070E-05
  0.84900E+02 -0.93930E-05  0.64701E-05 -0.32246E-05
  0.85200E+02 -0.98595E-05  0.68772E-05 -0.34116E-05
  0.85500E+02 -0.10273E-04  0.72535E-05 -0.35646E-05
  0.85800E+02 -0.10631E-04  0.75985E-05 -0.36814E-05
  0.86100E+02 -0.10927E-04  0.79117E-05 -0.37604E-05
  0.86400E+02 -0.11158E-04  0.81928E-05 -0.38013E-05
  0.86700E+02 -0.11320E-04  0.84414E-05 -0.38048E-05
  0.87000E+02 -0.11410E-04  0.86572E-05 -0.37724E-05
  0.87300E+02 -0.11426E-04  0.88401E-05 -0.37059E-05
  0.87600E+02 -0.11367E-04  0.89901E-05 -0.36077E-05
  0.87900E+02 -0.11233E-04  0.91075E-05 -0.34796E-05
  0.88200E+02 -0.11026E-04  0.91928E-05 -0.33233E-05
  0.88500E+02 -0.10748E-04  0.92468E-05 -0.31402E-05
  0.88800E+02 -0.10402E-04  0.92699E-05 -0.29314E-05
  0.89100E+02 -0.99929E-05  0.92621E-05 -0.26982E-05
  0.89400E+02 -0.95244E-05  0.92234E-05 -0.24419E-05
  0.89700E+02 -0.90003E-05  0.91533E-05 -0.21649E-05
  0.90000E+02 -0.84244E-05  0.90516E-05 -0.18697E-05
  0.90300E+02 -0.78010E-05  0.89182E-05 -0.15595E-05
  0.90600E+02 -0.71348E-05  0.87533E-05 -0.12379E-05
  0.90900E+02 -0.64314E-05  0.85579E-05 -0.90847E-06
  0.91200E+02 -0.56972E-05  0.83329E-05 -0.57498E-06
  0.91500E+02 -0.49393E-05  0.80796E-05 -0.24118E-06
  0.91800E+02 -0.41650E-05  0.77992E-05  0.89309E-07
  0.92100E+02 -0.33817E-05  0.74928E-05  0.41295E-06
  0.92400E+02 -0.25967E-05  0.71612E-05  0.72635E-06
  0.92700E+02 -0.18163E-05  0.68046E-05  0.10262E-05
  0.93000E+02 -0.10464E-05  0.64236E-05  0.13097E-05
  0.93300E+02 -0.29261E-06  0.60185E-05  0.15740E-05
  0.93600E+02  0.44016E-06  0.55898E-05  0.18171E-05
  0.93900E+02  0.11469E-05  0.51388E-05  0.20378E-05
  0.94200E+02  0.18226E-05  0.46673E-05  0.22352E-05
  0.94500E+02  0.24622E-05  0.41778E-05  0.24093E-05
  0.94800E+02  0.30609E-05  0.36734E-05  0.25601E-05
  0.95100E+02  0.36143E-05  0.31577E-05  0.26875E-05
  0.95400E+02  0.41192E-05  0.26345E-05  0.27915E-05
  0.95700E+02  0.45734E-05  0.21076E-05  0.28721E-05
  0.96000E+02  0.49757E-05  0.15803E-05  0.29297E-05
  0.96300E+02  0.53263E-05  0.10553E-05  0.29647E-05
  0.96600E+02  0.56259E-05  0.53440E-06  0.29781E-05
  0.96900E+02  0.58758E-05  0.18756E-07  0.29710E-05
  0.97200E+02  0.60776E-05 -0.49088E-06  0.29446E-05
  0.97500E+02  0.62325E-05 -0.99380E-06  0.29001E-05
  0.97800E+02  0.63420E-05 -0.14891E-05  0.28383E-05
  0.98100E+02  0.64072E-05 -0.19754E-05  0.27600E-05
  0.98400E+02  0.64293E-05 -0.24508E-05  0.26658E-05
  0.98700E+02  0.64096E-05 -0.29128E-05  0.25559E-05
  0.99000E+02  0.63498E-05 -0.33588E-05  0.24311E-05
  0.99300E+02  0.62524E-05 -0.37861E-05  0.22920E-05
  0.99600E+02  0.61204E-05 -0.41920E-05  0.21396E-05
  0.99900E+02  0.59575E-05 -0.45745E-05  0.19753E-05
  0.10020E+03  0.57678E-05 -0.49319E-05  0.18008E-05
  0.10050E+03  0.55560E-05 -0.52628E-05  0.16183E-05
  0.10080E+03  0.53267E-05 -0.55661E-05  0.14306E-05
  0.10110E+03  0.50844E-05 -0.58410E-05  0.12404E-05
  0.10140E+03  0.48335E-05 -0.60868E-05  0.10506E-05
  0.10170E+03  0.45780E-05 -0.63030E-05  0.86365E-06
  0.10200E+03  0.43214E-05 -0.64891E-05  0.68139E-06
  0.10230E+03  0.40672E-05 -0.66448E-05  0.50530E-06
  0.10260E+03  0.38184E-05 -0.67697E-05  0.33638E-06
  0.10290E+03  0.35777E-05 -0.68635E-05  0.17536E-06
  0.10320E+03  0.33476E-05 -0.69258E-05  0.22790E-07
  0.10350E+03  0.31302E-05 -0.69561E-05 -0.12081E-06
  0.10380E+03  0.29273E-05 -0.69540E-05 -0.25485E-06
  0.10410E+03  0.27403E-05 -0.69191E-05 -0.37866E-06
  0.10440E+03  0.25702E-05 -0.68510E-05 -0.49161E-06
  0.10470E+03  0.24173E-05 -0.67498E-05 -0.59330E-06
  0.10500E+03  0.22811E-05 -0.66157E-05 -0.68370E-06
  0.10530E+03  0.21606E-05 -0.64494E-05 -0.76316E-06
  0.10560E+03  0.20539E-05 -0.62518E-05 -0.83227E-06
  0.10590E+03  0.19584E-05 -0.60243E-05 -0.89176E-06
  0.10620E+03  0.18713E-05 -0.57683E-05 -0.94238E-06
  0.10650E+03  0.17896E-05 -0.54856E-05 -0.98484E-06
  0.10680E+03  0.17106E-05 -0.51782E-05 -0.10199E-05
  0.10710E+03  0.16324E-05 -0.48485E-05 -0.10483E-05
  0.10740E+03  0.15539E-05 -0.44995E-05 -0.10709E-05
  0.10770E+03  0.14749E-05 -0.41347E-05 -0.10882E-05
  0.10800E+03  0.13955E-05 -0.37576E-05 -0.11006E-05
  0.10830E+03  0.13159E-05 -0.33722E-05 -0.11084E-05
  0.10860E+03  0.12358E-05 -0.29814E-05 -0.11115E-05
  0.10890E+03  0.11544E-05 -0.25880E-05 -0.11098E-05
  0.10920E+03  0.10698E-05 -0.21935E-05 -0.11034E-05
  0.10950E+03  0.98015E-06 -0.17992E-05 -0.10924E-05
  0.10980E+03  0.88342E-06 -0.14064E-05 -0.10770E-05
  0.11010E+03  0.77803E-06 -0.10165E-05 -0.10576E-05
  0.11040E+03  0.66299E-06 -0.63126E-06 -0.10346E-05
  0.11070E+03  0.53787E-06 -0.25309E-06 -0.10087E-05
  0.11100E+03  0.40258E-06  0.11532E-06 -0.98039E-06
  0.11130E+03  0.25707E-06  0.47115E-06 -0.95010E-06
  0.11160E+03  0.10117E-06  0.81172E-06 -0.91821E-06
  0.11190E+03 -0.65497E-07  0.11347E-05 -0.88495E-06
  0.11220E+03 -0.24329E-06  0.14382E-05 -0.85055E-06
  0.11250E+03 -0.43232E-06  0.17207E-05 -0.81526E-06
  0.11280E+03 -0.63227E-06  0.19812E-05 -0.77937E-06
  0.11310E+03 -0.84230E-06  0.22188E-05 -0.74311E-06
  0.11340E+03 -0.10611E-05  0.24330E-05 -0.70652E-06
  0.11370E+03 -0.12868E-05  0.26234E-05 -0.66940E-06
  0.11400E+03 -0.15174E-05  0.27897E-05 -0.63120E-06
  0.11430E+03 -0.17504E-05  0.29317E-05 -0.59115E-06
  0.11460E+03 -0.19832E-05  0.30491E-05 -0.54828E-06
  0.11490E+03 -0.22133E-05  0.31419E-05 -0.50163E-06
  0.11520E+03 -0.24379E-05  0.32097E-05 -0.45036E-06
  0.11550E+03 -0.26546E-05  0.32524E-05 -0.39396E-06
  0.11580E+03 -0.28613E-05  0.32702E-05 -0.33239E-06
  0.11610E+03 -0.30560E-05  0.32639E-05 -0.26618E-06
  0.11640E+03 -0.32374E-05  0.32353E-05 -0.19641E-06
  0.11670E+03 -0.34041E-05  0.31866E-05 -0.12461E-06
  0.11700E+03 -0.35548E-05  0.31210E-05 -0.52630E-07
  0.11730E+03 -0.36886E-05  0.30414E-05  0.17577E-07
  0.11760E+03 -0.38041E-05  0.29507E-05  0.84147E-07
  0.11790E+03 -0.39003E-05  0.28511E-05  0.14550E-06
  0.11820E+03 -0.39763E-05  0.27447E-05  0.20043E-06
  0.11850E+03 -0.40314E-05  0.26326E-05  0.24809E-06
  0.11880E+03 -0.40655E-05  0.25159E-05  0.28795E-06
  0.11910E+03 -0.40787E-05  0.23954E-05  0.31968E-06
  0.11940E+03 -0.40709E-05  0.22718E-05  0.34315E-06
  0.11970E+03 -0.40422E-05  0.21459E-05  0.35844E-06
  0.12000E+03 -0.39923E-05  0.20187E-05  0.36581E-06
  0.12030E+03 -0.39206E-05  0.18916E-05  0.36569E-06
  0.12060E+03 -0.38264E-05  0.17658E-05  0.35860E-06
  0.12090E+03 -0.37092E-05  0.16429E-05  0.34516E-06
  0.12120E+03 -0.35687E-05  0.15246E-05  0.32604E-06
  0.12150E+03 -0.34050E-05  0.14128E-05  0.30206E-06
  0.12180E+03 -0.32189E-05  0.13092E-05  0.27425E-06
  0.12210E+03 -0.30112E-05  0.12156E-05  0.24381E-06
  0.12240E+03 -0.27834E-05  0.11335E-05  0.21205E-06
  0.12270E+03 -0.25373E-05  0.10638E-05  0.18019E-06
  0.12300E+03 -0.22748E-05  0.10071E-05  0.14921E-06
  0.12330E+03 -0.19983E-05  0.96324E-06  0.11968E-06
  0.12360E+03 -0.17104E-05  0.93188E-06  0.91792E-07
  0.12390E+03 -0.14142E-05  0.91233E-06  0.65412E-07
  0.12420E+03 -0.11129E-05  0.90393E-06  0.40207E-07
  0.12450E+03 -0.80954E-06  0.90602E-06  0.15780E-07
  0.12480E+03 -0.50748E-06  0.91792E-06 -0.81727E-08
  0.12510E+03 -0.20982E-06  0.93882E-06 -0.31724E-07
  0.12540E+03  0.80428E-07  0.96746E-06 -0.54619E-07
  0.12570E+03  0.36044E-06  0.10020E-05 -0.76278E-07
  0.12600E+03  0.62767E-06  0.10400E-05 -0.95893E-07
  0.12630E+03  0.87999E-06  0.10785E-05 -0.11258E-06
  0.12660E+03  0.11158E-05  0.11140E-05 -0.12551E-06
  0.12690E+03  0.13339E-05  0.11435E-05 -0.13402E-06
  0.12720E+03  0.15338E-05  0.11640E-05 -0.13762E-06
  0.12750E+03  0.17150E-05  0.11733E-05 -0.13598E-06
  0.12780E+03  0.18774E-05  0.11700E-05 -0.12892E-06
  0.12810E+03  0.20210E-05  0.11530E-05 -0.11637E-06
  0.12840E+03  0.21458E-05  0.11217E-05 -0.98470E-07
  0.12870E+03  0.22520E-05  0.10756E-05 -0.75512E-07
  0.12900E+03  0.23402E-05  0.10143E-05 -0.47979E-07
  0.12930E+03  0.24110E-05  0.93740E-06 -0.16518E-07
  0.12960E+03  0.24650E-05  0.84462E-06  0.18082E-07
  0.12990E+03  0.25027E-05  0.73599E-06  0.54916E-07
  0.13020E+03  0.25243E-05  0.61178E-06  0.93020E-07
  0.13050E+03  0.25300E-05  0.47251E-06  0.13144E-06
  0.13080E+03  0.25197E-05  0.31896E-06  0.16928E-06
  0.13110E+03  0.24937E-05  0.15212E-06  0.20576E-06
  0.13140E+03  0.24525E-05 -0.26749E-07  0.24021E-06
  0.13170E+03  0.23973E-05 -0.21613E-06  0.27204E-06
  0.13200E+03  0.23295E-05 -0.41425E-06  0.30082E-06
  0.13230E+03  0.22510E-05 -0.61913E-06  0.32623E-06
  0.13260E+03  0.21639E-05 -0.82868E-06  0.34813E-06
  0.13290E+03  0.20701E-05 -0.10408E-05  0.36648E-06
  0.13320E+03  0.19715E-05 -0.12536E-05  0.38133E-06
  0.13350E+03  0.18696E-05 -0.14650E-05  0.39270E-06
  0.13380E+03  0.17656E-05 -0.16732E-05  0.40059E-06
  0.13410E+03  0.16609E-05 -0.18764E-05  0.40494E-06
  0.13440E+03  0.15565E-05 -0.20731E-05  0.40564E-06
  0.13470E+03  0.14535E-05 -0.22617E-05  0.40261E-06
  0.13500E+03  0.13530E-05 -0.24407E-05  0.39583E-06
  0.13530E+03  0.12562E-05 -0.26087E-05  0.38534E-06
  0.13560E+03  0.11639E-05 -0.27647E-05  0.37133E-06
  0.13590E+03  0.10771E-05 -0.29076E-05  0.35411E-06
  0.13620E+03  0.99652E-06 -0.30362E-05  0.33413E-06
  0.13650E+03  0.92284E-06 -0.31496E-05  0.31200E-06
  0.13680E+03  0.85644E-06 -0.32468E-05  0.28843E-06
  0.13710E+03  0.79758E-06 -0.33267E-05  0.26412E-06
  0.13740E+03  0.74643E-06 -0.33882E-05  0.23972E-06
  0.13770E+03  0.70308E-06 -0.34301E-05  0.21569E-06
  0.13800E+03  0.66753E-06 -0.34512E-05  0.19231E-06
  0.13830E+03  0.63957E-06 -0.34499E-05  0.16973E-06
  0.13860E+03  0.61873E-06 -0.34251E-05  0.14802E-06
  0.13890E+03  0.60414E-06 -0.33754E-05  0.12735E-06
  0.13920E+03  0.59455E-06 -0.32998E-05  0.10797E-06
  0.13950E+03  0.58837E-06 -0.31976E-05  0.90290E-07
  0.13980E+03  0.58381E-06 -0.30688E-05  0.74806E-07
  0.14010E+03  0.57908E-06 -0.29141E-05  0.61992E-07
  0.14040E+03  0.57248E-06 -0.27348E-05  0.52209E-07
  0.14070E+03  0.56253E-06 -0.25330E-05  0.45625E-07
  0.14100E+03  0.54801E-06 -0.23112E-05  0.42169E-07
  0.14130E+03  0.52791E-06 -0.20720E-05  0.41537E-07
  0.14160E+03  0.50145E-06 -0.18181E-05  0.43240E-07
  0.14190E+03  0.46804E-06 -0.15521E-05  0.46703E-07
  0.14220E+03  0.42721E-06 -0.12763E-05  0.51393E-07
  0.14250E+03  0.37853E-06 -0.99275E-06  0.56920E-07
  0.14280E+03  0.32160E-06 -0.70351E-06  0.63063E-07
  0.14310E+03  0.25605E-06 -0.41048E-06  0.69714E-07
  0.14340E+03  0.18162E-06 -0.11567E-06  0.76770E-07
  0.14370E+03  0.98278E-07  0.17886E-06  0.84056E-07
  0.14400E+03  0.61906E-08  0.47097E-06  0.91291E-07
  0.14430E+03 -0.94240E-07  0.75852E-06  0.98124E-07
  0.14460E+03 -0.20239E-06  0.10394E-05  0.10419E-06
  0.14490E+03 -0.31739E-06  0.13114E-05  0.10913E-06
  0.14520E+03 -0.43817E-06  0.15724E-05  0.11263E-06
  0.14550E+03 -0.56344E-06  0.18203E-05  0.11440E-06
  0.14580E+03 -0.69178E-06  0.20528E-05  0.11421E-06
  0.14610E+03 -0.82166E-06  0.22679E-05  0.11182E-06
  0.14640E+03 -0.95159E-06  0.24637E-05  0.10708E-06
  0.14670E+03 -0.10801E-05  0.26388E-05  0.99832E-07
  0.14700E+03 -0.12056E-05  0.27921E-05  0.89908E-07
  0.14730E+03 -0.13268E-05  0.29227E-05  0.77107E-07
  0.14760E+03 -0.14422E-05  0.30304E-05  0.61169E-07
  0.14790E+03 -0.15506E-05  0.31151E-05  0.41790E-07
  0.14820E+03 -0.16510E-05  0.31770E-05  0.18655E-07
  0.14850E+03 -0.17423E-05  0.32166E-05 -0.85177E-08
  0.14880E+03 -0.18242E-05  0.32343E-05 -0.39915E-07
  0.14910E+03 -0.18962E-05  0.32305E-05 -0.75569E-07
  0.14940E+03 -0.19580E-05  0.32055E-05 -0.11530E-06
  0.14970E+03 -0.20095E-05  0.31597E-05 -0.15871E-06
  0.15000E+03 -0.20503E-05  0.30932E-05 -0.20515E-06
  0.15030E+03 -0.20803E-05  0.30063E-05 -0.25380E-06
  0.15060E+03 -0.20990E-05  0.28994E-05 -0.30365E-06
  0.15090E+03 -0.21062E-05  0.27734E-05 -0.35360E-06
  0.15120E+03 -0.21015E-05  0.26294E-05 -0.40252E-06
  0.15150E+03 -0.20849E-05  0.24687E-05 -0.44937E-06
  0.15180E+03 -0.20564E-05  0.22934E-05 -0.49327E-06
  0.15210E+03 -0.20164E-05  0.21058E-05 -0.53363E-06
  0.15240E+03 -0.19654E-05  0.19089E-05 -0.57018E-06
  0.15270E+03 -0.19044E-05  0.17059E-05 -0.60300E-06
  0.15300E+03 -0.18343E-05  0.15001E-05 -0.63241E-06
  0.15330E+03 -0.17559E-05  0.12950E-05 -0.65885E-06
  0.15360E+03 -0.16699E-05  0.10935E-05 -0.68278E-06
  0.15390E+03 -0.15772E-05  0.89853E-06 -0.70454E-06
  0.15420E+03 -0.14781E-05  0.71255E-06 -0.72430E-06
  0.15450E+03 -0.13733E-05  0.53759E-06 -0.74206E-06
  0.15480E+03 -0.12632E-05  0.37526E-06 -0.75766E-06
  0.15510E+03 -0.11484E-05  0.22677E-06 -0.77084E-06
  0.15540E+03 -0.10295E-05  0.92975E-07 -0.78126E-06
  0.15570E+03 -0.90669E-06 -0.25666E-07 -0.78853E-06
  0.15600E+03 -0.78048E-06 -0.12902E-06 -0.79219E-06
  0.15630E+03 -0.65114E-06 -0.21727E-06 -0.79168E-06
  0.15660E+03 -0.51900E-06 -0.29088E-06 -0.78634E-06
  0.15690E+03 -0.38442E-06 -0.35053E-06 -0.77543E-06
  0.15720E+03 -0.24789E-06 -0.39701E-06 -0.75820E-06
  0.15750E+03 -0.11003E-06 -0.43120E-06 -0.73398E-06
  0.15780E+03  0.28398E-07 -0.45406E-06 -0.70228E-06
  0.15810E+03  0.16647E-06 -0.46662E-06 -0.66292E-06
  0.15840E+03  0.30309E-06 -0.46999E-06 -0.61599E-06
  0.15870E+03  0.43703E-06 -0.46537E-06 -0.56185E-06
  0.15900E+03  0.56698E-06 -0.45398E-06 -0.50112E-06
  0.15930E+03  0.69162E-06 -0.43706E-06 -0.43451E-06
  0.15960E+03  0.80971E-06 -0.41581E-06 -0.36283E-06
  0.15990E+03  0.92014E-06 -0.39149E-06 -0.28691E-06
  0.16020E+03  0.10220E-05 -0.36540E-06 -0.20749E-06
  0.16050E+03  0.11148E-05 -0.33894E-06 -0.12527E-06
  0.16080E+03  0.11982E-05 -0.31354E-06 -0.40826E-07
  0.16110E+03  0.12721E-05 -0.29065E-06  0.45327E-07
  0.16140E+03  0.13369E-05 -0.27165E-06  0.13274E-06
  0.16170E+03  0.13929E-05 -0.25776E-06  0.22096E-06
  0.16200E+03  0.14404E-05 -0.25005E-06  0.30955E-06
  0.16230E+03  0.14800E-05 -0.24932E-06  0.39800E-06
  0.16260E+03  0.15118E-05 -0.25613E-06  0.48574E-06
  0.16290E+03  0.15364E-05 -0.27074E-06  0.57214E-06
  0.16320E+03  0.15539E-05 -0.29316E-06  0.65655E-06
  0.16350E+03  0.15649E-05 -0.32318E-06  0.73830E-06
  0.16380E+03  0.15694E-05 -0.36035E-06  0.81669E-06
  0.16410E+03  0.15675E-05 -0.40410E-06  0.89104E-06
  0.16440E+03  0.15591E-05 -0.45369E-06  0.96072E-06
  0.16470E+03  0.15440E-05 -0.50823E-06  0.10251E-05
  0.16500E+03  0.15220E-05 -0.56672E-06  0.10837E-05
  0.16530E+03  0.14927E-05 -0.62810E-06  0.11358E-05
  0.16560E+03  0.14560E-05 -0.69131E-06  0.11811E-05
  0.16590E+03  0.14120E-05 -0.75542E-06  0.12189E-05
  0.16620E+03  0.13608E-05 -0.81969E-06  0.12486E-05
  0.16650E+03  0.13028E-05 -0.88364E-06  0.12698E-05
  0.16680E+03  0.12384E-05 -0.94704E-06  0.12816E-05
  0.16710E+03  0.11682E-05 -0.10099E-05  0.12838E-05
  0.16740E+03  0.10928E-05 -0.10723E-05  0.12759E-05
  0.16770E+03  0.10129E-05 -0.11344E-05  0.12579E-05
  0.16800E+03  0.92893E-06 -0.11963E-05  0.12297E-05
  0.16830E+03  0.84112E-06 -0.12581E-05  0.11916E-05
  0.16860E+03  0.74972E-06 -0.13195E-05  0.11439E-05
  0.16890E+03  0.65490E-06 -0.13799E-05  0.10870E-05
  0.16920E+03  0.55689E-06 -0.14385E-05  0.10212E-05
  0.16950E+03  0.45606E-06 -0.14942E-05  0.94729E-06
  0.16980E+03  0.35306E-06 -0.15456E-05  0.86578E-06
  0.17010E+03  0.24883E-06 -0.15917E-05  0.77741E-06
  0.17040E+03  0.14469E-06 -0.16312E-05  0.68297E-06
  0.17070E+03  0.42201E-07 -0.16636E-05  0.58330E-06
  0.17100E+03 -0.56879E-07 -0.16885E-05  0.47928E-06
  0.17130E+03 -0.15082E-06 -0.17060E-05  0.37181E-06
  0.17160E+03 -0.23805E-06 -0.17164E-05  0.26180E-06
  0.17190E+03 -0.31731E-06 -0.17201E-05  0.15012E-06
  0.17220E+03 -0.38767E-06 -0.17173E-05  0.37552E-07
  0.17250E+03 -0.44850E-06 -0.17079E-05 -0.75246E-07
  0.17280E+03 -0.49946E-06 -0.16916E-05 -0.18775E-06
  0.17310E+03 -0.54033E-06 -0.16678E-05 -0.29952E-06
  0.17340E+03 -0.57104E-06 -0.16357E-05 -0.41015E-06
  0.17370E+03 -0.59160E-06 -0.15948E-05 -0.51917E-06
  0.17400E+03 -0.60216E-06 -0.15441E-05 -0.62599E-06
  0.17430E+03 -0.60298E-06 -0.14829E-05 -0.72984E-06
  0.17460E+03 -0.59441E-06 -0.14104E-05 -0.82980E-06
  0.17490E+03 -0.57681E-06 -0.13257E-05 -0.92484E-06
  0.17520E+03 -0.55054E-06 -0.12279E-05 -0.10139E-05
  0.17550E+03 -0.51589E-06 -0.11166E-05 -0.10957E-05
  0.17580E+03 -0.47316E-06 -0.99142E-06 -0.11695E-05
  0.17610E+03 -0.42272E-06 -0.85263E-06 -0.12343E-05
  0.17640E+03 -0.36511E-06 -0.70094E-06 -0.12892E-05
  0.17670E+03 -0.30112E-06 -0.53759E-06 -0.13338E-05
  0.17700E+03 -0.23180E-06 -0.36422E-06 -0.13674E-05
  0.17730E+03 -0.15851E-06 -0.18280E-06 -0.13895E-05
  0.17760E+03 -0.82862E-07  0.45779E-08 -0.13999E-05
  0.17790E+03 -0.66242E-08  0.19581E-06 -0.13983E-05
  0.17820E+03  0.68345E-07  0.38890E-06 -0.13844E-05
  0.17850E+03  0.14018E-06  0.58205E-06 -0.13584E-05
  0.17880E+03  0.20705E-06  0.77362E-06 -0.13201E-05
  0.17910E+03  0.26722E-06  0.96221E-06 -0.12700E-05
  0.17940E+03  0.31918E-06  0.11465E-05 -0.12082E-05
  0.17970E+03  0.36166E-06  0.13252E-05 -0.11351E-05
  0.18000E+03  0.39380E-06  0.14969E-05 -0.10513E-05
  0.18030E+03  0.41517E-06  0.16602E-05 -0.95726E-06
  0.18060E+03  0.42577E-06  0.18131E-05 -0.85367E-06
  0.18090E+03  0.42598E-06  0.19538E-05 -0.74120E-06
  0.18120E+03  0.41645E-06  0.20802E-05 -0.62060E-06
  0.18150E+03  0.39803E-06  0.21903E-05 -0.49265E-06
  0.18180E+03  0.37162E-06  0.22821E-05 -0.35825E-06
  0.18210E+03  0.33811E-06  0.23541E-05 -0.21842E-06
  0.18240E+03  0.29828E-06  0.24048E-05 -0.74311E-07
  0.18270E+03  0.25280E-06  0.24332E-05  0.72744E-07
  0.18300E+03  0.20221E-06  0.24389E-05  0.22129E-06
  0.18330E+03  0.14696E-06  0.24214E-05  0.36976E-06
  0.18360E+03  0.87490E-07  0.23807E-05  0.51647E-06
  0.18390E+03  0.24245E-07  0.23172E-05  0.65963E-06
  0.18420E+03 -0.42261E-07  0.22311E-05  0.79737E-06
  0.18450E+03 -0.11144E-06  0.21233E-05  0.92773E-06
  0.18480E+03 -0.18263E-06  0.19947E-05  0.10488E-05
  0.18510E+03 -0.25513E-06  0.18464E-05  0.11586E-05
  0.18540E+03 -0.32823E-06  0.16802E-05  0.12556E-05
  0.18570E+03 -0.40125E-06  0.14975E-05  0.13383E-05
  0.18600E+03 -0.47355E-06  0.13004E-05  0.14057E-05
  0.18630E+03 -0.54449E-06  0.10910E-05  0.14570E-05
  0.18660E+03 -0.61345E-06  0.87110E-06  0.14918E-05
  0.18690E+03 -0.67973E-06  0.64295E-06  0.15098E-05
  0.18720E+03 -0.74260E-06  0.40857E-06  0.15111E-05
  0.18750E+03 -0.80130E-06  0.17008E-06  0.14957E-05
  0.18780E+03 -0.85507E-06 -0.70310E-07  0.14641E-05
  0.18810E+03 -0.90319E-06 -0.31020E-06  0.14168E-05
  0.18840E+03 -0.94503E-06 -0.54690E-06  0.13543E-05
  0.18870E+03 -0.98001E-06 -0.77746E-06  0.12776E-05
  0.18900E+03 -0.10076E-05 -0.99864E-06  0.11874E-05
  0.18930E+03 -0.10273E-05 -0.12071E-05  0.10847E-05
  0.18960E+03 -0.10387E-05 -0.13995E-05  0.97052E-06
  0.18990E+03 -0.10413E-05 -0.15728E-05  0.84590E-06
  0.19020E+03 -0.10349E-05 -0.17242E-05  0.71201E-06
  0.19050E+03 -0.10192E-05 -0.18513E-05  0.57014E-06
  0.19080E+03 -0.99421E-06 -0.19526E-05  0.42176E-06
  0.19110E+03 -0.96012E-06 -0.20268E-05  0.26853E-06
  0.19140E+03 -0.91727E-06 -0.20730E-05  0.11226E-06
  0.19170E+03 -0.86620E-06 -0.20910E-05 -0.45142E-07
  0.19200E+03 -0.80764E-06 -0.20807E-05 -0.20173E-06
  0.19230E+03 -0.74239E-06 -0.20425E-05 -0.35556E-06
  0.19260E+03 -0.67129E-06 -0.19769E-05 -0.50476E-06
  0.19290E+03 -0.59513E-06 -0.18850E-05 -0.64756E-06
  0.19320E+03 -0.51459E-06 -0.17678E-05 -0.78229E-06
  0.19350E+03 -0.43020E-06 -0.16269E-05 -0.90739E-06
  0.19380E+03 -0.34232E-06 -0.14642E-05 -0.10214E-05
  0.19410E+03 -0.25127E-06 -0.12818E-05 -0.11231E-05
  0.19440E+03 -0.15728E-06 -0.10818E-05 -0.12114E-05
  0.19470E+03 -0.60619E-07 -0.86646E-06 -0.12851E-05
  0.19500E+03  0.38369E-07 -0.63824E-06 -0.13436E-05
  0.19530E+03  0.13920E-06 -0.39954E-06 -0.13862E-05
  0.19560E+03  0.24121E-06 -0.15290E-06 -0.14127E-05
  0.19590E+03  0.34345E-06  0.99046E-07 -0.14229E-05
  0.19620E+03  0.44475E-06  0.35352E-06 -0.14173E-05
  0.19650E+03  0.54373E-06  0.60759E-06 -0.13963E-05
  0.19680E+03  0.63891E-06  0.85820E-06 -0.13607E-05
  0.19710E+03  0.72883E-06  0.11021E-05 -0.13114E-05
  0.19740E+03  0.81216E-06  0.13361E-05 -0.12496E-05
  0.19770E+03  0.88779E-06  0.15567E-05 -0.11766E-05
  0.19800E+03  0.95481E-06  0.17607E-05 -0.10936E-05
  0.19830E+03  0.10125E-05  0.19450E-05 -0.10020E-05
  0.19860E+03  0.10602E-05  0.21067E-05 -0.90311E-06
  0.19890E+03  0.10975E-05  0.22436E-05 -0.79803E-06
  0.19920E+03  0.11239E-05  0.23538E-05 -0.68788E-06
  0.19950E+03  0.11392E-05  0.24363E-05 -0.57368E-06
  0.19980E+03  0.11431E-05  0.24902E-05 -0.45639E-06
  0.20010E+03  0.11355E-05  0.25156E-05 -0.33698E-06
  0.20040E+03  0.11166E-05  0.25126E-05 -0.21642E-06
  0.20070E+03  0.10865E-05  0.24816E-05 -0.95739E-07
  0.20100E+03  0.10455E-05  0.24233E-05  0.23967E-07
  0.20130E+03  0.99415E-06  0.23383E-05  0.14157E-06
  0.20160E+03  0.93281E-06  0.22274E-05  0.25593E-06
  0.20190E+03  0.86192E-06  0.20916E-05  0.36595E-06
  0.20220E+03  0.78189E-06  0.19322E-05  0.47063E-06
  0.20250E+03  0.69309E-06  0.17505E-05  0.56906E-06
  0.20280E+03  0.59589E-06  0.15484E-05  0.66044E-06
  0.20310E+03  0.49069E-06  0.13281E-05  0.74401E-06
  0.20340E+03  0.37801E-06  0.10919E-05  0.81904E-06
  0.20370E+03  0.25855E-06  0.84259E-06  0.88481E-06
  0.20400E+03  0.13334E-06  0.58306E-06  0.94060E-06
  0.20430E+03  0.37853E-08  0.31654E-06  0.98580E-06
  0.20460E+03 -0.12829E-06  0.46389E-07  0.10199E-05
  0.20490E+03 -0.26069E-06 -0.22398E-06  0.10427E-05
  0.20520E+03 -0.39099E-06 -0.49116E-06  0.10543E-05
  0.20550E+03 -0.51667E-06 -0.75189E-06  0.10549E-05
  0.20580E+03 -0.63530E-06 -0.10031E-05  0.10450E-05
  0.20610E+03 -0.74475E-06 -0.12418E-05  0.10253E-05
  0.20640E+03 -0.84324E-06 -0.14655E-05  0.99653E-06
  0.20670E+03 -0.92947E-06 -0.16719E-05  0.95955E-06
  0.20700E+03 -0.10025E-05 -0.18587E-05  0.91509E-06
  0.20730E+03 -0.10618E-05 -0.20241E-05  0.86395E-06
  0.20760E+03 -0.11071E-05 -0.21664E-05  0.80691E-06
  0.20790E+03 -0.11382E-05 -0.22842E-05  0.74478E-06
  0.20820E+03 -0.11551E-05 -0.23762E-05  0.67844E-06
  0.20850E+03 -0.11578E-05 -0.24416E-05  0.60878E-06
  0.20880E+03 -0.11461E-05 -0.24802E-05  0.53672E-06
  0.20910E+03 -0.11200E-05 -0.24920E-05  0.46316E-06
  0.20940E+03 -0.10792E-05 -0.24777E-05  0.38896E-06
  0.20970E+03 -0.10238E-05 -0.24384E-05  0.31493E-06
  0.21000E+03 -0.95387E-06 -0.23758E-05  0.24178E-06
  0.21030E+03 -0.86995E-06 -0.22917E-05  0.17020E-06
  0.21060E+03 -0.77283E-06 -0.21886E-05  0.10079E-06
  0.21090E+03 -0.66363E-06 -0.20689E-05  0.34172E-07
  0.21120E+03 -0.54372E-06 -0.19354E-05 -0.29053E-07
  0.21150E+03 -0.41461E-06 -0.17907E-05 -0.88270E-07
  0.21180E+03 -0.27786E-06 -0.16376E-05 -0.14290E-06
  0.21210E+03 -0.13506E-06 -0.14785E-05 -0.19242E-06
  0.21240E+03  0.12223E-07 -0.13158E-05 -0.23645E-06
  0.21270E+03  0.16232E-06 -0.11514E-05 -0.27476E-06
  0.21300E+03  0.31350E-06 -0.98695E-06 -0.30733E-06
  0.21330E+03  0.46389E-06 -0.82372E-06 -0.33434E-06
  0.21360E+03  0.61159E-06 -0.66291E-06 -0.35617E-06
  0.21390E+03  0.75472E-06 -0.50557E-06 -0.37330E-06
  0.21420E+03  0.89147E-06 -0.35279E-06 -0.38628E-06
  0.21450E+03  0.10202E-05 -0.20567E-06 -0.39564E-06
  0.21480E+03  0.11395E-05 -0.65435E-07 -0.40177E-06
  0.21510E+03  0.12481E-05  0.66674E-07 -0.40500E-06
  0.21540E+03  0.13447E-05  0.18939E-06 -0.40550E-06
  0.21570E+03  0.14282E-05  0.30149E-06 -0.40337E-06
  0.21600E+03  0.14975E-05  0.40194E-06 -0.39864E-06
  0.21630E+03  0.15514E-05  0.48988E-06 -0.39132E-06
  0.21660E+03  0.15888E-05  0.56479E-06 -0.38141E-06
  0.21690E+03  0.16087E-05  0.62654E-06 -0.36898E-06
  0.21720E+03  0.16102E-05  0.67540E-06 -0.35416E-06
  0.21750E+03  0.15928E-05  0.71207E-06 -0.33719E-06
  0.21780E+03  0.15561E-05  0.73759E-06 -0.31843E-06
  0.21810E+03  0.15003E-05  0.75331E-06 -0.29835E-06
  0.21840E+03  0.14258E-05  0.76071E-06 -0.27752E-06
  0.21870E+03  0.13336E-05  0.76136E-06 -0.25654E-06
  0.21900E+03  0.12246E-05  0.75685E-06 -0.23601E-06
  0.21930E+03  0.11000E-05  0.74871E-06 -0.21648E-06
  0.21960E+03  0.96134E-06  0.73838E-06 -0.19837E-06
  0.21990E+03  0.80984E-06  0.72726E-06 -0.18201E-06
  0.22020E+03  0.64699E-06  0.71662E-06 -0.16759E-06
  0.22050E+03  0.47432E-06  0.70761E-06 -0.15522E-06
  0.22080E+03  0.29352E-06  0.70124E-06 -0.14497E-06
  0.22110E+03  0.10645E-06  0.69830E-06 -0.13683E-06
  0.22140E+03 -0.84833E-07  0.69938E-06 -0.13083E-06
  0.22170E+03 -0.27814E-06  0.70482E-06 -0.12696E-06
  0.22200E+03 -0.47118E-06  0.71468E-06 -0.12525E-06
  0.22230E+03 -0.66167E-06  0.72879E-06 -0.12577E-06
  0.22260E+03 -0.84742E-06  0.74667E-06 -0.12862E-06
  0.22290E+03 -0.10264E-05  0.76767E-06 -0.13393E-06
  0.22320E+03 -0.11969E-05  0.79094E-06 -0.14182E-06
  0.22350E+03 -0.13572E-05  0.81550E-06 -0.15231E-06
  0.22380E+03 -0.15060E-05  0.84036E-06 -0.16528E-06
  0.22410E+03 -0.16419E-05  0.86454E-06 -0.18041E-06
  0.22440E+03 -0.17639E-05  0.88717E-06 -0.19713E-06
  0.22470E+03 -0.18709E-05  0.90754E-06 -0.21466E-06
  0.22500E+03 -0.19617E-05  0.92511E-06 -0.23202E-06
  0.22530E+03 -0.20354E-05  0.93952E-06 -0.24810E-06
  0.22560E+03 -0.20910E-05  0.95053E-06 -0.26182E-06
  0.22590E+03 -0.21279E-05  0.95796E-06 -0.27215E-06
  0.22620E+03 -0.21457E-05  0.96162E-06 -0.27820E-06
  0.22650E+03 -0.21442E-05  0.96120E-06 -0.27931E-06
  0.22680E+03 -0.21236E-05  0.95625E-06 -0.27502E-06
  0.22710E+03 -0.20845E-05  0.94614E-06 -0.26510E-06
  0.22740E+03 -0.20278E-05  0.93009E-06 -0.24945E-06
  0.22770E+03 -0.19545E-05  0.90725E-06 -0.22814E-06
  0.22800E+03 -0.18656E-05  0.87680E-06 -0.20134E-06
  0.22830E+03 -0.17623E-05  0.83809E-06 -0.16928E-06
  0.22860E+03 -0.16455E-05  0.79074E-06 -0.13224E-06
  0.22890E+03 -0.15162E-05  0.73468E-06 -0.90564E-07
  0.22920E+03 -0.13752E-05  0.67018E-06 -0.44644E-07
  0.22950E+03 -0.12232E-05  0.59782E-06  0.50686E-08
  0.22980E+03 -0.10610E-05  0.51843E-06  0.58018E-07
  0.23010E+03 -0.88934E-06  0.43305E-06  0.11351E-06
  0.23040E+03 -0.70929E-06  0.34285E-06  0.17066E-06
  0.23070E+03 -0.52191E-06  0.24909E-06  0.22842E-06
  0.23100E+03 -0.32850E-06  0.15307E-06  0.28558E-06
  0.23130E+03 -0.13050E-06  0.56139E-07  0.34082E-06
  0.23160E+03  0.70562E-07 -0.40395E-07  0.39286E-06
  0.23190E+03  0.27311E-06 -0.13525E-06  0.44048E-06
  0.23220E+03  0.47556E-06 -0.22724E-06  0.48264E-06
  0.23250E+03  0.67631E-06 -0.31524E-06  0.51857E-06
  0.23280E+03  0.87372E-06 -0.39826E-06  0.54774E-06
  0.23310E+03  0.10661E-05 -0.47542E-06  0.56990E-06
  0.23340E+03  0.12516E-05 -0.54602E-06  0.58500E-06
  0.23370E+03  0.14285E-05 -0.60951E-06  0.59322E-06
  0.23400E+03  0.15947E-05 -0.66557E-06  0.59482E-06
  0.23430E+03  0.17484E-05 -0.71409E-06  0.59018E-06
  0.23460E+03  0.18878E-05 -0.75518E-06  0.57967E-06
  0.23490E+03  0.20113E-05 -0.78907E-06  0.56365E-06
  0.23520E+03  0.21175E-05 -0.81614E-06  0.54244E-06
  0.23550E+03  0.22054E-05 -0.83675E-06  0.51629E-06
  0.23580E+03  0.22740E-05 -0.85129E-06  0.48543E-06
  0.23610E+03  0.23228E-05 -0.86010E-06  0.45007E-06
  0.23640E+03  0.23514E-05 -0.86349E-06  0.41046E-06
  0.23670E+03  0.23594E-05 -0.86175E-06  0.36695E-06
  0.23700E+03  0.23471E-05 -0.85521E-06  0.31999E-06
  0.23730E+03  0.23148E-05 -0.84427E-06  0.27022E-06
  0.23760E+03  0.22629E-05 -0.82936E-06  0.21840E-06
  0.23790E+03  0.21924E-05 -0.81097E-06  0.16543E-06
  0.23820E+03  0.21046E-05 -0.78961E-06  0.11228E-06
  0.23850E+03  0.20008E-05 -0.76576E-06  0.59920E-07
  0.23880E+03  0.18829E-05 -0.73990E-06  0.92761E-08
  0.23910E+03  0.17525E-05 -0.71242E-06 -0.38788E-07
  0.23940E+03  0.16113E-05 -0.68368E-06 -0.83518E-07
  0.23970E+03  0.14607E-05 -0.65397E-06 -0.12429E-06
  0.24000E+03  0.13022E-05 -0.62350E-06 -0.16064E-06
  0.24030E+03  0.11369E-05 -0.59243E-06 -0.19227E-06
  0.24060E+03  0.96571E-06 -0.56083E-06 -0.21906E-06
  0.24090E+03  0.78969E-06 -0.52874E-06 -0.24111E-06
  0.24120E+03  0.60980E-06 -0.49617E-06 -0.25862E-06
  0.24150E+03  0.42719E-06 -0.46316E-06 -0.27196E-06
  0.24180E+03  0.24327E-06 -0.42983E-06 -0.28157E-06
  0.24210E+03  0.59668E-07 -0.39639E-06 -0.28790E-06
  0.24240E+03 -0.12174E-06 -0.36319E-06 -0.29137E-06
  0.24270E+03 -0.29890E-06 -0.33067E-06 -0.29234E-06
  0.24300E+03 -0.46970E-06 -0.29936E-06 -0.29107E-06
  0.24330E+03 -0.63205E-06 -0.26982E-06 -0.28772E-06
  0.24360E+03 -0.78395E-06 -0.24258E-06 -0.28242E-06
  0.24390E+03 -0.92358E-06 -0.21812E-06 -0.27527E-06
  0.24420E+03 -0.10494E-05 -0.19682E-06 -0.26636E-06
  0.24450E+03 -0.11600E-05 -0.17897E-06 -0.25581E-06
  0.24480E+03 -0.12545E-05 -0.16476E-06 -0.24373E-06
  0.24510E+03 -0.13322E-05 -0.15431E-06 -0.23024E-06
  0.24540E+03 -0.13929E-05 -0.14770E-06 -0.21546E-06
  0.24570E+03 -0.14366E-05 -0.14493E-06 -0.19948E-06
  0.24600E+03 -0.14636E-05 -0.14599E-06 -0.18237E-06
  0.24630E+03 -0.14746E-05 -0.15079E-06 -0.16424E-06
  0.24660E+03 -0.14703E-05 -0.15912E-06 -0.14521E-06
  0.24690E+03 -0.14519E-05 -0.17065E-06 -0.12551E-06
  0.24720E+03 -0.14204E-05 -0.18485E-06 -0.10548E-06
  0.24750E+03 -0.13770E-05 -0.20101E-06 -0.85581E-07
  0.24780E+03 -0.13230E-05 -0.21826E-06 -0.66386E-07
  0.24810E+03 -0.12597E-05 -0.23564E-06 -0.48534E-07
  0.24840E+03 -0.11884E-05 -0.25212E-06 -0.32670E-07
  0.24870E+03 -0.11105E-05 -0.26669E-06 -0.19374E-07
  0.24900E+03 -0.10272E-05 -0.27839E-06 -0.90849E-08
  0.24930E+03 -0.93982E-06 -0.28640E-06 -0.20382E-08
  0.24960E+03 -0.84964E-06 -0.28999E-06  0.17636E-08
  0.24990E+03 -0.75790E-06 -0.28862E-06  0.25490E-08
  0.25020E+03 -0.66588E-06 -0.28189E-06  0.74289E-09
  0.25050E+03 -0.57483E-06 -0.26959E-06 -0.30907E-08
  0.25080E+03 -0.48595E-06 -0.25164E-06 -0.83147E-08
  0.25110E+03 -0.40037E-06 -0.22814E-06 -0.14282E-07
  0.25140E+03 -0.31907E-06 -0.19931E-06 -0.20388E-07
  0.25170E+03 -0.24282E-06 -0.16548E-06 -0.26108E-07
  0.25200E+03 -0.17225E-06 -0.12705E-06 -0.31029E-07
  0.25230E+03 -0.10777E-06 -0.84470E-07 -0.34857E-07
  0.25260E+03 -0.49627E-07 -0.38165E-07 -0.37421E-07
  0.25290E+03  0.20540E-08  0.11474E-07 -0.38659E-07
  0.25320E+03  0.47295E-07  0.64125E-07 -0.38590E-07
  0.25350E+03  0.86240E-07  0.11954E-06 -0.37269E-07
  0.25380E+03  0.11915E-06  0.17754E-06 -0.34748E-07
  0.25410E+03  0.14639E-06  0.23796E-06 -0.31037E-07
  0.25440E+03  0.16843E-06  0.30061E-06 -0.26093E-07
  0.25470E+03  0.18575E-06  0.36525E-06 -0.19815E-07
  0.25500E+03  0.19888E-06  0.43157E-06 -0.12074E-07
  0.25530E+03  0.20831E-06  0.49923E-06 -0.27444E-08
  0.25560E+03  0.21449E-06  0.56787E-06  0.82547E-08
  0.25590E+03  0.21781E-06  0.63718E-06  0.20913E-07
  0.25620E+03  0.21860E-06  0.70689E-06  0.35097E-07
  0.25650E+03  0.21714E-06  0.77680E-06  0.50535E-07
  0.25680E+03  0.21367E-06  0.84669E-06  0.66820E-07
  0.25710E+03  0.20835E-06  0.91630E-06  0.83440E-07
  0.25740E+03  0.20135E-06  0.98528E-06  0.99817E-07
  0.25770E+03  0.19281E-06  0.10531E-05  0.11537E-06
  0.25800E+03  0.18284E-06  0.11191E-05  0.12953E-06
  0.25830E+03  0.17161E-06  0.11826E-05  0.14184E-06
  0.25860E+03  0.15927E-06  0.12427E-05  0.15189E-06
  0.25890E+03  0.14601E-06  0.12985E-05  0.15937E-06
  0.25920E+03  0.13208E-06  0.13491E-05  0.16405E-06
  0.25950E+03  0.11777E-06  0.13937E-05  0.16577E-06
  0.25980E+03  0.10348E-06  0.14312E-05  0.16446E-06
  0.26010E+03  0.89651E-07  0.14605E-05  0.16011E-06
  0.26040E+03  0.76726E-07  0.14805E-05  0.15283E-06
  0.26070E+03  0.65112E-07  0.14899E-05  0.14278E-06
  0.26100E+03  0.55110E-07  0.14873E-05  0.13023E-06
  0.26130E+03  0.46890E-07  0.14714E-05  0.11545E-06
  0.26160E+03  0.40502E-07  0.14409E-05  0.98760E-07
  0.26190E+03  0.35906E-07  0.13949E-05  0.80454E-07
  0.26220E+03  0.33029E-07  0.13327E-05  0.60792E-07
  0.26250E+03  0.31806E-07  0.12540E-05  0.39994E-07
  0.26280E+03  0.32209E-07  0.11591E-05  0.18236E-07
  0.26310E+03  0.34244E-07  0.10486E-05 -0.43354E-08
  0.26340E+03  0.37935E-07  0.92338E-06 -0.27586E-07
  0.26370E+03  0.43299E-07  0.78477E-06 -0.51375E-07
  0.26400E+03  0.50315E-07  0.63418E-06 -0.75531E-07
  0.26430E+03  0.58932E-07  0.47311E-06 -0.99842E-07
  0.26460E+03  0.69079E-07  0.30313E-06 -0.12405E-06
  0.26490E+03  0.80688E-07  0.12582E-06 -0.14786E-06
  0.26520E+03  0.93720E-07 -0.57245E-07 -0.17095E-06
  0.26550E+03  0.10816E-06 -0.24442E-06 -0.19298E-06
  0.26580E+03  0.12400E-06 -0.43402E-06 -0.21362E-06
  0.26610E+03  0.14119E-06 -0.62428E-06 -0.23256E-06
  0.26640E+03  0.15961E-06 -0.81333E-06 -0.24947E-06
  0.26670E+03  0.17905E-06 -0.99923E-06 -0.26402E-06
  0.26700E+03  0.19916E-06 -0.11800E-05 -0.27588E-06
  0.26730E+03  0.21952E-06 -0.13535E-05 -0.28466E-06
  0.26760E+03  0.23962E-06 -0.15176E-05 -0.28998E-06
  0.26790E+03  0.25889E-06 -0.16705E-05 -0.29144E-06
  0.26820E+03  0.27671E-06 -0.18103E-05 -0.28867E-06
  0.26850E+03  0.29243E-06 -0.19352E-05 -0.28132E-06
  0.26880E+03  0.30534E-06 -0.20439E-05 -0.26911E-06
  0.26910E+03  0.31474E-06 -0.21351E-05 -0.25192E-06
  0.26940E+03  0.31991E-06 -0.22080E-05 -0.22976E-06
  0.26970E+03  0.32024E-06 -0.22618E-05 -0.20281E-06
  0.27000E+03  0.31524E-06 -0.22957E-05 -0.17141E-06
  0.27030E+03  0.30462E-06 -0.23095E-05 -0.13601E-06
  0.27060E+03  0.28834E-06 -0.23025E-05 -0.97137E-07
  0.27090E+03  0.26660E-06 -0.22748E-05 -0.55329E-07
  0.27120E+03  0.23987E-06 -0.22261E-05 -0.11133E-07
  0.27150E+03  0.20880E-06 -0.21568E-05  0.34917E-07
  0.27180E+03  0.17418E-06 -0.20671E-05  0.82285E-07
  0.27210E+03  0.13690E-06 -0.19578E-05  0.13042E-06
  0.27240E+03  0.97876E-07 -0.18298E-05  0.17873E-06
  0.27270E+03  0.58002E-07 -0.16841E-05  0.22661E-06
  0.27300E+03  0.18145E-07 -0.15223E-05  0.27342E-06
  0.27330E+03 -0.20880E-07 -0.13458E-05  0.31853E-06
  0.27360E+03 -0.58306E-07 -0.11568E-05  0.36136E-06
  0.27390E+03 -0.93413E-07 -0.95708E-06  0.40138E-06
  0.27420E+03 -0.12553E-06 -0.74904E-06  0.43817E-06
  0.27450E+03 -0.15406E-06 -0.53499E-06  0.47134E-06
  0.27480E+03 -0.17850E-06 -0.31736E-06  0.50057E-06
  0.27510E+03 -0.19843E-06 -0.98557E-07  0.52551E-06
  0.27540E+03 -0.21358E-06  0.11906E-06  0.54580E-06
  0.27570E+03 -0.22378E-06  0.33321E-06  0.56105E-06
  0.27600E+03 -0.22893E-06  0.54176E-06  0.57089E-06
  0.27630E+03 -0.22900E-06  0.74272E-06  0.57496E-06
  0.27660E+03 -0.22399E-06  0.93423E-06  0.57301E-06
  0.27690E+03 -0.21392E-06  0.11146E-05  0.56489E-06
  0.27720E+03 -0.19885E-06  0.12821E-05  0.55055E-06
  0.27750E+03 -0.17892E-06  0.14354E-05  0.53008E-06
  0.27780E+03 -0.15437E-06  0.15728E-05  0.50367E-06
  0.27810E+03 -0.12557E-06  0.16931E-05  0.47161E-06
  0.27840E+03 -0.93048E-07  0.17948E-05  0.43423E-06
  0.27870E+03 -0.57494E-07  0.18770E-05  0.39196E-06
  0.27900E+03 -0.19717E-07  0.19387E-05  0.34522E-06
  0.27930E+03  0.19379E-07  0.19793E-05  0.29446E-06
  0.27960E+03  0.58847E-07  0.19987E-05  0.24012E-06
  0.27990E+03  0.97753E-07  0.19970E-05  0.18265E-06
  0.28020E+03  0.13521E-06  0.19748E-05  0.12249E-06
  0.28050E+03  0.17042E-06  0.19331E-05  0.60118E-07
  0.28080E+03  0.20265E-06  0.18730E-05 -0.39694E-08
  0.28110E+03  0.23124E-06  0.17960E-05 -0.69240E-07
  0.28140E+03  0.25563E-06  0.17036E-05 -0.13513E-06
  0.28170E+03  0.27529E-06  0.15974E-05 -0.20106E-06
  0.28200E+03  0.28977E-06  0.14794E-05 -0.26641E-06
  0.28230E+03  0.29872E-06  0.13512E-05 -0.33058E-06
  0.28260E+03  0.30186E-06  0.12147E-05 -0.39293E-06
  0.28290E+03  0.29905E-06  0.10717E-05 -0.45281E-06
  0.28320E+03  0.29029E-06  0.92416E-06 -0.50954E-06
  0.28350E+03  0.27571E-06  0.77384E-06 -0.56244E-06
  0.28380E+03  0.25559E-06  0.62259E-06 -0.61083E-06
  0.28410E+03  0.23037E-06  0.47225E-06 -0.65406E-06
  0.28440E+03  0.20058E-06  0.32469E-06 -0.69150E-06
  0.28470E+03  0.16684E-06  0.18175E-06 -0.72260E-06
  0.28500E+03  0.12976E-06  0.45263E-07 -0.74690E-06
  0.28530E+03  0.89891E-07 -0.83017E-07 -0.76403E-06
  0.28560E+03  0.47692E-07 -0.20145E-06 -0.77373E-06
  0.28590E+03  0.34881E-08 -0.30853E-06 -0.77586E-06
  0.28620E+03 -0.42504E-07 -0.40299E-06 -0.77036E-06
  0.28650E+03 -0.90150E-07 -0.48376E-06 -0.75727E-06
  0.28680E+03 -0.13935E-06 -0.55005E-06 -0.73671E-06
  0.28710E+03 -0.19003E-06 -0.60134E-06 -0.70887E-06
  0.28740E+03 -0.24209E-06 -0.63739E-06 -0.67401E-06
  0.28770E+03 -0.29539E-06 -0.65823E-06 -0.63250E-06
  0.28800E+03 -0.34976E-06 -0.66418E-06 -0.58482E-06
  0.28830E+03 -0.40492E-06 -0.65581E-06 -0.53158E-06
  0.28860E+03 -0.46047E-06 -0.63397E-06 -0.47349E-06
  0.28890E+03 -0.51591E-06 -0.59969E-06 -0.41139E-06
  0.28920E+03 -0.57055E-06 -0.55421E-06 -0.34616E-06
  0.28950E+03 -0.62365E-06 -0.49890E-06 -0.27873E-06
  0.28980E+03 -0.67436E-06 -0.43528E-06 -0.21004E-06
  0.29010E+03 -0.72181E-06 -0.36496E-06 -0.14099E-06
  0.29040E+03 -0.76517E-06 -0.28963E-06 -0.72441E-07
  0.29070E+03 -0.80361E-06 -0.21106E-06 -0.51652E-08
  0.29100E+03 -0.83639E-06 -0.13101E-06  0.60147E-07
  0.29130E+03 -0.86281E-06 -0.51258E-07  0.12293E-06
  0.29160E+03 -0.88225E-06  0.26541E-07  0.18272E-06
  0.29190E+03 -0.89414E-06  0.10084E-06  0.23919E-06
  0.29220E+03 -0.89800E-06  0.17028E-06  0.29209E-06
  0.29250E+03 -0.89339E-06  0.23369E-06  0.34126E-06
  0.29280E+03 -0.87998E-06  0.29010E-06  0.38653E-06
  0.29310E+03 -0.85752E-06  0.33874E-06  0.42779E-06
  0.29340E+03 -0.82584E-06  0.37896E-06  0.46487E-06
  0.29370E+03 -0.78490E-06  0.41028E-06  0.49759E-06
  0.29400E+03 -0.73476E-06  0.43235E-06  0.52571E-06
  0.29430E+03 -0.67565E-06  0.44491E-06  0.54904E-06
  0.29460E+03 -0.60801E-06  0.44787E-06  0.56736E-06
  0.29490E+03 -0.53249E-06  0.44122E-06  0.58055E-06
  0.29520E+03 -0.45001E-06  0.42508E-06  0.58858E-06
  0.29550E+03 -0.36169E-06  0.39961E-06  0.59153E-06
  0.29580E+03 -0.26886E-06  0.36508E-06  0.58959E-06
  0.29610E+03 -0.17298E-06  0.32181E-06  0.58306E-06
  0.29640E+03 -0.75552E-07  0.27017E-06  0.57232E-06
  0.29670E+03  0.21932E-07  0.21066E-06  0.55778E-06
  0.29700E+03  0.11805E-06  0.14385E-06  0.53983E-06
  0.29730E+03  0.21149E-06  0.70416E-07  0.51881E-06
  0.29760E+03  0.30107E-06 -0.88560E-08  0.49500E-06
  0.29790E+03  0.38578E-06 -0.93127E-07  0.46857E-06
  0.29820E+03  0.46471E-06 -0.18151E-06  0.43962E-06
  0.29850E+03  0.53706E-06 -0.27310E-06  0.40822E-06
  0.29880E+03  0.60214E-06 -0.36697E-06  0.37444E-06
  0.29910E+03  0.65937E-06 -0.46221E-06  0.33836E-06
  0.29940E+03  0.70822E-06 -0.55782E-06  0.30018E-06
  0.29970E+03  0.74832E-06 -0.65280E-06  0.26013E-06
  0.30000E+03  0.77940E-06 -0.74604E-06  0.21859E-06
  0.30030E+03  0.80134E-06 -0.83637E-06  0.17598E-06
  0.30060E+03  0.81418E-06 -0.92256E-06  0.13276E-06
  0.30090E+03  0.81812E-06 -0.10033E-05  0.89408E-07
  0.30120E+03  0.81352E-06 -0.10774E-05  0.46343E-07
  0.30150E+03  0.80091E-06 -0.11436E-05  0.39215E-08
  0.30180E+03  0.78098E-06 -0.12008E-05 -0.37569E-07
  0.30210E+03  0.75455E-06 -0.12481E-05 -0.77891E-07
  0.30240E+03  0.72254E-06 -0.12845E-05 -0.11682E-06
  0.30270E+03  0.68593E-06 -0.13096E-05 -0.15414E-06
  0.30300E+03  0.64574E-06 -0.13227E-05 -0.18956E-06
  0.30330E+03  0.60292E-06 -0.13237E-05 -0.22277E-06
  0.30360E+03  0.55841E-06 -0.13123E-05 -0.25343E-06
  0.30390E+03  0.51304E-06 -0.12886E-05 -0.28113E-06
  0.30420E+03  0.46760E-06 -0.12527E-05 -0.30551E-06
  0.30450E+03  0.42284E-06 -0.12049E-05 -0.32621E-06
  0.30480E+03  0.37946E-06 -0.11457E-05 -0.34295E-06
  0.30510E+03  0.33813E-06 -0.10757E-05 -0.35553E-06
  0.30540E+03  0.29950E-06 -0.99568E-06 -0.36384E-06
  0.30570E+03  0.26417E-06 -0.90663E-06 -0.36790E-06
  0.30600E+03  0.23266E-06 -0.80955E-06 -0.36780E-06
  0.30630E+03  0.20543E-06 -0.70553E-06 -0.36375E-06
  0.30660E+03  0.18282E-06 -0.59573E-06 -0.35599E-06
  0.30690E+03  0.16508E-06 -0.48138E-06 -0.34481E-06
