  0.00000E+00 -0.10024E-09 -0.13801E-09 -0.73124E-13
  0.30000E+00 -0.78154E-09 -0.10760E-08 -0.11578E-11
  0.60000E+00 -0.31302E-08 -0.43098E-08 -0.66097E-11
  0.90000E+00 -0.88112E-08 -0.12132E-07 -0.23452E-10
  0.12000E+01 -0.19923E-07 -0.27434E-07 -0.63057E-10
  0.15000E+01 -0.38852E-07 -0.53502E-07 -0.14156E-09
  0.18000E+01 -0.68123E-07 -0.93818E-07 -0.27997E-09
  0.21000E+01 -0.11026E-06 -0.15187E-06 -0.50405E-09
  0.24000E+01 -0.16767E-06 -0.23094E-06 -0.84398E-09
  0.27000E+01 -0.24247E-06 -0.33400E-06 -0.13337E-08
  0.30000E+01 -0.33644E-06 -0.46346E-06 -0.20103E-08
  0.33000E+01 -0.45087E-06 -0.62114E-06 -0.29127E-08
  0.36000E+01 -0.58650E-06 -0.80807E-06 -0.40813E-08
  0.39000E+01 -0.74349E-06 -0.10244E-05 -0.55562E-08
  0.42000E+01 -0.92128E-06 -0.12695E-05 -0.73757E-08
  0.45000E+01 -0.11187E-05 -0.15417E-05 -0.95762E-08
  0.48000E+01 -0.13337E-05 -0.18382E-05 -0.12189E-07
  0.51000E+01 -0.15638E-05 -0.21555E-05 -0.15242E-07
  0.54000E+01 -0.18057E-05 -0.24891E-05 -0.18746E-07
  0.57000E+01 -0.20552E-05 -0.28334E-05 -0.22980E-07
  0.60000E+01 -0.23068E-05 -0.31816E-05 -0.29492E-07
  0.63000E+01 -0.25527E-05 -0.35248E-05 -0.41513E-07
  0.66000E+01 -0.27823E-05 -0.38529E-05 -0.62203E-07
  0.69000E+01 -0.29845E-05 -0.41556E-05 -0.92777E-07
  0.72000E+01 -0.31486E-05 -0.44236E-05 -0.13225E-06
  0.75000E+01 -0.32667E-05 -0.46513E-05 -0.17634E-06
  0.78000E+01 -0.33367E-05 -0.48381E-05 -0.21619E-06
  0.81000E+01 -0.33643E-05 -0.49900E-05 -0.24074E-06
  0.84000E+01 -0.33608E-05 -0.51180E-05 -0.24097E-06
  0.87000E+01 -0.33414E-05 -0.52364E-05 -0.21253E-06
  0.90000E+01 -0.33201E-05 -0.53578E-05 -0.15907E-06
  0.93000E+01 -0.33045E-05 -0.54898E-05 -0.95434E-07
  0.96000E+01 -0.32914E-05 -0.56310E-05 -0.47350E-07
  0.99000E+01 -0.32696E-05 -0.57724E-05 -0.47797E-07
  0.10200E+02 -0.32260E-05 -0.58996E-05 -0.13174E-06
  0.10500E+02 -0.31506E-05 -0.59886E-05 -0.32659E-06
  0.10800E+02 -0.30418E-05 -0.60085E-05 -0.63917E-06
  0.11100E+02 -0.29187E-05 -0.59335E-05 -0.10491E-05
  0.11400E+02 -0.28245E-05 -0.57512E-05 -0.15161E-05
  0.11700E+02 -0.28126E-05 -0.54543E-05 -0.19935E-05
  0.12000E+02 -0.29311E-05 -0.50288E-05 -0.24364E-05
  0.12300E+02 -0.32080E-05 -0.44473E-05 -0.28041E-05
  0.12600E+02 -0.36339E-05 -0.36700E-05 -0.30517E-05
  0.12900E+02 -0.41631E-05 -0.26543E-05 -0.31287E-05
  0.13200E+02 -0.47279E-05 -0.13647E-05 -0.29936E-05
  0.13500E+02 -0.52475E-05  0.22008E-06 -0.26368E-05
  0.13800E+02 -0.56345E-05  0.20997E-05 -0.20857E-05
  0.14100E+02 -0.58109E-05  0.42433E-05 -0.13919E-05
  0.14400E+02 -0.57283E-05  0.65895E-05 -0.61921E-06
  0.14700E+02 -0.53731E-05  0.90570E-05  0.16656E-06
  0.15000E+02 -0.47546E-05  0.11561E-04  0.92050E-06
  0.15300E+02 -0.38937E-05  0.14030E-04  0.16372E-05
  0.15600E+02 -0.28143E-05  0.16421E-04  0.23416E-05
  0.15900E+02 -0.15329E-05  0.18720E-04  0.30622E-05
  0.16200E+02 -0.55019E-07  0.20929E-04  0.38085E-05
  0.16500E+02  0.16165E-05  0.23056E-04  0.45590E-05
  0.16800E+02  0.34716E-05  0.25083E-04  0.52684E-05
  0.17100E+02  0.54875E-05  0.26964E-04  0.58885E-05
  0.17400E+02  0.76328E-05  0.28626E-04  0.63910E-05
  0.17700E+02  0.98774E-05  0.29992E-04  0.67771E-05
  0.18000E+02  0.12201E-04  0.31001E-04  0.70679E-05
  0.18300E+02  0.14592E-04  0.31622E-04  0.72820E-05
  0.18600E+02  0.17033E-04  0.31860E-04  0.74171E-05
  0.18900E+02  0.19490E-04  0.31725E-04  0.74490E-05
  0.19200E+02  0.21908E-04  0.31228E-04  0.73501E-05
  0.19500E+02  0.24227E-04  0.30359E-04  0.71104E-05
  0.19800E+02  0.26398E-04  0.29105E-04  0.67439E-05
  0.20100E+02  0.28390E-04  0.27459E-04  0.62747E-05
  0.20400E+02  0.30184E-04  0.25426E-04  0.57170E-05
  0.20700E+02  0.31760E-04  0.23025E-04  0.50671E-05
  0.21000E+02  0.33087E-04  0.20276E-04  0.43157E-05
  0.21300E+02  0.34124E-04  0.17203E-04  0.34666E-05
  0.21600E+02  0.34841E-04  0.13834E-04  0.25401E-05
  0.21900E+02  0.35215E-04  0.10206E-04  0.15603E-05
  0.22200E+02  0.35236E-04  0.63635E-05  0.54071E-06
  0.22500E+02  0.34890E-04  0.23495E-05 -0.51540E-06
  0.22800E+02  0.34165E-04 -0.17932E-05 -0.16011E-05
  0.23100E+02  0.33047E-04 -0.60203E-05 -0.26998E-05
  0.23400E+02  0.31533E-04 -0.10284E-04 -0.37923E-05
  0.23700E+02  0.29629E-04 -0.14534E-04 -0.48638E-05
  0.24000E+02  0.27341E-04 -0.18722E-04 -0.59041E-05
  0.24300E+02  0.24681E-04 -0.22800E-04 -0.69022E-05
  0.24600E+02  0.21664E-04 -0.26723E-04 -0.78446E-05
  0.24900E+02  0.18312E-04 -0.30445E-04 -0.87184E-05
  0.25200E+02  0.14648E-04 -0.33925E-04 -0.95126E-05
  0.25500E+02  0.10704E-04 -0.37122E-04 -0.10218E-04
  0.25800E+02  0.65113E-05 -0.40000E-04 -0.10825E-04
  0.26100E+02  0.21071E-05 -0.42525E-04 -0.11327E-04
  0.26400E+02 -0.24692E-05 -0.44671E-04 -0.11718E-04
  0.26700E+02 -0.71757E-05 -0.46412E-04 -0.11991E-04
  0.27000E+02 -0.11968E-04 -0.47728E-04 -0.12144E-04
  0.27300E+02 -0.16800E-04 -0.48606E-04 -0.12174E-04
  0.27600E+02 -0.21624E-04 -0.49035E-04 -0.12081E-04
  0.27900E+02 -0.26394E-04 -0.49011E-04 -0.11865E-04
  0.28200E+02 -0.31061E-04 -0.48535E-04 -0.11528E-04
  0.28500E+02 -0.35577E-04 -0.47611E-04 -0.11074E-04
  0.28800E+02 -0.39898E-04 -0.46251E-04 -0.10505E-04
  0.29100E+02 -0.43977E-04 -0.44470E-04 -0.98296E-05
  0.29400E+02 -0.47771E-04 -0.42286E-04 -0.90532E-05
  0.29700E+02 -0.51243E-04 -0.39725E-04 -0.81839E-05
  0.30000E+02 -0.54351E-04 -0.36812E-04 -0.72309E-05
  0.30300E+02 -0.57065E-04 -0.33581E-04 -0.62038E-05
  0.30600E+02 -0.59351E-04 -0.30064E-04 -0.51131E-05
  0.30900E+02 -0.61186E-04 -0.26300E-04 -0.39699E-05
  0.31200E+02 -0.62546E-04 -0.22327E-04 -0.27857E-05
  0.31500E+02 -0.63415E-04 -0.18187E-04 -0.15725E-05
  0.31800E+02 -0.63778E-04 -0.13923E-04 -0.34190E-06
  0.32100E+02 -0.63629E-04 -0.95759E-05  0.89392E-06
  0.32400E+02 -0.62966E-04 -0.51911E-05  0.21228E-05
  0.32700E+02 -0.61789E-04 -0.80990E-06  0.33323E-05
  0.33000E+02 -0.60108E-04  0.35227E-05  0.45126E-05
  0.33300E+02 -0.57934E-04  0.77676E-05  0.56511E-05
  0.33600E+02 -0.55282E-04  0.11885E-04  0.67380E-05
  0.33900E+02 -0.52177E-04  0.15837E-04  0.77637E-05
  0.34200E+02 -0.48641E-04  0.19589E-04  0.87187E-05
  0.34500E+02 -0.44708E-04  0.23107E-04  0.95940E-05
  0.34800E+02 -0.40407E-04  0.26363E-04  0.10384E-04
  0.35100E+02 -0.35778E-04  0.29330E-04  0.11082E-04
  0.35400E+02 -0.30859E-04  0.31987E-04  0.11682E-04
  0.35700E+02 -0.25692E-04  0.34312E-04  0.12179E-04
  0.36000E+02 -0.20322E-04  0.36293E-04  0.12571E-04
  0.36300E+02 -0.14795E-04  0.37916E-04  0.12856E-04
  0.36600E+02 -0.91560E-05  0.39175E-04  0.13032E-04
  0.36900E+02 -0.34556E-05  0.40067E-04  0.13100E-04
  0.37200E+02  0.22599E-05  0.40592E-04  0.13061E-04
  0.37500E+02  0.79424E-05  0.40754E-04  0.12917E-04
  0.37800E+02  0.13545E-04  0.40561E-04  0.12670E-04
  0.38100E+02  0.19022E-04  0.40026E-04  0.12326E-04
  0.38400E+02  0.24330E-04  0.39163E-04  0.11889E-04
  0.38700E+02  0.29425E-04  0.37990E-04  0.11364E-04
  0.39000E+02  0.34269E-04  0.36529E-04  0.10758E-04
  0.39300E+02  0.38824E-04  0.34801E-04  0.10078E-04
  0.39600E+02  0.43056E-04  0.32832E-04  0.93321E-05
  0.39900E+02  0.46935E-04  0.30649E-04  0.85274E-05
  0.40200E+02  0.50433E-04  0.28279E-04  0.76726E-05
  0.40500E+02  0.53529E-04  0.25752E-04  0.67764E-05
  0.40800E+02  0.56202E-04  0.23099E-04  0.58477E-05
  0.41100E+02  0.58439E-04  0.20349E-04  0.48941E-05
  0.41400E+02  0.60225E-04  0.17534E-04  0.39260E-05
  0.41700E+02  0.61557E-04  0.14684E-04  0.29512E-05
  0.42000E+02  0.62430E-04  0.11829E-04  0.19782E-05
  0.42300E+02  0.62848E-04  0.89958E-05  0.10157E-05
  0.42600E+02  0.62813E-04  0.62141E-05  0.71501E-07
  0.42900E+02  0.62336E-04  0.35107E-05 -0.84700E-06
  0.43200E+02  0.61430E-04  0.90770E-06 -0.17336E-05
  0.43500E+02  0.60112E-04 -0.15704E-05 -0.25806E-05
  0.43800E+02  0.58400E-04 -0.39059E-05 -0.33832E-05
  0.44100E+02  0.56317E-04 -0.60785E-05 -0.41365E-05
  0.44400E+02  0.53889E-04 -0.80739E-05 -0.48338E-05
  0.44700E+02  0.51143E-04 -0.98796E-05 -0.54741E-05
  0.45000E+02  0.48108E-04 -0.11485E-04 -0.60522E-05
  0.45300E+02  0.44817E-04 -0.12882E-04 -0.65664E-05
  0.45600E+02  0.41301E-04 -0.14067E-04 -0.70148E-05
  0.45900E+02  0.37596E-04 -0.15036E-04 -0.73962E-05
  0.46200E+02  0.33733E-04 -0.15790E-04 -0.77104E-05
  0.46500E+02  0.29750E-04 -0.16331E-04 -0.79575E-05
  0.46800E+02  0.25680E-04 -0.16665E-04 -0.81385E-05
  0.47100E+02  0.21559E-04 -0.16800E-04 -0.82548E-05
  0.47400E+02  0.17419E-04 -0.16743E-04 -0.83085E-05
  0.47700E+02  0.13292E-04 -0.16507E-04 -0.83021E-05
  0.48000E+02  0.92113E-05 -0.16104E-04 -0.82386E-05
  0.48300E+02  0.52063E-05 -0.15549E-04 -0.81213E-05
  0.48600E+02  0.13051E-05 -0.14857E-04 -0.79542E-05
  0.48900E+02 -0.24661E-05 -0.14045E-04 -0.77413E-05
  0.49200E+02 -0.60830E-05 -0.13129E-04 -0.74867E-05
  0.49500E+02 -0.95241E-05 -0.12129E-04 -0.71951E-05
  0.49800E+02 -0.12769E-04 -0.11062E-04 -0.68710E-05
  0.50100E+02 -0.15804E-04 -0.99463E-05 -0.65190E-05
  0.50400E+02 -0.18610E-04 -0.88001E-05 -0.61440E-05
  0.50700E+02 -0.21179E-04 -0.76412E-05 -0.57500E-05
  0.51000E+02 -0.23502E-04 -0.64867E-05 -0.53434E-05
  0.51300E+02 -0.25569E-04 -0.53529E-05 -0.49263E-05
  0.51600E+02 -0.27380E-04 -0.42551E-05 -0.45038E-05
  0.51900E+02 -0.28932E-04 -0.32087E-05 -0.40805E-05
  0.52200E+02 -0.30227E-04 -0.22253E-05 -0.36606E-05
  0.52500E+02 -0.31268E-04 -0.13179E-05 -0.32458E-05
  0.52800E+02 -0.32060E-04 -0.49480E-06 -0.28409E-05
  0.53100E+02 -0.32611E-04  0.23300E-06 -0.24477E-05
  0.53400E+02 -0.32929E-04  0.86080E-06 -0.20692E-05
  0.53700E+02 -0.33027E-04  0.13814E-05 -0.17077E-05
  0.54000E+02 -0.32916E-04  0.17911E-05 -0.13644E-05
  0.54300E+02 -0.32611E-04  0.20905E-05 -0.10414E-05
  0.54600E+02 -0.32126E-04  0.22764E-05 -0.73969E-06
  0.54900E+02 -0.31476E-04  0.23512E-05 -0.45970E-06
  0.55200E+02 -0.30679E-04  0.23171E-05 -0.20195E-06
  0.55500E+02 -0.29750E-04  0.21803E-05  0.33540E-07
  0.55800E+02 -0.28705E-04  0.19439E-05  0.24691E-06
  0.56100E+02 -0.27563E-04  0.16161E-05  0.43879E-06
  0.56400E+02 -0.26341E-04  0.12040E-05  0.60999E-06
  0.56700E+02 -0.25053E-04  0.71750E-06  0.76151E-06
  0.57000E+02 -0.23716E-04  0.16630E-06  0.89452E-06
  0.57300E+02 -0.22345E-04 -0.43960E-06  0.10104E-05
  0.57600E+02 -0.20955E-04 -0.10884E-05  0.11107E-05
  0.57900E+02 -0.19559E-04 -0.17693E-05  0.11972E-05
  0.58200E+02 -0.18169E-04 -0.24710E-05  0.12714E-05
  0.58500E+02 -0.16797E-04 -0.31807E-05  0.13352E-05
  0.58800E+02 -0.15453E-04 -0.38871E-05  0.13903E-05
  0.59100E+02 -0.14146E-04 -0.45791E-05  0.14386E-05
  0.59400E+02 -0.12883E-04 -0.52450E-05  0.14817E-05
  0.59700E+02 -0.11671E-04 -0.58741E-05  0.15212E-05
  0.60000E+02 -0.10515E-04 -0.64580E-05  0.15587E-05
  0.60300E+02 -0.94181E-05 -0.69854E-05  0.15958E-05
  0.60600E+02 -0.83837E-05 -0.74492E-05  0.16336E-05
  0.60900E+02 -0.74129E-05 -0.78421E-05  0.16732E-05
  0.61200E+02 -0.65060E-05 -0.81567E-05  0.17158E-05
  0.61500E+02 -0.56622E-05 -0.83885E-05  0.17620E-05
  0.61800E+02 -0.48798E-05 -0.85331E-05  0.18126E-05
  0.62100E+02 -0.41559E-05 -0.85873E-05  0.18677E-05
  0.62400E+02 -0.34873E-05 -0.85491E-05  0.19279E-05
  0.62700E+02 -0.28699E-05 -0.84178E-05  0.19931E-05
  0.63000E+02 -0.22987E-05 -0.81940E-05  0.20630E-05
  0.63300E+02 -0.17690E-05 -0.78790E-05  0.21375E-05
  0.63600E+02 -0.12750E-05 -0.74754E-05  0.22159E-05
  0.63900E+02 -0.81113E-06 -0.69871E-05  0.22976E-05
  0.64200E+02 -0.37163E-06 -0.64185E-05  0.23818E-05
  0.64500E+02  0.49200E-07 -0.57753E-05  0.24676E-05
  0.64800E+02  0.45740E-06 -0.50638E-05  0.25537E-05
  0.65100E+02  0.85910E-06 -0.42912E-05  0.26391E-05
  0.65400E+02  0.12581E-05 -0.34653E-05  0.27227E-05
  0.65700E+02  0.16596E-05 -0.25942E-05  0.28029E-05
  0.66000E+02  0.20687E-05 -0.16868E-05  0.28786E-05
  0.66300E+02  0.24888E-05 -0.75220E-06  0.29483E-05
  0.66600E+02  0.29233E-05  0.20049E-06  0.30107E-05
  0.66900E+02  0.33748E-05  0.11618E-05  0.30644E-05
  0.67200E+02  0.38453E-05  0.21223E-05  0.31082E-05
  0.67500E+02  0.43361E-05  0.30729E-05  0.31409E-05
  0.67800E+02  0.48479E-05  0.40043E-05  0.31613E-05
  0.68100E+02  0.53805E-05  0.49079E-05  0.31685E-05
  0.68400E+02  0.59332E-05  0.57753E-05  0.31614E-05
  0.68700E+02  0.65044E-05  0.65988E-05  0.31392E-05
  0.69000E+02  0.70919E-05  0.73708E-05  0.31013E-05
  0.69300E+02  0.76932E-05  0.80849E-05  0.30474E-05
  0.69600E+02  0.83047E-05  0.87350E-05  0.29768E-05
  0.69900E+02  0.89227E-05  0.93158E-05  0.28896E-05
  0.70200E+02  0.95427E-05  0.98227E-05  0.27858E-05
  0.70500E+02  0.10160E-04  0.10253E-04  0.26653E-05
  0.70800E+02  0.10770E-04  0.10604E-04  0.25287E-05
  0.71100E+02  0.11366E-04  0.10871E-04  0.23763E-05
  0.71400E+02  0.11944E-04  0.11056E-04  0.22090E-05
  0.71700E+02  0.12498E-04  0.11159E-04  0.20273E-05
  0.72000E+02  0.13022E-04  0.11178E-04  0.18324E-05
  0.72300E+02  0.13510E-04  0.11115E-04  0.16254E-05
  0.72600E+02  0.13958E-04  0.10974E-04  0.14074E-05
  0.72900E+02  0.14359E-04  0.10757E-04  0.11798E-05
  0.73200E+02  0.14708E-04  0.10467E-04  0.94408E-06
  0.73500E+02  0.15002E-04  0.10108E-04  0.70175E-06
  0.73800E+02  0.15235E-04  0.96858E-05  0.45441E-06
  0.74100E+02  0.15403E-04  0.92047E-05  0.20371E-06
  0.74400E+02  0.15504E-04  0.86705E-05 -0.48655E-07
  0.74700E+02  0.15535E-04  0.80899E-05 -0.30099E-06
  0.75000E+02  0.15492E-04  0.74678E-05 -0.55157E-06
  0.75300E+02  0.15376E-04  0.68127E-05 -0.79870E-06
  0.75600E+02  0.15184E-04  0.61296E-05 -0.10407E-05
  0.75900E+02  0.14916E-04  0.54254E-05 -0.12760E-05
  0.76200E+02  0.14573E-04  0.47067E-05 -0.15031E-05
  0.76500E+02  0.14155E-04  0.39813E-05 -0.17204E-05
  0.76800E+02  0.13664E-04  0.32538E-05 -0.19264E-05
  0.77100E+02  0.13103E-04  0.25309E-05 -0.21201E-05
  0.77400E+02  0.12475E-04  0.18192E-05 -0.23002E-05
  0.77700E+02  0.11782E-04  0.11237E-05 -0.24657E-05
  0.78000E+02  0.11028E-04  0.44981E-06 -0.26155E-05
  0.78300E+02  0.10219E-04 -0.19780E-06 -0.27490E-05
  0.78600E+02  0.93594E-05 -0.81482E-06 -0.28653E-05
  0.78900E+02  0.84541E-05 -0.13974E-05 -0.29643E-05
  0.79200E+02  0.75091E-05 -0.19422E-05 -0.30454E-05
  0.79500E+02  0.65305E-05 -0.24464E-05 -0.31083E-05
  0.79800E+02  0.55245E-05 -0.29078E-05 -0.31532E-05
  0.80100E+02  0.44975E-05 -0.33247E-05 -0.31800E-05
  0.80400E+02  0.34562E-05 -0.36957E-05 -0.31889E-05
  0.80700E+02  0.24072E-05 -0.40204E-05 -0.31804E-05
  0.81000E+02  0.13571E-05 -0.42987E-05 -0.31550E-05
  0.81300E+02  0.31250E-06 -0.45306E-05 -0.31131E-05
  0.81600E+02 -0.72026E-06 -0.47171E-05 -0.30556E-05
  0.81900E+02 -0.17348E-05 -0.48595E-05 -0.29832E-05
  0.82200E+02 -0.27251E-05 -0.49594E-05 -0.28970E-05
  0.82500E+02 -0.36855E-05 -0.50188E-05 -0.27977E-05
  0.82800E+02 -0.46106E-05 -0.50401E-05 -0.26865E-05
  0.83100E+02 -0.54951E-05 -0.50258E-05 -0.25646E-05
  0.83400E+02 -0.63347E-05 -0.49789E-05 -0.24330E-05
  0.83700E+02 -0.71251E-05 -0.49024E-05 -0.22930E-05
  0.84000E+02 -0.78624E-05 -0.47995E-05 -0.21458E-05
  0.84300E+02 -0.85435E-05 -0.46736E-05 -0.19925E-05
  0.84600E+02 -0.91656E-05 -0.45280E-05 -0.18345E-05
  0.84900E+02 -0.97266E-05 -0.43660E-05 -0.16729E-05
  0.85200E+02 -0.10225E-04 -0.41910E-05 -0.15088E-05
  0.85500E+02 -0.10659E-04 -0.40064E-05 -0.13435E-05
  0.85800E+02 -0.11027E-04 -0.38153E-05 -0.11779E-05
  0.86100E+02 -0.11331E-04 -0.36207E-05 -0.10132E-05
  0.86400E+02 -0.11571E-04 -0.34255E-05 -0.85041E-06
  0.86700E+02 -0.11747E-04 -0.32323E-05 -0.69037E-06
  0.87000E+02 -0.11860E-04 -0.30435E-05 -0.53390E-06
  0.87300E+02 -0.11912E-04 -0.28613E-05 -0.38193E-06
  0.87600E+02 -0.11904E-04 -0.26876E-05 -0.23490E-06
  0.87900E+02 -0.11840E-04 -0.25239E-05 -0.93630E-07
  0.88200E+02 -0.11722E-04 -0.23716E-05  0.41390E-07
  0.88500E+02 -0.11553E-04 -0.22318E-05  0.16976E-06
  0.88800E+02 -0.11336E-04 -0.21053E-05  0.29111E-06
  0.89100E+02 -0.11075E-04 -0.19922E-05  0.40527E-06
  0.89400E+02 -0.10773E-04 -0.18929E-05  0.51179E-06
  0.89700E+02 -0.10434E-04 -0.18073E-05  0.61083E-06
  0.90000E+02 -0.10061E-04 -0.17349E-05  0.70215E-06
  0.90300E+02 -0.96586E-05 -0.16752E-05  0.78582E-06
  0.90600E+02 -0.92306E-05 -0.16272E-05  0.86204E-06
  0.90900E+02 -0.87805E-05 -0.15901E-05  0.93086E-06
  0.91200E+02 -0.83122E-05 -0.15623E-05  0.99250E-06
  0.91500E+02 -0.78291E-05 -0.15427E-05  0.10472E-05
  0.91800E+02 -0.73348E-05 -0.15297E-05  0.10953E-05
  0.92100E+02 -0.68328E-05 -0.15217E-05  0.11371E-05
  0.92400E+02 -0.63260E-05 -0.15171E-05  0.11729E-05
  0.92700E+02 -0.58175E-05 -0.15140E-05  0.12032E-05
  0.93000E+02 -0.53101E-05 -0.15109E-05  0.12282E-05
  0.93300E+02 -0.48061E-05 -0.15060E-05  0.12484E-05
  0.93600E+02 -0.43081E-05 -0.14976E-05  0.12643E-05
  0.93900E+02 -0.38179E-05 -0.14840E-05  0.12761E-05
  0.94200E+02 -0.33374E-05 -0.14639E-05  0.12845E-05
  0.94500E+02 -0.28682E-05 -0.14358E-05  0.12894E-05
  0.94800E+02 -0.24115E-05 -0.13983E-05  0.12915E-05
  0.95100E+02 -0.19684E-05 -0.13505E-05  0.12910E-05
  0.95400E+02 -0.15398E-05 -0.12914E-05  0.12883E-05
  0.95700E+02 -0.11263E-05 -0.12201E-05  0.12836E-05
  0.96000E+02 -0.72830E-06 -0.11361E-05  0.12770E-05
  0.96300E+02 -0.34605E-06 -0.10391E-05  0.12690E-05
  0.96600E+02  0.20460E-07 -0.92879E-06  0.12595E-05
  0.96900E+02  0.37134E-06 -0.80524E-06  0.12488E-05
  0.97200E+02  0.70671E-06 -0.66864E-06  0.12370E-05
  0.97500E+02  0.10272E-05 -0.51944E-06  0.12241E-05
  0.97800E+02  0.13330E-05 -0.35821E-06  0.12103E-05
  0.98100E+02  0.16249E-05 -0.18577E-06  0.11953E-05
  0.98400E+02  0.19032E-05 -0.30800E-08  0.11792E-05
  0.98700E+02  0.21689E-05  0.18865E-06  0.11622E-05
  0.99000E+02  0.24225E-05  0.38826E-06  0.11440E-05
  0.99300E+02  0.26647E-05  0.59440E-06  0.11244E-05
  0.99600E+02  0.28960E-05  0.80536E-06  0.11036E-05
  0.99900E+02  0.31172E-05  0.10196E-05  0.10812E-05
  0.10020E+03  0.33289E-05  0.12356E-05  0.10571E-05
  0.10050E+03  0.35316E-05  0.14514E-05  0.10314E-05
  0.10080E+03  0.37255E-05  0.16653E-05  0.10036E-05
  0.10110E+03  0.39113E-05  0.18756E-05  0.97393E-06
  0.10140E+03  0.40890E-05  0.20804E-05  0.94201E-06
  0.10170E+03  0.42589E-05  0.22780E-05  0.90773E-06
  0.10200E+03  0.44211E-05  0.24667E-05  0.87109E-06
  0.10230E+03  0.45756E-05  0.26449E-05  0.83192E-06
  0.10260E+03  0.47222E-05  0.28110E-05  0.79018E-06
  0.10290E+03  0.48606E-05  0.29636E-05  0.74580E-06
  0.10320E+03  0.49907E-05  0.31014E-05  0.69875E-06
  0.10350E+03  0.51120E-05  0.32230E-05  0.64902E-06
  0.10380E+03  0.52240E-05  0.33276E-05  0.59665E-06
  0.10410E+03  0.53263E-05  0.34142E-05  0.54168E-06
  0.10440E+03  0.54181E-05  0.34820E-05  0.48420E-06
  0.10470E+03  0.54988E-05  0.35305E-05  0.42432E-06
  0.10500E+03  0.55677E-05  0.35593E-05  0.36218E-06
  0.10530E+03  0.56241E-05  0.35681E-05  0.29795E-06
  0.10560E+03  0.56672E-05  0.35568E-05  0.23183E-06
  0.10590E+03  0.56963E-05  0.35257E-05  0.16404E-06
  0.10620E+03  0.57107E-05  0.34749E-05  0.94848E-07
  0.10650E+03  0.57096E-05  0.34050E-05  0.24515E-07
  0.10680E+03  0.56926E-05  0.33165E-05 -0.46650E-07
  0.10710E+03  0.56587E-05  0.32102E-05 -0.11838E-06
  0.10740E+03  0.56077E-05  0.30870E-05 -0.19020E-06
  0.10770E+03  0.55390E-05  0.29480E-05 -0.26191E-06
  0.10800E+03  0.54521E-05  0.27941E-05 -0.33314E-06
  0.10830E+03  0.53470E-05  0.26269E-05 -0.40340E-06
  0.10860E+03  0.52234E-05  0.24474E-05 -0.47243E-06
  0.10890E+03  0.50811E-05  0.22574E-05 -0.53991E-06
  0.10920E+03  0.49205E-05  0.20579E-05 -0.60537E-06
  0.10950E+03  0.47414E-05  0.18507E-05 -0.66847E-06
  0.10980E+03  0.45445E-05  0.16374E-05 -0.72890E-06
  0.11010E+03  0.43299E-05  0.14196E-05 -0.78629E-06
  0.11040E+03  0.40985E-05  0.11986E-05 -0.84041E-06
  0.11070E+03  0.38508E-05  0.97608E-06 -0.89081E-06
  0.11100E+03  0.35877E-05  0.75358E-06 -0.93729E-06
  0.11130E+03  0.33101E-05  0.53258E-06 -0.97962E-06
  0.11160E+03  0.30192E-05  0.31448E-06 -0.10175E-05
  0.11190E+03  0.27161E-05  0.10064E-06 -0.10508E-05
  0.11220E+03  0.24021E-05 -0.10769E-06 -0.10794E-05
  0.11250E+03  0.20785E-05 -0.30927E-06 -0.11030E-05
  0.11280E+03  0.17469E-05 -0.50311E-06 -0.11217E-05
  0.11310E+03  0.14087E-05 -0.68812E-06 -0.11352E-05
  0.11340E+03  0.10656E-05 -0.86346E-06 -0.11436E-05
  0.11370E+03  0.71912E-06 -0.10284E-05 -0.11469E-05
  0.11400E+03  0.37106E-06 -0.11821E-05 -0.11450E-05
  0.11430E+03  0.23010E-07 -0.13243E-05 -0.11381E-05
  0.11460E+03 -0.32334E-06 -0.14543E-05 -0.11263E-05
  0.11490E+03 -0.66614E-06 -0.15720E-05 -0.11096E-05
  0.11520E+03 -0.10039E-05 -0.16772E-05 -0.10882E-05
  0.11550E+03 -0.13349E-05 -0.17697E-05 -0.10624E-05
  0.11580E+03 -0.16575E-05 -0.18496E-05 -0.10322E-05
  0.11610E+03 -0.19703E-05 -0.19169E-05 -0.99799E-06
  0.11640E+03 -0.22715E-05 -0.19722E-05 -0.95994E-06
  0.11670E+03 -0.25600E-05 -0.20153E-05 -0.91834E-06
  0.11700E+03 -0.28345E-05 -0.20470E-05 -0.87347E-06
  0.11730E+03 -0.30936E-05 -0.20676E-05 -0.82565E-06
  0.11760E+03 -0.33363E-05 -0.20777E-05 -0.77517E-06
  0.11790E+03 -0.35616E-05 -0.20778E-05 -0.72236E-06
  0.11820E+03 -0.37685E-05 -0.20687E-05 -0.66754E-06
  0.11850E+03 -0.39564E-05 -0.20508E-05 -0.61104E-06
  0.11880E+03 -0.41246E-05 -0.20249E-05 -0.55320E-06
  0.11910E+03 -0.42726E-05 -0.19919E-05 -0.49435E-06
  0.11940E+03 -0.44000E-05 -0.19524E-05 -0.43479E-06
  0.11970E+03 -0.45066E-05 -0.19071E-05 -0.37487E-06
  0.12000E+03 -0.45923E-05 -0.18567E-05 -0.31487E-06
  0.12030E+03 -0.46569E-05 -0.18020E-05 -0.25512E-06
  0.12060E+03 -0.47008E-05 -0.17436E-05 -0.19588E-06
  0.12090E+03 -0.47242E-05 -0.16822E-05 -0.13743E-06
  0.12120E+03 -0.47273E-05 -0.16184E-05 -0.80030E-07
  0.12150E+03 -0.47108E-05 -0.15528E-05 -0.23912E-07
  0.12180E+03 -0.46751E-05 -0.14859E-05  0.30688E-07
  0.12210E+03 -0.46209E-05 -0.14183E-05  0.83578E-07
  0.12240E+03 -0.45490E-05 -0.13504E-05  0.13457E-06
  0.12270E+03 -0.44602E-05 -0.12824E-05  0.18352E-06
  0.12300E+03 -0.43553E-05 -0.12149E-05  0.23025E-06
  0.12330E+03 -0.42355E-05 -0.11481E-05  0.27467E-06
  0.12360E+03 -0.41017E-05 -0.10822E-05  0.31665E-06
  0.12390E+03 -0.39548E-05 -0.10173E-05  0.35612E-06
  0.12420E+03 -0.37960E-05 -0.95367E-06  0.39301E-06
  0.12450E+03 -0.36266E-05 -0.89134E-06  0.42728E-06
  0.12480E+03 -0.34474E-05 -0.83034E-06  0.45889E-06
  0.12510E+03 -0.32597E-05 -0.77067E-06  0.48784E-06
  0.12540E+03 -0.30647E-05 -0.71228E-06  0.51413E-06
  0.12570E+03 -0.28633E-05 -0.65507E-06  0.53777E-06
  0.12600E+03 -0.26568E-05 -0.59899E-06  0.55880E-06
  0.12630E+03 -0.24462E-05 -0.54396E-06  0.57726E-06
  0.12660E+03 -0.22325E-05 -0.48963E-06  0.59320E-06
  0.12690E+03 -0.20167E-05 -0.43608E-06  0.60669E-06
  0.12720E+03 -0.17999E-05 -0.38298E-06  0.61779E-06
  0.12750E+03 -0.15829E-05 -0.33017E-06  0.62659E-06
  0.12780E+03 -0.13666E-05 -0.27759E-06  0.63316E-06
  0.12810E+03 -0.11519E-05 -0.22497E-06  0.63759E-06
  0.12840E+03 -0.93950E-06 -0.17218E-06  0.63998E-06
  0.12870E+03 -0.73000E-06 -0.11907E-06  0.64041E-06
  0.12900E+03 -0.52420E-06 -0.65570E-07  0.63898E-06
  0.12930E+03 -0.32268E-06 -0.11556E-07  0.63577E-06
  0.12960E+03 -0.12595E-06  0.43093E-07  0.63089E-06
  0.12990E+03  0.65510E-07  0.98392E-07  0.62441E-06
  0.13020E+03  0.25134E-06  0.15436E-06  0.61643E-06
  0.13050E+03  0.43102E-06  0.21100E-06  0.60702E-06
  0.13080E+03  0.60435E-06  0.26826E-06  0.59628E-06
  0.13110E+03  0.77098E-06  0.32607E-06  0.58427E-06
  0.13140E+03  0.93078E-06  0.38432E-06  0.57106E-06
  0.13170E+03  0.10834E-05  0.44289E-06  0.55673E-06
  0.13200E+03  0.12289E-05  0.50160E-06  0.54133E-06
  0.13230E+03  0.13671E-05  0.56026E-06  0.52493E-06
  0.13260E+03  0.14977E-05  0.61863E-06  0.50758E-06
  0.13290E+03  0.16210E-05  0.67646E-06  0.48932E-06
  0.13320E+03  0.17367E-05  0.73360E-06  0.47021E-06
  0.13350E+03  0.18449E-05  0.78962E-06  0.45030E-06
  0.13380E+03  0.19457E-05  0.84423E-06  0.42962E-06
  0.13410E+03  0.20389E-05  0.89707E-06  0.40821E-06
  0.13440E+03  0.21247E-05  0.94799E-06  0.38612E-06
  0.13470E+03  0.22032E-05  0.99659E-06  0.36337E-06
  0.13500E+03  0.22744E-05  0.10425E-05  0.34000E-06
  0.13530E+03  0.23382E-05  0.10853E-05  0.31606E-06
  0.13560E+03  0.23948E-05  0.11248E-05  0.29157E-06
  0.13590E+03  0.24443E-05  0.11609E-05  0.26656E-06
  0.13620E+03  0.24867E-05  0.11928E-05  0.24109E-06
  0.13650E+03  0.25221E-05  0.12206E-05  0.21519E-06
  0.13680E+03  0.25504E-05  0.12440E-05  0.18890E-06
  0.13710E+03  0.25719E-05  0.12627E-05  0.16228E-06
  0.13740E+03  0.25864E-05  0.12765E-05  0.13535E-06
  0.13770E+03  0.25942E-05  0.12852E-05  0.10819E-06
  0.13800E+03  0.25951E-05  0.12889E-05  0.80843E-07
  0.13830E+03  0.25893E-05  0.12871E-05  0.53362E-07
  0.13860E+03  0.25768E-05  0.12800E-05  0.25831E-07
  0.13890E+03  0.25577E-05  0.12675E-05 -0.17110E-08
  0.13920E+03  0.25319E-05  0.12496E-05 -0.29173E-07
  0.13950E+03  0.24997E-05  0.12263E-05 -0.56486E-07
  0.13980E+03  0.24609E-05  0.11977E-05 -0.83579E-07
  0.14010E+03  0.24158E-05  0.11640E-05 -0.11037E-06
  0.14040E+03  0.23643E-05  0.11253E-05 -0.13678E-06
  0.14070E+03  0.23066E-05  0.10818E-05 -0.16271E-06
  0.14100E+03  0.22428E-05  0.10337E-05 -0.18809E-06
  0.14130E+03  0.21729E-05  0.98126E-06 -0.21283E-06
  0.14160E+03  0.20973E-05  0.92471E-06 -0.23684E-06
  0.14190E+03  0.20159E-05  0.86444E-06 -0.26004E-06
  0.14220E+03  0.19290E-05  0.80078E-06 -0.28233E-06
  0.14250E+03  0.18368E-05  0.73400E-06 -0.30362E-06
  0.14280E+03  0.17394E-05  0.66456E-06 -0.32385E-06
  0.14310E+03  0.16373E-05  0.59282E-06 -0.34292E-06
  0.14340E+03  0.15305E-05  0.51919E-06 -0.36075E-06
  0.14370E+03  0.14194E-05  0.44407E-06 -0.37728E-06
  0.14400E+03  0.13044E-05  0.36788E-06 -0.39243E-06
  0.14430E+03  0.11857E-05  0.29104E-06 -0.40614E-06
  0.14460E+03  0.10637E-05  0.21392E-06 -0.41835E-06
  0.14490E+03  0.93887E-06  0.13704E-06 -0.42901E-06
  0.14520E+03  0.81149E-06  0.60750E-07 -0.43806E-06
  0.14550E+03  0.68202E-06 -0.14640E-07 -0.44547E-06
  0.14580E+03  0.55092E-06 -0.88650E-07 -0.45123E-06
  0.14610E+03  0.41861E-06 -0.16096E-06 -0.45528E-06
  0.14640E+03  0.28559E-06 -0.23116E-06 -0.45763E-06
  0.14670E+03  0.15235E-06 -0.29903E-06 -0.45827E-06
  0.14700E+03  0.19250E-07 -0.36429E-06 -0.45719E-06
  0.14730E+03 -0.11305E-06 -0.42648E-06 -0.45441E-06
  0.14760E+03 -0.24419E-06 -0.48553E-06 -0.44995E-06
  0.14790E+03 -0.37360E-06 -0.54114E-06 -0.44382E-06
  0.14820E+03 -0.50071E-06 -0.59309E-06 -0.43608E-06
  0.14850E+03 -0.62530E-06 -0.64133E-06 -0.42675E-06
  0.14880E+03 -0.74661E-06 -0.68564E-06 -0.41590E-06
  0.14910E+03 -0.86429E-06 -0.72588E-06 -0.40358E-06
  0.14940E+03 -0.97794E-06 -0.76195E-06 -0.38985E-06
  0.14970E+03 -0.10870E-05 -0.79395E-06 -0.37478E-06
  0.15000E+03 -0.11912E-05 -0.82176E-06 -0.35847E-06
  0.15030E+03 -0.12900E-05 -0.84539E-06 -0.34098E-06
  0.15060E+03 -0.13831E-05 -0.86479E-06 -0.32241E-06
  0.15090E+03 -0.14702E-05 -0.88015E-06 -0.30286E-06
  0.15120E+03 -0.15511E-05 -0.89156E-06 -0.28241E-06
  0.15150E+03 -0.16252E-05 -0.89892E-06 -0.26117E-06
  0.15180E+03 -0.16925E-05 -0.90253E-06 -0.23924E-06
  0.15210E+03 -0.17526E-05 -0.90240E-06 -0.21673E-06
  0.15240E+03 -0.18056E-05 -0.89878E-06 -0.19374E-06
  0.15270E+03 -0.18511E-05 -0.89181E-06 -0.17037E-06
  0.15300E+03 -0.18891E-05 -0.88159E-06 -0.14674E-06
  0.15330E+03 -0.19195E-05 -0.86848E-06 -0.12296E-06
  0.15360E+03 -0.19424E-05 -0.85242E-06 -0.99116E-07
  0.15390E+03 -0.19575E-05 -0.83373E-06 -0.75314E-07
  0.15420E+03 -0.19651E-05 -0.81262E-06 -0.51657E-07
  0.15450E+03 -0.19652E-05 -0.78928E-06 -0.28242E-07
  0.15480E+03 -0.19579E-05 -0.76391E-06 -0.51670E-08
  0.15510E+03 -0.19434E-05 -0.73669E-06  0.17485E-07
  0.15540E+03 -0.19218E-05 -0.70784E-06  0.39628E-07
  0.15570E+03 -0.18933E-05 -0.67753E-06  0.61187E-07
  0.15600E+03 -0.18582E-05 -0.64596E-06  0.82086E-07
  0.15630E+03 -0.18167E-05 -0.61330E-06  0.10225E-06
  0.15660E+03 -0.17692E-05 -0.57973E-06  0.12162E-06
  0.15690E+03 -0.17158E-05 -0.54540E-06  0.14012E-06
  0.15720E+03 -0.16570E-05 -0.51048E-06  0.15773E-06
  0.15750E+03 -0.15931E-05 -0.47509E-06  0.17439E-06
  0.15780E+03 -0.15245E-05 -0.43937E-06  0.19004E-06
  0.15810E+03 -0.14515E-05 -0.40345E-06  0.20468E-06
  0.15840E+03 -0.13745E-05 -0.36745E-06  0.21826E-06
  0.15870E+03 -0.12939E-05 -0.33147E-06  0.23075E-06
  0.15900E+03 -0.12101E-05 -0.29560E-06  0.24215E-06
  0.15930E+03 -0.11236E-05 -0.25992E-06  0.25244E-06
  0.15960E+03 -0.10346E-05 -0.22452E-06  0.26160E-06
  0.15990E+03 -0.94371E-06 -0.18946E-06  0.26966E-06
  0.16020E+03 -0.85119E-06 -0.15479E-06  0.27660E-06
  0.16050E+03 -0.75755E-06 -0.12058E-06  0.28243E-06
  0.16080E+03 -0.66312E-06 -0.86866E-07  0.28717E-06
  0.16110E+03 -0.56817E-06 -0.53701E-07  0.29082E-06
  0.16140E+03 -0.47324E-06 -0.21111E-07  0.29341E-06
  0.16170E+03 -0.37865E-06  0.10855E-07  0.29498E-06
  0.16200E+03 -0.28464E-06  0.42190E-07  0.29552E-06
  0.16230E+03 -0.19175E-06  0.72852E-07  0.29508E-06
  0.16260E+03 -0.10001E-06  0.10282E-06  0.29368E-06
  0.16290E+03 -0.99800E-08  0.13207E-06  0.29137E-06
  0.16320E+03  0.78330E-07  0.16056E-06  0.28818E-06
  0.16350E+03  0.16435E-06  0.18829E-06  0.28412E-06
  0.16380E+03  0.24804E-06  0.21522E-06  0.27926E-06
  0.16410E+03  0.32914E-06  0.24133E-06  0.27363E-06
  0.16440E+03  0.40743E-06  0.26658E-06  0.26725E-06
  0.16470E+03  0.48270E-06  0.29094E-06  0.26019E-06
  0.16500E+03  0.55471E-06  0.31439E-06  0.25240E-06
  0.16530E+03  0.62345E-06  0.33688E-06  0.24412E-06
  0.16560E+03  0.68876E-06  0.35837E-06  0.23516E-06
  0.16590E+03  0.75042E-06  0.37884E-06  0.22571E-06
  0.16620E+03  0.80838E-06  0.39823E-06  0.21581E-06
  0.16650E+03  0.86249E-06  0.41650E-06  0.20530E-06
  0.16680E+03  0.91278E-06  0.43361E-06  0.19455E-06
  0.16710E+03  0.95919E-06  0.44952E-06  0.18330E-06
  0.16740E+03  0.10017E-05  0.46417E-06  0.17178E-06
  0.16770E+03  0.10401E-05  0.47747E-06  0.15989E-06
  0.16800E+03  0.10746E-05  0.48937E-06  0.14780E-06
  0.16830E+03  0.11050E-05  0.49993E-06  0.13545E-06
  0.16860E+03  0.11314E-05  0.50907E-06  0.12287E-06
  0.16890E+03  0.11538E-05  0.51668E-06  0.11009E-06
  0.16920E+03  0.11723E-05  0.52278E-06  0.97330E-07
  0.16950E+03  0.11868E-05  0.52734E-06  0.84360E-07
  0.16980E+03  0.11975E-05  0.53017E-06  0.71376E-07
  0.17010E+03  0.12043E-05  0.53149E-06  0.58371E-07
  0.17040E+03  0.12074E-05  0.53103E-06  0.45375E-07
  0.17070E+03  0.12067E-05  0.52896E-06  0.32419E-07
  0.17100E+03  0.12024E-05  0.52518E-06  0.19535E-07
  0.17130E+03  0.11946E-05  0.51969E-06  0.67620E-08
  0.17160E+03  0.11833E-05  0.51248E-06 -0.58710E-08
  0.17190E+03  0.11686E-05  0.50360E-06 -0.18334E-07
  0.17220E+03  0.11507E-05  0.49308E-06 -0.30595E-07
  0.17250E+03  0.11295E-05  0.48089E-06 -0.42627E-07
  0.17280E+03  0.11053E-05  0.46711E-06 -0.54395E-07
  0.17310E+03  0.10781E-05  0.45176E-06 -0.65877E-07
  0.17340E+03  0.10481E-05  0.43479E-06 -0.77036E-07
  0.17370E+03  0.10153E-05  0.41648E-06 -0.87846E-07
  0.17400E+03  0.97994E-06  0.39668E-06 -0.98275E-07
  0.17430E+03  0.94208E-06  0.37554E-06 -0.10831E-06
  0.17460E+03  0.90188E-06  0.35319E-06 -0.11791E-06
  0.17490E+03  0.85945E-06  0.32970E-06 -0.12705E-06
  0.17520E+03  0.81496E-06  0.30503E-06 -0.13567E-06
  0.17550E+03  0.76854E-06  0.27950E-06 -0.14393E-06
  0.17580E+03  0.72034E-06  0.25305E-06 -0.15154E-06
  0.17610E+03  0.67049E-06  0.22587E-06 -0.15858E-06
  0.17640E+03  0.61917E-06  0.19804E-06 -0.16517E-06
  0.17670E+03  0.56654E-06  0.16969E-06 -0.17105E-06
  0.17700E+03  0.51275E-06  0.14094E-06 -0.17637E-06
  0.17730E+03  0.45796E-06  0.11192E-06 -0.18115E-06
  0.17760E+03  0.40235E-06  0.82744E-07 -0.18523E-06
  0.17790E+03  0.34608E-06  0.53540E-07 -0.18863E-06
  0.17820E+03  0.28933E-06  0.24438E-07 -0.19149E-06
  0.17850E+03  0.23226E-06 -0.44510E-08 -0.19357E-06
  0.17880E+03  0.17506E-06 -0.32980E-07 -0.19515E-06
  0.17910E+03  0.11791E-06 -0.61064E-07 -0.19592E-06
  0.17940E+03  0.60962E-07 -0.88570E-07 -0.19608E-06
  0.17970E+03  0.44140E-08 -0.11539E-06 -0.19562E-06
  0.18000E+03 -0.51565E-07 -0.14135E-06 -0.19444E-06
  0.18030E+03 -0.10680E-06 -0.16652E-06 -0.19265E-06
  0.18060E+03 -0.16113E-06 -0.19057E-06 -0.19022E-06
  0.18090E+03 -0.21437E-06 -0.21358E-06 -0.18717E-06
  0.18120E+03 -0.26636E-06 -0.23542E-06 -0.18350E-06
  0.18150E+03 -0.31693E-06 -0.25605E-06 -0.17924E-06
  0.18180E+03 -0.36593E-06 -0.27531E-06 -0.17441E-06
  0.18210E+03 -0.41321E-06 -0.29329E-06 -0.16901E-06
  0.18240E+03 -0.45860E-06 -0.30977E-06 -0.16310E-06
  0.18270E+03 -0.50199E-06 -0.32469E-06 -0.15668E-06
  0.18300E+03 -0.54323E-06 -0.33824E-06 -0.14978E-06
  0.18330E+03 -0.58219E-06 -0.35019E-06 -0.14244E-06
  0.18360E+03 -0.61876E-06 -0.36055E-06 -0.13468E-06
  0.18390E+03 -0.65283E-06 -0.36946E-06 -0.12654E-06
  0.18420E+03 -0.68430E-06 -0.37667E-06 -0.11806E-06
  0.18450E+03 -0.71307E-06 -0.38238E-06 -0.10926E-06
  0.18480E+03 -0.73908E-06 -0.38655E-06 -0.10022E-06
  0.18510E+03 -0.76224E-06 -0.38906E-06 -0.90860E-07
  0.18540E+03 -0.78252E-06 -0.39024E-06 -0.81360E-07
  0.18570E+03 -0.79986E-06 -0.38978E-06 -0.71650E-07
  0.18600E+03 -0.81421E-06 -0.38792E-06 -0.61840E-07
  0.18630E+03 -0.82557E-06 -0.38478E-06 -0.51920E-07
  0.18660E+03 -0.83391E-06 -0.38015E-06 -0.42000E-07
  0.18690E+03 -0.83925E-06 -0.37428E-06 -0.32020E-07
  0.18720E+03 -0.84160E-06 -0.36715E-06 -0.22140E-07
  0.18750E+03 -0.84097E-06 -0.35886E-06 -0.12220E-07
  0.18780E+03 -0.83741E-06 -0.34947E-06 -0.24701E-08
  0.18810E+03 -0.83096E-06 -0.33902E-06  0.71000E-08
  0.18840E+03 -0.82167E-06 -0.32760E-06  0.16610E-07
  0.18870E+03 -0.80963E-06 -0.31527E-06  0.25800E-07
  0.18900E+03 -0.79491E-06 -0.30213E-06  0.34810E-07
  0.18930E+03 -0.77760E-06 -0.28822E-06  0.43570E-07
  0.18960E+03 -0.75776E-06 -0.27365E-06  0.52020E-07
  0.18990E+03 -0.73559E-06 -0.25840E-06  0.60147E-07
  0.19020E+03 -0.71108E-06 -0.24262E-06  0.67924E-07
  0.19050E+03 -0.68448E-06 -0.22651E-06  0.75333E-07
  0.19080E+03 -0.65586E-06 -0.20988E-06  0.82354E-07
  0.19110E+03 -0.62534E-06 -0.19289E-06  0.88962E-07
  0.19140E+03 -0.59308E-06 -0.17573E-06  0.95140E-07
  0.19170E+03 -0.55924E-06 -0.15833E-06  0.10088E-06
  0.19200E+03 -0.52394E-06 -0.14085E-06  0.10616E-06
  0.19230E+03 -0.48734E-06 -0.12326E-06  0.11098E-06
  0.19260E+03 -0.44962E-06 -0.10572E-06  0.11532E-06
  0.19290E+03 -0.41092E-06 -0.88090E-07  0.11919E-06
  0.19320E+03 -0.37140E-06 -0.70660E-07  0.12257E-06
  0.19350E+03 -0.33120E-06 -0.53430E-07  0.12547E-06
  0.19380E+03 -0.29052E-06 -0.36370E-07  0.12783E-06
  0.19410E+03 -0.24948E-06 -0.19480E-07  0.12974E-06
  0.19440E+03 -0.20826E-06 -0.28900E-08  0.13126E-06
  0.19470E+03 -0.16700E-06  0.13299E-07  0.13216E-06
  0.19500E+03 -0.12585E-06  0.29154E-07  0.13268E-06
  0.19530E+03 -0.84954E-07  0.44602E-07  0.13269E-06
  0.19560E+03 -0.44473E-07  0.59623E-07  0.13230E-06
  0.19590E+03 -0.45220E-08  0.74178E-07  0.13134E-06
  0.19620E+03  0.34758E-07  0.88235E-07  0.13007E-06
  0.19650E+03  0.73242E-07  0.10178E-06  0.12837E-06
  0.19680E+03  0.11081E-06  0.11477E-06  0.12628E-06
  0.19710E+03  0.14734E-06  0.12724E-06  0.12376E-06
  0.19740E+03  0.18273E-06  0.13903E-06  0.12087E-06
  0.19770E+03  0.21688E-06  0.15029E-06  0.11769E-06
  0.19800E+03  0.24969E-06  0.16089E-06  0.11411E-06
  0.19830E+03  0.28106E-06  0.17082E-06  0.11022E-06
  0.19860E+03  0.31098E-06  0.18017E-06  0.10610E-06
  0.19890E+03  0.33927E-06  0.18880E-06  0.10167E-06
  0.19920E+03  0.36598E-06  0.19682E-06  0.96990E-07
  0.19950E+03  0.39091E-06  0.20403E-06  0.92075E-07
  0.19980E+03  0.41411E-06  0.21068E-06  0.86942E-07
  0.20010E+03  0.43557E-06  0.21653E-06  0.81626E-07
  0.20040E+03  0.45513E-06  0.22168E-06  0.76137E-07
  0.20070E+03  0.47286E-06  0.22618E-06  0.70495E-07
  0.20100E+03  0.48879E-06  0.22991E-06  0.64725E-07
  0.20130E+03  0.50275E-06  0.23293E-06  0.58847E-07
  0.20160E+03  0.51482E-06  0.23524E-06  0.52882E-07
  0.20190E+03  0.52499E-06  0.23682E-06  0.46854E-07
  0.20220E+03  0.53326E-06  0.23758E-06  0.40773E-07
  0.20250E+03  0.53965E-06  0.23772E-06  0.34665E-07
  0.20280E+03  0.54416E-06  0.23717E-06  0.28541E-07
  0.20310E+03  0.54683E-06  0.23585E-06  0.22431E-07
  0.20340E+03  0.54766E-06  0.23386E-06  0.16353E-07
  0.20370E+03  0.54671E-06  0.23114E-06  0.10315E-07
  0.20400E+03  0.54401E-06  0.22776E-06  0.43440E-08
  0.20430E+03  0.53959E-06  0.22371E-06 -0.15591E-08
  0.20460E+03  0.53351E-06  0.21901E-06 -0.73300E-08
  0.20490E+03  0.52580E-06  0.21368E-06 -0.13000E-07
  0.20520E+03  0.51654E-06  0.20771E-06 -0.18620E-07
  0.20550E+03  0.50577E-06  0.20116E-06 -0.24070E-07
  0.20580E+03  0.49355E-06  0.19406E-06 -0.29340E-07
  0.20610E+03  0.47995E-06  0.18632E-06 -0.34431E-07
  0.20640E+03  0.46502E-06  0.17809E-06 -0.39308E-07
  0.20670E+03  0.44885E-06  0.16944E-06 -0.44034E-07
  0.20700E+03  0.43148E-06  0.16022E-06 -0.48547E-07
  0.20730E+03  0.41301E-06  0.15058E-06 -0.52857E-07
  0.20760E+03  0.39353E-06  0.14055E-06 -0.56942E-07
  0.20790E+03  0.37306E-06  0.13023E-06 -0.60783E-07
  0.20820E+03  0.35171E-06  0.11952E-06 -0.64387E-07
  0.20850E+03  0.32961E-06  0.10844E-06 -0.67736E-07
  0.20880E+03  0.30673E-06  0.97190E-07 -0.70832E-07
  0.20910E+03  0.28329E-06  0.85680E-07 -0.73665E-07
  0.20940E+03  0.25920E-06  0.74000E-07 -0.76226E-07
  0.20970E+03  0.23469E-06  0.62160E-07 -0.78518E-07
  0.21000E+03  0.20973E-06  0.50300E-07 -0.80516E-07
  0.21030E+03  0.18448E-06  0.38280E-07 -0.82245E-07
  0.21060E+03  0.15900E-06  0.26340E-07 -0.83683E-07
  0.21090E+03  0.13337E-06  0.14390E-07 -0.84841E-07
  0.21120E+03  0.10766E-06  0.25800E-08 -0.85709E-07
  0.21150E+03  0.81971E-07 -0.91800E-08 -0.86290E-07
  0.21180E+03  0.56361E-07 -0.20740E-07 -0.86581E-07
  0.21210E+03  0.30927E-07 -0.32170E-07 -0.86596E-07
  0.21240E+03  0.57245E-08 -0.43310E-07 -0.86328E-07
  0.21270E+03 -0.19150E-07 -0.54160E-07 -0.85783E-07
  0.21300E+03 -0.43642E-07 -0.64660E-07 -0.84961E-07
  0.21330E+03 -0.67661E-07 -0.74840E-07 -0.83873E-07
  0.21360E+03 -0.91148E-07 -0.84624E-07 -0.82515E-07
  0.21390E+03 -0.11404E-06 -0.93996E-07 -0.80911E-07
  0.21420E+03 -0.13625E-06 -0.10290E-06 -0.79065E-07
  0.21450E+03 -0.15771E-06 -0.11134E-06 -0.76967E-07
  0.21480E+03 -0.17840E-06 -0.11926E-06 -0.74655E-07
  0.21510E+03 -0.19831E-06 -0.12665E-06 -0.72111E-07
  0.21540E+03 -0.21726E-06 -0.13350E-06 -0.69362E-07
  0.21570E+03 -0.23525E-06 -0.13975E-06 -0.66416E-07
  0.21600E+03 -0.25225E-06 -0.14544E-06 -0.63288E-07
  0.21630E+03 -0.26817E-06 -0.15051E-06 -0.59984E-07
  0.21660E+03 -0.28299E-06 -0.15496E-06 -0.56528E-07
  0.21690E+03 -0.29672E-06 -0.15880E-06 -0.52921E-07
  0.21720E+03 -0.30929E-06 -0.16201E-06 -0.49182E-07
  0.21750E+03 -0.32076E-06 -0.16459E-06 -0.45327E-07
  0.21780E+03 -0.33095E-06 -0.16654E-06 -0.41368E-07
  0.21810E+03 -0.33992E-06 -0.16786E-06 -0.37324E-07
  0.21840E+03 -0.34758E-06 -0.16856E-06 -0.33202E-07
  0.21870E+03 -0.35410E-06 -0.16863E-06 -0.29025E-07
  0.21900E+03 -0.35930E-06 -0.16811E-06 -0.24810E-07
  0.21930E+03 -0.36314E-06 -0.16699E-06 -0.20562E-07
  0.21960E+03 -0.36584E-06 -0.16529E-06 -0.16313E-07
  0.21990E+03 -0.36724E-06 -0.16304E-06 -0.12061E-07
  0.22020E+03 -0.36738E-06 -0.16024E-06 -0.78310E-08
  0.22050E+03 -0.36628E-06 -0.15690E-06 -0.36400E-08
  0.22080E+03 -0.36397E-06 -0.15308E-06  0.51500E-09
  0.22110E+03 -0.36045E-06 -0.14877E-06  0.45920E-08
  0.22140E+03 -0.35577E-06 -0.14402E-06  0.86050E-08
  0.22170E+03 -0.34994E-06 -0.13884E-06  0.12525E-07
  0.22200E+03 -0.34301E-06 -0.13326E-06  0.16340E-07
  0.22230E+03 -0.33501E-06 -0.12732E-06  0.20044E-07
  0.22260E+03 -0.32598E-06 -0.12102E-06  0.23620E-07
  0.22290E+03 -0.31599E-06 -0.11442E-06  0.27059E-07
  0.22320E+03 -0.30499E-06 -0.10755E-06  0.30358E-07
  0.22350E+03 -0.29316E-06 -0.10042E-06  0.33498E-07
  0.22380E+03 -0.28045E-06 -0.93071E-07  0.36469E-07
  0.22410E+03 -0.26707E-06 -0.85537E-07  0.39268E-07
  0.22440E+03 -0.25290E-06 -0.77846E-07  0.41882E-07
  0.22470E+03 -0.23801E-06 -0.70032E-07  0.44317E-07
  0.22500E+03 -0.22257E-06 -0.62117E-07  0.46565E-07
  0.22530E+03 -0.20656E-06 -0.54136E-07  0.48601E-07
  0.22560E+03 -0.19014E-06 -0.46117E-07  0.50446E-07
  0.22590E+03 -0.17328E-06 -0.38086E-07  0.52094E-07
  0.22620E+03 -0.15601E-06 -0.30083E-07  0.53526E-07
  0.22650E+03 -0.13848E-06 -0.22120E-07  0.54752E-07
  0.22680E+03 -0.12079E-06 -0.14228E-07  0.55766E-07
  0.22710E+03 -0.10297E-06 -0.64340E-08  0.56585E-07
  0.22740E+03 -0.85000E-07  0.12390E-08  0.57185E-07
  0.22770E+03 -0.66970E-07  0.87660E-08  0.57577E-07
  0.22800E+03 -0.49050E-07  0.16133E-07  0.57773E-07
  0.22830E+03 -0.31180E-07  0.23318E-07  0.57771E-07
  0.22860E+03 -0.13540E-07  0.30291E-07  0.57565E-07
  0.22890E+03  0.39099E-08  0.37038E-07  0.57165E-07
  0.22920E+03  0.21100E-07  0.43544E-07  0.56581E-07
  0.22950E+03  0.37930E-07  0.49793E-07  0.55815E-07
  0.22980E+03  0.54390E-07  0.55778E-07  0.54872E-07
  0.23010E+03  0.70340E-07  0.61479E-07  0.53755E-07
  0.23040E+03  0.85858E-07  0.66881E-07  0.52482E-07
  0.23070E+03  0.10083E-06  0.71971E-07  0.51052E-07
  0.23100E+03  0.11523E-06  0.76752E-07  0.49469E-07
  0.23130E+03  0.12902E-06  0.81198E-07  0.47760E-07
  0.23160E+03  0.14214E-06  0.85317E-07  0.45906E-07
  0.23190E+03  0.15458E-06  0.89092E-07  0.43929E-07
  0.23220E+03  0.16629E-06  0.92533E-07  0.41848E-07
  0.23250E+03  0.17726E-06  0.95617E-07  0.39655E-07
  0.23280E+03  0.18745E-06  0.98351E-07  0.37368E-07
  0.23310E+03  0.19683E-06  0.10072E-06  0.34987E-07
  0.23340E+03  0.20545E-06  0.10276E-06  0.32542E-07
  0.23370E+03  0.21313E-06  0.10443E-06  0.30018E-07
  0.23400E+03  0.22004E-06  0.10574E-06  0.27447E-07
  0.23430E+03  0.22609E-06  0.10670E-06  0.24818E-07
  0.23460E+03  0.23129E-06  0.10733E-06  0.22151E-07
  0.23490E+03  0.23564E-06  0.10759E-06  0.19456E-07
  0.23520E+03  0.23917E-06  0.10753E-06  0.16737E-07
  0.23550E+03  0.24178E-06  0.10712E-06  0.14010E-07
  0.23580E+03  0.24359E-06  0.10638E-06  0.11276E-07
  0.23610E+03  0.24451E-06  0.10532E-06  0.85480E-08
  0.23640E+03  0.24454E-06  0.10396E-06  0.58350E-08
  0.23670E+03  0.24392E-06  0.10228E-06  0.31350E-08
  0.23700E+03  0.24241E-06  0.10030E-06  0.47501E-09
  0.23730E+03  0.24004E-06  0.98036E-07 -0.21560E-08
  0.23760E+03  0.23700E-06  0.95495E-07 -0.47330E-08
  0.23790E+03  0.23324E-06  0.92685E-07 -0.72560E-08
  0.23820E+03  0.22870E-06  0.89625E-07 -0.97250E-08
  0.23850E+03  0.22360E-06  0.86314E-07 -0.12132E-07
  0.23880E+03  0.21774E-06  0.82786E-07 -0.14462E-07
  0.23910E+03  0.21125E-06  0.79035E-07 -0.16714E-07
  0.23940E+03  0.20415E-06  0.75083E-07 -0.18882E-07
  0.23970E+03  0.19658E-06  0.70946E-07 -0.20961E-07
  0.24000E+03  0.18843E-06  0.66630E-07 -0.22942E-07
  0.24030E+03  0.17976E-06  0.62163E-07 -0.24824E-07
  0.24060E+03  0.17072E-06  0.57548E-07 -0.26613E-07
  0.24090E+03  0.16121E-06  0.52811E-07 -0.28275E-07
  0.24120E+03  0.15132E-06  0.47965E-07 -0.29838E-07
  0.24150E+03  0.14111E-06  0.43024E-07 -0.31286E-07
  0.24180E+03  0.13057E-06  0.38010E-07 -0.32610E-07
  0.24210E+03  0.11978E-06  0.32931E-07 -0.33814E-07
  0.24240E+03  0.10877E-06  0.27814E-07 -0.34900E-07
  0.24270E+03  0.97560E-07  0.22668E-07 -0.35855E-07
  0.24300E+03  0.86206E-07  0.17512E-07 -0.36677E-07
  0.24330E+03  0.74751E-07  0.12365E-07 -0.37381E-07
  0.24360E+03  0.63226E-07  0.72400E-08 -0.37957E-07
  0.24390E+03  0.51664E-07  0.21610E-08 -0.38400E-07
  0.24420E+03  0.40140E-07 -0.28610E-08 -0.38717E-07
  0.24450E+03  0.28600E-07 -0.78060E-08 -0.38896E-07
  0.24480E+03  0.17160E-07 -0.12665E-07 -0.38950E-07
  0.24510E+03  0.58100E-08 -0.17424E-07 -0.38882E-07
  0.24540E+03 -0.53300E-08 -0.22053E-07 -0.38684E-07
  0.24570E+03 -0.16270E-07 -0.26559E-07 -0.38362E-07
  0.24600E+03 -0.27050E-07 -0.30914E-07 -0.37925E-07
  0.24630E+03 -0.37550E-07 -0.35102E-07 -0.37357E-07
  0.24660E+03 -0.47860E-07 -0.39127E-07 -0.36679E-07
  0.24690E+03 -0.57760E-07 -0.42960E-07 -0.35888E-07
  0.24720E+03 -0.67350E-07 -0.46598E-07 -0.34987E-07
  0.24750E+03 -0.76600E-07 -0.50032E-07 -0.33982E-07
  0.24780E+03 -0.85470E-07 -0.53257E-07 -0.32873E-07
  0.24810E+03 -0.93950E-07 -0.56250E-07 -0.31667E-07
  0.24840E+03 -0.10202E-06 -0.59011E-07 -0.30369E-07
  0.24870E+03 -0.10958E-06 -0.61531E-07 -0.28985E-07
  0.24900E+03 -0.11671E-06 -0.63815E-07 -0.27519E-07
  0.24930E+03 -0.12336E-06 -0.65838E-07 -0.25977E-07
  0.24960E+03 -0.12949E-06 -0.67618E-07 -0.24366E-07
  0.24990E+03 -0.13513E-06 -0.69140E-07 -0.22691E-07
  0.25020E+03 -0.14024E-06 -0.70408E-07 -0.20960E-07
  0.25050E+03 -0.14482E-06 -0.71408E-07 -0.19177E-07
  0.25080E+03 -0.14887E-06 -0.72156E-07 -0.17351E-07
  0.25110E+03 -0.15237E-06 -0.72643E-07 -0.15487E-07
  0.25140E+03 -0.15532E-06 -0.72874E-07 -0.13593E-07
  0.25170E+03 -0.15773E-06 -0.72853E-07 -0.11677E-07
  0.25200E+03 -0.15958E-06 -0.72586E-07 -0.97438E-08
  0.25230E+03 -0.16088E-06 -0.72069E-07 -0.78013E-08
  0.25260E+03 -0.16165E-06 -0.71312E-07 -0.58569E-08
  0.25290E+03 -0.16186E-06 -0.70322E-07 -0.39179E-08
  0.25320E+03 -0.16155E-06 -0.69105E-07 -0.19901E-08
  0.25350E+03 -0.16070E-06 -0.67666E-07 -0.81801E-10
  0.25380E+03 -0.15934E-06 -0.66018E-07  0.18013E-08
  0.25410E+03 -0.15747E-06 -0.64170E-07  0.36510E-08
  0.25440E+03 -0.15512E-06 -0.62127E-07  0.54632E-08
  0.25470E+03 -0.15227E-06 -0.59903E-07  0.72291E-08
  0.25500E+03 -0.14897E-06 -0.57503E-07  0.89437E-08
  0.25530E+03 -0.14522E-06 -0.54947E-07  0.10602E-07
  0.25560E+03 -0.14104E-06 -0.52237E-07  0.12197E-07
  0.25590E+03 -0.13645E-06 -0.49392E-07  0.13724E-07
  0.25620E+03 -0.13147E-06 -0.46414E-07  0.15178E-07
  0.25650E+03 -0.12612E-06 -0.43328E-07  0.16554E-07
  0.25680E+03 -0.12043E-06 -0.40137E-07  0.17849E-07
  0.25710E+03 -0.11440E-06 -0.36852E-07  0.19058E-07
  0.25740E+03 -0.10808E-06 -0.33504E-07  0.20179E-07
  0.25770E+03 -0.10149E-06 -0.30080E-07  0.21202E-07
  0.25800E+03 -0.94643E-07 -0.26590E-07  0.22145E-07
  0.25830E+03 -0.87578E-07 -0.23110E-07  0.22979E-07
  0.25860E+03 -0.80315E-07 -0.19600E-07  0.23718E-07
  0.25890E+03 -0.72880E-07 -0.16040E-07  0.24360E-07
  0.25920E+03 -0.65309E-07 -0.12430E-07  0.24902E-07
  0.25950E+03 -0.57609E-07 -0.89100E-08  0.25347E-07
  0.25980E+03 -0.49824E-07 -0.54000E-08  0.25686E-07
  0.26010E+03 -0.41981E-07 -0.18800E-08  0.25932E-07
  0.26040E+03 -0.34100E-07  0.15600E-08  0.26071E-07
  0.26070E+03 -0.26210E-07  0.49300E-08  0.26121E-07
  0.26100E+03 -0.18339E-07  0.82600E-08  0.26065E-07
  0.26130E+03 -0.10512E-07  0.11490E-07  0.25925E-07
  0.26160E+03 -0.27558E-08  0.14690E-07  0.25693E-07
  0.26190E+03  0.49049E-08  0.17750E-07  0.25372E-07
  0.26220E+03  0.12445E-07  0.20700E-07  0.24966E-07
  0.26250E+03  0.19841E-07  0.23580E-07  0.24479E-07
  0.26280E+03  0.27069E-07  0.26300E-07  0.23914E-07
  0.26310E+03  0.34108E-07  0.28860E-07  0.23274E-07
  0.26340E+03  0.40937E-07  0.31352E-07  0.22564E-07
  0.26370E+03  0.47532E-07  0.33687E-07  0.21789E-07
  0.26400E+03  0.53878E-07  0.35871E-07  0.20952E-07
  0.26430E+03  0.59955E-07  0.37916E-07  0.20056E-07
  0.26460E+03  0.65745E-07  0.39805E-07  0.19107E-07
  0.26490E+03  0.71234E-07  0.41528E-07  0.18111E-07
  0.26520E+03  0.76406E-07  0.43099E-07  0.17076E-07
  0.26550E+03  0.81247E-07  0.44501E-07  0.15999E-07
  0.26580E+03  0.85744E-07  0.45738E-07  0.14882E-07
  0.26610E+03  0.89891E-07  0.46813E-07  0.13742E-07
  0.26640E+03  0.93680E-07  0.47715E-07  0.12572E-07
  0.26670E+03  0.97091E-07  0.48449E-07  0.11377E-07
  0.26700E+03  0.10013E-06  0.49050E-07  0.10180E-07
  0.26730E+03  0.10279E-06  0.49460E-07  0.89640E-08
  0.26760E+03  0.10506E-06  0.49590E-07  0.77380E-08
  0.26790E+03  0.10695E-06  0.49660E-07  0.65020E-08
  0.26820E+03  0.10845E-06  0.49630E-07  0.52750E-08
  0.26850E+03  0.10955E-06  0.49350E-07  0.40550E-08
  0.26880E+03  0.11027E-06  0.48960E-07  0.28310E-08
  0.26910E+03  0.11060E-06  0.48320E-07  0.16260E-08
  0.26940E+03  0.11056E-06  0.47610E-07  0.43801E-09
  0.26970E+03  0.11015E-06  0.46790E-07 -0.73599E-09
  0.27000E+03  0.10936E-06  0.45710E-07 -0.18890E-08
  0.27030E+03  0.10821E-06  0.44650E-07 -0.30210E-08
  0.27060E+03  0.10672E-06  0.43290E-07 -0.41220E-08
  0.27090E+03  0.10489E-06  0.41960E-07 -0.51962E-08
  0.27120E+03  0.10273E-06  0.40380E-07 -0.62383E-08
  0.27150E+03  0.10024E-06  0.38790E-07 -0.72470E-08
  0.27180E+03  0.97463E-07  0.37010E-07 -0.82199E-08
  0.27210E+03  0.94392E-07  0.35180E-07 -0.91560E-08
  0.27240E+03  0.91043E-07  0.33310E-07 -0.10045E-07
  0.27270E+03  0.87438E-07  0.31270E-07 -0.10896E-07
  0.27300E+03  0.83590E-07  0.29260E-07 -0.11704E-07
  0.27330E+03  0.79517E-07  0.27030E-07 -0.12467E-07
  0.27360E+03  0.75236E-07  0.24920E-07 -0.13188E-07
  0.27390E+03  0.70766E-07  0.22632E-07 -0.13854E-07
  0.27420E+03  0.66121E-07  0.20338E-07 -0.14480E-07
  0.27450E+03  0.61325E-07  0.18002E-07 -0.15046E-07
  0.27480E+03  0.56405E-07  0.15650E-07 -0.15570E-07
  0.27510E+03  0.51359E-07  0.13283E-07 -0.16041E-07
  0.27540E+03  0.46217E-07  0.10900E-07 -0.16461E-07
  0.27570E+03  0.41003E-07  0.85230E-08 -0.16825E-07
  0.27600E+03  0.35723E-07  0.61520E-08 -0.17146E-07
  0.27630E+03  0.30402E-07  0.37910E-08 -0.17403E-07
  0.27660E+03  0.25065E-07  0.14590E-08 -0.17610E-07
  0.27690E+03  0.19726E-07 -0.86993E-09 -0.17771E-07
  0.27720E+03  0.14402E-07 -0.30700E-08 -0.17870E-07
  0.27750E+03  0.91150E-08 -0.53500E-08 -0.17916E-07
  0.27780E+03  0.38820E-08 -0.74800E-08 -0.17910E-07
  0.27810E+03 -0.12880E-08 -0.96400E-08 -0.17862E-07
  0.27840E+03 -0.63775E-08 -0.11610E-07 -0.17748E-07
  0.27870E+03 -0.11363E-07 -0.13620E-07 -0.17593E-07
  0.27900E+03 -0.16234E-07 -0.15540E-07 -0.17384E-07
  0.27930E+03 -0.20975E-07 -0.17320E-07 -0.17126E-07
  0.27960E+03 -0.25573E-07 -0.19070E-07 -0.16816E-07
  0.27990E+03 -0.30014E-07 -0.20690E-07 -0.16463E-07
  0.28020E+03 -0.34283E-07 -0.22190E-07 -0.16057E-07
  0.28050E+03 -0.38379E-07 -0.23650E-07 -0.15610E-07
  0.28080E+03 -0.42285E-07 -0.24960E-07 -0.15121E-07
  0.28110E+03 -0.45979E-07 -0.26230E-07 -0.14589E-07
  0.28140E+03 -0.49474E-07 -0.27360E-07 -0.14018E-07
  0.28170E+03 -0.52749E-07 -0.28300E-07 -0.13403E-07
  0.28200E+03 -0.55793E-07 -0.29270E-07 -0.12762E-07
  0.28230E+03 -0.58614E-07 -0.30060E-07 -0.12080E-07
  0.28260E+03 -0.61191E-07 -0.30740E-07 -0.11366E-07
  0.28290E+03 -0.63522E-07 -0.31240E-07 -0.10619E-07
  0.28320E+03 -0.65614E-07 -0.31695E-07 -0.98501E-08
  0.28350E+03 -0.67457E-07 -0.32024E-07 -0.90570E-08
  0.28380E+03 -0.69040E-07 -0.32241E-07 -0.82410E-08
  0.28410E+03 -0.70376E-07 -0.32340E-07 -0.73970E-08
  0.28440E+03 -0.71453E-07 -0.32335E-07 -0.65410E-08
  0.28470E+03 -0.72281E-07 -0.32215E-07 -0.56740E-08
  0.28500E+03 -0.72858E-07 -0.31991E-07 -0.47940E-08
  0.28530E+03 -0.73179E-07 -0.31664E-07 -0.39060E-08
  0.28560E+03 -0.73254E-07 -0.31232E-07 -0.30160E-08
  0.28590E+03 -0.73084E-07 -0.30713E-07 -0.21170E-08
  0.28620E+03 -0.72674E-07 -0.30088E-07 -0.12230E-08
  0.28650E+03 -0.72026E-07 -0.29376E-07 -0.33299E-09
  0.28680E+03 -0.71152E-07 -0.28576E-07  0.55201E-09
  0.28710E+03 -0.70048E-07 -0.27690E-07  0.14320E-08
  0.28740E+03 -0.68723E-07 -0.26720E-07  0.22930E-08
  0.28770E+03 -0.67196E-07 -0.25679E-07  0.31350E-08
  0.28800E+03 -0.65461E-07 -0.24564E-07  0.39590E-08
  0.28830E+03 -0.63533E-07 -0.23392E-07  0.47680E-08
  0.28860E+03 -0.61429E-07 -0.22147E-07  0.55470E-08
  0.28890E+03 -0.59135E-07 -0.20849E-07  0.63080E-08
  0.28920E+03 -0.56690E-07 -0.19496E-07  0.70350E-08
  0.28950E+03 -0.54079E-07 -0.18102E-07  0.77240E-08
  0.28980E+03 -0.51326E-07 -0.16660E-07  0.83830E-08
  0.29010E+03 -0.48448E-07 -0.15179E-07  0.90050E-08
  0.29040E+03 -0.45438E-07 -0.13671E-07  0.95931E-08
  0.29070E+03 -0.42326E-07 -0.12130E-07  0.10136E-07
  0.29100E+03 -0.39110E-07 -0.10580E-07  0.10638E-07
  0.29130E+03 -0.35811E-07 -0.90014E-08  0.11091E-07
  0.29160E+03 -0.32435E-07 -0.74156E-08  0.11506E-07
  0.29190E+03 -0.29001E-07 -0.58212E-08  0.11872E-07
  0.29220E+03 -0.25506E-07 -0.42300E-08  0.12195E-07
  0.29250E+03 -0.21982E-07 -0.26420E-08  0.12458E-07
  0.29280E+03 -0.18432E-07 -0.10590E-08  0.12688E-07
  0.29310E+03 -0.14866E-07  0.49900E-09  0.12857E-07
  0.29340E+03 -0.11306E-07  0.20500E-08  0.12979E-07
  0.29370E+03 -0.77460E-08  0.35780E-08  0.13044E-07
  0.29400E+03 -0.42100E-08  0.50660E-08  0.13076E-07
  0.29430E+03 -0.70895E-09  0.65350E-08  0.13041E-07
  0.29460E+03  0.27520E-08  0.79600E-08  0.12968E-07
  0.29490E+03  0.61520E-08  0.93510E-08  0.12846E-07
  0.29520E+03  0.94930E-08  0.10689E-07  0.12674E-07
  0.29550E+03  0.12752E-07  0.11991E-07  0.12453E-07
  0.29580E+03  0.15924E-07  0.13234E-07  0.12192E-07
  0.29610E+03  0.19007E-07  0.14412E-07  0.11892E-07
  0.29640E+03  0.21985E-07  0.15545E-07  0.11549E-07
  0.29670E+03  0.24848E-07  0.16609E-07  0.11161E-07
  0.29700E+03  0.27587E-07  0.17609E-07  0.10737E-07
  0.29730E+03  0.30197E-07  0.18549E-07  0.10285E-07
  0.29760E+03  0.32682E-07  0.19413E-07  0.97920E-08
  0.29790E+03  0.35011E-07  0.20204E-07  0.92680E-08
  0.29820E+03  0.37188E-07  0.20921E-07  0.87210E-08
  0.29850E+03  0.39217E-07  0.21563E-07  0.81480E-08
  0.29880E+03  0.41090E-07  0.22119E-07  0.75430E-08
  0.29910E+03  0.42783E-07  0.22612E-07  0.69310E-08
  0.29940E+03  0.44320E-07  0.23009E-07  0.62840E-08
  0.29970E+03  0.45679E-07  0.23335E-07  0.56370E-08
  0.30000E+03  0.46864E-07  0.23576E-07  0.49660E-08
  0.30030E+03  0.47875E-07  0.23732E-07  0.42840E-08
  0.30060E+03  0.48707E-07  0.23809E-07  0.36020E-08
  0.30090E+03  0.49358E-07  0.23769E-07  0.29102E-08
  0.30120E+03  0.49831E-07  0.23690E-07  0.22161E-08
  0.30150E+03  0.50128E-07  0.23520E-07  0.15216E-08
  0.30180E+03  0.50245E-07  0.23280E-07  0.82920E-09
  0.30210E+03  0.50185E-07  0.23030E-07  0.14180E-09
  0.30240E+03  0.49953E-07  0.22590E-07 -0.54300E-09
  0.30270E+03  0.49559E-07  0.22180E-07 -0.12070E-08
  0.30300E+03  0.48985E-07  0.21590E-07 -0.18690E-08
  0.30330E+03  0.48262E-07  0.21010E-07 -0.25230E-08
  0.30360E+03  0.47369E-07  0.20310E-07 -0.31490E-08
  0.30390E+03  0.46333E-07  0.19600E-07 -0.37720E-08
  0.30420E+03  0.45155E-07  0.18830E-07 -0.43700E-08
  0.30450E+03  0.43831E-07  0.17990E-07 -0.49500E-08
  0.30480E+03  0.42373E-07  0.17120E-07 -0.55050E-08
  0.30510E+03  0.40797E-07  0.16180E-07 -0.60320E-08
  0.30540E+03  0.39103E-07  0.15164E-07 -0.65430E-08
  0.30570E+03  0.37296E-07  0.14140E-07 -0.70220E-08
  0.30600E+03  0.35393E-07  0.13086E-07 -0.74850E-08
  0.30630E+03  0.33393E-07  0.11997E-07 -0.79110E-08
  0.30660E+03  0.31313E-07  0.10877E-07 -0.83110E-08
  0.30690E+03  0.29150E-07  0.97410E-08 -0.86800E-08
