  0.00000E+00  0.36419E-12  0.15497E-12 -0.11301E-11
  0.30000E+00  0.35072E-11  0.17166E-11 -0.93972E-11
  0.60000E+00  0.17124E-10  0.93000E-11 -0.40427E-10
  0.90000E+00  0.57176E-10  0.33606E-10 -0.12254E-09
  0.12000E+01  0.14816E-09  0.92394E-10 -0.29778E-09
  0.15000E+01  0.32011E-09  0.20789E-09 -0.62092E-09
  0.18000E+01  0.60425E-09  0.40123E-09 -0.11560E-08
  0.21000E+01  0.10292E-08  0.68650E-09 -0.19714E-08
  0.24000E+01  0.16184E-08  0.10662E-08 -0.31336E-08
  0.27000E+01  0.23899E-08  0.15291E-08 -0.47030E-08
  0.30000E+01  0.33576E-08  0.20500E-08 -0.67288E-08
  0.33000E+01  0.45342E-08  0.25934E-08 -0.92475E-08
  0.36000E+01  0.59342E-08  0.31176E-08 -0.12283E-07
  0.39000E+01  0.75762E-08  0.35783E-08 -0.15846E-07
  0.42000E+01  0.94830E-08  0.39312E-08 -0.19941E-07
  0.45000E+01  0.11680E-07  0.41325E-08 -0.24562E-07
  0.48000E+01  0.14190E-07  0.41385E-08 -0.29699E-07
  0.51000E+01  0.17030E-07  0.39055E-08 -0.35330E-07
  0.54000E+01  0.20211E-07  0.33893E-08 -0.41421E-07
  0.57000E+01  0.23734E-07  0.25462E-08 -0.47929E-07
  0.60000E+01  0.27593E-07  0.13341E-08 -0.54794E-07
  0.63000E+01  0.31774E-07 -0.28544E-09 -0.61945E-07
  0.66000E+01  0.36252E-07 -0.23470E-08 -0.69300E-07
  0.69000E+01  0.40995E-07 -0.48802E-08 -0.76761E-07
  0.72000E+01  0.45961E-07 -0.79080E-08 -0.84217E-07
  0.75000E+01  0.51097E-07 -0.11446E-07 -0.91543E-07
  0.78000E+01  0.56342E-07 -0.15500E-07 -0.98605E-07
  0.81000E+01  0.61627E-07 -0.20064E-07 -0.10526E-06
  0.84000E+01  0.66878E-07 -0.25118E-07 -0.11136E-06
  0.87000E+01  0.72022E-07 -0.30625E-07 -0.11676E-06
  0.90000E+01  0.76985E-07 -0.36532E-07 -0.12133E-06
  0.93000E+01  0.81694E-07 -0.42768E-07 -0.12491E-06
  0.96000E+01  0.86080E-07 -0.49248E-07 -0.12739E-06
  0.99000E+01  0.90070E-07 -0.55873E-07 -0.12864E-06
  0.10200E+02  0.93592E-07 -0.62543E-07 -0.12856E-06
  0.10500E+02  0.96564E-07 -0.69154E-07 -0.12707E-06
  0.10800E+02  0.98901E-07 -0.75604E-07 -0.12409E-06
  0.11100E+02  0.10051E-06 -0.81794E-07 -0.11956E-06
  0.11400E+02  0.10130E-06 -0.87629E-07 -0.11345E-06
  0.11700E+02  0.10117E-06 -0.93016E-07 -0.10572E-06
  0.12000E+02  0.10003E-06 -0.97866E-07 -0.96367E-07
  0.12300E+02  0.97794E-07 -0.10209E-06 -0.85395E-07
  0.12600E+02  0.94399E-07 -0.10560E-06 -0.72817E-07
  0.12900E+02  0.89784E-07 -0.10831E-06 -0.58665E-07
  0.13200E+02  0.83909E-07 -0.11014E-06 -0.42987E-07
  0.13500E+02  0.76752E-07 -0.11102E-06 -0.25852E-07
  0.13800E+02  0.68309E-07 -0.11087E-06 -0.73533E-08
  0.14100E+02  0.58593E-07 -0.10964E-06  0.12392E-07
  0.14400E+02  0.47634E-07 -0.10729E-06  0.33243E-07
  0.14700E+02  0.35480E-07 -0.10377E-06  0.55031E-07
  0.15000E+02  0.22191E-07 -0.99067E-07  0.77568E-07
  0.15300E+02  0.78367E-08 -0.93155E-07  0.10065E-06
  0.15600E+02 -0.75033E-08 -0.86032E-07  0.12406E-06
  0.15900E+02 -0.23745E-07 -0.77701E-07  0.14757E-06
  0.16200E+02 -0.40801E-07 -0.68181E-07  0.17095E-06
  0.16500E+02 -0.58575E-07 -0.57502E-07  0.19398E-06
  0.16800E+02 -0.76969E-07 -0.45708E-07  0.21644E-06
  0.17100E+02 -0.95872E-07 -0.32855E-07  0.23811E-06
  0.17400E+02 -0.11516E-06 -0.19011E-07  0.25879E-06
  0.17700E+02 -0.13470E-06 -0.42553E-08  0.27827E-06
  0.18000E+02 -0.15434E-06  0.11328E-07  0.29637E-06
  0.18300E+02 -0.17391E-06  0.27649E-07  0.31289E-06
  0.18600E+02 -0.19321E-06  0.44612E-07  0.32766E-06
  0.18900E+02 -0.21207E-06  0.62112E-07  0.34052E-06
  0.19200E+02 -0.23027E-06  0.80034E-07  0.35132E-06
  0.19500E+02 -0.24763E-06  0.98247E-07  0.35990E-06
  0.19800E+02 -0.26394E-06  0.11660E-06  0.36614E-06
  0.20100E+02 -0.27905E-06  0.13495E-06  0.36993E-06
  0.20400E+02 -0.29277E-06  0.15311E-06  0.37117E-06
  0.20700E+02 -0.30496E-06  0.17091E-06  0.36977E-06
  0.21000E+02 -0.31549E-06  0.18818E-06  0.36567E-06
  0.21300E+02 -0.32423E-06  0.20472E-06  0.35883E-06
  0.21600E+02 -0.33107E-06  0.22039E-06  0.34925E-06
  0.21900E+02 -0.33590E-06  0.23501E-06  0.33693E-06
  0.22200E+02 -0.33864E-06  0.24843E-06  0.32192E-06
  0.22500E+02 -0.33920E-06  0.26051E-06  0.30428E-06
  0.22800E+02 -0.33753E-06  0.27112E-06  0.28411E-06
  0.23100E+02 -0.33357E-06  0.28013E-06  0.26154E-06
  0.23400E+02 -0.32729E-06  0.28745E-06  0.23670E-06
  0.23700E+02 -0.31868E-06  0.29296E-06  0.20974E-06
  0.24000E+02 -0.30774E-06  0.29658E-06  0.18086E-06
  0.24300E+02 -0.29450E-06  0.29823E-06  0.15024E-06
  0.24600E+02 -0.27901E-06  0.29785E-06  0.11810E-06
  0.24900E+02 -0.26134E-06  0.29539E-06  0.84667E-07
  0.25200E+02 -0.24159E-06  0.29085E-06  0.50195E-07
  0.25500E+02 -0.21988E-06  0.28422E-06  0.14935E-07
  0.25800E+02 -0.19631E-06  0.27552E-06 -0.20853E-07
  0.26100E+02 -0.17105E-06  0.26480E-06 -0.56908E-07
  0.26400E+02 -0.14423E-06  0.25211E-06 -0.92973E-07
  0.26700E+02 -0.11604E-06  0.23753E-06 -0.12879E-06
  0.27000E+02 -0.86635E-07  0.22115E-06 -0.16410E-06
  0.27300E+02 -0.56214E-07  0.20308E-06 -0.19864E-06
  0.27600E+02 -0.24972E-07  0.18343E-06 -0.23216E-06
  0.27900E+02  0.68800E-08  0.16233E-06 -0.26440E-06
  0.28200E+02  0.39126E-07  0.13992E-06 -0.29512E-06
  0.28500E+02  0.71541E-07  0.11634E-06 -0.32408E-06
  0.28800E+02  0.10390E-06  0.91747E-07 -0.35106E-06
  0.29100E+02  0.13597E-06  0.66286E-07 -0.37588E-06
  0.29400E+02  0.16753E-06  0.40131E-07 -0.39836E-06
  0.29700E+02  0.19838E-06  0.13473E-07 -0.41838E-06
  0.30000E+02  0.22834E-06 -0.13463E-07 -0.43588E-06
  0.30300E+02  0.25727E-06 -0.40423E-07 -0.45084E-06
  0.30600E+02  0.28503E-06 -0.67162E-07 -0.46313E-06
  0.30900E+02  0.31137E-06 -0.93555E-07 -0.47240E-06
  0.31200E+02  0.33584E-06 -0.11972E-06 -0.47790E-06
  0.31500E+02  0.35772E-06 -0.14607E-06 -0.47868E-06
  0.31800E+02  0.37604E-06 -0.17329E-06 -0.47373E-06
  0.32100E+02  0.38969E-06 -0.20223E-06 -0.46217E-06
  0.32400E+02  0.39766E-06 -0.23364E-06 -0.44378E-06
  0.32700E+02  0.39948E-06 -0.26773E-06 -0.41940E-06
  0.33000E+02  0.39546E-06 -0.30389E-06 -0.39080E-06
  0.33300E+02  0.38666E-06 -0.34075E-06 -0.36012E-06
  0.33600E+02  0.37463E-06 -0.37648E-06 -0.32937E-06
  0.33900E+02  0.36100E-06 -0.40921E-06 -0.30008E-06
  0.34200E+02  0.34705E-06 -0.43743E-06 -0.27304E-06
  0.34500E+02  0.33352E-06 -0.46023E-06 -0.24844E-06
  0.34800E+02  0.32071E-06 -0.47724E-06 -0.22635E-06
  0.35100E+02  0.30875E-06 -0.48830E-06 -0.20698E-06
  0.35400E+02  0.29777E-06 -0.49330E-06 -0.19063E-06
  0.35700E+02  0.28807E-06 -0.49202E-06 -0.17760E-06
  0.36000E+02  0.28014E-06 -0.48414E-06 -0.16834E-06
  0.36300E+02  0.27456E-06 -0.46925E-06 -0.16331E-06
  0.36600E+02  0.27197E-06 -0.44694E-06 -0.16278E-06
  0.36900E+02  0.27291E-06 -0.41696E-06 -0.16671E-06
  0.37200E+02  0.27781E-06 -0.37915E-06 -0.17486E-06
  0.37500E+02  0.28707E-06 -0.33347E-06 -0.18691E-06
  0.37800E+02  0.30104E-06 -0.27993E-06 -0.20221E-06
  0.38100E+02  0.31991E-06 -0.21872E-06 -0.21975E-06
  0.38400E+02  0.34373E-06 -0.15020E-06 -0.23837E-06
  0.38700E+02  0.37239E-06 -0.74936E-07 -0.25690E-06
  0.39000E+02  0.40559E-06  0.63177E-08 -0.27407E-06
  0.39300E+02  0.44270E-06  0.92437E-07 -0.28836E-06
  0.39600E+02  0.48269E-06  0.18189E-06 -0.29812E-06
  0.39900E+02  0.52416E-06  0.27280E-06 -0.30185E-06
  0.40200E+02  0.56538E-06  0.36303E-06 -0.29810E-06
  0.40500E+02  0.60429E-06  0.45015E-06 -0.28541E-06
  0.40800E+02  0.63858E-06  0.53159E-06 -0.26254E-06
  0.41100E+02  0.66589E-06  0.60473E-06 -0.22860E-06
  0.41400E+02  0.68386E-06  0.66699E-06 -0.18306E-06
  0.41700E+02  0.69025E-06  0.71594E-06 -0.12572E-06
  0.42000E+02  0.68311E-06  0.74945E-06 -0.56929E-07
  0.42300E+02  0.66090E-06  0.76585E-06  0.22340E-07
  0.42600E+02  0.62262E-06  0.76403E-06  0.11071E-06
  0.42900E+02  0.56782E-06  0.74345E-06  0.20644E-06
  0.43200E+02  0.49667E-06  0.70420E-06  0.30749E-06
  0.43500E+02  0.40998E-06  0.64704E-06  0.41174E-06
  0.43800E+02  0.30906E-06  0.57321E-06  0.51721E-06
  0.44100E+02  0.19550E-06  0.48431E-06  0.62197E-06
  0.44400E+02  0.71110E-07  0.38215E-06  0.72428E-06
  0.44700E+02 -0.62321E-07  0.26856E-06  0.82264E-06
  0.45000E+02 -0.20308E-06  0.14535E-06  0.91585E-06
  0.45300E+02 -0.34960E-06  0.14122E-07  0.10029E-05
  0.45600E+02 -0.50056E-06 -0.12372E-06  0.10832E-05
  0.45900E+02 -0.65482E-06 -0.26695E-06  0.11561E-05
  0.46200E+02 -0.81135E-06 -0.41446E-06  0.12210E-05
  0.46500E+02 -0.96919E-06 -0.56513E-06  0.12772E-05
  0.46800E+02 -0.11273E-05 -0.71776E-06  0.13237E-05
  0.47100E+02 -0.12844E-05 -0.87100E-06  0.13594E-05
  0.47400E+02 -0.14391E-05 -0.10232E-05  0.13829E-05
  0.47700E+02 -0.15893E-05 -0.11722E-05  0.13926E-05
  0.48000E+02 -0.17327E-05 -0.13156E-05  0.13869E-05
  0.48300E+02 -0.18664E-05 -0.14502E-05  0.13644E-05
  0.48600E+02 -0.19872E-05 -0.15724E-05  0.13239E-05
  0.48900E+02 -0.20913E-05 -0.16784E-05  0.12647E-05
  0.49200E+02 -0.21751E-05 -0.17642E-05  0.11866E-05
  0.49500E+02 -0.22354E-05 -0.18260E-05  0.10900E-05
  0.49800E+02 -0.22695E-05 -0.18608E-05  0.97580E-06
  0.50100E+02 -0.22753E-05 -0.18661E-05  0.84553E-06
  0.50400E+02 -0.22521E-05 -0.18404E-05  0.70119E-06
  0.50700E+02 -0.22001E-05 -0.17830E-05  0.54517E-06
  0.51000E+02 -0.21204E-05 -0.16942E-05  0.38010E-06
  0.51300E+02 -0.20146E-05 -0.15744E-05  0.20873E-06
  0.51600E+02 -0.18847E-05 -0.14248E-05  0.33889E-07
  0.51900E+02 -0.17327E-05 -0.12469E-05 -0.14164E-06
  0.52200E+02 -0.15610E-05 -0.10423E-05 -0.31519E-06
  0.52500E+02 -0.13715E-05 -0.81289E-06 -0.48416E-06
  0.52800E+02 -0.11660E-05 -0.56067E-06 -0.64596E-06
  0.53100E+02 -0.94610E-06 -0.28781E-06 -0.79817E-06
  0.53400E+02 -0.71353E-06  0.32747E-08 -0.93863E-06
  0.53700E+02 -0.47009E-06  0.30942E-06 -0.10658E-05
  0.54000E+02 -0.21796E-06  0.62620E-06 -0.11789E-05
  0.54300E+02  0.40363E-07  0.94783E-06 -0.12783E-05
  0.54600E+02  0.30253E-06  0.12677E-05 -0.13650E-05
  0.54900E+02  0.56690E-06  0.15791E-05 -0.14407E-05
  0.55200E+02  0.83251E-06  0.18754E-05 -0.15076E-05
  0.55500E+02  0.10986E-05  0.21494E-05 -0.15678E-05
  0.55800E+02  0.13643E-05  0.23947E-05 -0.16226E-05
  0.56100E+02  0.16288E-05  0.26066E-05 -0.16722E-05
  0.56400E+02  0.18909E-05  0.27824E-05 -0.17150E-05
  0.56700E+02  0.21488E-05  0.29207E-05 -0.17470E-05
  0.57000E+02  0.23991E-05  0.30204E-05 -0.17634E-05
  0.57300E+02  0.26377E-05  0.30803E-05 -0.17600E-05
  0.57600E+02  0.28602E-05  0.30995E-05 -0.17353E-05
  0.57900E+02  0.30633E-05  0.30777E-05 -0.16902E-05
  0.58200E+02  0.32448E-05  0.30157E-05 -0.16277E-05
  0.58500E+02  0.34025E-05  0.29146E-05 -0.15507E-05
  0.58800E+02  0.35336E-05  0.27750E-05 -0.14609E-05
  0.59100E+02  0.36351E-05  0.25972E-05 -0.13589E-05
  0.59400E+02  0.37046E-05  0.23825E-05 -0.12445E-05
  0.59700E+02  0.37419E-05  0.21333E-05 -0.11185E-05
  0.60000E+02  0.37488E-05  0.18534E-05 -0.98237E-06
  0.60300E+02  0.37268E-05  0.15472E-05 -0.83864E-06
  0.60600E+02  0.36768E-05  0.12191E-05 -0.69071E-06
  0.60900E+02  0.35983E-05  0.87354E-06 -0.54223E-06
  0.61200E+02  0.34906E-05  0.51613E-06 -0.39614E-06
  0.61500E+02  0.33528E-05  0.15336E-06 -0.25397E-06
  0.61800E+02  0.31841E-05 -0.20755E-06 -0.11592E-06
  0.62100E+02  0.29839E-05 -0.55879E-06  0.18304E-07
  0.62400E+02  0.27526E-05 -0.89217E-06  0.14876E-06
  0.62700E+02  0.24901E-05 -0.11997E-05  0.27486E-06
  0.63000E+02  0.21957E-05 -0.14742E-05  0.39524E-06
  0.63300E+02  0.18684E-05 -0.17093E-05  0.50803E-06
  0.63600E+02  0.15076E-05 -0.18990E-05  0.61148E-06
  0.63900E+02  0.11134E-05 -0.20382E-05  0.70426E-06
  0.64200E+02  0.68650E-06 -0.21230E-05  0.78517E-06
  0.64500E+02  0.22850E-06 -0.21509E-05  0.85272E-06
  0.64800E+02 -0.25740E-06 -0.21208E-05  0.90527E-06
  0.65100E+02 -0.76690E-06 -0.20341E-05  0.94156E-06
  0.65400E+02 -0.12953E-05 -0.18941E-05  0.96103E-06
  0.65700E+02 -0.18374E-05 -0.17065E-05  0.96393E-06
  0.66000E+02 -0.23881E-05 -0.14784E-05  0.95135E-06
  0.66300E+02 -0.29419E-05 -0.12191E-05  0.92481E-06
  0.66600E+02 -0.34929E-05 -0.93928E-06  0.88591E-06
  0.66900E+02 -0.40344E-05 -0.65033E-06  0.83659E-06
  0.67200E+02 -0.45590E-05 -0.36366E-06  0.77975E-06
  0.67500E+02 -0.50593E-05 -0.90767E-07  0.71945E-06
  0.67800E+02 -0.55274E-05  0.15735E-06  0.66072E-06
  0.68100E+02 -0.59556E-05  0.37080E-06  0.60919E-06
  0.68400E+02 -0.63370E-05  0.54120E-06  0.57063E-06
  0.68700E+02 -0.66653E-05  0.66254E-06  0.55052E-06
  0.69000E+02 -0.69349E-05  0.73190E-06  0.55416E-06
  0.69300E+02 -0.71401E-05  0.74919E-06  0.58671E-06
  0.69600E+02 -0.72760E-05  0.71711E-06  0.65268E-06
  0.69900E+02 -0.73375E-05  0.64131E-06  0.75513E-06
  0.70200E+02 -0.73199E-05  0.52992E-06  0.89504E-06
  0.70500E+02 -0.72180E-05  0.39259E-06  0.10707E-05
  0.70800E+02 -0.70267E-05  0.23994E-06  0.12777E-05
  0.71100E+02 -0.67407E-05  0.82545E-07  0.15091E-05
  0.71400E+02 -0.63564E-05 -0.70307E-07  0.17558E-05
  0.71700E+02 -0.58721E-05 -0.21167E-06  0.20062E-05
  0.72000E+02 -0.52885E-05 -0.33777E-06  0.22473E-05
  0.72300E+02 -0.46089E-05 -0.44843E-06  0.24644E-05
  0.72600E+02 -0.38397E-05 -0.54681E-06  0.26431E-05
  0.72900E+02 -0.29902E-05 -0.63890E-06  0.27709E-05
  0.73200E+02 -0.20727E-05 -0.73318E-06  0.28390E-05
  0.73500E+02 -0.11016E-05 -0.83945E-06  0.28429E-05
  0.73800E+02 -0.93449E-07 -0.96691E-06  0.27831E-05
  0.74100E+02  0.93462E-06 -0.11223E-05  0.26640E-05
  0.74400E+02  0.19660E-05 -0.13083E-05  0.24932E-05
  0.74700E+02  0.29860E-05 -0.15223E-05  0.22813E-05
  0.75000E+02  0.39821E-05 -0.17569E-05  0.20396E-05
  0.75300E+02  0.49441E-05 -0.19996E-05  0.17792E-05
  0.75600E+02  0.58631E-05 -0.22344E-05  0.15088E-05
  0.75900E+02  0.67316E-05 -0.24441E-05  0.12327E-05
  0.76200E+02  0.75429E-05 -0.26120E-05  0.95075E-06
  0.76500E+02  0.82897E-05 -0.27244E-05  0.65892E-06
  0.76800E+02  0.89634E-05 -0.27722E-05  0.35075E-06
  0.77100E+02  0.95542E-05 -0.27526E-05  0.19251E-07
  0.77400E+02  0.10051E-04 -0.26691E-05 -0.34135E-06
  0.77700E+02  0.10441E-04 -0.25308E-05 -0.73400E-06
  0.78000E+02  0.10715E-04 -0.23501E-05 -0.11572E-05
  0.78300E+02  0.10863E-04 -0.21401E-05 -0.16039E-05
  0.78600E+02  0.10882E-04 -0.19131E-05 -0.20623E-05
  0.78900E+02  0.10768E-04 -0.16783E-05 -0.25175E-05
  0.79200E+02  0.10526E-04 -0.14412E-05 -0.29545E-05
  0.79500E+02  0.10162E-04 -0.12033E-05 -0.33610E-05
  0.79800E+02  0.96828E-05 -0.96289E-06 -0.37283E-05
  0.80100E+02  0.90992E-05 -0.71709E-06 -0.40516E-05
  0.80400E+02  0.84188E-05 -0.46369E-06 -0.43290E-05
  0.80700E+02  0.76474E-05 -0.20293E-06 -0.45614E-05
  0.81000E+02  0.67889E-05  0.62081E-07 -0.47506E-05
  0.81300E+02  0.58468E-05  0.32620E-06 -0.48970E-05
  0.81600E+02  0.48252E-05  0.58352E-06 -0.49978E-05
  0.81900E+02  0.37305E-05  0.82840E-06 -0.50461E-05
  0.82200E+02  0.25725E-05  0.10566E-05 -0.50340E-05
  0.82500E+02  0.13655E-05  0.12670E-05 -0.49549E-05
  0.82800E+02  0.12817E-06  0.14615E-05 -0.48049E-05
  0.83100E+02 -0.11188E-05  0.16443E-05 -0.45833E-05
  0.83400E+02 -0.23552E-05  0.18191E-05 -0.42930E-05
  0.83700E+02 -0.35634E-05  0.19884E-05 -0.39419E-05
  0.84000E+02 -0.47294E-05  0.21529E-05 -0.35404E-05
  0.84300E+02 -0.58427E-05  0.23118E-05 -0.30981E-05
  0.84600E+02 -0.68959E-05  0.24628E-05 -0.26215E-05
  0.84900E+02 -0.78830E-05  0.26034E-05 -0.21145E-05
  0.85200E+02 -0.87973E-05  0.27327E-05 -0.15794E-05
  0.85500E+02 -0.96291E-05  0.28520E-05 -0.10177E-05
  0.85800E+02 -0.10366E-04  0.29642E-05 -0.43193E-06
  0.86100E+02 -0.10996E-04  0.30722E-05  0.17179E-06
  0.86400E+02 -0.11503E-04  0.31774E-05  0.78315E-06
  0.86700E+02 -0.11878E-04  0.32786E-05  0.13891E-05
  0.87000E+02 -0.12114E-04  0.33707E-05  0.19756E-05
  0.87300E+02 -0.12208E-04  0.34463E-05  0.25303E-05
  0.87600E+02 -0.12163E-04  0.34973E-05  0.30442E-05
  0.87900E+02 -0.11982E-04  0.35168E-05  0.35126E-05
  0.88200E+02 -0.11671E-04  0.35015E-05  0.39341E-05
  0.88500E+02 -0.11237E-04  0.34525E-05  0.43084E-05
  0.88800E+02 -0.10687E-04  0.33740E-05  0.46341E-05
  0.89100E+02 -0.10026E-04  0.32720E-05  0.49072E-05
  0.89400E+02 -0.92639E-05  0.31515E-05  0.51215E-05
  0.89700E+02 -0.84112E-05  0.30146E-05  0.52696E-05
  0.90000E+02 -0.74804E-05  0.28600E-05  0.53454E-05
  0.90300E+02 -0.64852E-05  0.26839E-05  0.53460E-05
  0.90600E+02 -0.54386E-05  0.24817E-05  0.52731E-05
  0.90900E+02 -0.43522E-05  0.22502E-05  0.51312E-05
  0.91200E+02 -0.32356E-05  0.19893E-05  0.49265E-05
  0.91500E+02 -0.20973E-05  0.17017E-05  0.46639E-05
  0.91800E+02 -0.94641E-06  0.13923E-05  0.43463E-05
  0.92100E+02  0.20587E-06  0.10667E-05  0.39742E-05
  0.92400E+02  0.13452E-05  0.72943E-06  0.35481E-05
  0.92700E+02  0.24549E-05  0.38383E-06  0.30704E-05
  0.93000E+02  0.35174E-05  0.32201E-07  0.25476E-05
  0.93300E+02  0.45170E-05 -0.32301E-06  0.19897E-05
  0.93600E+02  0.54416E-05 -0.67839E-06  0.14096E-05
  0.93900E+02  0.62840E-05 -0.10294E-05  0.81975E-06
  0.94200E+02  0.70404E-05 -0.13713E-05  0.23025E-06
  0.94500E+02  0.77090E-05 -0.17002E-05 -0.35203E-06
  0.94800E+02  0.82881E-05 -0.20145E-05 -0.92264E-06
  0.95100E+02  0.87744E-05 -0.23145E-05 -0.14775E-05
  0.95400E+02  0.91633E-05 -0.26012E-05 -0.20107E-05
  0.95700E+02  0.94507E-05 -0.28750E-05 -0.25139E-05
  0.96000E+02  0.96336E-05 -0.31334E-05 -0.29773E-05
  0.96300E+02  0.97120E-05 -0.33717E-05 -0.33918E-05
  0.96600E+02  0.96886E-05 -0.35834E-05 -0.37511E-05
  0.96900E+02  0.95673E-05 -0.37630E-05 -0.40529E-05
  0.97200E+02  0.93530E-05 -0.39077E-05 -0.42980E-05
  0.97500E+02  0.90499E-05 -0.40179E-05 -0.44881E-05
  0.97800E+02  0.86627E-05 -0.40973E-05 -0.46233E-05
  0.98100E+02  0.81965E-05 -0.41496E-05 -0.47018E-05
  0.98400E+02  0.76582E-05 -0.41777E-05 -0.47199E-05
  0.98700E+02  0.70560E-05 -0.41816E-05 -0.46748E-05
  0.99000E+02  0.63991E-05 -0.41590E-05 -0.45660E-05
  0.99300E+02  0.56961E-05 -0.41071E-05 -0.43967E-05
  0.99600E+02  0.49543E-05 -0.40238E-05 -0.41725E-05
  0.99900E+02  0.41799E-05 -0.39097E-05 -0.38992E-05
  0.10020E+03  0.33793E-05 -0.37672E-05 -0.35813E-05
  0.10050E+03  0.25603E-05 -0.35997E-05 -0.32212E-05
  0.10080E+03  0.17338E-05 -0.34102E-05 -0.28204E-05
  0.10110E+03  0.91312E-06 -0.32005E-05 -0.23816E-05
  0.10140E+03  0.11212E-06 -0.29713E-05 -0.19106E-05
  0.10170E+03 -0.65701E-06 -0.27235E-05 -0.14161E-05
  0.10200E+03 -0.13855E-05 -0.24587E-05 -0.90791E-06
  0.10230E+03 -0.20679E-05 -0.21789E-05 -0.39500E-06
  0.10260E+03 -0.27012E-05 -0.18866E-05  0.11639E-06
  0.10290E+03 -0.32825E-05 -0.15835E-05  0.62243E-06
  0.10320E+03 -0.38080E-05 -0.12707E-05  0.11201E-05
  0.10350E+03 -0.42724E-05 -0.94946E-06  0.16051E-05
  0.10380E+03 -0.46705E-05 -0.62228E-06  0.20712E-05
  0.10410E+03 -0.49980E-05 -0.29353E-06  0.25110E-05
  0.10440E+03 -0.52531E-05  0.30963E-07  0.29177E-05
  0.10470E+03 -0.54359E-05  0.34554E-06  0.32869E-05
  0.10500E+03 -0.55483E-05  0.64656E-06  0.36169E-05
  0.10530E+03 -0.55924E-05  0.93341E-06  0.39071E-05
  0.10560E+03 -0.55707E-05  0.12079E-05  0.41560E-05
  0.10590E+03 -0.54857E-05  0.14724E-05  0.43605E-05
  0.10620E+03 -0.53410E-05  0.17278E-05  0.45160E-05
  0.10650E+03 -0.51408E-05  0.19727E-05  0.46185E-05
  0.10680E+03 -0.48897E-05  0.22037E-05  0.46665E-05
  0.10710E+03 -0.45923E-05  0.24173E-05  0.46612E-05
  0.10740E+03 -0.42527E-05  0.26110E-05  0.46057E-05
  0.10770E+03 -0.38753E-05  0.27845E-05  0.45025E-05
  0.10800E+03 -0.34658E-05  0.29386E-05  0.43529E-05
  0.10830E+03 -0.30315E-05  0.30740E-05  0.41566E-05
  0.10860E+03 -0.25814E-05  0.31902E-05  0.39143E-05
  0.10890E+03 -0.21247E-05  0.32860E-05  0.36287E-05
  0.10920E+03 -0.16690E-05  0.33593E-05  0.33046E-05
  0.10950E+03 -0.12197E-05  0.34088E-05  0.29480E-05
  0.10980E+03 -0.78008E-06  0.34341E-05  0.25642E-05
  0.11010E+03 -0.35319E-06  0.34348E-05  0.21563E-05
  0.11040E+03  0.57036E-07  0.34111E-05  0.17266E-05
  0.11070E+03  0.44524E-06  0.33626E-05  0.12776E-05
  0.11100E+03  0.80560E-06  0.32893E-05  0.81399E-06
  0.11130E+03  0.11333E-05  0.31922E-05  0.34189E-06
  0.11160E+03  0.14258E-05  0.30726E-05 -0.13207E-06
  0.11190E+03  0.16825E-05  0.29325E-05 -0.60261E-06
  0.11220E+03  0.19036E-05  0.27729E-05 -0.10662E-05
  0.11250E+03  0.20890E-05  0.25940E-05 -0.15202E-05
  0.11280E+03  0.22375E-05  0.23958E-05 -0.19606E-05
  0.11310E+03  0.23472E-05  0.21793E-05 -0.23821E-05
  0.11340E+03  0.24171E-05  0.19471E-05 -0.27780E-05
  0.11370E+03  0.24469E-05  0.17034E-05 -0.31426E-05
  0.11400E+03  0.24376E-05  0.14523E-05 -0.34720E-05
  0.11430E+03  0.23911E-05  0.11965E-05 -0.37642E-05
  0.11460E+03  0.23091E-05  0.93736E-06 -0.40179E-05
  0.11490E+03  0.21938E-05  0.67560E-06 -0.42306E-05
  0.11520E+03  0.20478E-05  0.41270E-06 -0.43990E-05
  0.11550E+03  0.18746E-05  0.15167E-06 -0.45201E-05
  0.11580E+03  0.16786E-05 -0.10343E-06 -0.45928E-05
  0.11610E+03  0.14640E-05 -0.34895E-06 -0.46183E-05
  0.11640E+03  0.12355E-05 -0.58279E-06 -0.45988E-05
  0.11670E+03  0.99746E-06 -0.80436E-06 -0.45365E-05
  0.11700E+03  0.75448E-06 -0.10135E-05 -0.44319E-05
  0.11730E+03  0.51141E-06 -0.12094E-05 -0.42855E-05
  0.11760E+03  0.27286E-06 -0.13900E-05 -0.40987E-05
  0.11790E+03  0.42639E-07 -0.15530E-05 -0.38746E-05
  0.11820E+03 -0.17654E-06 -0.16970E-05 -0.36172E-05
  0.11850E+03 -0.38273E-06 -0.18218E-05 -0.33303E-05
  0.11880E+03 -0.57410E-06 -0.19281E-05 -0.30165E-05
  0.11910E+03 -0.74850E-06 -0.20159E-05 -0.26775E-05
  0.11940E+03 -0.90366E-06 -0.20849E-05 -0.23159E-05
  0.11970E+03 -0.10377E-05 -0.21340E-05 -0.19359E-05
  0.12000E+03 -0.11496E-05 -0.21630E-05 -0.15426E-05
  0.12030E+03 -0.12393E-05 -0.21728E-05 -0.11411E-05
  0.12060E+03 -0.13072E-05 -0.21646E-05 -0.73541E-06
  0.12090E+03 -0.13535E-05 -0.21393E-05 -0.32858E-06
  0.12120E+03 -0.13787E-05 -0.20970E-05  0.75962E-07
  0.12150E+03 -0.13833E-05 -0.20379E-05  0.47365E-06
  0.12180E+03 -0.13688E-05 -0.19628E-05  0.85922E-06
  0.12210E+03 -0.13375E-05 -0.18733E-05  0.12280E-05
  0.12240E+03 -0.12915E-05 -0.17715E-05  0.15768E-05
  0.12270E+03 -0.12325E-05 -0.16589E-05  0.19036E-05
  0.12300E+03 -0.11615E-05 -0.15365E-05  0.22064E-05
  0.12330E+03 -0.10790E-05 -0.14052E-05  0.24826E-05
  0.12360E+03 -0.98613E-06 -0.12663E-05  0.27291E-05
  0.12390E+03 -0.88458E-06 -0.11217E-05  0.29436E-05
  0.12420E+03 -0.77617E-06 -0.97338E-06  0.31254E-05
  0.12450E+03 -0.66245E-06 -0.82272E-06  0.32743E-05
  0.12480E+03 -0.54461E-06 -0.67072E-06  0.33901E-05
  0.12510E+03 -0.42395E-06 -0.51843E-06  0.34716E-05
  0.12540E+03 -0.30219E-06 -0.36743E-06  0.35177E-05
  0.12570E+03 -0.18138E-06 -0.21964E-06  0.35283E-05
  0.12600E+03 -0.63327E-07 -0.76752E-07  0.35048E-05
  0.12630E+03  0.50752E-07  0.60182E-07  0.34490E-05
  0.12660E+03  0.15999E-06  0.19066E-06  0.33625E-05
  0.12690E+03  0.26340E-06  0.31418E-06  0.32463E-05
  0.12720E+03  0.35961E-06  0.42990E-06  0.31019E-05
  0.12750E+03  0.44720E-06  0.53687E-06  0.29318E-05
  0.12780E+03  0.52516E-06  0.63445E-06  0.27393E-05
  0.12810E+03  0.59305E-06  0.72244E-06  0.25279E-05
  0.12840E+03  0.65071E-06  0.80072E-06  0.23003E-05
  0.12870E+03  0.69781E-06  0.86875E-06  0.20590E-05
  0.12900E+03  0.73388E-06  0.92561E-06  0.18070E-05
  0.12930E+03  0.75877E-06  0.97042E-06  0.15479E-05
  0.12960E+03  0.77290E-06  0.10027E-05  0.12858E-05
  0.12990E+03  0.77718E-06  0.10225E-05  0.10237E-05
  0.13020E+03  0.77247E-06  0.10297E-05  0.76383E-06
  0.13050E+03  0.75942E-06  0.10244E-05  0.50842E-06
  0.13080E+03  0.73874E-06  0.10068E-05  0.26007E-06
  0.13110E+03  0.71156E-06  0.97783E-06  0.21588E-07
  0.13140E+03  0.67941E-06  0.93866E-06 -0.20480E-06
  0.13170E+03  0.64389E-06  0.89063E-06 -0.41775E-06
  0.13200E+03  0.60637E-06  0.83472E-06 -0.61625E-06
  0.13230E+03  0.56805E-06  0.77174E-06 -0.79904E-06
  0.13260E+03  0.53025E-06  0.70259E-06 -0.96465E-06
  0.13290E+03  0.49443E-06  0.62835E-06 -0.11120E-05
  0.13320E+03  0.46188E-06  0.54997E-06 -0.12410E-05
  0.13350E+03  0.43345E-06  0.46803E-06 -0.13519E-05
  0.13380E+03  0.40958E-06  0.38287E-06 -0.14445E-05
  0.13410E+03  0.39057E-06  0.29495E-06 -0.15188E-05
  0.13440E+03  0.37671E-06  0.20492E-06 -0.15749E-05
  0.13470E+03  0.36808E-06  0.11346E-06 -0.16139E-05
  0.13500E+03  0.36445E-06  0.21081E-07 -0.16369E-05
  0.13530E+03  0.36536E-06 -0.71779E-07 -0.16449E-05
  0.13560E+03  0.37038E-06 -0.16441E-06 -0.16387E-05
  0.13590E+03  0.37922E-06 -0.25576E-06 -0.16191E-05
  0.13620E+03  0.39154E-06 -0.34462E-06 -0.15875E-05
  0.13650E+03  0.40678E-06 -0.42986E-06 -0.15452E-05
  0.13680E+03  0.42428E-06 -0.51035E-06 -0.14935E-05
  0.13710E+03  0.44347E-06 -0.58484E-06 -0.14334E-05
  0.13740E+03  0.46377E-06 -0.65201E-06 -0.13663E-05
  0.13770E+03  0.48445E-06 -0.71070E-06 -0.12938E-05
  0.13800E+03  0.50459E-06 -0.75994E-06 -0.12174E-05
  0.13830E+03  0.52329E-06 -0.79887E-06 -0.11382E-05
  0.13860E+03  0.53985E-06 -0.82667E-06 -0.10572E-05
  0.13890E+03  0.55369E-06 -0.84277E-06 -0.97537E-06
  0.13920E+03  0.56426E-06 -0.84689E-06 -0.89376E-06
  0.13950E+03  0.57105E-06 -0.83904E-06 -0.81289E-06
  0.13980E+03  0.57367E-06 -0.81941E-06 -0.73311E-06
  0.14010E+03  0.57179E-06 -0.78833E-06 -0.65474E-06
  0.14040E+03  0.56507E-06 -0.74631E-06 -0.57814E-06
  0.14070E+03  0.55319E-06 -0.69395E-06 -0.50356E-06
  0.14100E+03  0.53576E-06 -0.63190E-06 -0.43122E-06
  0.14130E+03  0.51233E-06 -0.56083E-06 -0.36136E-06
  0.14160E+03  0.48236E-06 -0.48150E-06 -0.29428E-06
  0.14190E+03  0.44527E-06 -0.39479E-06 -0.23029E-06
  0.14220E+03  0.40046E-06 -0.30172E-06 -0.16964E-06
  0.14250E+03  0.34739E-06 -0.20346E-06 -0.11249E-06
  0.14280E+03  0.28570E-06 -0.10130E-06 -0.58878E-07
  0.14310E+03  0.21529E-06  0.33122E-08 -0.87315E-08
  0.14340E+03  0.13637E-06  0.10879E-06  0.38147E-07
  0.14370E+03  0.49479E-07  0.21346E-06  0.82004E-07
  0.14400E+03 -0.44657E-07  0.31565E-06  0.12308E-06
  0.14430E+03 -0.14515E-06  0.41372E-06  0.16154E-06
  0.14460E+03 -0.25098E-06  0.50620E-06  0.19748E-06
  0.14490E+03 -0.36107E-06  0.59177E-06  0.23092E-06
  0.14520E+03 -0.47428E-06  0.66932E-06  0.26183E-06
  0.14550E+03 -0.58944E-06  0.73791E-06  0.29023E-06
  0.14580E+03 -0.70531E-06  0.79682E-06  0.31613E-06
  0.14610E+03 -0.82060E-06  0.84548E-06  0.33956E-06
  0.14640E+03 -0.93391E-06  0.88355E-06  0.36047E-06
  0.14670E+03 -0.10438E-05  0.91090E-06  0.37882E-06
  0.14700E+03 -0.11490E-05  0.92758E-06  0.39450E-06
  0.14730E+03 -0.12481E-05  0.93382E-06  0.40739E-06
  0.14760E+03 -0.13399E-05  0.93001E-06  0.41736E-06
  0.14790E+03 -0.14234E-05  0.91665E-06  0.42428E-06
  0.14820E+03 -0.14978E-05  0.89433E-06  0.42802E-06
  0.14850E+03 -0.15622E-05  0.86373E-06  0.42858E-06
  0.14880E+03 -0.16163E-05  0.82561E-06  0.42605E-06
  0.14910E+03 -0.16598E-05  0.78076E-06  0.42072E-06
  0.14940E+03 -0.16925E-05  0.73006E-06  0.41299E-06
  0.14970E+03 -0.17141E-05  0.67444E-06  0.40340E-06
  0.15000E+03 -0.17241E-05  0.61490E-06  0.39249E-06
  0.15030E+03 -0.17220E-05  0.55252E-06  0.38082E-06
  0.15060E+03 -0.17072E-05  0.48837E-06  0.36884E-06
  0.15090E+03 -0.16789E-05  0.42349E-06  0.35692E-06
  0.15120E+03 -0.16365E-05  0.35885E-06  0.34529E-06
  0.15150E+03 -0.15797E-05  0.29526E-06  0.33406E-06
  0.15180E+03 -0.15083E-05  0.23332E-06  0.32330E-06
  0.15210E+03 -0.14225E-05  0.17342E-06  0.31304E-06
  0.15240E+03 -0.13227E-05  0.11570E-06  0.30334E-06
  0.15270E+03 -0.12095E-05  0.60153E-07  0.29424E-06
  0.15300E+03 -0.10839E-05  0.65566E-08  0.28581E-06
  0.15330E+03 -0.94676E-06 -0.45462E-07  0.27810E-06
  0.15360E+03 -0.79913E-06 -0.96412E-07  0.27116E-06
  0.15390E+03 -0.64217E-06 -0.14688E-06  0.26501E-06
  0.15420E+03 -0.47712E-06 -0.19744E-06  0.25966E-06
  0.15450E+03 -0.30536E-06 -0.24864E-06  0.25510E-06
  0.15480E+03 -0.12829E-06 -0.30094E-06  0.25129E-06
  0.15510E+03  0.52570E-07 -0.35467E-06  0.24822E-06
  0.15540E+03  0.23568E-06 -0.40996E-06  0.24588E-06
  0.15570E+03  0.41940E-06 -0.46667E-06  0.24425E-06
  0.15600E+03  0.60204E-06 -0.52431E-06  0.24335E-06
  0.15630E+03  0.78184E-06 -0.58205E-06  0.24314E-06
  0.15660E+03  0.95700E-06 -0.63877E-06  0.24350E-06
  0.15690E+03  0.11258E-05 -0.69310E-06  0.24421E-06
  0.15720E+03  0.12865E-05 -0.74351E-06  0.24494E-06
  0.15750E+03  0.14375E-05 -0.78839E-06  0.24524E-06
  0.15780E+03  0.15773E-05 -0.82616E-06  0.24461E-06
  0.15810E+03  0.17044E-05 -0.85539E-06  0.24254E-06
  0.15840E+03  0.18174E-05 -0.87489E-06  0.23857E-06
  0.15870E+03  0.19147E-05 -0.88380E-06  0.23233E-06
  0.15900E+03  0.19952E-05 -0.88161E-06  0.22354E-06
  0.15930E+03  0.20576E-05 -0.86820E-06  0.21207E-06
  0.15960E+03  0.21009E-05 -0.84379E-06  0.19787E-06
  0.15990E+03  0.21246E-05 -0.80892E-06  0.18094E-06
  0.16020E+03  0.21284E-05 -0.76436E-06  0.16138E-06
  0.16050E+03  0.21128E-05 -0.71110E-06  0.13930E-06
  0.16080E+03  0.20784E-05 -0.65024E-06  0.11487E-06
  0.16110E+03  0.20267E-05 -0.58296E-06  0.88287E-07
  0.16140E+03  0.19589E-05 -0.51043E-06  0.59844E-07
  0.16170E+03  0.18766E-05 -0.43377E-06  0.29876E-07
  0.16200E+03  0.17812E-05 -0.35405E-06 -0.12313E-08
  0.16230E+03  0.16739E-05 -0.27228E-06 -0.33090E-07
  0.16260E+03  0.15559E-05 -0.18949E-06 -0.65348E-07
  0.16290E+03  0.14282E-05 -0.10672E-06 -0.97728E-07
  0.16320E+03  0.12915E-05 -0.25060E-07 -0.13004E-06
  0.16350E+03  0.11467E-05  0.54353E-07 -0.16219E-06
  0.16380E+03  0.99483E-06  0.13042E-06 -0.19415E-06
  0.16410E+03  0.83673E-06  0.20214E-06 -0.22593E-06
  0.16440E+03  0.67348E-06  0.26865E-06 -0.25752E-06
  0.16470E+03  0.50626E-06  0.32923E-06 -0.28889E-06
  0.16500E+03  0.33633E-06  0.38328E-06 -0.31992E-06
  0.16530E+03  0.16499E-06  0.43035E-06 -0.35044E-06
  0.16560E+03 -0.64181E-08  0.47010E-06 -0.38020E-06
  0.16590E+03 -0.17655E-06  0.50231E-06 -0.40893E-06
  0.16620E+03 -0.34403E-06  0.52695E-06 -0.43629E-06
  0.16650E+03 -0.50745E-06  0.54412E-06 -0.46196E-06
  0.16680E+03 -0.66531E-06  0.55416E-06 -0.48560E-06
  0.16710E+03 -0.81603E-06  0.55758E-06 -0.50688E-06
  0.16740E+03 -0.95799E-06  0.55502E-06 -0.52550E-06
  0.16770E+03 -0.10896E-05  0.54727E-06 -0.54123E-06
  0.16800E+03 -0.12093E-05  0.53507E-06 -0.55389E-06
  0.16830E+03 -0.13156E-05  0.51910E-06 -0.56343E-06
  0.16860E+03 -0.14073E-05  0.49986E-06 -0.56981E-06
  0.16890E+03 -0.14834E-05  0.47763E-06 -0.57307E-06
  0.16920E+03 -0.15431E-05  0.45241E-06 -0.57321E-06
  0.16950E+03 -0.15858E-05  0.42396E-06 -0.57015E-06
  0.16980E+03 -0.16115E-05  0.39190E-06 -0.56369E-06
  0.17010E+03 -0.16205E-05  0.35579E-06 -0.55351E-06
  0.17040E+03 -0.16132E-05  0.31524E-06 -0.53917E-06
  0.17070E+03 -0.15903E-05  0.27004E-06 -0.52019E-06
  0.17100E+03 -0.15529E-05  0.22031E-06 -0.49615E-06
  0.17130E+03 -0.15019E-05  0.16658E-06 -0.46672E-06
  0.17160E+03 -0.14389E-05  0.10986E-06 -0.43182E-06
  0.17190E+03 -0.13654E-05  0.51560E-07 -0.39157E-06
  0.17220E+03 -0.12832E-05 -0.66076E-08 -0.34634E-06
  0.17250E+03 -0.11941E-05 -0.62829E-07 -0.29672E-06
  0.17280E+03 -0.10998E-05 -0.11539E-06 -0.24344E-06
  0.17310E+03 -0.10018E-05 -0.16283E-06 -0.18732E-06
  0.17340E+03 -0.90153E-06 -0.20409E-06 -0.12919E-06
  0.17370E+03 -0.79993E-06 -0.23847E-06 -0.69824E-07
  0.17400E+03 -0.69765E-06 -0.26565E-06 -0.99471E-08
  0.17430E+03 -0.59508E-06 -0.28556E-06  0.49809E-07
  0.17460E+03 -0.49239E-06 -0.29837E-06  0.10887E-06
  0.17490E+03 -0.38971E-06 -0.30443E-06  0.16671E-06
  0.17520E+03 -0.28717E-06 -0.30418E-06  0.22281E-06
  0.17550E+03 -0.18500E-06 -0.29814E-06  0.27665E-06
  0.17580E+03 -0.83591E-07 -0.28691E-06  0.32772E-06
  0.17610E+03  0.16492E-07 -0.27115E-06  0.37555E-06
  0.17640E+03  0.11445E-06 -0.25155E-06  0.41968E-06
  0.17670E+03  0.20927E-06 -0.22882E-06  0.45972E-06
  0.17700E+03  0.29978E-06 -0.20362E-06  0.49532E-06
  0.17730E+03  0.38471E-06 -0.17653E-06  0.52622E-06
  0.17760E+03  0.46280E-06 -0.14802E-06  0.55222E-06
  0.17790E+03  0.53293E-06 -0.11842E-06  0.57315E-06
  0.17820E+03  0.59415E-06 -0.87959E-07  0.58890E-06
  0.17850E+03  0.64577E-06 -0.56830E-07  0.59936E-06
  0.17880E+03  0.68737E-06 -0.25224E-07  0.60447E-06
  0.17910E+03  0.71880E-06  0.66158E-08  0.60415E-06
  0.17940E+03  0.74010E-06  0.38382E-07  0.59843E-06
  0.17970E+03  0.75153E-06  0.69720E-07  0.58738E-06
  0.18000E+03  0.75348E-06  0.10025E-06  0.57119E-06
  0.18030E+03  0.74646E-06  0.12955E-06  0.55015E-06
  0.18060E+03  0.73114E-06  0.15717E-06  0.52465E-06
  0.18090E+03  0.70826E-06  0.18262E-06  0.49512E-06
  0.18120E+03  0.67871E-06  0.20529E-06  0.46205E-06
  0.18150E+03  0.64339E-06  0.22455E-06  0.42593E-06
  0.18180E+03  0.60323E-06  0.23970E-06  0.38725E-06
  0.18210E+03  0.55910E-06  0.25008E-06  0.34644E-06
  0.18240E+03  0.51175E-06  0.25511E-06  0.30396E-06
  0.18270E+03  0.46181E-06  0.25437E-06  0.26022E-06
  0.18300E+03  0.40984E-06  0.24766E-06  0.21565E-06
  0.18330E+03  0.35636E-06  0.23502E-06  0.17069E-06
  0.18360E+03  0.30195E-06  0.21674E-06  0.12580E-06
  0.18390E+03  0.24737E-06  0.19332E-06  0.81418E-07
  0.18420E+03  0.19353E-06  0.16548E-06  0.37940E-07
  0.18450E+03  0.14147E-06  0.13411E-06 -0.43088E-08
  0.18480E+03  0.92321E-07  0.10018E-06 -0.45083E-07
  0.18510E+03  0.47144E-07  0.64719E-07 -0.84189E-07
  0.18540E+03  0.68958E-08  0.28716E-07 -0.12144E-06
  0.18570E+03 -0.27687E-07 -0.68399E-08 -0.15661E-06
  0.18600E+03 -0.56151E-07 -0.40961E-07 -0.18942E-06
  0.18630E+03 -0.78365E-07 -0.72653E-07 -0.21949E-06
  0.18660E+03 -0.94499E-07 -0.10093E-06 -0.24635E-06
  0.18690E+03 -0.10498E-06 -0.12484E-06 -0.26948E-06
  0.18720E+03 -0.11041E-06 -0.14356E-06 -0.28832E-06
  0.18750E+03 -0.11151E-06 -0.15643E-06 -0.30236E-06
  0.18780E+03 -0.10903E-06 -0.16296E-06 -0.31126E-06
  0.18810E+03 -0.10370E-06 -0.16288E-06 -0.31485E-06
  0.18840E+03 -0.96205E-07 -0.15613E-06 -0.31327E-06
  0.18870E+03 -0.87145E-07 -0.14293E-06 -0.30691E-06
  0.18900E+03 -0.77067E-07 -0.12373E-06 -0.29645E-06
  0.18930E+03 -0.66478E-07 -0.99232E-07 -0.28274E-06
  0.18960E+03 -0.55874E-07 -0.70352E-07 -0.26676E-06
  0.18990E+03 -0.45748E-07 -0.38124E-07 -0.24948E-06
  0.19020E+03 -0.36587E-07 -0.36672E-08 -0.23182E-06
  0.19050E+03 -0.28854E-07  0.31868E-07 -0.21454E-06
  0.19080E+03 -0.22952E-07  0.67330E-07 -0.19824E-06
  0.19110E+03 -0.19186E-07  0.10161E-06 -0.18330E-06
  0.19140E+03 -0.17727E-07  0.13367E-06 -0.16992E-06
  0.19170E+03 -0.18610E-07  0.16265E-06 -0.15812E-06
  0.19200E+03 -0.21729E-07  0.18782E-06 -0.14781E-06
  0.19230E+03 -0.26845E-07  0.20870E-06 -0.13880E-06
  0.19260E+03 -0.33583E-07  0.22499E-06 -0.13088E-06
  0.19290E+03 -0.41439E-07  0.23658E-06 -0.12381E-06
  0.19320E+03 -0.49808E-07  0.24346E-06 -0.11740E-06
  0.19350E+03 -0.58036E-07  0.24567E-06 -0.11145E-06
  0.19380E+03 -0.65464E-07  0.24326E-06 -0.10580E-06
  0.19410E+03 -0.71444E-07  0.23625E-06 -0.10031E-06
  0.19440E+03 -0.75349E-07  0.22463E-06 -0.94827E-07
  0.19470E+03 -0.76587E-07  0.20834E-06 -0.89201E-07
  0.19500E+03 -0.74628E-07  0.18736E-06 -0.83259E-07
  0.19530E+03 -0.69035E-07  0.16169E-06 -0.76802E-07
  0.19560E+03 -0.59500E-07  0.13143E-06 -0.69603E-07
  0.19590E+03 -0.45862E-07  0.96836E-07 -0.61408E-07
  0.19620E+03 -0.28103E-07  0.58323E-07 -0.51939E-07
  0.19650E+03 -0.63420E-08  0.16504E-07 -0.40913E-07
  0.19680E+03  0.19203E-07 -0.27840E-07 -0.28091E-07
  0.19710E+03  0.48241E-07 -0.73795E-07 -0.13324E-07
  0.19740E+03  0.80425E-07 -0.12036E-06  0.34094E-08
  0.19770E+03  0.11533E-06 -0.16649E-06  0.21988E-07
  0.19800E+03  0.15241E-06 -0.21119E-06  0.42170E-07
  0.19830E+03  0.19098E-06 -0.25355E-06  0.63629E-07
  0.19860E+03  0.23020E-06 -0.29287E-06  0.85984E-07
  0.19890E+03  0.26908E-06 -0.32864E-06  0.10883E-06
  0.19920E+03  0.30658E-06 -0.36060E-06  0.13175E-06
  0.19950E+03  0.34162E-06 -0.38870E-06  0.15436E-06
  0.19980E+03  0.37322E-06 -0.41305E-06  0.17633E-06
  0.20010E+03  0.40050E-06 -0.43394E-06  0.19739E-06
  0.20040E+03  0.42273E-06 -0.45172E-06  0.21734E-06
  0.20070E+03  0.43939E-06 -0.46678E-06  0.23606E-06
  0.20100E+03  0.45009E-06 -0.47951E-06  0.25351E-06
  0.20130E+03  0.45461E-06 -0.49019E-06  0.26969E-06
  0.20160E+03  0.45284E-06 -0.49896E-06  0.28465E-06
  0.20190E+03  0.44479E-06 -0.50575E-06  0.29844E-06
  0.20220E+03  0.43056E-06 -0.51029E-06  0.31104E-06
  0.20250E+03  0.41032E-06 -0.51209E-06  0.32241E-06
  0.20280E+03  0.38428E-06 -0.51056E-06  0.33240E-06
  0.20310E+03  0.35267E-06 -0.50504E-06  0.34080E-06
  0.20340E+03  0.31573E-06 -0.49491E-06  0.34729E-06
  0.20370E+03  0.27365E-06 -0.47970E-06  0.35150E-06
  0.20400E+03  0.22666E-06 -0.45907E-06  0.35296E-06
  0.20430E+03  0.17495E-06 -0.43288E-06  0.35119E-06
  0.20460E+03  0.11874E-06 -0.40112E-06  0.34568E-06
  0.20490E+03  0.58230E-07 -0.36395E-06  0.33592E-06
  0.20520E+03 -0.63540E-08 -0.32160E-06  0.32145E-06
  0.20550E+03 -0.74705E-07 -0.27442E-06  0.30182E-06
  0.20580E+03 -0.14640E-06 -0.22279E-06  0.27668E-06
  0.20610E+03 -0.22086E-06 -0.16711E-06  0.24581E-06
  0.20640E+03 -0.29730E-06 -0.10784E-06  0.20914E-06
  0.20670E+03 -0.37475E-06 -0.45387E-07  0.16684E-06
  0.20700E+03 -0.45208E-06  0.19790E-07  0.11930E-06
  0.20730E+03 -0.52804E-06  0.87197E-07  0.67086E-07
  0.20760E+03 -0.60135E-06  0.15624E-06  0.10946E-07
  0.20790E+03 -0.67075E-06  0.22619E-06 -0.48277E-07
  0.20820E+03 -0.73505E-06  0.29615E-06 -0.10969E-06
  0.20850E+03 -0.79321E-06  0.36514E-06 -0.17237E-06
  0.20880E+03 -0.84442E-06  0.43208E-06 -0.23544E-06
  0.20910E+03 -0.88807E-06  0.49596E-06 -0.29807E-06
  0.20940E+03 -0.92380E-06  0.55579E-06 -0.35948E-06
  0.20970E+03 -0.95147E-06  0.61071E-06 -0.41896E-06
  0.21000E+03 -0.97109E-06  0.65999E-06 -0.47589E-06
  0.21030E+03 -0.98277E-06  0.70300E-06 -0.52976E-06
  0.21060E+03 -0.98671E-06  0.73929E-06 -0.58014E-06
  0.21090E+03 -0.98314E-06  0.76854E-06 -0.62672E-06
  0.21120E+03 -0.97235E-06  0.79054E-06 -0.66929E-06
  0.21150E+03 -0.95465E-06  0.80516E-06 -0.70771E-06
  0.21180E+03 -0.93036E-06  0.81229E-06 -0.74192E-06
  0.21210E+03 -0.89983E-06  0.81187E-06 -0.77189E-06
  0.21240E+03 -0.86342E-06  0.80377E-06 -0.79758E-06
  0.21270E+03 -0.82148E-06  0.78789E-06 -0.81894E-06
  0.21300E+03 -0.77437E-06  0.76411E-06 -0.83580E-06
  0.21330E+03 -0.72243E-06  0.73240E-06 -0.84790E-06
  0.21360E+03 -0.66594E-06  0.69280E-06 -0.85485E-06
  0.21390E+03 -0.60514E-06  0.64553E-06 -0.85616E-06
  0.21420E+03 -0.54024E-06  0.59098E-06 -0.85123E-06
  0.21450E+03 -0.47139E-06  0.52974E-06 -0.83944E-06
  0.21480E+03 -0.39876E-06  0.46261E-06 -0.82019E-06
  0.21510E+03 -0.32252E-06  0.39052E-06 -0.79299E-06
  0.21540E+03 -0.24287E-06  0.31458E-06 -0.75742E-06
  0.21570E+03 -0.16000E-06  0.23599E-06 -0.71323E-06
  0.21600E+03 -0.74146E-07  0.15604E-06 -0.66032E-06
  0.21630E+03  0.14430E-07  0.76055E-07 -0.59873E-06
  0.21660E+03  0.10540E-06 -0.27005E-08 -0.52867E-06
  0.21690E+03  0.19832E-06 -0.79039E-07 -0.45047E-06
  0.21720E+03  0.29263E-06 -0.15189E-06 -0.36460E-06
  0.21750E+03  0.38760E-06 -0.22029E-06 -0.27165E-06
  0.21780E+03  0.48235E-06 -0.28342E-06 -0.17232E-06
  0.21810E+03  0.57584E-06 -0.34056E-06 -0.67473E-07
  0.21840E+03  0.66697E-06 -0.39115E-06  0.41911E-07
  0.21870E+03  0.75458E-06 -0.43473E-06  0.15473E-06
  0.21900E+03  0.83759E-06 -0.47100E-06  0.26977E-06
  0.21930E+03  0.91505E-06 -0.49976E-06  0.38577E-06
  0.21960E+03  0.98620E-06 -0.52092E-06  0.50137E-06
  0.21990E+03  0.10505E-05 -0.53447E-06  0.61523E-06
  0.22020E+03  0.11077E-05 -0.54046E-06  0.72600E-06
  0.22050E+03  0.11575E-05 -0.53899E-06  0.83236E-06
  0.22080E+03  0.11998E-05 -0.53015E-06  0.93305E-06
  0.22110E+03  0.12344E-05 -0.51408E-06  0.10269E-05
  0.22140E+03  0.12611E-05 -0.49094E-06  0.11127E-05
  0.22170E+03  0.12796E-05 -0.46094E-06  0.11894E-05
  0.22200E+03  0.12896E-05 -0.42443E-06  0.12562E-05
  0.22230E+03  0.12907E-05 -0.38191E-06  0.13121E-05
  0.22260E+03  0.12826E-05 -0.33407E-06  0.13564E-05
  0.22290E+03  0.12652E-05 -0.28184E-06  0.13884E-05
  0.22320E+03  0.12386E-05 -0.22634E-06  0.14077E-05
  0.22350E+03  0.12031E-05 -0.16892E-06  0.14137E-05
  0.22380E+03  0.11590E-05 -0.11104E-06  0.14062E-05
  0.22410E+03  0.11070E-05 -0.54278E-07  0.13852E-05
  0.22440E+03  0.10476E-05 -0.23496E-09  0.13508E-05
  0.22470E+03  0.98169E-06  0.49532E-07  0.13033E-05
  0.22500E+03  0.90999E-06  0.93572E-07  0.12434E-05
  0.22530E+03  0.83324E-06  0.13061E-06  0.11719E-05
  0.22560E+03  0.75218E-06  0.15959E-06  0.10899E-05
  0.22590E+03  0.66749E-06  0.17972E-06  0.99846E-06
  0.22620E+03  0.57980E-06  0.19049E-06  0.89908E-06
  0.22650E+03  0.48969E-06  0.19168E-06  0.79321E-06
  0.22680E+03  0.39769E-06  0.18336E-06  0.68243E-06
  0.22710E+03  0.30429E-06  0.16584E-06  0.56839E-06
  0.22740E+03  0.20998E-06  0.13971E-06  0.45274E-06
  0.22770E+03  0.11518E-06  0.10573E-06  0.33708E-06
  0.22800E+03  0.20310E-07  0.64830E-07  0.22290E-06
  0.22830E+03 -0.74232E-07  0.18072E-07  0.11154E-06
  0.22860E+03 -0.16807E-06 -0.33426E-07  0.41648E-08
  0.22890E+03 -0.26081E-06 -0.88513E-07 -0.98290E-07
  0.22920E+03 -0.35205E-06 -0.14604E-06 -0.19508E-06
  0.22950E+03 -0.44132E-06 -0.20490E-06 -0.28566E-06
  0.22980E+03 -0.52817E-06 -0.26399E-06 -0.36967E-06
  0.23010E+03 -0.61210E-06 -0.32229E-06 -0.44689E-06
  0.23040E+03 -0.69261E-06 -0.37878E-06 -0.51719E-06
  0.23070E+03 -0.76921E-06 -0.43245E-06 -0.58057E-06
  0.23100E+03 -0.84141E-06 -0.48229E-06 -0.63705E-06
  0.23130E+03 -0.90873E-06 -0.52724E-06 -0.68673E-06
  0.23160E+03 -0.97073E-06 -0.56628E-06 -0.72971E-06
  0.23190E+03 -0.10269E-05 -0.59840E-06 -0.76616E-06
  0.23220E+03 -0.10768E-05 -0.62266E-06 -0.79624E-06
  0.23250E+03 -0.11199E-05 -0.63825E-06 -0.82017E-06
  0.23280E+03 -0.11558E-05 -0.64452E-06 -0.83820E-06
  0.23310E+03 -0.11840E-05 -0.64100E-06 -0.85063E-06
  0.23340E+03 -0.12041E-05 -0.62745E-06 -0.85781E-06
  0.23370E+03 -0.12158E-05 -0.60386E-06 -0.86017E-06
  0.23400E+03 -0.12189E-05 -0.57044E-06 -0.85818E-06
  0.23430E+03 -0.12134E-05 -0.52758E-06 -0.85232E-06
  0.23460E+03 -0.11990E-05 -0.47583E-06 -0.84306E-06
  0.23490E+03 -0.11759E-05 -0.41586E-06 -0.83087E-06
  0.23520E+03 -0.11444E-05 -0.34842E-06 -0.81613E-06
  0.23550E+03 -0.11045E-05 -0.27431E-06 -0.79917E-06
  0.23580E+03 -0.10568E-05 -0.19433E-06 -0.78027E-06
  0.23610E+03 -0.10017E-05 -0.10934E-06 -0.75961E-06
  0.23640E+03 -0.93998E-06 -0.20205E-07 -0.73733E-06
  0.23670E+03 -0.87229E-06  0.72165E-07 -0.71352E-06
  0.23700E+03 -0.79941E-06  0.16681E-06 -0.68828E-06
  0.23730E+03 -0.72208E-06  0.26274E-06 -0.66169E-06
  0.23760E+03 -0.64100E-06  0.35891E-06 -0.63385E-06
  0.23790E+03 -0.55682E-06  0.45426E-06 -0.60487E-06
  0.23820E+03 -0.47010E-06  0.54770E-06 -0.57489E-06
  0.23850E+03 -0.38140E-06  0.63814E-06 -0.54406E-06
  0.23880E+03 -0.29121E-06  0.72450E-06 -0.51255E-06
  0.23910E+03 -0.20006E-06  0.80569E-06 -0.48054E-06
  0.23940E+03 -0.10848E-06  0.88071E-06 -0.44824E-06
  0.23970E+03 -0.17038E-07  0.94861E-06 -0.41584E-06
  0.24000E+03  0.73687E-07  0.10085E-05 -0.38358E-06
  0.24030E+03  0.16308E-06  0.10597E-05 -0.35171E-06
  0.24060E+03  0.25055E-06  0.11015E-05 -0.32046E-06
  0.24090E+03  0.33548E-06  0.11333E-05 -0.29007E-06
  0.24120E+03  0.41728E-06  0.11545E-05 -0.26069E-06
  0.24150E+03  0.49534E-06  0.11648E-05 -0.23242E-06
  0.24180E+03  0.56909E-06  0.11636E-05 -0.20527E-06
  0.24210E+03  0.63796E-06  0.11508E-05 -0.17913E-06
  0.24240E+03  0.70145E-06  0.11259E-05 -0.15376E-06
  0.24270E+03  0.75914E-06  0.10888E-05 -0.12884E-06
  0.24300E+03  0.81069E-06  0.10397E-05 -0.10395E-06
  0.24330E+03  0.85586E-06  0.97882E-06 -0.78620E-07
  0.24360E+03  0.89450E-06  0.90660E-06 -0.52400E-07
  0.24390E+03  0.92649E-06  0.82382E-06 -0.24863E-07
  0.24420E+03  0.95176E-06  0.73149E-06  0.43507E-08
  0.24450E+03  0.97026E-06  0.63080E-06  0.35518E-07
  0.24480E+03  0.98190E-06  0.52310E-06  0.68827E-07
  0.24510E+03  0.98660E-06  0.40984E-06  0.10439E-06
  0.24540E+03  0.98424E-06  0.29252E-06  0.14226E-06
  0.24570E+03  0.97467E-06  0.17261E-06  0.18244E-06
  0.24600E+03  0.95770E-06  0.51504E-07  0.22486E-06
  0.24630E+03  0.93307E-06 -0.69466E-07  0.26942E-06
  0.24660E+03  0.90045E-06 -0.18908E-06  0.31596E-06
  0.24690E+03  0.85949E-06 -0.30623E-06  0.36422E-06
  0.24720E+03  0.80991E-06 -0.41983E-06  0.41386E-06
  0.24750E+03  0.75155E-06 -0.52887E-06  0.46444E-06
  0.24780E+03  0.68446E-06 -0.63234E-06  0.51541E-06
  0.24810E+03  0.60899E-06 -0.72923E-06  0.56607E-06
  0.24840E+03  0.52573E-06 -0.81858E-06  0.61564E-06
  0.24870E+03  0.43555E-06 -0.89947E-06  0.66322E-06
  0.24900E+03  0.33955E-06 -0.97106E-06  0.70781E-06
  0.24930E+03  0.23899E-06 -0.10326E-05  0.74836E-06
  0.24960E+03  0.13525E-06 -0.10836E-05  0.78384E-06
  0.24990E+03  0.29783E-07 -0.11234E-05  0.81323E-06
  0.25020E+03 -0.75948E-07 -0.11520E-05  0.83562E-06
  0.25050E+03 -0.18050E-06 -0.11693E-05  0.85024E-06
  0.25080E+03 -0.28252E-06 -0.11754E-05  0.85650E-06
  0.25110E+03 -0.38071E-06 -0.11706E-05  0.85395E-06
  0.25140E+03 -0.47394E-06 -0.11556E-05  0.84237E-06
  0.25170E+03 -0.56118E-06 -0.11307E-05  0.82170E-06
  0.25200E+03 -0.64154E-06 -0.10967E-05  0.79210E-06
  0.25230E+03 -0.71427E-06 -0.10541E-05  0.75387E-06
  0.25260E+03 -0.77872E-06 -0.10036E-05  0.70747E-06
  0.25290E+03 -0.83441E-06 -0.94572E-06  0.65351E-06
  0.25320E+03 -0.88097E-06 -0.88107E-06  0.59270E-06
  0.25350E+03 -0.91814E-06 -0.81023E-06  0.52585E-06
  0.25380E+03 -0.94576E-06 -0.73382E-06  0.45385E-06
  0.25410E+03 -0.96378E-06 -0.65254E-06  0.37762E-06
  0.25440E+03 -0.97219E-06 -0.56713E-06  0.29811E-06
  0.25470E+03 -0.97104E-06 -0.47844E-06  0.21631E-06
  0.25500E+03 -0.96044E-06 -0.38739E-06  0.13323E-06
  0.25530E+03 -0.94049E-06 -0.29497E-06  0.49915E-07
  0.25560E+03 -0.91138E-06 -0.20223E-06 -0.32563E-07
  0.25590E+03 -0.87332E-06 -0.11027E-06 -0.11308E-06
  0.25620E+03 -0.82656E-06 -0.20214E-07 -0.19049E-06
  0.25650E+03 -0.77143E-06  0.66793E-07 -0.26367E-06
  0.25680E+03 -0.70827E-06  0.14964E-06 -0.33149E-06
  0.25710E+03 -0.63748E-06  0.22727E-06 -0.39294E-06
  0.25740E+03 -0.55953E-06  0.29877E-06 -0.44705E-06
  0.25770E+03 -0.47499E-06  0.36340E-06 -0.49302E-06
  0.25800E+03 -0.38455E-06  0.42061E-06 -0.53019E-06
  0.25830E+03 -0.28907E-06  0.47014E-06 -0.55806E-06
  0.25860E+03 -0.18959E-06  0.51196E-06 -0.57634E-06
  0.25890E+03 -0.87298E-07  0.54627E-06 -0.58493E-06
  0.25920E+03  0.16472E-07  0.57344E-06 -0.58389E-06
  0.25950E+03  0.12033E-06  0.59400E-06 -0.57351E-06
  0.25980E+03  0.22285E-06  0.60853E-06 -0.55421E-06
  0.26010E+03  0.32268E-06  0.61762E-06 -0.52659E-06
  0.26040E+03  0.41854E-06  0.62186E-06 -0.49140E-06
  0.26070E+03  0.50931E-06  0.62180E-06 -0.44950E-06
  0.26100E+03  0.59402E-06  0.61790E-06 -0.40187E-06
  0.26130E+03  0.67190E-06  0.61055E-06 -0.34956E-06
  0.26160E+03  0.74236E-06  0.60007E-06 -0.29364E-06
  0.26190E+03  0.80496E-06  0.58672E-06 -0.23519E-06
  0.26220E+03  0.85943E-06  0.57070E-06 -0.17523E-06
  0.26250E+03  0.90561E-06  0.55215E-06 -0.11469E-06
  0.26280E+03  0.94343E-06  0.53123E-06 -0.54410E-07
  0.26310E+03  0.97291E-06  0.50804E-06  0.48662E-08
  0.26340E+03  0.99414E-06  0.48273E-06  0.62497E-07
  0.26370E+03  0.10073E-05  0.45544E-06  0.11791E-06
  0.26400E+03  0.10124E-05  0.42635E-06  0.17058E-06
  0.26430E+03  0.10099E-05  0.39569E-06  0.22003E-06
  0.26460E+03  0.99993E-06  0.36371E-06  0.26577E-06
  0.26490E+03  0.98276E-06  0.33070E-06  0.30735E-06
  0.26520E+03  0.95865E-06  0.29693E-06  0.34435E-06
  0.26550E+03  0.92787E-06  0.26268E-06  0.37636E-06
  0.26580E+03  0.89069E-06  0.22821E-06  0.40303E-06
  0.26610E+03  0.84743E-06  0.19376E-06  0.42406E-06
  0.26640E+03  0.79847E-06  0.15957E-06  0.43919E-06
  0.26670E+03  0.74425E-06  0.12587E-06  0.44822E-06
  0.26700E+03  0.68528E-06  0.92894E-07  0.45100E-06
  0.26730E+03  0.62212E-06  0.60840E-07  0.44743E-06
  0.26760E+03  0.55539E-06  0.29922E-07  0.43748E-06
  0.26790E+03  0.48575E-06  0.35944E-09  0.42117E-06
  0.26820E+03  0.41387E-06 -0.27611E-07  0.39862E-06
  0.26850E+03  0.34045E-06 -0.53724E-07  0.37003E-06
  0.26880E+03  0.26614E-06 -0.77680E-07  0.33567E-06
  0.26910E+03  0.19158E-06 -0.99148E-07  0.29594E-06
  0.26940E+03  0.11732E-06 -0.11777E-06  0.25132E-06
  0.26970E+03  0.43829E-07 -0.13317E-06  0.20235E-06
  0.27000E+03 -0.28483E-07 -0.14500E-06  0.14966E-06
  0.27030E+03 -0.99292E-07 -0.15294E-06  0.93867E-07
  0.27060E+03 -0.16832E-06 -0.15678E-06  0.35654E-07
  0.27090E+03 -0.23531E-06 -0.15641E-06 -0.24308E-07
  0.27120E+03 -0.30001E-06 -0.15191E-06 -0.85331E-07
  0.27150E+03 -0.36213E-06 -0.14353E-06 -0.14672E-06
  0.27180E+03 -0.42134E-06 -0.13169E-06 -0.20775E-06
  0.27210E+03 -0.47725E-06 -0.11696E-06 -0.26769E-06
  0.27240E+03 -0.52943E-06 -0.10000E-06 -0.32577E-06
  0.27270E+03 -0.57738E-06 -0.81530E-07 -0.38118E-06
  0.27300E+03 -0.62061E-06 -0.62254E-07 -0.43312E-06
  0.27330E+03 -0.65865E-06 -0.42839E-07 -0.48079E-06
  0.27360E+03 -0.69117E-06 -0.23859E-07 -0.52346E-06
  0.27390E+03 -0.71794E-06 -0.57644E-08 -0.56048E-06
  0.27420E+03 -0.73899E-06  0.11124E-07 -0.59131E-06
  0.27450E+03 -0.75457E-06  0.26606E-07 -0.61559E-06
  0.27480E+03 -0.76515E-06  0.40573E-07 -0.63309E-06
  0.27510E+03 -0.77144E-06  0.52973E-07 -0.64379E-06
  0.27540E+03 -0.77428E-06  0.63777E-07 -0.64782E-06
  0.27570E+03 -0.77456E-06  0.72947E-07 -0.64546E-06
  0.27600E+03 -0.77315E-06  0.80428E-07 -0.63712E-06
  0.27630E+03 -0.77076E-06  0.86146E-07 -0.62333E-06
  0.27660E+03 -0.76790E-06  0.90018E-07 -0.60467E-06
  0.27690E+03 -0.76484E-06  0.91981E-07 -0.58175E-06
  0.27720E+03 -0.76158E-06  0.92002E-07 -0.55516E-06
  0.27750E+03 -0.75790E-06  0.90109E-07 -0.52547E-06
  0.27780E+03 -0.75340E-06  0.86400E-07 -0.49318E-06
  0.27810E+03 -0.74756E-06  0.81050E-07 -0.45874E-06
  0.27840E+03 -0.73983E-06  0.74310E-07 -0.42260E-06
  0.27870E+03 -0.72969E-06  0.66485E-07 -0.38517E-06
  0.27900E+03 -0.71671E-06  0.57915E-07 -0.34690E-06
  0.27930E+03 -0.70058E-06  0.48945E-07 -0.30823E-06
  0.27960E+03 -0.68112E-06  0.39898E-07 -0.26963E-06
  0.27990E+03 -0.65829E-06  0.31051E-07 -0.23155E-06
  0.28020E+03 -0.63215E-06  0.22602E-07 -0.19441E-06
  0.28050E+03 -0.60280E-06  0.14657E-07 -0.15860E-06
  0.28080E+03 -0.57043E-06  0.72080E-08 -0.12444E-06
  0.28110E+03 -0.53522E-06  0.13687E-09 -0.92161E-07
  0.28140E+03 -0.49734E-06 -0.67716E-08 -0.61880E-07
  0.28170E+03 -0.45699E-06 -0.13806E-07 -0.33627E-07
  0.28200E+03 -0.41431E-06 -0.21297E-07 -0.73317E-08
  0.28230E+03 -0.36944E-06 -0.29588E-07  0.17146E-07
  0.28260E+03 -0.32246E-06 -0.39007E-07  0.39993E-07
  0.28290E+03 -0.27342E-06 -0.49846E-07  0.61420E-07
  0.28320E+03 -0.22237E-06 -0.62340E-07  0.81635E-07
  0.28350E+03 -0.16932E-06 -0.76660E-07  0.10085E-06
  0.28380E+03 -0.11431E-06 -0.92915E-07  0.11925E-06
  0.28410E+03 -0.57422E-07 -0.11115E-06  0.13705E-06
  0.28440E+03  0.11848E-08 -0.13137E-06  0.15445E-06
  0.28470E+03  0.61283E-07 -0.15351E-06  0.17167E-06
  0.28500E+03  0.12255E-06 -0.17747E-06  0.18891E-06
  0.28530E+03  0.18460E-06 -0.20309E-06  0.20636E-06
  0.28560E+03  0.24697E-06 -0.23013E-06  0.22417E-06
  0.28590E+03  0.30917E-06 -0.25829E-06  0.24243E-06
  0.28620E+03  0.37068E-06 -0.28719E-06  0.26112E-06
  0.28650E+03  0.43097E-06 -0.31633E-06  0.28016E-06
  0.28680E+03  0.48951E-06 -0.34517E-06  0.29932E-06
  0.28710E+03  0.54578E-06 -0.37314E-06  0.31831E-06
  0.28740E+03  0.59931E-06 -0.39966E-06  0.33679E-06
  0.28770E+03  0.64969E-06 -0.42425E-06  0.35439E-06
  0.28800E+03  0.69662E-06 -0.44648E-06  0.37079E-06
  0.28830E+03  0.73987E-06 -0.46603E-06  0.38569E-06
  0.28860E+03  0.77936E-06 -0.48267E-06  0.39893E-06
  0.28890E+03  0.81506E-06 -0.49625E-06  0.41039E-06
  0.28920E+03  0.84700E-06 -0.50665E-06  0.42010E-06
  0.28950E+03  0.87524E-06 -0.51384E-06  0.42813E-06
  0.28980E+03  0.89982E-06 -0.51776E-06  0.43466E-06
  0.29010E+03  0.92073E-06 -0.51835E-06  0.43987E-06
  0.29040E+03  0.93796E-06 -0.51553E-06  0.44399E-06
  0.29070E+03  0.95140E-06 -0.50917E-06  0.44725E-06
  0.29100E+03  0.96089E-06 -0.49911E-06  0.44984E-06
  0.29130E+03  0.96623E-06 -0.48520E-06  0.45196E-06
  0.29160E+03  0.96717E-06 -0.46732E-06  0.45380E-06
  0.29190E+03  0.96342E-06 -0.44539E-06  0.45548E-06
  0.29220E+03  0.95470E-06 -0.41946E-06  0.45711E-06
  0.29250E+03  0.94078E-06 -0.38964E-06  0.45873E-06
  0.29280E+03  0.92148E-06 -0.35621E-06  0.46032E-06
  0.29310E+03  0.89672E-06 -0.31950E-06  0.46181E-06
  0.29340E+03  0.86652E-06 -0.27996E-06  0.46307E-06
  0.29370E+03  0.83101E-06 -0.23808E-06  0.46395E-06
  0.29400E+03  0.79038E-06 -0.19438E-06  0.46424E-06
  0.29430E+03  0.74489E-06 -0.14936E-06  0.46375E-06
  0.29460E+03  0.69481E-06 -0.10350E-06  0.46226E-06
  0.29490E+03  0.64040E-06 -0.57194E-07  0.45953E-06
  0.29520E+03  0.58194E-06 -0.10782E-07  0.45533E-06
  0.29550E+03  0.51968E-06  0.35502E-07  0.44936E-06
  0.29580E+03  0.45390E-06  0.81517E-07  0.44132E-06
  0.29610E+03  0.38487E-06  0.12722E-06  0.43084E-06
  0.29640E+03  0.31290E-06  0.17263E-06  0.41754E-06
  0.29670E+03  0.23832E-06  0.21781E-06  0.40102E-06
  0.29700E+03  0.16148E-06  0.26281E-06  0.38089E-06
  0.29730E+03  0.82751E-07  0.30763E-06  0.35685E-06
  0.29760E+03  0.25547E-08  0.35218E-06  0.32862E-06
  0.29790E+03 -0.78674E-07  0.39625E-06  0.29607E-06
  0.29820E+03 -0.16046E-06  0.43955E-06  0.25914E-06
  0.29850E+03 -0.24232E-06  0.48168E-06  0.21790E-06
  0.29880E+03 -0.32372E-06  0.52220E-06  0.17250E-06
  0.29910E+03 -0.40412E-06  0.56061E-06  0.12320E-06
  0.29940E+03 -0.48292E-06  0.59644E-06  0.70333E-07
  0.29970E+03 -0.55952E-06  0.62923E-06  0.14270E-07
  0.30000E+03 -0.63319E-06  0.65857E-06 -0.44568E-07
  0.30030E+03 -0.70318E-06  0.68408E-06 -0.10575E-06
  0.30060E+03 -0.76866E-06  0.70545E-06 -0.16884E-06
  0.30090E+03 -0.82872E-06  0.72241E-06 -0.23341E-06
  0.30120E+03 -0.88247E-06  0.73473E-06 -0.29905E-06
  0.30150E+03 -0.92904E-06  0.74220E-06 -0.36533E-06
  0.30180E+03 -0.96763E-06  0.74467E-06 -0.43182E-06
  0.30210E+03 -0.99761E-06  0.74207E-06 -0.49806E-06
  0.30240E+03 -0.10185E-05  0.73438E-06 -0.56355E-06
  0.30270E+03 -0.10300E-05  0.72168E-06 -0.62772E-06
  0.30300E+03 -0.10321E-05  0.70415E-06 -0.68996E-06
  0.30330E+03 -0.10250E-05  0.68206E-06 -0.74957E-06
  0.30360E+03 -0.10089E-05  0.65572E-06 -0.80582E-06
  0.30390E+03 -0.98446E-06  0.62553E-06 -0.85793E-06
  0.30420E+03 -0.95211E-06  0.59189E-06 -0.90511E-06
  0.30450E+03 -0.91255E-06  0.55521E-06 -0.94658E-06
  0.30480E+03 -0.86644E-06  0.51592E-06 -0.98157E-06
  0.30510E+03 -0.81443E-06  0.47441E-06 -0.10094E-05
  0.30540E+03 -0.75716E-06  0.43107E-06 -0.10293E-05
  0.30570E+03 -0.69527E-06  0.38622E-06 -0.10409E-05
  0.30600E+03 -0.62942E-06  0.34012E-06 -0.10436E-05
  0.30630E+03 -0.56027E-06  0.29302E-06 -0.10372E-05
  0.30660E+03 -0.48852E-06  0.24509E-06 -0.10215E-05
  0.30690E+03 -0.41488E-06  0.19650E-06 -0.99650E-06
