6.063642e-02  
1.512115e-03  
3.324076e-04  
8.310579e-03  
2.030844e-02  
2.431144e-02  
3.722387e-03  
2.651907e-02  
1.218967e-01  
1.471137e-02  
2.732110e-03  
4.060492e-02  
7.469625e-03  
1.908411e-03  
1.473119e-02  
9.722035e-02  
6.461178e-02  
3.354656e-03  
4.785111e-02  
8.156926e-02  
7.143334e-03  
2.968841e-03  
1.494318e-02  
1.617998e-03  
9.459220e-02  
6.537709e-02  
5.111988e-03  
3.522539e-02  
9.968413e-03  
1.042066e-02  
3.866829e-03  
3.674630e-02  
2.861913e-02  
1.593898e-02  
1.161661e-02  
1.152873e-02  
8.031183e-04  
1.241877e-03  
1.345032e-02  
7.950548e-03  
1.660104e-02  
1.132539e-03  
1.389726e-02  
1.236076e-02  
1.261491e-01  
1.133573e-02  
3.749258e-02  
1.129734e-02  
1.701146e-02  
5.088566e-02  
3.443700e-03  
9.788490e-03  
1.942742e-02  
2.590288e-02  
1.127186e-02  
4.278991e-02  
3.788455e-03  
1.332164e-02  
8.064325e-02  
3.384721e-02  
1.847032e-02  
1.805222e-02  
1.445336e-02  
1.026761e-02  
3.329576e-02  
8.105278e-04  
5.616490e-02  
1.162317e-01  
4.409214e-03  
5.738689e-03  
1.428151e-01  
1.345657e-02  
2.004149e-03  
2.910635e-02  
5.920149e-02  
1.195206e-02  
5.917446e-02  
3.874181e-02  
1.737459e-03  
3.480119e-02  
5.467805e-02  
1.898577e-02  
2.052771e-02  
3.818933e-02  
5.511144e-02  
9.567082e-03  
6.498960e-03  
1.189587e-02  
9.172647e-03  
5.206766e-02  
4.237913e-02  
4.933186e-02  
1.950934e-02  
2.986785e-02  
1.272234e-01  
6.545191e-03  
4.363452e-02  
1.467809e-02  
1.068397e-02  
6.276415e-02  
2.746642e-03  
3.520506e-02  
2.070921e-02  
8.163863e-03  
2.695087e-03  
3.136417e-03  
2.723959e-03  
4.588758e-03  
7.394435e-03  
8.290441e-03  
5.096053e-02  
2.442199e-03  
2.940235e-02  
1.947027e-02  
1.372650e-02  
8.710185e-02  
3.145997e-02  
2.551752e-02  
3.448697e-02  
4.421504e-02  
6.136069e-02  
9.260479e-03  
1.623118e-02  
1.342381e-02  
3.355434e-02  
3.319257e-02  
3.874099e-02  
2.650571e-04  
9.959732e-02  
2.740571e-02  
2.133586e-02  
1.298139e-01  
1.179547e-02  
2.796153e-02  
4.172207e-04  
9.503054e-03  
7.271885e-03  
1.988539e-03  
2.780610e-02  
8.028801e-03  
3.852273e-02  
8.567841e-03  
1.429860e-02  
5.188273e-03  
2.611120e-02  
3.892338e-04  
1.707526e-02  
2.183506e-02  
2.063929e-02  
3.107140e-03  
3.297254e-03  
1.964454e-02  
2.024761e-02  
1.567519e-01  
2.466768e-02  
3.143323e-02  
2.573463e-02  
4.777864e-02  
8.177898e-02  
7.687852e-03  
4.467500e-03  
8.429883e-03  
9.272733e-03  
3.127745e-02  
4.713611e-02  
2.126652e-02  
5.200750e-02  
2.414791e-03  
1.233037e-02  
3.193263e-02  
3.351682e-02  
2.534478e-02  
5.376360e-02  
3.220636e-02  
5.688168e-03  
1.512609e-02  
9.364531e-03  
1.122568e-02  
4.518958e-02  
3.985943e-02  
4.086654e-02  
1.330892e-02  
2.048804e-02  
7.581535e-03  
4.119725e-03  
1.412642e-02  
3.425220e-02  
8.168509e-03  
4.299487e-03  
5.999852e-02  
3.325406e-03  
3.832428e-02  
6.162258e-02  
3.428871e-03  
1.749178e-02  
1.279887e-02  
1.076749e-03  
7.716152e-02  
2.302646e-02  
7.442458e-04  
3.365642e-02  
7.306567e-03  
1.305652e-01  
3.246603e-02  
6.473855e-02  
1.668710e-02  
1.511245e-02  
4.547214e-03  
4.103060e-03  
4.358790e-02  
3.171926e-02  
2.474277e-02  
5.011165e-02  
5.638290e-02  
2.125100e-02  
1.681127e-02  
3.944722e-02  
2.684482e-02  
9.741023e-03  
4.666532e-02  
2.176845e-02  
3.121189e-02  
5.191617e-02  
4.110986e-02  
2.596372e-03  
4.500077e-02  
7.168917e-03  
3.397395e-02  
3.921925e-03  
6.219571e-03  
3.733819e-03  
1.501675e-02  
9.265353e-03  
8.148153e-03  
5.526030e-02  
9.926079e-03  
1.431666e-02  
1.497277e-02  
8.013813e-03  
4.954730e-03  
9.599905e-02  
1.010752e-02  
1.878225e-03  
4.408355e-02  
4.602182e-02  
1.849667e-02  
2.163382e-02  
4.429928e-02  
3.103014e-02  
1.226117e-02  
6.079942e-02  
1.021946e-01  
4.309833e-02  
2.488760e-02  
1.103580e-03  
1.077165e-01  
1.228199e-02  
5.462572e-02  
4.748114e-02  
1.606960e-02  
1.733718e-02  
1.390614e-03  
1.706778e-02  
5.934371e-04  
1.152161e-02  
7.579764e-03  
1.372256e-02  
6.501036e-03  
1.466349e-02  
1.334287e-01  
1.112593e-01  
1.584271e-02  
3.243708e-02  
9.133612e-03  
3.869939e-02  
2.728465e-02  
5.396459e-02  
4.826576e-02  
9.582142e-03  
1.564889e-02  
6.017491e-03  
4.969865e-03  
2.300100e-03  
4.305915e-03  
4.840541e-03  
5.199303e-02  
1.691265e-02  
1.547171e-02  
2.872022e-02  
2.042865e-02  
6.863370e-04  
3.236679e-02  
5.723151e-02  
2.305732e-02  
5.691489e-03  
2.250382e-03  
1.022964e-01  
6.124465e-02  
2.339079e-02  
4.966261e-03  
3.447324e-03  
3.590164e-02  
1.774056e-02  
3.675736e-03  
1.011051e-03  
1.236445e-02  
1.712106e-02  
2.181079e-02  
3.437235e-02  
9.811098e-03  
1.298375e-02  
1.050138e-02  
4.912056e-02  
5.553552e-02  
1.421759e-02  
5.500860e-02  
5.528337e-03  
2.417667e-02  
9.863564e-03  
2.926736e-03  
1.371667e-01  
1.767600e-02  
3.380001e-02  
5.190770e-02  
2.148591e-03  
5.374004e-02  
2.889750e-03  
2.965026e-02  
2.492082e-02  
2.005163e-02  
5.763660e-03  
6.068371e-04  
6.748663e-02  
6.533403e-02  
3.283009e-02  
3.626788e-03  
8.917490e-03  
1.755545e-02  
2.093648e-02  
6.128823e-03  
1.263070e-02  
2.139577e-02  
1.263553e-01  
4.543627e-02  
4.592849e-02  
1.374479e-02  
3.574412e-02  
3.019938e-02  
1.207562e-01  
4.989213e-04  
3.077772e-02  
3.272309e-03  
8.005055e-04  
3.347469e-02  
3.138262e-02  
9.048262e-04  
1.236226e-02  
1.726912e-02  
1.039404e-02  
4.408465e-02  
1.147842e-01  
1.754144e-02  
4.891903e-02  
2.103013e-02  
1.817964e-03  
3.950424e-02  
3.855737e-02  
4.077770e-02  
1.422965e-02  
2.510789e-02  
1.970626e-03  
4.244226e-03  
2.701434e-03  
2.982433e-02  
3.782888e-02  
5.953498e-02  
1.155101e-02  
5.194194e-02  
3.001286e-02  
5.115753e-02  
4.175045e-02  
3.298715e-02  
2.709877e-02  
1.205989e-02  
6.101947e-02  
1.963732e-03  
1.019558e-03  
5.569144e-02  
2.513226e-03  
7.115507e-03  
4.197091e-03  
6.748512e-03  
6.107928e-03  
2.568720e-03  
6.828297e-02  
2.583818e-02  
4.818079e-02  
3.125530e-02  
1.278465e-02  
7.835532e-03  
8.777020e-03  
7.381637e-02  
1.441954e-02  
4.648603e-02  
3.746948e-03  
4.845480e-02  
1.009520e-02  
3.235046e-02  
1.161828e-02  
6.505369e-04  
3.474879e-02  
3.772866e-02  
5.897229e-03  
7.453264e-02  
1.473813e-02  
2.963821e-02  
7.396732e-03  
2.206925e-03  
1.104382e-02  
3.889516e-02  
9.485563e-02  
2.390833e-03  
1.626879e-01  
4.366301e-03  
1.792713e-03  
4.092652e-04  
7.031763e-02  
2.352364e-02  
2.811032e-03  
1.851545e-02  
5.918738e-04  
1.044000e-02  
1.051136e-01  
8.304266e-02  
1.525060e-03  
4.985697e-03  
1.358290e-02  
1.682967e-03  
2.488250e-02  
1.969454e-03  
4.194258e-03  
1.768903e-02  
2.289563e-02  
1.328748e-01  
1.762841e-02  
3.853498e-02  
1.134920e-02  
5.447612e-03  
4.146765e-03  
4.648279e-02  
1.553182e-02  
8.083905e-03  
4.048107e-02  
2.511281e-02  
2.287689e-02  
1.070750e-02  
1.163564e-03  
1.167524e-03  
4.163180e-02  
8.403125e-02  
2.706076e-02  
3.429068e-02  
3.725738e-02  
8.240654e-04  
3.541960e-02  
6.677555e-02  
7.043445e-03  
2.512053e-03  
2.419513e-03  
6.454724e-02  
4.776647e-02  
3.571857e-02  
2.085263e-02  
2.000993e-02  
1.234153e-02  
3.598272e-02  
6.659564e-03  
1.431576e-02  
1.300618e-02  
1.104128e-02  
2.374982e-02  
3.563555e-02  
2.792757e-02  
3.201173e-02  
6.762240e-03  
7.120437e-04  
3.123579e-02  
8.126065e-03  
2.770794e-02  
1.608864e-02  
4.049779e-02  
2.276383e-02  
3.497153e-02  
5.330964e-04  
1.122028e-02  
4.385898e-02  
1.073602e-01  
8.484566e-02  
3.842928e-03  
8.320709e-03  
4.724455e-02  
1.108713e-02  
1.638923e-02  
7.244530e-02  
5.997893e-02  
6.442841e-03  
3.775392e-02  
1.149198e-01  
4.927973e-03  
3.307425e-03  
3.115588e-02  
6.923392e-02  
4.688353e-02  
1.940892e-03  
2.676186e-02  
2.049482e-02  
1.438399e-02  
6.101042e-02  
3.664958e-03  
1.648698e-02  
9.810865e-04  
4.748582e-02  
1.013478e-02  
8.571823e-03  
5.976948e-02  
6.163988e-03  
2.113511e-02  
1.041094e-01  
3.746261e-02  
1.953868e-02  
5.178233e-02  
2.438256e-02  
1.658603e-02  
9.468337e-03  
3.575079e-02  
5.963603e-04  
9.603102e-03  
7.591897e-03  
5.979573e-03  
3.558112e-03  
1.623002e-02  
2.779058e-02  
6.059307e-03  
6.091266e-02  
3.851866e-02  
1.061968e-01  
2.570137e-02  
1.509313e-02  
2.937183e-02  
3.743032e-02  
2.235933e-02  
3.995673e-03  
5.231769e-02  
1.060605e-02  
7.127676e-02  
9.621336e-03  
5.944817e-02  
1.439868e-02  
8.314846e-02  
1.620459e-02  
4.543264e-02  
1.006887e-03  
2.756313e-03  
1.440591e-02  
2.589817e-02  
1.867107e-02  
5.156741e-02  
2.592521e-02  
1.475507e-02  
4.361887e-02  
1.526921e-02  
2.887055e-03  
1.286423e-02  
9.000793e-03  
2.664008e-03  
6.595798e-03  
2.107851e-02  
1.732174e-02  
2.554743e-04  
1.223296e-02  
1.549844e-02  
5.246757e-02  
2.898306e-02  
3.105748e-02  
1.108350e-02  
5.219789e-03  
1.214602e-02  
3.203856e-02  
7.155727e-03  
5.064178e-03  
6.353813e-02  
2.601347e-02  
8.622462e-03  
2.256523e-02  
5.568882e-02  
3.977334e-02  
3.693626e-03  
3.892804e-02  
1.171136e-01  
2.532345e-02  
5.130298e-02  
3.014084e-02  
3.013486e-02  
2.521308e-02  
3.628156e-02  
3.568892e-02  
9.366879e-03  
9.424135e-03  
2.031609e-02  
2.037795e-02  
7.590883e-02  
2.980739e-03  
1.500394e-02  
8.900722e-02  
6.837654e-02  
5.725929e-02  
9.098346e-02  
3.118812e-02  
1.755215e-02  
7.966514e-03  
1.776162e-02  
7.488792e-02  
1.396128e-03  
5.992840e-03  
1.020055e-02  
3.991897e-02  
4.877193e-02  
3.397264e-02  
6.456062e-03  
1.349985e-02  
6.554097e-03  
2.330853e-02  
1.445342e-02  
2.098257e-02  
9.662817e-03  
7.197367e-02  
3.868706e-02  
1.232540e-02  
2.944020e-03  
2.674680e-02  
2.116076e-02  
7.809588e-03  
2.010725e-02  
2.329556e-02  
4.526915e-02  
6.274055e-03  
1.826058e-03  
1.642345e-02  
3.693493e-02  
8.583961e-02  
1.847503e-01  
5.877030e-03  
4.729177e-02  
2.160876e-02  
6.556231e-02  
3.188138e-03  
3.145187e-03  
1.409322e-03  
1.212380e-02  
1.229846e-02  
5.521572e-03  
2.080485e-03  
3.346925e-02  
1.036836e-02  
2.950865e-03  
7.284731e-03  
2.784717e-03  
2.602515e-02  
4.337214e-02  
3.024639e-02  
2.264820e-03  
4.136990e-03  
3.000924e-02  
3.466301e-02  
3.266344e-03  
1.098718e-02  
4.967074e-02  
5.598703e-02  
1.910810e-02  
5.419919e-02  
9.044735e-03  
1.059871e-02  
5.135846e-02  
2.057215e-02  
4.540462e-02  
3.751154e-02  
5.789334e-03  
4.915276e-02  
1.986001e-02  
5.374897e-02  
1.093831e-02  
2.046165e-02  
1.553198e-02  
1.643926e-02  
3.456788e-02  
3.138197e-02  
1.817025e-02  
3.308233e-02  
3.517772e-02  
1.184355e-02  
1.262595e-02  
4.678278e-03  
1.754181e-02  
5.375643e-02  
6.091449e-03  
4.178550e-03  
6.274856e-02  
5.189107e-03  
3.305130e-02  
1.694962e-02  
2.336148e-03  
3.514611e-02  
4.017015e-02  
5.602178e-03  
8.212189e-02  
9.154367e-02  
3.007825e-02  
2.621086e-02  
1.457310e-02  
1.634447e-02  
4.067149e-02  
4.395333e-02  
7.792768e-03  
6.090068e-02  
2.421796e-02  
2.337191e-02  
1.801421e-02  
3.245283e-02  
3.270440e-02  
1.918376e-02  
3.155970e-02  
7.912834e-03  
5.289550e-03  
2.794809e-03  
2.076907e-03  
2.649348e-02  
6.245771e-04  
6.159082e-04  
1.241875e-03  
9.763467e-03  
1.098306e-01  
5.656686e-02  
4.822110e-02  
3.804632e-02  
4.360595e-02  
9.545474e-02  
4.547404e-02  
1.325901e-02  
2.276446e-02  
5.099042e-03  
5.836037e-02  
1.332584e-02  
6.848515e-04  
4.839103e-03  
3.925191e-02  
1.357941e-02  
3.972066e-02  
2.990918e-02  
2.117869e-02  
2.628575e-02  
1.627940e-02  
5.387589e-02  
1.630435e-02  
1.121816e-03  
2.659850e-03  
2.580411e-02  
4.729052e-02  
7.851836e-04  
1.313757e-02  
7.256146e-03  
1.027617e-02  
2.309234e-02  
8.938877e-03  
7.175535e-03  
2.356071e-03  
2.629354e-02  
5.229131e-03  
8.663561e-02  
2.792092e-02  
5.262490e-02  
1.986295e-04  
6.758731e-02  
1.716910e-02  
4.583781e-02  
4.191839e-02  
1.797942e-02  
5.563138e-02  
4.182100e-02  
1.289766e-01  
1.712080e-02  
5.880928e-03  
7.726448e-03  
1.887131e-02  
3.361843e-02  
3.592289e-03  
1.441140e-02  
1.755673e-02  
1.174694e-02  
5.414497e-03  
3.293011e-03  
8.154428e-02  
5.895086e-02  
2.568051e-02  
9.617392e-05  
9.934650e-04  
3.052673e-02  
8.019070e-03  
2.337332e-02  
3.958132e-02  
2.826997e-02  
4.972096e-02  
1.984480e-02  
3.783880e-02  
4.492004e-03  
1.033231e-01  
5.166962e-02  
5.681308e-02  
2.656451e-02  
2.518054e-03  
2.627994e-02  
1.417043e-02  
5.426900e-03  
1.078251e-03  
4.649480e-02  
9.616439e-02  
3.015771e-02  
1.274872e-02  
9.153602e-03  
2.654126e-03  
2.166533e-02  
5.539077e-02  
3.798885e-02  
5.168037e-02  
2.033740e-02  
2.309417e-02  
3.665677e-02  
6.014688e-02  
1.924563e-02  
3.381998e-03  
1.812834e-02  
5.242815e-02  
5.724953e-04  
4.522834e-02  
1.112274e-04  
5.010451e-03  
2.626069e-02  
3.707963e-02  
2.584356e-03  
6.133210e-02  
5.821521e-03  
1.110284e-01  
5.545748e-03  
2.385596e-03  
7.062658e-03  
4.865173e-02  
2.005136e-02  
3.182587e-02  
1.287637e-02  
4.599599e-02  
1.999485e-02  
4.636638e-02  
1.839040e-02  
4.485273e-03  
3.853977e-02  
2.598359e-03  
5.085592e-02  
1.950710e-02  
1.369609e-02  
5.016166e-02  
2.125776e-02  
4.117508e-02  
4.666446e-02  
2.344910e-02  
2.514746e-02  
2.234497e-03  
1.143191e-02  
1.821659e-02  
9.877628e-03  
1.836863e-01  
1.361920e-02  
2.442340e-02  
2.282508e-02  
2.209256e-02  
2.839558e-02  
5.418629e-03  
1.351358e-02  
5.198827e-02  
5.293959e-02  
1.982961e-02  
1.447235e-03  
4.889382e-03  
9.811483e-03  
1.155892e-02  
2.413982e-02  
3.188977e-02  
3.466985e-02  
9.447227e-03  
5.400580e-03  
3.500355e-02  
5.673673e-02  
3.770905e-02  
8.448997e-03  
7.354452e-02  
6.332308e-02  
5.808807e-02  
3.818241e-02  
2.634399e-02  
4.640620e-02  
2.048077e-02  
4.336939e-03  
1.560165e-02  
4.840733e-02  
1.159832e-02  
4.765080e-02  
1.177107e-02  
1.807110e-02  
3.056788e-02  
4.426803e-02  
1.979161e-02  
5.271424e-02  
7.493220e-03  
1.555629e-02  
1.079728e-02  
2.618567e-02  
6.495872e-04  
3.963749e-02  
5.435628e-03  
1.106593e-02  
2.107172e-02  
4.759676e-03  
6.518089e-03  
7.785541e-03  
5.566733e-02  
9.848691e-03  
9.675265e-02  
3.469111e-03  
9.624874e-03  
1.780147e-02  
3.399631e-02  
9.471873e-03  
7.272961e-03  
9.937040e-03  
2.191392e-03  
7.475139e-03  
8.056842e-02  
8.142428e-04  
1.482312e-02  
3.330266e-02  
1.469922e-03  
4.913745e-02  
2.398096e-03  
5.271344e-02  
6.148846e-03  
5.044034e-02  
2.890980e-02  
5.949862e-02  
3.078566e-02  
1.363191e-03  
9.817881e-05  
1.220953e-01  
3.458763e-04  
3.854979e-02  
2.240769e-02  
3.450572e-02  
1.893805e-02  
5.109636e-02  
8.515528e-05  
1.860798e-02  
2.920961e-03  
5.200508e-02  
9.273328e-02  
3.546576e-02  
1.347454e-03  
1.949625e-02  
3.360971e-02  
4.369614e-03  
9.734232e-03  
1.688853e-02  
7.410041e-02  
3.540315e-02  
3.178244e-03  
7.632250e-04  
2.382564e-02  
1.343609e-03  
6.928113e-02  
9.860376e-02  
1.783926e-02  
1.039271e-02  
4.509802e-02  
2.174073e-02  
3.640035e-02  
3.970298e-03  
1.894405e-02  
1.095942e-01  
2.656824e-03  
2.159875e-03  
2.171656e-02  
2.219499e-02  
1.973559e-02  
2.802963e-02  
1.182000e-02  
8.435224e-02  
3.007108e-02  
5.954545e-03  
2.410647e-02  
3.474184e-02  
4.467285e-02  
1.186295e-02  
3.154218e-02  
1.302300e-02  
5.593280e-03  
2.160713e-02  
7.041241e-03  
3.558985e-02  
3.299528e-02  
8.304868e-02  
1.026753e-02  
9.603018e-03  
5.190452e-02  
4.744392e-02  
1.344172e-02  
7.251382e-03  
7.846532e-02  
3.534560e-02  
1.378638e-02  
1.892038e-02  
6.754436e-02  
6.659061e-03  
3.933017e-02  
1.097949e-02  
4.498255e-03  
1.355471e-02  
1.590658e-02  
1.029451e-02  
2.338445e-02  
1.064515e-01  
3.434753e-02  
3.351874e-03  
3.028375e-03  
2.960050e-02  
3.092295e-03  
1.889832e-02  
3.037643e-02  
6.183116e-02  
7.956884e-03  
1.311117e-02  
5.590677e-02  
6.681208e-03  
3.379162e-02  
1.263912e-03  
3.098620e-04  
4.651023e-02  
7.895949e-02  
1.753678e-04  
9.583838e-03  
2.590651e-02  
5.481588e-03  
6.899538e-02  
1.713024e-02  
5.273563e-02  
2.633549e-02  
6.280584e-04  
4.626569e-02  
3.688403e-03  
3.339282e-02  
3.385995e-02  
1.395453e-02  
1.346869e-02  
1.923446e-03  
1.742366e-02  
2.171175e-02  
2.519301e-02  
1.956530e-02  
8.315124e-02  
1.064424e-01  
1.437276e-02  
3.729530e-02  
2.196374e-02  
4.075852e-02  
1.410553e-02  
1.282833e-02  
3.798001e-02  
1.404243e-03  
3.697035e-02  
1.394194e-02  
7.284368e-02  
2.110054e-02  
1.395496e-02  
3.089087e-02  
4.503596e-02  
3.054062e-04  
3.055156e-03  
3.586558e-02  
2.397653e-02  
1.001713e-02  
3.232753e-02  
9.350734e-02  
2.918763e-02  
5.101644e-02  
1.821732e-03  
3.741976e-02  
3.323621e-04  
5.577157e-02  
2.579882e-02  
2.351694e-02  
3.047684e-02  
4.726292e-03  
6.013964e-04  
7.813808e-02  
1.240038e-03  
2.712660e-03  
1.017358e-02  
1.970101e-03  
8.406825e-02  
4.565332e-02  
2.936864e-02  
2.848953e-02  
2.551249e-02  
1.748533e-01  
2.314880e-02  
5.101081e-02  
1.037181e-02  
3.203602e-02  
2.750797e-02  
1.903980e-02  
3.309345e-03  
3.570492e-03  
2.420735e-02  
8.503681e-02  
2.383985e-03  
6.498772e-03  
8.034977e-03  
1.906797e-02  
3.811044e-03  
4.824729e-02  
8.551038e-02  
6.487180e-03  
3.593222e-02  
3.250449e-02  
3.316616e-03  
1.774431e-02  
1.435628e-02  
2.281732e-02  
1.525034e-03  
1.544656e-03  
1.076242e-02  
1.250568e-02  
1.937954e-03  
3.179734e-02  
6.493377e-02  
3.432042e-02  
2.586542e-02  
1.665756e-02  
2.189284e-02  
3.994097e-02  
4.782011e-02  
1.658594e-02  
1.605905e-02  
8.938215e-03  
2.359613e-02  
4.414143e-03  
9.635674e-02  
3.246716e-03  
9.689214e-03  
1.742581e-02  
7.608856e-03  
2.415577e-02  
3.718583e-02  
1.415190e-02  
8.598280e-02  
5.022227e-02  
3.362809e-02  
1.438974e-03  
2.039138e-02  
6.001091e-03  
3.544543e-02  
6.258199e-02  
3.049036e-02  
2.133723e-03  
1.310226e-02  
2.942733e-02  
5.831304e-02  
2.675541e-02  
5.084032e-02  
2.706429e-02  
2.749463e-02  
2.423637e-02  
8.724469e-03  
3.067363e-02  
9.295936e-02  
1.028239e-02  
1.122428e-02  
9.235903e-03  
3.224457e-02  
3.411207e-02  
5.673896e-02  
2.992268e-02  
1.484197e-02  
6.240187e-04  
3.707842e-02  
1.672785e-02  
3.930548e-03  
1.890418e-02  
6.096753e-02  
4.774637e-03  
9.087597e-03  
4.334274e-02  
6.522095e-03  
7.959675e-03  
6.188439e-03  
1.662988e-02  
4.783028e-02  
1.867738e-02  
3.318730e-02  
9.128755e-03  
5.322229e-02  
6.819999e-02  
6.129672e-02  
9.644734e-03  
3.166034e-02  
1.637255e-02  
6.754396e-02  
1.737574e-02  
1.088653e-02  
3.350182e-03  
1.413611e-02  
6.480385e-03  
6.785600e-03  
2.556235e-02  
3.528430e-03  
1.958328e-02  
3.473941e-02  
1.503216e-02  
4.289794e-02  
9.710701e-03  
6.562207e-03  
6.036903e-02  
1.571541e-02  
2.538668e-02  
2.585485e-03  
1.727547e-02  
2.035631e-03  
1.536783e-02  
4.798322e-02  
9.856077e-03  
6.650502e-02  
2.675332e-03  
1.062086e-02  
3.210365e-02  
2.519129e-02  
8.509433e-02  
5.206892e-02  
3.742203e-02  
4.809083e-02  
5.401005e-02  
8.468565e-04  
6.371896e-02  
3.790586e-02  
4.185029e-02  
5.695212e-02  
4.606599e-02  
6.134867e-02  
1.059598e-03  
9.663864e-03  
1.550803e-02  
1.188231e-02  
3.112002e-02  
4.053542e-04  
7.049570e-03  
1.450488e-02  
5.826576e-02  
1.243875e-02  
6.195831e-03  
2.028590e-02  
7.530853e-03  
1.266274e-01  
1.851005e-02  
7.507904e-02  
5.661306e-03  
7.328019e-04  
1.430260e-03  
2.588551e-02  
3.550856e-02  
5.256377e-03  
2.528332e-03  
1.030323e-02  
1.262075e-01  
3.635926e-02  
3.988141e-02  
5.718812e-03  
6.650042e-04  
3.469501e-02  
1.059651e-01  
4.380685e-05  
2.823706e-02  
1.137878e-02  
2.900538e-03  
4.309657e-02  
1.162525e-02  
7.648060e-02  
2.648025e-02  
3.323516e-02  
3.441428e-02  
4.711172e-02  
4.131820e-02  
3.836333e-02  
2.944434e-02  
1.185023e-01  
9.528718e-03  
4.302018e-02  
1.582226e-02  
2.970474e-02  
1.603211e-02  
1.475643e-02  
4.313390e-03  
2.941768e-04  
2.680966e-02  
2.385647e-02  
1.312787e-02  
4.961673e-02  
1.592675e-03  
1.019489e-03  
3.198940e-02  
8.632562e-03  
2.960941e-02  
6.859081e-02  
1.732093e-03  
9.288924e-03  
7.462050e-05  
3.304834e-02  
2.492364e-02  
3.964278e-02  
7.108209e-03  
1.940268e-02  
3.587132e-03  
3.451395e-02  
6.650634e-03  
9.772655e-02  
1.093273e-02  
1.630662e-02  
7.266609e-03  
1.794463e-02  
1.051552e-01  
1.996672e-02  
2.195035e-02  
1.296814e-02  
2.307675e-02  
8.957125e-03  
4.196874e-02  
3.820719e-02  
1.990838e-02  
4.331892e-03  
1.014549e-03  
3.954383e-03  
1.469371e-02  
1.003174e-02  
4.648211e-02  
4.186545e-03  
7.149368e-02  
9.049182e-02  
3.581983e-02  
5.169836e-02  
5.257377e-03  
9.687088e-03  
8.748663e-02  
8.545591e-03  
3.350358e-02  
7.722751e-03  
2.943718e-02  
2.482849e-02  
2.192704e-03  
4.819286e-02  
1.142787e-02  
3.381848e-02  
5.418312e-03  
1.077999e-02  
1.663818e-02  
3.306667e-02  
6.432608e-03  
1.324976e-02  
1.870713e-02  
4.772568e-02  
5.116719e-02  
2.667334e-02  
1.904695e-02  
3.318867e-03  
5.111708e-02  
7.092798e-02  
5.962583e-03  
8.737188e-02  
2.150823e-02  
4.930058e-02  
2.382848e-02  
1.375644e-02  
5.430825e-02  
3.596385e-02  
2.389249e-02  
2.336535e-02  
5.566011e-03  
4.493080e-02  
4.578288e-03  
4.533513e-02  
7.679736e-03  
2.848456e-02  
3.558898e-02  
1.780546e-02  
1.236887e-02  
1.867720e-02  
9.704501e-03  
2.528699e-03  
2.244927e-02  
3.130991e-02  
5.508252e-02  
7.880870e-03  
6.031020e-02  
4.213090e-03  
1.496420e-02  
7.896634e-02  
2.807603e-02  
5.483283e-02  
3.403303e-02  
7.331808e-02  
2.105919e-02  
2.432242e-02  
8.989872e-03  
1.845188e-03  
4.075002e-02  
5.461994e-02  
1.378470e-02  
2.810346e-02  
3.156267e-02  
9.521930e-03  
6.761346e-02  
9.401784e-03  
1.980994e-03  
2.326268e-02  
1.547934e-02  
5.222921e-02  
1.509068e-02  
1.827237e-02  
8.361814e-03  
3.778181e-04  
1.315433e-02  
3.533197e-02  
6.988300e-02  
1.574955e-02  
1.015409e-02  
3.529518e-02  
2.969880e-02  
2.802882e-02  
5.322364e-02  
2.227622e-02  
1.760674e-02  
2.524061e-02  
5.162646e-02  
1.780728e-03  
1.293755e-02  
7.091894e-02  
4.553507e-04  
1.463113e-02  
1.196138e-02  
2.233799e-02  
5.518513e-02  
8.715309e-02  
8.920520e-03  
1.035328e-02  
1.362935e-02  
1.770615e-03  
6.898733e-03  
6.258373e-02  
5.527404e-03  
1.853758e-02  
8.875364e-02  
2.107390e-03  
5.750235e-02  
3.004506e-02  
6.691432e-02  
3.698860e-03  
1.447901e-02  
1.515306e-02  
2.089397e-02  
1.244987e-02  
4.254766e-02  
3.483985e-02  
6.145289e-02  
1.977431e-02  
3.188968e-02  
6.427825e-03  
3.019082e-02  
6.973537e-02  
3.753202e-02  
2.433521e-02  
2.217164e-02  
1.508705e-03  
1.699366e-03  
5.395145e-03  
2.606101e-03  
2.661957e-02  
2.724117e-02  
2.649893e-02  
9.483334e-02  
2.197178e-02  
3.266259e-02  
8.974343e-03  
1.650539e-02  
7.259954e-02  
7.570198e-02  
1.985926e-03  
5.561522e-03  
4.858552e-02  
2.834134e-03  
1.172859e-02  
3.377127e-02  
9.529021e-03  
4.666031e-03  
7.998195e-02  
8.814834e-02  
5.195088e-02  
3.547366e-02  
1.385080e-03  
7.628130e-02  
1.110473e-02  
2.206070e-02  
1.305210e-02  
5.364321e-03  
2.158445e-03  
1.206744e-02  
3.803004e-04  
1.205116e-02  
6.776771e-03  
5.272993e-02  
2.394619e-03  
4.691483e-02  
1.561346e-02  
4.115552e-02  
9.155870e-03  
2.127645e-03  
2.323317e-02  
3.259492e-02  
8.326896e-02  
1.064019e-02  
4.485712e-02  
3.605291e-02  
6.530280e-03  
7.858285e-03  
4.783658e-02  
6.529628e-02  
5.535935e-03  
3.665540e-02  
3.398230e-02  
2.366572e-02  
2.804053e-02  
2.651282e-04  
2.560908e-02  
3.819737e-02  
9.420683e-03  
4.880347e-02  
1.372970e-01  
9.432146e-03  
4.000894e-02  
1.848060e-02  
1.632894e-02  
3.830234e-02  
4.187052e-02  
5.124815e-02  
2.098252e-02  
4.859752e-02  
9.381030e-03  
1.548230e-02  
1.393881e-02  
3.288945e-04  
3.927431e-02  
1.899011e-02  
3.837503e-02  
4.953810e-02  
4.225384e-03  
2.068271e-02  
3.406812e-03  
1.585864e-03  
1.502172e-02  
5.488931e-03  
1.612455e-02  
7.407534e-02  
6.891718e-03  
3.102710e-02  
2.236487e-02  
3.247855e-04  
1.965348e-02  
6.432043e-02  
3.176411e-02  
5.417641e-02  
1.014177e-02  
2.100692e-02  
2.009353e-02  
1.590491e-02  
3.130296e-02  
4.309120e-03  
2.440175e-02  
1.074827e-01  
1.683906e-02  
2.431627e-02  
7.999957e-03  
4.386365e-02  
1.156712e-02  
3.284022e-03  
2.772864e-03  
1.451356e-02  
7.134477e-02  
1.088626e-02  
3.153751e-02  
8.801990e-03  
1.020761e-02  
3.203370e-03  
2.860598e-02  
3.839697e-02  
1.199008e-01  
7.876224e-03  
2.929562e-02  
3.782240e-02  
1.868913e-02  
3.094134e-03  
1.448531e-02  
8.036899e-03  
6.902640e-02  
3.730026e-02  
7.286775e-02  
2.481288e-02  
9.136418e-03  
2.494790e-02  
8.961215e-02  
2.848480e-03  
1.597166e-03  
1.714296e-02  
5.923853e-02  
1.648864e-02  
1.062132e-02  
2.216368e-02  
1.492242e-02  
2.256874e-03  
3.328469e-03  
1.608540e-02  
1.878393e-02  
3.566118e-02  
5.879793e-02  
3.423154e-02  
5.020292e-03  
2.012486e-02  
4.299875e-02  
9.471689e-04  
5.963795e-02  
1.173473e-01  
1.991563e-02  
1.940059e-02  
2.100117e-03  
1.359948e-02  
3.141928e-02  
2.338032e-02  
2.153710e-03  
1.273107e-02  
3.905909e-02  
3.369677e-03  
2.970527e-03  
7.372472e-02  
5.358860e-02  
3.489137e-02  
1.377183e-02  
2.522614e-02  
3.221019e-02  
1.120042e-01  
3.498033e-02  
1.852484e-02  
2.402579e-02  
3.597865e-03  
2.406520e-02  
1.121473e-02  
9.412176e-03  
1.719431e-02  
4.099473e-02  
4.053278e-02  
1.501600e-02  
6.245262e-02  
2.329068e-02  
3.471671e-02  
3.951274e-03  
3.150675e-02  
3.723792e-03  
7.329701e-02  
2.467912e-02  
1.412377e-02  
2.050607e-02  
2.862550e-02  
1.048656e-02  
2.594818e-02  
1.322387e-02  
3.652879e-02  
1.296313e-01  
1.507165e-02  
9.066601e-03  
2.608884e-03  
3.222750e-02  
1.352248e-02  
1.078455e-02  
7.321550e-03  
1.848055e-02  
4.059020e-02  
2.014257e-02  
1.723074e-03  
2.995887e-02  
3.471182e-03  
1.956828e-02  
4.135343e-02  
1.758891e-02  
2.480076e-02  
1.294591e-02  
4.822955e-03  
1.253609e-01  
1.162567e-02  
1.199221e-03  
3.204939e-02  
1.361862e-01  
9.339898e-03  
2.598468e-03  
2.820174e-02  
5.797209e-03  
5.562404e-03  
5.880493e-02  
3.274043e-02  
1.915149e-02  
1.849104e-02  
6.048829e-02  
3.053316e-02  
3.665289e-02  
2.792101e-02  
2.501610e-02  
4.981267e-02  
3.538024e-02  
7.481070e-03  
4.899728e-02  
8.794903e-03  
9.333285e-03  
2.241078e-02  
3.093997e-02  
5.627786e-02  
9.727180e-03  
8.521066e-03  
4.863211e-02  
4.270626e-02  
6.890903e-02  
5.549638e-03  
1.462697e-02  
1.311154e-02  
1.725236e-02  
7.685505e-02  
1.393147e-02  
3.557379e-03  
2.076008e-02  
4.115522e-02  
3.596473e-02  
1.037008e-03  
6.490060e-03  
3.361744e-02  
2.793287e-02  
2.335843e-02  
1.777356e-02  
9.958693e-03  
2.842752e-03  
1.641907e-02  
7.989256e-02  
3.822050e-03  
1.622473e-02  
4.575414e-02  
1.039510e-02  
4.250310e-02  
1.314975e-01  
2.776775e-02  
1.496992e-02  
5.100011e-03  
2.780159e-02  
8.384105e-03  
7.816831e-03  
1.080486e-02  
4.752359e-03  
2.909457e-02  
1.981543e-02  
9.747676e-03  
5.864919e-02  
6.598225e-02  
2.120132e-02  
1.631002e-02  
1.801558e-02  
2.647400e-02  
3.333479e-02  
3.688713e-02  
1.304147e-02  
3.355859e-02  
2.423354e-03  
4.921656e-02  
8.427209e-02  
1.096667e-02  
4.302229e-03  
3.306499e-02  
2.175781e-02  
9.188972e-03  
1.080919e-02  
3.831952e-03  
1.604763e-05  
2.101404e-02  
3.379457e-02  
1.144945e-01  
8.893108e-02  
2.735022e-02  
1.503213e-02  
3.499892e-02  
5.727300e-03  
1.211331e-02  
4.005403e-02  
1.841096e-02  
4.066284e-02  
3.440717e-02  
8.744760e-02  
1.181453e-02  
9.970166e-03  
3.641342e-02  
4.005321e-02  
3.191679e-02  
5.316396e-03  
4.627656e-03  
1.837969e-02  
3.159507e-02  
3.724060e-04  
2.697821e-02  
5.001492e-02  
2.342283e-02  
2.613700e-02  
4.742692e-03  
2.513735e-02  
9.887379e-02  
4.344812e-03  
3.952735e-02  
4.923056e-02  
9.297147e-03  
6.213004e-04  
9.444649e-03  
8.233981e-02  
1.137803e-02  
1.329758e-02  
2.279159e-02  
1.961185e-02  
3.150401e-02  
9.705205e-03  
1.347781e-02  
1.904184e-02  
4.652706e-02  
2.429317e-02  
3.815967e-02  
2.561177e-02  
1.913769e-03  
3.215327e-03  
1.902805e-02  
3.852438e-02  
4.489336e-03  
3.237509e-02  
1.826435e-02  
1.566118e-03  
5.625031e-03  
1.311182e-03  
5.894220e-02  
3.168841e-03  
3.336489e-02  
7.780178e-02  
4.265257e-02  
8.867806e-02  
5.598698e-02  
4.475729e-02  
2.273728e-02  
4.106958e-03  
3.227684e-02  
4.196575e-02  
1.069691e-01  
2.432524e-02  
1.413923e-02  
3.011529e-02  
1.731784e-02  
2.024146e-02  
4.439550e-03  
5.258623e-02  
6.916945e-05  
1.384483e-04  
6.405067e-02  
1.233707e-02  
2.941007e-02  
2.071959e-02  
9.934227e-03  
1.508766e-02  
2.792364e-02  
6.755652e-02  
6.628261e-02  
3.031425e-02  
3.087300e-02  
8.064651e-03  
3.510929e-02  
1.805678e-02  
2.567137e-02  
2.397521e-04  
1.966745e-02  
3.925720e-03  
1.977362e-02  
2.282937e-02  
3.628092e-02  
2.334535e-02  
4.716098e-03  
1.354725e-02  
5.559697e-02  
1.446813e-02  
4.342409e-03  
5.644391e-02  
3.837492e-02  
3.068497e-03  
3.346550e-02  
2.446599e-02  
1.216701e-02  
3.978700e-03  
2.633492e-02  
9.128519e-02  
2.490606e-03  
1.910910e-02  
1.323264e-02  
1.803798e-02  
1.659806e-03  
3.964324e-02  
7.195792e-02  
2.994203e-02  
8.605090e-03  
2.229459e-02  
7.005713e-02  
1.062339e-04  
3.854569e-02  
9.843938e-03  
5.259374e-03  
3.304142e-02  
1.326721e-02  
1.136919e-01  
2.070108e-02  
2.663129e-02  
5.020041e-03  
1.664328e-04  
2.038512e-03  
1.018192e-01  
5.497583e-04  
8.419932e-03  
1.072777e-01  
8.047039e-02  
1.368154e-02  
4.769693e-02  
8.558364e-03  
7.443955e-03  
2.925041e-02  
1.078012e-02  
2.568951e-02  
1.188811e-02  
5.235924e-03  
3.291068e-02  
2.172569e-03  
9.052212e-03  
1.530471e-02  
6.473370e-02  
2.665682e-02  
8.674056e-02  
4.000335e-02  
1.451438e-02  
1.045295e-02  
8.881227e-03  
1.412267e-03  
3.996679e-02  
3.074537e-02  
1.476618e-05  
5.178779e-02  
2.268136e-02  
2.388776e-03  
7.359293e-02  
3.844092e-02  
2.040052e-02  
6.307762e-03  
2.114602e-02  
7.809395e-03  
7.054821e-03  
1.411756e-02  
7.534680e-02  
2.363308e-02  
4.974109e-02  
1.341754e-02  
3.029693e-02  
2.275633e-02  
8.864121e-02  
9.789914e-03  
3.932148e-02  
6.846871e-03  
4.278550e-02  
6.832111e-02  
5.605466e-03  
2.482614e-02  
8.555904e-02  
4.148133e-02  
1.971266e-02  
1.804294e-02  
4.684678e-03  
8.172668e-03  
6.547900e-02  
3.816411e-03  
2.871871e-03  
2.521349e-03  
3.547636e-02  
6.757805e-03  
3.495741e-02  
5.219813e-02  
1.661891e-03  
3.478347e-02  
2.831471e-02  
1.746982e-02  
1.173610e-02  
1.602708e-02  
5.120734e-02  
1.363406e-02  
2.098464e-03  
2.120457e-02  
4.123377e-03  
1.511772e-03  
1.560999e-02  
5.724032e-03  
1.531831e-02  
2.262358e-02  
2.154364e-02  
1.125391e-01  
5.308485e-02  
3.195735e-04  
9.621125e-02  
3.487773e-02  
5.724222e-02  
3.989116e-02  
5.040341e-02  
1.119629e-02  
2.363830e-03  
4.276669e-02  
2.203128e-02  
3.659282e-02  
1.734806e-02  
9.958010e-03  
3.071604e-03  
8.160772e-03  
4.531765e-02  
1.432755e-03  
7.226068e-02  
1.701805e-03  
2.866572e-02  
1.347354e-02  
1.175187e-02  
4.203430e-02  
7.833310e-03  
9.981609e-02  
2.680841e-02  
3.598816e-02  
1.030084e-02  
1.648899e-02  
1.897786e-02  
6.191192e-03  
1.684327e-02  
1.063795e-02  
3.853638e-02  
9.959527e-03  
4.653756e-03  
2.168794e-02  
7.769570e-03  
1.177740e-04  
3.235349e-02  
6.582001e-02  
1.934344e-02  
7.404551e-03  
3.890914e-02  
9.929267e-02  
1.035011e-02  
1.173394e-02  
2.995477e-02  
4.869648e-03  
1.264771e-01  
8.051175e-02  
2.220447e-02  
1.242654e-02  
8.110141e-03  
1.352447e-03  
3.461628e-02  
1.730303e-02  
1.084117e-03  
4.013057e-02  
1.469779e-02  
2.288206e-02  
5.087651e-03  
3.360669e-02  
4.825598e-02  
6.647181e-02  
5.654121e-03  
5.107597e-03  
3.867193e-02  
7.646139e-03  
1.860478e-02  
6.632562e-03  
4.273826e-03  
7.271863e-02  
2.823776e-03  
2.301227e-02  
4.187308e-02  
2.422682e-02  
4.647585e-03  
6.010781e-02  
4.832236e-02  
2.093651e-02  
3.239986e-02  
2.263136e-02  
8.854531e-02  
7.167243e-03  
3.557122e-02  
2.002224e-03  
2.312361e-02  
7.935450e-02  
3.845648e-02  
6.736492e-02  
3.121206e-02  
6.651794e-02  
1.565672e-02  
1.165369e-02  
4.609320e-02  
1.827885e-02  
7.655880e-04  
7.049542e-04  
2.325095e-02  
1.236440e-02  
3.605309e-03  
1.081772e-01  
2.576264e-02  
4.894131e-03  
1.247257e-02  
1.296083e-02  
4.181262e-02  
1.079391e-02  
4.708212e-02  
1.821575e-02  
5.447124e-02  
8.962923e-03  
1.827819e-02  
2.056961e-02  
4.915910e-03  
3.703942e-02  
3.429593e-02  
5.403317e-02  
5.190429e-02  
5.627840e-03  
2.551120e-02  
5.002764e-02  
1.439625e-02  
3.693636e-02  
3.389667e-03  
2.509797e-02  
2.565469e-03  
3.572888e-03  
7.425204e-03  
2.007858e-02  
5.231379e-03  
1.551959e-02  
4.852029e-03  
2.604060e-02  
3.886786e-02  
5.992875e-03  
9.464866e-02  
3.843312e-03  
2.007202e-02  
2.579414e-02  
3.499766e-02  
6.320654e-02  
1.889003e-02  
3.247555e-03  
1.048162e-01  
7.988820e-03  
1.503900e-02  
7.921115e-02  
7.718570e-03  
7.445293e-03  
3.064271e-02  
6.949368e-03  
1.599106e-02  
2.184914e-02  
2.778278e-02  
7.767696e-03  
2.692109e-02  
9.542165e-02  
5.372605e-02  
6.246260e-02  
8.322415e-03  
4.868781e-03  
2.854418e-02  
1.806648e-02  
2.486893e-02  
3.720007e-02  
2.717240e-02  
7.148693e-02  
2.816254e-02  
6.979633e-02  
2.026316e-03  
1.078701e-02  
1.552497e-02  
6.487803e-02  
2.166152e-03  
3.811458e-02  
2.868534e-02  
8.831195e-03  
9.794196e-03  
1.082382e-02  
1.961799e-02  
2.023406e-02  
4.769905e-02  
3.892593e-02  
4.887557e-02  
1.147072e-02  
2.435319e-03  
1.073351e-01  
1.945297e-02  
5.190613e-02  
5.133161e-03  
8.584475e-03  
1.446649e-02  
6.576251e-02  
1.371574e-02  
1.826669e-02  
4.319878e-03  
2.478712e-02  
1.818656e-02  
3.643333e-02  
2.309547e-02  
9.340833e-03  
9.158161e-02  
8.031265e-03  
7.769134e-02  
1.114891e-02  
1.724981e-03  
1.859291e-03  
9.686527e-03  
1.329806e-03  
1.739173e-02  
1.267680e-02  
1.473676e-02  
5.398208e-02  
3.325779e-02  
2.528367e-03  
1.548230e-03  
3.664067e-02  
3.586606e-02  
1.892389e-02  
7.857719e-02  
1.510741e-02  
4.978709e-02  
2.656680e-02  
9.644884e-02  
5.361225e-02  
1.871096e-02  
4.662349e-02  
2.474369e-02  
2.140280e-02  
2.588650e-03  
2.365245e-03  
2.101615e-02  
2.746949e-02  
7.235202e-02  
1.830452e-02  
9.351848e-02  
1.054205e-02  
7.855969e-03  
8.896726e-03  
3.231038e-02  
2.322968e-03  
8.666591e-02  
4.150275e-03  
3.300217e-02  
3.850873e-02  
1.086756e-02  
3.412072e-02  
2.530217e-02  
1.188943e-02  
4.748634e-02  
4.502775e-02  
9.199725e-03  
2.795065e-02  
1.505525e-02  
1.007528e-02  
3.848545e-02  
1.115748e-01  
2.218094e-02  
3.615441e-03  
5.713997e-03  
2.040920e-02  
8.189104e-03  
5.732190e-02  
2.310707e-02  
6.276421e-03  
1.107153e-02  
1.015401e-02  
9.025545e-03  
3.724018e-02  
9.195517e-03  
3.453627e-02  
3.537556e-02  
2.020292e-02  
8.928483e-02  
9.950245e-03  
8.079229e-02  
1.255323e-03  
2.064429e-02  
1.765559e-02  
7.775785e-03  
1.629321e-02  
2.187778e-02  
2.209801e-02  
1.738320e-02  
7.822266e-02  
1.113814e-03  
1.072864e-02  
2.031445e-02  
6.587259e-03  
4.734301e-02  
3.482972e-02  
1.886248e-02  
8.983113e-03  
4.759751e-02  
4.788919e-02  
4.602606e-02  
9.939657e-02  
4.923914e-02  
2.293799e-03  
4.897794e-03  
2.437962e-03  
2.777599e-02  
3.052401e-04  
3.594596e-03  
4.560551e-02  
3.716028e-02  
1.467411e-02  
2.788871e-02  
2.462985e-03  
7.758072e-02  
6.364049e-02  
7.746567e-02  
2.624176e-02  
6.459063e-04  
4.641481e-02  
1.192093e-02  
1.029970e-02  
1.093554e-03  
3.097005e-02  
5.322819e-02  
2.980997e-03  
4.520733e-03  
4.015210e-02  
6.815054e-02  
4.125779e-02  
9.338724e-03  
9.293630e-03  
2.761860e-02  
3.895103e-02  
1.983802e-02  
3.005777e-02  
1.265097e-02  
1.703022e-02  
4.892267e-03  
1.513235e-02  
4.608163e-02  
3.594936e-02  
1.985476e-02  
1.486860e-02  
1.408656e-02  
6.652113e-02  
5.136967e-02  
5.173957e-02  
9.010445e-03  
8.289005e-02  
4.460046e-02  
8.806402e-02  
1.905062e-02  
2.701919e-02  
1.922876e-03  
3.960935e-02  
3.230082e-03  
5.490165e-02  
1.671260e-02  
4.809013e-02  
7.237665e-03  
4.420393e-02  
3.481848e-02  
2.656739e-03  
2.260707e-02  
2.750963e-03  
7.443256e-03  
1.142314e-03  
2.064495e-02  
2.447307e-02  
8.846958e-03  
1.042135e-02  
2.753169e-02  
4.423438e-02  
6.169666e-03  
2.455833e-02  
6.667396e-02  
1.655602e-02  
2.308869e-03  
1.635610e-02  
3.632387e-03  
2.498567e-02  
9.601936e-02  
4.672507e-02  
1.086520e-02  
8.092839e-03  
1.099449e-02  
3.884557e-03  
7.965771e-03  
5.167401e-02  
6.897320e-02  
4.541321e-03  
1.475623e-02  
7.583578e-03  
4.351409e-02  
2.775230e-02  
8.737981e-02  
3.192231e-02  
2.321973e-02  
1.610933e-02  
2.799468e-02  
1.876583e-02  
5.234812e-02  
1.864446e-02  
2.375935e-03  
1.664789e-02  
3.083247e-02  
1.229069e-02  
1.955359e-02  
8.719311e-03  
1.106638e-02  
2.388903e-02  
7.105848e-02  
5.525007e-02  
1.039783e-02  
1.735187e-02  
1.585451e-02  
7.877312e-03  
1.122522e-02  
1.033660e-02  
1.733921e-02  
1.250149e-02  
5.239825e-02  
1.299457e-02  
2.636317e-02  
2.077309e-02  
6.475558e-04  
5.272250e-02  
1.664274e-02  
2.339343e-02  
5.360917e-03  
2.247898e-03  
2.818522e-02  
6.603670e-02  
1.379794e-02  
5.602110e-02  
1.953190e-02  
1.155195e-02  
6.577988e-03  
1.217702e-02  
6.837016e-02  
2.155068e-02  
1.003453e-02  
5.495812e-02  
5.446732e-02  
8.555587e-03  
2.565184e-03  
8.685707e-02  
5.971939e-02  
3.890853e-02  
1.394282e-02  
3.348580e-02  
5.988106e-02  
3.966393e-03  
3.045482e-02  
3.252758e-02  
1.159294e-02  
1.005037e-01  
7.159027e-02  
1.090803e-02  
5.230848e-02  
3.399458e-02  
7.888694e-03  
1.931985e-04  
1.590894e-03  
2.856951e-02  
1.186074e-02  
1.249245e-02  
1.133046e-02  
9.040436e-03  
1.366884e-02  
5.137280e-02  
5.708095e-03  
7.640674e-04  
2.964324e-03  
3.192516e-03  
3.429541e-02  
1.817828e-01  
6.937937e-03  
3.691233e-02  
7.555355e-02  
1.522311e-02  
1.238913e-02  
1.632357e-03  
3.735852e-02  
3.527263e-03  
6.310217e-03  
7.236081e-02  
7.232804e-03  
1.764178e-02  
3.578859e-02  
1.806711e-02  
2.223595e-02  
3.565087e-02  
1.062402e-01  
6.524047e-02  
5.327987e-02  
2.820587e-03  
2.823796e-03  
3.632440e-02  
2.019556e-02  
5.510978e-03  
2.368946e-02  
2.751452e-02  
3.123869e-02  
2.236424e-02  
1.258575e-01  
1.483723e-02  
1.443539e-02  
9.706879e-04  
1.607388e-02  
1.474176e-02  
5.989968e-03  
2.860299e-03  
4.741512e-02  
6.194174e-03  
4.532617e-02  
1.838697e-02  
2.588779e-03  
5.754414e-02  
4.188518e-03  
5.315952e-02  
2.054651e-03  
2.494887e-02  
1.579934e-02  
4.313298e-03  
3.092294e-02  
3.894327e-02  
5.012491e-02  
2.956439e-02  
1.381372e-03  
7.154611e-03  
3.631845e-02  
5.713201e-02  
5.648130e-02  
4.068161e-02  
7.410427e-03  
6.397095e-02  
1.297682e-02  
5.242415e-05  
1.163865e-02  
2.096490e-02  
9.390093e-03  
5.524624e-03  
1.692743e-02  
4.190752e-03  
7.844472e-02  
3.824702e-02  
1.315991e-02  
5.988531e-02  
2.019339e-02  
2.260374e-02  
5.075376e-02  
1.659825e-02  
3.529484e-02  
3.210213e-02  
1.054610e-02  
1.066412e-02  
7.414593e-02  
1.579073e-02  
1.550481e-02  
1.654415e-02  
4.966727e-02  
2.694655e-02  
5.225196e-03  
2.513978e-02  
4.482295e-03  
3.137319e-02  
1.760027e-04  
3.627758e-02  
8.971389e-03  
2.982156e-02  
1.194584e-01  
3.855641e-02  
1.549036e-02  
1.160549e-02  
3.365169e-03  
3.419190e-02  
4.952185e-02  
3.155428e-02  
1.920823e-02  
1.731561e-02  
3.856268e-03  
9.033692e-02  
4.345601e-02  
2.480550e-02  
6.612731e-03  
9.912729e-03  
5.081840e-02  
2.210531e-02  
2.707971e-03  
3.645209e-02  
6.289947e-02  
1.477036e-02  
9.587349e-03  
4.132006e-02  
5.466188e-03  
6.952508e-03  
1.262849e-01  
3.005221e-02  
1.204170e-02  
2.134378e-02  
7.217653e-03  
2.788427e-02  
6.438447e-02  
1.260982e-02  
8.583156e-03  
3.074404e-02  
1.461879e-02  
2.116874e-02  
3.488024e-02  
5.587294e-02  
2.199639e-02  
4.583967e-03  
3.535851e-02  
1.639270e-02  
1.808104e-03  
1.491966e-02  
1.302320e-02  
1.249247e-02  
1.467040e-02  
3.520072e-02  
1.669300e-02  
9.872169e-02  
5.378918e-03  
3.291254e-03  
2.876809e-03  
2.313247e-02  
1.327705e-03  
7.706859e-02  
5.888207e-03  
4.839535e-02  
7.214062e-02  
6.628146e-04  
2.313679e-02  
2.037115e-03  
1.633261e-02  
3.614904e-03  
2.224563e-02  
2.790978e-02  
3.820420e-02  
8.273553e-03  
1.868083e-02  
3.219093e-02  
9.160714e-03  
2.734810e-02  
1.824966e-02  
4.190917e-02  
2.130512e-02  
5.181913e-02  
6.775999e-02  
3.761767e-03  
4.469826e-02  
8.729321e-03  
3.408800e-02  
2.327586e-02  
7.418140e-03  
7.477601e-02  
3.292085e-03  
5.548330e-02  
9.616207e-02  
2.209097e-02  
1.846975e-02  
1.271111e-01  
1.008136e-02  
4.065766e-03  
1.052518e-03  
1.022380e-02  
2.437892e-02  
4.013207e-02  
7.834800e-03  
3.043047e-03  
1.078676e-02  
1.191423e-02  
3.038502e-03  
8.532255e-03  
2.545353e-02  
2.548545e-03  
2.381632e-03  
4.760863e-02  
1.552159e-01  
9.507058e-03  
2.359286e-03  
7.329714e-03  
1.306332e-01  
4.465300e-02  
6.840354e-02  
6.840582e-03  
1.837036e-02  
1.867478e-02  
4.477014e-02  
6.719151e-02  
2.712116e-02  
2.888927e-03  
3.153063e-02  
2.266804e-02  
1.360011e-02  
2.981463e-02  
1.746616e-02  
4.002814e-02  
4.973531e-02  
1.878357e-03  
2.118250e-02  
2.341486e-03  
2.521467e-03  
8.616882e-03  
3.177893e-03  
3.423393e-02  
1.401603e-02  
5.447590e-02  
1.610389e-02  
1.027747e-04  
2.505660e-02  
2.889506e-02  
1.127515e-02  
3.827206e-02  
4.154684e-02  
2.043859e-02  
3.751991e-02  
4.325234e-02  
2.500817e-02  
1.264486e-03  
2.785075e-02  
2.292641e-03  
1.144352e-02  
6.862857e-04  
1.945366e-02  
8.656822e-03  
2.412281e-02  
2.125548e-02  
7.229786e-03  
9.115641e-02  
4.925749e-02  
6.262717e-02  
1.933433e-03  
1.029790e-01  
3.193628e-03  
1.374048e-02  
1.452848e-02  
9.721457e-02  
3.712104e-02  
5.407921e-02  
3.593107e-03  
5.767995e-03  
2.326694e-02  
1.715618e-02  
1.932658e-02  
1.013934e-01  
1.583188e-02  
2.713583e-02  
8.280589e-03  
1.002339e-02  
3.641023e-02  
2.720328e-02  
4.459961e-03  
1.830639e-02  
3.594286e-02  
2.373804e-02  
1.989362e-03  
2.961781e-02  
2.568703e-02  
3.456468e-03  
8.541484e-03  
1.563004e-02  
3.724970e-02  
5.629772e-02  
6.964870e-02  
6.039848e-02  
3.624143e-02  
9.489690e-02  
2.140232e-02  
6.882495e-03  
1.390367e-02  
6.474725e-03  
4.137041e-03  
1.280957e-02  
6.281918e-02  
1.236175e-03  
7.190336e-02  
2.747658e-03  
7.864303e-02  
1.807995e-02  
1.987240e-02  
6.331878e-02  
1.355373e-01  
9.347503e-03  
2.671722e-02  
5.641321e-02  
2.453914e-03  
2.117650e-03  
1.459823e-02  
1.708679e-02  
1.026413e-01  
6.959865e-03  
2.001667e-02  
1.010339e-02  
3.088717e-04  
6.209265e-03  
5.298590e-03  
6.457195e-02  
1.826488e-02  
2.517657e-03  
1.685279e-02  
1.386227e-02  
1.814681e-02  
3.107683e-03  
5.756896e-04  
2.717716e-03  
6.496440e-02  
1.103113e-01  
1.091138e-03  
1.874562e-03  
9.529937e-03  
1.084476e-02  
3.895237e-02  
5.031880e-03  
2.571390e-02  
1.205791e-02  
1.955953e-02  
9.370932e-02  
1.104534e-02  
2.015952e-02  
1.338704e-02  
2.634131e-02  
1.771273e-02  
1.273249e-01  
6.306593e-02  
1.380080e-03  
2.430475e-02  
5.117803e-03  
1.608563e-02  
2.633333e-02  
2.605070e-03  
2.240201e-03  
1.707399e-02  
2.115472e-02  
1.709975e-02  
1.509594e-02  
5.377727e-02  
3.114203e-02  
4.166460e-02  
5.479887e-02  
4.380816e-03  
3.777415e-02  
2.441989e-03  
1.272039e-03  
5.579632e-03  
7.872828e-02  
5.504263e-02  
2.951189e-02  
1.412032e-02  
3.608114e-02  
1.436643e-02  
6.805063e-03  
1.105593e-02  
5.039832e-02  
1.219001e-02  
2.949067e-02  
3.810969e-03  
9.202697e-04  
9.553186e-03  
1.359115e-03  
9.851886e-02  
1.793345e-03  
6.904280e-02  
5.083996e-02  
7.778583e-03  
7.893855e-02  
5.330047e-03  
7.015577e-02  
4.448430e-02  
3.436574e-02  
8.807939e-04  
1.902764e-02  
3.887764e-02  
7.617312e-02  
8.155736e-03  
1.975284e-02  
3.241499e-02  
1.948438e-02  
2.598772e-02  
7.270745e-03  
4.647523e-03  
1.197273e-02  
5.444290e-02  
8.016331e-03  
7.506533e-02  
5.681641e-03  
7.271909e-03  
2.583898e-02  
4.987779e-03  
4.138593e-03  
7.815849e-03  
4.139187e-02  
6.261459e-03  
3.972042e-02  
7.115073e-02  
1.860494e-02  
2.053410e-02  
3.293162e-02  
1.197022e-03  
8.913152e-02  
2.825808e-04  
7.367170e-03  
1.663422e-02  
1.906141e-05  
5.768580e-03  
3.425039e-02  
6.011129e-02  
6.577982e-03  
1.153142e-01  
1.543190e-02  
8.828666e-04  
1.107761e-01  
6.414936e-03  
5.531641e-02  
5.468649e-03  
7.735380e-03  
2.711433e-02  
5.288696e-02  
1.190692e-02  
1.776581e-02  
7.228878e-03  
3.059493e-03  
2.600973e-02  
1.935630e-02  
1.028708e-02  
3.035480e-03  
6.240849e-02  
1.630844e-02  
1.549933e-02  
4.605111e-02  
5.444439e-03  
1.252390e-01  
5.187254e-03  
5.383673e-02  
4.493573e-02  
1.232228e-02  
3.250311e-03  
1.390706e-02  
2.181116e-02  
2.345102e-02  
1.155382e-01  
5.174707e-02  
4.639955e-03  
2.135908e-02  
1.660692e-02  
2.747110e-03  
1.841127e-02  
4.312917e-02  
6.781062e-02  
4.648511e-02  
2.109753e-02  
1.365816e-02  
5.590487e-03  
7.171943e-03  
2.761230e-02  
2.386502e-02  
7.581134e-02  
4.315666e-02  
3.672451e-03  
9.974159e-02  
5.685146e-03  
8.266669e-03  
3.247520e-02  
4.630938e-03  
5.623212e-03  
9.199593e-03  
4.037172e-02  
5.160398e-02  
1.275504e-02  
1.555612e-03  
1.183109e-02  
5.700018e-02  
3.964255e-02  
3.561480e-02  
5.411689e-03  
3.012486e-02  
8.233255e-03  
2.884883e-02  
5.498001e-03  
1.334432e-02  
2.464651e-02  
7.277924e-02  
5.414904e-02  
1.522302e-02  
1.924677e-02  
4.243061e-02  
4.327743e-03  
1.013955e-02  
5.997186e-02  
2.775304e-02  
1.536886e-02  
2.470696e-02  
2.185851e-03  
6.252360e-03  
4.086188e-02  
1.209341e-03  
3.455264e-02  
3.294525e-02  
5.258489e-02  
2.496653e-02  
1.250403e-02  
3.190976e-02  
3.533796e-03  
5.409629e-04  
2.301557e-02  
1.327962e-02  
5.429863e-03  
6.574720e-02  
5.364427e-02  
1.607222e-02  
2.397264e-02  
6.952545e-03  
6.823064e-02  
6.283181e-03  
1.801762e-02  
6.432826e-02  
2.496039e-02  
1.344360e-03  
3.040719e-02  
4.874664e-02  
4.468477e-02  
5.142351e-03  
3.293234e-03  
2.856311e-02  
5.646050e-02  
1.348857e-02  
1.091810e-01  
3.871407e-04  
8.306496e-03  
1.481611e-02  
6.289747e-02  
4.304696e-02  
1.279182e-02  
1.003827e-01  
4.380994e-02  
1.048927e-01  
5.886007e-03  
3.545516e-02  
4.068667e-02  
1.252606e-02  
2.744069e-02  
2.492403e-02  
1.158906e-03  
1.969593e-02  
5.658150e-02  
2.314268e-02  
2.193056e-02  
1.596255e-04  
5.672761e-03  
9.828807e-02  
6.352053e-03  
1.338955e-02  
2.267615e-02  
4.622052e-02  
3.839072e-02  
2.429432e-02  
4.424372e-02  
1.808710e-03  
2.295880e-03  
9.536118e-03  
1.424481e-02  
6.215586e-03  
5.451857e-03  
1.992309e-02  
1.896387e-02  
2.043798e-02  
6.306121e-03  
3.251206e-02  
6.056968e-03  
2.515872e-02  
6.640544e-02  
5.166728e-02  
3.690101e-02  
7.150113e-02  
3.916590e-02  
5.827169e-03  
3.301957e-02  
3.315739e-02  
3.721749e-02  
7.059411e-02  
2.849757e-02  
1.896343e-02  
2.199205e-02  
1.973412e-03  
2.065437e-02  
6.812412e-02  
4.421221e-02  
6.715000e-03  
2.915692e-02  
1.184364e-02  
3.590174e-02  
2.520328e-04  
5.571733e-03  
1.838384e-02  
1.272728e-02  
1.357238e-02  
3.641692e-02  
3.334170e-02  
1.688435e-02  
3.468974e-02  
1.266176e-02  
4.337774e-03  
3.264106e-02  
5.977645e-03  
3.122368e-03  
2.211057e-02  
3.085634e-02  
4.372980e-02  
1.026450e-02  
9.826580e-03  
3.131520e-02  
4.791371e-02  
8.982963e-03  
9.078020e-02  
7.378887e-02  
3.787264e-03  
8.754631e-02  
5.330645e-02  
5.407121e-02  
1.555567e-03  
7.310855e-02  
2.447266e-03  
5.011357e-03  
3.318355e-03  
2.478112e-02  
2.603435e-02  
1.963234e-02  
8.158291e-04  
1.699330e-02  
5.276501e-02  
3.084599e-02  
5.839488e-03  
4.374362e-02  
1.721199e-02  
1.418554e-02  
1.079871e-02  
1.860153e-02  
4.069506e-03  
3.921721e-02  
1.294329e-02  
7.674566e-02  
7.974377e-03  
3.108225e-02  
4.550053e-02  
1.223386e-02  
2.373141e-02  
2.567715e-03  
6.930958e-03  
4.918895e-03  
8.224552e-02  
2.749785e-02  
4.880181e-02  
8.420501e-03  
6.588985e-03  
1.250876e-02  
6.884664e-03  
2.219489e-02  
1.181255e-03  
1.884557e-01  
1.829524e-02  
2.122047e-02  
3.132376e-02  
7.401939e-02  
4.096196e-02  
2.431778e-02  
3.693283e-02  
1.490242e-02  
2.481109e-02  
2.062071e-03  
7.734280e-03  
1.322864e-03  
1.937083e-02  
9.070344e-02  
1.277486e-02  
3.205105e-02  
1.742331e-03  
1.594797e-02  
1.664878e-02  
3.709578e-02  
2.445001e-03  
8.326778e-02  
3.621428e-03  
1.893874e-02  
4.970573e-02  
3.589931e-02  
2.007824e-02  
5.766398e-03  
1.657204e-02  
2.215776e-04  
5.279118e-03  
6.197898e-03  
1.659925e-01  
2.685609e-02  
5.435887e-03  
2.138010e-02  
2.895669e-04  
5.255381e-02  
3.218984e-02  
2.908291e-02  
2.875640e-02  
1.542225e-02  
2.833316e-02  
4.703663e-03  
1.080394e-02  
2.348866e-04  
6.759249e-02  
3.604423e-02  
8.950988e-03  
1.021524e-03  
5.350521e-03  
1.489767e-02  
4.103424e-02  
2.002781e-02  
9.095820e-03  
2.658806e-02  
9.145748e-02  
2.734745e-02  
8.280387e-03  
3.368814e-02  
6.138489e-02  
6.218738e-03  
5.358903e-03  
3.835127e-02  
2.040643e-02  
1.188300e-02  
1.444629e-03  
3.846077e-02  
1.750469e-02  
1.319914e-02  
3.766780e-02  
1.821382e-02  
3.690142e-02  
1.226085e-02  
3.803545e-02  
1.018193e-02  
7.983467e-02  
3.564471e-02  
5.195986e-02  
1.091550e-01  
3.745051e-02  
3.060986e-03  
1.583276e-03  
2.609717e-02  
3.986006e-02  
1.607147e-02  
1.113314e-02  
8.837062e-03  
1.727753e-02  
8.797152e-03  
9.460515e-03  
2.303753e-03  
7.165730e-02  
2.686113e-02  
4.139347e-02  
3.328278e-04  
4.859502e-02  
4.710478e-03  
5.849476e-04  
2.408880e-02  
5.192160e-03  
6.090755e-02  
5.317486e-02  
3.608702e-02  
8.457733e-02  
1.312010e-02  
1.361729e-02  
4.739966e-02  
2.615978e-03  
3.602691e-02  
9.699096e-04  
8.239350e-02  
2.601135e-02  
2.469386e-02  
2.622344e-02  
4.362477e-04  
2.813234e-02  
7.417773e-02  
3.313139e-02  
1.914674e-02  
4.000503e-02  
4.847346e-03  
6.331256e-02  
2.360325e-02  
1.580527e-01  
9.304975e-03  
2.459695e-02  
2.147267e-03  
4.075661e-03  
3.452521e-03  
2.748148e-02  
6.825989e-02  
3.334890e-03  
2.771140e-02  
3.470662e-03  
9.216193e-03  
5.257335e-02  
9.886825e-03  
9.423320e-03  
3.903082e-02  
4.012685e-03  
3.798006e-03  
1.126579e-04  
3.873509e-02  
3.467799e-05  
4.778519e-02  
5.635702e-03  
2.545161e-02  
1.097012e-02  
1.310378e-02  
8.506711e-03  
5.074574e-02  
1.089569e-01  
2.143327e-02  
5.490096e-02  
2.202983e-02  
2.855324e-02  
2.099903e-03  
2.759062e-02  
2.499062e-02  
3.322403e-02  
1.357735e-02  
3.272580e-02  
2.970527e-02  
9.151598e-02  
6.689610e-02  
1.196927e-02  
6.653572e-02  
2.890632e-02  
8.663366e-03  
2.780955e-02  
2.213920e-02  
1.647208e-02  
2.208563e-02  
5.698925e-02  
1.926877e-02  
3.757575e-02  
8.957692e-02  
2.876286e-02  
3.149701e-02  
1.246324e-03  
8.270741e-03  
7.372660e-03  
2.514944e-02  
2.845176e-02  
5.462202e-03  
2.248273e-02  
2.933907e-02  
2.256890e-02  
4.346630e-03  
2.047647e-02  
5.702469e-03  
2.865649e-02  
5.464750e-04  
3.038547e-02  
3.609985e-03  
1.712431e-02  
1.366560e-02  
2.272923e-02  
1.298185e-03  
1.721453e-02  
4.598435e-02  
3.499301e-02  
8.643229e-04  
4.070615e-02  
1.180125e-02  
1.283190e-02  
1.035180e-01  
4.438087e-02  
7.231315e-02  
3.241963e-02  
5.266539e-03  
8.746736e-04  
5.111721e-02  
7.352458e-02  
2.631393e-02  
1.152658e-02  
1.871835e-03  
4.896058e-02  
3.729981e-02  
2.212646e-02  
2.974858e-02  
1.500251e-02  
1.819808e-02  
6.042117e-03  
2.631263e-02  
4.191220e-02  
4.885880e-02  
9.650490e-03  
3.204210e-02  
1.002818e-02  
1.392252e-02  
8.503910e-03  
2.693932e-02  
6.805446e-03  
6.803484e-02  
1.791504e-02  
2.893914e-02  
7.170501e-03  
1.564058e-02  
3.380869e-02  
5.719756e-02  
1.391697e-02  
3.140977e-02  
1.084380e-03  
3.395078e-02  
5.657103e-02  
1.282953e-02  
5.925011e-03  
1.069414e-02  
4.611753e-02  
7.323207e-02  
1.958866e-02  
1.264316e-02  
3.686544e-02  
1.686967e-02  
3.667361e-04  
4.698560e-03  
1.999990e-02  
1.721252e-02  
6.179883e-02  
1.002564e-02  
1.382629e-01  
3.933843e-02  
1.873798e-02  
4.922651e-02  
3.258858e-02  
1.328569e-02  
7.614387e-02  
5.789107e-03  
4.178301e-02  
1.160824e-01  
3.549438e-03  
7.593062e-02  
2.952801e-02  
1.900410e-02  
8.281939e-03  
2.203825e-02  
2.465350e-02  
2.192362e-02  
1.480901e-02  
1.725874e-03  
2.869071e-02  
2.767566e-03  
1.678790e-02  
4.942862e-03  
2.212794e-02  
2.450373e-02  
5.468525e-02  
3.889858e-02  
1.316145e-02  
4.454574e-03  
6.383138e-03  
2.365372e-02  
4.291821e-03  
3.051058e-02  
2.772693e-02  
6.959171e-02  
1.666919e-02  
3.507082e-02  
9.144463e-02  
3.925748e-02  
3.615918e-02  
2.004925e-03  
1.531650e-03  
4.402250e-02  
1.050852e-01  
9.915277e-02  
8.310734e-04  
1.565904e-02  
2.152148e-02  
8.561816e-03  
7.726376e-03  
4.108308e-02  
1.096529e-02  
3.739840e-02  
7.362157e-03  
1.911055e-02  
4.787384e-02  
1.673446e-02  
3.213362e-02  
1.644186e-02  
2.030355e-02  
1.068345e-02  
6.612106e-02  
5.390406e-02  
1.943452e-03  
2.491656e-02  
5.018986e-03  
5.085310e-03  
2.279170e-02  
4.829627e-02  
7.557005e-03  
1.511405e-02  
4.220239e-03  
1.198288e-02  
9.712553e-03  
5.146215e-02  
5.912960e-02  
2.665688e-03  
3.347251e-02  
6.228274e-03  
4.873394e-02  
3.612602e-02  
1.985750e-02  
8.518832e-03  
1.255159e-01  
1.012276e-02  
5.517236e-02  
9.301055e-03  
4.128786e-03  
4.000366e-02  
6.332396e-03  
5.079525e-02  
7.364825e-03  
5.653414e-02  
1.640855e-02  
5.991909e-02  
1.953047e-02  
2.318628e-02  
1.163437e-03  
1.258077e-02  
3.695200e-03  
1.998068e-02  
1.154611e-02  
3.346818e-02  
1.346658e-02  
3.536511e-02  
4.870394e-02  
3.550559e-02  
9.461286e-03  
1.484054e-02  
7.848374e-03  
2.020904e-03  
2.286086e-02  
8.535795e-02  
3.394673e-02  
5.342980e-02  
1.198637e-02  
4.386983e-02  
1.240930e-02  
4.465549e-02  
9.811888e-03  
1.661235e-02  
1.619264e-03  
1.903429e-02  
1.728176e-02  
3.493461e-02  
6.600931e-03  
6.726113e-02  
2.610198e-02  
7.048985e-03  
1.163673e-02  
2.553312e-02  
1.279297e-02  
3.153948e-02  
1.719407e-02  
1.792207e-02  
1.422254e-02  
1.418238e-02  
4.578926e-02  
2.402231e-02  
9.058073e-02  
6.818584e-02  
2.651771e-02  
9.178747e-03  
7.770545e-03  
5.823867e-02  
