0.000000e+00     -3.486774e-06     2.142568e-06     -7.671923e-07
3.000000e-01     -6.835119e-06     5.464916e-06     -1.369933e-06
6.000000e-01     -4.346843e-06     5.955361e-06     2.302249e-08
9.000000e-01     -3.455848e-06     6.766135e-06     -7.041669e-10
1.200000e+00     -3.068834e-06     7.338079e-06     -2.268073e-06
1.500000e+00     -3.569385e-06     8.230956e-06     -3.285104e-06
1.800000e+00     -3.634691e-06     8.521226e-06     -2.140571e-06
2.100000e+00     -3.672292e-06     6.601598e-06     -2.917922e-07
2.400000e+00     -2.540358e-06     4.947173e-06     -2.044813e-08
2.700000e+00     -2.210174e-06     6.147038e-06     -8.104189e-07
3.000000e+00     -2.674996e-06     6.314655e-06     -1.028062e-06
3.300000e+00     -4.602414e-06     5.593051e-06     -1.372563e-06
3.600000e+00     -5.680076e-06     4.533746e-06     -1.547702e-06
3.900000e+00     -5.705286e-06     4.459144e-06     -1.026956e-06
4.200000e+00     -4.787088e-06     7.100226e-06     -2.565663e-07
4.500000e+00     -3.722103e-06     8.661008e-06     -1.402142e-06
4.800000e+00     -2.909575e-06     8.636148e-06     -2.166622e-06
5.100000e+00     -2.803538e-06     7.759766e-06     -1.762514e-06
5.400000e+00     -3.547480e-06     6.999412e-06     -1.304165e-06
5.700000e+00     -4.515522e-06     7.021718e-06     -1.960577e-06
6.000000e+00     -5.183264e-06     7.127412e-06     -1.716373e-06
6.300000e+00     -4.725961e-06     6.570515e-06     -6.594089e-07
6.600000e+00     -4.092657e-06     6.515939e-06     -3.981265e-07
6.900000e+00     -4.055390e-06     5.708961e-06     -6.851870e-07
7.200000e+00     -3.327438e-06     5.825641e-06     -1.638920e-06
7.500000e+00     -3.015650e-06     6.863954e-06     -2.110235e-06
7.800000e+00     -4.342721e-06     6.957321e-06     -2.400232e-06
8.100000e+00     -4.748491e-06     7.117854e-06     -1.776336e-06
8.400000e+00     -4.488675e-06     7.116495e-06     -6.890145e-07
8.700000e+00     -3.781817e-06     8.207766e-06     -1.179034e-06
9.000000e+00     -3.052877e-06     8.266643e-06     -7.600613e-07
9.300000e+00     -3.653550e-06     7.729947e-06     -1.049402e-06
9.600000e+00     -4.392160e-06     6.336860e-06     -1.806213e-06
9.900000e+00     -3.479519e-06     6.011681e-06     -1.054809e-06
1.020000e+01     -3.394579e-06     5.950689e-06     -8.535809e-07
1.050000e+01     -3.997035e-06     5.769659e-06     -1.299629e-06
1.080000e+01     -3.549968e-06     7.089837e-06     -1.296701e-06
1.110000e+01     -3.470018e-06     7.967160e-06     -1.180148e-06
1.140000e+01     -4.217535e-06     7.379107e-06     -2.106711e-06
1.170000e+01     -4.399675e-06     7.154529e-06     -2.468292e-06
1.200000e+01     -3.825954e-06     7.078557e-06     -1.464635e-06
1.230000e+01     -4.158273e-06     7.642141e-06     -1.274267e-06
1.260000e+01     -4.368268e-06     7.529426e-06     -1.512895e-06
1.290000e+01     -4.063795e-06     6.942000e-06     -2.387945e-06
1.320000e+01     -3.591840e-06     7.013141e-06     -2.308284e-06
1.350000e+01     -3.447243e-06     7.299846e-06     -1.505382e-06
1.380000e+01     -3.406652e-06     8.316856e-06     -4.746433e-07
1.410000e+01     -3.875443e-06     8.805948e-06     -9.908128e-09
1.440000e+01     -4.722840e-06     8.682743e-06     -7.907635e-07
1.470000e+01     -4.373211e-06     7.877097e-06     -1.800007e-06
1.500000e+01     -2.998119e-06     6.649661e-06     -1.880676e-06
1.530000e+01     -3.218599e-06     5.626011e-06     -1.244518e-06
1.560000e+01     -3.138753e-06     6.226981e-06     -1.370543e-06
1.590000e+01     -3.125792e-06     7.787207e-06     -1.514502e-06
1.620000e+01     -4.164356e-06     7.504550e-06     -1.166863e-06
1.650000e+01     -4.688848e-06     7.400655e-06     -1.411364e-06
1.680000e+01     -4.672872e-06     7.109630e-06     -1.844126e-06
1.710000e+01     -4.199141e-06     6.151646e-06     -2.166596e-06
1.740000e+01     -4.273322e-06     5.999217e-06     -1.737223e-06
1.770000e+01     -5.014492e-06     7.008661e-06     -1.057979e-06
1.800000e+01     -5.156539e-06     8.503599e-06     -1.639735e-06
1.830000e+01     -4.409384e-06     9.586236e-06     -2.310491e-06
1.860000e+01     -4.242270e-06     9.320405e-06     -1.633948e-06
1.890000e+01     -3.062452e-06     7.558446e-06     -2.860006e-07
1.920000e+01     -2.120821e-06     6.398646e-06     1.316638e-07
1.950000e+01     -2.551133e-06     6.539828e-06     -8.651381e-07
1.980000e+01     -2.408620e-06     6.925095e-06     -1.406412e-06
2.010000e+01     -3.010876e-06     6.523969e-06     -1.595873e-06
2.040000e+01     -4.228249e-06     6.816589e-06     -1.808995e-06
2.070000e+01     -4.452832e-06     7.311312e-06     -1.752510e-06
2.100000e+01     -3.913332e-06     7.786810e-06     -2.161466e-06
2.130000e+01     -3.551407e-06     8.536233e-06     -2.175675e-06
2.160000e+01     -3.954860e-06     8.843832e-06     -1.304986e-06
2.190000e+01     -3.823862e-06     8.843879e-06     -1.262717e-06
2.220000e+01     -4.331475e-06     8.108107e-06     -1.350280e-06
2.250000e+01     -4.802079e-06     7.060195e-06     -6.443729e-07
2.280000e+01     -4.722225e-06     6.497414e-06     -4.387651e-07
2.310000e+01     -3.971452e-06     6.318561e-06     -1.611241e-06
2.340000e+01     -4.062080e-06     6.422372e-06     -2.066052e-06
2.370000e+01     -4.763761e-06     6.231971e-06     -1.559565e-06
2.400000e+01     -3.784758e-06     6.704334e-06     -9.111220e-07
2.430000e+01     -2.479995e-06     7.503546e-06     -1.078460e-06
2.460000e+01     -1.946490e-06     8.080708e-06     -1.949006e-06
2.490000e+01     -2.390427e-06     8.317377e-06     -1.812225e-06
2.520000e+01     -3.384297e-06     7.524992e-06     -1.122521e-06
2.550000e+01     -3.812914e-06     8.115334e-06     -8.260352e-07
2.580000e+01     -4.306279e-06     8.823315e-06     -1.167134e-06
2.610000e+01     -4.531697e-06     8.310417e-06     -9.641652e-07
2.640000e+01     -4.644821e-06     7.214701e-06     -5.508772e-07
2.670000e+01     -4.179753e-06     7.048863e-06     -1.249410e-06
2.700000e+01     -3.982659e-06     6.889438e-06     -1.967498e-06
2.730000e+01     -4.334896e-06     7.050533e-06     -2.236181e-06
2.760000e+01     -5.472761e-06     7.641112e-06     -1.826618e-06
2.790000e+01     -5.757661e-06     8.140734e-06     -1.273269e-06
2.820000e+01     -4.521380e-06     8.267214e-06     -1.127711e-06
2.850000e+01     -3.289037e-06     7.867494e-06     -1.110138e-06
2.880000e+01     -2.331422e-06     6.843615e-06     -1.607061e-06
2.910000e+01     -2.663081e-06     6.559545e-06     -2.193616e-06
2.940000e+01     -3.349007e-06     6.835220e-06     -1.974110e-06
2.970000e+01     -3.589215e-06     7.293794e-06     -1.485639e-06
3.000000e+01     -3.961126e-06     7.983847e-06     -8.707447e-07
3.030000e+01     -3.518062e-06     8.524387e-06     -6.983257e-07
3.060000e+01     -3.123594e-06     8.070885e-06     -1.372652e-06
3.090000e+01     -2.817062e-06     7.686692e-06     -1.636290e-06
3.120000e+01     -2.576275e-06     7.956775e-06     -1.432052e-06
3.150000e+01     -3.296255e-06     7.930195e-06     -1.606252e-06
3.180000e+01     -4.111984e-06     7.397896e-06     -1.010286e-06
3.210000e+01     -4.472400e-06     6.671192e-06     -3.706935e-07
3.240000e+01     -4.521750e-06     7.184851e-06     -8.449343e-07
3.270000e+01     -4.680295e-06     7.415383e-06     -1.674018e-06
3.300000e+01     -5.304542e-06     7.057293e-06     -1.928995e-06
3.330000e+01     -4.848321e-06     6.989795e-06     -1.846509e-06
3.360000e+01     -4.086041e-06     7.661497e-06     -2.130799e-06
3.390000e+01     -3.809260e-06     8.022319e-06     -2.094184e-06
3.420000e+01     -4.046208e-06     7.975553e-06     -1.486555e-06
3.450000e+01     -4.021277e-06     8.743165e-06     -1.458227e-06
3.480000e+01     -3.834661e-06     9.014309e-06     -8.668867e-07
3.510000e+01     -4.270447e-06     9.051340e-06     6.427720e-07
3.540000e+01     -4.596663e-06     9.352824e-06     6.437651e-07
3.570000e+01     -4.232654e-06     9.657193e-06     -5.425456e-07
3.600000e+01     -3.376567e-06     9.296499e-06     -5.650088e-09
3.630000e+01     -3.036998e-06     1.001703e-05     -1.210445e-06
3.660000e+01     -3.727820e-06     1.006020e-05     1.538182e-07
3.690000e+01     -4.532451e-06     1.000762e-05     -1.490574e-07
3.720000e+01     -5.762960e-06     1.016750e-05     -2.809168e-06
3.750000e+01     -5.048190e-06     9.851664e-06     2.219132e-07
3.780000e+01     -5.196913e-06     1.134009e-05     1.161026e-06
3.810000e+01     -4.790680e-06     1.306120e-05     1.541000e-06
3.840000e+01     -2.579012e-06     1.146093e-05     -3.853329e-06
3.870000e+01     -1.798884e-06     9.047195e-06     -5.776751e-06
3.900000e+01     -1.075592e-06     4.561837e-06     -8.854159e-06
3.930000e+01     -3.043891e-06     2.166568e-06     -3.949217e-06
3.960000e+01     -2.423328e-06     2.326258e-07     -3.256734e-06
3.990000e+01     -4.184865e-06     3.034499e-06     -3.442785e-06
4.020000e+01     -2.585179e-06     3.419509e-06     -2.025277e-06
4.050000e+01     -2.879197e-06     6.816222e-06     -7.337257e-07
4.080000e+01     -2.310897e-06     3.859555e-06     -8.472610e-06
4.110000e+01     -3.711074e-06     3.955849e-06     4.710430e-07
4.140000e+01     -4.710735e-06     9.983770e-06     1.170378e-06
4.170000e+01     -3.324790e-06     1.347300e-05     -2.913321e-06
4.200000e+01     -2.030071e-06     6.209757e-06     -9.678283e-06
4.230000e+01     -2.711829e-07     4.375344e-06     4.835445e-07
4.260000e+01     -3.974722e-06     6.554357e-06     7.487881e-06
4.290000e+01     -2.802539e-06     9.026508e-06     -1.035335e-06
4.320000e+01     -5.497020e-06     8.898978e-06     -3.641908e-06
4.350000e+01     -2.571364e-06     1.496420e-05     2.859848e-06
4.380000e+01     -8.389738e-06     1.658855e-05     -1.072460e-06
4.410000e+01     -4.264444e-06     9.326456e-06     -9.452562e-06
4.440000e+01     -3.159423e-06     -2.392093e-06     -1.480034e-05
4.470000e+01     4.201233e-06     -4.012441e-06     -1.205838e-05
4.500000e+01     1.201370e-06     -1.822079e-07     1.692304e-06
4.530000e+01     -1.255118e-06     -8.908495e-06     -5.478873e-06
4.560000e+01     -5.402761e-06     -1.033795e-05     -5.874071e-06
4.590000e+01     -2.680739e-06     -5.221923e-06     1.775208e-06
4.620000e+01     -4.274150e-06     1.187881e-05     6.149893e-06
4.650000e+01     -5.350809e-06     1.054664e-05     1.223177e-06
4.680000e+01     -6.559335e-06     1.639223e-06     3.411960e-06
4.710000e+01     -3.907318e-06     1.483662e-05     -2.421611e-06
4.740000e+01     -9.636032e-07     1.124988e-05     -4.383462e-07
4.770000e+01     -1.293877e-06     3.015300e-06     -2.742635e-06
4.800000e+01     -1.690861e-06     -7.969669e-06     3.916073e-06
4.830000e+01     -2.879467e-06     3.519580e-06     1.281032e-06
4.860000e+01     -6.302094e-08     1.674920e-05     3.973123e-06
4.890000e+01     -3.822916e-06     1.804838e-05     1.202008e-06
4.920000e+01     -1.376207e-05     1.655750e-05     5.505639e-06
4.950000e+01     -1.003893e-05     1.493929e-05     5.332859e-07
4.980000e+01     1.408721e-06     1.483070e-05     -6.287119e-06
5.010000e+01     -3.090977e-06     1.358697e-05     1.567089e-06
5.040000e+01     -1.345487e-05     1.735764e-05     -3.707549e-06
5.070000e+01     -3.827553e-06     1.663338e-05     -1.752950e-06
5.100000e+01     2.525149e-06     1.050685e-05     4.192769e-06
5.130000e+01     -8.434422e-06     1.334072e-05     8.108000e-06
5.160000e+01     -1.197287e-05     1.172560e-05     -1.157712e-06
5.190000e+01     -5.598994e-06     2.165694e-05     -7.668951e-06
5.220000e+01     -3.402467e-06     1.243866e-05     -2.431939e-06
5.250000e+01     -2.938198e-06     1.511905e-05     8.983934e-07
5.280000e+01     -4.474564e-06     1.888207e-05     -1.167849e-06
5.310000e+01     -7.010154e-07     1.052016e-05     -5.354306e-06
5.340000e+01     -1.005721e-07     -3.535295e-06     -1.661756e-05
5.370000e+01     -1.956058e-06     -7.003874e-07     -4.777155e-06
5.400000e+01     -8.012608e-06     1.285605e-06     8.416245e-06
5.430000e+01     3.187114e-07     5.154765e-06     2.794570e-06
5.460000e+01     -1.149770e-05     1.535653e-06     5.780206e-07
5.490000e+01     -6.523585e-06     6.158951e-06     -1.790876e-05
5.520000e+01     -1.319486e-06     4.250726e-06     -1.457201e-05
5.550000e+01     2.135431e-06     -7.395883e-06     -3.666166e-06
5.580000e+01     3.925096e-06     -4.164565e-06     -2.868706e-06
5.610000e+01     1.104193e-05     -4.010719e-06     2.215472e-06
5.640000e+01     2.927427e-06     7.871650e-06     -1.178945e-06
5.670000e+01     -6.239197e-06     6.481348e-06     3.777660e-06
5.700000e+01     -1.492934e-05     2.882666e-06     1.043895e-05
5.730000e+01     -5.199592e-06     7.311929e-06     5.413486e-06
5.760000e+01     9.203072e-07     1.183680e-05     -6.131377e-06
5.790000e+01     -2.709869e-06     7.443791e-06     -5.829188e-06
5.820000e+01     -6.102988e-06     1.271126e-05     2.429783e-06
5.850000e+01     1.658590e-06     5.769030e-06     -7.916705e-06
5.880000e+01     4.556845e-06     -2.828059e-06     -6.065918e-06
5.910000e+01     -1.257934e-05     4.897521e-07     1.017583e-06
5.940000e+01     -1.754390e-05     1.545845e-05     3.460943e-06
5.970000e+01     3.987035e-07     3.379113e-05     -6.258604e-06
6.000000e+01     -1.249407e-05     4.371371e-06     -4.934672e-06
6.030000e+01     -1.655032e-05     8.466088e-06     -1.175048e-05
6.060000e+01     -1.528867e-05     1.579620e-05     -8.416442e-07
6.090000e+01     -6.348557e-06     2.529793e-05     1.903822e-05
6.120000e+01     -2.617271e-06     3.863701e-07     1.320564e-05
6.150000e+01     -1.264136e-06     1.653005e-05     1.028038e-05
6.180000e+01     -5.837276e-06     2.978326e-05     8.344712e-06
6.210000e+01     -1.880272e-06     1.841998e-05     5.934103e-06
6.240000e+01     -2.284738e-05     -1.245312e-05     4.133575e-06
6.270000e+01     -2.138420e-05     -2.683151e-05     -4.133258e-07
6.300000e+01     -1.484174e-05     -1.733222e-05     -1.582309e-05
6.330000e+01     -2.500729e-06     -3.330568e-06     -1.242375e-05
6.360000e+01     1.996936e-06     -1.643887e-06     -2.123528e-05
6.390000e+01     4.749888e-06     1.696596e-05     -1.540125e-05
6.420000e+01     -2.438773e-05     1.293211e-05     -2.111749e-05
6.450000e+01     1.436203e-05     9.559130e-06     -3.606232e-05
6.480000e+01     2.354687e-05     -1.180849e-05     -1.230053e-05
6.510000e+01     -9.502578e-06     4.297132e-06     -1.731791e-05
6.540000e+01     -8.278585e-06     1.920963e-05     -1.435248e-07
6.570000e+01     -7.423612e-06     -1.526680e-05     2.886267e-05
6.600000e+01     -1.069567e-05     -1.316649e-05     1.773016e-05
6.630000e+01     -5.705140e-06     9.071965e-06     2.426240e-05
6.660000e+01     -9.063895e-06     3.801068e-05     1.718761e-05
6.690000e+01     9.708651e-06     2.272905e-05     3.241042e-06
6.720000e+01     1.766251e-05     -8.633832e-07     9.058945e-06
6.750000e+01     3.484999e-06     2.566124e-05     5.692270e-06
6.780000e+01     1.739851e-05     4.041665e-05     3.249108e-06
6.810000e+01     -1.306158e-05     1.149562e-05     7.588149e-06
6.840000e+01     -1.481561e-05     1.905992e-05     -8.625077e-06
6.870000e+01     -3.675606e-05     5.312182e-06     -2.227500e-05
6.900000e+01     -4.141162e-05     6.309949e-06     -8.079145e-06
6.930000e+01     -8.251204e-07     -1.492690e-05     -8.117306e-06
6.960000e+01     3.737921e-05     -8.649214e-06     -8.520171e-06
6.990000e+01     5.073014e-05     2.978337e-05     1.140208e-05
7.020000e+01     4.504251e-05     1.270422e-05     -2.799106e-06
7.050000e+01     3.149912e-05     -3.505880e-05     -1.714979e-05
7.080000e+01     -1.929392e-05     -4.365828e-05     1.480589e-05
7.110000e+01     -4.701791e-05     2.608667e-05     2.116467e-05
7.140000e+01     -1.888468e-05     3.709442e-05     -9.254097e-06
7.170000e+01     -2.132260e-05     1.349556e-05     -1.814468e-05
7.200000e+01     -2.405418e-05     -4.742585e-05     -1.213183e-05
7.230000e+01     1.133383e-05     -1.717960e-05     5.142479e-07
7.260000e+01     2.712262e-05     2.934884e-05     6.595974e-06
7.290000e+01     2.208826e-05     4.361956e-05     8.238082e-06
7.320000e+01     8.439721e-05     3.706051e-05     -4.778022e-05
7.350000e+01     5.566632e-05     3.413372e-05     -2.031750e-05
7.380000e+01     8.400831e-06     7.901660e-05     1.981103e-05
7.410000e+01     -3.650720e-05     3.011319e-05     1.150851e-05
7.440000e+01     1.754088e-05     -4.657071e-05     1.906598e-06
7.470000e+01     3.692702e-05     -1.053489e-04     2.838808e-05
7.500000e+01     -2.214345e-05     -6.942247e-05     7.732895e-05
7.530000e+01     4.399242e-06     1.915489e-05     4.760283e-05
7.560000e+01     6.018253e-05     8.429910e-05     -4.035021e-06
7.590000e+01     3.664616e-05     7.661442e-05     -6.386786e-05
7.620000e+01     3.380839e-05     -1.355973e-05     -9.591576e-05
7.650000e+01     -7.574301e-06     -4.611281e-05     -8.416664e-05
7.680000e+01     -1.220905e-04     2.291701e-05     -3.516865e-05
7.710000e+01     -1.307032e-04     3.726485e-05     -1.437786e-05
7.740000e+01     -5.855020e-05     -3.891555e-05     7.913032e-06
7.770000e+01     -3.771611e-06     -4.715887e-05     6.970084e-05
7.800000e+01     -2.851400e-06     2.657376e-05     1.274173e-04
7.830000e+01     -6.705045e-05     8.890776e-05     1.082336e-04
7.860000e+01     -5.046623e-05     4.198729e-05     4.951753e-05
7.890000e+01     -1.884019e-05     -8.088447e-06     3.509654e-06
7.920000e+01     -7.266913e-05     -7.117876e-05     -9.389038e-05
7.950000e+01     -9.612844e-05     -8.977055e-05     -8.202052e-05
7.980000e+01     -5.111316e-05     -7.898764e-05     -3.577668e-05
8.010000e+01     -5.452951e-05     -4.751163e-05     -3.519046e-05
8.040000e+01     -8.871639e-05     1.042459e-05     -2.098879e-05
8.070000e+01     -1.452754e-05     8.491606e-05     -4.137703e-05
8.100000e+01     7.653847e-05     7.572345e-05     -5.244227e-05
8.130000e+01     5.429876e-05     -2.718795e-05     -1.446561e-06
8.160000e+01     -3.887106e-07     -8.385931e-05     4.350590e-05
8.190000e+01     -3.410244e-05     9.588984e-06     3.029235e-05
8.220000e+01     -6.213485e-05     1.048510e-04     -1.626366e-05
8.250000e+01     1.749697e-05     1.055856e-04     -8.304221e-06
8.280000e+01     5.505318e-05     3.349405e-05     3.868841e-05
8.310000e+01     6.046621e-05     1.049690e-05     2.122110e-05
8.340000e+01     8.473329e-05     3.328650e-05     -3.683697e-05
8.370000e+01     1.095103e-04     2.708563e-05     -6.472828e-07
8.400000e+01     9.627418e-05     -1.798015e-05     2.661988e-05
8.430000e+01     4.831471e-05     -7.774603e-05     2.424720e-05
8.460000e+01     1.833492e-05     -2.917319e-05     6.320421e-07
8.490000e+01     2.905191e-05     4.269286e-05     -4.552544e-05
8.520000e+01     1.142341e-04     1.045940e-04     -5.503502e-05
8.550000e+01     1.268004e-04     4.279028e-05     1.690043e-05
8.580000e+01     2.827433e-05     2.878382e-05     6.954258e-06
8.610000e+01     -5.751773e-05     -1.734726e-05     -1.301860e-05
8.640000e+01     -6.427443e-05     -3.662889e-05     1.623177e-05
8.670000e+01     -6.130281e-05     -3.069534e-05     2.586224e-05
8.700000e+01     -4.858009e-05     -4.243481e-05     4.189250e-05
8.730000e+01     -4.233260e-05     -5.898170e-05     6.326413e-05
8.760000e+01     -7.047580e-05     -4.893485e-05     4.456248e-06
8.790000e+01     -9.308200e-05     -1.801861e-05     -4.236583e-05
8.820000e+01     -9.779706e-05     2.051466e-05     -5.887017e-05
8.850000e+01     -3.215095e-05     3.256568e-05     -8.231718e-05
8.880000e+01     -2.958419e-05     3.234804e-05     -6.706315e-05
8.910000e+01     -8.590908e-05     5.815518e-05     -1.332569e-05
8.940000e+01     -9.610760e-05     1.005964e-04     4.830366e-06
8.970000e+01     -6.471560e-05     9.037052e-05     2.280497e-05
9.000000e+01     -2.758582e-05     5.378330e-05     3.183770e-05
9.030000e+01     -7.726252e-06     6.043525e-05     2.795260e-05
9.060000e+01     1.321559e-05     6.436869e-05     4.754266e-05
9.090000e+01     3.186500e-05     1.867869e-05     6.472088e-05
9.120000e+01     5.193253e-05     -5.692463e-06     9.015523e-05
9.150000e+01     5.958117e-05     -3.586514e-05     9.907200e-05
9.180000e+01     7.326488e-05     -8.413467e-05     1.977463e-05
9.210000e+01     7.095251e-05     -6.581744e-05     -3.286276e-05
9.240000e+01     9.273612e-05     -3.803729e-05     -1.151182e-06
9.270000e+01     9.529336e-05     -5.844866e-05     -5.934339e-06
9.300000e+01     7.015368e-05     -8.562675e-05     -1.032849e-05
9.330000e+01     3.087030e-05     -1.072093e-04     -6.827323e-05
9.360000e+01     6.728130e-06     -8.956687e-05     -1.198373e-04
9.390000e+01     -4.765309e-05     -4.275398e-05     -7.464556e-05
9.420000e+01     -9.669135e-05     1.012375e-05     -2.117612e-05
9.450000e+01     -8.933929e-05     7.765373e-05     -4.921977e-05
9.480000e+01     -6.007557e-05     9.584120e-05     -5.189938e-05
9.510000e+01     -5.127381e-05     9.537307e-05     1.289577e-06
9.540000e+01     -3.248496e-05     9.606961e-05     4.868734e-05
9.570000e+01     -1.172956e-05     1.050375e-04     4.785500e-05
9.600000e+01     -1.062829e-05     1.052355e-04     3.772089e-05
9.630000e+01     7.221999e-06     4.758789e-05     3.181917e-05
9.660000e+01     4.197568e-05     -3.834072e-05     2.375921e-05
9.690000e+01     8.852226e-05     -9.203658e-05     3.115065e-05
9.720000e+01     6.537203e-05     -7.825723e-05     3.189414e-05
9.750000e+01     -2.129086e-05     -6.984739e-05     2.475449e-05
9.780000e+01     -4.937245e-05     -7.062036e-05     2.842639e-06
9.810000e+01     -2.889427e-05     -1.319899e-06     -8.564809e-06
9.840000e+01     2.615688e-05     3.817864e-05     -4.118381e-05
9.870000e+01     3.411817e-05     1.562130e-05     -5.306645e-05
9.900000e+01     -5.646968e-06     7.028184e-06     -4.884090e-05
9.930000e+01     -1.960297e-05     3.923140e-05     -4.834935e-05
9.960000e+01     -2.374871e-05     2.599027e-05     -1.843340e-05
9.990000e+01     -4.390314e-05     5.436516e-05     -1.283849e-06
1.002000e+02     -7.919372e-05     5.895410e-05     -1.283331e-05
1.005000e+02     -5.409892e-05     1.339799e-05     -1.307257e-05
1.008000e+02     -4.088697e-05     -1.823591e-05     4.368288e-05
1.011000e+02     -2.886004e-05     3.496248e-06     6.461137e-05
1.014000e+02     -2.728305e-05     1.690297e-05     5.367378e-05
1.017000e+02     -1.294682e-06     1.556166e-05     1.741063e-05
1.020000e+02     3.156545e-05     -1.276974e-05     -1.522856e-05
1.023000e+02     7.187083e-05     -4.428607e-05     -1.355263e-05
1.026000e+02     7.662013e-05     -5.135348e-05     -1.274513e-05
1.029000e+02     6.018930e-05     -5.740601e-05     -1.298811e-05
1.032000e+02     6.493551e-05     -2.784214e-05     -8.477102e-06
1.035000e+02     4.063944e-05     2.848003e-06     -7.779525e-06
1.038000e+02     -1.409043e-05     2.739131e-05     2.664969e-06
1.041000e+02     -6.844775e-05     8.060822e-05     1.247330e-05
1.044000e+02     -4.787296e-05     6.370759e-05     1.059233e-05
1.047000e+02     2.011034e-06     5.197607e-05     2.269992e-06
1.050000e+02     1.867199e-05     4.932267e-05     1.132236e-05
1.053000e+02     9.951062e-06     2.945206e-05     1.282180e-05
1.056000e+02     -9.720335e-07     7.266601e-06     -3.024109e-06
1.059000e+02     -1.898328e-05     -1.748545e-05     -2.165534e-05
1.062000e+02     -3.606911e-05     -2.359815e-05     -7.628650e-06
1.065000e+02     -2.101054e-05     -2.940707e-05     2.419068e-05
1.068000e+02     -1.463160e-05     -6.679902e-05     1.467681e-05
1.071000e+02     -2.679655e-05     -8.795267e-05     7.420231e-06
1.074000e+02     -3.868294e-05     -6.484543e-05     1.036402e-06
1.077000e+02     -2.264987e-05     -1.279183e-05     -5.512445e-06
1.080000e+02     3.190718e-05     2.242304e-05     -3.412304e-05
1.083000e+02     6.610325e-05     3.489318e-05     -4.171345e-05
1.086000e+02     2.727983e-05     4.105308e-05     -1.307918e-06
1.089000e+02     -2.170835e-05     5.560979e-05     1.504615e-05
1.092000e+02     -2.573639e-05     4.675329e-05     -7.615478e-06
1.095000e+02     -2.201883e-05     3.856560e-05     -2.896834e-05
1.098000e+02     -1.594413e-05     2.074417e-05     -9.902050e-06
1.101000e+02     -4.632577e-06     2.054114e-05     -1.057286e-05
1.104000e+02     5.048097e-06     3.920705e-06     -6.516733e-06
1.107000e+02     1.762496e-05     -3.317970e-05     1.227140e-06
1.110000e+02     3.999857e-05     -2.399163e-05     7.798317e-06
1.113000e+02     3.675084e-05     2.358703e-06     1.101974e-05
1.116000e+02     6.000622e-06     2.739116e-05     8.568956e-06
1.119000e+02     -1.267516e-05     4.672000e-05     1.430822e-05
1.122000e+02     4.748935e-06     3.349362e-05     2.992581e-05
1.125000e+02     1.718497e-05     1.771162e-05     3.005164e-05
1.128000e+02     1.481794e-05     -4.588350e-06     1.881987e-05
1.131000e+02     -1.573892e-05     -1.664316e-05     1.320141e-05
1.134000e+02     -3.518793e-05     -4.541928e-05     5.381352e-07
1.137000e+02     -3.146365e-05     -6.747628e-05     -1.514742e-05
1.140000e+02     -2.947779e-05     -4.395194e-05     -1.770694e-05
1.143000e+02     -4.090449e-05     -1.442859e-05     -2.397869e-05
1.146000e+02     -5.415881e-05     -1.215538e-06     -2.733664e-05
1.149000e+02     -5.267788e-05     7.521546e-08     -2.327880e-05
1.152000e+02     -1.858648e-05     1.983673e-05     -2.984209e-05
1.155000e+02     1.275923e-05     2.789408e-05     -4.031571e-05
1.158000e+02     3.258364e-05     2.954518e-05     -8.956413e-06
1.161000e+02     4.125132e-05     3.406927e-05     2.597100e-05
1.164000e+02     2.715092e-05     2.065135e-05     2.858381e-05
1.167000e+02     1.651127e-05     3.426473e-06     3.610006e-05
1.170000e+02     2.693168e-05     -1.246418e-06     3.640841e-05
1.173000e+02     3.304584e-05     5.365684e-06     3.043159e-05
1.176000e+02     3.315059e-05     2.828475e-05     3.187320e-05
1.179000e+02     3.214892e-05     4.365968e-05     1.539424e-05
1.182000e+02     1.726145e-05     5.601266e-06     -1.335821e-05
1.185000e+02     -6.223293e-06     -2.080059e-05     -2.557691e-05
1.188000e+02     -3.404781e-05     -3.379972e-05     -3.516091e-05
1.191000e+02     -3.040576e-05     -1.556883e-05     -3.116560e-05
1.194000e+02     -2.382017e-05     5.897360e-06     -1.907716e-05
1.197000e+02     -1.640818e-05     2.237024e-05     -1.595882e-05
1.200000e+02     -7.362644e-06     1.553433e-05     2.348114e-06
1.203000e+02     -1.808416e-05     3.108757e-07     1.914786e-05
1.206000e+02     -8.398662e-06     -1.056338e-05     6.251360e-06
1.209000e+02     1.752408e-05     -1.305432e-05     -9.052825e-06
1.212000e+02     5.316469e-06     -4.910844e-06     3.098973e-07
1.215000e+02     -1.490102e-05     -1.150213e-05     -8.232175e-07
1.218000e+02     -4.011795e-05     -1.060660e-05     -7.183479e-06
1.221000e+02     -5.140256e-05     -1.994953e-05     -8.169490e-06
1.224000e+02     -4.810383e-05     -2.591272e-05     4.942779e-06
1.227000e+02     -2.649760e-05     -4.952217e-06     2.313247e-05
1.230000e+02     -4.031811e-06     1.007569e-05     1.727060e-05
1.233000e+02     2.575525e-05     1.533083e-05     -8.881345e-06
1.236000e+02     5.023840e-05     1.787954e-05     -8.695842e-06
1.239000e+02     5.926757e-05     2.213772e-05     5.364449e-06
1.242000e+02     6.463985e-05     2.255957e-05     1.283172e-05
1.245000e+02     5.631574e-05     2.921700e-05     1.544477e-05
1.248000e+02     3.002819e-05     4.122863e-05     1.385152e-05
1.251000e+02     1.486893e-05     5.565803e-05     4.038057e-06
1.254000e+02     1.187893e-05     5.800734e-05     -2.236024e-05
1.257000e+02     -6.018090e-06     3.670891e-05     -1.061362e-05
1.260000e+02     -3.493566e-05     -2.216317e-05     1.288099e-05
1.263000e+02     -4.990971e-05     -6.232271e-05     7.719836e-06
1.266000e+02     -4.768200e-05     -8.785381e-05     -5.701877e-06
1.269000e+02     -5.757353e-05     -9.041513e-05     -1.956542e-05
1.272000e+02     -4.661963e-05     -7.596095e-05     -1.083664e-05
1.275000e+02     -2.551251e-05     -4.906858e-05     -4.657656e-06
1.278000e+02     -4.325989e-07     -1.685586e-05     -9.726441e-06
1.281000e+02     2.234665e-05     8.970019e-06     -1.625054e-05
1.284000e+02     3.251058e-05     3.832815e-05     -1.902957e-05
1.287000e+02     1.489494e-05     7.087850e-05     -1.061997e-05
1.290000e+02     -3.116751e-06     9.538094e-05     1.063916e-06
1.293000e+02     -2.252329e-06     8.821540e-05     8.281120e-06
1.296000e+02     -1.830354e-06     5.192510e-05     1.446260e-05
1.299000e+02     2.180648e-05     1.683058e-05     1.835771e-05
1.302000e+02     4.983345e-05     -1.420444e-05     3.272934e-05
1.305000e+02     5.360663e-05     -5.435245e-05     2.653167e-05
1.308000e+02     2.366755e-05     -6.165127e-05     8.489341e-06
1.311000e+02     -4.452932e-06     -3.050178e-05     -1.109375e-05
1.314000e+02     -1.728176e-05     1.330603e-05     -6.510156e-06
1.317000e+02     -1.769638e-05     1.596775e-05     8.927726e-06
1.320000e+02     -2.225675e-05     1.378712e-06     -2.123050e-06
1.323000e+02     -3.750018e-05     -7.579191e-07     -1.462541e-05
1.326000e+02     -4.323160e-05     4.168828e-06     -1.690644e-05
1.329000e+02     -4.807612e-05     2.844579e-06     -8.825594e-06
1.332000e+02     -2.629033e-05     2.939513e-06     -1.489006e-05
1.335000e+02     4.326017e-06     -1.232745e-05     -1.645745e-05
1.338000e+02     1.359340e-05     -3.075408e-05     8.476301e-06
1.341000e+02     1.308811e-05     -1.874952e-05     1.363554e-05
1.344000e+02     2.487618e-05     6.321393e-06     1.244766e-06
1.347000e+02     3.915046e-05     1.301688e-05     -6.624161e-06
1.350000e+02     3.947136e-05     1.114922e-05     -2.824742e-06
1.353000e+02     4.377896e-05     2.487377e-05     9.419002e-06
1.356000e+02     3.084325e-05     4.304085e-05     9.414152e-06
1.359000e+02     6.545592e-06     2.349067e-05     -5.396290e-06
1.362000e+02     -2.218670e-05     -5.856919e-06     -8.865359e-06
1.365000e+02     -3.807425e-05     -1.744765e-05     -7.124404e-06
1.368000e+02     -3.493682e-05     -1.550074e-05     -6.219312e-06
1.371000e+02     -3.140201e-05     -8.751061e-06     3.256749e-06
1.374000e+02     -2.765187e-05     4.252074e-07     2.615209e-05
1.377000e+02     -1.147627e-05     5.578994e-06     3.912168e-05
1.380000e+02     1.475964e-05     -6.302688e-07     2.420223e-05
1.383000e+02     1.467627e-05     -1.705511e-06     5.137052e-06
1.386000e+02     5.608613e-06     -5.307814e-06     3.214389e-06
1.389000e+02     3.528046e-06     -7.908582e-06     -3.502569e-06
1.392000e+02     -5.546864e-06     -1.111043e-05     -2.386305e-05
1.395000e+02     -1.200817e-05     2.643222e-06     -3.176470e-05
1.398000e+02     -1.713035e-05     7.307499e-06     -2.247294e-05
1.401000e+02     -1.612658e-05     -9.358158e-06     -1.388032e-05
1.404000e+02     -9.470896e-06     -2.049901e-05     -1.541221e-05
1.407000e+02     9.360732e-06     -2.823887e-05     -7.706878e-06
1.410000e+02     2.613835e-05     -1.787896e-05     -6.402823e-06
1.413000e+02     2.534560e-05     -1.122884e-06     -9.905002e-06
1.416000e+02     2.482131e-05     2.285589e-05     -4.148859e-06
1.419000e+02     1.774560e-05     3.425696e-05     8.802559e-06
1.422000e+02     2.714542e-06     4.199954e-05     2.029475e-05
1.425000e+02     -6.468205e-06     4.896029e-05     3.613328e-05
1.428000e+02     -9.391026e-06     3.311266e-05     4.837166e-05
1.431000e+02     -1.593161e-05     2.826598e-06     3.745512e-05
1.434000e+02     -4.963922e-06     -2.261202e-05     2.806587e-06
1.437000e+02     1.935145e-05     -4.071063e-05     -3.072431e-05
1.440000e+02     3.587882e-05     -4.624153e-05     -3.774199e-05
1.443000e+02     1.998164e-05     -3.979741e-05     -2.318683e-05
1.446000e+02     4.809306e-06     -2.297877e-05     -3.998294e-06
1.449000e+02     -1.944741e-05     -5.059108e-06     4.793008e-06
1.452000e+02     -3.072280e-05     2.230216e-05     2.591206e-06
1.455000e+02     -2.434631e-05     5.152089e-05     -1.123113e-07
1.458000e+02     -2.026796e-05     5.571895e-05     -1.090512e-06
1.461000e+02     -1.535882e-05     3.012847e-05     4.767846e-06
1.464000e+02     -9.820952e-06     3.095860e-06     7.451618e-06
1.467000e+02     8.194138e-06     -1.462271e-05     2.237051e-06
1.470000e+02     2.326276e-05     -2.399837e-05     -2.733565e-06
1.473000e+02     1.948739e-05     -2.279326e-05     -1.333311e-05
1.476000e+02     1.718992e-05     -2.896159e-05     -1.509902e-05
1.479000e+02     2.417133e-05     -3.114583e-05     1.072251e-07
1.482000e+02     2.110218e-05     -1.327832e-05     1.267116e-05
1.485000e+02     3.150244e-06     4.349654e-06     1.782208e-05
1.488000e+02     -2.512191e-05     1.168287e-06     1.458159e-05
1.491000e+02     -3.903799e-05     -1.076822e-05     9.588170e-06
1.494000e+02     -3.521333e-05     -2.056222e-06     6.398187e-06
1.497000e+02     -2.523878e-05     1.231761e-05     -3.461328e-06
1.500000e+02     -1.149944e-05     9.559976e-06     -2.007170e-05
1.503000e+02     1.068707e-05     -6.303605e-07     -2.622182e-05
1.506000e+02     2.018056e-05     -5.702914e-07     -1.521124e-05
1.509000e+02     1.400836e-05     2.749924e-06     -2.215726e-06
1.512000e+02     1.228975e-05     1.829174e-06     8.523827e-06
1.515000e+02     2.228106e-05     7.609123e-06     1.365654e-05
1.518000e+02     2.430377e-05     3.274432e-05     1.234258e-05
1.521000e+02     1.211312e-05     4.013536e-05     1.676858e-05
1.524000e+02     4.096415e-06     2.825290e-05     2.154242e-05
1.527000e+02     4.440892e-06     1.347057e-05     1.299872e-05
1.530000e+02     -4.001324e-07     1.733653e-06     -8.814219e-06
1.533000e+02     -3.412754e-06     -1.242658e-05     -1.960656e-05
1.536000e+02     2.385068e-06     -4.368909e-05     -2.119530e-05
1.539000e+02     1.168040e-05     -6.584034e-05     -1.744553e-05
1.542000e+02     1.743640e-05     -5.980150e-05     -7.771533e-06
1.545000e+02     1.440410e-05     -4.143553e-05     -1.077187e-05
1.548000e+02     -3.792501e-06     -9.772542e-06     -1.926142e-05
1.551000e+02     -2.038299e-05     1.869513e-05     -3.514776e-06
1.554000e+02     -2.798812e-05     2.995721e-05     2.184597e-05
1.557000e+02     -3.131020e-05     3.229128e-05     3.549375e-05
1.560000e+02     -2.735091e-05     2.525937e-05     3.289667e-05
1.563000e+02     -1.950125e-05     2.149532e-05     2.363922e-05
1.566000e+02     -5.207161e-06     8.121911e-06     1.164231e-05
1.569000e+02     1.104161e-05     -2.067450e-06     3.012511e-06
1.572000e+02     2.723061e-05     -7.310360e-06     -8.249536e-07
1.575000e+02     3.042010e-05     -1.048500e-05     -4.576446e-06
1.578000e+02     2.754638e-05     -9.166239e-06     -1.710377e-05
1.581000e+02     1.694656e-05     -8.659278e-06     -3.141110e-05
1.584000e+02     -3.796665e-06     -1.169494e-05     -2.342239e-05
1.587000e+02     -1.752342e-05     -1.050293e-05     -7.413368e-06
1.590000e+02     -2.440033e-05     -1.065244e-05     2.842384e-06
1.593000e+02     -2.106596e-05     -1.380083e-05     3.064491e-06
1.596000e+02     -7.536246e-06     -1.593718e-05     -3.320428e-06
1.599000e+02     1.657338e-06     -8.007352e-06     -2.639414e-06
1.602000e+02     1.598573e-06     5.860425e-06     1.026314e-05
1.605000e+02     1.142067e-05     1.973944e-05     1.746418e-05
1.608000e+02     2.329486e-05     2.702873e-05     1.227828e-05
1.611000e+02     2.581155e-05     2.676612e-05     5.325687e-06
1.614000e+02     1.683532e-05     1.661620e-05     -1.858882e-07
1.617000e+02     1.176085e-05     3.818270e-06     2.706656e-06
1.620000e+02     1.199224e-05     -5.258365e-06     6.305420e-06
1.623000e+02     9.976787e-06     -1.186559e-06     4.574244e-06
1.626000e+02     1.389884e-05     -5.395248e-06     -1.024601e-06
1.629000e+02     1.529119e-05     -2.188167e-05     -8.676708e-07
1.632000e+02     2.295611e-06     -3.149584e-05     2.548459e-07
1.635000e+02     -1.516528e-05     -2.524350e-05     -1.813319e-06
1.638000e+02     -2.609376e-05     -9.638337e-06     -4.110291e-06
1.641000e+02     -3.187898e-05     -2.674332e-06     1.786849e-06
1.644000e+02     -2.806355e-05     -6.835645e-06     -1.893273e-06
1.647000e+02     -1.632516e-05     -3.187695e-06     -1.426054e-05
1.650000e+02     -5.404177e-06     1.373039e-06     -1.832130e-05
1.653000e+02     4.815762e-06     -1.019428e-06     -9.065306e-06
1.656000e+02     1.798382e-05     -4.292084e-06     3.167944e-06
1.659000e+02     3.072970e-05     -4.413485e-07     8.476368e-06
1.662000e+02     2.555395e-05     1.154627e-05     9.976156e-06
1.665000e+02     8.732413e-06     1.395980e-05     1.310172e-05
1.668000e+02     -4.682587e-06     1.098493e-05     9.780041e-06
1.671000e+02     -9.022543e-06     8.465133e-06     6.299614e-06
1.674000e+02     -1.041025e-06     1.863504e-06     6.076156e-06
1.677000e+02     1.049809e-05     -1.356396e-06     3.740591e-06
1.680000e+02     1.553661e-05     -4.496096e-07     -2.122583e-06
1.683000e+02     5.939312e-06     -6.281218e-06     -1.448873e-05
1.686000e+02     -3.496740e-06     -1.162502e-05     -1.970929e-05
1.689000e+02     -1.362737e-06     -9.974397e-07     -1.347296e-05
1.692000e+02     1.748282e-06     7.617570e-06     3.049096e-06
1.695000e+02     4.257304e-06     2.135552e-06     1.986702e-05
1.698000e+02     6.113294e-06     -9.613014e-06     2.799413e-05
1.701000e+02     6.755167e-06     -2.196570e-05     2.544963e-05
1.704000e+02     1.999372e-06     -3.591376e-05     2.136894e-05
1.707000e+02     2.089615e-06     -4.369432e-05     1.469003e-05
1.710000e+02     4.748613e-06     -3.340398e-05     3.556997e-06
1.713000e+02     4.092955e-06     -1.272661e-05     -3.555686e-06
1.716000e+02     -3.754843e-06     5.268737e-06     -1.455580e-05
1.719000e+02     -1.117672e-05     9.668849e-06     -2.167574e-05
1.722000e+02     -8.233358e-06     1.170556e-05     -1.890775e-05
1.725000e+02     1.644443e-06     1.543256e-05     -2.091935e-05
1.728000e+02     1.285491e-05     1.189004e-05     -2.107389e-05
1.731000e+02     1.397762e-05     1.052516e-05     -1.753270e-05
1.734000e+02     7.287414e-06     1.135509e-05     -1.277712e-05
1.737000e+02     8.510544e-07     1.437648e-05     -4.496775e-06
1.740000e+02     -2.343644e-06     1.948220e-05     1.541638e-05
1.743000e+02     -9.152518e-06     1.723600e-05     3.252764e-05
1.746000e+02     -1.497896e-05     8.535962e-06     3.585786e-05
1.749000e+02     -5.701237e-06     -1.147264e-05     2.599008e-05
1.752000e+02     1.104652e-05     -2.894587e-05     8.965968e-06
1.755000e+02     1.459963e-05     -3.362627e-05     -2.766654e-07
1.758000e+02     6.778015e-06     -3.051217e-05     -1.526441e-06
1.761000e+02     -1.641007e-06     -2.187343e-05     -2.966932e-06
1.764000e+02     5.042232e-07     -1.618003e-05     -3.745036e-06
1.767000e+02     4.931228e-06     -1.244702e-05     -7.103389e-06
1.770000e+02     5.396615e-06     -1.113382e-05     -9.119831e-06
1.773000e+02     1.546555e-06     -5.696272e-06     -2.542830e-06
1.776000e+02     2.416126e-06     5.281776e-07     2.801720e-06
1.779000e+02     8.296670e-06     8.010325e-06     4.010364e-06
1.782000e+02     1.477374e-05     1.146303e-05     7.676761e-06
1.785000e+02     1.172706e-05     1.468931e-05     8.875429e-06
1.788000e+02     1.349146e-06     1.441501e-05     4.265284e-06
1.791000e+02     -4.869424e-06     7.111798e-06     -1.040341e-06
1.794000e+02     -2.564015e-06     -3.542502e-07     -6.907132e-06
1.797000e+02     3.845677e-06     -8.002288e-06     -1.553408e-05
1.800000e+02     -6.522093e-07     -1.191792e-05     -1.750438e-05
1.803000e+02     -7.101435e-06     -1.386761e-05     -8.379809e-06
1.806000e+02     -2.801318e-06     -1.303753e-05     4.664420e-06
1.809000e+02     1.822131e-06     -8.114049e-06     1.367838e-05
1.812000e+02     2.962117e-06     -8.053419e-06     1.918290e-05
1.815000e+02     6.040014e-06     -9.347506e-06     2.149668e-05
1.818000e+02     1.063019e-05     -8.203232e-06     1.292659e-05
1.821000e+02     8.062994e-06     1.829170e-06     5.775545e-08
1.824000e+02     -4.150819e-06     7.498104e-06     -9.502869e-06
1.827000e+02     -1.230348e-05     7.339591e-06     -1.115884e-05
1.830000e+02     -5.854384e-06     -1.595986e-06     -5.677515e-06
1.833000e+02     8.066960e-06     -1.736205e-05     -1.109470e-06
1.836000e+02     1.606078e-05     -2.846133e-05     -1.351963e-06
1.839000e+02     1.641885e-05     -2.689281e-05     -1.293324e-06
1.842000e+02     1.285763e-05     -9.703798e-06     3.276737e-06
1.845000e+02     1.435356e-05     6.988473e-06     1.063374e-05
1.848000e+02     2.089684e-05     1.164938e-05     1.399318e-05
1.851000e+02     1.608930e-05     1.225853e-05     9.681935e-06
1.854000e+02     3.444369e-07     9.113834e-06     1.020601e-06
1.857000e+02     -1.532706e-05     1.812166e-06     -4.991965e-06
1.860000e+02     -2.459437e-05     -4.127807e-06     -5.303220e-06
1.863000e+02     -2.331846e-05     -5.773640e-06     -2.375172e-06
1.866000e+02     -9.120569e-06     -8.584194e-06     -2.311486e-06
1.869000e+02     6.807042e-06     -1.435170e-05     -6.964424e-07
1.872000e+02     1.750360e-05     -1.778217e-05     3.625082e-06
1.875000e+02     2.322008e-05     -1.626106e-05     5.331772e-06
1.878000e+02     2.202191e-05     -1.668069e-05     8.398314e-06
1.881000e+02     1.601296e-05     -1.653406e-05     1.157445e-05
1.884000e+02     8.213504e-06     -1.342725e-05     9.420426e-06
1.887000e+02     -9.180444e-07     -1.105579e-05     2.035293e-06
1.890000e+02     -1.690496e-05     -5.141927e-06     -1.916863e-06
1.893000e+02     -2.512480e-05     4.806655e-06     -5.861302e-07
1.896000e+02     -1.934429e-05     1.739756e-05     -4.363899e-07
1.899000e+02     -1.033131e-05     2.522588e-05     -3.779388e-06
1.902000e+02     -2.160276e-06     1.953466e-05     -6.977088e-06
1.905000e+02     5.200334e-06     6.388326e-06     -6.786721e-06
1.908000e+02     1.383220e-05     -5.494197e-06     -3.745559e-06
1.911000e+02     1.912491e-05     -1.229346e-05     -2.833938e-07
1.914000e+02     2.280720e-05     -1.348354e-05     1.703127e-06
1.917000e+02     2.238710e-05     -1.415600e-05     3.936295e-06
1.920000e+02     1.649983e-05     -1.568456e-05     8.284076e-06
1.923000e+02     1.077322e-05     -1.732434e-05     8.386351e-06
1.926000e+02     2.269693e-07     -1.452489e-05     4.939693e-06
1.929000e+02     -1.334261e-05     -4.465306e-06     4.203848e-06
1.932000e+02     -1.688259e-05     4.546006e-06     6.185058e-06
1.935000e+02     -1.380820e-05     4.602113e-06     1.087794e-05
1.938000e+02     -1.010163e-05     -9.656255e-08     1.245754e-05
1.941000e+02     -8.777494e-06     -6.555701e-06     1.069635e-05
1.944000e+02     -5.620260e-06     -1.812207e-05     1.065409e-05
1.947000e+02     2.774025e-06     -2.634958e-05     8.670511e-06
1.950000e+02     1.246545e-05     -2.538133e-05     9.216462e-08
1.953000e+02     1.782417e-05     -1.676014e-05     -1.192029e-05
1.956000e+02     1.909410e-05     -4.088282e-06     -1.853612e-05
1.959000e+02     1.763806e-05     2.529960e-06     -1.929700e-05
1.962000e+02     1.125551e-05     1.629393e-06     -1.432307e-05
1.965000e+02     7.149806e-06     2.833381e-06     -4.569112e-06
1.968000e+02     1.093133e-05     7.299840e-06     1.800877e-06
1.971000e+02     9.774397e-06     6.810854e-06     3.972641e-06
1.974000e+02     2.428834e-06     2.954831e-06     5.924876e-06
1.977000e+02     -5.359766e-06     -1.306472e-06     6.765025e-06
1.980000e+02     -8.384307e-06     -6.749057e-06     8.069687e-06
1.983000e+02     -8.784660e-06     -6.505421e-06     1.008294e-05
1.986000e+02     -1.070208e-05     -5.567345e-06     9.669247e-06
1.989000e+02     -1.028419e-05     -4.985099e-06     7.291229e-06
1.992000e+02     -9.344387e-06     -6.598162e-06     3.527138e-06
1.995000e+02     -8.212440e-06     -1.239867e-05     -1.167499e-06
1.998000e+02     1.926865e-06     -1.917568e-05     -4.556116e-06
2.001000e+02     1.425008e-05     -2.409176e-05     -8.711163e-06
2.004000e+02     2.466906e-05     -2.401867e-05     -1.068787e-05
2.007000e+02     3.357284e-05     -1.911364e-05     -5.302864e-06
2.010000e+02     2.763695e-05     -1.144174e-05     5.166414e-06
2.013000e+02     6.077500e-06     -3.181383e-06     1.517543e-05
2.016000e+02     -1.324050e-05     8.762563e-06     1.741778e-05
2.019000e+02     -1.611524e-05     1.686948e-05     1.304760e-05
2.022000e+02     -9.091466e-06     1.625540e-05     7.267361e-06
2.025000e+02     -2.688847e-06     6.294958e-06     2.926236e-06
2.028000e+02     -9.971088e-07     -5.100480e-06     -1.028077e-06
2.031000e+02     -1.215286e-06     -9.765172e-06     -1.428875e-06
2.034000e+02     -5.859586e-07     -8.427715e-06     -1.716141e-06
2.037000e+02     4.223273e-06     -7.114000e-06     -4.075590e-06
2.040000e+02     1.351636e-05     -8.063299e-06     -3.740783e-07
2.043000e+02     2.154517e-05     -6.145767e-06     7.181661e-06
2.046000e+02     2.366514e-05     -5.667680e-06     1.141525e-05
2.049000e+02     2.018860e-05     -7.412007e-06     8.937927e-06
2.052000e+02     1.089196e-05     -1.139982e-05     3.228021e-06
2.055000e+02     9.033540e-07     -1.729778e-05     -1.256104e-06
2.058000e+02     -4.203372e-06     -2.151624e-05     -8.262545e-07
2.061000e+02     -8.728853e-06     -2.634056e-05     2.237244e-06
2.064000e+02     -1.372413e-05     -2.670530e-05     2.059792e-06
2.067000e+02     -1.361723e-05     -2.321223e-05     -4.641778e-06
2.070000e+02     -1.041315e-05     -1.503141e-05     -1.137727e-05
2.073000e+02     -1.033928e-05     -2.489780e-06     -1.005400e-05
2.076000e+02     -7.598886e-06     1.096394e-05     -4.711976e-06
2.079000e+02     1.844003e-06     1.785041e-05     1.012653e-06
2.082000e+02     9.843431e-06     1.811634e-05     3.851409e-06
2.085000e+02     1.172674e-05     1.805476e-05     3.525607e-06
2.088000e+02     1.136271e-05     1.371773e-05     4.561075e-06
2.091000e+02     1.315453e-05     2.680473e-06     7.646130e-06
2.094000e+02     1.403050e-05     -1.322602e-05     1.003574e-05
2.097000e+02     1.139847e-05     -2.893580e-05     1.095745e-05
2.100000e+02     4.944063e-06     -3.635176e-05     9.875496e-06
2.103000e+02     -3.738291e-06     -3.343968e-05     9.309506e-06
2.106000e+02     -1.191868e-05     -2.112992e-05     7.871209e-06
2.109000e+02     -1.344780e-05     -2.139255e-06     3.882485e-06
2.112000e+02     -4.015036e-06     9.482322e-06     -1.281738e-06
2.115000e+02     1.048551e-05     1.035580e-05     -6.854597e-06
2.118000e+02     2.391082e-05     3.869614e-06     -1.008934e-05
2.121000e+02     3.055531e-05     -1.463112e-06     -9.853563e-06
2.124000e+02     2.726086e-05     -2.709340e-06     -4.510249e-06
2.127000e+02     1.636384e-05     -5.407368e-06     2.124134e-06
2.130000e+02     2.266409e-06     -1.376639e-05     5.035056e-06
2.133000e+02     -1.217146e-05     -2.131713e-05     4.861295e-06
2.136000e+02     -2.215383e-05     -2.275554e-05     3.844381e-06
2.139000e+02     -2.608928e-05     -2.179589e-05     2.320851e-06
2.142000e+02     -2.452428e-05     -2.158130e-05     -5.982697e-07
2.145000e+02     -1.369443e-05     -1.565905e-05     -4.320946e-06
2.148000e+02     4.452922e-06     -2.278216e-06     -4.579841e-06
2.151000e+02     1.943600e-05     8.910540e-06     1.886937e-06
2.154000e+02     2.583070e-05     1.292846e-05     9.419231e-06
2.157000e+02     2.335848e-05     9.621460e-06     1.625649e-05
2.160000e+02     1.713249e-05     -2.436015e-06     2.220965e-05
2.163000e+02     1.117479e-05     -1.448599e-05     2.261449e-05
2.166000e+02     6.742781e-06     -1.810089e-05     1.349509e-05
2.169000e+02     3.032804e-06     -1.583176e-05     2.923442e-06
2.172000e+02     1.212606e-06     -1.196082e-05     -4.960013e-06
2.175000e+02     -1.017633e-06     -1.015120e-05     -9.637258e-06
2.178000e+02     -7.075137e-06     -1.390129e-05     -1.296937e-05
2.181000e+02     -1.252591e-05     -1.813624e-05     -1.355686e-05
2.184000e+02     -1.640007e-05     -1.905320e-05     -1.372813e-05
2.187000e+02     -1.727353e-05     -1.777593e-05     -1.335904e-05
2.190000e+02     -1.294475e-05     -1.021240e-05     -9.985066e-06
2.193000e+02     -2.657447e-06     1.579950e-06     -4.505236e-06
2.196000e+02     1.018648e-05     1.487818e-05     3.069923e-06
2.199000e+02     2.093961e-05     2.215801e-05     1.061381e-05
2.202000e+02     2.646574e-05     2.089580e-05     1.180881e-05
2.205000e+02     2.604149e-05     1.220040e-05     1.048948e-05
2.208000e+02     2.101806e-05     1.565224e-06     9.033003e-06
2.211000e+02     1.147896e-05     -9.021353e-06     1.115850e-05
2.214000e+02     -4.367260e-07     -2.238321e-05     1.637148e-05
2.217000e+02     -9.680190e-06     -3.258491e-05     1.962011e-05
2.220000e+02     -1.460517e-05     -3.285719e-05     1.918071e-05
2.223000e+02     -1.500574e-05     -2.903287e-05     1.497350e-05
2.226000e+02     -7.764246e-06     -2.676009e-05     6.418724e-06
2.229000e+02     2.683168e-06     -2.908526e-05     -5.589613e-06
2.232000e+02     1.215259e-05     -3.017124e-05     -1.605863e-05
2.235000e+02     1.698516e-05     -2.372714e-05     -2.284833e-05
2.238000e+02     1.935741e-05     -1.031561e-05     -2.423368e-05
2.241000e+02     1.914846e-05     5.934509e-06     -1.802086e-05
2.244000e+02     1.772606e-05     1.759343e-05     -8.866561e-06
2.247000e+02     1.463861e-05     2.517853e-05     1.284431e-06
2.250000e+02     7.962137e-06     2.724287e-05     1.119003e-05
2.253000e+02     -2.223593e-06     2.313546e-05     1.515105e-05
2.256000e+02     -9.780235e-06     1.280124e-05     1.498515e-05
2.259000e+02     -1.431307e-05     -8.291083e-07     1.400297e-05
2.262000e+02     -1.639821e-05     -1.572345e-05     1.243249e-05
2.265000e+02     -1.328642e-05     -2.651407e-05     9.466837e-06
2.268000e+02     -4.460687e-06     -3.139371e-05     3.561142e-06
2.271000e+02     9.134471e-06     -3.015625e-05     -1.387669e-06
2.274000e+02     1.887284e-05     -2.935650e-05     -3.576959e-06
2.277000e+02     1.763195e-05     -2.877043e-05     -3.189529e-06
2.280000e+02     7.965388e-06     -2.626753e-05     -1.838647e-06
2.283000e+02     -2.082184e-06     -2.302521e-05     -2.790972e-07
2.286000e+02     -7.620236e-06     -1.732807e-05     2.948879e-06
2.289000e+02     -8.987110e-06     -7.163248e-06     4.777395e-06
2.292000e+02     -6.791265e-06     2.999420e-06     7.225206e-07
2.295000e+02     -1.886826e-06     8.624513e-06     -7.433040e-06
2.298000e+02     5.089246e-06     8.219854e-06     -1.255654e-05
2.301000e+02     1.304286e-05     3.841499e-06     -1.059091e-05
2.304000e+02     1.812335e-05     6.316460e-07     -2.372851e-06
2.307000e+02     1.873810e-05     -1.406259e-06     9.011196e-06
2.310000e+02     1.791133e-05     -1.014538e-06     1.534096e-05
2.313000e+02     1.635435e-05     7.876633e-07     1.459323e-05
2.316000e+02     1.230961e-05     1.281734e-07     1.070488e-05
2.319000e+02     5.317112e-06     -6.256862e-06     8.862481e-06
2.322000e+02     -1.616128e-06     -1.465216e-05     8.079377e-06
2.325000e+02     -5.135903e-06     -1.946710e-05     3.850106e-06
2.328000e+02     -3.432931e-06     -2.126118e-05     -1.212401e-06
2.331000e+02     9.197016e-07     -2.184948e-05     -2.141408e-06
2.334000e+02     4.638097e-06     -1.960157e-05     5.570678e-07
2.337000e+02     5.474176e-06     -1.406486e-05     1.880173e-06
2.340000e+02     5.579464e-06     -1.001752e-05     1.501012e-06
2.343000e+02     5.868267e-06     -7.648489e-06     -7.750293e-08
2.346000e+02     7.807234e-06     -6.250272e-06     9.589082e-07
2.349000e+02     8.311617e-06     -2.144829e-06     3.493959e-06
2.352000e+02     4.844855e-06     1.457828e-06     5.696779e-06
2.355000e+02     -3.184743e-07     1.626641e-06     3.901489e-06
2.358000e+02     -6.655706e-06     -2.475155e-06     -3.877419e-06
2.361000e+02     -1.282673e-05     -8.634470e-06     -9.856451e-06
2.364000e+02     -1.516454e-05     -1.384969e-05     -1.212793e-05
2.367000e+02     -1.403625e-05     -1.606241e-05     -9.880079e-06
2.370000e+02     -1.102287e-05     -1.709693e-05     -2.923394e-06
2.373000e+02     -2.360916e-06     -1.669991e-05     4.508184e-06
2.376000e+02     8.887028e-06     -1.462613e-05     8.416541e-06
2.379000e+02     2.133851e-05     -9.905285e-06     1.090746e-05
2.382000e+02     2.803662e-05     -7.241294e-06     1.254891e-05
2.385000e+02     2.889847e-05     -4.953219e-06     1.209841e-05
2.388000e+02     2.718800e-05     -3.693446e-06     8.306097e-06
2.391000e+02     2.565456e-05     -5.887069e-06     4.414790e-06
2.394000e+02     2.241550e-05     -7.856534e-06     1.440342e-07
2.397000e+02     1.739949e-05     -8.458565e-06     -2.215024e-06
2.400000e+02     8.778834e-06     -8.883392e-06     -2.022798e-06
2.403000e+02     -2.125673e-06     -8.745490e-06     4.930525e-07
2.406000e+02     -1.116097e-05     -8.884516e-06     2.352167e-06
2.409000e+02     -2.070097e-05     -1.142421e-05     2.991724e-06
2.412000e+02     -2.662550e-05     -1.336979e-05     3.122605e-06
2.415000e+02     -2.425201e-05     -1.602568e-05     1.945510e-06
2.418000e+02     -1.384482e-05     -1.775374e-05     8.782916e-07
2.421000e+02     1.508425e-06     -1.411229e-05     7.085211e-07
2.424000e+02     1.464125e-05     -1.123635e-05     -1.195238e-06
2.427000e+02     2.210207e-05     -7.376278e-06     -1.391688e-06
2.430000e+02     2.387799e-05     -4.670142e-06     1.253073e-06
2.433000e+02     2.121008e-05     -2.769722e-06     4.608151e-06
2.436000e+02     1.806770e-05     -4.113310e-06     5.273595e-06
2.439000e+02     1.479722e-05     -8.462735e-06     3.470639e-06
2.442000e+02     1.285254e-05     -1.309028e-05     3.070298e-06
2.445000e+02     7.938679e-06     -1.393028e-05     3.056522e-06
2.448000e+02     -3.702746e-08     -1.237315e-05     2.649017e-06
2.451000e+02     -6.994895e-06     -9.027182e-06     3.097435e-07
2.454000e+02     -1.087801e-05     -7.974935e-06     -1.753812e-06
2.457000e+02     -9.815049e-06     -6.065301e-06     -1.961496e-06
2.460000e+02     -5.794872e-06     -6.078663e-06     1.975761e-07
2.463000e+02     9.962355e-07     -5.640682e-06     2.249274e-06
2.466000e+02     9.642921e-06     -6.621010e-06     3.699903e-06
2.469000e+02     1.841150e-05     -1.049865e-05     7.344763e-06
2.472000e+02     2.372754e-05     -1.543088e-05     9.565525e-06
2.475000e+02     2.200786e-05     -1.753342e-05     1.043129e-05
2.478000e+02     1.358682e-05     -1.756454e-05     9.262740e-06
2.481000e+02     3.496850e-06     -1.581718e-05     6.171926e-06
2.484000e+02     -5.481784e-06     -1.119704e-05     3.630707e-06
2.487000e+02     -1.102065e-05     -6.879934e-06     1.792899e-06
2.490000e+02     -1.265098e-05     -3.705257e-06     -2.363773e-06
2.493000e+02     -1.066255e-05     -3.075177e-06     -6.790518e-06
2.496000e+02     -3.958092e-06     -5.970517e-06     -1.112338e-05
2.499000e+02     2.816513e-06     -1.067920e-05     -1.332572e-05
2.502000e+02     8.667611e-06     -1.321422e-05     -1.103688e-05
2.505000e+02     1.174154e-05     -1.135554e-05     -5.604815e-06
2.508000e+02     1.375547e-05     -8.658457e-06     -2.216705e-08
2.511000e+02     1.468763e-05     -7.001345e-06     4.369841e-06
2.514000e+02     1.390374e-05     -5.229805e-06     8.448108e-06
2.517000e+02     1.280550e-05     -4.014904e-06     1.187824e-05
2.520000e+02     9.964382e-06     -3.229449e-06     1.371910e-05
2.523000e+02     5.172422e-06     -4.111839e-06     1.366121e-05
2.526000e+02     1.829806e-06     -8.228053e-06     1.091616e-05
2.529000e+02     1.789924e-06     -1.320288e-05     6.463329e-06
2.532000e+02     5.874253e-07     -1.712704e-05     3.243659e-06
2.535000e+02     -7.835725e-07     -1.927745e-05     2.390365e-06
2.538000e+02     -1.638715e-06     -1.893740e-05     1.622675e-06
2.541000e+02     -1.171402e-06     -1.905691e-05     8.013426e-07
2.544000e+02     3.655809e-06     -1.913446e-05     -1.350159e-06
2.547000e+02     1.102650e-05     -1.693785e-05     -2.208702e-06
2.550000e+02     1.736093e-05     -1.290613e-05     -1.949327e-06
2.553000e+02     2.030944e-05     -9.218132e-06     -1.057860e-06
2.556000e+02     1.998500e-05     -2.474705e-06     -6.888945e-07
2.559000e+02     1.615465e-05     6.274960e-06     -7.961025e-07
2.562000e+02     7.385904e-06     1.083956e-05     -1.130339e-06
2.565000e+02     -3.832775e-06     8.554606e-06     -2.895980e-07
2.568000e+02     -1.507262e-05     1.412784e-06     3.708438e-06
2.571000e+02     -2.314058e-05     -8.206528e-06     9.090715e-06
2.574000e+02     -2.287529e-05     -1.799305e-05     1.156778e-05
2.577000e+02     -1.472973e-05     -2.469486e-05     1.005396e-05
2.580000e+02     -2.084456e-06     -2.925520e-05     6.988535e-06
2.583000e+02     1.055162e-05     -3.077789e-05     2.491393e-06
2.586000e+02     2.155792e-05     -2.829937e-05     -2.422240e-06
2.589000e+02     2.791543e-05     -2.379204e-05     -4.757195e-06
2.592000e+02     2.916971e-05     -1.799865e-05     -4.023627e-06
2.595000e+02     2.575434e-05     -1.097182e-05     -1.838416e-06
2.598000e+02     1.892368e-05     -2.052163e-06     1.401620e-07
2.601000e+02     1.266975e-05     6.702954e-06     2.158128e-06
2.604000e+02     7.485797e-06     1.140191e-05     4.201768e-06
2.607000e+02     2.941688e-06     1.043239e-05     4.589416e-06
2.610000e+02     -9.261929e-07     6.504416e-06     3.991253e-06
2.613000e+02     -3.403061e-06     6.786559e-07     4.339824e-06
2.616000e+02     -3.243182e-06     -6.826578e-06     4.352854e-06
2.619000e+02     -9.327012e-07     -1.475749e-05     3.963223e-06
2.622000e+02     3.119293e-06     -1.992420e-05     3.496728e-06
2.625000e+02     6.047679e-06     -2.256796e-05     2.324114e-06
2.628000e+02     6.550218e-06     -2.388994e-05     5.934601e-07
2.631000e+02     6.363877e-06     -2.357353e-05     -6.080073e-07
2.634000e+02     5.841606e-06     -2.070182e-05     -1.196965e-06
2.637000e+02     5.099114e-06     -1.667272e-05     -1.947447e-06
2.640000e+02     4.336729e-06     -1.308395e-05     -7.781726e-07
2.643000e+02     3.570411e-06     -8.871839e-06     1.329442e-06
2.646000e+02     2.587225e-06     -4.929038e-06     9.129769e-07
2.649000e+02     1.866914e-06     -2.902785e-06     -9.407609e-07
2.652000e+02     2.267488e-06     -2.051923e-06     -9.805127e-08
2.655000e+02     4.621127e-06     -1.352136e-06     3.453285e-06
2.658000e+02     8.680161e-06     -1.978168e-06     6.257731e-06
2.661000e+02     1.212893e-05     -4.927499e-06     6.727456e-06
2.664000e+02     1.267400e-05     -9.156890e-06     6.899297e-06
2.667000e+02     1.038101e-05     -1.108298e-05     7.768240e-06
2.670000e+02     7.448575e-06     -9.167363e-06     8.697085e-06
2.673000e+02     4.412873e-06     -7.304495e-06     6.723401e-06
2.676000e+02     2.301611e-06     -9.435827e-06     3.091900e-06
2.679000e+02     2.307565e-06     -1.351449e-05     1.244022e-07
2.682000e+02     3.305301e-06     -1.547515e-05     -1.910680e-06
2.685000e+02     6.665793e-06     -1.485980e-05     -3.955110e-06
2.688000e+02     1.238449e-05     -1.372601e-05     -4.065100e-06
2.691000e+02     1.676547e-05     -1.120558e-05     -1.310403e-06
2.694000e+02     1.620384e-05     -7.566876e-06     2.875097e-06
2.697000e+02     9.942688e-06     -5.797825e-06     6.164863e-06
2.700000e+02     1.963974e-06     -7.063004e-06     6.098506e-06
2.703000e+02     -4.326591e-06     -1.026449e-05     5.135902e-06
2.706000e+02     -6.826482e-06     -1.508699e-05     4.668822e-06
2.709000e+02     -6.358891e-06     -1.921787e-05     6.114653e-06
2.712000e+02     -4.721200e-06     -1.930508e-05     6.859275e-06
2.715000e+02     -2.580639e-06     -1.659411e-05     5.700149e-06
2.718000e+02     -4.755551e-08     -1.259109e-05     2.584970e-06
2.721000e+02     3.649770e-06     -6.280498e-06     -5.832992e-07
2.724000e+02     9.109357e-06     2.407663e-07     -2.062901e-06
2.727000e+02     1.581723e-05     5.654838e-06     -2.053433e-06
2.730000e+02     2.066258e-05     7.530977e-06     -1.903654e-06
2.733000e+02     2.145929e-05     5.300762e-06     -2.659272e-06
2.736000e+02     1.899751e-05     -1.766628e-07     -3.534832e-06
2.739000e+02     1.557353e-05     -8.726605e-06     -2.832036e-06
2.742000e+02     1.281100e-05     -1.789102e-05     -5.154800e-07
2.745000e+02     9.711478e-06     -2.535159e-05     2.142434e-06
2.748000e+02     5.544952e-06     -2.961142e-05     3.443780e-06
2.751000e+02     1.349972e-06     -3.033729e-05     4.527303e-06
2.754000e+02     -7.920115e-07     -2.648596e-05     5.146967e-06
2.757000e+02     -9.569356e-07     -1.895287e-05     5.450892e-06
2.760000e+02     1.595733e-07     -1.081935e-05     6.941755e-06
2.763000e+02     2.811458e-06     -4.291439e-06     8.406021e-06
2.766000e+02     4.637541e-06     -5.870061e-07     8.454425e-06
2.769000e+02     5.675436e-06     2.577422e-07     8.105384e-06
2.772000e+02     6.367976e-06     -8.017228e-07     7.262884e-06
2.775000e+02     6.534401e-06     -2.963870e-06     5.583257e-06
2.778000e+02     5.888775e-06     -5.999693e-06     2.871253e-06
2.781000e+02     5.112373e-06     -1.003517e-05     -2.819797e-07
2.784000e+02     4.956982e-06     -1.358095e-05     -2.350948e-06
2.787000e+02     5.147624e-06     -1.557688e-05     -3.880716e-06
2.790000e+02     5.373065e-06     -1.559705e-05     -4.734406e-06
2.793000e+02     5.334573e-06     -1.581735e-05     -5.579095e-06
2.796000e+02     4.372458e-06     -1.508536e-05     -6.171757e-06
2.799000e+02     3.575289e-06     -1.281022e-05     -5.328223e-06
2.802000e+02     4.473203e-06     -9.589123e-06     -3.301204e-06
2.805000e+02     6.159146e-06     -5.589124e-06     -6.165930e-07
2.808000e+02     6.958971e-06     -7.914712e-07     2.511485e-06
2.811000e+02     6.630458e-06     4.351105e-06     4.567722e-06
2.814000e+02     5.389891e-06     7.891293e-06     5.059235e-06
2.817000e+02     5.404143e-06     6.933813e-06     6.659919e-06
2.820000e+02     6.687783e-06     -2.313050e-07     9.802670e-06
2.823000e+02     6.796002e-06     -1.118666e-05     1.305004e-05
2.826000e+02     6.432478e-06     -2.196623e-05     1.310568e-05
2.829000e+02     7.033645e-06     -2.912256e-05     8.608391e-06
2.832000e+02     7.065415e-06     -3.041720e-05     2.781221e-06
2.835000e+02     5.728913e-06     -2.647048e-05     -1.156140e-06
2.838000e+02     3.522727e-06     -1.961288e-05     -3.039449e-06
2.841000e+02     2.797548e-06     -1.297942e-05     -3.586608e-06
2.844000e+02     6.107353e-06     -7.530024e-06     -2.804104e-06
2.847000e+02     1.128931e-05     -2.566513e-06     -1.577694e-06
2.850000e+02     1.494745e-05     9.363556e-07     3.626067e-09
2.853000e+02     1.559294e-05     1.938421e-06     1.685640e-06
2.856000e+02     1.450337e-05     6.552611e-07     3.130933e-06
2.859000e+02     1.328263e-05     -3.665471e-06     4.573623e-06
2.862000e+02     1.040959e-05     -1.038270e-05     5.645409e-06
2.865000e+02     5.729524e-06     -1.727308e-05     6.634792e-06
2.868000e+02     -2.835833e-07     -2.200552e-05     7.017419e-06
2.871000e+02     -6.575789e-06     -2.236873e-05     6.520202e-06
2.874000e+02     -1.207842e-05     -1.748542e-05     5.547712e-06
2.877000e+02     -1.445721e-05     -9.542892e-06     3.627923e-06
2.880000e+02     -1.150662e-05     -2.447730e-06     8.764382e-07
2.883000e+02     -3.892230e-06     -9.640771e-08     -1.948582e-06
2.886000e+02     5.581754e-06     -2.481666e-06     -4.211157e-06
2.889000e+02     1.364078e-05     -6.093805e-06     -6.528236e-06
2.892000e+02     1.921543e-05     -8.739982e-06     -7.857105e-06
2.895000e+02     2.322264e-05     -9.752148e-06     -7.033380e-06
2.898000e+02     2.690513e-05     -1.008344e-05     -5.218248e-06
2.901000e+02     2.860206e-05     -9.810064e-06     -1.745650e-06
2.904000e+02     2.620279e-05     -8.052093e-06     3.220530e-06
2.907000e+02     1.981859e-05     -5.231083e-06     8.031349e-06
2.910000e+02     1.016393e-05     -3.750995e-06     1.177935e-05
2.913000e+02     -3.336420e-08     -5.951268e-06     1.335917e-05
2.916000e+02     -7.442813e-06     -1.239997e-05     1.197571e-05
2.919000e+02     -1.054794e-05     -2.076526e-05     8.191775e-06
2.922000e+02     -1.024066e-05     -2.695205e-05     3.577823e-06
2.925000e+02     -7.333374e-06     -2.842101e-05     -8.278968e-07
2.928000e+02     -1.789803e-06     -2.494090e-05     -4.502013e-06
2.931000e+02     4.768590e-06     -1.765796e-05     -5.518920e-06
2.934000e+02     9.364994e-06     -9.351184e-06     -3.362442e-06
2.937000e+02     1.198677e-05     -1.786876e-06     9.078117e-08
2.940000e+02     1.302375e-05     3.341201e-06     2.462902e-06
2.943000e+02     1.152924e-05     6.052803e-06     3.896169e-06
2.946000e+02     7.815423e-06     6.715422e-06     5.447952e-06
2.949000e+02     3.952413e-06     4.273676e-06     6.007787e-06
2.952000e+02     1.283206e-06     -1.302785e-06     5.779780e-06
2.955000e+02     1.720406e-07     -8.974882e-06     4.535223e-06
2.958000e+02     5.480930e-07     -1.587186e-05     2.225361e-06
2.961000e+02     2.605946e-06     -2.002981e-05     -1.330764e-07
2.964000e+02     5.322395e-06     -2.249007e-05     -1.416951e-06
2.967000e+02     7.702741e-06     -2.366263e-05     -1.374813e-06
2.970000e+02     9.317125e-06     -2.094413e-05     -4.119399e-07
2.973000e+02     1.088383e-05     -1.450153e-05     1.708628e-07
2.976000e+02     1.315725e-05     -7.573994e-06     2.029854e-07
2.979000e+02     1.586366e-05     -3.484420e-06     7.091774e-07
2.982000e+02     1.728464e-05     -1.975710e-06     2.018322e-06
2.985000e+02     1.573067e-05     -2.475036e-06     3.664495e-06
2.988000e+02     1.031208e-05     -4.031509e-06     3.834584e-06
2.991000e+02     2.995948e-06     -5.346762e-06     3.340709e-06
2.994000e+02     -2.338734e-06     -5.323412e-06     3.209809e-06
2.997000e+02     -3.880275e-06     -4.513579e-06     3.883428e-06
3.000000e+02     -2.208885e-06     -3.990445e-06     4.832469e-06
3.003000e+02     1.475838e-06     -4.079793e-06     4.963757e-06
3.006000e+02     5.538795e-06     -5.969031e-06     4.605517e-06
3.009000e+02     8.914518e-06     -9.862753e-06     4.024250e-06
3.012000e+02     1.031362e-05     -1.474843e-05     1.652800e-06
3.015000e+02     9.590673e-06     -1.891762e-05     -1.944230e-06
3.018000e+02     8.147587e-06     -2.081247e-05     -5.105507e-06
3.021000e+02     6.236931e-06     -2.029555e-05     -5.968024e-06
3.024000e+02     4.561189e-06     -1.790102e-05     -4.748871e-06
3.027000e+02     3.476203e-06     -1.412672e-05     -2.635228e-06
3.030000e+02     3.276669e-06     -9.267032e-06     -8.809832e-08
3.033000e+02     5.001190e-06     -4.009586e-06     2.236791e-06
3.036000e+02     7.536128e-06     4.224094e-08     3.811068e-06
3.039000e+02     1.028811e-05     6.691600e-07     4.997407e-06
3.042000e+02     1.255617e-05     -2.606915e-06     5.773178e-06
3.045000e+02     1.324388e-05     -6.254582e-06     6.464764e-06
3.048000e+02     1.308449e-05     -8.034840e-06     6.363098e-06
3.051000e+02     1.291123e-05     -8.903222e-06     4.677068e-06
3.054000e+02     1.265859e-05     -1.066528e-05     2.570975e-06
3.057000e+02     1.155005e-05     -1.283948e-05     5.436102e-07
3.060000e+02     9.006064e-06     -1.338653e-05     -1.084861e-06
3.063000e+02     5.812314e-06     -1.122754e-05     -1.400155e-06
3.066000e+02     3.218702e-06     -7.360856e-06     -4.647224e-07
3.069000e+02     1.163926e-06     -4.357184e-06     1.128112e-06
