0.000000e+00     -6.239227e-06     5.023525e-06     7.647907e-07
3.000000e-01     -6.661608e-06     2.269725e-06     1.631275e-06
6.000000e-01     -4.600024e-07     -8.050538e-06     -1.059475e-06
9.000000e-01     4.117883e-06     -4.137309e-06     -7.325601e-07
1.200000e+00     -2.453440e-06     -3.276389e-06     3.149040e-07
1.500000e+00     -8.460308e-06     -3.023823e-06     -6.755752e-07
1.800000e+00     1.346103e-06     -5.370159e-06     6.129614e-07
2.100000e+00     -1.331129e-06     -7.484855e-06     2.840061e-07
2.400000e+00     -8.180969e-06     7.605927e-07     -1.093913e-06
2.700000e+00     -3.058841e-06     2.377821e-06     8.580814e-08
3.000000e+00     2.614324e-08     -1.619601e-06     -4.649827e-08
3.300000e+00     -4.241030e-06     -3.056596e-06     -6.407835e-07
3.600000e+00     -1.783547e-06     1.702510e-06     -1.053676e-06
3.900000e+00     -2.539365e-06     2.152078e-06     2.597391e-07
4.200000e+00     -5.257292e-06     -7.843203e-06     -3.099121e-07
4.500000e+00     5.615054e-07     -3.070784e-06     -1.399536e-06
4.800000e+00     -3.150755e-06     -3.923199e-06     -2.099601e-06
5.100000e+00     -3.299157e-06     -4.567791e-06     -1.050912e-06
5.400000e+00     -3.851169e-06     -3.782955e-07     8.858580e-08
5.700000e+00     -3.144509e-06     2.455559e-08     5.245812e-07
6.000000e+00     5.954621e-07     -5.666732e-06     1.334433e-06
6.300000e+00     5.327102e-06     -1.068702e-05     1.285320e-06
6.600000e+00     -4.723776e-06     -2.748210e-06     1.540969e-06
6.900000e+00     -1.112899e-05     1.754798e-06     -2.082877e-07
7.200000e+00     -4.686184e-06     -2.014120e-06     -1.756420e-06
7.500000e+00     -3.827599e-06     -6.107957e-07     -1.957138e-06
7.800000e+00     -1.676596e-06     1.546497e-06     -5.517843e-07
8.100000e+00     6.192533e-06     1.779694e-06     1.394298e-07
8.400000e+00     1.094008e-05     -7.138215e-06     1.577221e-06
8.700000e+00     3.449684e-06     -7.722355e-06     3.835645e-07
9.000000e+00     -6.090870e-06     -3.855071e-06     -3.476980e-07
9.300000e+00     -3.349885e-06     -5.319399e-06     -2.758745e-07
9.600000e+00     -4.535731e-06     -6.146689e-06     3.412918e-07
9.900000e+00     -6.645744e-06     -1.338015e-06     -7.123888e-07
1.020000e+01     -5.021945e-06     -2.114052e-06     -1.092292e-06
1.050000e+01     2.394653e-06     -2.745538e-06     5.542250e-08
1.080000e+01     3.422968e-06     -1.161252e-06     3.087753e-07
1.110000e+01     2.605063e-06     -1.017050e-06     3.684313e-07
1.140000e+01     -4.133877e-07     -8.325961e-07     -1.134630e-07
1.170000e+01     3.273222e-06     2.039305e-07     -3.913846e-07
1.200000e+01     8.071229e-07     -1.058802e-06     -1.533800e-06
1.230000e+01     -6.415358e-06     -3.900021e-06     -7.300961e-07
1.260000e+01     -7.777787e-06     -7.754943e-07     -1.380022e-06
1.290000e+01     -4.795060e-06     -3.294258e-06     -3.618843e-07
1.320000e+01     -5.517682e-06     -7.641189e-06     -9.996574e-08
1.350000e+01     -2.459579e-06     -1.288033e-06     -1.055175e-06
1.380000e+01     1.769019e-06     -3.485717e-07     5.556697e-08
1.410000e+01     -1.376036e-06     -2.027131e-06     4.866842e-07
1.440000e+01     1.863562e-06     -1.344664e-06     5.335328e-07
1.470000e+01     3.535690e-06     -2.299478e-06     6.951260e-07
1.500000e+01     1.911997e-07     -5.859348e-06     -1.202380e-07
1.530000e+01     2.159816e-06     -4.935043e-06     3.411411e-07
1.560000e+01     6.006714e-06     -5.478360e-06     9.829521e-07
1.590000e+01     1.334340e-06     -4.863357e-06     1.073996e-06
1.620000e+01     8.620548e-07     -4.306151e-06     -6.002664e-07
1.650000e+01     7.983164e-07     -1.474705e-06     -1.948346e-06
1.680000e+01     5.961999e-06     -8.480017e-07     -1.642152e-06
1.710000e+01     4.813102e-06     -6.239060e-06     -4.985113e-07
1.740000e+01     -4.579347e-06     -7.863817e-06     -1.426883e-06
1.770000e+01     1.544849e-06     -9.206799e-07     -1.028662e-06
1.800000e+01     9.494080e-06     -3.111439e-06     -1.107964e-07
1.830000e+01     9.279799e-06     -6.408837e-06     -4.704271e-07
1.860000e+01     3.283787e-06     -5.922695e-07     2.183222e-07
1.890000e+01     2.641052e-06     2.360558e-06     4.946799e-07
1.920000e+01     3.292853e-06     -3.428602e-06     6.385387e-07
1.950000e+01     -1.664001e-06     -3.998767e-06     1.939046e-07
1.980000e+01     9.305178e-07     4.590537e-06     -2.837109e-07
2.010000e+01     3.229395e-06     1.082573e-07     -2.632361e-07
2.040000e+01     6.199465e-06     -6.001934e-06     4.154737e-07
2.070000e+01     7.850643e-06     -5.239694e-06     1.177849e-06
2.100000e+01     8.874324e-06     -5.954436e-06     1.246663e-06
2.130000e+01     8.303547e-06     -1.758359e-06     -4.737403e-08
2.160000e+01     7.369132e-07     -5.064870e-08     1.038846e-06
2.190000e+01     -2.023674e-06     5.584225e-07     6.202995e-07
2.220000e+01     3.051909e-07     8.822351e-07     1.002843e-06
2.250000e+01     1.885101e-06     -2.007441e-06     7.021168e-08
2.280000e+01     1.699724e-06     -6.133703e-06     -4.329340e-07
2.310000e+01     1.198021e-06     -2.985441e-06     -8.390221e-07
2.340000e+01     -2.071150e-06     2.418160e-06     4.845393e-07
2.370000e+01     -6.670714e-07     6.981405e-06     2.294860e-06
2.400000e+01     9.076669e-06     8.604587e-06     6.731067e-06
2.430000e+01     1.032944e-05     5.326522e-06     1.933618e-05
2.460000e+01     8.019053e-06     2.709687e-05     1.010947e-05
2.490000e+01     2.045298e-05     3.370756e-05     3.810520e-06
2.520000e+01     -5.127420e-06     -1.748811e-05     1.302987e-05
2.550000e+01     -6.327923e-06     -1.380768e-05     -1.764701e-05
2.580000e+01     3.114232e-05     5.227040e-06     -2.919196e-05
2.610000e+01     -5.120406e-05     -5.178064e-05     5.038824e-05
2.640000e+01     -2.915384e-05     3.704536e-05     4.339285e-05
2.670000e+01     1.406523e-04     1.893479e-04     -5.697891e-05
2.700000e+01     -4.666038e-05     -6.670924e-05     6.537290e-06
2.730000e+01     -1.534754e-04     -2.356782e-04     4.145551e-05
2.760000e+01     2.166446e-04     1.108795e-04     -4.575017e-05
2.790000e+01     9.152095e-05     1.845694e-04     -9.108955e-05
2.820000e+01     -2.845723e-04     -1.304707e-04     6.380816e-06
2.850000e+01     -5.896192e-05     -2.812849e-04     9.649753e-05
2.880000e+01     2.827518e-04     9.852277e-05     -8.083417e-05
2.910000e+01     6.829281e-05     2.222954e-04     -7.327724e-05
2.940000e+01     -2.576569e-04     -1.469997e-04     1.042588e-05
2.970000e+01     1.621848e-04     -1.267941e-04     -1.271898e-05
3.000000e+01     1.997004e-04     7.410399e-06     2.310471e-05
3.030000e+01     -3.298141e-04     7.184734e-05     -1.809649e-05
3.060000e+01     1.221763e-05     -1.540265e-05     -2.665725e-05
3.090000e+01     3.074470e-04     1.268370e-05     9.265808e-06
3.120000e+01     -7.858013e-05     3.015970e-05     1.929467e-05
3.150000e+01     -1.437271e-04     -2.178229e-04     3.873304e-06
3.180000e+01     1.311746e-04     -1.214037e-05     -4.777383e-05
3.210000e+01     1.148376e-04     1.467893e-04     -1.842088e-05
3.240000e+01     -1.732956e-04     -1.011738e-04     6.772085e-05
3.270000e+01     -1.103641e-04     -3.002818e-05     2.941879e-05
3.300000e+01     3.329777e-04     1.514724e-04     5.839025e-06
3.330000e+01     -2.124763e-04     7.473612e-05     -1.213901e-05
3.360000e+01     7.033732e-06     -1.335967e-04     8.188389e-06
3.390000e+01     1.525111e-04     -1.195728e-04     5.264983e-05
3.420000e+01     -1.109693e-04     2.304887e-04     2.619867e-05
3.450000e+01     -1.859110e-04     7.274406e-05     -4.170025e-05
3.480000e+01     1.247900e-04     -1.459814e-04     2.992093e-05
3.510000e+01     8.771343e-05     -5.365881e-05     2.422254e-05
3.540000e+01     -9.139821e-05     2.517506e-04     -3.891268e-06
3.570000e+01     -1.152289e-04     2.833967e-05     2.607904e-05
3.600000e+01     2.330440e-04     -2.228375e-04     -2.516513e-05
3.630000e+01     1.665923e-04     -4.780327e-05     4.344577e-05
3.660000e+01     -3.708381e-04     2.120019e-04     -3.561683e-05
3.690000e+01     2.026561e-05     5.653234e-05     -5.158518e-05
3.720000e+01     1.408077e-04     -1.827107e-04     -6.209482e-06
3.750000e+01     5.757276e-05     -4.675008e-05     -1.696367e-05
3.780000e+01     1.454894e-05     7.631133e-05     6.255874e-06
3.810000e+01     -1.654231e-04     7.816042e-06     -1.892507e-05
3.840000e+01     2.459414e-04     -5.869329e-05     -2.086382e-05
3.870000e+01     6.144388e-05     -1.194447e-05     2.520092e-05
3.900000e+01     -1.674876e-04     7.360301e-06     -3.280495e-05
3.930000e+01     9.980924e-05     7.202582e-05     -5.912922e-05
3.960000e+01     -4.921629e-05     -1.119518e-04     1.146525e-06
3.990000e+01     1.077434e-05     -6.548151e-05     6.158586e-07
4.020000e+01     1.422461e-04     -8.970811e-06     -1.434762e-05
4.050000e+01     -1.935721e-04     3.188911e-05     -2.976650e-05
4.080000e+01     -6.523084e-05     -8.856979e-05     1.648764e-06
4.110000e+01     1.149271e-04     6.381091e-05     6.596298e-05
4.140000e+01     7.767763e-05     6.930288e-08     -2.066921e-05
4.170000e+01     -3.489268e-05     3.452216e-05     5.693824e-05
4.200000e+01     -2.723584e-04     8.967312e-05     9.412562e-05
4.230000e+01     -6.612612e-05     -7.686216e-05     2.610458e-05
4.260000e+01     1.186813e-04     3.509597e-05     4.929386e-05
4.290000e+01     -8.746060e-05     1.714331e-04     1.316303e-04
4.320000e+01     3.221621e-05     -4.215984e-05     4.599274e-05
4.350000e+01     2.044676e-04     -1.499342e-04     -9.005158e-05
4.380000e+01     -4.320720e-04     9.444313e-05     -1.423608e-04
4.410000e+01     -2.403308e-04     1.315579e-04     -6.962124e-05
4.440000e+01     2.425670e-04     -1.492292e-04     4.677508e-06
4.470000e+01     4.708932e-04     -3.538827e-04     -1.912020e-05
4.500000e+01     7.380774e-06     3.619330e-05     -4.409509e-05
4.530000e+01     -2.549345e-04     2.219881e-04     -1.058823e-04
4.560000e+01     2.671178e-05     6.487637e-05     -3.451169e-05
4.590000e+01     3.426407e-04     1.034015e-04     -3.224632e-05
4.620000e+01     -8.751538e-05     1.264528e-05     -8.105174e-05
4.650000e+01     -2.379026e-04     7.518550e-05     1.158291e-04
4.680000e+01     2.015759e-05     -3.258323e-04     2.356408e-04
4.710000e+01     5.611222e-04     -7.198068e-06     1.625639e-04
4.740000e+01     3.272825e-04     4.030229e-04     6.963084e-05
4.770000e+01     -5.085520e-04     2.952047e-05     2.033007e-05
4.800000e+01     -3.461858e-04     4.743317e-05     1.128448e-04
4.830000e+01     3.892205e-04     -7.614032e-05     1.050788e-04
4.860000e+01     2.923660e-04     -4.383028e-04     -4.039031e-05
4.890000e+01     -2.617778e-04     3.250045e-04     -1.479048e-04
4.920000e+01     1.357009e-04     4.830835e-04     4.929617e-05
4.950000e+01     3.116602e-04     -7.909833e-04     -2.539688e-04
4.980000e+01     8.393934e-04     -2.845965e-04     -1.495170e-04
5.010000e+01     -1.142979e-04     5.206380e-04     -2.068485e-05
5.040000e+01     -7.363183e-04     8.954971e-06     5.914903e-05
5.070000e+01     1.706824e-04     -1.338625e-04     -3.218323e-05
5.100000e+01     5.119355e-04     -1.405953e-04     -1.663734e-05
5.130000e+01     -2.161377e-04     -1.733937e-04     -4.917827e-05
5.160000e+01     -9.606494e-05     5.122537e-04     6.119165e-05
5.190000e+01     -5.482177e-04     9.337544e-06     1.388667e-06
5.220000e+01     -4.941768e-04     -7.429204e-04     2.413707e-06
5.250000e+01     1.569469e-04     4.824052e-04     2.290660e-05
5.280000e+01     3.565330e-06     3.486384e-04     -1.215125e-04
5.310000e+01     -7.645084e-04     -2.614269e-04     -5.828566e-05
5.340000e+01     6.147602e-04     8.095290e-05     -7.126878e-05
5.370000e+01     2.843052e-04     5.257592e-04     -3.676011e-05
5.400000e+01     -1.579427e-04     -3.284359e-04     -9.009355e-05
5.430000e+01     2.320604e-04     -1.012539e-04     -2.739298e-05
5.460000e+01     -5.318364e-04     1.554191e-04     1.519910e-04
5.490000e+01     -1.014106e-04     -2.774783e-04     1.174594e-04
5.520000e+01     6.796022e-04     -1.787716e-04     3.337500e-05
5.550000e+01     -3.353850e-04     -3.729579e-04     1.184434e-04
5.580000e+01     -3.737272e-04     1.788127e-04     2.524389e-04
5.610000e+01     1.693170e-04     -2.054737e-05     2.026248e-04
5.640000e+01     6.744967e-04     -6.327107e-04     1.205929e-04
5.670000e+01     2.509459e-04     -1.377834e-04     -4.230912e-05
5.700000e+01     -8.689182e-04     5.569309e-04     -2.817100e-05
5.730000e+01     2.297154e-04     3.763809e-04     -4.889045e-05
5.760000e+01     4.382239e-04     1.258504e-04     -2.283431e-04
5.790000e+01     1.785831e-04     -3.047823e-04     -1.440416e-04
5.820000e+01     -1.635554e-04     7.578467e-05     -1.336319e-04
5.850000e+01     -3.868016e-05     7.856834e-04     -1.564778e-04
5.880000e+01     -1.292740e-04     -3.225763e-05     -1.799470e-04
5.910000e+01     2.493468e-04     -3.045357e-04     1.676755e-05
5.940000e+01     2.381263e-04     3.928794e-06     1.947458e-05
5.970000e+01     -7.058724e-04     1.695236e-04     3.871511e-05
6.000000e+01     -1.882669e-04     -3.057399e-04     7.299042e-05
6.030000e+01     4.283046e-04     -2.764712e-04     1.204705e-04
6.060000e+01     7.389529e-05     -7.437599e-05     1.251116e-04
6.090000e+01     -2.534107e-04     7.906199e-05     -2.047541e-05
6.120000e+01     -1.839325e-04     3.897409e-04     -1.394099e-05
6.150000e+01     4.592779e-04     -3.853511e-04     8.702733e-05
6.180000e+01     1.635806e-04     -2.892140e-04     -1.182994e-05
6.210000e+01     1.149964e-04     3.888553e-04     4.717057e-05
6.240000e+01     -2.226207e-04     2.071593e-04     -5.426180e-05
6.270000e+01     -2.967910e-05     6.402056e-05     -1.155554e-04
6.300000e+01     5.403682e-04     2.339641e-04     6.066524e-05
6.330000e+01     1.525739e-04     1.521150e-04     6.307623e-05
6.360000e+01     3.937831e-05     -2.707810e-04     -6.161258e-05
6.390000e+01     -3.098846e-04     -5.992004e-05     -7.912919e-05
6.420000e+01     -7.835932e-04     -3.717442e-05     -4.146102e-05
6.450000e+01     2.316222e-04     -3.574538e-04     2.521788e-05
6.480000e+01     1.168324e-04     -1.884727e-04     8.706595e-05
6.510000e+01     -2.899490e-04     4.405357e-04     4.209761e-06
6.540000e+01     -3.973697e-04     4.652180e-06     7.702827e-05
6.570000e+01     1.550602e-04     -1.398735e-04     6.766516e-05
6.600000e+01     2.575845e-04     -1.087276e-04     6.031121e-05
6.630000e+01     -2.613731e-04     2.388896e-04     3.248831e-05
6.660000e+01     5.502054e-04     5.935813e-05     5.564930e-05
6.690000e+01     -8.731786e-05     -5.795858e-04     -6.863374e-05
6.720000e+01     2.598034e-04     2.229602e-05     -2.763344e-07
6.750000e+01     9.658653e-06     3.444117e-04     -6.788795e-05
6.780000e+01     -3.320206e-04     3.595397e-05     -6.207655e-05
6.810000e+01     8.035859e-04     -1.189861e-04     7.521142e-06
6.840000e+01     1.275013e-04     -6.974634e-05     -1.435547e-04
6.870000e+01     -4.282949e-04     2.064130e-04     -9.918245e-05
6.900000e+01     -8.405654e-06     -2.715954e-05     -3.396946e-05
6.930000e+01     -2.451130e-04     -1.385051e-04     -4.427172e-05
6.960000e+01     2.407592e-04     8.360624e-05     5.270707e-05
6.990000e+01     -4.063240e-05     -1.149449e-04     -4.027423e-05
7.020000e+01     -8.955770e-05     1.169445e-04     -7.969285e-06
7.050000e+01     2.871688e-05     4.151041e-04     -1.337408e-05
7.080000e+01     -9.885702e-05     -2.807589e-05     -3.141135e-05
7.110000e+01     6.444460e-05     -6.451435e-04     8.216066e-06
7.140000e+01     -2.257367e-05     -2.182097e-05     5.883792e-05
7.170000e+01     1.636798e-05     5.218411e-04     8.918991e-05
7.200000e+01     -7.686248e-05     -2.816597e-04     7.848353e-05
7.230000e+01     2.392066e-04     -1.870837e-04     1.098473e-04
7.260000e+01     4.546415e-04     1.209828e-04     1.061101e-04
7.290000e+01     -4.178086e-04     7.651644e-05     3.435122e-05
7.320000e+01     -2.146772e-05     1.300057e-04     -1.818175e-05
7.350000e+01     1.248117e-04     -3.048773e-04     -5.645924e-05
7.380000e+01     -1.418466e-04     -1.520265e-04     -1.342868e-04
7.410000e+01     -2.641601e-04     4.403138e-04     -7.848208e-05
7.440000e+01     -8.438893e-05     2.878049e-04     -5.699749e-05
7.470000e+01     9.015833e-05     -3.608703e-04     -1.226224e-04
7.500000e+01     2.415558e-04     -2.456217e-04     -1.121141e-04
7.530000e+01     -1.951568e-04     2.252506e-04     -3.240048e-05
7.560000e+01     8.620128e-05     4.458545e-05     5.141726e-05
7.590000e+01     2.627660e-04     -3.346954e-04     8.979291e-05
7.620000e+01     -2.204744e-04     1.646099e-04     8.762206e-05
7.650000e+01     1.456603e-04     2.105216e-04     1.430367e-04
7.680000e+01     9.341889e-05     -2.319933e-05     1.129986e-04
7.710000e+01     4.224237e-05     -8.474789e-05     1.091150e-04
7.740000e+01     1.297556e-05     -1.873951e-04     1.567137e-04
7.770000e+01     2.773844e-04     1.075251e-04     -2.768994e-05
7.800000e+01     5.448399e-05     -1.809230e-04     -6.054949e-05
7.830000e+01     -2.578422e-04     4.924454e-05     -8.459512e-05
7.860000e+01     -3.377594e-04     3.434382e-04     -6.852697e-05
7.890000e+01     2.188140e-04     -5.401000e-05     -8.925310e-05
7.920000e+01     1.783503e-05     -7.478099e-05     -6.874985e-05
7.950000e+01     -1.117539e-04     9.179311e-05     -4.264741e-05
7.980000e+01     1.264019e-04     -3.935133e-05     -2.576304e-05
8.010000e+01     -2.359252e-04     3.192327e-05     -2.159415e-05
8.040000e+01     -3.703779e-05     -9.713122e-05     -1.406774e-05
8.070000e+01     6.379715e-05     -1.147647e-04     -1.922859e-05
8.100000e+01     -2.810040e-05     -5.958430e-05     3.185709e-05
8.130000e+01     1.372551e-04     1.499929e-04     3.866338e-05
8.160000e+01     4.034767e-05     -1.458561e-04     4.642367e-05
8.190000e+01     2.351107e-04     -3.190802e-04     2.648851e-05
8.220000e+01     4.763981e-06     2.056390e-04     -8.627463e-06
8.250000e+01     -1.268540e-04     3.494857e-04     4.208944e-05
8.280000e+01     3.041276e-04     1.563136e-04     1.856479e-05
8.310000e+01     1.030377e-04     -1.230760e-04     2.102304e-05
8.340000e+01     -2.006552e-04     -2.861620e-04     2.271954e-05
8.370000e+01     1.368562e-04     -8.530330e-05     -3.472110e-05
8.400000e+01     1.725338e-04     2.585458e-05     4.200082e-05
8.430000e+01     -1.865366e-04     2.285734e-05     -8.736670e-06
8.460000e+01     -3.174890e-04     4.665608e-05     -8.228103e-05
8.490000e+01     3.597024e-05     -2.042288e-04     -1.269569e-04
8.520000e+01     -2.108906e-04     1.841415e-04     -5.388681e-05
8.550000e+01     -1.991787e-04     2.710777e-04     3.882385e-05
8.580000e+01     3.501247e-04     -1.811413e-04     4.563022e-05
8.610000e+01     1.962407e-04     -1.295971e-04     -1.786763e-05
8.640000e+01     -2.341005e-04     2.323805e-04     -5.547204e-05
8.670000e+01     -1.804027e-04     1.626338e-04     1.524400e-05
8.700000e+01     1.641346e-04     -2.768327e-04     4.289144e-05
8.730000e+01     3.252804e-04     -1.980956e-04     6.856421e-05
8.760000e+01     1.276482e-05     5.715279e-05     3.883434e-05
8.790000e+01     6.934883e-05     -1.273016e-05     6.014983e-05
8.820000e+01     2.208788e-04     2.449776e-05     6.184181e-05
8.850000e+01     3.887600e-05     4.770266e-05     -2.477135e-05
8.880000e+01     8.590622e-05     -1.072518e-04     -4.461214e-05
8.910000e+01     -4.241658e-05     5.023863e-05     -5.547119e-05
8.940000e+01     -2.893211e-04     3.401300e-05     -5.381736e-05
8.970000e+01     -1.756870e-04     -8.731442e-05     -6.869076e-05
9.000000e+01     4.967672e-05     -1.636044e-05     -2.290235e-05
9.030000e+01     8.333889e-05     5.326567e-05     -1.016654e-06
9.060000e+01     -9.927031e-05     9.057946e-05     -4.989142e-05
9.090000e+01     3.785195e-05     -1.604224e-04     -1.958859e-05
9.120000e+01     8.312089e-05     1.180062e-04     8.610374e-06
9.150000e+01     8.399403e-05     1.073699e-04     1.003890e-05
9.180000e+01     -1.688249e-04     -1.038649e-04     4.438569e-05
9.210000e+01     1.046020e-04     -1.343678e-04     5.915090e-05
9.240000e+01     1.372679e-04     -7.027867e-05     8.940966e-05
9.270000e+01     -7.732735e-05     1.328587e-04     7.014865e-05
9.300000e+01     8.184077e-05     -8.497904e-05     5.209405e-05
9.330000e+01     -3.361062e-05     -5.947003e-05     1.310157e-05
9.360000e+01     -8.089046e-05     1.310204e-04     -2.902110e-05
9.390000e+01     1.077050e-04     7.999343e-05     -3.991711e-05
9.420000e+01     -1.439598e-04     6.730867e-05     -7.168598e-05
9.450000e+01     -4.225845e-05     -3.316290e-06     -6.435437e-05
9.480000e+01     8.242291e-05     8.643462e-05     -5.778533e-06
9.510000e+01     1.401055e-04     -1.910704e-05     -1.040733e-05
9.540000e+01     7.978722e-05     -9.935546e-05     6.423256e-06
9.570000e+01     -7.531247e-05     -5.268678e-05     -4.961908e-07
9.600000e+01     -8.027004e-05     2.135966e-05     3.724752e-05
9.630000e+01     4.340453e-05     5.220331e-05     2.820533e-05
9.660000e+01     1.277110e-04     -1.169147e-04     5.189207e-05
9.690000e+01     4.403926e-05     -2.485895e-04     3.557426e-05
9.720000e+01     -8.590926e-06     -2.554645e-06     8.529119e-06
9.750000e+01     -7.162168e-05     7.655804e-05     -2.495337e-05
9.780000e+01     -1.665526e-04     1.196240e-04     -3.772685e-05
9.810000e+01     1.346917e-04     7.215604e-05     7.584095e-06
9.840000e+01     -9.781875e-05     -4.735723e-05     -8.223227e-06
9.870000e+01     -1.234640e-05     1.993057e-05     -3.160062e-05
9.900000e+01     2.027100e-04     -1.454799e-04     -1.711113e-05
9.930000e+01     -7.295919e-05     4.215308e-05     -1.519441e-05
9.960000e+01     8.254360e-05     1.810788e-04     -1.304233e-05
9.990000e+01     1.387373e-05     5.236955e-05     -4.113474e-05
1.002000e+02     2.034415e-05     -1.111021e-04     -2.397385e-05
1.005000e+02     -1.037970e-04     -4.809043e-05     1.684802e-06
1.008000e+02     -3.813953e-05     7.706483e-05     1.245879e-05
1.011000e+02     2.859879e-04     2.107871e-05     9.283444e-07
1.014000e+02     3.718706e-05     -5.969402e-06     1.261328e-05
1.017000e+02     -6.028354e-05     4.996699e-05     5.090056e-05
1.020000e+02     6.659169e-05     -1.256157e-04     2.418622e-05
1.023000e+02     -1.338404e-04     -9.665347e-05     5.221884e-06
1.026000e+02     -1.655384e-04     9.285526e-05     1.360968e-05
1.029000e+02     -5.830218e-05     -7.720145e-05     -2.346596e-05
1.032000e+02     -2.620439e-06     2.219304e-07     -3.416351e-05
1.035000e+02     8.317051e-05     1.337337e-04     -1.041395e-05
1.038000e+02     -2.425465e-05     7.525153e-05     -1.962621e-05
1.041000e+02     -3.362515e-05     -3.205056e-05     -6.394133e-06
1.044000e+02     1.151139e-04     -4.217583e-05     1.778232e-05
1.047000e+02     1.606188e-04     -1.106180e-05     2.271595e-05
1.050000e+02     -3.601445e-05     -6.286395e-06     1.236021e-05
1.053000e+02     -8.305575e-05     3.035648e-05     -1.030245e-06
1.056000e+02     -7.907831e-05     -3.684755e-05     2.277491e-05
1.059000e+02     1.032196e-04     1.206448e-05     1.612316e-06
1.062000e+02     2.104365e-04     -1.755333e-04     1.063061e-05
1.065000e+02     5.123466e-05     -8.376414e-05     6.223398e-06
1.068000e+02     3.649935e-05     7.956089e-05     -6.272933e-06
1.071000e+02     -5.198074e-05     -4.394608e-05     -7.495729e-06
1.074000e+02     -1.405413e-04     7.198733e-05     -3.710583e-05
1.077000e+02     -6.845099e-05     1.584205e-04     -3.488572e-05
1.080000e+02     -6.404759e-05     1.135563e-04     -2.809078e-05
1.083000e+02     -3.368084e-05     9.863718e-05     -2.982942e-05
1.086000e+02     1.128982e-04     -8.532756e-05     -2.281543e-06
1.089000e+02     9.447675e-06     -1.170724e-04     -1.699545e-06
1.092000e+02     -1.411603e-05     5.173311e-05     2.468672e-05
1.095000e+02     -4.918728e-05     1.269133e-04     -8.549439e-07
1.098000e+02     3.418541e-05     -6.103557e-05     4.683608e-06
1.101000e+02     5.883569e-05     -1.216081e-04     2.620142e-05
1.104000e+02     8.755650e-05     -1.066032e-04     2.448227e-05
1.107000e+02     3.330012e-06     -5.186474e-05     3.308286e-05
1.110000e+02     -2.768348e-05     1.559290e-05     2.520313e-05
1.113000e+02     -4.163019e-07     -6.568674e-05     7.450992e-06
1.116000e+02     7.153567e-05     -3.008696e-06     1.549340e-05
1.119000e+02     -6.831381e-05     1.054485e-04     2.067722e-05
1.122000e+02     -8.414931e-05     7.190754e-05     -7.068686e-06
1.125000e+02     3.614656e-07     5.665255e-05     -1.216214e-05
1.128000e+02     2.170358e-05     4.411291e-05     6.927879e-06
1.131000e+02     6.822502e-06     -6.903527e-05     -6.803172e-07
1.134000e+02     1.121620e-05     2.966825e-05     3.521840e-06
1.137000e+02     3.985596e-06     -4.140160e-05     -1.318306e-05
1.140000e+02     -2.016324e-05     -1.206227e-05     -3.710362e-05
1.143000e+02     7.887957e-05     7.023919e-05     -2.698450e-05
1.146000e+02     5.367638e-05     7.608952e-06     -4.740996e-05
1.149000e+02     2.477688e-05     6.526391e-06     -2.481276e-05
1.152000e+02     7.921971e-06     -3.455404e-05     -2.273258e-05
1.155000e+02     -4.213249e-05     -1.404441e-05     2.237068e-07
1.158000e+02     4.246146e-05     5.522676e-05     2.740863e-05
1.161000e+02     4.250612e-05     -4.096576e-05     3.945504e-05
1.164000e+02     9.477935e-06     -1.112153e-04     2.850393e-05
1.167000e+02     3.219414e-06     -8.740754e-06     3.237054e-05
1.170000e+02     -8.280553e-06     3.871995e-05     1.505249e-05
1.173000e+02     -1.720192e-05     -4.535543e-05     1.951475e-05
1.176000e+02     -1.675038e-05     -1.469891e-05     2.770877e-05
1.179000e+02     6.142334e-05     3.137906e-05     -1.231926e-05
1.182000e+02     -1.407854e-05     -5.677600e-06     -2.153462e-06
1.185000e+02     -5.566012e-05     3.683476e-05     2.678490e-05
1.188000e+02     6.284897e-05     1.651824e-05     1.561568e-05
1.191000e+02     1.057105e-05     -3.227218e-05     -3.082693e-05
1.194000e+02     -2.699119e-05     1.582237e-05     -7.468905e-05
1.197000e+02     -2.875551e-05     1.550283e-04     -7.371901e-05
1.200000e+02     4.787415e-05     9.979463e-05     -3.450163e-05
1.203000e+02     5.753326e-05     -1.521802e-04     -1.710111e-05
1.206000e+02     5.299904e-06     -1.476718e-04     -2.038778e-05
1.209000e+02     -3.174028e-05     5.122989e-05     7.196888e-06
1.212000e+02     -7.420227e-05     2.603350e-05     3.055089e-05
1.215000e+02     6.045388e-06     1.110641e-05     5.323916e-05
1.218000e+02     -2.070615e-05     -3.297765e-05     4.682443e-05
1.221000e+02     -5.901346e-05     -7.621709e-05     2.363393e-06
1.224000e+02     4.019366e-05     7.369322e-05     -1.426242e-05
1.227000e+02     7.458174e-05     6.899235e-05     8.600113e-06
1.230000e+02     1.207495e-04     1.267947e-05     1.138374e-05
1.233000e+02     1.350764e-04     -3.455219e-05     -2.063536e-06
1.236000e+02     1.418160e-05     -4.215551e-05     -1.854969e-05
1.239000e+02     -4.079822e-05     -2.035301e-05     -2.168320e-05
1.242000e+02     1.596050e-05     -1.991761e-05     -1.096699e-05
1.245000e+02     -4.700082e-05     -4.048211e-05     -1.226081e-05
1.248000e+02     -1.440500e-04     2.556025e-05     -4.621903e-06
1.251000e+02     -8.642998e-05     1.913900e-05     -1.709054e-06
1.254000e+02     -3.888473e-05     -4.664066e-05     -2.963386e-06
1.257000e+02     4.492797e-05     4.487353e-05     -8.766098e-06
1.260000e+02     6.674665e-05     1.029137e-04     2.341361e-05
1.263000e+02     1.497664e-04     4.873250e-05     3.402553e-05
1.266000e+02     1.208198e-04     -3.824683e-05     2.457085e-05
1.269000e+02     3.154500e-05     -5.635440e-05     1.402806e-05
1.272000e+02     1.418341e-05     5.157200e-05     2.439274e-05
1.275000e+02     -2.360594e-05     4.576319e-05     3.795330e-05
1.278000e+02     -1.632624e-05     -2.228939e-05     1.931709e-05
1.281000e+02     -8.184231e-05     -3.791132e-05     -4.685281e-06
1.284000e+02     -8.526945e-05     -2.840687e-05     -8.820861e-06
1.287000e+02     -3.260831e-05     -5.842264e-05     -2.337296e-05
1.290000e+02     -2.092527e-05     -6.756405e-05     -2.812831e-05
1.293000e+02     9.709163e-06     -1.261977e-05     -4.427499e-05
1.296000e+02     3.391036e-05     4.330660e-05     -5.972169e-05
1.299000e+02     6.144838e-05     8.256390e-05     -5.445017e-05
1.302000e+02     8.305730e-05     5.067389e-05     -3.265788e-05
1.305000e+02     5.372608e-05     -4.736246e-06     -1.220188e-05
1.308000e+02     3.019660e-05     -1.499861e-05     4.353494e-06
1.311000e+02     6.045053e-05     2.247180e-05     3.926902e-05
1.314000e+02     4.228966e-05     8.125377e-06     5.747595e-05
1.317000e+02     -5.198732e-05     -2.139319e-05     6.111981e-05
1.320000e+02     -1.246518e-04     -1.406326e-05     4.741813e-05
1.323000e+02     -1.059693e-04     -3.938392e-05     3.597864e-05
1.326000e+02     1.190483e-05     -7.461908e-05     3.473379e-05
1.329000e+02     8.716753e-05     -8.464324e-05     6.386060e-06
1.332000e+02     3.329230e-05     1.141075e-05     -4.243740e-06
1.335000e+02     1.329301e-05     2.493143e-05     -1.538377e-05
1.338000e+02     4.148345e-05     -2.092006e-05     -1.900084e-05
1.341000e+02     5.524790e-05     -1.203407e-06     -3.598425e-05
1.344000e+02     3.915016e-05     6.724965e-05     -4.835191e-05
1.347000e+02     -3.938885e-05     1.254558e-04     -3.979147e-05
1.350000e+02     -1.807743e-05     4.644748e-05     -2.355585e-05
1.353000e+02     1.042221e-04     -3.091201e-05     -5.742742e-06
1.356000e+02     -2.732755e-05     5.818626e-06     -2.163190e-06
1.359000e+02     -5.903386e-05     -5.591222e-05     5.690430e-06
1.362000e+02     7.424227e-05     -1.278051e-04     2.342454e-05
1.365000e+02     9.587756e-06     -4.453562e-05     1.603561e-05
1.368000e+02     -1.285914e-04     -8.277497e-06     1.568719e-05
1.371000e+02     -1.210205e-05     2.857857e-05     2.666917e-06
1.374000e+02     6.951503e-05     5.364344e-05     -4.470328e-06
1.377000e+02     6.019246e-05     5.844356e-05     7.179988e-06
1.380000e+02     7.799550e-05     7.888359e-05     9.459957e-06
1.383000e+02     4.315242e-05     4.300145e-05     6.767579e-06
1.386000e+02     -6.106368e-05     -6.093671e-05     -4.571662e-06
1.389000e+02     -3.600390e-05     -8.800769e-05     -8.065366e-06
1.392000e+02     1.260587e-05     -5.717555e-05     -7.202202e-06
1.395000e+02     -4.438404e-05     -7.319638e-06     -1.122503e-05
1.398000e+02     -4.137998e-05     1.950029e-06     -8.139815e-06
1.401000e+02     3.935499e-05     -1.421058e-05     -2.063212e-05
1.404000e+02     2.917496e-05     -1.293515e-05     -1.762552e-05
1.407000e+02     5.339282e-05     -8.752441e-06     -1.719183e-06
1.410000e+02     7.107397e-05     2.457672e-05     4.997739e-06
1.413000e+02     -4.272406e-06     3.465225e-05     1.757507e-05
1.416000e+02     3.881050e-05     -1.820058e-06     1.031426e-05
1.419000e+02     6.280895e-05     5.495083e-05     4.786216e-06
1.422000e+02     2.166068e-05     7.133382e-05     1.999862e-05
1.425000e+02     -4.992738e-05     8.800316e-05     3.590719e-05
1.428000e+02     -6.260306e-05     5.299180e-05     3.790139e-05
1.431000e+02     2.171787e-05     -4.334966e-05     1.947197e-05
1.434000e+02     5.588179e-06     -9.229899e-05     1.066092e-05
1.437000e+02     -3.070452e-05     -1.031814e-04     8.360970e-06
1.440000e+02     -3.493629e-05     -1.153455e-04     -4.871007e-06
1.443000e+02     -4.695898e-06     -1.464972e-04     -1.508854e-05
1.446000e+02     3.443888e-05     -6.281567e-05     -4.516760e-05
1.449000e+02     -1.263837e-05     3.685387e-05     -5.404926e-05
1.452000e+02     -8.621845e-06     9.412380e-05     -3.731172e-05
1.455000e+02     3.116158e-05     1.073121e-04     -2.722543e-05
1.458000e+02     2.225740e-05     9.192112e-05     -1.966855e-05
1.461000e+02     -2.910339e-05     7.646901e-05     -4.540519e-06
1.464000e+02     -1.613675e-05     8.172674e-05     1.416024e-05
1.467000e+02     2.175575e-05     4.189265e-05     2.711740e-05
1.470000e+02     4.861421e-05     -3.166829e-06     3.942456e-05
1.473000e+02     1.175525e-04     -3.738685e-05     4.764213e-05
1.476000e+02     1.185059e-04     -2.455510e-05     3.902005e-05
1.479000e+02     6.470117e-07     -3.857266e-05     2.448227e-05
1.482000e+02     -3.374272e-05     -6.460583e-05     1.723611e-05
1.485000e+02     -6.258327e-06     -7.188360e-05     2.257920e-06
1.488000e+02     -2.656599e-05     -8.185788e-05     -2.374637e-05
1.491000e+02     -3.916433e-05     -3.664727e-05     -3.808241e-05
1.494000e+02     -4.442848e-05     4.586320e-06     -2.679600e-05
1.497000e+02     -1.877829e-05     2.442034e-05     -2.253487e-05
1.500000e+02     1.115104e-05     3.689957e-05     -2.262530e-05
1.503000e+02     -1.781908e-05     1.637005e-05     -1.476483e-05
1.506000e+02     -2.038207e-05     4.378453e-05     -5.220792e-06
1.509000e+02     -2.451423e-05     7.573384e-05     1.086951e-05
1.512000e+02     1.399365e-05     6.166495e-05     8.742375e-06
1.515000e+02     2.895911e-05     3.654542e-05     3.164045e-06
1.518000e+02     -4.561580e-06     2.663300e-05     1.397680e-05
1.521000e+02     4.921032e-05     -1.888153e-05     1.946495e-05
1.524000e+02     7.666993e-05     -2.868124e-05     2.182350e-05
1.527000e+02     6.403170e-05     -1.909940e-05     2.681343e-05
1.530000e+02     -2.688086e-05     -6.268376e-05     1.377724e-05
1.533000e+02     -2.445518e-05     -6.103821e-05     -3.000268e-06
1.536000e+02     2.651057e-05     -5.120499e-05     -1.158925e-05
1.539000e+02     3.358657e-05     -2.961640e-05     -1.662881e-05
1.542000e+02     -6.930967e-06     9.578808e-06     -1.545828e-05
1.545000e+02     -1.160023e-05     3.794445e-05     -1.360504e-05
1.548000e+02     4.267363e-05     2.179282e-06     -1.270265e-05
1.551000e+02     2.343736e-05     4.619261e-06     -2.137554e-05
1.554000e+02     -4.633332e-05     4.005928e-05     -1.531982e-05
1.557000e+02     -5.283659e-05     8.441018e-05     3.599925e-06
1.560000e+02     -3.638326e-05     3.842009e-05     2.332487e-05
1.563000e+02     -7.941204e-06     -5.691343e-05     2.308865e-05
1.566000e+02     -4.708401e-05     -1.512480e-05     8.918218e-06
1.569000e+02     -3.259279e-05     4.718288e-05     3.650735e-06
1.572000e+02     9.910065e-06     5.716132e-05     -3.284130e-06
1.575000e+02     5.733834e-05     3.105030e-05     -3.823531e-06
1.578000e+02     1.120701e-04     2.856392e-05     -1.087084e-05
1.581000e+02     8.042158e-05     -7.335234e-07     -1.361083e-05
1.584000e+02     2.487755e-05     -3.383502e-06     -1.375057e-05
1.587000e+02     3.686681e-05     4.725876e-06     -1.238737e-05
1.590000e+02     1.758311e-05     -4.084811e-05     -5.921411e-06
1.593000e+02     -1.866597e-05     -3.207530e-05     4.041822e-06
1.596000e+02     -3.668971e-05     -1.901459e-05     2.435760e-05
1.599000e+02     -5.103817e-05     -3.211567e-05     2.015604e-05
1.602000e+02     -7.412729e-05     -5.808219e-05     1.440213e-05
1.605000e+02     -2.805781e-05     -1.764440e-05     9.403276e-06
1.608000e+02     -4.146584e-05     3.487677e-05     7.890692e-06
1.611000e+02     6.934020e-06     2.635409e-05     8.368595e-06
1.614000e+02     4.805832e-05     1.520530e-05     5.881481e-07
1.617000e+02     9.423216e-06     4.081749e-05     -6.409160e-06
1.620000e+02     7.970356e-06     6.259695e-05     -1.055922e-05
1.623000e+02     2.200392e-05     6.563912e-05     -2.112265e-05
1.626000e+02     -7.073834e-06     3.414676e-05     -1.783695e-05
1.629000e+02     9.122197e-06     -4.165623e-06     -1.557358e-05
1.632000e+02     -3.046627e-06     -5.175644e-06     -2.681266e-06
1.635000e+02     -2.538636e-05     -1.756731e-05     2.280432e-05
1.638000e+02     2.186509e-05     -2.661983e-05     3.256866e-05
1.641000e+02     4.712217e-05     4.878177e-06     2.967091e-05
1.644000e+02     1.829788e-05     6.038751e-06     2.765175e-05
1.647000e+02     -1.800927e-05     -4.201394e-05     2.575541e-05
1.650000e+02     1.480450e-06     -3.840225e-05     1.887842e-05
1.653000e+02     -7.094012e-06     6.759903e-07     -2.382990e-07
1.656000e+02     -4.981163e-05     1.808818e-05     -1.327043e-05
1.659000e+02     -4.045951e-05     2.018670e-05     -2.856080e-05
1.662000e+02     -3.112544e-05     6.043334e-05     -4.121164e-05
1.665000e+02     -3.697279e-05     7.203994e-05     -4.374461e-05
1.668000e+02     1.619660e-05     1.670817e-05     -3.434361e-05
1.671000e+02     5.224572e-05     -2.162688e-05     -2.250960e-05
1.674000e+02     3.564255e-05     -4.034084e-06     -7.156291e-06
1.677000e+02     2.373968e-05     1.290602e-05     4.836579e-06
1.680000e+02     1.772668e-05     9.467017e-07     1.161614e-05
1.683000e+02     1.768873e-05     2.968047e-05     1.651774e-05
1.686000e+02     2.057615e-06     5.326066e-05     2.339451e-05
1.689000e+02     6.966802e-06     1.877712e-05     2.625364e-05
1.692000e+02     -2.045269e-05     -2.003755e-05     1.985998e-05
1.695000e+02     -5.725862e-05     -3.960103e-05     1.273909e-05
1.698000e+02     -5.112581e-05     -2.660350e-05     8.133721e-06
1.701000e+02     -2.549447e-05     1.183586e-06     1.290259e-05
1.704000e+02     7.210728e-06     -2.373142e-05     1.444602e-05
1.707000e+02     2.074189e-05     -4.607831e-05     8.262077e-06
1.710000e+02     7.487006e-06     -5.351969e-06     2.226880e-06
1.713000e+02     -2.632795e-05     2.722268e-05     -5.451024e-06
1.716000e+02     -1.848986e-06     6.174127e-05     -1.577693e-05
1.719000e+02     -5.060246e-07     7.612707e-05     -2.421445e-05
1.722000e+02     -1.491779e-05     3.615115e-05     -2.720880e-05
1.725000e+02     1.810880e-05     3.217508e-05     -2.207035e-05
1.728000e+02     3.960717e-05     2.915865e-05     -1.544846e-05
1.731000e+02     4.158556e-05     -3.089763e-06     -1.571557e-05
1.734000e+02     2.527572e-05     -6.745860e-06     -1.171663e-05
1.737000e+02     -2.005550e-05     -1.898020e-05     -4.391626e-06
1.740000e+02     -2.336535e-05     -1.636724e-05     7.675943e-06
1.743000e+02     -1.265034e-05     -3.054409e-05     2.420610e-05
1.746000e+02     -2.608498e-05     -3.369640e-05     2.672134e-05
1.749000e+02     -2.737260e-05     -3.958053e-06     2.059030e-05
1.752000e+02     -7.310259e-06     2.883606e-06     1.325558e-05
1.755000e+02     -2.020498e-05     -1.564429e-05     3.964107e-06
1.758000e+02     -1.799227e-05     -4.990916e-06     -2.426197e-06
1.761000e+02     1.763294e-05     2.470581e-05     -8.549015e-06
1.764000e+02     2.321775e-05     7.646506e-06     -9.857796e-06
1.767000e+02     -5.094622e-06     1.962860e-05     -1.428778e-06
1.770000e+02     -2.028152e-05     5.078695e-05     -2.485911e-06
1.773000e+02     8.541657e-06     3.373714e-05     -6.977748e-06
1.776000e+02     1.993576e-05     -1.278858e-05     -2.432630e-06
1.779000e+02     1.450191e-05     -1.377323e-05     6.761486e-06
1.782000e+02     -5.472111e-07     8.352778e-06     1.083683e-05
1.785000e+02     -4.082360e-05     6.157711e-06     8.123186e-06
1.788000e+02     -2.801618e-05     -9.875983e-06     3.719735e-06
1.791000e+02     -4.015503e-06     1.057413e-05     -6.623213e-06
1.794000e+02     8.982932e-06     4.452634e-05     -8.482464e-06
1.797000e+02     3.239625e-05     3.806309e-05     2.490006e-07
1.800000e+02     4.902658e-05     1.397748e-05     5.253022e-06
1.803000e+02     2.894866e-05     -5.179504e-06     5.954296e-06
1.806000e+02     -3.167457e-05     2.766360e-06     3.028209e-06
1.809000e+02     -6.007794e-05     1.748746e-05     3.464288e-06
1.812000e+02     -5.366878e-05     -7.428791e-06     2.622005e-06
1.815000e+02     -3.308501e-05     -1.799714e-05     -5.830297e-06
1.818000e+02     -3.960222e-05     -2.054902e-06     -1.479587e-05
1.821000e+02     -3.093468e-05     -1.348803e-05     -1.898721e-05
1.824000e+02     -5.331226e-07     -2.635059e-05     -1.199495e-05
1.827000e+02     3.028379e-05     7.792711e-06     -5.105335e-06
1.830000e+02     3.197617e-05     3.452496e-05     2.738361e-06
1.833000e+02     2.913110e-05     2.602823e-05     1.020592e-05
1.836000e+02     5.231153e-05     3.991561e-05     1.317539e-05
1.839000e+02     3.539391e-05     1.479208e-05     1.374663e-05
1.842000e+02     1.709264e-05     -2.383444e-05     1.616528e-05
1.845000e+02     9.868924e-06     -1.726789e-05     1.854266e-05
1.848000e+02     -1.710610e-05     1.885009e-07     1.819834e-05
1.851000e+02     -4.227655e-05     3.924575e-06     9.799603e-06
1.854000e+02     -5.986863e-05     2.786085e-05     -5.388410e-06
1.857000e+02     -5.955493e-05     2.918672e-05     -9.538282e-06
1.860000e+02     -2.534913e-05     1.845722e-05     -9.699391e-06
1.863000e+02     -1.135277e-05     1.903578e-05     -7.315027e-06
1.866000e+02     4.986307e-06     -1.002714e-05     -6.163335e-06
1.869000e+02     1.530708e-05     -1.713766e-05     -3.782460e-06
1.872000e+02     7.456782e-06     1.104679e-05     -6.207741e-07
1.875000e+02     3.455862e-06     1.198344e-05     5.881212e-07
1.878000e+02     -2.344693e-07     4.515380e-06     2.096305e-06
1.881000e+02     1.030957e-05     1.504365e-05     3.567805e-06
1.884000e+02     1.067800e-05     1.353819e-05     1.714654e-06
1.887000e+02     9.854029e-07     1.565109e-05     1.425342e-06
1.890000e+02     1.486035e-06     2.783555e-05     -1.460236e-06
1.893000e+02     3.102558e-06     4.743641e-05     -7.642125e-06
1.896000e+02     -2.126420e-07     2.056811e-05     -1.502843e-05
1.899000e+02     -4.997261e-06     -2.331352e-05     -1.763163e-05
1.902000e+02     -2.909203e-05     -5.295428e-05     -7.250935e-06
1.905000e+02     -6.434684e-05     -4.560013e-05     -2.728629e-06
1.908000e+02     -5.874928e-05     -2.852635e-05     4.688135e-06
1.911000e+02     -1.823728e-05     -2.512430e-05     1.249854e-05
1.914000e+02     1.867875e-05     -2.210322e-05     1.236298e-05
1.917000e+02     1.787624e-05     -1.200609e-05     1.738289e-05
1.920000e+02     2.069193e-05     1.211392e-05     1.694654e-05
1.923000e+02     4.027935e-05     4.478409e-05     1.390967e-05
1.926000e+02     3.443058e-05     7.266406e-05     1.134707e-05
1.929000e+02     2.320976e-05     9.649589e-05     6.742444e-06
1.932000e+02     3.299115e-06     9.426600e-05     7.014948e-07
1.935000e+02     -4.668075e-05     7.943342e-05     -1.346405e-05
1.938000e+02     -4.910252e-05     2.434054e-05     -2.408133e-05
1.941000e+02     -3.667684e-05     -5.688968e-05     -2.393190e-05
1.944000e+02     -3.563080e-05     -8.470123e-05     -1.850892e-05
1.947000e+02     -2.488797e-05     -6.959577e-05     -6.117916e-06
1.950000e+02     3.457763e-06     -5.073968e-05     2.531326e-06
1.953000e+02     4.428056e-05     -5.592942e-05     8.764350e-06
1.956000e+02     3.493905e-05     -3.719111e-05     1.311824e-05
1.959000e+02     8.329934e-06     2.983105e-06     1.636158e-05
1.962000e+02     -1.844506e-05     1.965094e-05     9.801011e-06
1.965000e+02     -2.567256e-05     3.848302e-05     4.151226e-06
1.968000e+02     -1.815480e-05     4.939271e-05     -1.980810e-06
1.971000e+02     -1.957899e-05     5.720697e-05     -3.218455e-06
1.974000e+02     -1.905904e-05     5.011992e-05     -8.030857e-07
1.977000e+02     -1.246387e-05     4.243492e-05     -8.869023e-09
1.980000e+02     -1.472086e-05     4.722516e-05     -2.712052e-06
1.983000e+02     -3.219731e-08     5.094424e-05     -4.168236e-07
1.986000e+02     3.072528e-05     2.334453e-05     5.542336e-06
1.989000e+02     1.594227e-05     -7.814888e-06     1.052434e-05
1.992000e+02     -2.596468e-05     -3.874612e-05     5.031015e-06
1.995000e+02     -6.614806e-05     -3.276027e-05     1.742687e-06
1.998000e+02     -9.204370e-05     -2.141159e-05     -1.154822e-07
2.001000e+02     -8.590803e-05     -1.336808e-05     -1.141746e-06
2.004000e+02     -4.474161e-05     -1.591865e-05     -3.106587e-08
2.007000e+02     7.896648e-06     -1.897265e-05     -3.645847e-06
2.010000e+02     5.456311e-05     3.262997e-06     -5.108208e-06
2.013000e+02     4.744050e-05     3.477385e-05     -6.987199e-06
2.016000e+02     4.513407e-05     5.612834e-05     -8.990424e-06
2.019000e+02     4.935909e-05     4.860924e-05     -2.176735e-06
2.022000e+02     2.065512e-05     2.988699e-05     8.027361e-06
2.025000e+02     -5.771411e-06     1.511222e-05     1.604465e-05
2.028000e+02     -1.157686e-05     4.045687e-07     1.369478e-05
2.031000e+02     -4.420452e-05     -3.684850e-06     9.276447e-06
2.034000e+02     -7.050386e-05     -6.194415e-06     5.480019e-06
2.037000e+02     -6.054205e-05     5.963223e-06     2.610574e-06
2.040000e+02     -5.224652e-05     6.119803e-06     6.689350e-08
2.043000e+02     -3.205499e-05     -1.194996e-05     -5.764003e-06
2.046000e+02     -3.680304e-05     3.270842e-06     -1.256601e-05
2.049000e+02     -5.139906e-05     9.547702e-06     -1.993619e-05
2.052000e+02     -2.769078e-05     6.328687e-06     -1.799129e-05
2.055000e+02     2.464011e-05     7.573510e-06     -1.612338e-05
2.058000e+02     4.263380e-05     1.946257e-05     -7.153809e-06
2.061000e+02     2.482665e-05     3.587724e-05     2.408949e-06
2.064000e+02     3.631683e-05     4.366920e-05     1.076791e-05
2.067000e+02     3.348139e-05     4.428870e-05     1.757379e-05
2.070000e+02     -6.633536e-06     4.361447e-05     1.787478e-05
2.073000e+02     -3.527616e-05     5.038292e-05     1.944805e-05
2.076000e+02     -4.436420e-05     2.809308e-05     1.959061e-05
2.079000e+02     -5.081729e-05     -1.043388e-05     1.429829e-05
2.082000e+02     -6.964100e-05     -2.256959e-05     6.430907e-06
2.085000e+02     -5.534859e-05     -2.014166e-05     -4.870823e-06
2.088000e+02     -5.116167e-05     -3.070774e-05     -1.917024e-05
2.091000e+02     -2.461348e-05     -3.356521e-05     -1.693422e-05
2.094000e+02     7.591901e-06     -6.814603e-06     -1.355802e-05
2.097000e+02     2.065783e-05     1.517726e-05     -9.956705e-06
2.100000e+02     2.346411e-05     3.012827e-05     -2.164405e-06
2.103000e+02     2.762042e-05     2.992687e-05     5.187262e-06
2.106000e+02     1.492064e-05     3.183540e-05     3.575109e-06
2.109000e+02     -2.502754e-05     3.576730e-05     6.939544e-06
2.112000e+02     -2.178659e-05     2.861068e-05     4.652513e-06
2.115000e+02     1.958910e-06     1.139159e-05     6.094135e-06
2.118000e+02     -6.667211e-06     -8.567264e-06     6.116343e-06
2.121000e+02     -1.757415e-05     -1.116912e-05     4.121931e-06
2.124000e+02     -4.087554e-05     -5.267898e-06     3.728967e-06
2.127000e+02     -4.575144e-05     -1.821775e-06     1.974253e-06
2.130000e+02     -3.006331e-05     5.948887e-07     5.541366e-07
2.133000e+02     -2.236941e-05     3.164765e-05     3.416804e-06
2.136000e+02     -2.090434e-05     3.738705e-05     1.596514e-06
2.139000e+02     -2.851776e-05     4.520634e-05     -6.680362e-06
2.142000e+02     -2.495401e-05     3.582545e-05     -8.177823e-06
2.145000e+02     -2.437174e-05     3.546437e-05     -9.599043e-06
2.148000e+02     7.737523e-07     2.306121e-05     -6.220651e-06
2.151000e+02     2.717372e-05     -6.454175e-07     -5.053755e-06
2.154000e+02     4.165292e-05     -5.200504e-05     -2.507270e-07
2.157000e+02     2.736706e-05     -5.116903e-05     4.976882e-06
2.160000e+02     1.061357e-05     -1.598098e-05     8.433286e-06
2.163000e+02     -3.768459e-05     3.528803e-06     8.693837e-06
2.166000e+02     -5.103549e-05     2.317084e-06     1.035269e-05
2.169000e+02     -6.127382e-05     3.174075e-05     5.543391e-06
2.172000e+02     -7.629769e-05     3.006214e-05     1.178053e-06
2.175000e+02     -5.343914e-05     2.249467e-05     -1.908703e-06
2.178000e+02     -2.537948e-05     4.260199e-05     -2.033166e-06
2.181000e+02     -2.228420e-05     5.066260e-05     -3.485375e-06
2.184000e+02     1.543340e-05     2.974196e-05     -4.129551e-07
2.187000e+02     2.265177e-05     2.533966e-06     3.404938e-06
2.190000e+02     1.202507e-05     -6.797352e-06     1.282783e-05
2.193000e+02     -2.872392e-06     9.863698e-07     1.993879e-05
2.196000e+02     7.378765e-06     -1.790433e-06     1.389351e-05
2.199000e+02     -1.847751e-05     -5.878918e-06     3.870117e-06
2.202000e+02     -3.898711e-05     3.169734e-05     -7.865425e-06
2.205000e+02     -4.038967e-05     2.680466e-05     -1.195109e-05
2.208000e+02     -5.199482e-05     7.984271e-06     -1.254273e-05
2.211000e+02     -2.993305e-05     -1.797278e-05     -6.088238e-06
2.214000e+02     -1.847555e-05     -1.365445e-05     -3.350796e-06
2.217000e+02     -4.527323e-06     -1.805836e-06     2.641414e-06
2.220000e+02     2.328606e-06     -4.761137e-06     3.337425e-06
2.223000e+02     -8.252714e-07     5.968788e-07     6.895981e-06
2.226000e+02     -2.564220e-06     -7.370941e-06     6.718796e-06
2.229000e+02     1.401839e-06     -1.775458e-06     4.224735e-06
2.232000e+02     -1.932549e-05     2.223020e-05     1.450542e-07
2.235000e+02     -3.199463e-05     5.051393e-05     -6.839865e-06
2.238000e+02     8.027032e-07     5.244440e-05     -1.252892e-05
2.241000e+02     -1.188121e-05     6.450411e-05     -1.683059e-05
2.244000e+02     -2.125013e-05     4.188322e-05     -1.098197e-05
2.247000e+02     -5.189165e-06     5.006880e-06     -8.075499e-06
2.250000e+02     9.081433e-06     -1.972004e-05     1.279485e-06
2.253000e+02     5.914526e-06     -2.782368e-05     8.696599e-06
2.256000e+02     -2.835602e-05     -1.967309e-05     1.019627e-05
2.259000e+02     -4.428613e-05     7.564912e-06     6.400271e-06
2.262000e+02     -2.954274e-05     1.051133e-05     2.286462e-06
2.265000e+02     -1.863537e-05     9.692832e-06     3.125407e-06
2.268000e+02     -1.495091e-05     1.962682e-05     4.515121e-06
2.271000e+02     -2.338280e-05     2.092143e-05     6.978257e-06
2.274000e+02     -6.101346e-06     4.281302e-06     9.407492e-06
2.277000e+02     1.391866e-05     -1.591971e-05     8.142614e-06
2.280000e+02     -1.254955e-05     -7.532260e-06     3.527032e-06
2.283000e+02     -3.568896e-05     1.092319e-05     2.676553e-07
2.286000e+02     -3.201735e-05     8.405688e-06     -1.788445e-06
2.289000e+02     -1.323026e-05     -9.041400e-06     8.777352e-07
2.292000e+02     7.043565e-07     1.029480e-05     2.763497e-06
2.295000e+02     -1.549768e-05     2.585707e-05     1.047857e-06
2.298000e+02     -2.064052e-05     3.454623e-05     -1.678349e-06
2.301000e+02     -2.487840e-05     3.702021e-05     -4.317687e-07
2.304000e+02     -2.504047e-05     3.701689e-05     -8.589671e-07
2.307000e+02     -7.215014e-06     2.459093e-05     2.370731e-06
2.310000e+02     -8.662042e-06     -1.350951e-06     4.071550e-06
2.313000e+02     -5.213295e-06     -6.163090e-07     2.628996e-06
2.316000e+02     -6.467475e-06     -8.312939e-06     -2.489081e-06
2.319000e+02     -1.431102e-05     -7.712615e-06     -5.743155e-06
2.322000e+02     -1.433333e-05     -1.706656e-06     -7.814489e-06
2.325000e+02     -3.018657e-06     -1.208339e-06     -7.348449e-06
2.328000e+02     1.311160e-06     -1.254515e-05     -5.067127e-06
2.331000e+02     -9.301227e-06     -1.287792e-05     -2.840418e-06
2.334000e+02     -9.036037e-06     1.636192e-06     9.976396e-07
2.337000e+02     -2.630344e-05     2.132032e-05     3.983537e-06
2.340000e+02     -3.318628e-05     2.858934e-05     4.769154e-06
2.343000e+02     -2.911056e-05     2.835940e-05     3.430757e-06
2.346000e+02     -1.022195e-05     1.582418e-05     5.254878e-06
2.349000e+02     -1.502025e-06     1.070694e-05     9.926263e-06
2.352000e+02     -4.164137e-06     3.349527e-06     1.073854e-05
2.355000e+02     -1.517850e-05     1.702451e-05     8.822849e-06
2.358000e+02     -1.456020e-05     2.590734e-05     4.404652e-06
2.361000e+02     -1.064387e-05     1.298707e-05     2.801692e-06
2.364000e+02     -1.661630e-05     8.667805e-06     -4.085352e-07
2.367000e+02     -1.137829e-05     -2.734104e-06     -8.918036e-07
2.370000e+02     -1.832472e-05     -6.932610e-06     -2.887272e-06
2.373000e+02     -1.312106e-05     9.221945e-06     -3.385154e-06
2.376000e+02     -7.784379e-06     1.548456e-05     -3.811770e-06
2.379000e+02     -2.055991e-06     2.733317e-06     -3.489189e-06
2.382000e+02     2.381529e-06     -6.788698e-06     -2.458615e-06
2.385000e+02     -7.032559e-06     -7.796581e-06     -1.029357e-06
2.388000e+02     -2.444937e-05     -6.389633e-06     1.985328e-06
2.391000e+02     -2.512060e-05     -8.872956e-06     2.025927e-06
2.394000e+02     -3.302360e-05     7.816713e-07     1.807931e-06
2.397000e+02     -1.808875e-05     1.713236e-05     1.105718e-06
2.400000e+02     -1.659131e-05     2.603084e-05     -3.445430e-07
2.403000e+02     -1.006838e-05     2.310612e-05     -1.426077e-06
2.406000e+02     -7.902227e-06     2.447541e-05     -1.530867e-06
2.409000e+02     -1.721138e-05     1.786341e-05     -2.166733e-07
2.412000e+02     -2.052342e-05     1.747828e-06     1.862447e-06
2.415000e+02     -2.036213e-05     -4.939282e-06     4.892642e-06
2.418000e+02     -2.290929e-07     -1.554542e-05     9.618997e-06
2.421000e+02     4.971170e-06     -2.146701e-05     9.410414e-06
2.424000e+02     5.877500e-06     -1.088540e-05     6.727004e-06
2.427000e+02     -4.203172e-06     4.534625e-06     4.609992e-06
2.430000e+02     -1.548615e-05     1.169571e-05     -5.988806e-07
2.433000e+02     -2.225523e-05     3.375633e-05     -6.032506e-06
2.436000e+02     -3.197285e-05     3.294109e-05     -1.014048e-05
2.439000e+02     -2.802367e-05     2.585539e-05     -9.740579e-06
2.442000e+02     -1.974850e-05     1.607881e-05     -5.898683e-06
2.445000e+02     -2.034435e-05     2.627344e-07     -4.879087e-06
2.448000e+02     -7.389079e-06     -1.814035e-05     -4.161159e-06
2.451000e+02     6.810283e-06     -2.983734e-05     5.038295e-07
2.454000e+02     7.044668e-06     -3.206908e-05     6.712021e-06
2.457000e+02     1.197662e-05     -1.975351e-05     1.214808e-05
2.460000e+02     1.211655e-05     -5.192447e-06     1.171985e-05
2.463000e+02     1.421874e-07     -3.664522e-06     8.669062e-06
2.466000e+02     -2.652348e-05     5.472540e-06     2.872226e-06
2.469000e+02     -3.734762e-05     2.752404e-05     -4.402861e-06
2.472000e+02     -3.289768e-05     3.771076e-05     -4.323409e-06
2.475000e+02     -1.393409e-05     2.681820e-05     -1.270243e-06
2.478000e+02     7.207171e-06     9.808559e-06     2.774262e-06
2.481000e+02     1.760641e-05     3.296915e-06     4.623496e-06
2.484000e+02     1.236603e-05     -5.303039e-07     6.935435e-06
2.487000e+02     8.834188e-06     -1.089332e-05     7.764265e-06
2.490000e+02     -2.263426e-07     -1.643406e-05     2.998443e-06
2.493000e+02     -1.106818e-05     -1.464567e-05     -1.815628e-06
2.496000e+02     -1.690518e-05     -8.454202e-06     -7.352084e-06
2.499000e+02     -1.342154e-05     -1.053777e-05     -1.360621e-05
2.502000e+02     -8.619105e-06     -1.199538e-05     -1.641676e-05
2.505000e+02     -6.909186e-06     -3.907653e-06     -1.635335e-05
2.508000e+02     1.509318e-06     5.281806e-06     -7.319395e-06
2.511000e+02     -5.528514e-06     7.729263e-06     4.967527e-06
2.514000e+02     -1.291481e-05     4.184784e-06     1.327681e-05
2.517000e+02     -1.421303e-05     6.828821e-06     1.935544e-05
2.520000e+02     -1.659188e-05     1.211971e-05     1.929568e-05
2.523000e+02     -1.853375e-05     1.880722e-05     1.784694e-05
2.526000e+02     -1.464767e-05     2.717600e-05     1.410279e-05
2.529000e+02     -9.067522e-06     2.273451e-05     6.771315e-06
2.532000e+02     3.887486e-06     4.025920e-06     -2.133094e-06
2.535000e+02     8.602570e-06     -5.462773e-07     -9.736167e-06
2.538000e+02     1.068974e-05     -1.041446e-05     -1.394488e-05
2.541000e+02     5.424234e-06     -2.151321e-05     -1.616961e-05
2.544000e+02     -4.409907e-07     -1.871645e-05     -1.423986e-05
2.547000e+02     -1.509064e-05     -1.764371e-05     -1.106805e-05
2.550000e+02     -2.328454e-05     -2.051890e-05     -5.624308e-06
2.553000e+02     -1.323819e-05     -2.548496e-05     4.069093e-06
2.556000e+02     -1.571276e-05     -1.459123e-05     1.112440e-05
2.559000e+02     -1.769722e-05     -2.111649e-06     1.230957e-05
2.562000e+02     3.785967e-07     9.346581e-07     1.009519e-05
2.565000e+02     2.044202e-05     2.532732e-06     7.875090e-06
2.568000e+02     3.293776e-05     1.212863e-05     6.448097e-06
2.571000e+02     3.377243e-05     1.792475e-05     5.717524e-06
2.574000e+02     2.282412e-05     2.081003e-05     4.473559e-06
2.577000e+02     1.117742e-05     1.956793e-05     1.670994e-06
2.580000e+02     -4.677136e-06     1.867311e-05     -2.011715e-06
2.583000e+02     -2.226429e-05     2.054318e-05     -4.244336e-06
2.586000e+02     -2.798740e-05     1.025419e-05     -5.439791e-06
2.589000e+02     -1.694695e-05     -9.363654e-06     -5.040056e-06
2.592000e+02     -4.726698e-06     -2.403940e-05     -3.419836e-06
2.595000e+02     -4.704572e-07     -3.522389e-05     -4.136857e-06
2.598000e+02     -5.767284e-07     -4.379100e-05     -4.601001e-06
2.601000e+02     1.087476e-05     -4.317005e-05     -1.999183e-06
2.604000e+02     1.805244e-05     -3.125822e-05     3.115691e-06
2.607000e+02     1.773833e-05     -1.591451e-05     4.803684e-06
2.610000e+02     8.057368e-06     -3.871206e-06     6.860236e-06
2.613000e+02     -2.831807e-06     4.470820e-06     7.301080e-06
2.616000e+02     1.829656e-06     7.758145e-06     6.264427e-06
2.619000e+02     2.488132e-06     1.717426e-05     3.276113e-06
2.622000e+02     -3.290400e-06     2.108460e-05     -1.370435e-06
2.625000e+02     -4.745630e-06     1.932596e-05     -5.401698e-06
2.628000e+02     3.253832e-06     9.075046e-06     -9.371694e-06
2.631000e+02     -2.449232e-06     -8.448820e-06     -1.095379e-05
2.634000e+02     -1.317148e-05     -1.232889e-05     -7.513101e-06
2.637000e+02     -1.720018e-06     -1.218711e-05     -8.071170e-07
2.640000e+02     8.550006e-06     -1.951574e-05     2.667570e-06
2.643000e+02     1.249199e-05     -1.424955e-05     6.159283e-06
2.646000e+02     1.442469e-05     4.735140e-06     8.334012e-06
2.649000e+02     1.925518e-05     1.170641e-05     1.180880e-05
2.652000e+02     2.208338e-05     1.090697e-06     1.355263e-05
2.655000e+02     1.486917e-05     -8.380459e-08     1.266779e-05
2.658000e+02     1.689140e-06     2.744899e-06     9.736326e-06
2.661000e+02     -1.520410e-06     -1.288377e-05     5.683268e-06
2.664000e+02     -1.375282e-06     -2.416653e-05     3.389268e-06
2.667000e+02     -3.166763e-06     -3.267555e-05     3.373836e-08
2.670000e+02     6.239406e-06     -3.843845e-05     -2.766175e-06
2.673000e+02     1.251509e-05     -4.473021e-05     -5.810989e-06
2.676000e+02     6.848680e-06     -3.756276e-05     -9.404569e-06
2.679000e+02     -2.820607e-06     -7.811512e-06     -1.209016e-05
2.682000e+02     6.296547e-06     8.333808e-06     -1.068641e-05
2.685000e+02     2.640011e-05     4.437312e-06     -7.842468e-06
2.688000e+02     3.138406e-05     7.377103e-06     -4.712162e-06
2.691000e+02     3.036278e-05     2.054822e-05     -1.866504e-06
2.694000e+02     1.210712e-05     2.253392e-05     -9.039016e-07
2.697000e+02     -3.787567e-06     1.341414e-05     -7.947596e-07
2.700000e+02     -1.323253e-05     8.146604e-06     -2.480888e-06
2.703000e+02     -3.039734e-05     5.346479e-06     -2.641653e-06
2.706000e+02     -3.316449e-05     -1.521971e-06     -1.743832e-06
2.709000e+02     -2.372324e-05     -1.730174e-05     4.940506e-07
2.712000e+02     -9.828193e-06     -2.520851e-05     3.082165e-06
2.715000e+02     1.460535e-05     -3.016440e-05     7.674256e-06
2.718000e+02     3.883234e-05     -3.340368e-05     1.173115e-05
2.721000e+02     5.257104e-05     -2.628447e-05     1.453497e-05
2.724000e+02     4.703643e-05     -1.409074e-05     1.397426e-05
2.727000e+02     3.113368e-05     1.045618e-07     1.265138e-05
2.730000e+02     1.334545e-05     1.119787e-05     1.066595e-05
2.733000e+02     -2.584958e-06     7.249437e-06     8.098169e-06
2.736000e+02     -1.303284e-05     -2.515358e-06     3.908598e-06
2.739000e+02     -2.928758e-05     -3.070551e-06     -9.611893e-07
2.742000e+02     -3.876006e-05     -6.358202e-06     -5.774483e-06
2.745000e+02     -3.607758e-05     -4.051116e-06     -1.118329e-05
2.748000e+02     -2.203981e-05     8.792576e-06     -1.491579e-05
2.751000e+02     -5.686919e-06     1.350600e-05     -1.564150e-05
2.754000e+02     9.866113e-06     9.837370e-06     -1.327126e-05
2.757000e+02     2.299478e-05     5.558320e-06     -1.117720e-05
2.760000e+02     2.802852e-05     -5.530955e-06     -7.130729e-06
2.763000e+02     3.210362e-05     -2.024540e-05     3.551557e-08
2.766000e+02     3.010562e-05     -3.172869e-05     7.619099e-06
2.769000e+02     1.759986e-05     -3.290521e-05     1.267928e-05
2.772000e+02     1.310469e-06     -2.295866e-05     1.471758e-05
2.775000e+02     -1.179017e-05     -1.247246e-05     1.197484e-05
2.778000e+02     -1.949569e-05     1.036207e-07     7.949362e-06
2.781000e+02     -1.741256e-05     1.122348e-05     4.781527e-06
2.784000e+02     -1.114133e-05     1.308001e-05     2.402540e-08
2.787000e+02     -1.458960e-06     9.058293e-06     -2.719002e-06
2.790000e+02     1.058851e-05     1.307203e-06     -5.389788e-06
2.793000e+02     1.091456e-05     -8.181517e-06     -7.035051e-06
2.796000e+02     1.187025e-05     -1.196108e-05     -8.412938e-06
2.799000e+02     9.677663e-06     -1.043564e-05     -8.214874e-06
2.802000e+02     7.220734e-06     -3.999507e-06     -5.872317e-06
2.805000e+02     6.215741e-06     -7.567890e-06     -2.613643e-06
2.808000e+02     3.560482e-06     -1.371777e-05     -3.099724e-10
2.811000e+02     -1.230863e-06     -5.995108e-06     -1.318341e-07
2.814000e+02     -8.946394e-06     1.375295e-06     -2.337661e-07
2.817000e+02     -9.400720e-06     1.494696e-06     4.596061e-06
2.820000e+02     -6.352628e-06     -3.263392e-06     9.775427e-06
2.823000e+02     -5.300637e-06     -6.305003e-06     1.112269e-05
2.826000e+02     1.766518e-06     -8.304093e-06     1.131959e-05
2.829000e+02     8.922780e-06     -3.822273e-06     1.031620e-05
2.832000e+02     1.348935e-05     -2.292573e-07     8.104296e-06
2.835000e+02     1.222930e-05     7.416951e-06     4.528714e-06
2.838000e+02     2.276338e-06     1.326352e-05     8.648125e-07
2.841000e+02     -3.772005e-06     1.161188e-05     -3.431847e-06
2.844000e+02     -1.757586e-06     6.318474e-06     -7.966792e-06
2.847000e+02     -2.488506e-06     -1.177112e-06     -1.201833e-05
2.850000e+02     3.268394e-06     -1.468497e-05     -1.271164e-05
2.853000e+02     1.110760e-05     -2.498076e-05     -1.051626e-05
2.856000e+02     1.903415e-05     -2.391289e-05     -6.326628e-06
2.859000e+02     2.494657e-05     -2.030607e-05     -1.833449e-06
2.862000e+02     1.838693e-05     -1.675967e-05     2.095184e-06
2.865000e+02     3.534657e-06     -5.221761e-06     5.393108e-06
2.868000e+02     2.086366e-07     4.788856e-06     7.971285e-06
2.871000e+02     -6.745933e-07     -2.953405e-06     1.035766e-05
2.874000e+02     -7.740993e-06     -4.232679e-06     1.001151e-05
2.877000e+02     -1.314336e-05     2.544999e-06     9.221136e-06
2.880000e+02     -2.107432e-05     4.663406e-06     7.620859e-06
2.883000e+02     -2.129407e-05     3.165090e-06     4.849621e-06
2.886000e+02     -1.217474e-05     1.261999e-06     2.175709e-07
2.889000e+02     -4.525496e-06     -1.369580e-06     -4.180511e-06
2.892000e+02     8.202826e-06     -5.399538e-06     -8.752670e-06
2.895000e+02     1.816032e-05     -7.795444e-06     -1.210010e-05
2.898000e+02     2.030213e-05     -7.793354e-06     -1.395506e-05
2.901000e+02     1.381607e-05     -2.266994e-06     -1.584502e-05
2.904000e+02     1.232891e-06     8.381758e-06     -1.311984e-05
2.907000e+02     -7.192603e-06     1.347502e-05     -7.227025e-06
2.910000e+02     -1.027661e-05     1.130533e-05     1.252876e-07
2.913000e+02     -9.809654e-06     6.506753e-06     7.115922e-06
2.916000e+02     -2.232236e-06     -4.445121e-06     1.351324e-05
2.919000e+02     3.509964e-06     -1.255545e-05     1.844215e-05
2.922000e+02     3.359584e-06     -1.344347e-05     2.036111e-05
2.925000e+02     -3.904272e-06     -1.093999e-05     1.927269e-05
2.928000e+02     -8.578211e-06     -6.084786e-06     1.543277e-05
2.931000e+02     -5.073509e-06     5.659714e-06     8.499693e-06
2.934000e+02     -6.882659e-06     1.046199e-05     2.134929e-06
2.937000e+02     -4.019256e-06     1.049378e-05     -4.504720e-06
2.940000e+02     1.361842e-06     1.221151e-05     -1.026057e-05
2.943000e+02     7.724985e-06     9.623967e-06     -1.523176e-05
2.946000e+02     1.188706e-05     2.551267e-06     -1.640453e-05
2.949000e+02     1.153900e-05     -7.834074e-06     -1.375140e-05
2.952000e+02     -1.167558e-06     -1.202539e-05     -1.113765e-05
2.955000e+02     -6.704894e-06     -2.111517e-05     -8.243480e-06
2.958000e+02     -7.922188e-06     -2.782507e-05     -5.850267e-06
2.961000e+02     -1.578451e-05     -1.747642e-05     -3.631297e-06
2.964000e+02     -2.122011e-05     -1.564858e-06     -7.514469e-07
2.967000e+02     -1.824542e-05     8.454233e-06     8.276862e-07
2.970000e+02     -5.737426e-06     1.741257e-05     2.382608e-06
2.973000e+02     5.362181e-06     2.651817e-05     5.113829e-06
2.976000e+02     1.151903e-05     2.520217e-05     7.802537e-06
2.979000e+02     1.164314e-05     1.334433e-05     9.932841e-06
2.982000e+02     8.097870e-06     3.979497e-06     1.056809e-05
2.985000e+02     3.205090e-06     -6.303377e-06     1.312933e-05
2.988000e+02     -6.806591e-06     -1.716104e-05     1.351821e-05
2.991000e+02     -1.588783e-05     -1.960411e-05     1.292671e-05
2.994000e+02     -1.476786e-05     -1.561074e-05     8.839565e-06
2.997000e+02     -1.247626e-05     -1.323018e-05     4.877904e-06
3.000000e+02     -3.310137e-06     -7.923687e-06     -9.892683e-07
3.003000e+02     4.464125e-06     -7.393522e-06     -5.857245e-06
3.006000e+02     3.801942e-06     3.138793e-06     -1.147666e-05
3.009000e+02     3.441597e-06     1.393637e-05     -1.611079e-05
3.012000e+02     3.731871e-06     2.030221e-05     -1.960599e-05
3.015000e+02     -1.372756e-06     1.931416e-05     -1.890700e-05
3.018000e+02     -2.854197e-07     1.681130e-05     -1.435325e-05
3.021000e+02     4.564876e-06     1.309249e-05     -6.365940e-06
3.024000e+02     4.898353e-06     3.918095e-06     2.128428e-06
3.027000e+02     3.422453e-06     -2.182346e-06     7.820583e-06
3.030000e+02     1.823097e-06     -8.660327e-06     1.221101e-05
3.033000e+02     -4.878131e-06     -7.697146e-06     1.562547e-05
3.036000e+02     -5.772117e-06     -1.056100e-05     1.460541e-05
3.039000e+02     -6.254797e-06     -1.053709e-05     1.167635e-05
3.042000e+02     -9.175331e-06     -1.722053e-05     8.184384e-06
3.045000e+02     -9.851043e-06     -1.876031e-05     3.022275e-06
3.048000e+02     -1.613443e-05     -1.589705e-05     -1.408796e-06
3.051000e+02     -2.254473e-05     -1.678092e-05     -3.546207e-06
3.054000e+02     -2.085974e-05     -1.305343e-05     -3.591099e-06
3.057000e+02     -9.488071e-06     4.724084e-07     -1.517636e-06
3.060000e+02     4.285684e-07     4.657961e-06     1.043357e-06
3.063000e+02     2.901757e-06     9.114332e-06     1.956632e-06
3.066000e+02     6.604818e-06     1.198047e-05     9.740201e-07
3.069000e+02     1.485901e-05     4.607281e-06     -5.707441e-07
