0.000000e+00     1.154221e-07     5.209205e-08     5.873587e-07
3.000000e-01     5.892209e-07     7.439763e-08     1.079918e-06
6.000000e-01     5.415273e-07     1.848609e-08     1.521984e-06
9.000000e-01     8.057812e-07     6.496961e-07     1.161940e-06
1.200000e+00     4.472452e-07     5.630724e-07     8.621420e-07
1.500000e+00     5.857930e-07     -2.324038e-07     9.569770e-07
1.800000e+00     -4.679612e-07     2.451894e-07     1.004394e-06
2.100000e+00     -1.260609e-06     8.166469e-08     9.602904e-07
2.400000e+00     -1.241216e-06     -3.354798e-07     3.173318e-07
2.700000e+00     -4.727174e-07     -5.433970e-07     1.025356e-06
3.000000e+00     -2.135003e-07     -3.101520e-08     1.662034e-06
3.300000e+00     -3.375142e-07     2.953731e-07     1.404037e-06
3.600000e+00     2.847644e-07     8.427605e-07     1.714639e-06
3.900000e+00     1.152428e-07     1.018314e-06     1.542986e-06
4.200000e+00     -2.627105e-07     2.472362e-07     9.958979e-07
4.500000e+00     -7.203466e-07     2.700339e-07     6.564356e-07
4.800000e+00     -5.661875e-07     2.158388e-07     1.071559e-06
5.100000e+00     -7.970757e-08     -5.500482e-07     1.276617e-06
5.400000e+00     4.655830e-07     -4.508576e-07     9.911141e-07
5.700000e+00     5.305142e-07     -1.531293e-07     1.366309e-06
6.000000e+00     4.414743e-07     -8.092046e-09     1.386400e-06
6.300000e+00     8.743202e-08     3.443694e-07     1.159478e-06
6.600000e+00     -3.663758e-07     3.583049e-07     9.868375e-07
6.900000e+00     9.027517e-09     6.836033e-07     8.896200e-07
7.200000e+00     1.076601e-07     3.186770e-07     9.911097e-07
7.500000e+00     4.805410e-08     4.740051e-07     8.351608e-07
7.800000e+00     -1.421512e-07     2.123110e-07     8.478901e-07
8.100000e+00     -2.826840e-07     1.113564e-07     1.144879e-06
8.400000e+00     -1.052217e-06     -3.487134e-07     1.248664e-06
8.700000e+00     -6.962221e-07     -7.722936e-07     9.412802e-07
9.000000e+00     -4.812245e-08     -5.963002e-07     7.314580e-07
9.300000e+00     1.174534e-08     5.183253e-08     1.229778e-06
9.600000e+00     2.840578e-07     1.076550e-06     1.072719e-06
9.900000e+00     1.774186e-07     1.218444e-06     9.162863e-07
1.020000e+01     -7.075713e-08     4.540134e-08     8.084039e-07
1.050000e+01     -9.159573e-08     -4.557314e-07     1.145654e-06
1.080000e+01     4.959426e-07     -2.373286e-07     1.074893e-06
1.110000e+01     3.982510e-07     -5.788583e-07     1.068421e-06
1.140000e+01     1.830910e-07     -2.953950e-07     8.095586e-07
1.170000e+01     4.522893e-07     1.931041e-07     1.464477e-06
1.200000e+01     -2.225130e-07     2.942020e-07     2.408923e-06
1.230000e+01     -4.962477e-07     -1.471516e-07     2.170484e-06
1.260000e+01     -6.446543e-07     4.429890e-07     1.401133e-06
1.290000e+01     5.603342e-09     1.129511e-06     8.511474e-07
1.320000e+01     -1.829635e-07     7.106266e-07     7.493417e-07
1.350000e+01     -3.666703e-07     6.059218e-08     6.192311e-07
1.380000e+01     9.458711e-08     -2.319863e-07     4.903037e-07
1.410000e+01     -3.743572e-07     -5.146061e-07     8.867934e-07
1.440000e+01     -5.834431e-07     9.030380e-08     9.033302e-07
1.470000e+01     -2.573928e-07     2.732400e-07     7.124358e-07
1.500000e+01     -3.493560e-07     1.598287e-07     1.022880e-06
1.530000e+01     -9.356102e-07     1.905846e-07     1.406215e-06
1.560000e+01     -6.029166e-08     -3.845707e-07     1.136079e-06
1.590000e+01     -7.427778e-08     2.351285e-08     1.090568e-06
1.620000e+01     -1.885138e-07     -2.039873e-07     1.493214e-06
1.650000e+01     -2.650733e-08     -5.545384e-07     1.615678e-06
1.680000e+01     2.649149e-07     -1.081207e-07     1.314253e-06
1.710000e+01     3.651010e-09     3.538063e-07     1.183847e-06
1.740000e+01     7.942805e-08     6.796378e-07     1.028052e-06
1.770000e+01     2.514013e-07     5.029161e-07     1.068978e-06
1.800000e+01     -2.064283e-07     -2.124294e-08     7.380369e-07
1.830000e+01     7.073133e-08     -4.923994e-07     6.219752e-07
1.860000e+01     3.321985e-07     4.573755e-07     1.200772e-06
1.890000e+01     4.442273e-07     7.292428e-07     9.881912e-07
1.920000e+01     2.725136e-07     4.484198e-07     7.436923e-07
1.950000e+01     -2.436737e-07     2.469316e-07     1.030559e-06
1.980000e+01     -5.164121e-07     3.663418e-08     1.019999e-06
2.010000e+01     -1.986577e-07     7.706941e-08     1.076677e-06
2.040000e+01     -2.752958e-07     -2.816190e-07     9.986293e-07
2.070000e+01     -2.641215e-07     -5.350795e-09     9.742503e-07
2.100000e+01     1.440715e-07     -3.960937e-09     1.324362e-06
2.130000e+01     -2.240853e-07     -2.280847e-07     1.486926e-06
2.160000e+01     -4.234603e-07     -2.769980e-07     1.544066e-06
2.190000e+01     -3.449674e-07     -1.280417e-07     1.000034e-06
2.220000e+01     5.669803e-08     1.512393e-07     7.272768e-07
2.250000e+01     3.289834e-07     3.196469e-08     8.818701e-07
2.280000e+01     3.069376e-08     1.334234e-07     1.068669e-06
2.310000e+01     1.390235e-07     4.894006e-07     1.176585e-06
2.340000e+01     -1.907281e-07     1.156675e-07     1.466352e-06
2.370000e+01     -7.748901e-07     -3.143546e-07     1.816708e-06
2.400000e+01     -8.829166e-07     -9.166862e-08     1.483021e-06
2.430000e+01     -6.323078e-07     3.235566e-07     7.846487e-07
2.460000e+01     -1.314072e-07     3.161298e-07     4.341008e-07
2.490000e+01     2.610769e-07     3.394339e-07     5.290800e-07
2.520000e+01     1.231615e-07     1.194949e-07     1.138791e-06
2.550000e+01     3.081899e-07     2.905589e-07     1.476357e-06
2.580000e+01     4.088314e-07     5.569322e-07     1.182124e-06
2.610000e+01     1.465539e-07     3.906938e-07     7.980589e-07
2.640000e+01     2.920091e-07     1.211239e-07     8.095260e-07
2.670000e+01     -4.430694e-08     -3.790678e-08     9.258375e-07
2.700000e+01     -4.370746e-07     -3.888681e-07     9.320728e-07
2.730000e+01     -2.880115e-07     -9.567914e-07     6.453578e-07
2.760000e+01     -4.543473e-07     -5.838326e-07     8.511385e-07
2.790000e+01     -5.713517e-07     -2.451893e-07     1.158985e-06
2.820000e+01     -3.960208e-07     1.505468e-08     1.547151e-06
2.850000e+01     1.374426e-08     4.939786e-07     1.625290e-06
2.880000e+01     1.138295e-07     6.790532e-07     1.698683e-06
2.910000e+01     -1.526113e-07     8.419515e-07     1.489435e-06
2.940000e+01     -4.801387e-07     4.527894e-07     6.502037e-07
2.970000e+01     -5.286164e-07     -2.555453e-07     2.868012e-07
3.000000e+01     -5.181791e-07     -5.310558e-07     1.009742e-07
3.030000e+01     -4.843847e-07     -3.016575e-07     4.217713e-07
3.060000e+01     -2.501884e-07     2.592471e-07     1.105890e-06
3.090000e+01     1.424855e-07     6.332097e-07     1.489595e-06
3.120000e+01     6.310961e-07     7.837830e-07     1.436358e-06
3.150000e+01     9.188775e-07     3.882604e-07     1.057377e-06
3.180000e+01     4.184438e-07     2.179219e-07     1.076065e-06
3.210000e+01     1.110585e-07     7.491371e-08     1.239096e-06
3.240000e+01     9.517769e-08     -1.608215e-08     1.369179e-06
3.270000e+01     -1.129680e-07     -3.511940e-08     1.101825e-06
3.300000e+01     -1.745126e-07     -2.035328e-07     9.477792e-07
3.330000e+01     -6.506792e-07     -4.559222e-07     1.030620e-06
3.360000e+01     -3.713248e-07     -1.633320e-07     9.426935e-07
3.390000e+01     1.517883e-07     2.600824e-07     1.189715e-06
3.420000e+01     5.914739e-10     6.326493e-07     8.927795e-07
3.450000e+01     4.826854e-07     -2.494703e-07     2.331193e-06
3.480000e+01     1.376979e-06     -2.160142e-06     3.398283e-06
3.510000e+01     -7.597658e-09     -1.278950e-06     5.773183e-07
3.540000e+01     -3.389757e-07     -5.663360e-07     7.611474e-07
3.570000e+01     8.176088e-07     -9.157039e-07     1.259221e-06
3.600000e+01     -1.306716e-06     1.318106e-06     -1.257406e-06
3.630000e+01     2.767861e-06     -2.821748e-06     6.598925e-06
3.660000e+01     3.007035e-06     -2.581909e-06     2.372880e-06
3.690000e+01     2.342848e-06     -2.259906e-06     6.184565e-06
3.720000e+01     1.170963e-05     -1.104533e-05     1.573869e-05
3.750000e+01     1.377430e-05     -1.492436e-05     1.459394e-05
3.780000e+01     9.724440e-06     -1.190601e-05     9.126362e-06
3.810000e+01     1.301284e-05     -1.194378e-05     1.075885e-05
3.840000e+01     3.181132e-06     -1.736428e-06     -6.542451e-06
3.870000e+01     1.104492e-05     -8.713288e-06     1.208026e-05
3.900000e+01     -1.863839e-06     2.187736e-06     -2.255397e-05
3.930000e+01     -1.782786e-05     1.955086e-05     -1.271649e-05
3.960000e+01     4.143300e-06     -8.772910e-07     3.595108e-06
3.990000e+01     4.572095e-06     -6.726787e-06     1.474732e-05
4.020000e+01     3.341055e-05     -4.503120e-05     3.655433e-05
4.050000e+01     -4.349773e-06     2.002688e-06     -2.362206e-05
4.080000e+01     1.577321e-05     -5.197900e-06     1.173214e-05
4.110000e+01     -2.848964e-05     3.422751e-05     -6.430538e-05
4.140000e+01     -1.823947e-05     3.077145e-05     -6.587669e-06
4.170000e+01     -4.754553e-05     1.689354e-05     -4.816279e-05
4.200000e+01     7.127500e-06     5.147014e-06     3.403764e-05
4.230000e+01     3.572524e-06     -3.670056e-05     3.344840e-06
4.260000e+01     3.417302e-05     -2.024135e-05     3.764435e-05
4.290000e+01     3.591003e-06     -1.808492e-05     -1.074905e-05
4.320000e+01     7.653790e-06     2.129374e-05     1.714389e-05
4.350000e+01     -1.644734e-05     1.871780e-05     -3.233093e-05
4.380000e+01     -2.740214e-05     3.630615e-05     -1.881130e-05
4.410000e+01     -4.466301e-05     2.371670e-05     -4.142893e-05
4.440000e+01     -3.089752e-05     2.380362e-05     -1.688262e-05
4.470000e+01     -4.778418e-06     1.026108e-05     7.593234e-06
4.500000e+01     -2.800274e-06     -3.079499e-06     1.538224e-05
4.530000e+01     1.181306e-06     8.581848e-06     1.849221e-05
4.560000e+01     -1.963132e-06     7.676737e-06     2.156028e-05
4.590000e+01     -1.841697e-06     1.528331e-05     9.407690e-06
4.620000e+01     -1.522598e-05     1.729893e-05     -1.002867e-05
4.650000e+01     -1.615601e-05     9.042400e-06     -1.290235e-05
4.680000e+01     1.927351e-06     1.342651e-05     -1.257157e-05
4.710000e+01     1.469020e-05     -2.100192e-05     1.445817e-05
4.740000e+01     1.462245e-05     -6.669962e-06     4.385505e-06
4.770000e+01     -3.437943e-06     -2.073597e-05     7.763878e-06
4.800000e+01     1.578876e-05     -8.833958e-06     1.587462e-05
4.830000e+01     1.062423e-05     -1.396241e-05     2.392104e-05
4.860000e+01     9.948546e-06     -8.873285e-06     2.956834e-07
4.890000e+01     1.414669e-05     -1.505251e-05     1.968826e-06
4.920000e+01     2.194123e-05     -1.604376e-05     5.772651e-06
4.950000e+01     9.925779e-06     1.532043e-06     1.451938e-08
4.980000e+01     1.384203e-05     -1.337912e-05     4.630756e-06
5.010000e+01     -1.073633e-05     -1.226822e-05     4.816743e-06
5.040000e+01     -1.144804e-06     -8.592234e-06     6.027263e-06
5.070000e+01     -5.379131e-06     2.411734e-06     -5.247211e-07
5.100000e+01     3.732324e-06     -6.918573e-06     9.484047e-06
5.130000e+01     2.832823e-06     5.124863e-06     -1.495067e-05
5.160000e+01     -4.080906e-06     1.721670e-05     1.489478e-06
5.190000e+01     6.316297e-06     8.441613e-06     -5.423929e-06
5.220000e+01     -1.236783e-05     2.566496e-05     -2.126431e-05
5.250000e+01     -4.095393e-06     -1.019157e-05     -3.044296e-06
5.280000e+01     9.893503e-07     -2.102440e-06     -9.986907e-06
5.310000e+01     -3.551074e-06     -5.090007e-07     2.122701e-05
5.340000e+01     2.588118e-06     -8.987956e-06     1.790956e-05
5.370000e+01     2.013239e-06     1.228036e-06     -7.268248e-06
5.400000e+01     -1.053579e-05     1.692838e-06     -3.960425e-06
5.430000e+01     -8.166249e-06     2.288295e-05     -2.292150e-05
5.460000e+01     -8.647888e-06     1.024047e-05     -1.882865e-05
5.490000e+01     -1.247432e-05     -1.142462e-05     1.226436e-06
5.520000e+01     8.154594e-06     1.323418e-06     6.535786e-06
5.550000e+01     -8.235105e-06     -7.666855e-06     2.847417e-05
5.580000e+01     7.054847e-06     2.005894e-05     4.704641e-08
5.610000e+01     1.265353e-06     5.153833e-07     -1.209530e-05
5.640000e+01     1.042914e-05     -1.100353e-05     1.415967e-05
5.670000e+01     2.396979e-06     -1.699827e-05     3.693227e-06
5.700000e+01     5.878925e-06     3.487202e-06     1.938376e-05
5.730000e+01     -8.526084e-07     -1.546581e-05     -5.815118e-06
5.760000e+01     1.231834e-05     1.635829e-06     1.463618e-06
5.790000e+01     2.457259e-06     3.590708e-06     -1.710274e-05
5.820000e+01     -5.971121e-06     2.619264e-06     -2.287641e-06
5.850000e+01     -9.441558e-07     -8.603600e-06     -9.043661e-06
5.880000e+01     -2.377950e-05     -8.342795e-06     -7.282913e-06
5.910000e+01     6.917044e-06     -2.856502e-06     -1.348063e-05
5.940000e+01     -1.916853e-06     -5.025619e-06     -1.637183e-05
5.970000e+01     1.916153e-05     8.879521e-06     -1.998323e-05
6.000000e+01     1.515652e-05     1.099936e-05     -5.750067e-06
6.030000e+01     1.138439e-05     1.809271e-05     1.505109e-06
6.060000e+01     1.055621e-05     2.188661e-06     1.846107e-05
6.090000e+01     1.916542e-05     6.660729e-06     2.664998e-05
6.120000e+01     2.169370e-05     5.569794e-06     3.704540e-05
6.150000e+01     1.214997e-05     1.216801e-06     3.110792e-05
6.180000e+01     -3.089487e-06     1.875513e-05     2.363474e-05
6.210000e+01     -1.842725e-05     4.733103e-06     -9.018858e-06
6.240000e+01     -2.581250e-05     3.559862e-06     -2.367307e-05
6.270000e+01     -1.772325e-05     -2.253719e-05     -3.030874e-05
6.300000e+01     -2.073976e-06     -2.317045e-05     -2.887857e-05
6.330000e+01     5.599632e-06     -1.240490e-05     -1.749721e-05
6.360000e+01     2.131243e-05     -9.284586e-06     -2.441253e-05
6.390000e+01     9.684313e-06     6.635478e-06     -2.640236e-05
6.420000e+01     -6.434823e-06     8.239222e-06     6.365803e-06
6.450000e+01     3.776119e-06     -2.097799e-05     7.011323e-06
6.480000e+01     -2.916978e-05     -1.712762e-05     3.930982e-05
6.510000e+01     3.050691e-06     -8.344113e-06     2.622198e-05
6.540000e+01     1.801587e-05     5.118251e-05     2.360165e-05
6.570000e+01     2.110164e-05     1.681594e-05     1.918804e-06
6.600000e+01     -1.180305e-05     -2.744553e-06     1.806973e-05
6.630000e+01     -6.770101e-06     -5.638229e-06     -1.121349e-05
6.660000e+01     -2.561404e-05     -5.682113e-06     3.472108e-05
6.690000e+01     4.589454e-05     2.432802e-05     -3.582056e-07
6.720000e+01     -1.463608e-05     -4.598159e-05     2.540052e-05
6.750000e+01     -1.479811e-05     -3.854526e-06     1.304451e-05
6.780000e+01     -4.437411e-05     -3.432319e-05     1.666921e-05
6.810000e+01     -3.228931e-05     1.386542e-06     1.027532e-05
6.840000e+01     -2.671127e-05     3.670201e-05     1.322115e-05
6.870000e+01     3.321690e-05     5.322784e-05     -3.093145e-05
6.900000e+01     -1.314775e-05     5.796687e-05     -4.896027e-05
6.930000e+01     -5.781121e-06     -4.956853e-05     -7.223032e-05
6.960000e+01     -1.757214e-06     -4.484633e-05     -5.485825e-05
6.990000e+01     -3.289288e-05     -9.126918e-05     3.051733e-05
7.020000e+01     7.556264e-05     -2.759083e-05     -2.075321e-06
7.050000e+01     -8.071372e-06     -5.124867e-05     6.901475e-05
7.080000e+01     5.588487e-05     -4.309094e-05     5.306828e-05
7.110000e+01     -3.289645e-05     5.343838e-06     9.398988e-05
7.140000e+01     -5.305600e-05     -2.490953e-05     6.406363e-05
7.170000e+01     -1.374483e-05     1.028651e-04     2.758375e-05
7.200000e+01     -6.097402e-05     7.165109e-05     -3.464073e-06
7.230000e+01     3.370735e-05     7.073315e-05     -4.153713e-06
7.260000e+01     -1.615569e-06     6.557436e-05     -4.415106e-05
7.290000e+01     4.014730e-05     -2.292932e-05     -6.551524e-05
7.320000e+01     2.329566e-05     1.815514e-05     -3.159456e-05
7.350000e+01     5.496983e-05     1.104950e-05     -3.092446e-05
7.380000e+01     8.586565e-05     -1.971765e-05     1.337154e-05
7.410000e+01     4.002030e-05     3.550863e-05     1.690222e-05
7.440000e+01     1.095730e-05     3.461845e-07     4.807816e-05
7.470000e+01     1.609715e-05     8.092540e-05     2.629807e-05
7.500000e+01     -4.863721e-05     7.012022e-05     2.568778e-05
7.530000e+01     -4.520566e-05     -1.865545e-05     -3.094005e-05
7.560000e+01     -3.044599e-05     -7.165721e-05     -5.644954e-05
7.590000e+01     -1.003993e-04     -8.751262e-05     2.157641e-05
7.620000e+01     1.805188e-05     -5.331358e-05     2.328979e-06
7.650000e+01     -2.877449e-05     -6.074218e-05     3.724016e-05
7.680000e+01     -6.359575e-05     -2.221493e-05     -1.265641e-05
7.710000e+01     -1.706453e-05     -3.259373e-06     -5.677231e-05
7.740000e+01     -6.294525e-05     9.284967e-07     7.655814e-06
7.770000e+01     1.464715e-06     2.647675e-05     1.988719e-05
7.800000e+01     1.653166e-05     3.225106e-05     -2.941869e-05
7.830000e+01     1.311849e-05     7.524946e-05     3.224651e-06
7.860000e+01     2.661336e-05     5.749617e-05     -3.739009e-05
7.890000e+01     5.355146e-05     2.719507e-05     -6.996713e-05
7.920000e+01     4.464157e-05     2.257971e-05     -5.105226e-05
7.950000e+01     4.331585e-05     2.433847e-05     -5.265484e-06
7.980000e+01     3.069619e-05     -3.864684e-05     -2.941748e-05
8.010000e+01     -2.186085e-05     -6.895525e-05     -2.030625e-05
8.040000e+01     2.741895e-05     -3.871013e-05     -1.001394e-05
8.070000e+01     2.061209e-05     -4.388066e-05     1.905410e-05
8.100000e+01     -1.906875e-05     -6.133887e-05     6.326282e-05
8.130000e+01     6.789688e-06     -6.762833e-05     5.187720e-05
8.160000e+01     -3.320410e-05     -2.806604e-05     6.566243e-05
8.190000e+01     -2.459552e-05     -6.702374e-07     2.437063e-05
8.220000e+01     -4.218177e-07     8.125712e-06     1.479464e-05
8.250000e+01     -2.504532e-05     2.331730e-05     1.142479e-05
8.280000e+01     -4.191823e-05     9.765104e-05     2.711209e-05
8.310000e+01     1.970265e-05     6.165827e-05     1.490806e-06
8.340000e+01     2.226295e-05     8.377206e-05     -2.760692e-05
8.370000e+01     6.133031e-06     3.544900e-05     -4.618277e-05
8.400000e+01     2.961139e-05     3.247408e-05     -4.892393e-05
8.430000e+01     -4.261721e-05     1.411409e-05     -2.068214e-05
8.460000e+01     -2.108528e-05     -1.844510e-05     6.202372e-06
8.490000e+01     1.535145e-05     -6.116483e-05     -2.224813e-05
8.520000e+01     -1.259403e-05     -7.546515e-05     -2.096325e-05
8.550000e+01     3.720854e-05     -8.750493e-05     7.319071e-06
8.580000e+01     4.842666e-05     -3.063192e-05     3.702603e-05
8.610000e+01     1.251368e-05     -1.491178e-05     3.412034e-05
8.640000e+01     1.587808e-05     2.320408e-05     5.303593e-05
8.670000e+01     -4.488393e-06     3.637747e-06     5.063719e-05
8.700000e+01     -1.000405e-05     3.662614e-05     2.195373e-05
8.730000e+01     -3.878102e-06     4.582196e-05     6.569448e-06
8.760000e+01     -2.441120e-05     2.990622e-05     9.251709e-06
8.790000e+01     -3.416352e-05     3.330331e-05     -2.381785e-05
8.820000e+01     -2.819214e-05     8.991464e-06     -3.210922e-05
8.850000e+01     -4.261518e-05     9.857262e-06     -3.971233e-05
8.880000e+01     -1.288797e-05     -1.578799e-05     -3.645875e-05
8.910000e+01     -9.595616e-06     -3.239948e-05     -2.353375e-05
8.940000e+01     1.340434e-05     -5.170652e-05     -1.028081e-05
8.970000e+01     4.611742e-05     -2.412274e-05     -1.079703e-05
9.000000e+01     2.114045e-05     -9.321212e-06     1.675482e-05
9.030000e+01     1.228518e-05     -1.921936e-06     3.011446e-05
9.060000e+01     3.583504e-06     -1.114895e-05     8.999939e-06
9.090000e+01     -1.795064e-05     1.650753e-05     2.380019e-05
9.120000e+01     1.129255e-05     5.370460e-05     2.500066e-05
9.150000e+01     1.042952e-05     6.833161e-05     2.176368e-05
9.180000e+01     1.900086e-05     3.818490e-05     -1.692534e-06
9.210000e+01     1.576183e-05     1.215664e-05     -3.927653e-05
9.240000e+01     3.741539e-06     -7.531228e-06     -3.673440e-05
9.270000e+01     4.977118e-06     -8.962295e-06     -1.729648e-05
9.300000e+01     -8.384527e-06     -3.052062e-05     -7.564317e-06
9.330000e+01     6.888837e-06     -1.042346e-05     -8.974710e-06
9.360000e+01     1.211951e-05     -2.074634e-05     5.991156e-06
9.390000e+01     -7.696855e-06     -3.516978e-05     2.545607e-05
9.420000e+01     -2.718707e-05     -2.437024e-05     1.523647e-05
9.450000e+01     -3.063171e-05     -1.293149e-05     2.862824e-05
9.480000e+01     -3.162324e-05     -4.014765e-06     1.346663e-05
9.510000e+01     -2.548069e-05     3.695633e-05     -5.585630e-06
9.540000e+01     -2.203644e-05     1.926786e-05     -5.683928e-06
9.570000e+01     -2.327200e-05     2.473216e-05     -2.379726e-05
9.600000e+01     4.244127e-06     2.172076e-05     -2.719146e-05
9.630000e+01     4.217592e-06     -7.144480e-06     -1.958813e-05
9.660000e+01     3.302936e-05     -3.004589e-05     -4.219876e-06
9.690000e+01     2.923475e-05     -3.577945e-05     1.123522e-05
9.720000e+01     1.822783e-05     -2.650821e-05     8.741007e-06
9.750000e+01     2.325286e-05     -1.484774e-05     2.746155e-05
9.780000e+01     1.499253e-05     1.785222e-05     2.388216e-05
9.810000e+01     1.205714e-05     3.824485e-05     8.787658e-06
9.840000e+01     1.095515e-05     1.278035e-05     9.741089e-06
9.870000e+01     1.500242e-05     1.725929e-05     -1.033274e-05
9.900000e+01     1.593470e-05     2.288524e-05     -7.300457e-06
9.930000e+01     1.221865e-05     1.823920e-05     -1.687614e-06
9.960000e+01     -1.623022e-05     7.592568e-06     -2.981905e-06
9.990000e+01     -2.844966e-05     8.074123e-06     -8.257787e-06
1.002000e+02     -3.589889e-05     -4.093456e-06     -2.945971e-05
1.005000e+02     -2.435934e-05     -3.526422e-05     -2.637520e-05
1.008000e+02     -9.960738e-06     -4.527743e-05     -2.843190e-06
1.011000e+02     6.572683e-06     -2.987617e-05     1.976505e-05
1.014000e+02     1.072915e-05     -2.115124e-05     3.192332e-05
1.017000e+02     -1.138304e-05     -7.468440e-06     3.272563e-05
1.020000e+02     -1.777830e-05     1.562991e-05     5.729617e-06
1.023000e+02     -2.134123e-05     3.365380e-05     8.495784e-06
1.026000e+02     4.606092e-06     4.438977e-05     1.164204e-06
1.029000e+02     1.324927e-05     4.728127e-05     -9.278494e-06
1.032000e+02     1.300993e-05     3.239908e-05     -4.857508e-06
1.035000e+02     2.371211e-05     1.768032e-05     -2.054189e-05
1.038000e+02     1.301675e-05     1.143300e-05     -3.279827e-05
1.041000e+02     2.796044e-05     -2.118090e-05     -4.256027e-05
1.044000e+02     1.353777e-05     -5.024558e-05     -1.199919e-05
1.047000e+02     4.837521e-06     -6.098948e-05     5.967527e-06
1.050000e+02     -1.082321e-06     -5.120256e-05     5.105425e-06
1.053000e+02     -2.260616e-06     -2.464523e-05     2.845795e-05
1.056000e+02     -2.192674e-05     -2.676203e-05     3.183999e-05
1.059000e+02     -3.431285e-05     8.251724e-06     3.067489e-05
1.062000e+02     -2.799373e-05     3.860533e-05     4.935269e-06
1.065000e+02     -2.226272e-05     4.394693e-05     -3.983126e-07
1.068000e+02     -5.551435e-06     2.426983e-05     -3.867663e-06
1.071000e+02     2.540866e-05     1.560863e-05     -5.502606e-06
1.074000e+02     4.004392e-05     1.171116e-05     2.156861e-06
1.077000e+02     2.498538e-05     2.261250e-06     9.618398e-06
1.080000e+02     -9.228351e-06     -4.913906e-06     -2.559463e-06
1.083000e+02     -2.047631e-05     -2.299648e-05     -9.518190e-06
1.086000e+02     -2.377153e-05     -8.821573e-06     1.727193e-06
1.089000e+02     -2.734980e-05     4.020075e-06     -1.406455e-06
1.092000e+02     -7.645282e-06     1.248062e-05     -1.339616e-05
1.095000e+02     2.597142e-06     2.068756e-05     -1.688161e-05
1.098000e+02     6.853035e-06     -6.201681e-06     -1.794614e-05
1.101000e+02     2.204972e-05     2.533619e-06     2.775872e-06
1.104000e+02     3.545952e-05     -9.613139e-06     8.715572e-06
1.107000e+02     2.972641e-05     -1.394886e-05     5.338293e-06
1.110000e+02     1.690310e-06     -8.008977e-06     -1.559655e-06
1.113000e+02     -2.264161e-05     -3.639947e-06     -1.603913e-06
1.116000e+02     -1.951149e-05     -1.129398e-06     -9.727842e-06
1.119000e+02     -1.172477e-05     6.243774e-07     -3.685763e-06
1.122000e+02     -1.019125e-05     1.050438e-05     5.819333e-06
1.125000e+02     6.848751e-06     1.991763e-05     1.741588e-05
1.128000e+02     1.608277e-05     7.194580e-06     2.582231e-05
1.131000e+02     1.500498e-05     -2.863780e-06     2.069747e-05
1.134000e+02     -1.993480e-06     3.111373e-06     4.681628e-06
1.137000e+02     -1.300650e-05     -1.844356e-06     -1.406385e-05
1.140000e+02     -1.195315e-05     -6.585817e-06     -2.047057e-05
1.143000e+02     -3.955077e-06     -5.740917e-06     -2.073417e-05
1.146000e+02     -1.796139e-06     1.757374e-05     -2.105384e-05
1.149000e+02     6.313450e-06     2.168053e-05     -1.262246e-06
1.152000e+02     1.236382e-05     -1.868728e-06     -1.771419e-07
1.155000e+02     1.160470e-05     4.549579e-08     -7.126985e-07
1.158000e+02     5.006940e-06     -4.705520e-06     1.783505e-05
1.161000e+02     4.939910e-06     -2.180923e-05     1.779122e-05
1.164000e+02     -3.128054e-06     -2.616245e-05     1.545276e-05
1.167000e+02     -3.020902e-06     -2.596939e-05     6.434664e-06
1.170000e+02     -1.476749e-07     5.366012e-06     3.642016e-06
1.173000e+02     -2.370258e-06     2.337258e-05     1.013878e-05
1.176000e+02     -6.389659e-06     2.822911e-05     1.156270e-05
1.179000e+02     2.842948e-06     1.843682e-05     -1.777771e-06
1.182000e+02     -7.340530e-08     2.104374e-06     -9.285972e-06
1.185000e+02     -8.732080e-06     -5.141740e-06     -9.467805e-06
1.188000e+02     -9.342391e-07     -2.021568e-05     -1.997771e-05
1.191000e+02     -2.139139e-06     -2.147450e-05     -1.997433e-05
1.194000e+02     3.364410e-06     -1.370704e-05     -1.728496e-05
1.197000e+02     1.501004e-06     -1.394734e-05     -9.057181e-06
1.200000e+02     2.831854e-07     -6.581097e-06     6.352343e-06
1.203000e+02     -2.287631e-06     -1.455647e-06     1.486311e-05
1.206000e+02     -7.080882e-06     -4.436299e-07     1.751509e-05
1.209000e+02     -8.989627e-06     4.428810e-06     1.298008e-05
1.212000e+02     1.528936e-06     2.074894e-05     4.421698e-06
1.215000e+02     1.373769e-05     5.248340e-06     -8.841525e-06
1.218000e+02     1.087275e-05     7.851543e-06     -8.166545e-06
1.221000e+02     9.412214e-06     1.587069e-05     -2.287446e-06
1.224000e+02     6.512285e-06     3.493057e-06     4.496352e-06
1.227000e+02     -8.552937e-07     3.271445e-06     4.822200e-06
1.230000e+02     -1.333768e-05     -5.165955e-06     3.332368e-06
1.233000e+02     -1.173784e-05     -4.725533e-06     4.472988e-06
1.236000e+02     -1.558844e-05     4.772513e-06     1.000842e-05
1.239000e+02     -1.322299e-05     7.826432e-06     1.250759e-05
1.242000e+02     -5.017860e-07     2.233509e-05     -6.189826e-06
1.245000e+02     1.638663e-05     2.171004e-05     -1.821004e-05
1.248000e+02     2.084779e-05     1.437891e-06     -2.874064e-05
1.251000e+02     2.087118e-05     -8.716714e-06     -2.821166e-05
1.254000e+02     -4.835670e-06     -6.338349e-06     2.557780e-06
1.257000e+02     -2.038783e-05     -2.442824e-05     1.648694e-05
1.260000e+02     -1.544711e-05     -1.258573e-05     1.301974e-05
1.263000e+02     -1.574040e-05     -1.016957e-05     1.619550e-05
1.266000e+02     -2.388536e-05     -2.387831e-05     2.388559e-06
1.269000e+02     -2.317816e-05     -7.234931e-06     1.085281e-06
1.272000e+02     -1.191926e-05     7.370073e-06     1.107740e-06
1.275000e+02     9.555282e-06     1.575195e-05     -6.781244e-07
1.278000e+02     1.468772e-05     9.221057e-06     -3.069793e-07
1.281000e+02     2.508980e-05     1.058113e-05     -9.898176e-06
1.284000e+02     2.577845e-05     1.747396e-05     -6.983778e-06
1.287000e+02     1.659132e-05     1.006746e-05     -1.005073e-05
1.290000e+02     6.790011e-07     5.376151e-06     -6.938808e-06
1.293000e+02     -4.287602e-06     1.253624e-06     -7.493459e-06
1.296000e+02     -2.047159e-06     -2.756818e-06     -9.211705e-06
1.299000e+02     9.147146e-07     -1.666063e-05     -4.515022e-07
1.302000e+02     7.742258e-06     -2.612159e-05     6.582418e-06
1.305000e+02     3.174335e-05     -1.847433e-05     1.213019e-05
1.308000e+02     2.908640e-05     -1.203937e-05     1.951059e-05
1.311000e+02     9.826838e-06     3.858497e-06     2.053761e-05
1.314000e+02     1.899595e-06     6.457656e-06     1.588141e-05
1.317000e+02     -4.407841e-06     2.199814e-05     1.473997e-05
1.320000e+02     -1.262807e-05     2.149342e-05     1.016136e-05
1.323000e+02     -2.088223e-05     1.131610e-05     -1.890973e-06
1.326000e+02     -2.398395e-05     7.001282e-06     -1.009865e-05
1.329000e+02     -1.846157e-05     2.157631e-06     -9.494592e-06
1.332000e+02     -9.938955e-06     -7.964516e-07     -9.925705e-06
1.335000e+02     -1.158352e-05     -3.303547e-06     -1.299313e-05
1.338000e+02     -4.170312e-06     -6.810063e-06     -1.575902e-05
1.341000e+02     7.981453e-06     -1.201860e-05     -1.791388e-05
1.344000e+02     1.172842e-05     -1.303540e-05     -1.042683e-05
1.347000e+02     2.166890e-06     -1.500848e-05     -1.615286e-06
1.350000e+02     -6.030881e-06     -1.080890e-06     2.116853e-06
1.353000e+02     -9.464074e-06     8.516985e-06     1.172199e-05
1.356000e+02     -1.155145e-05     7.615827e-06     8.901933e-06
1.359000e+02     -4.483367e-06     6.349208e-06     1.306130e-06
1.362000e+02     -6.388064e-06     3.660950e-06     4.539706e-06
1.365000e+02     -1.024215e-05     -1.821992e-06     4.969960e-06
1.368000e+02     1.483260e-06     3.702250e-07     -2.076375e-06
1.371000e+02     9.067708e-06     8.787713e-06     -8.604735e-06
1.374000e+02     1.277367e-05     1.038420e-05     -9.021597e-06
1.377000e+02     2.075576e-05     1.483520e-05     -1.840805e-06
1.380000e+02     2.300681e-05     1.048099e-05     -1.148856e-06
1.383000e+02     1.473489e-05     6.088595e-06     2.152055e-07
1.386000e+02     -5.698596e-06     -2.069247e-06     2.879310e-08
1.389000e+02     -1.111669e-05     -1.381427e-05     -3.845697e-06
1.392000e+02     -9.426039e-06     -2.597355e-05     3.650810e-07
1.395000e+02     1.904250e-06     -3.040416e-05     -1.136432e-06
1.398000e+02     -2.231417e-06     -2.838934e-05     9.645546e-07
1.401000e+02     -4.232583e-06     -2.252218e-05     6.174854e-06
1.404000e+02     -2.386761e-06     -1.105428e-05     5.338201e-06
1.407000e+02     -2.984889e-06     8.615902e-06     3.696502e-06
1.410000e+02     -2.353839e-06     1.633557e-05     -2.580269e-06
1.413000e+02     -2.270028e-06     1.941424e-05     -6.278821e-06
1.416000e+02     -2.731284e-06     2.143339e-05     -4.290921e-06
1.419000e+02     -3.561212e-06     1.885760e-05     4.320524e-06
1.422000e+02     -6.810907e-07     1.946455e-05     -1.010173e-06
1.425000e+02     1.004571e-05     1.754557e-05     -1.246396e-06
1.428000e+02     2.123329e-05     6.632405e-06     7.534583e-06
1.431000e+02     2.069426e-05     -1.909032e-06     1.381831e-05
1.434000e+02     7.578373e-06     -9.332423e-06     1.658220e-05
1.437000e+02     1.226129e-07     -2.462778e-06     8.456182e-06
1.440000e+02     3.882856e-07     -4.768231e-07     -1.932939e-06
1.443000e+02     -7.632061e-06     -9.388866e-06     -9.470319e-06
1.446000e+02     -1.380251e-05     -6.175184e-06     -5.418452e-06
1.449000e+02     -1.824294e-05     -6.852853e-06     1.334266e-07
1.452000e+02     -2.283457e-05     -9.723638e-06     4.808665e-06
1.455000e+02     -1.409214e-05     -1.372622e-05     -9.227963e-07
1.458000e+02     -3.620113e-06     -1.939384e-05     -1.157953e-05
1.461000e+02     1.001418e-06     -1.463357e-05     -1.485720e-05
1.464000e+02     -1.941709e-06     -3.902737e-06     -1.532997e-05
1.467000e+02     -2.516809e-06     8.122868e-06     -1.249375e-05
1.470000e+02     8.653246e-07     2.005076e-05     -1.007793e-05
1.473000e+02     9.246314e-06     2.440762e-05     -5.942460e-06
1.476000e+02     1.407716e-05     3.250785e-05     -2.821200e-06
1.479000e+02     1.675279e-05     2.547139e-05     -3.585956e-06
1.482000e+02     1.302362e-05     9.128259e-06     1.395706e-06
1.485000e+02     9.963264e-06     -6.484383e-06     5.128168e-06
1.488000e+02     9.770973e-06     -1.199492e-05     8.244153e-06
1.491000e+02     4.629043e-06     -1.241032e-05     1.193755e-05
1.494000e+02     -4.053580e-06     -1.932770e-05     1.978048e-05
1.497000e+02     -1.079889e-05     -1.976822e-05     1.488974e-05
1.500000e+02     -9.452706e-06     -2.242007e-05     1.000117e-05
1.503000e+02     -1.204282e-05     -8.436911e-06     5.988213e-06
1.506000e+02     -1.116010e-05     7.511395e-06     -3.574615e-06
1.509000e+02     -9.284911e-06     9.090244e-06     -1.338711e-05
1.512000e+02     -5.561341e-06     1.495594e-05     -1.702251e-05
1.515000e+02     1.458091e-06     1.550129e-05     -1.571900e-05
1.518000e+02     6.668626e-06     8.832445e-06     -1.267377e-05
1.521000e+02     1.270288e-05     8.929235e-06     -7.091053e-06
1.524000e+02     8.212085e-06     -2.505223e-06     -3.404918e-06
1.527000e+02     6.153464e-06     -8.772994e-06     -6.184982e-07
1.530000e+02     3.965476e-06     -8.069426e-06     3.780293e-07
1.533000e+02     3.579406e-07     -9.102644e-06     6.597797e-06
1.536000e+02     9.402027e-07     -4.395177e-06     9.221006e-06
1.539000e+02     -3.183671e-06     1.105535e-05     8.327111e-06
1.542000e+02     -4.074317e-06     1.326310e-05     4.840864e-06
1.545000e+02     -9.208114e-06     7.048733e-06     4.501765e-06
1.548000e+02     -7.558295e-06     1.468052e-06     6.135166e-06
1.551000e+02     -1.570924e-06     -1.049039e-05     3.064273e-06
1.554000e+02     -1.954123e-06     -2.089002e-05     1.820453e-06
1.557000e+02     -1.404800e-07     -2.110024e-05     1.646875e-06
1.560000e+02     -5.280580e-06     -1.105262e-05     -4.890768e-07
1.563000e+02     -8.304203e-06     -7.375135e-07     -1.070478e-06
1.566000e+02     1.907093e-06     5.499179e-06     -3.062616e-06
1.569000e+02     1.280858e-05     1.267194e-05     -8.537861e-06
1.572000e+02     2.082872e-05     1.517933e-05     -9.323206e-06
1.575000e+02     2.430989e-05     1.207539e-05     -5.229656e-06
1.578000e+02     2.053837e-05     2.296873e-06     -1.023947e-06
1.581000e+02     1.195433e-05     -4.656630e-06     5.260713e-06
1.584000e+02     -9.924912e-07     -9.611052e-07     8.748580e-06
1.587000e+02     -8.105648e-06     1.107524e-06     9.507184e-06
1.590000e+02     -1.551189e-05     6.286860e-07     4.622769e-06
1.593000e+02     -2.431338e-05     2.232885e-06     -2.959733e-06
1.596000e+02     -2.741000e-05     -6.665666e-06     -1.180774e-05
1.599000e+02     -2.667355e-05     -7.123528e-06     -1.472567e-05
1.602000e+02     -2.320905e-05     -4.825167e-07     -9.688137e-06
1.605000e+02     -1.469776e-05     -1.071682e-06     -3.352432e-06
1.608000e+02     -9.057522e-06     4.676669e-06     1.995926e-06
1.611000e+02     2.680212e-06     1.012881e-05     3.264009e-06
1.614000e+02     1.693849e-05     1.265962e-05     3.131722e-06
1.617000e+02     2.920431e-05     1.338192e-05     -3.093441e-06
1.620000e+02     3.753051e-05     3.950636e-06     -9.068893e-06
1.623000e+02     3.641781e-05     -9.945108e-06     -9.921124e-06
1.626000e+02     2.502263e-05     -1.675961e-05     -8.687047e-06
1.629000e+02     7.423172e-06     -1.584942e-05     -4.145771e-06
1.632000e+02     -7.264754e-06     -9.962591e-06     2.615034e-06
1.635000e+02     -1.803403e-05     -9.008472e-06     1.120758e-05
1.638000e+02     -2.499879e-05     -4.006614e-06     1.446278e-05
1.641000e+02     -2.540771e-05     1.642889e-06     1.245506e-05
1.644000e+02     -1.962444e-05     4.916730e-06     6.003633e-06
1.647000e+02     -1.043189e-05     5.099392e-06     -7.124950e-06
1.650000e+02     5.065618e-07     5.072637e-06     -1.216216e-05
1.653000e+02     8.167411e-06     5.023462e-06     -9.853740e-06
1.656000e+02     1.316713e-05     4.442985e-06     -7.822667e-06
1.659000e+02     1.077662e-05     -1.737269e-06     -4.478783e-06
1.662000e+02     6.572183e-06     3.609416e-06     -2.140547e-06
1.665000e+02     4.669379e-06     7.709361e-06     2.237649e-06
1.668000e+02     -2.666911e-06     3.611951e-06     4.267561e-06
1.671000e+02     -7.299549e-06     1.549732e-06     4.770695e-06
1.674000e+02     -4.908906e-06     2.204911e-06     4.007667e-06
1.677000e+02     9.932429e-07     8.224399e-06     8.567886e-07
1.680000e+02     5.229301e-06     4.196573e-06     -1.467996e-06
1.683000e+02     7.210027e-06     7.942696e-08     -3.985627e-06
1.686000e+02     6.262502e-06     1.735464e-06     -1.369075e-06
1.689000e+02     2.116489e-06     4.570184e-06     -3.185550e-07
1.692000e+02     -8.282434e-07     3.066446e-06     -3.331552e-06
1.695000e+02     -2.179951e-06     -5.853698e-06     4.472376e-07
1.698000e+02     3.302197e-06     -1.032590e-05     4.371029e-06
1.701000e+02     9.002087e-06     -1.024985e-05     4.433665e-06
1.704000e+02     7.518705e-06     -9.365278e-06     1.342009e-06
1.707000e+02     5.616956e-06     -7.768563e-06     -3.927984e-06
1.710000e+02     3.715710e-06     -3.073906e-06     -9.125229e-07
1.713000e+02     -1.120980e-06     -1.812379e-06     6.852600e-06
1.716000e+02     -8.359036e-06     -3.140499e-06     9.233069e-06
1.719000e+02     -1.517519e-05     -5.812045e-07     1.049521e-05
1.722000e+02     -1.825344e-05     4.959252e-06     7.985454e-06
1.725000e+02     -1.918162e-05     8.271975e-06     4.589130e-06
1.728000e+02     -1.760216e-05     2.321249e-06     -4.133943e-06
1.731000e+02     -9.471027e-06     -1.678918e-06     -1.269194e-05
1.734000e+02     -2.245539e-06     -1.570969e-06     -1.954823e-05
1.737000e+02     3.955284e-06     -5.601404e-06     -2.293073e-05
1.740000e+02     1.233736e-05     -7.201934e-06     -2.005002e-05
1.743000e+02     1.536510e-05     -1.017330e-06     -1.568234e-05
1.746000e+02     1.643997e-05     4.039644e-07     -8.112997e-06
1.749000e+02     1.287667e-05     -2.189906e-06     2.547428e-06
1.752000e+02     6.888140e-06     -5.869275e-06     8.529368e-06
1.755000e+02     -1.320338e-06     -6.233430e-06     9.933830e-06
1.758000e+02     -4.495832e-06     -2.878864e-06     1.015231e-05
1.761000e+02     -4.389256e-06     3.221179e-06     1.277575e-05
1.764000e+02     -2.784143e-06     9.370085e-06     1.569445e-05
1.767000e+02     1.965860e-06     1.311271e-05     1.174798e-05
1.770000e+02     6.761794e-06     1.223604e-05     2.346817e-06
1.773000e+02     3.639526e-06     4.384853e-06     -2.645781e-06
1.776000e+02     -4.906875e-06     -1.980173e-06     -9.210757e-06
1.779000e+02     -7.597705e-06     -4.779632e-06     -1.377003e-05
1.782000e+02     -2.293190e-06     -8.209338e-06     -1.248502e-05
1.785000e+02     5.567438e-06     -7.661498e-06     -9.946502e-06
1.788000e+02     8.343856e-06     -2.046884e-06     -7.502624e-06
1.791000e+02     2.448021e-06     9.425024e-06     -1.926620e-06
1.794000e+02     -4.074850e-06     1.422572e-05     3.092675e-06
1.797000e+02     -8.924023e-06     1.358630e-05     4.872738e-06
1.800000e+02     -1.018293e-05     1.125292e-05     4.397221e-06
1.803000e+02     -4.555611e-06     5.855724e-06     1.680546e-06
1.806000e+02     1.946931e-06     -1.981477e-06     1.551650e-06
1.809000e+02     4.963981e-06     -9.260840e-06     2.335257e-06
1.812000e+02     6.194839e-06     -1.726626e-05     1.446521e-06
1.815000e+02     4.008245e-06     -2.210240e-05     1.401943e-06
1.818000e+02     -1.718118e-06     -1.984357e-05     2.244795e-06
1.821000e+02     -3.605605e-06     -1.353857e-05     -6.833331e-07
1.824000e+02     -8.858044e-07     -4.574217e-06     -4.029706e-06
1.827000e+02     6.482543e-07     6.781978e-06     -6.985182e-06
1.830000e+02     4.630968e-06     1.589536e-05     -7.522523e-06
1.833000e+02     9.107341e-06     1.810780e-05     -4.491101e-06
1.836000e+02     7.084747e-06     1.589617e-05     -2.116377e-06
1.839000e+02     1.990237e-06     1.217848e-05     -9.020568e-07
1.842000e+02     -1.505357e-06     6.680488e-06     -1.416654e-06
1.845000e+02     -3.477476e-06     1.328239e-06     -5.245820e-06
1.848000e+02     -5.776936e-06     1.081010e-06     -8.369371e-06
1.851000e+02     -7.593146e-06     -3.020950e-07     -2.921944e-06
1.854000e+02     -8.398978e-06     -6.524426e-06     1.218164e-06
1.857000e+02     -8.192197e-06     -1.593920e-05     1.607510e-06
1.860000e+02     -7.670703e-06     -2.301547e-05     3.785528e-06
1.863000e+02     -6.443953e-06     -2.242112e-05     5.229559e-06
1.866000e+02     2.322810e-07     -1.101744e-05     3.794724e-06
1.869000e+02     8.328854e-06     8.079513e-07     3.643685e-06
1.872000e+02     1.381744e-05     5.792205e-06     2.299704e-06
1.875000e+02     1.615159e-05     7.341505e-06     -1.278255e-06
1.878000e+02     1.217950e-05     9.021917e-06     -1.632889e-06
1.881000e+02     6.264063e-06     9.142395e-06     -1.634199e-06
1.884000e+02     2.109967e-06     3.607952e-06     -2.960081e-06
1.887000e+02     -1.039924e-06     8.090930e-08     -1.723275e-06
1.890000e+02     -3.787789e-06     -1.929257e-06     -1.237238e-06
1.893000e+02     -7.118922e-06     -2.397466e-06     -2.999498e-06
1.896000e+02     -8.119323e-06     3.719672e-06     -1.658669e-06
1.899000e+02     -4.916154e-06     5.917904e-06     -4.368393e-07
1.902000e+02     -1.219125e-06     5.876692e-06     5.147315e-07
1.905000e+02     1.972157e-06     2.357041e-06     3.726358e-06
1.908000e+02     4.106820e-06     -2.196290e-06     3.729313e-06
1.911000e+02     2.134539e-06     -2.819733e-06     7.816941e-07
1.914000e+02     -1.560121e-06     -3.079585e-06     -9.460135e-07
1.917000e+02     -1.874256e-06     -4.095422e-06     -1.145013e-06
1.920000e+02     -9.518140e-08     -2.292340e-06     -1.663394e-06
1.923000e+02     -9.451433e-07     3.228732e-06     -1.505836e-06
1.926000e+02     -2.285852e-08     6.479630e-06     -2.033135e-06
1.929000e+02     4.076543e-06     3.651726e-06     -4.467679e-06
1.932000e+02     4.351293e-06     -2.927437e-06     -6.967590e-06
1.935000e+02     1.722778e-06     -6.402970e-06     -1.026518e-05
1.938000e+02     -3.877667e-06     -8.271664e-06     -1.331750e-05
1.941000e+02     -1.023897e-05     -8.145663e-06     -1.121803e-05
1.944000e+02     -1.169923e-05     -3.440981e-06     -7.048742e-06
1.947000e+02     -7.107221e-06     3.041271e-06     -2.761745e-06
1.950000e+02     -3.447550e-07     8.991115e-06     9.446789e-07
1.953000e+02     4.492188e-06     1.218105e-05     4.991273e-06
1.956000e+02     5.553406e-06     1.214210e-05     6.181849e-06
1.959000e+02     3.922737e-06     7.546927e-06     4.582835e-06
1.962000e+02     1.372337e-06     -1.460461e-06     3.651065e-06
1.965000e+02     -1.407706e-06     -7.937437e-06     1.614034e-06
1.968000e+02     -1.648634e-06     -1.198754e-05     -7.214814e-07
1.971000e+02     -5.425478e-07     -1.282003e-05     -3.240140e-06
1.974000e+02     2.270682e-06     -1.094651e-05     -1.921772e-06
1.977000e+02     9.121514e-06     -5.986065e-06     -3.521945e-07
1.980000e+02     1.393291e-05     -1.180530e-06     1.013581e-06
1.983000e+02     1.586739e-05     -7.191847e-07     2.872469e-06
1.986000e+02     1.700306e-05     -1.627260e-06     1.847645e-06
1.989000e+02     1.511363e-05     -2.294971e-06     4.845606e-07
1.992000e+02     6.872025e-06     9.162015e-07     4.433580e-08
1.995000e+02     -5.069706e-06     8.268268e-07     -8.485458e-07
1.998000e+02     -1.484784e-05     -1.875678e-06     -1.297529e-06
2.001000e+02     -2.273588e-05     -4.258061e-06     4.658739e-07
2.004000e+02     -2.642490e-05     -4.028560e-06     3.360132e-06
2.007000e+02     -2.419448e-05     -2.549006e-06     6.450856e-06
2.010000e+02     -1.774644e-05     1.119179e-06     5.690101e-06
2.013000e+02     -1.003009e-05     6.087948e-06     1.651412e-06
2.016000e+02     -2.985617e-06     7.668440e-06     -5.016084e-06
2.019000e+02     3.157988e-06     8.414966e-06     -7.836430e-06
2.022000e+02     7.943059e-06     9.207866e-06     -7.923623e-06
2.025000e+02     9.828564e-06     9.667948e-06     -8.257257e-06
2.028000e+02     1.076158e-05     9.971352e-06     -1.057611e-05
2.031000e+02     1.002186e-05     7.329081e-06     -1.347020e-05
2.034000e+02     1.209070e-05     2.971217e-07     -1.443452e-05
2.037000e+02     1.190228e-05     -6.706699e-06     -1.275804e-05
2.040000e+02     1.043893e-05     -1.351043e-05     -5.972652e-06
2.043000e+02     7.965308e-06     -1.705212e-05     -6.992658e-08
2.046000e+02     3.502040e-06     -1.754875e-05     6.349803e-06
2.049000e+02     7.685897e-07     -1.358423e-05     1.049337e-05
2.052000e+02     1.388553e-06     -6.907301e-06     1.081230e-05
2.055000e+02     4.394694e-07     -2.164790e-06     1.030740e-05
2.058000e+02     -2.060536e-06     2.710179e-06     1.114686e-05
2.061000e+02     -3.007746e-06     8.753989e-06     9.942454e-06
2.064000e+02     -2.268954e-06     1.298548e-05     7.538441e-06
2.067000e+02     -3.585928e-06     1.399044e-05     2.260554e-06
2.070000e+02     -8.470582e-06     1.120733e-05     -2.479246e-06
2.073000e+02     -1.087551e-05     6.078557e-06     -5.559553e-06
2.076000e+02     -1.143392e-05     3.114245e-06     -8.801388e-06
2.079000e+02     -8.534504e-06     8.156022e-07     -8.817460e-06
2.082000e+02     -3.624404e-06     -9.410244e-07     -1.164224e-05
2.085000e+02     1.432141e-06     -5.073670e-06     -1.219765e-05
2.088000e+02     7.712118e-06     -1.030420e-05     -1.004362e-05
2.091000e+02     1.232383e-05     -8.319927e-06     -8.103983e-06
2.094000e+02     1.447747e-05     -5.079669e-06     -3.408550e-06
2.097000e+02     1.374126e-05     -6.298264e-07     2.377417e-06
2.100000e+02     7.723267e-06     5.251847e-06     6.005054e-06
2.103000e+02     -1.527229e-07     7.942821e-06     6.715936e-06
2.106000e+02     -6.523846e-06     7.560463e-06     4.199090e-06
2.109000e+02     -7.830588e-06     4.498390e-06     -1.335414e-06
2.112000e+02     -4.842861e-06     2.326654e-06     -2.729027e-06
2.115000e+02     -4.269419e-06     -1.449744e-06     -2.710549e-06
2.118000e+02     -7.184490e-06     -6.640041e-06     -1.523459e-06
2.121000e+02     -9.998385e-06     -1.152333e-05     -1.094015e-06
2.124000e+02     -9.242501e-06     -1.395995e-05     -2.291046e-06
2.127000e+02     -8.030325e-06     -1.184550e-05     -4.440335e-06
2.130000e+02     -3.400893e-06     -8.572861e-06     -5.640619e-06
2.133000e+02     1.761903e-06     -6.004365e-06     -6.999317e-06
2.136000e+02     4.852115e-06     -4.890010e-06     -7.210720e-06
2.139000e+02     7.050024e-06     -2.257293e-06     -2.798767e-06
2.142000e+02     9.562331e-06     1.132831e-07     2.929244e-06
2.145000e+02     1.052106e-05     2.738354e-06     6.006204e-06
2.148000e+02     9.120484e-06     4.238252e-06     5.971086e-06
2.151000e+02     4.327381e-06     4.306221e-06     6.208168e-06
2.154000e+02     -1.294730e-06     6.240916e-06     5.224450e-06
2.157000e+02     -3.833687e-06     7.861740e-06     2.238144e-06
2.160000e+02     -3.445701e-06     7.892696e-06     -2.515047e-06
2.163000e+02     -1.294358e-06     8.436776e-06     -7.040708e-06
2.166000e+02     2.158933e-06     6.182156e-06     -8.596275e-06
2.169000e+02     5.193888e-06     5.881748e-07     -5.818767e-06
2.172000e+02     3.722724e-06     -5.127332e-06     -1.655776e-06
2.175000e+02     3.897727e-06     -1.004882e-05     -3.143473e-07
2.178000e+02     4.475699e-06     -1.164351e-05     -8.091971e-07
2.181000e+02     4.649738e-06     -1.153074e-05     -3.762522e-07
2.184000e+02     3.641804e-06     -7.855382e-06     -9.022278e-07
2.187000e+02     3.501545e-07     -6.238375e-06     7.953022e-07
2.190000e+02     -4.924720e-06     -4.045134e-06     4.974938e-08
2.193000e+02     -1.051598e-05     1.829271e-06     -2.383671e-06
2.196000e+02     -1.346065e-05     1.020865e-05     -2.394956e-06
2.199000e+02     -1.449145e-05     1.510078e-05     -1.568233e-06
2.202000e+02     -1.076464e-05     1.502931e-05     8.651061e-07
2.205000e+02     -5.639723e-06     1.226976e-05     1.670333e-06
2.208000e+02     -3.037890e-07     8.376130e-06     1.245304e-06
2.211000e+02     3.948310e-06     2.296306e-06     -2.096752e-06
2.214000e+02     4.705974e-06     -3.163027e-06     -7.932417e-06
2.217000e+02     3.235147e-06     -7.483422e-06     -1.198834e-05
2.220000e+02     2.344331e-06     -1.107931e-05     -1.235570e-05
2.223000e+02     2.599966e-06     -1.385751e-05     -9.805821e-06
2.226000e+02     2.896892e-06     -1.363896e-05     -6.007164e-06
2.229000e+02     4.659292e-06     -1.178801e-05     -1.440041e-06
2.232000e+02     5.198688e-06     -9.938267e-06     4.775964e-06
2.235000e+02     4.550232e-06     -6.180923e-06     8.683174e-06
2.238000e+02     4.781883e-06     -1.594506e-06     1.036923e-05
2.241000e+02     6.300534e-06     3.803486e-06     9.392330e-06
2.244000e+02     4.713845e-06     4.802227e-06     6.961021e-06
2.247000e+02     2.596743e-06     1.849577e-06     1.977002e-06
2.250000e+02     -1.284509e-07     -6.333262e-08     -3.358279e-06
2.253000e+02     -5.344235e-06     -1.240389e-07     -6.800416e-06
2.256000e+02     -8.601883e-06     2.587444e-06     -7.142895e-06
2.259000e+02     -9.643883e-06     7.892244e-06     -7.376692e-06
2.262000e+02     -7.352617e-06     1.278027e-05     -7.166492e-06
2.265000e+02     -3.479259e-06     1.308432e-05     -7.311460e-06
2.268000e+02     1.609320e-06     9.170188e-06     -8.631103e-06
2.271000e+02     4.927670e-06     1.520936e-06     -6.369929e-06
2.274000e+02     6.107791e-06     -5.743363e-06     -2.027977e-06
2.277000e+02     7.148294e-06     -9.886116e-06     1.252239e-06
2.280000e+02     6.734215e-06     -7.713092e-06     2.540763e-06
2.283000e+02     5.492899e-06     -4.982957e-06     3.209332e-06
2.286000e+02     4.846268e-06     8.395851e-07     3.832190e-06
2.289000e+02     3.987206e-06     3.157381e-06     1.665554e-06
2.292000e+02     -2.430704e-06     5.502094e-06     4.889420e-06
2.295000e+02     -3.562861e-06     4.062841e-06     1.666360e-06
2.298000e+02     -1.015826e-05     -1.376545e-06     3.995473e-06
2.301000e+02     -1.285056e-05     -3.471114e-06     -5.331671e-07
2.304000e+02     -1.429257e-05     -6.848597e-06     -3.277044e-06
2.307000e+02     -9.043782e-06     -9.082907e-06     -6.127851e-06
2.310000e+02     -3.853605e-06     -1.226028e-05     -4.712295e-06
2.313000e+02     2.454705e-06     -1.035752e-05     -5.360182e-06
2.316000e+02     4.051040e-06     -5.250377e-06     -2.101073e-06
2.319000e+02     6.519839e-06     -2.692175e-06     -1.114146e-06
2.322000e+02     5.047787e-06     5.889538e-07     -1.147708e-06
2.325000e+02     5.732425e-06     3.016246e-06     -2.011184e-06
2.328000e+02     1.119134e-05     9.577699e-06     -2.502669e-06
2.331000e+02     9.808196e-06     5.923780e-06     -3.848712e-06
2.334000e+02     9.797397e-06     5.791810e-06     -4.351702e-06
2.337000e+02     4.148200e-06     4.162009e-06     -2.369305e-06
2.340000e+02     -2.733603e-07     1.031034e-06     1.486300e-07
2.343000e+02     -5.361090e-06     1.100035e-06     2.449738e-06
2.346000e+02     -6.678937e-06     -5.425704e-07     5.549501e-07
2.349000e+02     -8.037848e-06     2.587931e-06     8.341747e-07
2.352000e+02     -9.366939e-06     4.301693e-07     -5.245410e-07
2.355000e+02     -4.972263e-06     -3.750130e-06     -1.437721e-06
2.358000e+02     -1.775170e-06     -8.199202e-06     -2.176296e-06
2.361000e+02     2.266350e-06     -1.212888e-05     -3.233498e-06
2.364000e+02     6.394267e-06     -1.360005e-05     -4.668272e-06
2.367000e+02     1.074105e-05     -1.170394e-05     -5.790412e-06
2.370000e+02     9.171078e-06     -9.966489e-06     -3.604708e-06
2.373000e+02     7.521971e-06     -1.668755e-06     -4.191780e-06
2.376000e+02     2.702648e-06     1.071743e-06     -3.056411e-06
2.379000e+02     -2.520848e-06     4.306170e-06     -2.250241e-06
2.382000e+02     -3.835980e-06     7.007548e-06     -1.892057e-06
2.385000e+02     -6.030233e-06     1.244821e-05     2.971742e-07
2.388000e+02     -6.433130e-06     1.259727e-05     2.672017e-06
2.391000e+02     -6.525583e-06     1.141672e-05     2.519297e-06
2.394000e+02     -4.530790e-06     8.570658e-06     1.053380e-06
2.397000e+02     -2.830507e-06     2.178471e-06     -8.852461e-07
2.400000e+02     -2.925846e-06     -5.075113e-06     -2.825469e-06
2.403000e+02     -2.584149e-06     -9.708094e-06     -3.001767e-06
2.406000e+02     -1.864756e-06     -9.986552e-06     -3.400003e-06
2.409000e+02     -2.021462e-06     -5.709702e-06     -2.935225e-06
2.412000e+02     -8.343099e-08     -2.865421e-06     -3.723752e-06
2.415000e+02     1.808978e-07     2.884187e-06     -2.917259e-06
2.418000e+02     6.929150e-07     5.062709e-06     -2.778690e-06
2.421000e+02     2.271608e-06     3.134008e-06     -1.612601e-06
2.424000e+02     3.197825e-06     3.241214e-06     -6.891926e-07
2.427000e+02     3.637742e-06     4.449674e-07     -1.633217e-06
2.430000e+02     3.247353e-06     -2.249207e-06     -1.512813e-06
2.433000e+02     3.032304e-06     -4.988600e-06     -2.421965e-06
2.436000e+02     3.529832e-06     -4.749161e-06     -3.337741e-06
2.439000e+02     2.313613e-06     -3.500384e-06     -3.578281e-06
2.442000e+02     7.546410e-07     -4.175228e-06     -1.938142e-06
2.445000e+02     -4.003049e-07     -1.515335e-06     6.802601e-07
2.448000e+02     8.992084e-07     7.226407e-07     2.070481e-06
2.451000e+02     2.616912e-06     5.569956e-07     2.952457e-06
2.454000e+02     2.591539e-06     -5.925486e-07     2.584143e-06
2.457000e+02     3.783676e-06     -3.281931e-06     2.787578e-06
2.460000e+02     3.163549e-06     -5.967417e-06     2.301675e-06
2.463000e+02     6.503147e-07     -6.948702e-06     5.553445e-07
2.466000e+02     -8.500963e-07     -4.996929e-06     -1.664121e-06
2.469000e+02     -2.692075e-06     -2.814071e-06     -3.500747e-06
2.472000e+02     -4.651446e-06     6.627588e-07     -3.393728e-06
2.475000e+02     -5.476284e-06     4.544737e-06     -3.927313e-06
2.478000e+02     -6.159589e-06     6.076560e-06     -3.799578e-06
2.481000e+02     -5.007817e-06     6.272848e-06     -4.802655e-06
2.484000e+02     -3.656277e-06     4.495707e-06     -5.900324e-06
2.487000e+02     -2.147431e-06     9.467333e-07     -5.958532e-06
2.490000e+02     5.872359e-07     -1.064745e-06     -4.382819e-06
2.493000e+02     3.853975e-06     -1.497188e-06     -3.792601e-06
2.496000e+02     6.913029e-06     -1.345447e-06     -3.222258e-06
2.499000e+02     8.577155e-06     -1.419795e-06     -1.408282e-06
2.502000e+02     7.256974e-06     -1.768648e-06     6.099499e-07
2.505000e+02     4.157203e-06     -3.333866e-06     1.256703e-06
2.508000e+02     8.266902e-07     -4.569701e-06     2.415547e-06
2.511000e+02     -2.877020e-06     -4.821663e-06     1.299880e-06
2.514000e+02     -4.596921e-06     -5.048922e-06     -1.040250e-06
2.517000e+02     -4.877190e-06     -2.564563e-06     -4.553651e-06
2.520000e+02     -4.469116e-06     9.958584e-07     -6.391805e-06
2.523000e+02     -2.081344e-06     4.207768e-06     -6.305302e-06
2.526000e+02     -2.063298e-07     4.733484e-06     -5.738682e-06
2.529000e+02     8.575524e-07     4.392474e-06     -3.503614e-06
2.532000e+02     7.171883e-07     3.514047e-06     3.142588e-07
2.535000e+02     2.700547e-07     9.563931e-07     3.773093e-06
2.538000e+02     1.155015e-06     -6.835629e-08     4.787730e-06
2.541000e+02     2.815174e-06     -5.295799e-07     4.476486e-06
2.544000e+02     5.663908e-06     -5.526795e-07     2.911182e-06
2.547000e+02     5.832763e-06     -5.786998e-07     1.282392e-06
2.550000e+02     1.869723e-06     -1.494757e-06     6.325161e-07
2.553000e+02     -4.157173e-06     -2.838677e-06     1.032111e-07
2.556000e+02     -9.265784e-06     -4.156368e-06     -1.258862e-06
2.559000e+02     -1.091306e-05     -3.947551e-06     -3.345040e-06
2.562000e+02     -9.012540e-06     -2.553814e-06     -5.181341e-06
2.565000e+02     -5.397992e-06     -5.270900e-07     -6.856842e-06
2.568000e+02     -2.009558e-06     1.057328e-06     -7.264181e-06
2.571000e+02     1.605495e-06     2.544839e-06     -6.521754e-06
2.574000e+02     4.758380e-06     2.287528e-06     -5.627423e-06
2.577000e+02     8.802057e-06     7.213128e-07     -4.958574e-06
2.580000e+02     1.108934e-05     -2.182766e-06     -4.907018e-06
2.583000e+02     1.007786e-05     -4.229260e-06     -4.891106e-06
2.586000e+02     7.051890e-06     -4.981162e-06     -3.576410e-06
2.589000e+02     2.525496e-06     -6.249477e-06     -3.041819e-06
2.592000e+02     -6.539582e-07     -6.944662e-06     -3.155257e-06
2.595000e+02     -2.726497e-06     -7.863128e-06     -2.111989e-06
2.598000e+02     -2.930114e-06     -7.667006e-06     -8.262974e-07
2.601000e+02     -2.156970e-06     -5.940077e-06     1.813268e-06
2.604000e+02     -4.246047e-07     -1.514576e-06     5.306329e-06
2.607000e+02     2.202112e-07     4.661366e-06     7.782145e-06
2.610000e+02     -5.116898e-07     8.695378e-06     8.080157e-06
2.613000e+02     -1.873648e-06     1.087858e-05     7.127881e-06
2.616000e+02     -3.247629e-06     1.019178e-05     4.277411e-06
2.619000e+02     -4.605068e-06     8.459415e-06     1.045845e-06
2.622000e+02     -6.502407e-06     6.325270e-06     -2.245997e-06
2.625000e+02     -5.945239e-06     2.270032e-06     -5.524190e-06
2.628000e+02     -2.509688e-06     -2.260633e-06     -8.002718e-06
2.631000e+02     1.503425e-06     -5.121756e-06     -9.110095e-06
2.634000e+02     4.285132e-06     -6.699769e-06     -8.567320e-06
2.637000e+02     4.614864e-06     -6.000809e-06     -6.810347e-06
2.640000e+02     3.652223e-06     -5.452016e-06     -4.935593e-06
2.643000e+02     3.464999e-06     -4.909633e-06     -4.373870e-06
2.646000e+02     3.841934e-06     -4.972978e-06     -4.473129e-06
2.649000e+02     4.146326e-06     -5.988343e-06     -3.550028e-06
2.652000e+02     3.600179e-06     -7.413734e-06     -1.295104e-06
2.655000e+02     1.681342e-06     -6.475782e-06     9.784721e-07
2.658000e+02     -1.094978e-06     -3.074638e-06     2.952173e-06
2.661000e+02     -5.236060e-06     1.925172e-06     3.976124e-06
2.664000e+02     -8.043611e-06     6.493612e-06     4.426626e-06
2.667000e+02     -9.100263e-06     9.516145e-06     4.276721e-06
2.670000e+02     -8.667730e-06     1.102990e-05     3.140322e-06
2.673000e+02     -5.632046e-06     1.021696e-05     1.214300e-06
2.676000e+02     -2.578588e-06     7.640676e-06     -2.254972e-06
2.679000e+02     2.191774e-07     3.613210e-06     -6.728758e-06
2.682000e+02     3.030280e-06     -6.777553e-07     -1.020970e-05
2.685000e+02     5.664437e-06     -4.227172e-06     -1.064804e-05
2.688000e+02     9.031054e-06     -6.569500e-06     -8.777172e-06
2.691000e+02     1.125349e-05     -8.065842e-06     -5.474502e-06
2.694000e+02     1.109813e-05     -7.484967e-06     -1.646057e-06
2.697000e+02     8.703428e-06     -6.193066e-06     1.010546e-06
2.700000e+02     5.052234e-06     -3.795143e-06     2.237990e-06
2.703000e+02     1.214784e-06     -1.717953e-06     3.043467e-06
2.706000e+02     -1.621009e-06     -7.843921e-07     3.335123e-06
2.709000e+02     -3.649000e-06     7.631594e-07     2.792809e-06
2.712000e+02     -4.533295e-06     1.069194e-06     1.499263e-06
2.715000e+02     -5.261566e-06     6.779966e-07     6.865530e-08
2.718000e+02     -6.237163e-06     5.608267e-07     -1.148188e-06
2.721000e+02     -7.101494e-06     1.181375e-06     -2.191712e-06
2.724000e+02     -7.374503e-06     5.037548e-07     -3.337343e-06
2.727000e+02     -5.830159e-06     -2.003709e-06     -4.605145e-06
2.730000e+02     -1.740178e-06     -4.464984e-06     -5.637470e-06
2.733000e+02     3.030613e-06     -4.992932e-06     -5.663590e-06
2.736000e+02     7.384581e-06     -3.742734e-06     -4.891773e-06
2.739000e+02     9.622320e-06     -2.366758e-06     -4.113775e-06
2.742000e+02     9.053477e-06     5.165003e-07     -2.805358e-06
2.745000e+02     5.777756e-06     3.332903e-06     -1.646570e-07
2.748000e+02     2.213046e-06     5.379291e-06     1.251569e-06
2.751000e+02     -5.322949e-07     6.855498e-06     1.154742e-06
2.754000e+02     -1.771445e-06     5.763456e-06     3.104764e-07
2.757000e+02     -2.084255e-06     3.145885e-06     -5.090977e-07
2.760000e+02     -1.962564e-06     -7.719797e-08     -6.185795e-07
2.763000e+02     -1.857426e-06     -3.109809e-06     -5.864948e-08
2.766000e+02     -2.179560e-06     -4.403993e-06     4.824741e-07
2.769000e+02     -1.892043e-06     -4.382188e-06     6.966922e-07
2.772000e+02     -2.173834e-06     -3.862347e-06     9.516898e-07
2.775000e+02     -3.091602e-06     -4.536334e-06     6.920897e-07
2.778000e+02     -4.428578e-06     -5.392087e-06     -2.306539e-07
2.781000e+02     -5.331535e-06     -6.065505e-06     -1.797861e-06
2.784000e+02     -5.190682e-06     -6.683745e-06     -3.934022e-06
2.787000e+02     -4.657167e-06     -6.102048e-06     -5.748838e-06
2.790000e+02     -2.363996e-06     -4.362266e-06     -6.557609e-06
2.793000e+02     7.666729e-07     -1.648137e-06     -6.703283e-06
2.796000e+02     3.721215e-06     9.560576e-07     -6.510727e-06
2.799000e+02     5.012915e-06     3.726962e-06     -6.056518e-06
2.802000e+02     3.974103e-06     5.430481e-06     -5.358010e-06
2.805000e+02     2.395308e-06     5.313009e-06     -3.576424e-06
2.808000e+02     1.789400e-06     4.861941e-06     -1.027858e-06
2.811000e+02     2.002611e-06     5.299009e-06     1.766974e-06
2.814000e+02     2.648564e-06     5.251952e-06     3.647705e-06
2.817000e+02     3.886630e-06     4.389682e-06     3.266470e-06
2.820000e+02     4.233815e-06     2.166747e-06     1.944297e-06
2.823000e+02     3.712068e-06     -1.471360e-06     3.187952e-07
2.826000e+02     2.801408e-06     -4.456179e-06     -1.147357e-06
2.829000e+02     2.161863e-06     -7.003752e-06     -1.290690e-06
2.832000e+02     1.539973e-06     -9.105164e-06     -5.276200e-07
2.835000e+02     -3.339619e-07     -9.703767e-06     1.886953e-07
2.838000e+02     -2.678798e-06     -7.859365e-06     9.473840e-07
2.841000e+02     -5.204916e-06     -4.533684e-06     1.956249e-06
2.844000e+02     -6.099788e-06     -9.577961e-07     2.321985e-06
2.847000e+02     -5.005683e-06     2.975709e-06     1.110693e-06
2.850000e+02     -2.656126e-06     6.626740e-06     -9.566312e-07
2.853000e+02     1.663873e-07     8.806917e-06     -3.616111e-06
2.856000e+02     2.688274e-06     9.253357e-06     -5.037205e-06
2.859000e+02     4.454826e-06     7.420721e-06     -5.419702e-06
2.862000e+02     4.067891e-06     4.139375e-06     -5.728346e-06
2.865000e+02     2.180740e-06     5.564448e-07     -6.779828e-06
2.868000e+02     3.795111e-08     -2.240547e-06     -8.291020e-06
2.871000e+02     -1.120629e-06     -4.566004e-06     -9.532949e-06
2.874000e+02     -1.229568e-06     -6.058052e-06     -9.149077e-06
2.877000e+02     2.109378e-07     -7.083633e-06     -6.385902e-06
2.880000e+02     2.980148e-06     -7.652567e-06     -2.189937e-06
2.883000e+02     5.176285e-06     -7.843771e-06     2.169609e-06
2.886000e+02     5.662773e-06     -7.257132e-06     5.474887e-06
2.889000e+02     4.549805e-06     -6.205316e-06     7.607974e-06
2.892000e+02     2.394551e-06     -4.372492e-06     8.660808e-06
2.895000e+02     -9.303444e-07     -1.632984e-06     8.824687e-06
2.898000e+02     -4.045992e-06     1.536625e-06     7.317036e-06
2.901000e+02     -6.482687e-06     4.396485e-06     4.386712e-06
2.904000e+02     -8.110706e-06     5.791526e-06     1.021156e-06
2.907000e+02     -8.372985e-06     5.939466e-06     -2.095460e-06
2.910000e+02     -7.063289e-06     5.552101e-06     -4.824440e-06
2.913000e+02     -4.715590e-06     5.146435e-06     -7.240832e-06
2.916000e+02     -2.366033e-06     4.187771e-06     -8.930804e-06
2.919000e+02     -1.218075e-07     2.612633e-06     -9.699741e-06
2.922000e+02     1.400172e-06     7.673405e-07     -9.175269e-06
2.925000e+02     2.933960e-06     -1.584841e-06     -8.135136e-06
2.928000e+02     4.287378e-06     -4.151418e-06     -6.451890e-06
2.931000e+02     4.963272e-06     -5.885318e-06     -3.828901e-06
2.934000e+02     4.701822e-06     -7.627754e-06     -4.855137e-07
2.937000e+02     3.729722e-06     -8.974576e-06     2.530914e-06
2.940000e+02     2.961980e-06     -9.298304e-06     4.074942e-06
2.943000e+02     2.794756e-06     -9.312605e-06     4.014592e-06
2.946000e+02     2.578647e-06     -8.343934e-06     2.942288e-06
2.949000e+02     1.624982e-06     -5.681048e-06     1.283830e-06
2.952000e+02     -6.713023e-08     -1.324173e-06     -8.879767e-07
2.955000e+02     -1.817300e-06     3.641688e-06     -3.066234e-06
2.958000e+02     -2.903911e-06     7.802247e-06     -4.559418e-06
2.961000e+02     -2.761558e-06     9.612210e-06     -4.379798e-06
2.964000e+02     -2.043461e-06     9.097116e-06     -3.129282e-06
2.967000e+02     -1.233074e-06     7.417625e-06     -9.826293e-07
2.970000e+02     -4.019373e-07     5.909231e-06     6.051673e-07
2.973000e+02     3.944142e-07     4.347206e-06     1.169944e-06
2.976000e+02     4.107402e-07     2.074017e-06     3.190463e-07
2.979000e+02     2.233662e-07     -9.922984e-07     -7.817058e-07
2.982000e+02     7.016376e-07     -3.598341e-06     -1.416387e-06
2.985000e+02     1.240322e-06     -4.938900e-06     -1.826200e-06
2.988000e+02     2.250639e-06     -4.547820e-06     -1.935871e-06
2.991000e+02     2.826258e-06     -3.579389e-06     -2.534305e-06
2.994000e+02     2.373569e-06     -2.850760e-06     -3.130476e-06
2.997000e+02     1.560881e-06     -2.400671e-06     -3.449905e-06
3.000000e+02     5.346749e-08     -2.686825e-06     -3.143574e-06
3.003000e+02     -1.430033e-06     -2.925754e-06     -2.098760e-06
3.006000e+02     -2.038386e-06     -2.425874e-06     -1.549732e-06
3.009000e+02     -1.877215e-06     -1.498240e-06     -1.684529e-06
3.012000e+02     -1.638531e-06     -4.110806e-08     -1.901099e-06
3.015000e+02     -1.146478e-06     9.472453e-07     -2.012272e-06
3.018000e+02     -5.328660e-07     1.249972e-06     -2.331961e-06
3.021000e+02     -3.826352e-07     1.242462e-06     -2.400863e-06
3.024000e+02     -8.266530e-07     1.324983e-06     -2.448810e-06
3.027000e+02     -1.385051e-06     1.346702e-06     -2.618771e-06
3.030000e+02     -1.674391e-06     9.297005e-07     -2.884297e-06
3.033000e+02     -1.247659e-06     3.098646e-07     -2.158727e-06
3.036000e+02     -3.205670e-07     -2.581579e-07     -6.688838e-07
3.039000e+02     1.588720e-06     -6.407063e-07     1.037458e-06
3.042000e+02     4.176697e-06     -1.023459e-06     2.459266e-06
3.045000e+02     6.010358e-06     -9.055510e-07     3.087106e-06
3.048000e+02     6.570579e-06     -1.016471e-06     2.726759e-06
3.051000e+02     5.361475e-06     -2.007253e-06     2.010183e-06
3.054000e+02     2.236741e-06     -3.701973e-06     1.357854e-06
3.057000e+02     -1.483251e-06     -5.028291e-06     5.821173e-07
3.060000e+02     -4.416445e-06     -5.930963e-06     -3.348936e-07
3.063000e+02     -6.076945e-06     -5.878050e-06     -1.487995e-06
3.066000e+02     -5.684567e-06     -4.517756e-06     -2.797254e-06
3.069000e+02     -3.788547e-06     -3.027713e-06     -3.812569e-06
