0.000000e+00     -9.784541e-07     -8.593291e-07     0.000000e+00
3.000000e-01     -2.187329e-06     -1.414803e-06     0.000000e+00
6.000000e-01     -1.729961e-06     -7.287225e-07     0.000000e+00
9.000000e-01     -1.164692e-06     -3.249377e-07     0.000000e+00
1.200000e+00     3.845938e-08     3.257072e-07     0.000000e+00
1.500000e+00     8.485078e-07     3.550472e-07     0.000000e+00
1.800000e+00     6.474645e-07     -3.145358e-07     0.000000e+00
2.100000e+00     -4.242384e-07     -1.307329e-06     0.000000e+00
2.400000e+00     -1.790018e-06     -1.669056e-06     0.000000e+00
2.700000e+00     -2.438498e-06     -1.452477e-06     0.000000e+00
3.000000e+00     -2.414062e-06     -9.794632e-07     0.000000e+00
3.300000e+00     -1.913389e-06     -6.315074e-07     0.000000e+00
3.600000e+00     -1.466612e-06     -4.788603e-07     0.000000e+00
3.900000e+00     -1.160995e-06     -6.162326e-07     0.000000e+00
4.200000e+00     -7.080541e-07     -8.932070e-07     0.000000e+00
4.500000e+00     -5.824830e-08     -1.034216e-06     0.000000e+00
4.800000e+00     -2.502540e-08     -1.073943e-06     0.000000e+00
5.100000e+00     -1.723063e-07     -9.244988e-07     0.000000e+00
5.400000e+00     -5.273128e-07     -5.924133e-07     0.000000e+00
5.700000e+00     -1.197168e-06     -3.583799e-07     0.000000e+00
6.000000e+00     -2.121220e-06     -4.819054e-07     0.000000e+00
6.300000e+00     -2.449745e-06     -1.199115e-06     0.000000e+00
6.600000e+00     -2.406998e-06     -1.929081e-06     0.000000e+00
6.900000e+00     -1.514214e-06     -2.274662e-06     0.000000e+00
7.200000e+00     -1.082546e-06     -1.767810e-06     0.000000e+00
7.500000e+00     -5.836816e-07     -1.117535e-06     0.000000e+00
7.800000e+00     -2.826892e-08     -6.852802e-07     0.000000e+00
8.100000e+00     -6.742315e-07     1.401332e-07     0.000000e+00
8.400000e+00     -4.328299e-07     -2.694906e-07     0.000000e+00
8.700000e+00     1.527395e-05     -8.061613e-06     0.000000e+00
9.000000e+00     2.922968e-05     -1.536631e-05     0.000000e+00
9.300000e+00     7.545774e-06     -6.507613e-06     0.000000e+00
9.600000e+00     1.223857e-04     -5.778151e-05     0.000000e+00
9.900000e+00     1.959460e-04     -9.713256e-05     0.000000e+00
1.020000e+01     3.477442e-05     -1.764978e-05     0.000000e+00
1.050000e+01     2.101232e-05     -1.450865e-06     0.000000e+00
1.080000e+01     1.072281e-04     -4.363894e-05     0.000000e+00
1.110000e+01     4.382487e-05     -2.740396e-05     0.000000e+00
1.140000e+01     3.142862e-05     -2.608354e-05     0.000000e+00
1.170000e+01     3.333319e-05     -2.194012e-05     0.000000e+00
1.200000e+01     -2.201690e-05     -2.546960e-05     0.000000e+00
1.230000e+01     -8.594641e-05     4.365268e-05     0.000000e+00
1.260000e+01     -7.027850e-05     4.908227e-05     0.000000e+00
1.290000e+01     -1.116694e-04     -3.359923e-06     0.000000e+00
1.320000e+01     -1.142536e-04     5.085695e-05     0.000000e+00
1.350000e+01     -3.951588e-05     3.775255e-05     0.000000e+00
1.380000e+01     -1.026533e-04     4.524462e-05     0.000000e+00
1.410000e+01     -7.908257e-06     1.784770e-05     0.000000e+00
1.440000e+01     3.577836e-06     1.690381e-05     0.000000e+00
1.470000e+01     -4.123355e-05     8.199365e-05     0.000000e+00
1.500000e+01     3.916449e-05     -5.649366e-05     0.000000e+00
1.530000e+01     2.011613e-04     -2.777707e-05     0.000000e+00
1.560000e+01     9.694933e-05     -1.660722e-04     0.000000e+00
1.590000e+01     2.444956e-05     -6.730404e-05     0.000000e+00
1.620000e+01     5.137488e-05     -7.130652e-05     0.000000e+00
1.650000e+01     -8.440136e-06     -1.186790e-04     0.000000e+00
1.680000e+01     1.435738e-04     5.078478e-05     0.000000e+00
1.710000e+01     -2.528971e-04     2.698645e-05     0.000000e+00
1.740000e+01     -2.725713e-04     8.820171e-06     0.000000e+00
1.770000e+01     -1.715605e-05     8.239955e-05     0.000000e+00
1.800000e+01     3.443072e-06     1.182322e-05     0.000000e+00
1.830000e+01     -1.019309e-04     4.365600e-05     0.000000e+00
1.860000e+01     -1.600434e-04     3.302856e-04     0.000000e+00
1.890000e+01     -1.081323e-04     9.193854e-05     0.000000e+00
1.920000e+01     -7.816489e-05     1.177334e-04     0.000000e+00
1.950000e+01     -6.170712e-05     1.882418e-04     0.000000e+00
1.980000e+01     1.303068e-04     8.310236e-05     0.000000e+00
2.010000e+01     1.901188e-04     -3.192538e-04     0.000000e+00
2.040000e+01     2.696994e-04     -9.381909e-05     0.000000e+00
2.070000e+01     1.388748e-04     -8.753920e-05     0.000000e+00
2.100000e+01     3.380349e-04     -4.291896e-04     0.000000e+00
2.130000e+01     3.149836e-04     -2.487860e-04     0.000000e+00
2.160000e+01     5.092757e-05     -2.560249e-04     0.000000e+00
2.190000e+01     -9.811558e-05     1.452816e-04     0.000000e+00
2.220000e+01     -5.065352e-04     1.437755e-04     0.000000e+00
2.250000e+01     -3.653403e-04     4.164576e-04     0.000000e+00
2.280000e+01     3.128261e-05     2.401710e-04     0.000000e+00
2.310000e+01     -3.897405e-04     7.920754e-05     0.000000e+00
2.340000e+01     -9.029070e-05     7.019691e-05     0.000000e+00
2.370000e+01     7.094343e-05     -6.379151e-05     0.000000e+00
2.400000e+01     1.990724e-04     -7.613567e-05     0.000000e+00
2.430000e+01     3.589941e-04     -1.305911e-04     0.000000e+00
2.460000e+01     2.371844e-04     -2.639938e-04     0.000000e+00
2.490000e+01     -1.651044e-04     -2.929189e-05     0.000000e+00
2.520000e+01     -1.449579e-04     2.447936e-05     0.000000e+00
2.550000e+01     1.502680e-04     -4.718952e-05     0.000000e+00
2.580000e+01     -6.870664e-05     1.161821e-04     0.000000e+00
2.610000e+01     -3.101127e-04     5.001379e-05     0.000000e+00
2.640000e+01     -4.691796e-05     1.126094e-04     0.000000e+00
2.670000e+01     -3.026961e-05     2.795493e-05     0.000000e+00
2.700000e+01     7.977649e-05     4.702014e-06     0.000000e+00
2.730000e+01     1.562082e-04     -3.919811e-05     0.000000e+00
2.760000e+01     7.424022e-05     -8.949502e-05     0.000000e+00
2.790000e+01     -1.132094e-04     2.884912e-05     0.000000e+00
2.820000e+01     -1.004341e-04     7.365002e-05     0.000000e+00
2.850000e+01     1.830845e-05     -6.438570e-05     0.000000e+00
2.880000e+01     6.925360e-05     -3.033737e-05     0.000000e+00
2.910000e+01     2.195696e-04     -3.176429e-05     0.000000e+00
2.940000e+01     1.378595e-04     -3.888712e-05     0.000000e+00
2.970000e+01     -1.039156e-04     1.289138e-05     0.000000e+00
3.000000e+01     -2.064597e-04     1.103336e-04     0.000000e+00
3.030000e+01     -1.518005e-04     5.950292e-05     0.000000e+00
3.060000e+01     5.325103e-05     -6.784207e-05     0.000000e+00
3.090000e+01     5.828559e-05     -1.327121e-04     0.000000e+00
3.120000e+01     4.869230e-05     -9.250965e-05     0.000000e+00
3.150000e+01     9.858697e-05     4.303582e-05     0.000000e+00
3.180000e+01     -3.504459e-05     5.077894e-05     0.000000e+00
3.210000e+01     -1.565087e-04     3.034424e-05     0.000000e+00
3.240000e+01     -4.245916e-05     1.110822e-05     0.000000e+00
3.270000e+01     6.594694e-05     2.210092e-05     0.000000e+00
3.300000e+01     1.275611e-04     7.621824e-06     0.000000e+00
3.330000e+01     9.819325e-05     -5.009825e-06     0.000000e+00
3.360000e+01     -7.051887e-05     7.645403e-05     0.000000e+00
3.390000e+01     -1.350694e-04     -7.470702e-05     0.000000e+00
3.420000e+01     -4.132853e-05     -1.075156e-04     0.000000e+00
3.450000e+01     1.034312e-04     -7.176227e-05     0.000000e+00
3.480000e+01     4.155778e-05     -3.358494e-05     0.000000e+00
3.510000e+01     -9.201912e-05     1.279521e-04     0.000000e+00
3.540000e+01     -1.014078e-04     9.872056e-05     0.000000e+00
3.570000e+01     -7.724568e-05     -1.868921e-05     0.000000e+00
3.600000e+01     6.800957e-05     -6.182603e-05     0.000000e+00
3.630000e+01     9.809626e-05     -7.106486e-06     0.000000e+00
3.660000e+01     5.237968e-05     1.604740e-06     0.000000e+00
3.690000e+01     7.987296e-06     -8.771101e-05     0.000000e+00
3.720000e+01     -2.538529e-06     -6.148114e-05     0.000000e+00
3.750000e+01     8.986376e-06     6.053474e-05     0.000000e+00
3.780000e+01     -2.974814e-05     1.029715e-04     0.000000e+00
3.810000e+01     4.120836e-05     9.513606e-05     0.000000e+00
3.840000e+01     -1.237170e-05     3.245587e-05     0.000000e+00
3.870000e+01     -4.997868e-05     7.373158e-06     0.000000e+00
3.900000e+01     -7.175837e-05     -4.207902e-05     0.000000e+00
3.930000e+01     -3.284171e-05     -8.727356e-05     0.000000e+00
3.960000e+01     -6.984635e-06     -6.682806e-05     0.000000e+00
3.990000e+01     3.019368e-05     -2.454083e-05     0.000000e+00
4.020000e+01     7.978236e-05     -5.225983e-05     0.000000e+00
4.050000e+01     -3.301773e-05     -3.425754e-05     0.000000e+00
4.080000e+01     1.048292e-05     4.171671e-05     0.000000e+00
4.110000e+01     -1.717377e-06     3.375546e-05     0.000000e+00
4.140000e+01     1.722680e-05     3.674050e-05     0.000000e+00
4.170000e+01     -5.437368e-06     -1.122241e-05     0.000000e+00
4.200000e+01     -4.080505e-05     -3.088014e-08     0.000000e+00
4.230000e+01     -8.436795e-05     3.534260e-05     0.000000e+00
4.260000e+01     7.977175e-06     5.140076e-05     0.000000e+00
4.290000e+01     -6.907694e-06     6.135730e-05     0.000000e+00
4.320000e+01     5.250441e-05     -2.346516e-05     0.000000e+00
4.350000e+01     6.228340e-05     -1.039973e-04     0.000000e+00
4.380000e+01     -8.099533e-06     -1.240595e-04     0.000000e+00
4.410000e+01     6.506547e-05     -3.424593e-05     0.000000e+00
4.440000e+01     5.937071e-06     1.592494e-05     0.000000e+00
4.470000e+01     -3.572869e-05     5.012048e-05     0.000000e+00
4.500000e+01     -4.282392e-05     -1.088030e-06     0.000000e+00
4.530000e+01     -3.541584e-05     1.422717e-05     0.000000e+00
4.560000e+01     -6.592497e-05     1.920003e-05     0.000000e+00
4.590000e+01     4.554483e-06     5.317719e-05     0.000000e+00
4.620000e+01     9.034075e-06     3.499655e-05     0.000000e+00
4.650000e+01     2.558403e-05     -1.874668e-05     0.000000e+00
4.680000e+01     6.536450e-05     -4.455986e-05     0.000000e+00
4.710000e+01     1.070340e-05     -4.553793e-05     0.000000e+00
4.740000e+01     -2.916691e-05     -6.160047e-05     0.000000e+00
4.770000e+01     -6.763017e-05     4.644099e-05     0.000000e+00
4.800000e+01     -4.939260e-05     1.573098e-05     0.000000e+00
4.830000e+01     3.169578e-05     4.946122e-05     0.000000e+00
4.860000e+01     4.507374e-06     1.351657e-05     0.000000e+00
4.890000e+01     -9.129295e-06     -4.947345e-05     0.000000e+00
4.920000e+01     2.833050e-05     -4.064544e-05     0.000000e+00
4.950000e+01     -3.218596e-05     1.536046e-05     0.000000e+00
4.980000e+01     -3.669654e-05     -8.702772e-06     0.000000e+00
5.010000e+01     2.892418e-05     -3.647081e-05     0.000000e+00
5.040000e+01     4.490840e-05     -5.728361e-06     0.000000e+00
5.070000e+01     6.193092e-05     1.293439e-05     0.000000e+00
5.100000e+01     7.114500e-05     1.512736e-05     0.000000e+00
5.130000e+01     9.640146e-06     5.648570e-05     0.000000e+00
5.160000e+01     -5.534977e-05     2.978348e-05     0.000000e+00
5.190000e+01     -8.177637e-05     -1.842753e-05     0.000000e+00
5.220000e+01     -5.310557e-05     1.090172e-05     0.000000e+00
5.250000e+01     -4.252351e-05     -4.597366e-05     0.000000e+00
5.280000e+01     -1.133668e-05     -3.275263e-05     0.000000e+00
5.310000e+01     5.211876e-05     -1.529434e-05     0.000000e+00
5.340000e+01     1.330570e-05     -1.319932e-05     0.000000e+00
5.370000e+01     1.510774e-05     -2.453800e-05     0.000000e+00
5.400000e+01     -2.817644e-05     -1.837060e-05     0.000000e+00
5.430000e+01     -8.007174e-06     1.127221e-05     0.000000e+00
5.460000e+01     3.730398e-05     1.761172e-05     0.000000e+00
5.490000e+01     1.425551e-05     -1.420182e-05     0.000000e+00
5.520000e+01     2.307142e-06     4.096438e-06     0.000000e+00
5.550000e+01     2.314655e-05     -1.738600e-05     0.000000e+00
5.580000e+01     7.010078e-08     -2.797690e-05     0.000000e+00
5.610000e+01     -3.736236e-05     -4.245571e-06     0.000000e+00
5.640000e+01     9.224987e-06     6.745288e-05     0.000000e+00
5.670000e+01     -5.647074e-05     9.441140e-05     0.000000e+00
5.700000e+01     -3.260264e-05     -6.688076e-07     0.000000e+00
5.730000e+01     -1.135125e-06     -1.511448e-05     0.000000e+00
5.760000e+01     2.677200e-05     -6.428689e-05     0.000000e+00
5.790000e+01     9.977777e-06     -4.794367e-05     0.000000e+00
5.820000e+01     -3.801370e-06     -4.068893e-05     0.000000e+00
5.850000e+01     1.968491e-05     -1.208240e-05     0.000000e+00
5.880000e+01     2.728210e-05     3.241579e-05     0.000000e+00
5.910000e+01     1.845402e-05     -6.824093e-08     0.000000e+00
5.940000e+01     3.005748e-05     -1.533289e-05     0.000000e+00
5.970000e+01     2.623367e-06     -2.258763e-05     0.000000e+00
6.000000e+01     -4.023562e-05     1.773452e-05     0.000000e+00
6.030000e+01     -6.309119e-05     2.018058e-05     0.000000e+00
6.060000e+01     -5.910767e-05     2.124599e-05     0.000000e+00
6.090000e+01     -1.809383e-05     1.372269e-05     0.000000e+00
6.120000e+01     1.864539e-05     -3.153211e-05     0.000000e+00
6.150000e+01     8.384760e-06     -3.668220e-07     0.000000e+00
6.180000e+01     8.228516e-06     4.915439e-06     0.000000e+00
6.210000e+01     4.360160e-05     2.518613e-05     0.000000e+00
6.240000e+01     7.447009e-05     7.120625e-06     0.000000e+00
6.270000e+01     1.080968e-05     -2.223768e-05     0.000000e+00
6.300000e+01     -1.459183e-05     -2.005984e-05     0.000000e+00
6.330000e+01     -3.116278e-05     2.897894e-05     0.000000e+00
6.360000e+01     -5.247904e-05     -1.963936e-06     0.000000e+00
6.390000e+01     -4.079209e-05     -2.515865e-05     0.000000e+00
6.420000e+01     9.157370e-06     -2.973376e-05     0.000000e+00
6.450000e+01     3.640743e-05     -1.300067e-05     0.000000e+00
6.480000e+01     3.178242e-05     1.034598e-05     0.000000e+00
6.510000e+01     9.839988e-06     -1.334774e-05     0.000000e+00
6.540000e+01     -1.020310e-05     1.770275e-05     0.000000e+00
6.570000e+01     -2.989049e-05     -1.005243e-06     0.000000e+00
6.600000e+01     -1.800514e-05     -1.129653e-05     0.000000e+00
6.630000e+01     -1.767508e-05     3.804015e-05     0.000000e+00
6.660000e+01     1.096754e-05     8.146818e-06     0.000000e+00
6.690000e+01     3.478493e-05     -8.772629e-06     0.000000e+00
6.720000e+01     1.884330e-05     -2.771529e-05     0.000000e+00
6.750000e+01     -3.115776e-06     -2.293898e-05     0.000000e+00
6.780000e+01     -3.140823e-05     -7.654073e-06     0.000000e+00
6.810000e+01     -3.430635e-05     -2.138606e-05     0.000000e+00
6.840000e+01     -1.548759e-05     1.881399e-06     0.000000e+00
6.870000e+01     1.002448e-05     7.152327e-07     0.000000e+00
6.900000e+01     2.067079e-05     -1.660196e-05     0.000000e+00
6.930000e+01     3.768667e-05     1.765535e-05     0.000000e+00
6.960000e+01     7.920888e-06     3.401832e-05     0.000000e+00
6.990000e+01     3.630420e-06     1.469273e-05     0.000000e+00
7.020000e+01     -3.005522e-06     1.359802e-05     0.000000e+00
7.050000e+01     1.696279e-05     1.114979e-05     0.000000e+00
7.080000e+01     1.744027e-05     1.421545e-05     0.000000e+00
7.110000e+01     -8.389685e-06     1.796549e-05     0.000000e+00
7.140000e+01     -4.294365e-05     -1.421934e-05     0.000000e+00
7.170000e+01     -1.709727e-05     -4.313371e-05     0.000000e+00
7.200000e+01     -2.425790e-05     -5.921732e-05     0.000000e+00
7.230000e+01     -3.060270e-05     -4.838568e-05     0.000000e+00
7.260000e+01     6.553757e-06     -2.095454e-05     0.000000e+00
7.290000e+01     2.073733e-05     4.963980e-06     0.000000e+00
7.320000e+01     1.561495e-05     2.367830e-05     0.000000e+00
7.350000e+01     1.543535e-05     2.559710e-05     0.000000e+00
7.380000e+01     2.275894e-05     4.231899e-05     0.000000e+00
7.410000e+01     1.608079e-05     2.452605e-05     0.000000e+00
7.440000e+01     -1.664542e-05     -1.728739e-07     0.000000e+00
7.470000e+01     -1.441564e-05     1.897086e-05     0.000000e+00
7.500000e+01     -1.604874e-05     9.748578e-06     0.000000e+00
7.530000e+01     -1.511716e-05     -1.044553e-05     0.000000e+00
7.560000e+01     -2.648260e-06     -2.467854e-05     0.000000e+00
7.590000e+01     1.517535e-05     -2.334257e-05     0.000000e+00
7.620000e+01     4.426676e-05     -3.308605e-05     0.000000e+00
7.650000e+01     1.567380e-05     -1.089593e-05     0.000000e+00
7.680000e+01     -1.463573e-06     2.549161e-06     0.000000e+00
7.710000e+01     9.012675e-06     -5.207142e-06     0.000000e+00
7.740000e+01     -2.357340e-05     2.700246e-05     0.000000e+00
7.770000e+01     -3.816729e-05     2.337371e-05     0.000000e+00
7.800000e+01     -1.450986e-05     5.905228e-06     0.000000e+00
7.830000e+01     1.021515e-05     1.698368e-05     0.000000e+00
7.860000e+01     -5.112610e-07     2.424459e-05     0.000000e+00
7.890000e+01     7.158611e-06     -3.253405e-06     0.000000e+00
7.920000e+01     1.425468e-05     -2.662276e-05     0.000000e+00
7.950000e+01     -2.857091e-06     -2.114742e-05     0.000000e+00
7.980000e+01     -1.874589e-05     -6.232240e-06     0.000000e+00
8.010000e+01     1.406661e-05     -2.130309e-05     0.000000e+00
8.040000e+01     2.910413e-05     -4.549919e-05     0.000000e+00
8.070000e+01     1.543896e-05     -2.989316e-05     0.000000e+00
8.100000e+01     6.427019e-06     -6.556749e-06     0.000000e+00
8.130000e+01     -2.351634e-05     2.616190e-05     0.000000e+00
8.160000e+01     -3.627271e-05     3.741141e-05     0.000000e+00
8.190000e+01     -1.402882e-05     3.093163e-05     0.000000e+00
8.220000e+01     -4.189968e-07     2.556771e-05     0.000000e+00
8.250000e+01     8.870887e-06     9.565964e-06     0.000000e+00
8.280000e+01     2.279443e-05     7.321309e-06     0.000000e+00
8.310000e+01     1.841376e-05     2.954850e-06     0.000000e+00
8.340000e+01     2.066291e-05     -2.004573e-05     0.000000e+00
8.370000e+01     9.042501e-06     -1.507475e-05     0.000000e+00
8.400000e+01     1.769524e-06     -7.790595e-07     0.000000e+00
8.430000e+01     1.275503e-05     1.874099e-05     0.000000e+00
8.460000e+01     -8.484751e-06     1.035267e-05     0.000000e+00
8.490000e+01     -1.716052e-05     -6.812489e-06     0.000000e+00
8.520000e+01     -1.352328e-05     -1.414864e-05     0.000000e+00
8.550000e+01     -1.664824e-05     -2.102063e-05     0.000000e+00
8.580000e+01     -7.147875e-06     -1.079558e-05     0.000000e+00
8.610000e+01     -1.633935e-05     -1.090605e-05     0.000000e+00
8.640000e+01     -1.480407e-05     -1.173320e-05     0.000000e+00
8.670000e+01     9.888422e-07     -3.376492e-07     0.000000e+00
8.700000e+01     1.407657e-05     -8.672873e-06     0.000000e+00
8.730000e+01     -2.087189e-06     -6.055592e-06     0.000000e+00
8.760000e+01     3.568724e-06     1.001082e-07     0.000000e+00
8.790000e+01     1.120805e-05     2.843787e-05     0.000000e+00
8.820000e+01     7.463482e-06     2.210690e-05     0.000000e+00
8.850000e+01     1.521359e-05     1.514029e-05     0.000000e+00
8.880000e+01     1.273426e-05     -5.638541e-06     0.000000e+00
8.910000e+01     2.240221e-05     -7.691943e-06     0.000000e+00
8.940000e+01     1.404929e-05     9.860931e-07     0.000000e+00
8.970000e+01     -4.104592e-06     8.775781e-06     0.000000e+00
9.000000e+01     -1.663321e-05     1.721930e-05     0.000000e+00
9.030000e+01     -1.495370e-05     8.711297e-06     0.000000e+00
9.060000e+01     -4.899487e-06     3.398618e-06     0.000000e+00
9.090000e+01     -1.658159e-05     -5.591931e-06     0.000000e+00
9.120000e+01     -1.358473e-05     -1.673929e-05     0.000000e+00
9.150000e+01     -2.159593e-06     -1.842012e-05     0.000000e+00
9.180000e+01     1.468035e-05     -1.156559e-05     0.000000e+00
9.210000e+01     1.002705e-05     -2.081704e-05     0.000000e+00
9.240000e+01     -9.112919e-06     -1.968940e-05     0.000000e+00
9.270000e+01     -1.540557e-05     -5.940645e-06     0.000000e+00
9.300000e+01     2.962803e-06     -2.432468e-06     0.000000e+00
9.330000e+01     2.405812e-06     5.821541e-06     0.000000e+00
9.360000e+01     1.971880e-05     1.514344e-05     0.000000e+00
9.390000e+01     3.403135e-05     1.648947e-05     0.000000e+00
9.420000e+01     2.083808e-05     4.267754e-05     0.000000e+00
9.450000e+01     3.200527e-06     3.432190e-05     0.000000e+00
9.480000e+01     2.981262e-06     2.986292e-06     0.000000e+00
9.510000e+01     -1.281045e-05     -2.486261e-06     0.000000e+00
9.540000e+01     -2.253131e-05     -1.249315e-05     0.000000e+00
9.570000e+01     -6.810747e-06     -3.175458e-05     0.000000e+00
9.600000e+01     -6.254018e-06     -2.998784e-05     0.000000e+00
9.630000e+01     1.521357e-06     -1.919216e-05     0.000000e+00
9.660000e+01     1.172302e-05     1.488631e-06     0.000000e+00
9.690000e+01     5.539235e-06     1.914218e-05     0.000000e+00
9.720000e+01     1.625457e-06     2.243577e-05     0.000000e+00
9.750000e+01     -7.528174e-07     2.760755e-05     0.000000e+00
9.780000e+01     2.057258e-07     1.343186e-05     0.000000e+00
9.810000e+01     2.361889e-06     -5.876655e-06     0.000000e+00
9.840000e+01     3.801478e-06     -2.243506e-05     0.000000e+00
9.870000e+01     -8.964465e-06     -2.941343e-05     0.000000e+00
9.900000e+01     -8.628109e-06     -2.005145e-05     0.000000e+00
9.930000e+01     -2.141470e-05     -1.433325e-05     0.000000e+00
9.960000e+01     -2.519570e-05     -7.877246e-06     0.000000e+00
9.990000e+01     -4.212425e-06     1.949437e-06     0.000000e+00
1.002000e+02     9.690001e-06     1.994685e-05     0.000000e+00
1.005000e+02     2.583758e-05     3.067338e-05     0.000000e+00
1.008000e+02     3.539999e-05     1.773267e-05     0.000000e+00
1.011000e+02     3.620272e-05     9.382049e-06     0.000000e+00
1.014000e+02     3.086983e-05     3.632511e-06     0.000000e+00
1.017000e+02     2.282777e-05     7.806402e-06     0.000000e+00
1.020000e+02     -8.065047e-06     3.031008e-06     0.000000e+00
1.023000e+02     -2.889585e-05     -5.162246e-06     0.000000e+00
1.026000e+02     -3.782136e-05     -2.824428e-06     0.000000e+00
1.029000e+02     -3.056295e-05     -3.420363e-06     0.000000e+00
1.032000e+02     -1.212646e-05     -1.543963e-05     0.000000e+00
1.035000e+02     -1.124020e-05     -9.307570e-06     0.000000e+00
1.038000e+02     -6.534570e-06     -7.518265e-06     0.000000e+00
1.041000e+02     4.015751e-06     -1.305698e-05     0.000000e+00
1.044000e+02     4.535367e-06     -7.972464e-06     0.000000e+00
1.047000e+02     9.219849e-06     -2.948264e-06     0.000000e+00
1.050000e+02     1.877025e-06     1.092382e-05     0.000000e+00
1.053000e+02     1.246581e-05     8.148566e-06     0.000000e+00
1.056000e+02     2.759444e-05     1.036024e-05     0.000000e+00
1.059000e+02     2.181954e-05     1.490793e-05     0.000000e+00
1.062000e+02     1.467604e-05     1.473102e-05     0.000000e+00
1.065000e+02     5.204728e-06     8.088726e-06     0.000000e+00
1.068000e+02     2.675183e-06     -1.006117e-05     0.000000e+00
1.071000e+02     -1.308332e-05     -3.010755e-05     0.000000e+00
1.074000e+02     -1.070217e-05     -2.373968e-05     0.000000e+00
1.077000e+02     2.805549e-06     -5.596210e-06     0.000000e+00
1.080000e+02     5.924682e-06     5.763810e-06     0.000000e+00
1.083000e+02     1.070967e-06     1.873284e-05     0.000000e+00
1.086000e+02     1.320938e-05     2.392070e-05     0.000000e+00
1.089000e+02     1.778620e-05     2.703972e-05     0.000000e+00
1.092000e+02     1.287201e-05     1.731705e-05     0.000000e+00
1.095000e+02     -1.205322e-05     2.892971e-06     0.000000e+00
1.098000e+02     -3.060454e-05     -1.246823e-05     0.000000e+00
1.101000e+02     -2.841260e-05     -2.269001e-05     0.000000e+00
1.104000e+02     -3.845494e-05     -2.103892e-05     0.000000e+00
1.107000e+02     -2.739573e-05     -1.212181e-05     0.000000e+00
1.110000e+02     -2.439708e-06     3.691965e-06     0.000000e+00
1.113000e+02     4.555933e-06     -1.128997e-06     0.000000e+00
1.116000e+02     2.288132e-05     1.577094e-06     0.000000e+00
1.119000e+02     1.827298e-05     1.311510e-05     0.000000e+00
1.122000e+02     1.358827e-05     4.625691e-06     0.000000e+00
1.125000e+02     8.329407e-06     -1.478996e-05     0.000000e+00
1.128000e+02     1.148090e-05     -1.212433e-05     0.000000e+00
1.131000e+02     2.794026e-05     4.912736e-06     0.000000e+00
1.134000e+02     2.207010e-05     1.545596e-05     0.000000e+00
1.137000e+02     1.287391e-05     1.299474e-05     0.000000e+00
1.140000e+02     7.490508e-06     8.587187e-06     0.000000e+00
1.143000e+02     -5.703211e-07     6.268005e-06     0.000000e+00
1.146000e+02     -9.927042e-06     6.609820e-06     0.000000e+00
1.149000e+02     -7.332223e-06     1.064791e-05     0.000000e+00
1.152000e+02     -1.431125e-05     4.265752e-06     0.000000e+00
1.155000e+02     -1.544241e-05     -5.668352e-07     0.000000e+00
1.158000e+02     -1.665880e-05     -5.299977e-06     0.000000e+00
1.161000e+02     -2.000269e-05     -1.699000e-05     0.000000e+00
1.164000e+02     -1.076434e-05     -1.760737e-05     0.000000e+00
1.167000e+02     -7.274010e-07     -2.131316e-05     0.000000e+00
1.170000e+02     1.005558e-05     -1.979869e-05     0.000000e+00
1.173000e+02     1.584832e-05     -1.951818e-06     0.000000e+00
1.176000e+02     2.064736e-05     2.012721e-05     0.000000e+00
1.179000e+02     1.522138e-05     2.651620e-05     0.000000e+00
1.182000e+02     1.400755e-05     9.180341e-06     0.000000e+00
1.185000e+02     3.685197e-06     5.945470e-06     0.000000e+00
1.188000e+02     6.447685e-06     1.606542e-05     0.000000e+00
1.191000e+02     1.540645e-05     8.830595e-06     0.000000e+00
1.194000e+02     -3.674615e-06     -2.437911e-06     0.000000e+00
1.197000e+02     -1.718781e-05     -5.412456e-06     0.000000e+00
1.200000e+02     -1.709826e-05     -1.049722e-05     0.000000e+00
1.203000e+02     -1.662586e-05     -9.861829e-06     0.000000e+00
1.206000e+02     -7.645650e-06     -5.816452e-06     0.000000e+00
1.209000e+02     6.780619e-06     -2.948248e-06     0.000000e+00
1.212000e+02     1.345171e-05     6.839148e-06     0.000000e+00
1.215000e+02     8.121347e-06     5.128321e-06     0.000000e+00
1.218000e+02     -2.278525e-07     -5.397988e-06     0.000000e+00
1.221000e+02     -1.140721e-06     -2.311718e-05     0.000000e+00
1.224000e+02     -9.818763e-06     -2.208949e-05     0.000000e+00
1.227000e+02     -3.088402e-06     -7.464085e-06     0.000000e+00
1.230000e+02     7.598564e-06     2.296975e-06     0.000000e+00
1.233000e+02     1.591643e-07     3.672564e-06     0.000000e+00
1.236000e+02     -3.549297e-06     2.655513e-06     0.000000e+00
1.239000e+02     -2.129529e-06     1.762009e-05     0.000000e+00
1.242000e+02     3.807945e-06     2.979477e-05     0.000000e+00
1.245000e+02     8.761534e-06     2.523619e-05     0.000000e+00
1.248000e+02     1.249668e-05     1.552764e-05     0.000000e+00
1.251000e+02     7.798569e-06     3.504184e-06     0.000000e+00
1.254000e+02     5.678341e-06     -4.582889e-06     0.000000e+00
1.257000e+02     8.564743e-06     -1.053871e-05     0.000000e+00
1.260000e+02     -2.376824e-07     -1.761090e-05     0.000000e+00
1.263000e+02     -1.246961e-05     -2.537902e-05     0.000000e+00
1.266000e+02     -1.847991e-05     -2.040669e-05     0.000000e+00
1.269000e+02     -1.771770e-05     -8.758857e-06     0.000000e+00
1.272000e+02     -1.496796e-05     9.730573e-06     0.000000e+00
1.275000e+02     -9.357355e-06     2.894032e-05     0.000000e+00
1.278000e+02     2.949258e-06     2.704724e-05     0.000000e+00
1.281000e+02     1.449641e-05     1.814653e-05     0.000000e+00
1.284000e+02     2.428303e-05     8.737226e-06     0.000000e+00
1.287000e+02     1.917781e-05     4.866608e-06     0.000000e+00
1.290000e+02     3.497414e-07     -4.339924e-06     0.000000e+00
1.293000e+02     -4.623619e-06     -2.750843e-05     0.000000e+00
1.296000e+02     -3.753858e-06     -4.280904e-05     0.000000e+00
1.299000e+02     -5.858638e-06     -3.345824e-05     0.000000e+00
1.302000e+02     1.845107e-06     -3.302186e-06     0.000000e+00
1.305000e+02     6.833638e-06     1.377980e-05     0.000000e+00
1.308000e+02     4.836144e-06     1.576405e-05     0.000000e+00
1.311000e+02     3.509138e-06     1.987226e-05     0.000000e+00
1.314000e+02     2.139521e-06     1.888085e-05     0.000000e+00
1.317000e+02     5.540089e-06     7.714065e-06     0.000000e+00
1.320000e+02     6.843554e-06     7.431071e-06     0.000000e+00
1.323000e+02     -5.360723e-07     2.630731e-06     0.000000e+00
1.326000e+02     -4.848707e-06     -6.818794e-06     0.000000e+00
1.329000e+02     -5.659215e-06     -7.622737e-06     0.000000e+00
1.332000e+02     -3.475233e-06     -9.078185e-06     0.000000e+00
1.335000e+02     -9.124266e-06     -5.186424e-06     0.000000e+00
1.338000e+02     -9.650610e-06     5.222150e-06     0.000000e+00
1.341000e+02     -1.177761e-07     1.576628e-05     0.000000e+00
1.344000e+02     6.354135e-06     9.324034e-06     0.000000e+00
1.347000e+02     1.490289e-05     2.384125e-06     0.000000e+00
1.350000e+02     7.310507e-06     -5.029093e-08     0.000000e+00
1.353000e+02     -3.140055e-06     1.294587e-06     0.000000e+00
1.356000e+02     -5.368233e-06     8.443891e-06     0.000000e+00
1.359000e+02     -3.174213e-06     2.839905e-06     0.000000e+00
1.362000e+02     1.545542e-07     -5.051744e-06     0.000000e+00
1.365000e+02     -3.519952e-06     -1.217521e-05     0.000000e+00
1.368000e+02     -5.651061e-06     -1.277880e-05     0.000000e+00
1.371000e+02     -3.727134e-06     -7.412735e-06     0.000000e+00
1.374000e+02     -4.059060e-06     -7.316884e-06     0.000000e+00
1.377000e+02     -6.011404e-06     -7.534197e-06     0.000000e+00
1.380000e+02     1.578082e-06     -6.594539e-06     0.000000e+00
1.383000e+02     6.472367e-06     -2.440901e-06     0.000000e+00
1.386000e+02     7.316473e-06     2.734162e-06     0.000000e+00
1.389000e+02     8.121087e-06     1.408712e-05     0.000000e+00
1.392000e+02     9.285558e-06     2.496976e-05     0.000000e+00
1.395000e+02     7.753246e-06     2.684956e-05     0.000000e+00
1.398000e+02     4.397859e-06     1.618336e-05     0.000000e+00
1.401000e+02     3.234615e-06     9.884872e-07     0.000000e+00
1.404000e+02     -3.444369e-06     -1.148880e-05     0.000000e+00
1.407000e+02     -9.322426e-06     -1.971596e-05     0.000000e+00
1.410000e+02     -1.105148e-05     -2.112556e-05     0.000000e+00
1.413000e+02     -1.404072e-05     -2.105543e-05     0.000000e+00
1.416000e+02     -1.004964e-05     -1.451373e-05     0.000000e+00
1.419000e+02     1.248399e-06     -2.358761e-06     0.000000e+00
1.422000e+02     4.544407e-06     5.984520e-06     0.000000e+00
1.425000e+02     7.001213e-06     1.585500e-05     0.000000e+00
1.428000e+02     8.387614e-06     2.011782e-05     0.000000e+00
1.431000e+02     2.142772e-06     1.650984e-05     0.000000e+00
1.434000e+02     -8.668722e-07     1.589910e-05     0.000000e+00
1.437000e+02     6.519766e-06     1.333690e-05     0.000000e+00
1.440000e+02     1.383159e-05     1.449805e-05     0.000000e+00
1.443000e+02     1.296081e-05     1.040687e-05     0.000000e+00
1.446000e+02     4.394178e-06     -2.296088e-06     0.000000e+00
1.449000e+02     1.765607e-06     -1.830874e-05     0.000000e+00
1.452000e+02     5.028120e-06     -2.866383e-05     0.000000e+00
1.455000e+02     -1.362269e-06     -2.838271e-05     0.000000e+00
1.458000e+02     -1.300330e-05     -1.627476e-05     0.000000e+00
1.461000e+02     -1.408084e-05     -6.960949e-06     0.000000e+00
1.464000e+02     -1.099965e-05     -5.314843e-06     0.000000e+00
1.467000e+02     -8.993324e-06     -1.715890e-06     0.000000e+00
1.470000e+02     -5.847207e-06     5.799739e-06     0.000000e+00
1.473000e+02     -2.725222e-06     1.883352e-05     0.000000e+00
1.476000e+02     5.934478e-06     2.985815e-05     0.000000e+00
1.479000e+02     1.312966e-05     3.172679e-05     0.000000e+00
1.482000e+02     1.509845e-05     2.191913e-05     0.000000e+00
1.485000e+02     1.678953e-05     7.883178e-06     0.000000e+00
1.488000e+02     1.395704e-05     -1.624501e-06     0.000000e+00
1.491000e+02     1.910101e-06     -4.841220e-06     0.000000e+00
1.494000e+02     -8.703704e-06     -3.270987e-06     0.000000e+00
1.497000e+02     -1.393578e-05     -7.915302e-06     0.000000e+00
1.500000e+02     -1.138653e-05     -1.000947e-05     0.000000e+00
1.503000e+02     -7.331825e-06     -1.179186e-05     0.000000e+00
1.506000e+02     -7.791240e-06     -1.295999e-05     0.000000e+00
1.509000e+02     -5.679597e-06     -9.846240e-06     0.000000e+00
1.512000e+02     -7.503884e-07     -3.894269e-06     0.000000e+00
1.515000e+02     7.386896e-06     2.354444e-06     0.000000e+00
1.518000e+02     1.095610e-05     5.393358e-06     0.000000e+00
1.521000e+02     9.040866e-06     4.924211e-06     0.000000e+00
1.524000e+02     8.393563e-06     7.374571e-06     0.000000e+00
1.527000e+02     9.395556e-06     7.967603e-06     0.000000e+00
1.530000e+02     6.357530e-06     7.766542e-06     0.000000e+00
1.533000e+02     2.573392e-06     6.790082e-06     0.000000e+00
1.536000e+02     -3.367610e-06     3.565495e-06     0.000000e+00
1.539000e+02     -9.380291e-06     -1.183899e-06     0.000000e+00
1.542000e+02     -1.250892e-05     -1.692508e-06     0.000000e+00
1.545000e+02     -1.116305e-05     2.512690e-06     0.000000e+00
1.548000e+02     -6.803073e-06     7.228208e-06     0.000000e+00
1.551000e+02     1.819832e-07     5.402829e-06     0.000000e+00
1.554000e+02     5.320536e-06     -9.934042e-07     0.000000e+00
1.557000e+02     1.292590e-05     -5.045726e-06     0.000000e+00
1.560000e+02     1.728427e-05     -1.348888e-07     0.000000e+00
1.563000e+02     1.671782e-05     3.802009e-06     0.000000e+00
1.566000e+02     1.265731e-05     9.268159e-06     0.000000e+00
1.569000e+02     5.411380e-06     1.103592e-05     0.000000e+00
1.572000e+02     -9.003975e-06     8.287941e-06     0.000000e+00
1.575000e+02     -2.175260e-05     6.771745e-08     0.000000e+00
1.578000e+02     -1.940221e-05     -9.654220e-06     0.000000e+00
1.581000e+02     -1.138239e-05     -1.665441e-05     0.000000e+00
1.584000e+02     -3.223628e-06     -1.945172e-05     0.000000e+00
1.587000e+02     1.010339e-06     -1.950105e-05     0.000000e+00
1.590000e+02     3.174167e-06     -1.556753e-05     0.000000e+00
1.593000e+02     6.279353e-06     -5.845177e-06     0.000000e+00
1.596000e+02     8.337789e-06     2.169748e-06     0.000000e+00
1.599000e+02     1.459936e-05     7.464590e-06     0.000000e+00
1.602000e+02     1.823640e-05     1.515937e-05     0.000000e+00
1.605000e+02     1.568077e-05     1.935431e-05     0.000000e+00
1.608000e+02     8.387440e-06     2.065155e-05     0.000000e+00
1.611000e+02     1.361442e-07     2.397139e-05     0.000000e+00
1.614000e+02     -4.788184e-06     2.330892e-05     0.000000e+00
1.617000e+02     -4.259773e-06     1.617833e-05     0.000000e+00
1.620000e+02     -2.845132e-06     9.476743e-06     0.000000e+00
1.623000e+02     -3.931005e-06     3.855842e-07     0.000000e+00
1.626000e+02     -9.422985e-06     -9.854387e-06     0.000000e+00
1.629000e+02     -1.203886e-05     -1.451702e-05     0.000000e+00
1.632000e+02     -1.193902e-05     -1.267561e-05     0.000000e+00
1.635000e+02     -8.643020e-06     -5.592715e-06     0.000000e+00
1.638000e+02     -2.070566e-06     -1.956907e-06     0.000000e+00
1.641000e+02     2.879337e-06     -2.953308e-07     0.000000e+00
1.644000e+02     7.671203e-06     -1.160392e-06     0.000000e+00
1.647000e+02     1.161451e-05     -1.241724e-06     0.000000e+00
1.650000e+02     1.325787e-05     2.044139e-06     0.000000e+00
1.653000e+02     1.628730e-05     4.938841e-06     0.000000e+00
1.656000e+02     1.482439e-05     6.185421e-06     0.000000e+00
1.659000e+02     9.758043e-06     2.114435e-06     0.000000e+00
1.662000e+02     8.052551e-06     -2.030147e-06     0.000000e+00
1.665000e+02     4.854807e-06     1.747363e-06     0.000000e+00
1.668000e+02     1.986531e-06     1.045525e-05     0.000000e+00
1.671000e+02     -1.050073e-06     1.308787e-05     0.000000e+00
1.674000e+02     -8.126640e-06     1.005085e-05     0.000000e+00
1.677000e+02     -1.647450e-05     3.727789e-06     0.000000e+00
1.680000e+02     -1.783302e-05     -1.708504e-06     0.000000e+00
1.683000e+02     -1.508483e-05     -2.908909e-06     0.000000e+00
1.686000e+02     -1.060627e-05     -5.356623e-06     0.000000e+00
1.689000e+02     -5.221111e-06     -3.958452e-06     0.000000e+00
1.692000e+02     -2.653089e-06     5.846009e-07     0.000000e+00
1.695000e+02     1.025827e-07     3.579013e-06     0.000000e+00
1.698000e+02     8.765167e-06     4.609096e-06     0.000000e+00
1.701000e+02     1.770780e-05     1.891688e-06     0.000000e+00
1.704000e+02     2.261197e-05     -3.249631e-06     0.000000e+00
1.707000e+02     2.474498e-05     -4.697367e-06     0.000000e+00
1.710000e+02     1.741827e-05     -2.725389e-06     0.000000e+00
1.713000e+02     7.580228e-06     8.036177e-07     0.000000e+00
1.716000e+02     -2.667476e-06     3.573037e-06     0.000000e+00
1.719000e+02     -9.840134e-06     3.794768e-06     0.000000e+00
1.722000e+02     -9.599618e-06     3.309960e-06     0.000000e+00
1.725000e+02     -9.060931e-06     6.660051e-06     0.000000e+00
1.728000e+02     -7.223626e-06     1.283071e-05     0.000000e+00
1.731000e+02     -3.066722e-06     1.551822e-05     0.000000e+00
1.734000e+02     -1.359014e-07     1.209506e-05     0.000000e+00
1.737000e+02     8.922863e-07     5.327364e-06     0.000000e+00
1.740000e+02     3.611529e-06     1.522553e-06     0.000000e+00
1.743000e+02     8.001769e-06     -7.854599e-07     0.000000e+00
1.746000e+02     9.902024e-06     -3.630673e-06     0.000000e+00
1.749000e+02     1.041477e-05     -5.454358e-06     0.000000e+00
1.752000e+02     8.275969e-06     -2.376323e-06     0.000000e+00
1.755000e+02     5.483050e-06     2.338742e-06     0.000000e+00
1.758000e+02     2.538162e-06     3.027765e-06     0.000000e+00
1.761000e+02     -1.546151e-06     1.996301e-06     0.000000e+00
1.764000e+02     -3.933508e-06     2.949621e-06     0.000000e+00
1.767000e+02     -2.942062e-06     5.592939e-06     0.000000e+00
1.770000e+02     -2.266066e-06     4.140959e-06     0.000000e+00
1.773000e+02     -3.005092e-06     1.229847e-07     0.000000e+00
1.776000e+02     -1.807911e-06     -4.139307e-06     0.000000e+00
1.779000e+02     9.365686e-07     -5.906186e-07     0.000000e+00
1.782000e+02     3.346777e-06     6.432746e-06     0.000000e+00
1.785000e+02     5.510195e-06     1.103682e-05     0.000000e+00
1.788000e+02     9.369482e-06     1.476936e-05     0.000000e+00
1.791000e+02     1.091264e-05     1.647300e-05     0.000000e+00
1.794000e+02     8.091021e-06     1.455748e-05     0.000000e+00
1.797000e+02     3.908708e-06     9.182745e-06     0.000000e+00
1.800000e+02     5.901156e-07     3.944644e-06     0.000000e+00
1.803000e+02     -2.534044e-07     -1.609775e-07     0.000000e+00
1.806000e+02     -1.580593e-06     -5.665258e-06     0.000000e+00
1.809000e+02     -1.626007e-06     -9.893852e-06     0.000000e+00
1.812000e+02     -6.647860e-07     -1.135796e-05     0.000000e+00
1.815000e+02     1.652133e-06     -1.023818e-05     0.000000e+00
1.818000e+02     3.017080e-06     -5.675238e-06     0.000000e+00
1.821000e+02     1.315817e-06     -1.792381e-07     0.000000e+00
1.824000e+02     -5.118596e-07     3.823514e-06     0.000000e+00
1.827000e+02     -1.285545e-06     6.593450e-06     0.000000e+00
1.830000e+02     1.437374e-06     6.887340e-06     0.000000e+00
1.833000e+02     8.726242e-06     6.518922e-06     0.000000e+00
1.836000e+02     1.316912e-05     7.129662e-06     0.000000e+00
1.839000e+02     1.151798e-05     6.656927e-06     0.000000e+00
1.842000e+02     6.317935e-06     7.224169e-06     0.000000e+00
1.845000e+02     2.827819e-06     1.108235e-05     0.000000e+00
1.848000e+02     2.302989e-07     1.252618e-05     0.000000e+00
1.851000e+02     -1.104533e-06     1.063191e-05     0.000000e+00
1.854000e+02     -2.213286e-06     6.169944e-06     0.000000e+00
1.857000e+02     -5.029245e-06     -1.106353e-06     0.000000e+00
1.860000e+02     -7.214657e-06     -6.127859e-06     0.000000e+00
1.863000e+02     -7.025902e-06     -6.204221e-06     0.000000e+00
1.866000e+02     -3.747505e-06     -6.231281e-06     0.000000e+00
1.869000e+02     2.135663e-06     -5.291232e-06     0.000000e+00
1.872000e+02     6.916483e-06     -8.897966e-07     0.000000e+00
1.875000e+02     8.274161e-06     4.326685e-06     0.000000e+00
1.878000e+02     5.876438e-06     9.181935e-06     0.000000e+00
1.881000e+02     2.160251e-06     1.484662e-05     0.000000e+00
1.884000e+02     1.700296e-06     1.623025e-05     0.000000e+00
1.887000e+02     4.930603e-06     1.104862e-05     0.000000e+00
1.890000e+02     5.549047e-06     5.629880e-06     0.000000e+00
1.893000e+02     4.063966e-06     1.892160e-06     0.000000e+00
1.896000e+02     4.712903e-06     -1.260317e-06     0.000000e+00
1.899000e+02     5.442307e-06     -2.282089e-06     0.000000e+00
1.902000e+02     4.885762e-06     -2.918361e-06     0.000000e+00
1.905000e+02     5.062328e-06     -4.492696e-06     0.000000e+00
1.908000e+02     6.332104e-06     -4.728965e-06     0.000000e+00
1.911000e+02     6.035174e-06     -2.866131e-06     0.000000e+00
1.914000e+02     3.526891e-06     1.238347e-06     0.000000e+00
1.917000e+02     1.652009e-06     5.045227e-06     0.000000e+00
1.920000e+02     1.438588e-07     6.897880e-06     0.000000e+00
1.923000e+02     -1.876223e-06     6.449684e-06     0.000000e+00
1.926000e+02     -3.619345e-06     4.244226e-06     0.000000e+00
1.929000e+02     -3.466390e-06     1.498828e-06     0.000000e+00
1.932000e+02     -3.058677e-06     -1.631698e-08     0.000000e+00
1.935000e+02     -1.499631e-06     2.258853e-06     0.000000e+00
1.938000e+02     2.933770e-06     6.912950e-06     0.000000e+00
1.941000e+02     7.724339e-06     1.168062e-05     0.000000e+00
1.944000e+02     9.773231e-06     1.329291e-05     0.000000e+00
1.947000e+02     9.709391e-06     9.741274e-06     0.000000e+00
1.950000e+02     9.327735e-06     3.489182e-06     0.000000e+00
1.953000e+02     7.486569e-06     -1.031383e-06     0.000000e+00
1.956000e+02     4.238093e-06     -2.594191e-06     0.000000e+00
1.959000e+02     1.554772e-07     -5.071329e-06     0.000000e+00
1.962000e+02     -3.847294e-06     -7.793649e-06     0.000000e+00
1.965000e+02     -7.494766e-06     -7.786717e-06     0.000000e+00
1.968000e+02     -9.893201e-06     -3.910067e-06     0.000000e+00
1.971000e+02     -7.245729e-06     1.484046e-06     0.000000e+00
1.974000e+02     -1.401072e-07     6.120836e-06     0.000000e+00
1.977000e+02     8.674921e-06     1.108246e-05     0.000000e+00
1.980000e+02     1.438062e-05     1.476434e-05     0.000000e+00
1.983000e+02     1.442386e-05     1.353268e-05     0.000000e+00
1.986000e+02     1.107666e-05     8.612915e-06     0.000000e+00
1.989000e+02     5.790643e-06     3.098330e-06     0.000000e+00
1.992000e+02     2.068477e-07     1.378310e-06     0.000000e+00
1.995000e+02     -5.025396e-06     5.019247e-06     0.000000e+00
1.998000e+02     -8.786145e-06     8.383296e-06     0.000000e+00
2.001000e+02     -1.103642e-05     5.879536e-06     0.000000e+00
2.004000e+02     -8.852215e-06     8.361432e-08     0.000000e+00
2.007000e+02     -3.431948e-06     -4.252681e-06     0.000000e+00
2.010000e+02     3.655400e-06     -5.290854e-06     0.000000e+00
2.013000e+02     1.021833e-05     -4.042406e-06     0.000000e+00
2.016000e+02     1.589906e-05     -1.685633e-06     0.000000e+00
2.019000e+02     1.869130e-05     -1.218306e-06     0.000000e+00
2.022000e+02     1.595532e-05     -1.433988e-06     0.000000e+00
2.025000e+02     8.143524e-06     5.181348e-07     0.000000e+00
2.028000e+02     -2.118903e-07     3.382908e-06     0.000000e+00
2.031000e+02     -5.834483e-06     5.089403e-06     0.000000e+00
2.034000e+02     -8.578474e-06     4.153253e-06     0.000000e+00
2.037000e+02     -1.045252e-05     4.128702e-06     0.000000e+00
2.040000e+02     -9.830902e-06     7.477882e-06     0.000000e+00
2.043000e+02     -7.872117e-06     9.708774e-06     0.000000e+00
2.046000e+02     -3.397802e-06     8.677530e-06     0.000000e+00
2.049000e+02     2.479824e-06     4.913917e-06     0.000000e+00
2.052000e+02     8.281829e-06     1.756029e-06     0.000000e+00
2.055000e+02     9.637226e-06     -1.200805e-06     0.000000e+00
2.058000e+02     7.492157e-06     -3.531011e-06     0.000000e+00
2.061000e+02     3.842503e-06     -4.294452e-06     0.000000e+00
2.064000e+02     1.668527e-06     -4.502248e-06     0.000000e+00
2.067000e+02     2.198244e-06     -6.010476e-06     0.000000e+00
2.070000e+02     3.365379e-06     -6.250612e-06     0.000000e+00
2.073000e+02     4.398543e-06     -2.119437e-06     0.000000e+00
2.076000e+02     5.005089e-06     5.043635e-06     0.000000e+00
2.079000e+02     3.504809e-06     1.000667e-05     0.000000e+00
2.082000e+02     5.910249e-07     1.018081e-05     0.000000e+00
2.085000e+02     -1.593078e-06     7.529660e-06     0.000000e+00
2.088000e+02     1.579295e-07     3.387480e-06     0.000000e+00
2.091000e+02     2.831353e-06     1.887813e-06     0.000000e+00
2.094000e+02     5.002233e-06     3.148102e-06     0.000000e+00
2.097000e+02     6.413232e-06     5.245788e-06     0.000000e+00
2.100000e+02     6.075340e-06     8.280019e-06     0.000000e+00
2.103000e+02     4.221139e-06     9.555516e-06     0.000000e+00
2.106000e+02     3.908649e-06     6.041753e-06     0.000000e+00
2.109000e+02     2.365703e-06     -1.687538e-06     0.000000e+00
2.112000e+02     -1.844369e-06     -6.775772e-06     0.000000e+00
2.115000e+02     -8.003950e-06     -6.050940e-06     0.000000e+00
2.118000e+02     -1.241876e-05     -2.845341e-06     0.000000e+00
2.121000e+02     -1.170927e-05     4.337667e-07     0.000000e+00
2.124000e+02     -6.756613e-06     2.993241e-06     0.000000e+00
2.127000e+02     -3.356252e-07     4.068636e-06     0.000000e+00
2.130000e+02     4.263395e-06     3.579804e-06     0.000000e+00
2.133000e+02     7.155819e-06     3.844612e-06     0.000000e+00
2.136000e+02     9.060146e-06     4.042454e-06     0.000000e+00
2.139000e+02     9.294362e-06     5.938894e-06     0.000000e+00
2.142000e+02     8.071652e-06     5.382908e-06     0.000000e+00
2.145000e+02     7.190894e-06     4.196671e-06     0.000000e+00
2.148000e+02     6.588244e-06     2.425422e-06     0.000000e+00
2.151000e+02     5.995616e-06     1.916129e-06     0.000000e+00
2.154000e+02     4.851846e-06     1.202746e-06     0.000000e+00
2.157000e+02     3.283008e-06     3.268941e-08     0.000000e+00
2.160000e+02     2.054184e-06     -2.170040e-06     0.000000e+00
2.163000e+02     -2.018492e-06     -4.989494e-06     0.000000e+00
2.166000e+02     -4.063181e-06     -7.504548e-06     0.000000e+00
2.169000e+02     -3.954355e-06     -4.737566e-06     0.000000e+00
2.172000e+02     -5.338417e-06     1.464709e-06     0.000000e+00
2.175000e+02     -6.883664e-06     7.390791e-06     0.000000e+00
2.178000e+02     -6.496649e-06     8.500617e-06     0.000000e+00
2.181000e+02     -3.582749e-06     6.651894e-06     0.000000e+00
2.184000e+02     3.163237e-07     3.604706e-06     0.000000e+00
2.187000e+02     4.137948e-06     9.590413e-07     0.000000e+00
2.190000e+02     7.256640e-06     3.634666e-07     0.000000e+00
2.193000e+02     7.236471e-06     3.238778e-07     0.000000e+00
2.196000e+02     6.670685e-06     4.094891e-06     0.000000e+00
2.199000e+02     4.423205e-06     6.410640e-06     0.000000e+00
2.202000e+02     2.947806e-06     8.177915e-06     0.000000e+00
2.205000e+02     6.058012e-07     6.826490e-06     0.000000e+00
2.208000e+02     -1.424348e-06     7.514274e-06     0.000000e+00
2.211000e+02     -2.869107e-06     7.272075e-06     0.000000e+00
2.214000e+02     -5.363014e-06     4.097648e-06     0.000000e+00
2.217000e+02     -3.566157e-06     -3.695206e-07     0.000000e+00
2.220000e+02     2.883610e-07     -3.670674e-06     0.000000e+00
2.223000e+02     3.764198e-06     -5.014455e-06     0.000000e+00
2.226000e+02     6.486519e-06     -6.019365e-06     0.000000e+00
2.229000e+02     7.380653e-06     -5.999298e-06     0.000000e+00
2.232000e+02     5.909017e-06     -4.146946e-06     0.000000e+00
2.235000e+02     3.021615e-06     -1.692942e-06     0.000000e+00
2.238000e+02     5.280010e-07     2.042800e-07     0.000000e+00
2.241000e+02     -1.028383e-07     1.861524e-06     0.000000e+00
2.244000e+02     -3.333351e-07     5.515930e-06     0.000000e+00
2.247000e+02     -8.745996e-07     1.007573e-05     0.000000e+00
2.250000e+02     -2.196548e-06     1.201405e-05     0.000000e+00
2.253000e+02     -3.428102e-06     1.041253e-05     0.000000e+00
2.256000e+02     -5.430039e-06     4.109564e-06     0.000000e+00
2.259000e+02     -5.351348e-06     -3.237930e-06     0.000000e+00
2.262000e+02     -3.400403e-06     -7.356400e-06     0.000000e+00
2.265000e+02     1.943612e-08     -6.670440e-06     0.000000e+00
2.268000e+02     4.436648e-06     -3.922164e-06     0.000000e+00
2.271000e+02     7.164229e-06     4.248582e-07     0.000000e+00
2.274000e+02     7.491220e-06     4.558967e-06     0.000000e+00
2.277000e+02     5.348163e-06     7.821460e-06     0.000000e+00
2.280000e+02     2.657302e-06     1.081092e-05     0.000000e+00
2.283000e+02     1.607726e-06     1.087855e-05     0.000000e+00
2.286000e+02     2.050560e-06     7.860618e-06     0.000000e+00
2.289000e+02     2.391224e-06     2.624688e-06     0.000000e+00
2.292000e+02     8.861468e-07     -3.047343e-06     0.000000e+00
2.295000e+02     -5.692050e-07     -6.714596e-06     0.000000e+00
2.298000e+02     -6.268906e-07     -8.629353e-06     0.000000e+00
2.301000e+02     2.291578e-07     -7.694870e-06     0.000000e+00
2.304000e+02     1.550610e-06     -3.851910e-06     0.000000e+00
2.307000e+02     2.905041e-07     1.981658e-06     0.000000e+00
2.310000e+02     -2.081864e-06     6.997953e-06     0.000000e+00
2.313000e+02     -4.610794e-06     9.517624e-06     0.000000e+00
2.316000e+02     -4.606782e-06     1.052806e-05     0.000000e+00
2.319000e+02     -2.563655e-06     9.336382e-06     0.000000e+00
2.322000e+02     1.888865e-06     5.767305e-06     0.000000e+00
2.325000e+02     6.116712e-06     -5.633663e-07     0.000000e+00
2.328000e+02     8.609989e-06     -7.401689e-06     0.000000e+00
2.331000e+02     8.562008e-06     -1.199509e-05     0.000000e+00
2.334000e+02     4.849110e-06     -1.258606e-05     0.000000e+00
2.337000e+02     6.618792e-08     -1.086292e-05     0.000000e+00
2.340000e+02     -4.538503e-06     -7.536032e-06     0.000000e+00
2.343000e+02     -6.821719e-06     -2.542973e-06     0.000000e+00
2.346000e+02     -7.397788e-06     2.673724e-06     0.000000e+00
2.349000e+02     -6.338505e-06     6.623363e-06     0.000000e+00
2.352000e+02     -4.884513e-06     8.619022e-06     0.000000e+00
2.355000e+02     -2.280858e-06     8.497123e-06     0.000000e+00
2.358000e+02     1.425093e-06     7.148772e-06     0.000000e+00
2.361000e+02     3.842840e-06     5.652661e-06     0.000000e+00
2.364000e+02     4.455309e-06     3.751943e-06     0.000000e+00
2.367000e+02     3.929051e-06     1.067376e-06     0.000000e+00
2.370000e+02     3.025635e-06     -5.485722e-07     0.000000e+00
2.373000e+02     1.513187e-06     -5.617117e-07     0.000000e+00
2.376000e+02     -2.495649e-07     -9.587214e-07     0.000000e+00
2.379000e+02     -1.639185e-06     -1.795019e-06     0.000000e+00
2.382000e+02     -3.035467e-06     -2.444276e-06     0.000000e+00
2.385000e+02     -4.009539e-06     -2.360867e-06     0.000000e+00
2.388000e+02     -3.158106e-06     -2.029700e-06     0.000000e+00
2.391000e+02     -2.959552e-07     -3.901331e-07     0.000000e+00
2.394000e+02     2.612301e-06     2.228565e-06     0.000000e+00
2.397000e+02     5.024513e-06     4.710692e-06     0.000000e+00
2.400000e+02     6.944453e-06     7.240730e-06     0.000000e+00
2.403000e+02     8.280615e-06     7.736380e-06     0.000000e+00
2.406000e+02     7.823835e-06     8.061131e-06     0.000000e+00
2.409000e+02     5.391239e-06     6.731045e-06     0.000000e+00
2.412000e+02     4.666771e-07     3.163801e-06     0.000000e+00
2.415000e+02     -4.961726e-06     -1.746286e-06     0.000000e+00
2.418000e+02     -9.441520e-06     -5.667428e-06     0.000000e+00
2.421000e+02     -1.268513e-05     -8.312540e-06     0.000000e+00
2.424000e+02     -1.303603e-05     -9.171145e-06     0.000000e+00
2.427000e+02     -1.040470e-05     -7.857182e-06     0.000000e+00
2.430000e+02     -6.078661e-06     -4.841043e-06     0.000000e+00
2.433000e+02     -4.757468e-07     -1.861604e-06     0.000000e+00
2.436000e+02     4.251792e-06     2.887436e-07     0.000000e+00
2.439000e+02     6.681731e-06     1.447932e-06     0.000000e+00
2.442000e+02     7.480147e-06     1.873073e-06     0.000000e+00
2.445000e+02     7.819703e-06     2.983519e-06     0.000000e+00
2.448000e+02     6.307729e-06     3.973346e-06     0.000000e+00
2.451000e+02     3.506746e-06     4.987012e-06     0.000000e+00
2.454000e+02     -2.529991e-07     4.960658e-06     0.000000e+00
2.457000e+02     -3.427939e-06     4.100154e-06     0.000000e+00
2.460000e+02     -6.320759e-06     3.697611e-06     0.000000e+00
2.463000e+02     -7.967262e-06     3.830834e-06     0.000000e+00
2.466000e+02     -8.742049e-06     4.413578e-06     0.000000e+00
2.469000e+02     -7.488269e-06     3.876480e-06     0.000000e+00
2.472000e+02     -3.506401e-06     1.886587e-06     0.000000e+00
2.475000e+02     4.133962e-07     -1.568959e-06     0.000000e+00
2.478000e+02     3.508575e-06     -6.118290e-06     0.000000e+00
2.481000e+02     4.930988e-06     -9.734938e-06     0.000000e+00
2.484000e+02     5.237095e-06     -1.202652e-05     0.000000e+00
2.487000e+02     4.408558e-06     -1.222148e-05     0.000000e+00
2.490000e+02     3.005450e-06     -9.788931e-06     0.000000e+00
2.493000e+02     1.382886e-06     -6.029548e-06     0.000000e+00
2.496000e+02     -1.010344e-07     -2.810950e-07     0.000000e+00
2.499000e+02     -1.336664e-06     5.306787e-06     0.000000e+00
2.502000e+02     -1.622623e-06     8.800950e-06     0.000000e+00
2.505000e+02     -1.546945e-06     9.652064e-06     0.000000e+00
2.508000e+02     -1.820075e-06     8.866349e-06     0.000000e+00
2.511000e+02     -1.881454e-06     7.714116e-06     0.000000e+00
2.514000e+02     -1.901735e-06     7.014864e-06     0.000000e+00
2.517000e+02     -2.372429e-06     5.318293e-06     0.000000e+00
2.520000e+02     -2.950134e-06     1.543724e-06     0.000000e+00
2.523000e+02     -3.559054e-06     -3.951785e-06     0.000000e+00
2.526000e+02     -3.125761e-06     -8.685001e-06     0.000000e+00
2.529000e+02     -1.921313e-06     -1.148820e-05     0.000000e+00
2.532000e+02     -1.324884e-07     -1.133905e-05     0.000000e+00
2.535000e+02     4.568598e-07     -7.492905e-06     0.000000e+00
2.538000e+02     -3.104636e-07     -1.574251e-06     0.000000e+00
2.541000e+02     -2.284420e-06     3.418709e-06     0.000000e+00
2.544000e+02     -4.054556e-06     5.842342e-06     0.000000e+00
2.547000e+02     -5.132949e-06     5.795757e-06     0.000000e+00
2.550000e+02     -5.231402e-06     3.944752e-06     0.000000e+00
2.553000e+02     -3.511912e-06     1.401735e-06     0.000000e+00
2.556000e+02     -4.974728e-07     -4.803889e-07     0.000000e+00
2.559000e+02     3.189436e-06     -8.062098e-07     0.000000e+00
2.562000e+02     6.098228e-06     4.263934e-07     0.000000e+00
2.565000e+02     6.459981e-06     8.181658e-07     0.000000e+00
2.568000e+02     3.914732e-06     -9.489815e-07     0.000000e+00
2.571000e+02     -3.952903e-07     -3.716290e-06     0.000000e+00
2.574000e+02     -3.958498e-06     -4.796892e-06     0.000000e+00
2.577000e+02     -6.016517e-06     -3.773261e-06     0.000000e+00
2.580000e+02     -6.598226e-06     -1.889465e-06     0.000000e+00
2.583000e+02     -6.353197e-06     -3.745325e-07     0.000000e+00
2.586000e+02     -5.051383e-06     3.002054e-07     0.000000e+00
2.589000e+02     -2.765447e-06     1.340303e-06     0.000000e+00
2.592000e+02     -1.103002e-07     2.309968e-06     0.000000e+00
2.595000e+02     1.550775e-06     2.842425e-06     0.000000e+00
2.598000e+02     2.236723e-06     2.570098e-06     0.000000e+00
2.601000e+02     1.944392e-06     1.457411e-06     0.000000e+00
2.604000e+02     1.543402e-06     -2.315981e-07     0.000000e+00
2.607000e+02     4.435448e-07     -1.639614e-06     0.000000e+00
2.610000e+02     -8.745524e-07     -3.045967e-06     0.000000e+00
2.613000e+02     -1.556263e-06     -3.448770e-06     0.000000e+00
2.616000e+02     -2.481235e-06     -3.152127e-06     0.000000e+00
2.619000e+02     -3.855953e-06     -2.571549e-06     0.000000e+00
2.622000e+02     -4.370080e-06     -2.104267e-06     0.000000e+00
2.625000e+02     -4.313130e-06     -2.229679e-06     0.000000e+00
2.628000e+02     -3.762461e-06     -1.740332e-06     0.000000e+00
2.631000e+02     -2.177234e-06     -9.493698e-07     0.000000e+00
2.634000e+02     -1.165345e-06     1.289481e-07     0.000000e+00
2.637000e+02     -1.925887e-06     1.139181e-06     0.000000e+00
2.640000e+02     -3.412405e-06     1.671923e-06     0.000000e+00
2.643000e+02     -3.611844e-06     1.633304e-06     0.000000e+00
2.646000e+02     -2.337504e-06     4.694504e-07     0.000000e+00
2.649000e+02     -5.958570e-07     -9.391537e-07     0.000000e+00
2.652000e+02     3.539524e-07     -7.733603e-07     0.000000e+00
2.655000e+02     1.847576e-07     1.519048e-06     0.000000e+00
2.658000e+02     1.217145e-07     5.068526e-06     0.000000e+00
2.661000e+02     7.942382e-07     7.784122e-06     0.000000e+00
2.664000e+02     1.877551e-06     7.541456e-06     0.000000e+00
2.667000e+02     2.179108e-06     4.052107e-06     0.000000e+00
2.670000e+02     1.439733e-06     -7.965588e-07     0.000000e+00
2.673000e+02     -4.341209e-07     -5.190591e-06     0.000000e+00
2.676000e+02     -2.522438e-06     -8.803375e-06     0.000000e+00
2.679000e+02     -3.673821e-06     -1.095165e-05     0.000000e+00
2.682000e+02     -3.283123e-06     -1.070415e-05     0.000000e+00
2.685000e+02     -1.501681e-06     -9.084317e-06     0.000000e+00
2.688000e+02     3.553610e-07     -6.766028e-06     0.000000e+00
2.691000e+02     1.151047e-06     -4.145119e-06     0.000000e+00
2.694000e+02     9.016864e-07     -8.568048e-07     0.000000e+00
2.697000e+02     2.842101e-07     2.676174e-06     0.000000e+00
2.700000e+02     -8.161783e-07     5.910461e-06     0.000000e+00
2.703000e+02     -2.480700e-06     7.531897e-06     0.000000e+00
2.706000e+02     -4.054677e-06     7.792521e-06     0.000000e+00
2.709000e+02     -4.920483e-06     6.792166e-06     0.000000e+00
2.712000e+02     -5.225048e-06     4.127446e-06     0.000000e+00
2.715000e+02     -4.744111e-06     9.218022e-07     0.000000e+00
2.718000e+02     -3.838859e-06     -1.870658e-06     0.000000e+00
2.721000e+02     -2.879570e-06     -4.769023e-06     0.000000e+00
2.724000e+02     -2.173867e-06     -7.606630e-06     0.000000e+00
2.727000e+02     -1.217589e-06     -8.815801e-06     0.000000e+00
2.730000e+02     5.919785e-07     -7.512175e-06     0.000000e+00
2.733000e+02     2.321099e-06     -4.141307e-06     0.000000e+00
2.736000e+02     2.890037e-06     -3.386038e-07     0.000000e+00
2.739000e+02     2.350092e-06     2.501126e-06     0.000000e+00
2.742000e+02     1.710809e-06     3.868177e-06     0.000000e+00
2.745000e+02     2.173649e-06     4.134291e-06     0.000000e+00
2.748000e+02     3.015012e-06     4.044253e-06     0.000000e+00
2.751000e+02     3.200222e-06     3.780534e-06     0.000000e+00
2.754000e+02     2.465662e-06     2.268583e-06     0.000000e+00
2.757000e+02     7.909042e-07     -9.605023e-07     0.000000e+00
2.760000e+02     -1.180312e-06     -4.400707e-06     0.000000e+00
2.763000e+02     -2.754401e-06     -7.102222e-06     0.000000e+00
2.766000e+02     -3.586423e-06     -8.145514e-06     0.000000e+00
2.769000e+02     -3.863489e-06     -7.262241e-06     0.000000e+00
2.772000e+02     -2.930656e-06     -4.296760e-06     0.000000e+00
2.775000e+02     -1.064080e-06     9.208129e-08     0.000000e+00
2.778000e+02     6.757807e-07     4.226879e-06     0.000000e+00
2.781000e+02     1.648490e-06     6.811884e-06     0.000000e+00
2.784000e+02     1.340823e-06     7.394700e-06     0.000000e+00
2.787000e+02     2.084546e-07     6.696006e-06     0.000000e+00
2.790000e+02     -1.060849e-06     5.349906e-06     0.000000e+00
2.793000e+02     -2.468070e-06     3.894705e-06     0.000000e+00
2.796000e+02     -4.155137e-06     2.231915e-06     0.000000e+00
2.799000e+02     -4.980086e-06     1.288140e-07     0.000000e+00
2.802000e+02     -4.546886e-06     -2.213022e-06     0.000000e+00
2.805000e+02     -2.995534e-06     -4.510860e-06     0.000000e+00
2.808000e+02     -1.229819e-06     -6.641965e-06     0.000000e+00
2.811000e+02     2.754166e-07     -8.478099e-06     0.000000e+00
2.814000e+02     8.771355e-07     -9.413981e-06     0.000000e+00
2.817000e+02     7.947387e-07     -8.840155e-06     0.000000e+00
2.820000e+02     -1.784732e-07     -6.464548e-06     0.000000e+00
2.823000e+02     -1.367509e-06     -2.537613e-06     0.000000e+00
2.826000e+02     -2.024870e-06     2.137573e-06     0.000000e+00
2.829000e+02     -2.543996e-06     6.573827e-06     0.000000e+00
2.832000e+02     -3.295299e-06     8.582575e-06     0.000000e+00
2.835000e+02     -3.150663e-06     7.719441e-06     0.000000e+00
2.838000e+02     -1.624008e-06     5.205351e-06     0.000000e+00
2.841000e+02     4.627056e-07     2.459831e-06     0.000000e+00
2.844000e+02     2.034137e-06     1.326333e-07     0.000000e+00
2.847000e+02     2.555592e-06     -2.092938e-06     0.000000e+00
2.850000e+02     2.369057e-06     -4.690777e-06     0.000000e+00
2.853000e+02     1.639388e-06     -7.167282e-06     0.000000e+00
2.856000e+02     7.837922e-07     -8.402604e-06     0.000000e+00
2.859000e+02     5.938112e-08     -8.023795e-06     0.000000e+00
2.862000e+02     -3.961107e-07     -5.270093e-06     0.000000e+00
2.865000e+02     -2.700656e-07     -9.725663e-07     0.000000e+00
2.868000e+02     4.157165e-07     3.190758e-06     0.000000e+00
2.871000e+02     1.107229e-06     6.028674e-06     0.000000e+00
2.874000e+02     1.514781e-06     6.888879e-06     0.000000e+00
2.877000e+02     1.227015e-06     6.051327e-06     0.000000e+00
2.880000e+02     2.144206e-07     4.377000e-06     0.000000e+00
2.883000e+02     -1.686272e-06     3.019198e-06     0.000000e+00
2.886000e+02     -2.823143e-06     1.768782e-06     0.000000e+00
2.889000e+02     -3.199255e-06     8.121451e-08     0.000000e+00
2.892000e+02     -2.880603e-06     -1.971215e-06     0.000000e+00
2.895000e+02     -2.315523e-06     -3.002823e-06     0.000000e+00
2.898000e+02     -1.903293e-06     -2.435821e-06     0.000000e+00
2.901000e+02     -1.500935e-06     -8.103520e-07     0.000000e+00
2.904000e+02     -1.186541e-06     -8.390650e-09     0.000000e+00
2.907000e+02     -1.319198e-06     -2.220906e-07     0.000000e+00
2.910000e+02     -1.033090e-06     -1.220569e-06     0.000000e+00
2.913000e+02     -1.000295e-06     -2.177865e-06     0.000000e+00
2.916000e+02     -1.341350e-06     -3.183616e-06     0.000000e+00
2.919000e+02     -1.994600e-06     -3.247394e-06     0.000000e+00
2.922000e+02     -2.031992e-06     -1.510375e-06     0.000000e+00
2.925000e+02     -9.806648e-07     6.127792e-07     0.000000e+00
2.928000e+02     7.608607e-07     2.057595e-06     0.000000e+00
2.931000e+02     2.349581e-06     2.187795e-06     0.000000e+00
2.934000e+02     3.108513e-06     9.765799e-07     0.000000e+00
2.937000e+02     3.166880e-06     -2.017809e-07     0.000000e+00
2.940000e+02     2.176752e-06     8.715957e-08     0.000000e+00
2.943000e+02     5.662552e-08     1.461164e-06     0.000000e+00
2.946000e+02     -1.959576e-06     2.417495e-06     0.000000e+00
2.949000e+02     -2.361445e-06     2.655702e-06     0.000000e+00
2.952000e+02     -1.920098e-06     9.871269e-07     0.000000e+00
2.955000e+02     -1.303282e-06     -6.604291e-07     0.000000e+00
2.958000e+02     -9.726629e-07     -2.444601e-06     0.000000e+00
2.961000e+02     -1.037091e-06     -3.549486e-06     0.000000e+00
2.964000e+02     -1.259884e-06     -3.977698e-06     0.000000e+00
2.967000e+02     -8.894805e-07     -3.809412e-06     0.000000e+00
2.970000e+02     -2.520750e-07     -2.520056e-06     0.000000e+00
2.973000e+02     5.020480e-08     -3.084785e-07     0.000000e+00
2.976000e+02     -1.207577e-07     1.165531e-06     0.000000e+00
2.979000e+02     -9.139323e-07     2.023252e-06     0.000000e+00
2.982000e+02     -2.119132e-06     1.723519e-06     0.000000e+00
2.985000e+02     -2.550855e-06     9.177944e-07     0.000000e+00
2.988000e+02     -2.460878e-06     -1.382987e-06     0.000000e+00
2.991000e+02     -1.691932e-06     -3.193065e-06     0.000000e+00
2.994000e+02     -1.446447e-06     -5.290765e-06     0.000000e+00
2.997000e+02     -9.372170e-07     -6.068827e-06     0.000000e+00
3.000000e+02     -1.926316e-06     -5.568186e-06     0.000000e+00
3.003000e+02     -1.912924e-06     -3.883504e-06     0.000000e+00
3.006000e+02     -1.648274e-06     -2.262768e-06     0.000000e+00
3.009000e+02     -1.028024e-06     -6.120931e-07     0.000000e+00
3.012000e+02     7.569716e-07     1.098634e-06     0.000000e+00
3.015000e+02     2.441988e-06     2.022505e-06     0.000000e+00
3.018000e+02     3.196828e-06     3.486143e-06     0.000000e+00
3.021000e+02     3.396384e-06     4.580824e-06     0.000000e+00
3.024000e+02     2.724396e-06     5.087151e-06     0.000000e+00
3.027000e+02     1.723165e-06     5.388525e-06     0.000000e+00
3.030000e+02     1.026669e-06     4.395396e-06     0.000000e+00
3.033000e+02     2.390864e-07     3.023355e-06     0.000000e+00
3.036000e+02     -7.293370e-07     8.132740e-07     0.000000e+00
3.039000e+02     -2.216483e-06     -1.741751e-06     0.000000e+00
3.042000e+02     -3.298999e-06     -4.204174e-06     0.000000e+00
3.045000e+02     -4.009607e-06     -5.741625e-06     0.000000e+00
3.048000e+02     -4.013339e-06     -6.758118e-06     0.000000e+00
3.051000e+02     -3.658595e-06     -6.764519e-06     0.000000e+00
3.054000e+02     -2.347470e-06     -6.160786e-06     0.000000e+00
3.057000e+02     -6.264108e-07     -4.146353e-06     0.000000e+00
3.060000e+02     1.041175e-06     -1.303243e-06     0.000000e+00
3.063000e+02     1.951705e-06     2.019293e-06     0.000000e+00
3.066000e+02     2.730823e-06     5.053030e-06     0.000000e+00
3.069000e+02     2.228783e-06     7.248429e-06     0.000000e+00
