  0.00000E+00 -0.17442E-12 -0.15319E-12  0.00000E+00
  0.30000E+00 -0.19296E-11 -0.16044E-11  0.00000E+00
  0.60000E+00 -0.94500E-11 -0.89845E-11 -0.13395E-11
  0.90000E+00 -0.30210E-10 -0.34299E-10 -0.10460E-10
  0.12000E+01 -0.75227E-10 -0.99411E-10 -0.41948E-10
  0.15000E+01 -0.15969E-09 -0.23527E-09 -0.11819E-09
  0.18000E+01 -0.30212E-09 -0.47926E-09 -0.26741E-09
  0.21000E+01 -0.52201E-09 -0.87257E-09 -0.52173E-09
  0.24000E+01 -0.83806E-09 -0.14591E-08 -0.91515E-09
  0.27000E+01 -0.12689E-08 -0.22859E-08 -0.14817E-08
  0.30000E+01 -0.18360E-08 -0.34041E-08 -0.22537E-08
  0.33000E+01 -0.25687E-08 -0.48695E-08 -0.32598E-08
  0.36000E+01 -0.35068E-08 -0.67414E-08 -0.45241E-08
  0.39000E+01 -0.47028E-08 -0.90800E-08 -0.60641E-08
  0.42000E+01 -0.62219E-08 -0.11945E-07 -0.78900E-08
  0.45000E+01 -0.81388E-08 -0.15390E-07 -0.10004E-07
  0.48000E+01 -0.10535E-07 -0.19467E-07 -0.12399E-07
  0.51000E+01 -0.13493E-07 -0.24216E-07 -0.15058E-07
  0.54000E+01 -0.17092E-07 -0.29671E-07 -0.17956E-07
  0.57000E+01 -0.21401E-07 -0.35855E-07 -0.21059E-07
  0.60000E+01 -0.26479E-07 -0.42777E-07 -0.24320E-07
  0.63000E+01 -0.32371E-07 -0.50430E-07 -0.27689E-07
  0.66000E+01 -0.39111E-07 -0.58793E-07 -0.31103E-07
  0.69000E+01 -0.46723E-07 -0.67825E-07 -0.34497E-07
  0.72000E+01 -0.55218E-07 -0.77472E-07 -0.37796E-07
  0.75000E+01 -0.64599E-07 -0.87668E-07 -0.40923E-07
  0.78000E+01 -0.74854E-07 -0.98336E-07 -0.43798E-07
  0.81000E+01 -0.85953E-07 -0.10939E-06 -0.46338E-07
  0.84000E+01 -0.97846E-07 -0.12072E-06 -0.48460E-07
  0.87000E+01 -0.11046E-06 -0.13221E-06 -0.50085E-07
  0.90000E+01 -0.12366E-06 -0.14375E-06 -0.51133E-07
  0.93000E+01 -0.13725E-06 -0.15523E-06 -0.51534E-07
  0.96000E+01 -0.15088E-06 -0.16656E-06 -0.51216E-07
  0.99000E+01 -0.16406E-06 -0.17772E-06 -0.50376E-07
  0.10200E+02 -0.17646E-06 -0.18853E-06 -0.50119E-07
  0.10500E+02 -0.18818E-06 -0.19853E-06 -0.52520E-07
  0.10800E+02 -0.19962E-06 -0.20701E-06 -0.59653E-07
  0.11100E+02 -0.21090E-06 -0.21336E-06 -0.72858E-07
  0.11400E+02 -0.22145E-06 -0.21721E-06 -0.92974E-07
  0.11700E+02 -0.23004E-06 -0.21855E-06 -0.12075E-06
  0.12000E+02 -0.23495E-06 -0.21756E-06 -0.15674E-06
  0.12300E+02 -0.23415E-06 -0.21468E-06 -0.20086E-06
  0.12600E+02 -0.22532E-06 -0.21058E-06 -0.25226E-06
  0.12900E+02 -0.20603E-06 -0.20615E-06 -0.30940E-06
  0.13200E+02 -0.17403E-06 -0.20237E-06 -0.37015E-06
  0.13500E+02 -0.12749E-06 -0.20021E-06 -0.43183E-06
  0.13800E+02 -0.65297E-07 -0.20052E-06 -0.49127E-06
  0.14100E+02  0.12741E-07 -0.20391E-06 -0.54510E-06
  0.14400E+02  0.10576E-06 -0.21057E-06 -0.58978E-06
  0.14700E+02  0.21189E-06 -0.22029E-06 -0.62156E-06
  0.15000E+02  0.32827E-06 -0.23231E-06 -0.63675E-06
  0.15300E+02  0.45114E-06 -0.24535E-06 -0.63183E-06
  0.15600E+02  0.57619E-06 -0.25770E-06 -0.60328E-06
  0.15900E+02  0.69906E-06 -0.26754E-06 -0.54766E-06
  0.16200E+02  0.81576E-06 -0.27328E-06 -0.46177E-06
  0.16500E+02  0.92286E-06 -0.27381E-06 -0.34272E-06
  0.16800E+02  0.10175E-05 -0.26867E-06 -0.18823E-06
  0.17100E+02  0.10973E-05 -0.25816E-06  0.27842E-08
  0.17400E+02  0.11609E-05 -0.24341E-06  0.22968E-06
  0.17700E+02  0.12070E-05 -0.22611E-06  0.48958E-06
  0.18000E+02  0.12339E-05 -0.20800E-06  0.77725E-06
  0.18300E+02  0.12389E-05 -0.19051E-06  0.10852E-05
  0.18600E+02  0.12184E-05 -0.17465E-06  0.14044E-05
  0.18900E+02  0.11686E-05 -0.16090E-06  0.17248E-05
  0.19200E+02  0.10858E-05 -0.14921E-06  0.20361E-05
  0.19500E+02  0.96711E-06 -0.13897E-06  0.23285E-05
  0.19800E+02  0.81082E-06 -0.12891E-06  0.25928E-05
  0.20100E+02  0.61653E-06 -0.11699E-06  0.28204E-05
  0.20400E+02  0.38534E-06 -0.10051E-06  0.30031E-05
  0.20700E+02  0.11992E-06 -0.76449E-07  0.31335E-05
  0.21000E+02 -0.17536E-06 -0.41851E-07  0.32054E-05
  0.21300E+02 -0.49420E-06  0.56619E-08  0.32145E-05
  0.21600E+02 -0.82817E-06  0.67255E-07  0.31594E-05
  0.21900E+02 -0.11670E-05  0.14249E-06  0.30409E-05
  0.22200E+02 -0.14992E-05  0.22933E-06  0.28624E-05
  0.22500E+02 -0.18129E-05  0.32453E-06  0.26282E-05
  0.22800E+02 -0.20974E-05  0.42444E-06  0.23432E-05
  0.23100E+02 -0.23435E-05  0.52585E-06  0.20123E-05
  0.23400E+02 -0.25447E-05  0.62667E-06  0.16402E-05
  0.23700E+02 -0.26973E-05  0.72601E-06  0.12319E-05
  0.24000E+02 -0.27996E-05  0.82398E-06  0.79229E-06
  0.24300E+02 -0.28520E-05  0.92130E-06  0.32646E-06
  0.24600E+02 -0.28556E-05  0.10188E-05 -0.16060E-06
  0.24900E+02 -0.28118E-05  0.11170E-05 -0.66374E-06
  0.25200E+02 -0.27221E-05  0.12158E-05 -0.11776E-05
  0.25500E+02 -0.25881E-05  0.13147E-05 -0.16964E-05
  0.25800E+02 -0.24120E-05  0.14122E-05 -0.22142E-05
  0.26100E+02 -0.21964E-05  0.15065E-05 -0.27248E-05
  0.26400E+02 -0.19444E-05  0.15954E-05 -0.32222E-05
  0.26700E+02 -0.16597E-05  0.16769E-05 -0.37005E-05
  0.27000E+02 -0.13472E-05  0.17489E-05 -0.41541E-05
  0.27300E+02 -0.10120E-05  0.18096E-05 -0.45777E-05
  0.27600E+02 -0.65985E-06  0.18575E-05 -0.49659E-05
  0.27900E+02 -0.29640E-06  0.18914E-05 -0.53138E-05
  0.28200E+02  0.72490E-07  0.19103E-05 -0.56165E-05
  0.28500E+02  0.44076E-06  0.19136E-05 -0.58694E-05
  0.28800E+02  0.80219E-06  0.19010E-05 -0.60682E-05
  0.29100E+02  0.11507E-05  0.18723E-05 -0.62093E-05
  0.29400E+02  0.14809E-05  0.18273E-05 -0.62896E-05
  0.29700E+02  0.17880E-05  0.17660E-05 -0.63065E-05
  0.30000E+02  0.20689E-05  0.16883E-05 -0.62581E-05
  0.30300E+02  0.23210E-05  0.15940E-05 -0.61431E-05
  0.30600E+02  0.25424E-05  0.14833E-05 -0.59608E-05
  0.30900E+02  0.27314E-05  0.13570E-05 -0.57113E-05
  0.31200E+02  0.28863E-05  0.12156E-05 -0.53955E-05
  0.31500E+02  0.30060E-05  0.10601E-05 -0.50148E-05
  0.31800E+02  0.30898E-05  0.89088E-06 -0.45716E-05
  0.32100E+02  0.31379E-05  0.70838E-06 -0.40690E-05
  0.32400E+02  0.31507E-05  0.51301E-06 -0.35106E-05
  0.32700E+02  0.31291E-05  0.30534E-06 -0.29010E-05
  0.33000E+02  0.30742E-05  0.86159E-07 -0.22452E-05
  0.33300E+02  0.29875E-05 -0.14344E-06 -0.15488E-05
  0.33600E+02  0.28708E-05 -0.38207E-06 -0.81821E-06
  0.33900E+02  0.27267E-05 -0.62797E-06 -0.60050E-07
  0.34200E+02  0.25583E-05 -0.87906E-06  0.71853E-06
  0.34500E+02  0.23686E-05 -0.11331E-05  0.15101E-05
  0.34800E+02  0.21610E-05 -0.13879E-05  0.23068E-05
  0.35100E+02  0.19386E-05 -0.16416E-05  0.31008E-05
  0.35400E+02  0.17051E-05 -0.18923E-05  0.38840E-05
  0.35700E+02  0.14635E-05 -0.21384E-05  0.46484E-05
  0.36000E+02  0.12169E-05 -0.23778E-05  0.53861E-05
  0.36300E+02  0.96760E-06 -0.26084E-05  0.60892E-05
  0.36600E+02  0.71786E-06 -0.28279E-05  0.67502E-05
  0.36900E+02  0.46960E-06 -0.30341E-05  0.73619E-05
  0.37200E+02  0.22486E-06 -0.32247E-05  0.79176E-05
  0.37500E+02 -0.14310E-07 -0.33979E-05  0.84111E-05
  0.37800E+02 -0.24581E-06 -0.35521E-05  0.88365E-05
  0.38100E+02 -0.46753E-06 -0.36856E-05  0.91889E-05
  0.38400E+02 -0.67741E-06 -0.37971E-05  0.94640E-05
  0.38700E+02 -0.87344E-06 -0.38847E-05  0.96581E-05
  0.39000E+02 -0.10538E-05 -0.39464E-05  0.97684E-05
  0.39300E+02 -0.12168E-05 -0.39800E-05  0.97928E-05
  0.39600E+02 -0.13613E-05 -0.39831E-05  0.97304E-05
  0.39900E+02 -0.14867E-05 -0.39539E-05  0.95807E-05
  0.40200E+02 -0.15928E-05 -0.38909E-05  0.93443E-05
  0.40500E+02 -0.16797E-05 -0.37931E-05  0.90227E-05
  0.40800E+02 -0.17478E-05 -0.36605E-05  0.86183E-05
  0.41100E+02 -0.17977E-05 -0.34936E-05  0.81341E-05
  0.41400E+02 -0.18301E-05 -0.32936E-05  0.75741E-05
  0.41700E+02 -0.18457E-05 -0.30621E-05  0.69429E-05
  0.42000E+02 -0.18454E-05 -0.28012E-05  0.62461E-05
  0.42300E+02 -0.18302E-05 -0.25133E-05  0.54896E-05
  0.42600E+02 -0.18013E-05 -0.22008E-05  0.46802E-05
  0.42900E+02 -0.17601E-05 -0.18665E-05  0.38250E-05
  0.43200E+02 -0.17083E-05 -0.15130E-05  0.29317E-05
  0.43500E+02 -0.16477E-05 -0.11430E-05  0.20083E-05
  0.43800E+02 -0.15802E-05 -0.75889E-06  0.10630E-05
  0.44100E+02 -0.15075E-05 -0.36355E-06  0.10444E-06
  0.44400E+02 -0.14309E-05  0.39873E-07 -0.85881E-06
  0.44700E+02 -0.13518E-05  0.44771E-06 -0.18181E-05
  0.45000E+02 -0.12707E-05  0.85594E-06 -0.27648E-05
  0.45300E+02 -0.11883E-05  0.12604E-05 -0.36905E-05
  0.45600E+02 -0.11050E-05  0.16566E-05 -0.45869E-05
  0.45900E+02 -0.10211E-05  0.20406E-05 -0.54462E-05
  0.46200E+02 -0.93724E-06  0.24082E-05 -0.62607E-05
  0.46500E+02 -0.85402E-06  0.27558E-05 -0.70235E-05
  0.46800E+02 -0.77215E-06  0.30801E-05 -0.77280E-05
  0.47100E+02 -0.69223E-06  0.33785E-05 -0.83683E-05
  0.47400E+02 -0.61474E-06  0.36484E-05 -0.89390E-05
  0.47700E+02 -0.53994E-06  0.38877E-05 -0.94355E-05
  0.48000E+02 -0.46800E-06  0.40943E-05 -0.98539E-05
  0.48300E+02 -0.39909E-06  0.42666E-05 -0.10191E-04
  0.48600E+02 -0.33349E-06  0.44032E-05 -0.10445E-04
  0.48900E+02 -0.27154E-06  0.45033E-05 -0.10613E-04
  0.49200E+02 -0.21360E-06  0.45664E-05 -0.10696E-04
  0.49500E+02 -0.16002E-06  0.45926E-05 -0.10693E-04
  0.49800E+02 -0.11113E-06  0.45823E-05 -0.10605E-04
  0.50100E+02 -0.67246E-07  0.45360E-05 -0.10433E-04
  0.50400E+02 -0.28656E-07  0.44548E-05 -0.10181E-04
  0.50700E+02  0.44129E-08  0.43397E-05 -0.98505E-05
  0.51000E+02  0.31952E-07  0.41921E-05 -0.94460E-05
  0.51300E+02  0.54319E-07  0.40136E-05 -0.89717E-05
  0.51600E+02  0.72314E-07  0.38061E-05 -0.84325E-05
  0.51900E+02  0.87149E-07  0.35720E-05 -0.78341E-05
  0.52200E+02  0.10025E-06  0.33138E-05 -0.71821E-05
  0.52500E+02  0.11304E-06  0.30347E-05 -0.64831E-05
  0.52800E+02  0.12673E-06  0.27380E-05 -0.57436E-05
  0.53100E+02  0.14225E-06  0.24272E-05 -0.49705E-05
  0.53400E+02  0.16023E-06  0.21057E-05 -0.41709E-05
  0.53700E+02  0.18108E-06  0.17771E-05 -0.33521E-05
  0.54000E+02  0.20508E-06  0.14446E-05 -0.25211E-05
  0.54300E+02  0.23237E-06  0.11112E-05 -0.16853E-05
  0.54600E+02  0.26298E-06  0.77970E-06 -0.85162E-06
  0.54900E+02  0.29683E-06  0.45269E-06 -0.27126E-07
  0.55200E+02  0.33378E-06  0.13249E-06  0.78153E-06
  0.55500E+02  0.37368E-06 -0.17875E-06  0.15679E-05
  0.55800E+02  0.41642E-06 -0.47913E-06  0.23260E-05
  0.56100E+02  0.46194E-06 -0.76699E-06  0.30501E-05
  0.56400E+02  0.51017E-06 -0.10409E-05  0.37350E-05
  0.56700E+02  0.56104E-06 -0.12998E-05  0.43760E-05
  0.57000E+02  0.61438E-06 -0.15423E-05  0.49687E-05
  0.57300E+02  0.66982E-06 -0.17674E-05  0.55096E-05
  0.57600E+02  0.72677E-06 -0.19735E-05  0.59954E-05
  0.57900E+02  0.78445E-06 -0.21594E-05  0.64237E-05
  0.58200E+02  0.84191E-06 -0.23237E-05  0.67925E-05
  0.58500E+02  0.89814E-06 -0.24656E-05  0.71003E-05
  0.58800E+02  0.95212E-06 -0.25843E-05  0.73465E-05
  0.59100E+02  0.10029E-05 -0.26798E-05  0.75309E-05
  0.59400E+02  0.10495E-05 -0.27520E-05  0.76538E-05
  0.59700E+02  0.10914E-05 -0.28013E-05  0.77161E-05
  0.60000E+02  0.11281E-05 -0.28285E-05  0.77193E-05
  0.60300E+02  0.11594E-05 -0.28344E-05  0.76652E-05
  0.60600E+02  0.11851E-05 -0.28202E-05  0.75563E-05
  0.60900E+02  0.12049E-05 -0.27871E-05  0.73955E-05
  0.61200E+02  0.12185E-05 -0.27363E-05  0.71857E-05
  0.61500E+02  0.12253E-05 -0.26693E-05  0.69307E-05
  0.61800E+02  0.12245E-05 -0.25871E-05  0.66341E-05
  0.62100E+02  0.12153E-05 -0.24913E-05  0.63000E-05
  0.62400E+02  0.11968E-05 -0.23829E-05  0.59327E-05
  0.62700E+02  0.11686E-05 -0.22634E-05  0.55366E-05
  0.63000E+02  0.11302E-05 -0.21338E-05  0.51161E-05
  0.63300E+02  0.10819E-05 -0.19953E-05  0.46758E-05
  0.63600E+02  0.10239E-05 -0.18489E-05  0.42201E-05
  0.63900E+02  0.95683E-06 -0.16955E-05  0.37537E-05
  0.64200E+02  0.88126E-06 -0.15364E-05  0.32808E-05
  0.64500E+02  0.79779E-06 -0.13723E-05  0.28058E-05
  0.64800E+02  0.70702E-06 -0.12046E-05  0.23328E-05
  0.65100E+02  0.60959E-06 -0.10342E-05  0.18657E-05
  0.65400E+02  0.50630E-06 -0.86245E-06  0.14082E-05
  0.65700E+02  0.39807E-06 -0.69069E-06  0.96361E-06
  0.66000E+02  0.28594E-06 -0.52020E-06  0.53516E-06
  0.66300E+02  0.17099E-06 -0.35228E-06  0.12564E-06
  0.66600E+02  0.54239E-07 -0.18820E-06 -0.26243E-06
  0.66900E+02 -0.63336E-07 -0.29102E-07 -0.62690E-06
  0.67200E+02 -0.18079E-06  0.12399E-06 -0.96592E-06
  0.67500E+02 -0.29717E-06  0.27017E-06 -0.12780E-05
  0.67800E+02 -0.41146E-06  0.40859E-06 -0.15621E-05
  0.68100E+02 -0.52262E-06  0.53842E-06 -0.18173E-05
  0.68400E+02 -0.62968E-06  0.65882E-06 -0.20431E-05
  0.68700E+02 -0.73180E-06  0.76893E-06 -0.22396E-05
  0.69000E+02 -0.82830E-06  0.86790E-06 -0.24067E-05
  0.69300E+02 -0.91863E-06  0.95488E-06 -0.25450E-05
  0.69600E+02 -0.10023E-05  0.10291E-05 -0.26553E-05
  0.69900E+02 -0.10789E-05  0.10898E-05 -0.27385E-05
  0.70200E+02 -0.11478E-05  0.11367E-05 -0.27958E-05
  0.70500E+02 -0.12084E-05  0.11694E-05 -0.28287E-05
  0.70800E+02 -0.12603E-05  0.11880E-05 -0.28388E-05
  0.71100E+02 -0.13028E-05  0.11930E-05 -0.28278E-05
  0.71400E+02 -0.13352E-05  0.11850E-05 -0.27975E-05
  0.71700E+02 -0.13569E-05  0.11651E-05 -0.27501E-05
  0.72000E+02 -0.13675E-05  0.11345E-05 -0.26873E-05
  0.72300E+02 -0.13665E-05  0.10946E-05 -0.26115E-05
  0.72600E+02 -0.13540E-05  0.10465E-05 -0.25245E-05
  0.72900E+02 -0.13303E-05  0.99137E-06 -0.24285E-05
  0.73200E+02 -0.12959E-05  0.92988E-06 -0.23255E-05
  0.73500E+02 -0.12516E-05  0.86264E-06 -0.22174E-05
  0.73800E+02 -0.11982E-05  0.79014E-06 -0.21062E-05
  0.74100E+02 -0.11367E-05  0.71283E-06 -0.19935E-05
  0.74400E+02 -0.10680E-05  0.63128E-06 -0.18810E-05
  0.74700E+02 -0.99301E-06  0.54621E-06 -0.17702E-05
  0.75000E+02 -0.91263E-06  0.45851E-06 -0.16625E-05
  0.75300E+02 -0.82777E-06  0.36928E-06 -0.15591E-05
  0.75600E+02 -0.73937E-06  0.27977E-06 -0.14610E-05
  0.75900E+02 -0.64846E-06  0.19134E-06 -0.13691E-05
  0.76200E+02 -0.55611E-06  0.10536E-06 -0.12840E-05
  0.76500E+02 -0.46337E-06  0.23143E-07 -0.12063E-05
  0.76800E+02 -0.37117E-06 -0.54196E-07 -0.11363E-05
  0.77100E+02 -0.28029E-06 -0.12572E-06 -0.10742E-05
  0.77400E+02 -0.19136E-06 -0.19070E-06 -0.10200E-05
  0.77700E+02 -0.10486E-06 -0.24860E-06 -0.97356E-06
  0.78000E+02 -0.21210E-07 -0.29897E-06 -0.93458E-06
  0.78300E+02  0.59188E-07 -0.34147E-06 -0.90264E-06
  0.78600E+02  0.13588E-06 -0.37576E-06 -0.87720E-06
  0.78900E+02  0.20837E-06 -0.40151E-06 -0.85761E-06
  0.79200E+02  0.27617E-06 -0.41836E-06 -0.84314E-06
  0.79500E+02  0.33879E-06 -0.42598E-06 -0.83297E-06
  0.79800E+02  0.39581E-06 -0.42409E-06 -0.82622E-06
  0.80100E+02  0.44684E-06 -0.41259E-06 -0.82197E-06
  0.80400E+02  0.49151E-06 -0.39155E-06 -0.81927E-06
  0.80700E+02  0.52958E-06 -0.36131E-06 -0.81716E-06
  0.81000E+02  0.56089E-06 -0.32253E-06 -0.81469E-06
  0.81300E+02  0.58546E-06 -0.27624E-06 -0.81091E-06
  0.81600E+02  0.60344E-06 -0.22375E-06 -0.80493E-06
  0.81900E+02  0.61507E-06 -0.16661E-06 -0.79590E-06
  0.82200E+02  0.62058E-06 -0.10640E-06 -0.78300E-06
  0.82500E+02  0.62015E-06 -0.44665E-07 -0.76553E-06
  0.82800E+02  0.61395E-06  0.17214E-07 -0.74283E-06
  0.83100E+02  0.60211E-06  0.78045E-07 -0.71435E-06
  0.83400E+02  0.58483E-06  0.13685E-06 -0.67965E-06
  0.83700E+02  0.56240E-06  0.19283E-06 -0.63836E-06
  0.84000E+02  0.53526E-06  0.24538E-06 -0.59023E-06
  0.84300E+02  0.50398E-06  0.29398E-06 -0.53515E-06
  0.84600E+02  0.46929E-06  0.33823E-06 -0.47307E-06
  0.84900E+02  0.43202E-06  0.37788E-06 -0.40409E-06
  0.85200E+02  0.39308E-06  0.41281E-06 -0.32840E-06
  0.85500E+02  0.35339E-06  0.44298E-06 -0.24630E-06
  0.85800E+02  0.31379E-06  0.46844E-06 -0.15820E-06
  0.86100E+02  0.27502E-06  0.48923E-06 -0.64590E-07
  0.86400E+02  0.23767E-06  0.50534E-06  0.33943E-07
  0.86700E+02  0.20214E-06  0.51672E-06  0.13673E-06
  0.87000E+02  0.16861E-06  0.52322E-06  0.24305E-06
  0.87300E+02  0.13711E-06  0.52462E-06  0.35208E-06
  0.87600E+02  0.10749E-06  0.52063E-06  0.46299E-06
  0.87900E+02  0.79513E-07  0.51090E-06  0.57489E-06
  0.88200E+02  0.52851E-07  0.49507E-06  0.68684E-06
  0.88500E+02  0.27149E-07  0.47284E-06  0.79793E-06
  0.88800E+02  0.20668E-08  0.44404E-06  0.90719E-06
  0.89100E+02 -0.22674E-07  0.40867E-06  0.10137E-05
  0.89400E+02 -0.47245E-07  0.36688E-06  0.11165E-05
  0.89700E+02 -0.71664E-07  0.31897E-06  0.12148E-05
  0.90000E+02 -0.95792E-07  0.26537E-06  0.13076E-05
  0.90300E+02 -0.11935E-06  0.20669E-06  0.13941E-05
  0.90600E+02 -0.14199E-06  0.14366E-06  0.14736E-05
  0.90900E+02 -0.16332E-06  0.77229E-07  0.15455E-05
  0.91200E+02 -0.18299E-06  0.84340E-08  0.16089E-05
  0.91500E+02 -0.20068E-06 -0.61572E-07  0.16635E-05
  0.91800E+02 -0.21619E-06 -0.13162E-06  0.17087E-05
  0.92100E+02 -0.22939E-06 -0.20060E-06  0.17442E-05
  0.92400E+02 -0.24021E-06 -0.26749E-06  0.17696E-05
  0.92700E+02 -0.24863E-06 -0.33146E-06  0.17848E-05
  0.93000E+02 -0.25469E-06 -0.39187E-06  0.17896E-05
  0.93300E+02 -0.25847E-06 -0.44829E-06  0.17841E-05
  0.93600E+02 -0.26014E-06 -0.50049E-06  0.17683E-05
  0.93900E+02 -0.25986E-06 -0.54840E-06  0.17424E-05
  0.94200E+02 -0.25777E-06 -0.59203E-06  0.17067E-05
  0.94500E+02 -0.25393E-06 -0.63141E-06  0.16614E-05
  0.94800E+02 -0.24823E-06 -0.66646E-06  0.16070E-05
  0.95100E+02 -0.24044E-06 -0.69698E-06  0.15440E-05
  0.95400E+02 -0.23023E-06 -0.72261E-06  0.14729E-05
  0.95700E+02 -0.21720E-06 -0.74287E-06  0.13944E-05
  0.96000E+02 -0.20098E-06 -0.75723E-06  0.13091E-05
  0.96300E+02 -0.18127E-06 -0.76525E-06  0.12178E-05
  0.96600E+02 -0.15785E-06 -0.76658E-06  0.11212E-05
  0.96900E+02 -0.13059E-06 -0.76109E-06  0.10200E-05
  0.97200E+02 -0.99441E-07 -0.74878E-06  0.91508E-06
  0.97500E+02 -0.64417E-07 -0.72982E-06  0.80728E-06
  0.97800E+02 -0.25606E-07 -0.70437E-06  0.69739E-06
  0.98100E+02  0.16836E-07 -0.67262E-06  0.58622E-06
  0.98400E+02  0.62675E-07 -0.63471E-06  0.47459E-06
  0.98700E+02  0.11161E-06 -0.59082E-06  0.36328E-06
  0.99000E+02  0.16325E-06 -0.54114E-06  0.25304E-06
  0.99300E+02  0.21712E-06 -0.48602E-06  0.14461E-06
  0.99600E+02  0.27263E-06 -0.42601E-06  0.38668E-07
  0.99900E+02  0.32902E-06 -0.36183E-06 -0.64130E-07
  0.10020E+03  0.38535E-06 -0.29440E-06 -0.16319E-06
  0.10050E+03  0.44053E-06 -0.22479E-06 -0.25798E-06
  0.10080E+03  0.49338E-06 -0.15409E-06 -0.34800E-06
  0.10110E+03  0.54270E-06 -0.83412E-07 -0.43282E-06
  0.10140E+03  0.58744E-06 -0.13725E-07 -0.51209E-06
  0.10170E+03  0.62677E-06  0.54120E-07 -0.58548E-06
  0.10200E+03  0.66015E-06  0.11943E-06 -0.65277E-06
  0.10230E+03  0.68733E-06  0.18167E-06 -0.71378E-06
  0.10260E+03  0.70835E-06  0.24048E-06 -0.76837E-06
  0.10290E+03  0.72336E-06  0.29559E-06 -0.81651E-06
  0.10320E+03  0.73259E-06  0.34689E-06 -0.85818E-06
  0.10350E+03  0.73618E-06  0.39432E-06 -0.89346E-06
  0.10380E+03  0.73421E-06  0.43783E-06 -0.92243E-06
  0.10410E+03  0.72659E-06  0.47740E-06 -0.94527E-06
  0.10440E+03  0.71315E-06  0.51298E-06 -0.96218E-06
  0.10470E+03  0.69363E-06  0.54442E-06 -0.97341E-06
  0.10500E+03  0.66770E-06  0.57156E-06 -0.97922E-06
  0.10530E+03  0.63505E-06  0.59415E-06 -0.97994E-06
  0.10560E+03  0.59539E-06  0.61192E-06 -0.97590E-06
  0.10590E+03  0.54852E-06  0.62462E-06 -0.96746E-06
  0.10620E+03  0.49441E-06  0.63208E-06 -0.95500E-06
  0.10650E+03  0.43324E-06  0.63419E-06 -0.93891E-06
  0.10680E+03  0.36541E-06  0.63099E-06 -0.91956E-06
  0.10710E+03  0.29158E-06  0.62264E-06 -0.89737E-06
  0.10740E+03  0.21260E-06  0.60938E-06 -0.87272E-06
  0.10770E+03  0.12946E-06  0.59147E-06 -0.84599E-06
  0.10800E+03  0.43260E-07  0.56913E-06 -0.81755E-06
  0.10830E+03 -0.44832E-07  0.54253E-06 -0.78777E-06
  0.10860E+03 -0.13360E-06  0.51182E-06 -0.75697E-06
  0.10890E+03 -0.22178E-06  0.47717E-06 -0.72547E-06
  0.10920E+03 -0.30808E-06  0.43888E-06 -0.69357E-06
  0.10950E+03 -0.39116E-06  0.39737E-06 -0.66152E-06
  0.10980E+03 -0.46965E-06  0.35323E-06 -0.62958E-06
  0.11010E+03 -0.54226E-06  0.30723E-06 -0.59794E-06
  0.11040E+03 -0.60784E-06  0.26019E-06 -0.56677E-06
  0.11070E+03 -0.66548E-06  0.21296E-06 -0.53624E-06
  0.11100E+03 -0.71465E-06  0.16633E-06 -0.50646E-06
  0.11130E+03 -0.75518E-06  0.12098E-06 -0.47751E-06
  0.11160E+03 -0.78729E-06  0.77481E-07 -0.44946E-06
  0.11190E+03 -0.81148E-06  0.36295E-07 -0.42233E-06
  0.11220E+03 -0.82852E-06 -0.22119E-08 -0.39612E-06
  0.11250E+03 -0.83926E-06 -0.37751E-07 -0.37083E-06
  0.11280E+03 -0.84465E-06 -0.70113E-07 -0.34641E-06
  0.11310E+03 -0.84559E-06 -0.99176E-07 -0.32280E-06
  0.11340E+03 -0.84296E-06 -0.12493E-06 -0.29992E-06
  0.11370E+03 -0.83744E-06 -0.14743E-06 -0.27768E-06
  0.11400E+03 -0.82956E-06 -0.16681E-06 -0.25596E-06
  0.11430E+03 -0.81961E-06 -0.18318E-06 -0.23467E-06
  0.11460E+03 -0.80765E-06 -0.19665E-06 -0.21368E-06
  0.11490E+03 -0.79358E-06 -0.20729E-06 -0.19287E-06
  0.11520E+03 -0.77714E-06 -0.21511E-06 -0.17212E-06
  0.11550E+03 -0.75801E-06 -0.22006E-06 -0.15130E-06
  0.11580E+03 -0.73582E-06 -0.22207E-06 -0.13031E-06
  0.11610E+03 -0.71029E-06 -0.22099E-06 -0.10902E-06
  0.11640E+03 -0.68122E-06 -0.21671E-06 -0.87358E-07
  0.11670E+03 -0.64856E-06 -0.20916E-06 -0.65223E-07
  0.11700E+03 -0.61244E-06 -0.19839E-06 -0.42547E-07
  0.11730E+03 -0.57313E-06 -0.18462E-06 -0.19272E-07
  0.11760E+03 -0.53102E-06 -0.16823E-06  0.46426E-08
  0.11790E+03 -0.48655E-06 -0.14978E-06  0.29219E-07
  0.11820E+03 -0.44016E-06 -0.12993E-06  0.54462E-07
  0.11850E+03 -0.39223E-06 -0.10934E-06  0.80357E-07
  0.11880E+03 -0.34305E-06 -0.88659E-07  0.10687E-06
  0.11910E+03 -0.29281E-06 -0.68463E-07  0.13396E-06
  0.11940E+03 -0.24160E-06 -0.49221E-07  0.16154E-06
  0.11970E+03 -0.18944E-06 -0.31294E-07  0.18953E-06
  0.12000E+03 -0.13623E-06 -0.14933E-07  0.21782E-06
  0.12030E+03 -0.81889E-07 -0.31349E-09  0.24630E-06
  0.12060E+03 -0.26387E-07  0.12440E-07  0.27483E-06
  0.12090E+03  0.30225E-07  0.23218E-07  0.30326E-06
  0.12120E+03  0.87781E-07  0.31914E-07  0.33144E-06
  0.12150E+03  0.14603E-06  0.38419E-07  0.35919E-06
  0.12180E+03  0.20464E-06  0.42634E-07  0.38635E-06
  0.12210E+03  0.26326E-06  0.44470E-07  0.41272E-06
  0.12240E+03  0.32150E-06  0.43833E-07  0.43813E-06
  0.12270E+03  0.37894E-06  0.40581E-07  0.46240E-06
  0.12300E+03  0.43510E-06  0.34496E-07  0.48534E-06
  0.12330E+03  0.48947E-06  0.25275E-07  0.50677E-06
  0.12360E+03  0.54152E-06  0.12559E-07  0.52652E-06
  0.12390E+03  0.59069E-06 -0.40349E-08  0.54443E-06
  0.12420E+03  0.63642E-06 -0.24858E-07  0.56033E-06
  0.12450E+03  0.67815E-06 -0.50168E-07  0.57409E-06
  0.12480E+03  0.71535E-06 -0.80046E-07  0.58557E-06
  0.12510E+03  0.74754E-06 -0.11434E-06  0.59466E-06
  0.12540E+03  0.77432E-06 -0.15265E-06  0.60126E-06
  0.12570E+03  0.79541E-06 -0.19431E-06  0.60529E-06
  0.12600E+03  0.81066E-06 -0.23847E-06  0.60667E-06
  0.12630E+03  0.82003E-06 -0.28414E-06  0.60537E-06
  0.12660E+03  0.82362E-06 -0.33028E-06  0.60136E-06
  0.12690E+03  0.82157E-06 -0.37587E-06  0.59463E-06
  0.12720E+03  0.81403E-06 -0.41998E-06  0.58521E-06
  0.12750E+03  0.80114E-06 -0.46179E-06  0.57312E-06
  0.12780E+03  0.78297E-06 -0.50055E-06  0.55842E-06
  0.12810E+03  0.75951E-06 -0.53555E-06  0.54118E-06
  0.12840E+03  0.73070E-06 -0.56604E-06  0.52149E-06
  0.12870E+03  0.69652E-06 -0.59121E-06  0.49947E-06
  0.12900E+03  0.65701E-06 -0.61020E-06  0.47525E-06
  0.12930E+03  0.61232E-06 -0.62211E-06  0.44896E-06
  0.12960E+03  0.56274E-06 -0.62608E-06  0.42076E-06
  0.12990E+03  0.50866E-06 -0.62138E-06  0.39083E-06
  0.13020E+03  0.45056E-06 -0.60752E-06  0.35934E-06
  0.13050E+03  0.38901E-06 -0.58433E-06  0.32648E-06
  0.13080E+03  0.32463E-06 -0.55193E-06  0.29245E-06
  0.13110E+03  0.25809E-06 -0.51074E-06  0.25746E-06
  0.13140E+03  0.19015E-06 -0.46133E-06  0.22171E-06
  0.13170E+03  0.12161E-06 -0.40444E-06  0.18541E-06
  0.13200E+03  0.53351E-07 -0.34084E-06  0.14879E-06
  0.13230E+03 -0.13741E-07 -0.27132E-06  0.11203E-06
  0.13260E+03 -0.78727E-07 -0.19671E-06  0.75359E-07
  0.13290E+03 -0.14067E-06 -0.11779E-06  0.38973E-07
  0.13320E+03 -0.19864E-06 -0.35370E-07  0.30692E-08
  0.13350E+03 -0.25181E-06  0.49712E-07 -0.32163E-07
  0.13380E+03 -0.29939E-06  0.13659E-06 -0.66544E-07
  0.13410E+03 -0.34077E-06  0.22434E-06 -0.99904E-07
  0.13440E+03 -0.37546E-06  0.31206E-06 -0.13208E-06
  0.13470E+03 -0.40313E-06  0.39884E-06 -0.16293E-06
  0.13500E+03 -0.42359E-06  0.48384E-06 -0.19233E-06
  0.13530E+03 -0.43676E-06  0.56626E-06 -0.22014E-06
  0.13560E+03 -0.44263E-06  0.64541E-06 -0.24626E-06
  0.13590E+03 -0.44133E-06  0.72063E-06 -0.27061E-06
  0.13620E+03 -0.43304E-06  0.79136E-06 -0.29311E-06
  0.13650E+03 -0.41809E-06  0.85710E-06 -0.31369E-06
  0.13680E+03 -0.39691E-06  0.91743E-06 -0.33231E-06
  0.13710E+03 -0.37002E-06  0.97193E-06 -0.34895E-06
  0.13740E+03 -0.33809E-06  0.10202E-05 -0.36357E-06
  0.13770E+03 -0.30185E-06  0.10617E-05 -0.37618E-06
  0.13800E+03 -0.26218E-06  0.10960E-05 -0.38680E-06
  0.13830E+03 -0.22000E-06  0.11226E-05 -0.39543E-06
  0.13860E+03 -0.17634E-06  0.11408E-05 -0.40213E-06
  0.13890E+03 -0.13220E-06  0.11501E-05 -0.40693E-06
  0.13920E+03 -0.88608E-07  0.11499E-05 -0.40988E-06
  0.13950E+03 -0.46506E-07  0.11396E-05 -0.41106E-06
  0.13980E+03 -0.67502E-08  0.11189E-05 -0.41054E-06
  0.14010E+03  0.29926E-07  0.10877E-05 -0.40840E-06
  0.14040E+03  0.62926E-07  0.10461E-05 -0.40472E-06
  0.14070E+03  0.91789E-07  0.99447E-06 -0.39959E-06
  0.14100E+03  0.11618E-06  0.93324E-06 -0.39312E-06
  0.14130E+03  0.13586E-06  0.86309E-06 -0.38539E-06
  0.14160E+03  0.15064E-06  0.78470E-06 -0.37650E-06
  0.14190E+03  0.16037E-06  0.69875E-06 -0.36657E-06
  0.14220E+03  0.16492E-06  0.60584E-06 -0.35568E-06
  0.14250E+03  0.16418E-06  0.50657E-06 -0.34393E-06
  0.14280E+03  0.15807E-06  0.40150E-06 -0.33142E-06
  0.14310E+03  0.14658E-06  0.29125E-06 -0.31825E-06
  0.14340E+03  0.12979E-06  0.17649E-06 -0.30451E-06
  0.14370E+03  0.10787E-06  0.58077E-07 -0.29028E-06
  0.14400E+03  0.81104E-07 -0.63015E-07 -0.27564E-06
  0.14430E+03  0.49870E-07 -0.18561E-06 -0.26068E-06
  0.14460E+03  0.14689E-07 -0.30836E-06 -0.24546E-06
  0.14490E+03 -0.23777E-07 -0.42976E-06 -0.23005E-06
  0.14520E+03 -0.64728E-07 -0.54820E-06 -0.21452E-06
  0.14550E+03 -0.10725E-06 -0.66205E-06 -0.19892E-06
  0.14580E+03 -0.15031E-06 -0.76981E-06 -0.18330E-06
  0.14610E+03 -0.19287E-06 -0.87011E-06 -0.16770E-06
  0.14640E+03 -0.23385E-06 -0.96186E-06 -0.15217E-06
  0.14670E+03 -0.27227E-06 -0.10442E-05 -0.13673E-06
  0.14700E+03 -0.30722E-06 -0.11166E-05 -0.12143E-06
  0.14730E+03 -0.33798E-06 -0.11787E-05 -0.10628E-06
  0.14760E+03 -0.36397E-06 -0.12304E-05 -0.91306E-07
  0.14790E+03 -0.38478E-06 -0.12717E-05 -0.76522E-07
  0.14820E+03 -0.40015E-06 -0.13027E-05 -0.61943E-07
  0.14850E+03 -0.40992E-06 -0.13234E-05 -0.47581E-07
  0.14880E+03 -0.41399E-06 -0.13337E-05 -0.33443E-07
  0.14910E+03 -0.41231E-06 -0.13336E-05 -0.19537E-07
  0.14940E+03 -0.40479E-06 -0.13229E-05 -0.58678E-08
  0.14970E+03 -0.39139E-06 -0.13013E-05  0.75607E-08
  0.15000E+03 -0.37211E-06 -0.12687E-05  0.20745E-07
  0.15030E+03 -0.34702E-06 -0.12251E-05  0.33680E-07
  0.15060E+03 -0.31632E-06 -0.11705E-05  0.46363E-07
  0.15090E+03 -0.28034E-06 -0.11050E-05  0.58789E-07
  0.15120E+03 -0.23958E-06 -0.10290E-05  0.70953E-07
  0.15150E+03 -0.19465E-06 -0.94313E-06  0.82846E-07
  0.15180E+03 -0.14633E-06 -0.84825E-06  0.94461E-07
  0.15210E+03 -0.95470E-07 -0.74535E-06  0.10579E-06
  0.15240E+03 -0.42953E-07 -0.63559E-06  0.11681E-06
  0.15270E+03  0.10321E-07 -0.52028E-06  0.12752E-06
  0.15300E+03  0.63491E-07 -0.40080E-06  0.13789E-06
  0.15330E+03  0.11576E-06 -0.27855E-06  0.14792E-06
  0.15360E+03  0.16642E-06 -0.15498E-06  0.15757E-06
  0.15390E+03  0.21485E-06 -0.31467E-07  0.16683E-06
  0.15420E+03  0.26049E-06  0.90630E-07  0.17568E-06
  0.15450E+03  0.30285E-06  0.21002E-06  0.18408E-06
  0.15480E+03  0.34144E-06  0.32547E-06  0.19201E-06
  0.15510E+03  0.37578E-06  0.43583E-06  0.19944E-06
  0.15540E+03  0.40540E-06  0.54005E-06  0.20634E-06
  0.15570E+03  0.42980E-06  0.63720E-06  0.21269E-06
  0.15600E+03  0.44854E-06  0.72643E-06  0.21845E-06
  0.15630E+03  0.46126E-06  0.80703E-06  0.22360E-06
  0.15660E+03  0.46772E-06  0.87839E-06  0.22810E-06
  0.15690E+03  0.46786E-06  0.93999E-06  0.23193E-06
  0.15720E+03  0.46178E-06  0.99147E-06  0.23507E-06
  0.15750E+03  0.44977E-06  0.10326E-05  0.23749E-06
  0.15780E+03  0.43224E-06  0.10634E-05  0.23916E-06
  0.15810E+03  0.40966E-06  0.10838E-05  0.24007E-06
  0.15840E+03  0.38251E-06  0.10941E-05  0.24020E-06
  0.15870E+03  0.35121E-06  0.10945E-05  0.23954E-06
  0.15900E+03  0.31616E-06  0.10851E-05  0.23808E-06
  0.15930E+03  0.27769E-06  0.10662E-05  0.23581E-06
  0.15960E+03  0.23612E-06  0.10377E-05  0.23272E-06
  0.15990E+03  0.19177E-06  0.99974E-06  0.22883E-06
  0.16020E+03  0.14497E-06  0.95214E-06  0.22414E-06
  0.16050E+03  0.96116E-07  0.89487E-06  0.21865E-06
  0.16080E+03  0.45715E-07  0.82796E-06  0.21238E-06
  0.16110E+03 -0.56178E-08  0.75153E-06  0.20536E-06
  0.16140E+03 -0.57145E-07  0.66594E-06  0.19759E-06
  0.16170E+03 -0.10804E-06  0.57179E-06  0.18912E-06
  0.16200E+03 -0.15741E-06  0.46996E-06  0.17998E-06
  0.16230E+03 -0.20435E-06  0.36167E-06  0.17019E-06
  0.16260E+03 -0.24800E-06  0.24839E-06  0.15980E-06
  0.16290E+03 -0.28751E-06  0.13183E-06  0.14886E-06
  0.16320E+03 -0.32219E-06  0.13865E-07  0.13741E-06
  0.16350E+03 -0.35145E-06 -0.10359E-06  0.12550E-06
  0.16380E+03 -0.37492E-06 -0.21860E-06  0.11318E-06
  0.16410E+03 -0.39238E-06 -0.32933E-06  0.10050E-06
  0.16440E+03 -0.40386E-06 -0.43402E-06  0.87538E-07
  0.16470E+03 -0.40950E-06 -0.53108E-06  0.74336E-07
  0.16500E+03 -0.40963E-06 -0.61909E-06  0.60958E-07
  0.16530E+03 -0.40462E-06 -0.69681E-06  0.47465E-07
  0.16560E+03 -0.39490E-06 -0.76322E-06  0.33919E-07
  0.16590E+03 -0.38090E-06 -0.81749E-06  0.20380E-07
  0.16620E+03 -0.36299E-06 -0.85900E-06  0.69096E-08
  0.16650E+03 -0.34147E-06 -0.88734E-06 -0.64319E-08
  0.16680E+03 -0.31656E-06 -0.90231E-06 -0.19586E-07
  0.16710E+03 -0.28843E-06 -0.90390E-06 -0.32495E-07
  0.16740E+03 -0.25717E-06 -0.89229E-06 -0.45104E-07
  0.16770E+03 -0.22284E-06 -0.86781E-06 -0.57359E-07
  0.16800E+03 -0.18553E-06 -0.83091E-06 -0.69210E-07
  0.16830E+03 -0.14538E-06 -0.78215E-06 -0.80610E-07
  0.16860E+03 -0.10267E-06 -0.72226E-06 -0.91515E-07
  0.16890E+03 -0.57821E-07 -0.65206E-06 -0.10188E-06
  0.16920E+03 -0.11413E-07 -0.57252E-06 -0.11167E-06
  0.16950E+03  0.35795E-07 -0.48478E-06 -0.12086E-06
  0.16980E+03  0.82906E-07 -0.39007E-06 -0.12941E-06
  0.17010E+03  0.12892E-06 -0.28976E-06 -0.13729E-06
  0.17040E+03  0.17277E-06 -0.18529E-06 -0.14449E-06
  0.17070E+03  0.21346E-06 -0.78175E-07 -0.15099E-06
  0.17100E+03  0.25004E-06  0.30029E-07 -0.15677E-06
  0.17130E+03  0.28178E-06  0.13771E-06 -0.16182E-06
  0.17160E+03  0.30814E-06  0.24325E-06 -0.16614E-06
  0.17190E+03  0.32881E-06  0.34500E-06 -0.16973E-06
  0.17220E+03  0.34369E-06  0.44136E-06 -0.17259E-06
  0.17250E+03  0.35281E-06  0.53079E-06 -0.17473E-06
  0.17280E+03  0.35635E-06  0.61186E-06 -0.17615E-06
  0.17310E+03  0.35454E-06  0.68325E-06 -0.17687E-06
  0.17340E+03  0.34765E-06  0.74386E-06 -0.17690E-06
  0.17370E+03  0.33598E-06  0.79277E-06 -0.17627E-06
  0.17400E+03  0.31986E-06  0.82936E-06 -0.17499E-06
  0.17430E+03  0.29960E-06  0.85323E-06 -0.17309E-06
  0.17460E+03  0.27556E-06  0.86425E-06 -0.17059E-06
  0.17490E+03  0.24812E-06  0.86251E-06 -0.16753E-06
  0.17520E+03  0.21772E-06  0.84831E-06 -0.16393E-06
  0.17550E+03  0.18484E-06  0.82209E-06 -0.15981E-06
  0.17580E+03  0.15006E-06  0.78446E-06 -0.15523E-06
  0.17610E+03  0.11401E-06  0.73615E-06 -0.15020E-06
  0.17640E+03  0.77353E-07  0.67799E-06 -0.14476E-06
  0.17670E+03  0.40798E-07  0.61091E-06 -0.13895E-06
  0.17700E+03  0.50265E-08  0.53594E-06 -0.13279E-06
  0.17730E+03 -0.29309E-07  0.45419E-06 -0.12633E-06
  0.17760E+03 -0.61618E-07  0.36680E-06 -0.11959E-06
  0.17790E+03 -0.91390E-07  0.27498E-06 -0.11262E-06
  0.17820E+03 -0.11821E-06  0.17994E-06 -0.10544E-06
  0.17850E+03 -0.14174E-06  0.82895E-07 -0.98079E-07
  0.17880E+03 -0.16177E-06 -0.14968E-07 -0.90577E-07
  0.17910E+03 -0.17812E-06 -0.11245E-06 -0.82961E-07
  0.17940E+03 -0.19071E-06 -0.20833E-06 -0.75260E-07
  0.17970E+03 -0.19946E-06 -0.30138E-06 -0.67503E-07
  0.18000E+03 -0.20435E-06 -0.39032E-06 -0.59716E-07
  0.18030E+03 -0.20535E-06 -0.47385E-06 -0.51924E-07
  0.18060E+03 -0.20249E-06 -0.55070E-06 -0.44152E-07
  0.18090E+03 -0.19582E-06 -0.61963E-06 -0.36423E-07
  0.18120E+03 -0.18545E-06 -0.67953E-06 -0.28757E-07
  0.18150E+03 -0.17155E-06 -0.72942E-06 -0.21177E-07
  0.18180E+03 -0.15438E-06 -0.76857E-06 -0.13700E-07
  0.18210E+03 -0.13423E-06 -0.79648E-06 -0.63438E-08
  0.18240E+03 -0.11147E-06 -0.81293E-06  0.87402E-09
  0.18270E+03 -0.86529E-07 -0.81795E-06  0.79385E-08
  0.18300E+03 -0.59885E-07 -0.81186E-06  0.14835E-07
  0.18330E+03 -0.32067E-07 -0.79517E-06  0.21551E-07
  0.18360E+03 -0.36360E-08 -0.76859E-06  0.28073E-07
  0.18390E+03  0.24836E-07 -0.73299E-06  0.34390E-07
  0.18420E+03  0.52804E-07 -0.68935E-06  0.40492E-07
  0.18450E+03  0.79773E-07 -0.63874E-06  0.46368E-07
  0.18480E+03  0.10531E-06 -0.58228E-06  0.52009E-07
  0.18510E+03  0.12906E-06 -0.52112E-06  0.57408E-07
  0.18540E+03  0.15072E-06 -0.45634E-06  0.62555E-07
  0.18570E+03  0.17001E-06 -0.38900E-06  0.67444E-07
  0.18600E+03  0.18672E-06 -0.32009E-06  0.72068E-07
  0.18630E+03  0.20062E-06 -0.25053E-06  0.76420E-07
  0.18660E+03  0.21148E-06 -0.18120E-06  0.80494E-07
  0.18690E+03  0.21903E-06 -0.11295E-06  0.84285E-07
  0.18720E+03  0.22299E-06 -0.46629E-07  0.87787E-07
  0.18750E+03  0.22305E-06  0.16920E-07  0.90996E-07
  0.18780E+03  0.21891E-06  0.76866E-07  0.93907E-07
  0.18810E+03  0.21032E-06  0.13241E-06  0.96516E-07
  0.18840E+03  0.19706E-06  0.18281E-06  0.98820E-07
  0.18870E+03  0.17899E-06  0.22745E-06  0.10081E-06
  0.18900E+03  0.15603E-06  0.26582E-06  0.10250E-06
  0.18930E+03  0.12821E-06  0.29762E-06  0.10387E-06
  0.18960E+03  0.95636E-07  0.32267E-06  0.10492E-06
  0.18990E+03  0.58505E-07  0.34096E-06  0.10566E-06
  0.19020E+03  0.17134E-07  0.35263E-06  0.10607E-06
  0.19050E+03 -0.28059E-07  0.35790E-06  0.10617E-06
  0.19080E+03 -0.76552E-07  0.35707E-06  0.10596E-06
  0.19110E+03 -0.12772E-06  0.35050E-06  0.10542E-06
  0.19140E+03 -0.18084E-06  0.33855E-06  0.10458E-06
  0.19170E+03 -0.23511E-06  0.32162E-06  0.10342E-06
  0.19200E+03 -0.28964E-06  0.30009E-06  0.10195E-06
  0.19230E+03 -0.34351E-06  0.27435E-06  0.10018E-06
  0.19260E+03 -0.39575E-06  0.24480E-06  0.98115E-07
  0.19290E+03 -0.44544E-06  0.21190E-06  0.95757E-07
  0.19320E+03 -0.49167E-06  0.17609E-06  0.93114E-07
  0.19350E+03 -0.53361E-06  0.13786E-06  0.90197E-07
  0.19380E+03 -0.57053E-06  0.97688E-07  0.87013E-07
  0.19410E+03 -0.60181E-06  0.56095E-07  0.83573E-07
  0.19440E+03 -0.62695E-06  0.13603E-07  0.79888E-07
  0.19470E+03 -0.64551E-06 -0.29222E-07  0.75972E-07
  0.19500E+03 -0.65719E-06 -0.71767E-07  0.71836E-07
  0.19530E+03 -0.66171E-06 -0.11336E-06  0.67495E-07
  0.19560E+03 -0.65887E-06 -0.15330E-06  0.62964E-07
  0.19590E+03 -0.64851E-06 -0.19085E-06  0.58260E-07
  0.19620E+03 -0.63054E-06 -0.22532E-06  0.53397E-07
  0.19650E+03 -0.60492E-06 -0.25605E-06  0.48395E-07
  0.19680E+03 -0.57173E-06 -0.28249E-06  0.43271E-07
  0.19710E+03 -0.53115E-06 -0.30420E-06  0.38043E-07
  0.19740E+03 -0.48352E-06 -0.32087E-06  0.32731E-07
  0.19770E+03 -0.42933E-06 -0.33232E-06  0.27354E-07
  0.19800E+03 -0.36924E-06 -0.33850E-06  0.21933E-07
  0.19830E+03 -0.30401E-06 -0.33942E-06  0.16486E-07
  0.19860E+03 -0.23446E-06 -0.33514E-06  0.11035E-07
  0.19890E+03 -0.16146E-06 -0.32576E-06  0.55994E-08
  0.19920E+03 -0.85858E-07 -0.31135E-06  0.19952E-09
  0.19950E+03 -0.84938E-08 -0.29202E-06 -0.51445E-08
  0.19980E+03  0.69817E-07 -0.26786E-06 -0.10413E-07
  0.20010E+03  0.14826E-06 -0.23897E-06 -0.15587E-07
  0.20040E+03  0.22600E-06 -0.20548E-06 -0.20646E-07
  0.20070E+03  0.30217E-06 -0.16750E-06 -0.25574E-07
  0.20100E+03  0.37584E-06 -0.12519E-06 -0.30352E-07
  0.20130E+03  0.44606E-06 -0.78736E-07 -0.34963E-07
  0.20160E+03  0.51185E-06 -0.28416E-07 -0.39392E-07
  0.20190E+03  0.57226E-06  0.25413E-07 -0.43622E-07
  0.20220E+03  0.62645E-06  0.82290E-07 -0.47641E-07
  0.20250E+03  0.67370E-06  0.14165E-06 -0.51434E-07
  0.20280E+03  0.71348E-06  0.20285E-06 -0.54990E-07
  0.20310E+03  0.74543E-06  0.26511E-06 -0.58298E-07
  0.20340E+03  0.76940E-06  0.32764E-06 -0.61348E-07
  0.20370E+03  0.78534E-06  0.38956E-06 -0.64132E-07
  0.20400E+03  0.79333E-06  0.44997E-06 -0.66643E-07
  0.20430E+03  0.79352E-06  0.50798E-06 -0.68875E-07
  0.20460E+03  0.78609E-06  0.56273E-06 -0.70823E-07
  0.20490E+03  0.77122E-06  0.61342E-06 -0.72485E-07
  0.20520E+03  0.74909E-06  0.65932E-06 -0.73858E-07
  0.20550E+03  0.71992E-06  0.69980E-06 -0.74942E-07
  0.20580E+03  0.68394E-06  0.73432E-06 -0.75737E-07
  0.20610E+03  0.64144E-06  0.76244E-06 -0.76245E-07
  0.20640E+03  0.59280E-06  0.78378E-06 -0.76469E-07
  0.20670E+03  0.53846E-06  0.79804E-06 -0.76414E-07
  0.20700E+03  0.47895E-06  0.80493E-06 -0.76085E-07
  0.20730E+03  0.41489E-06  0.80423E-06 -0.75487E-07
  0.20760E+03  0.34695E-06  0.79571E-06 -0.74630E-07
  0.20790E+03  0.27588E-06  0.77919E-06 -0.73520E-07
  0.20820E+03  0.20250E-06  0.75453E-06 -0.72167E-07
  0.20850E+03  0.12769E-06  0.72167E-06 -0.70581E-07
  0.20880E+03  0.52358E-07  0.68067E-06 -0.68773E-07
  0.20910E+03 -0.22560E-07  0.63167E-06 -0.66754E-07
  0.20940E+03 -0.96127E-07  0.57500E-06 -0.64537E-07
  0.20970E+03 -0.16741E-06  0.51107E-06 -0.62132E-07
  0.21000E+03 -0.23551E-06  0.44044E-06 -0.59555E-07
  0.21030E+03 -0.29951E-06  0.36379E-06 -0.56817E-07
  0.21060E+03 -0.35855E-06  0.28195E-06 -0.53932E-07
  0.21090E+03 -0.41178E-06  0.19586E-06 -0.50914E-07
  0.21120E+03 -0.45841E-06  0.10658E-06 -0.47777E-07
  0.21150E+03 -0.49770E-06  0.15256E-07 -0.44535E-07
  0.21180E+03 -0.52902E-06 -0.76917E-07 -0.41201E-07
  0.21210E+03 -0.55187E-06 -0.16875E-06 -0.37790E-07
  0.21240E+03 -0.56590E-06 -0.25907E-06 -0.34316E-07
  0.21270E+03 -0.57099E-06 -0.34675E-06 -0.30791E-07
  0.21300E+03 -0.56722E-06 -0.43073E-06 -0.27230E-07
  0.21330E+03 -0.55488E-06 -0.51002E-06 -0.23645E-07
  0.21360E+03 -0.53443E-06 -0.58368E-06 -0.20050E-07
  0.21390E+03 -0.50648E-06 -0.65086E-06 -0.16457E-07
  0.21420E+03 -0.47176E-06 -0.71079E-06 -0.12877E-07
  0.21450E+03 -0.43105E-06 -0.76276E-06 -0.93232E-08
  0.21480E+03 -0.38517E-06 -0.80617E-06 -0.58058E-08
  0.21510E+03 -0.33494E-06 -0.84048E-06 -0.23359E-08
  0.21540E+03 -0.28116E-06 -0.86526E-06  0.10763E-08
  0.21570E+03 -0.22461E-06 -0.88019E-06  0.44210E-08
  0.21600E+03 -0.16601E-06 -0.88503E-06  0.76890E-08
  0.21630E+03 -0.10603E-06 -0.87972E-06  0.10872E-07
  0.21660E+03 -0.45284E-07 -0.86428E-06  0.13961E-07
  0.21690E+03  0.15634E-07 -0.83894E-06  0.16948E-07
  0.21720E+03  0.76166E-07 -0.80406E-06  0.19827E-07
  0.21750E+03  0.13576E-06 -0.76021E-06  0.22591E-07
  0.21780E+03  0.19385E-06 -0.70809E-06  0.25234E-07
  0.21810E+03  0.24985E-06 -0.64855E-06  0.27751E-07
  0.21840E+03  0.30314E-06 -0.58251E-06  0.30135E-07
  0.21870E+03  0.35307E-06 -0.51099E-06  0.32383E-07
  0.21900E+03  0.39897E-06 -0.43502E-06  0.34491E-07
  0.21930E+03  0.44017E-06 -0.35570E-06  0.36455E-07
  0.21960E+03  0.47606E-06 -0.27410E-06  0.38272E-07
  0.21990E+03  0.50607E-06 -0.19132E-06  0.39939E-07
  0.22020E+03  0.52972E-06 -0.10845E-06  0.41454E-07
  0.22050E+03  0.54665E-06 -0.26521E-07  0.42816E-07
  0.22080E+03  0.55659E-06  0.53504E-07  0.44023E-07
  0.22110E+03  0.55939E-06  0.13074E-06  0.45074E-07
  0.22140E+03  0.55500E-06  0.20443E-06  0.45969E-07
  0.22170E+03  0.54345E-06  0.27392E-06  0.46707E-07
  0.22200E+03  0.52485E-06  0.33868E-06  0.47289E-07
  0.22230E+03  0.49939E-06  0.39829E-06  0.47716E-07
  0.22260E+03  0.46728E-06  0.45240E-06  0.47989E-07
  0.22290E+03  0.42884E-06  0.50076E-06  0.48108E-07
  0.22320E+03  0.38445E-06  0.54313E-06  0.48077E-07
  0.22350E+03  0.33460E-06  0.57929E-06  0.47897E-07
  0.22380E+03  0.27987E-06  0.60903E-06  0.47570E-07
  0.22410E+03  0.22091E-06  0.63216E-06  0.47100E-07
  0.22440E+03  0.15848E-06  0.64847E-06  0.46489E-07
  0.22470E+03  0.93386E-07  0.65779E-06  0.45742E-07
  0.22500E+03  0.26481E-07  0.65999E-06  0.44861E-07
  0.22530E+03 -0.41362E-07  0.65499E-06  0.43851E-07
  0.22560E+03 -0.10927E-06  0.64284E-06  0.42717E-07
  0.22590E+03 -0.17638E-06  0.62367E-06  0.41463E-07
  0.22620E+03 -0.24191E-06  0.59775E-06  0.40094E-07
  0.22650E+03 -0.30512E-06  0.56541E-06  0.38616E-07
  0.22680E+03 -0.36536E-06  0.52707E-06  0.37033E-07
  0.22710E+03 -0.42206E-06  0.48318E-06  0.35353E-07
  0.22740E+03 -0.47473E-06  0.43421E-06  0.33581E-07
  0.22770E+03 -0.52294E-06  0.38065E-06  0.31723E-07
  0.22800E+03 -0.56629E-06  0.32302E-06  0.29786E-07
  0.22830E+03 -0.60441E-06  0.26188E-06  0.27776E-07
  0.22860E+03 -0.63697E-06  0.19782E-06  0.25701E-07
  0.22890E+03 -0.66366E-06  0.13154E-06  0.23568E-07
  0.22920E+03 -0.68422E-06  0.63785E-07  0.21384E-07
  0.22950E+03 -0.69840E-06 -0.46320E-08  0.19157E-07
  0.22980E+03 -0.70601E-06 -0.72871E-07  0.16893E-07
  0.23010E+03 -0.70691E-06 -0.14010E-06  0.14600E-07
  0.23040E+03 -0.70102E-06 -0.20553E-06  0.12287E-07
  0.23070E+03 -0.68831E-06 -0.26846E-06  0.99613E-08
  0.23100E+03 -0.66884E-06 -0.32826E-06  0.76297E-08
  0.23130E+03 -0.64273E-06 -0.38440E-06  0.53005E-08
  0.23160E+03 -0.61016E-06 -0.43643E-06  0.29813E-08
  0.23190E+03 -0.57144E-06 -0.48393E-06  0.67972E-09
  0.23220E+03 -0.52695E-06 -0.52655E-06 -0.15966E-08
  0.23250E+03 -0.47718E-06 -0.56391E-06 -0.38404E-08
  0.23280E+03 -0.42269E-06 -0.59568E-06 -0.60443E-08
  0.23310E+03 -0.36410E-06 -0.62156E-06 -0.82012E-08
  0.23340E+03 -0.30206E-06 -0.64130E-06 -0.10304E-07
  0.23370E+03 -0.23724E-06 -0.65475E-06 -0.12347E-07
  0.23400E+03 -0.17026E-06 -0.66189E-06 -0.14322E-07
  0.23430E+03 -0.10178E-06 -0.66287E-06 -0.16225E-07
  0.23460E+03 -0.32419E-07 -0.65798E-06 -0.18048E-07
  0.23490E+03  0.37167E-07 -0.64767E-06 -0.19788E-07
  0.23520E+03  0.10630E-06 -0.63249E-06 -0.21437E-07
  0.23550E+03  0.17426E-06 -0.61310E-06 -0.22992E-07
  0.23580E+03  0.24030E-06 -0.59017E-06 -0.24449E-07
  0.23610E+03  0.30364E-06 -0.56437E-06 -0.25802E-07
  0.23640E+03  0.36350E-06 -0.53635E-06 -0.27050E-07
  0.23670E+03  0.41909E-06 -0.50668E-06 -0.28187E-07
  0.23700E+03  0.46970E-06 -0.47588E-06 -0.29213E-07
  0.23730E+03  0.51467E-06 -0.44437E-06 -0.30124E-07
  0.23760E+03  0.55341E-06 -0.41250E-06 -0.30918E-07
  0.23790E+03  0.58545E-06 -0.38054E-06 -0.31595E-07
  0.23820E+03  0.61041E-06 -0.34869E-06 -0.32153E-07
  0.23850E+03  0.62799E-06 -0.31710E-06 -0.32592E-07
  0.23880E+03  0.63801E-06 -0.28584E-06 -0.32913E-07
  0.23910E+03  0.64037E-06 -0.25499E-06 -0.33114E-07
  0.23940E+03  0.63503E-06 -0.22455E-06 -0.33198E-07
  0.23970E+03  0.62207E-06 -0.19452E-06 -0.33166E-07
  0.24000E+03  0.60165E-06 -0.16484E-06 -0.33019E-07
  0.24030E+03  0.57403E-06 -0.13544E-06 -0.32760E-07
  0.24060E+03  0.53960E-06 -0.10618E-06 -0.32391E-07
  0.24090E+03  0.49890E-06 -0.76845E-07 -0.31916E-07
  0.24120E+03  0.45257E-06 -0.47178E-07 -0.31337E-07
  0.24150E+03  0.40143E-06 -0.16840E-07 -0.30658E-07
  0.24180E+03  0.34637E-06  0.14560E-07 -0.29884E-07
  0.24210E+03  0.28838E-06  0.47435E-07 -0.29018E-07
  0.24240E+03  0.22847E-06  0.82188E-07 -0.28065E-07
  0.24270E+03  0.16761E-06  0.11917E-06 -0.27030E-07
  0.24300E+03  0.10673E-06  0.15865E-06 -0.25917E-07
  0.24330E+03  0.46634E-07  0.20078E-06 -0.24733E-07
  0.24360E+03 -0.11971E-07  0.24558E-06 -0.23482E-07
  0.24390E+03 -0.68503E-07  0.29294E-06 -0.22171E-07
  0.24420E+03 -0.12247E-06  0.34262E-06 -0.20804E-07
  0.24450E+03 -0.17345E-06  0.39426E-06 -0.19387E-07
  0.24480E+03 -0.22108E-06  0.44743E-06 -0.17927E-07
  0.24510E+03 -0.26501E-06  0.50159E-06 -0.16429E-07
  0.24540E+03 -0.30489E-06  0.55615E-06 -0.14899E-07
  0.24570E+03 -0.34041E-06  0.61050E-06 -0.13343E-07
  0.24600E+03 -0.37123E-06  0.66400E-06 -0.11767E-07
  0.24630E+03 -0.39708E-06  0.71606E-06 -0.10177E-07
  0.24660E+03 -0.41770E-06  0.76605E-06 -0.85788E-08
  0.24690E+03 -0.43292E-06  0.81343E-06 -0.69776E-08
  0.24720E+03 -0.44266E-06  0.85770E-06 -0.53794E-08
  0.24750E+03 -0.44695E-06  0.89839E-06 -0.37894E-08
  0.24780E+03 -0.44591E-06  0.93511E-06 -0.22132E-08
  0.24810E+03 -0.43976E-06  0.96752E-06 -0.65567E-09
  0.24840E+03 -0.42879E-06  0.99530E-06  0.87805E-09
  0.24870E+03 -0.41331E-06  0.10181E-05  0.23832E-08
  0.24900E+03 -0.39368E-06  0.10357E-05  0.38553E-08
  0.24930E+03 -0.37026E-06  0.10475E-05  0.52899E-08
  0.24960E+03 -0.34337E-06  0.10532E-05  0.66829E-08
  0.24990E+03 -0.31335E-06  0.10522E-05  0.80304E-08
  0.25020E+03 -0.28048E-06  0.10441E-05  0.93287E-08
  0.25050E+03 -0.24506E-06  0.10282E-05  0.10574E-07
  0.25080E+03 -0.20737E-06  0.10042E-05  0.11764E-07
  0.25110E+03 -0.16766E-06  0.97156E-06  0.12896E-07
  0.25140E+03 -0.12621E-06  0.93017E-06  0.13966E-07
  0.25170E+03 -0.83286E-07  0.87990E-06  0.14972E-07
  0.25200E+03 -0.39165E-07  0.82086E-06  0.15913E-07
  0.25230E+03  0.58614E-08  0.75333E-06  0.16786E-07
  0.25260E+03  0.51482E-07  0.67777E-06  0.17589E-07
  0.25290E+03  0.97364E-07  0.59479E-06  0.18322E-07
  0.25320E+03  0.14315E-06  0.50511E-06  0.18983E-07
  0.25350E+03  0.18845E-06  0.40953E-06  0.19571E-07
  0.25380E+03  0.23288E-06  0.30889E-06  0.20087E-07
  0.25410E+03  0.27602E-06  0.20404E-06  0.20528E-07
  0.25440E+03  0.31747E-06  0.95833E-07  0.20896E-07
  0.25470E+03  0.35682E-06 -0.14864E-07  0.21190E-07
  0.25500E+03  0.39365E-06 -0.12716E-06  0.21411E-07
  0.25530E+03  0.42755E-06 -0.24013E-06  0.21559E-07
  0.25560E+03  0.45810E-06 -0.35282E-06  0.21635E-07
  0.25590E+03  0.48488E-06 -0.46423E-06  0.21639E-07
  0.25620E+03  0.50747E-06 -0.57338E-06  0.21575E-07
  0.25650E+03  0.52551E-06 -0.67924E-06  0.21441E-07
  0.25680E+03  0.53869E-06 -0.78082E-06  0.21241E-07
  0.25710E+03  0.54679E-06 -0.87713E-06  0.20975E-07
  0.25740E+03  0.54967E-06 -0.96722E-06  0.20646E-07
  0.25770E+03  0.54729E-06 -0.10502E-05  0.20255E-07
  0.25800E+03  0.53972E-06 -0.11253E-05  0.19805E-07
  0.25830E+03  0.52707E-06 -0.11917E-05  0.19298E-07
  0.25860E+03  0.50951E-06 -0.12489E-05  0.18737E-07
  0.25890E+03  0.48724E-06 -0.12963E-05  0.18124E-07
  0.25920E+03  0.46049E-06 -0.13336E-05  0.17462E-07
  0.25950E+03  0.42951E-06 -0.13604E-05  0.16753E-07
  0.25980E+03  0.39457E-06 -0.13766E-05  0.16001E-07
  0.26010E+03  0.35597E-06 -0.13820E-05  0.15208E-07
  0.26040E+03  0.31406E-06 -0.13767E-05  0.14378E-07
  0.26070E+03  0.26922E-06 -0.13606E-05  0.13513E-07
  0.26100E+03  0.22189E-06 -0.13340E-05  0.12618E-07
  0.26130E+03  0.17254E-06 -0.12971E-05  0.11694E-07
  0.26160E+03  0.12170E-06 -0.12502E-05  0.10745E-07
  0.26190E+03  0.69909E-07 -0.11937E-05  0.97756E-08
  0.26220E+03  0.17732E-07 -0.11282E-05  0.87879E-08
  0.26250E+03 -0.34268E-07 -0.10543E-05  0.77856E-08
  0.26280E+03 -0.85542E-07 -0.97273E-06  0.67720E-08
  0.26310E+03 -0.13557E-06 -0.88427E-06  0.57505E-08
  0.26340E+03 -0.18386E-06 -0.78984E-06  0.47244E-08
  0.26370E+03 -0.22998E-06 -0.69040E-06  0.36971E-08
  0.26400E+03 -0.27353E-06 -0.58697E-06  0.26719E-08
  0.26430E+03 -0.31417E-06 -0.48057E-06  0.16521E-08
  0.26460E+03 -0.35161E-06 -0.37228E-06  0.64091E-09
  0.26490E+03 -0.38561E-06 -0.26314E-06 -0.35864E-09
  0.26520E+03 -0.41601E-06 -0.15418E-06 -0.13434E-08
  0.26550E+03 -0.44267E-06 -0.46400E-07 -0.23103E-08
  0.26580E+03 -0.46551E-06  0.59243E-07 -0.32565E-08
  0.26610E+03 -0.48448E-06  0.16185E-06 -0.41792E-08
  0.26640E+03 -0.49957E-06  0.26062E-06 -0.50755E-08
  0.26670E+03 -0.51078E-06  0.35482E-06 -0.59431E-08
  0.26700E+03 -0.51812E-06  0.44387E-06 -0.67792E-08
  0.26730E+03 -0.52159E-06  0.52730E-06 -0.75816E-08
  0.26760E+03 -0.52122E-06  0.60477E-06 -0.83479E-08
  0.26790E+03 -0.51700E-06  0.67601E-06 -0.90762E-08
  0.26820E+03 -0.50895E-06  0.74083E-06 -0.97644E-08
  0.26850E+03 -0.49709E-06  0.79907E-06 -0.10411E-07
  0.26880E+03 -0.48149E-06  0.85057E-06 -0.11014E-07
  0.26910E+03 -0.46221E-06  0.89513E-06 -0.11572E-07
  0.26940E+03 -0.43935E-06  0.93256E-06 -0.12083E-07
  0.26970E+03 -0.41302E-06  0.96262E-06 -0.12547E-07
  0.27000E+03 -0.38336E-06  0.98508E-06 -0.12963E-07
  0.27030E+03 -0.35051E-06  0.99969E-06 -0.13330E-07
  0.27060E+03 -0.31464E-06  0.10063E-05 -0.13647E-07
  0.27090E+03 -0.27595E-06  0.10047E-05 -0.13913E-07
  0.27120E+03 -0.23467E-06  0.99499E-06 -0.14129E-07
  0.27150E+03 -0.19106E-06  0.97721E-06 -0.14295E-07
  0.27180E+03 -0.14546E-06  0.95161E-06 -0.14410E-07
  0.27210E+03 -0.98261E-07  0.91853E-06 -0.14475E-07
  0.27240E+03 -0.49898E-07  0.87845E-06 -0.14489E-07
  0.27270E+03 -0.87487E-09  0.83189E-06 -0.14455E-07
  0.27300E+03  0.48264E-07  0.77948E-06 -0.14372E-07
  0.27330E+03  0.96941E-07  0.72185E-06 -0.14242E-07
  0.27360E+03  0.14456E-06  0.65962E-06 -0.14066E-07
  0.27390E+03  0.19054E-06  0.59344E-06 -0.13844E-07
  0.27420E+03  0.23430E-06  0.52394E-06 -0.13579E-07
  0.27450E+03  0.27532E-06  0.45174E-06 -0.13271E-07
  0.27480E+03  0.31314E-06  0.37747E-06 -0.12922E-07
  0.27510E+03  0.34736E-06  0.30181E-06 -0.12535E-07
  0.27540E+03  0.37765E-06  0.22542E-06 -0.12111E-07
  0.27570E+03  0.40380E-06  0.14902E-06 -0.11652E-07
  0.27600E+03  0.42566E-06  0.73352E-07 -0.11160E-07
  0.27630E+03  0.44319E-06 -0.84890E-09 -0.10637E-07
  0.27660E+03  0.45643E-06 -0.72846E-07 -0.10086E-07
  0.27690E+03  0.46547E-06 -0.14194E-06 -0.95088E-08
  0.27720E+03  0.47047E-06 -0.20751E-06 -0.89078E-08
  0.27750E+03  0.47162E-06 -0.26900E-06 -0.82854E-08
  0.27780E+03  0.46913E-06 -0.32595E-06 -0.76439E-08
  0.27810E+03  0.46321E-06 -0.37800E-06 -0.69860E-08
  0.27840E+03  0.45412E-06 -0.42484E-06 -0.63142E-08
  0.27870E+03  0.44209E-06 -0.46622E-06 -0.56312E-08
  0.27900E+03  0.42740E-06 -0.50194E-06 -0.49393E-08
  0.27930E+03  0.41031E-06 -0.53178E-06 -0.42409E-08
  0.27960E+03  0.39109E-06 -0.55554E-06 -0.35386E-08
  0.27990E+03  0.37000E-06 -0.57303E-06 -0.28348E-08
  0.28020E+03  0.34727E-06 -0.58404E-06 -0.21320E-08
  0.28050E+03  0.32311E-06 -0.58841E-06 -0.14328E-08
  0.28080E+03  0.29766E-06 -0.58598E-06 -0.73920E-09
  0.28110E+03  0.27102E-06 -0.57668E-06 -0.53503E-10
  0.28140E+03  0.24328E-06 -0.56048E-06  0.62217E-09
  0.28170E+03  0.21443E-06 -0.53751E-06  0.12856E-08
  0.28200E+03  0.18450E-06 -0.50799E-06  0.19346E-08
  0.28230E+03  0.15346E-06 -0.47229E-06  0.25673E-08
  0.28260E+03  0.12128E-06 -0.43095E-06  0.31817E-08
  0.28290E+03  0.87930E-07 -0.38463E-06  0.37763E-08
  0.28320E+03  0.53389E-07 -0.33409E-06  0.43494E-08
  0.28350E+03  0.17622E-07 -0.28017E-06  0.48991E-08
  0.28380E+03 -0.19401E-07 -0.22375E-06  0.54241E-08
  0.28410E+03 -0.57706E-07 -0.16571E-06  0.59228E-08
  0.28440E+03 -0.97309E-07 -0.10687E-06  0.63941E-08
  0.28470E+03 -0.13821E-06 -0.48054E-07  0.68370E-08
  0.28500E+03 -0.18036E-06  0.10004E-07  0.72504E-08
  0.28530E+03 -0.22368E-06  0.66602E-07  0.76332E-08
  0.28560E+03 -0.26802E-06  0.12108E-06  0.79847E-08
  0.28590E+03 -0.31318E-06  0.17281E-06  0.83041E-08
  0.28620E+03 -0.35889E-06  0.22117E-06  0.85911E-08
  0.28650E+03 -0.40481E-06  0.26556E-06  0.88453E-08
  0.28680E+03 -0.45053E-06  0.30538E-06  0.90664E-08
  0.28710E+03 -0.49563E-06  0.34005E-06  0.92540E-08
  0.28740E+03 -0.53958E-06  0.36903E-06  0.94079E-08
  0.28770E+03 -0.58187E-06  0.39186E-06  0.95284E-08
  0.28800E+03 -0.62190E-06  0.40819E-06  0.96155E-08
  0.28830E+03 -0.65909E-06  0.41778E-06  0.96698E-08
  0.28860E+03 -0.69282E-06  0.42052E-06  0.96915E-08
  0.28890E+03 -0.72246E-06  0.41645E-06  0.96808E-08
  0.28920E+03 -0.74743E-06  0.40574E-06  0.96382E-08
  0.28950E+03 -0.76718E-06  0.38870E-06  0.95645E-08
  0.28980E+03 -0.78120E-06  0.36573E-06  0.94606E-08
  0.29010E+03 -0.78907E-06  0.33735E-06  0.93273E-08
  0.29040E+03 -0.79044E-06  0.30414E-06  0.91656E-08
  0.29070E+03 -0.78506E-06  0.26672E-06  0.89761E-08
  0.29100E+03 -0.77276E-06  0.22580E-06  0.87599E-08
  0.29130E+03 -0.75347E-06  0.18207E-06  0.85183E-08
  0.29160E+03 -0.72721E-06  0.13629E-06  0.82525E-08
  0.29190E+03 -0.69412E-06  0.89177E-07  0.79638E-08
  0.29220E+03 -0.65442E-06  0.41446E-07  0.76536E-08
  0.29250E+03 -0.60842E-06 -0.62245E-08  0.73230E-08
  0.29280E+03 -0.55653E-06 -0.53198E-07  0.69732E-08
  0.29310E+03 -0.49922E-06 -0.98888E-07  0.66060E-08
  0.29340E+03 -0.43707E-06 -0.14275E-06  0.62229E-08
  0.29370E+03 -0.37067E-06 -0.18430E-06  0.58254E-08
  0.29400E+03 -0.30066E-06 -0.22308E-06  0.54149E-08
  0.29430E+03 -0.22770E-06 -0.25869E-06  0.49929E-08
  0.29460E+03 -0.15245E-06 -0.29080E-06  0.45608E-08
  0.29490E+03 -0.75582E-07 -0.31910E-06  0.41204E-08
  0.29520E+03  0.22577E-08 -0.34335E-06  0.36732E-08
  0.29550E+03  0.80414E-07 -0.36333E-06  0.32209E-08
  0.29580E+03  0.15824E-06 -0.37889E-06  0.27651E-08
  0.29610E+03  0.23509E-06 -0.38992E-06  0.23070E-08
  0.29640E+03  0.31034E-06 -0.39637E-06  0.18481E-08
  0.29670E+03  0.38338E-06 -0.39824E-06  0.13900E-08
  0.29700E+03  0.45362E-06 -0.39562E-06  0.93444E-09
  0.29730E+03  0.52048E-06 -0.38868E-06  0.48279E-09
  0.29760E+03  0.58343E-06 -0.37768E-06  0.36415E-10
  0.29790E+03  0.64198E-06 -0.36292E-06 -0.40344E-09
  0.29820E+03  0.69567E-06 -0.34478E-06 -0.83545E-09
  0.29850E+03  0.74408E-06 -0.32369E-06 -0.12583E-08
  0.29880E+03  0.78685E-06 -0.30009E-06 -0.16705E-08
  0.29910E+03  0.82365E-06 -0.27446E-06 -0.20710E-08
  0.29940E+03  0.85421E-06 -0.24728E-06 -0.24585E-08
  0.29970E+03  0.87829E-06 -0.21904E-06 -0.28321E-08
  0.30000E+03  0.89571E-06 -0.19028E-06 -0.31909E-08
  0.30030E+03  0.90632E-06 -0.16151E-06 -0.35338E-08
  0.30060E+03  0.91002E-06 -0.13330E-06 -0.38599E-08
  0.30090E+03  0.90678E-06 -0.10622E-06 -0.41681E-08
  0.30120E+03  0.89661E-06 -0.80844E-07 -0.44579E-08
  0.30150E+03  0.87958E-06 -0.57726E-07 -0.47285E-08
  0.30180E+03  0.85580E-06 -0.37393E-07 -0.49795E-08
  0.30210E+03  0.82548E-06 -0.20310E-07 -0.52102E-08
  0.30240E+03  0.78889E-06 -0.68667E-08 -0.54202E-08
  0.30270E+03  0.74640E-06  0.26515E-08 -0.56089E-08
  0.30300E+03  0.69846E-06  0.80784E-08 -0.57760E-08
  0.30330E+03  0.64560E-06  0.93833E-08 -0.59213E-08
  0.30360E+03  0.58844E-06  0.66783E-08 -0.60447E-08
  0.30390E+03  0.52767E-06  0.21729E-09 -0.61462E-08
  0.30420E+03  0.46403E-06 -0.96146E-08 -0.62259E-08
  0.30450E+03  0.39829E-06 -0.22321E-07 -0.62834E-08
  0.30480E+03  0.33123E-06 -0.37319E-07 -0.63188E-08
  0.30510E+03  0.26364E-06 -0.53975E-07 -0.63325E-08
  0.30540E+03  0.19626E-06 -0.71627E-07 -0.63249E-08
  0.30570E+03  0.12982E-06 -0.89624E-07 -0.62965E-08
  0.30600E+03  0.64950E-07 -0.10734E-06 -0.62476E-08
  0.30630E+03  0.22614E-08 -0.12420E-06 -0.61783E-08
  0.30660E+03 -0.57712E-07 -0.13967E-06 -0.60891E-08
  0.30690E+03 -0.11449E-06 -0.15328E-06 -0.59808E-08
