  0.00000E+00 -0.19990E-18  0.00000E+00 -0.97409E-20
  0.30000E+00  0.30087E-17  0.19949E-16 -0.10164E-18
  0.60000E+00  0.68550E-13  0.76699E-13  0.69004E-13
  0.90000E+00  0.53640E-12  0.60010E-12  0.53904E-12
  0.12000E+01  0.21544E-11  0.24040E-11  0.21619E-11
  0.15000E+01  0.60756E-11  0.67850E-11  0.60909E-11
  0.18000E+01  0.13756E-10  0.15350E-10  0.13781E-10
  0.21000E+01  0.26850E-10  0.29920E-10  0.26888E-10
  0.24000E+01  0.47119E-10  0.52550E-10  0.47165E-10
  0.27000E+01  0.76323E-10  0.85140E-10  0.76372E-10
  0.30000E+01  0.11611E-09  0.12970E-09  0.11617E-09
  0.33000E+01  0.16799E-09  0.18710E-09  0.16804E-09
  0.36000E+01  0.23319E-09  0.26000E-09  0.23324E-09
  0.39000E+01  0.31267E-09  0.34840E-09  0.31266E-09
  0.42000E+01  0.40677E-09  0.45360E-09  0.40685E-09
  0.45000E+01  0.51589E-09  0.57470E-09  0.51591E-09
  0.48000E+01  0.63948E-09  0.71340E-09  0.63949E-09
  0.51000E+01  0.77673E-09  0.86500E-09  0.77676E-09
  0.54000E+01  0.92634E-09  0.10340E-08  0.92640E-09
  0.57000E+01  0.10866E-08  0.12070E-08  0.10866E-08
  0.60000E+01  0.12550E-08  0.13940E-08  0.12551E-08
  0.63000E+01  0.14291E-08  0.15950E-08  0.14291E-08
  0.66000E+01  0.16056E-08  0.17870E-08  0.16056E-08
  0.69000E+01  0.17812E-08  0.19850E-08  0.17811E-08
  0.72000E+01  0.19520E-08  0.21690E-08  0.19517E-08
  0.75000E+01  0.21140E-08  0.23570E-08  0.21135E-08
  0.78000E+01  0.22631E-08  0.25160E-08  0.22623E-08
  0.81000E+01  0.23950E-08  0.26680E-08  0.23940E-08
  0.84000E+01  0.25055E-08  0.27830E-08  0.25041E-08
  0.87000E+01  0.25904E-08  0.28770E-08  0.25885E-08
  0.90000E+01  0.26457E-08  0.29430E-08  0.26433E-08
  0.93000E+01  0.26675E-08  0.29660E-08  0.26646E-08
  0.96000E+01  0.26525E-08  0.29440E-08  0.26490E-08
  0.99000E+01  0.25975E-08  0.28830E-08  0.25935E-08
  0.10200E+02  0.25000E-08  0.27800E-08  0.24953E-08
  0.10500E+02  0.23578E-08  0.25899E-08  0.23526E-08
  0.10800E+02  0.21695E-08  0.23900E-08  0.21636E-08
  0.11100E+02  0.19342E-08  0.21100E-08  0.19278E-08
  0.11400E+02  0.16517E-08  0.17900E-08  0.16447E-08
  0.11700E+02  0.13229E-08  0.15101E-08  0.13149E-08
  0.12000E+02  0.94800E-09  0.99999E-09  0.93932E-09
  0.12300E+02  0.52930E-09  0.55002E-09  0.52140E-09
  0.12600E+02  0.70301E-10  0.30013E-10  0.61400E-10
  0.12900E+02 -0.42710E-09 -0.44997E-09 -0.43530E-09
  0.13200E+02 -0.95720E-09 -0.11299E-08 -0.96580E-09
  0.13500E+02 -0.15166E-08 -0.16701E-08 -0.15251E-08
  0.13800E+02 -0.20993E-08 -0.23621E-08 -0.21080E-08
  0.14100E+02 -0.27006E-08 -0.30250E-08 -0.27091E-08
  0.14400E+02 -0.33130E-08 -0.37060E-08 -0.33214E-08
  0.14700E+02 -0.39304E-08 -0.43980E-08 -0.39376E-08
  0.15000E+02 -0.45456E-08 -0.50770E-08 -0.45529E-08
  0.15300E+02 -0.51517E-08 -0.57490E-08 -0.51576E-08
  0.15600E+02 -0.57408E-08 -0.64090E-08 -0.57455E-08
  0.15900E+02 -0.63069E-08 -0.70330E-08 -0.63094E-08
  0.16200E+02 -0.68399E-08 -0.76242E-08 -0.68416E-08
  0.16500E+02 -0.73351E-08 -0.81700E-08 -0.73349E-08
  0.16800E+02 -0.77835E-08 -0.86660E-08 -0.77824E-08
  0.17100E+02 -0.81801E-08 -0.91090E-08 -0.81765E-08
  0.17400E+02 -0.85169E-08 -0.94780E-08 -0.85124E-08
  0.17700E+02 -0.87896E-08 -0.98200E-08 -0.87824E-08
  0.18000E+02 -0.89912E-08 -0.99700E-08 -0.89824E-08
  0.18300E+02 -0.91184E-08 -0.10160E-07 -0.91077E-08
  0.18600E+02 -0.91666E-08 -0.10180E-07 -0.91542E-08
  0.18900E+02 -0.91340E-08 -0.10170E-07 -0.91187E-08
  0.19200E+02 -0.90155E-08 -0.99999E-08 -0.89995E-08
  0.19500E+02 -0.88118E-08 -0.97600E-08 -0.87935E-08
  0.19800E+02 -0.85228E-08 -0.94199E-08 -0.85023E-08
  0.20100E+02 -0.81470E-08 -0.90199E-08 -0.81252E-08
  0.20400E+02 -0.76858E-08 -0.85499E-08 -0.76624E-08
  0.20700E+02 -0.71421E-08 -0.79101E-08 -0.71176E-08
  0.21000E+02 -0.65193E-08 -0.72200E-08 -0.64936E-08
  0.21300E+02 -0.58207E-08 -0.64599E-08 -0.57940E-08
  0.21600E+02 -0.50510E-08 -0.55900E-08 -0.50243E-08
  0.21900E+02 -0.42165E-08 -0.46000E-08 -0.41884E-08
  0.22200E+02 -0.33223E-08 -0.36100E-08 -0.32941E-08
  0.22500E+02 -0.23764E-08 -0.25400E-08 -0.23487E-08
  0.22800E+02 -0.13865E-08 -0.14400E-08 -0.13581E-08
  0.23100E+02 -0.35910E-09 -0.31014E-09 -0.33180E-09
  0.23400E+02  0.69420E-09  0.84992E-09  0.72600E-09
  0.23700E+02  0.17672E-08  0.19800E-08  0.17910E-08
  0.24000E+02  0.28497E-08  0.32501E-08  0.28770E-08
  0.24300E+02  0.39311E-08  0.44502E-08  0.39540E-08
  0.24600E+02  0.50038E-08  0.56100E-08  0.50190E-08
  0.24900E+02  0.60564E-08  0.67901E-08  0.60770E-08
  0.25200E+02  0.70810E-08  0.79699E-08  0.70990E-08
  0.25500E+02  0.80640E-08  0.90201E-08  0.80840E-08
  0.25800E+02  0.90110E-08  0.10030E-07  0.90200E-08
  0.26100E+02  0.98920E-08  0.11080E-07  0.98960E-08
  0.26400E+02  0.10707E-07  0.12000E-07  0.10717E-07
  0.26700E+02  0.11464E-07  0.12800E-07  0.11464E-07
  0.27000E+02  0.12134E-07  0.13550E-07  0.12133E-07
  0.27300E+02  0.12725E-07  0.14174E-07  0.12719E-07
  0.27600E+02  0.13216E-07  0.14715E-07  0.13213E-07
  0.27900E+02  0.13621E-07  0.15168E-07  0.13616E-07
  0.28200E+02  0.13933E-07  0.15500E-07  0.13919E-07
  0.28500E+02  0.14141E-07  0.15719E-07  0.14122E-07
  0.28800E+02  0.14242E-07  0.15833E-07  0.14222E-07
  0.29100E+02  0.14241E-07  0.15870E-07  0.14219E-07
  0.29400E+02  0.14135E-07  0.15690E-07  0.14113E-07
  0.29700E+02  0.13930E-07  0.15430E-07  0.13904E-07
  0.30000E+02  0.13617E-07  0.15130E-07  0.13594E-07
  0.30300E+02  0.13213E-07  0.14650E-07  0.13184E-07
  0.30600E+02  0.12714E-07  0.14050E-07  0.12681E-07
  0.30900E+02  0.12121E-07  0.13440E-07  0.12086E-07
  0.31200E+02  0.11439E-07  0.12680E-07  0.11403E-07
  0.31500E+02  0.10678E-07  0.11800E-07  0.10648E-07
  0.31800E+02  0.98510E-08  0.10930E-07  0.98110E-08
  0.32100E+02  0.89450E-08  0.99103E-08  0.89090E-08
  0.32400E+02  0.79920E-08  0.88103E-08  0.79550E-08
  0.32700E+02  0.69770E-08  0.77002E-08  0.69400E-08
  0.33000E+02  0.59220E-08  0.65402E-08  0.58840E-08
  0.33300E+02  0.48370E-08  0.53601E-08  0.48030E-08
  0.33600E+02  0.37230E-08  0.41100E-08  0.36890E-08
  0.33900E+02  0.25881E-08  0.27999E-08  0.25840E-08
  0.34200E+02  0.14366E-08  0.16598E-08  0.15390E-08
  0.34500E+02  0.26439E-09  0.47976E-09  0.64199E-09
  0.34800E+02 -0.93970E-09 -0.43019E-09 -0.17025E-10
  0.35100E+02 -0.21896E-08 -0.94997E-09 -0.31699E-09
  0.35400E+02 -0.34986E-08 -0.10600E-08 -0.18002E-09
  0.35700E+02 -0.48800E-08 -0.52023E-09  0.45799E-09
  0.36000E+02 -0.63409E-08  0.75988E-09  0.16770E-08
  0.36300E+02 -0.78865E-08  0.28199E-08  0.35030E-08
  0.36600E+02 -0.95188E-08  0.58601E-08  0.59660E-08
  0.36900E+02 -0.11228E-07  0.99801E-08  0.90160E-08
  0.37200E+02 -0.12988E-07  0.15000E-07  0.12530E-07
  0.37500E+02 -0.14756E-07  0.20890E-07  0.16327E-07
  0.37800E+02 -0.16472E-07  0.27510E-07  0.20214E-07
  0.38100E+02 -0.18076E-07  0.34680E-07  0.24027E-07
  0.38400E+02 -0.19508E-07  0.42050E-07  0.27643E-07
  0.38700E+02 -0.20735E-07  0.49480E-07  0.31034E-07
  0.39000E+02 -0.21749E-07  0.57160E-07  0.34320E-07
  0.39300E+02 -0.22579E-07  0.65090E-07  0.37603E-07
  0.39600E+02 -0.23249E-07  0.73400E-07  0.40861E-07
  0.39900E+02 -0.23755E-07  0.82214E-07  0.43910E-07
  0.40200E+02 -0.24073E-07  0.91311E-07  0.46585E-07
  0.40500E+02 -0.24165E-07  0.10062E-06  0.48805E-07
  0.40800E+02 -0.24009E-07  0.10999E-06  0.50475E-07
  0.41100E+02 -0.23572E-07  0.11930E-06  0.51476E-07
  0.41400E+02 -0.22813E-07  0.12834E-06  0.51607E-07
  0.41700E+02 -0.21678E-07  0.13684E-06  0.50628E-07
  0.42000E+02 -0.20103E-07  0.14442E-06  0.48331E-07
  0.42300E+02 -0.18029E-07  0.15076E-06  0.44562E-07
  0.42600E+02 -0.15409E-07  0.15537E-06  0.39175E-07
  0.42900E+02 -0.12183E-07  0.15791E-06  0.32035E-07
  0.43200E+02 -0.83140E-08  0.15808E-06  0.23028E-07
  0.43500E+02 -0.37670E-08  0.15539E-06  0.12062E-07
  0.43800E+02  0.14940E-08  0.14956E-06 -0.92200E-09
  0.44100E+02  0.74670E-08  0.14003E-06 -0.15985E-07
  0.44400E+02  0.14188E-07  0.12667E-06 -0.33130E-07
  0.44700E+02  0.21623E-07  0.10899E-06 -0.52313E-07
  0.45000E+02  0.29763E-07  0.86890E-07 -0.73436E-07
  0.45300E+02  0.38576E-07  0.59900E-07 -0.96387E-07
  0.45600E+02  0.48004E-07  0.28070E-07 -0.12098E-06
  0.45900E+02  0.57992E-07 -0.88901E-08 -0.14695E-06
  0.46200E+02  0.68429E-07 -0.50740E-07 -0.17403E-06
  0.46500E+02  0.79202E-07 -0.97660E-07 -0.20188E-06
  0.46800E+02  0.90175E-07 -0.14912E-06 -0.23010E-06
  0.47100E+02  0.10118E-06 -0.20496E-06 -0.25818E-06
  0.47400E+02  0.11202E-06 -0.26460E-06 -0.28560E-06
  0.47700E+02  0.12251E-06 -0.32753E-06 -0.31178E-06
  0.48000E+02  0.13240E-06 -0.39280E-06 -0.33608E-06
  0.48300E+02  0.14144E-06 -0.45971E-06 -0.35790E-06
  0.48600E+02  0.14936E-06 -0.52711E-06 -0.37660E-06
  0.48900E+02  0.15590E-06 -0.59384E-06 -0.39156E-06
  0.49200E+02  0.16079E-06 -0.65863E-06 -0.40221E-06
  0.49500E+02  0.16379E-06 -0.72045E-06 -0.40803E-06
  0.49800E+02  0.16464E-06 -0.77776E-06 -0.40856E-06
  0.50100E+02  0.16316E-06 -0.82961E-06 -0.40340E-06
  0.50400E+02  0.15914E-06 -0.87451E-06 -0.39225E-06
  0.50700E+02  0.15243E-06 -0.91142E-06 -0.37488E-06
  0.51000E+02  0.14293E-06 -0.93923E-06 -0.35116E-06
  0.51300E+02  0.13056E-06 -0.95694E-06 -0.32106E-06
  0.51600E+02  0.11527E-06 -0.96355E-06 -0.28464E-06
  0.51900E+02  0.97078E-07 -0.95832E-06 -0.24205E-06
  0.52200E+02  0.76019E-07 -0.94054E-06 -0.19356E-06
  0.52500E+02  0.52201E-07 -0.90973E-06 -0.13949E-06
  0.52800E+02  0.25764E-07 -0.86552E-06 -0.80298E-07
  0.53100E+02 -0.31015E-08 -0.80770E-06 -0.16489E-07
  0.53400E+02 -0.34163E-07 -0.73635E-06  0.51314E-07
  0.53700E+02 -0.67147E-07 -0.65164E-06  0.12242E-06
  0.54000E+02 -0.10172E-06 -0.55396E-06  0.19602E-06
  0.54300E+02 -0.13754E-06 -0.44391E-06  0.27126E-06
  0.54600E+02 -0.17421E-06 -0.32226E-06  0.34718E-06
  0.54900E+02 -0.21131E-06 -0.18997E-06  0.42280E-06
  0.55200E+02 -0.24839E-06 -0.48237E-07  0.49710E-06
  0.55500E+02 -0.28497E-06  0.10158E-06  0.56905E-06
  0.55800E+02 -0.32056E-06  0.25794E-06  0.63763E-06
  0.56100E+02 -0.35467E-06  0.41919E-06  0.70187E-06
  0.56400E+02 -0.38679E-06  0.58351E-06  0.76077E-06
  0.56700E+02 -0.41642E-06  0.74904E-06  0.81346E-06
  0.57000E+02 -0.44310E-06  0.91381E-06  0.85908E-06
  0.57300E+02 -0.46636E-06  0.10758E-05  0.89685E-06
  0.57600E+02 -0.48579E-06  0.12330E-05  0.92608E-06
  0.57900E+02 -0.50097E-06  0.13833E-05  0.94619E-06
  0.58200E+02 -0.51155E-06  0.15249E-05  0.95668E-06
  0.58500E+02 -0.51729E-06  0.16558E-05  0.95722E-06
  0.58800E+02 -0.51805E-06  0.17743E-05  0.94759E-06
  0.59100E+02 -0.51385E-06  0.18787E-05  0.92777E-06
  0.59400E+02 -0.50494E-06  0.19674E-05  0.89791E-06
  0.59700E+02 -0.49171E-06  0.20391E-05  0.85834E-06
  0.60000E+02 -0.47465E-06  0.20924E-05  0.80957E-06
  0.60300E+02 -0.45435E-06  0.21262E-05  0.75224E-06
  0.60600E+02 -0.43144E-06  0.21398E-05  0.68711E-06
  0.60900E+02 -0.40656E-06  0.21328E-05  0.61497E-06
  0.61200E+02 -0.38034E-06  0.21047E-05  0.53670E-06
  0.61500E+02 -0.35335E-06  0.20556E-05  0.45315E-06
  0.61800E+02 -0.32612E-06  0.19856E-05  0.36520E-06
  0.62100E+02 -0.29907E-06  0.18949E-05  0.27372E-06
  0.62400E+02 -0.27262E-06  0.17839E-05  0.17963E-06
  0.62700E+02 -0.24716E-06  0.16535E-05  0.83828E-07
  0.63000E+02 -0.22306E-06  0.15043E-05 -0.12754E-07
  0.63300E+02 -0.20042E-06  0.13376E-05 -0.10923E-06
  0.63600E+02 -0.17916E-06  0.11548E-05 -0.20478E-06
  0.63900E+02 -0.15908E-06  0.95763E-06 -0.29867E-06
  0.64200E+02 -0.13994E-06  0.74814E-06 -0.39025E-06
  0.64500E+02 -0.12144E-06  0.52817E-06 -0.47894E-06
  0.64800E+02 -0.10330E-06  0.30010E-06 -0.56421E-06
  0.65100E+02 -0.85326E-07  0.65780E-07 -0.64553E-06
  0.65400E+02 -0.67525E-07 -0.17225E-06 -0.72238E-06
  0.65700E+02 -0.50152E-07 -0.41186E-06 -0.79418E-06
  0.66000E+02 -0.33802E-07 -0.65084E-06 -0.86027E-06
  0.66300E+02 -0.19323E-07 -0.88692E-06 -0.91992E-06
  0.66600E+02 -0.73060E-08 -0.11180E-05 -0.97234E-06
  0.66900E+02  0.23830E-08 -0.13417E-05 -0.10168E-05
  0.67200E+02  0.10700E-07 -0.15555E-05 -0.10526E-05
  0.67500E+02  0.19000E-07 -0.17572E-05 -0.10794E-05
  0.67800E+02  0.28704E-07 -0.19448E-05 -0.10969E-05
  0.68100E+02  0.41063E-07 -0.21164E-05 -0.11050E-05
  0.68400E+02  0.57239E-07 -0.22707E-05 -0.11036E-05
  0.68700E+02  0.78589E-07 -0.24056E-05 -0.10927E-05
  0.69000E+02  0.10676E-06 -0.25199E-05 -0.10723E-05
  0.69300E+02  0.14362E-06 -0.26120E-05 -0.10427E-05
  0.69600E+02  0.19122E-06 -0.26807E-05 -0.10040E-05
  0.69900E+02  0.25145E-06 -0.27252E-05 -0.95669E-06
  0.70200E+02  0.32612E-06 -0.27448E-05 -0.90131E-06
  0.70500E+02  0.41699E-06 -0.27389E-05 -0.83850E-06
  0.70800E+02  0.52596E-06 -0.27072E-05 -0.76896E-06
  0.71100E+02  0.65479E-06 -0.26496E-05 -0.69347E-06
  0.71400E+02  0.80489E-06 -0.25663E-05 -0.61275E-06
  0.71700E+02  0.97718E-06 -0.24577E-05 -0.52757E-06
  0.72000E+02  0.11719E-05 -0.23248E-05 -0.43866E-06
  0.72300E+02  0.13887E-05 -0.21687E-05 -0.34685E-06
  0.72600E+02  0.16264E-05 -0.19909E-05 -0.25298E-06
  0.72900E+02  0.18831E-05 -0.17932E-05 -0.15798E-06
  0.73200E+02  0.21562E-05 -0.15779E-05 -0.62831E-07
  0.73500E+02  0.24421E-05 -0.13474E-05  0.31514E-07
  0.73800E+02  0.27362E-05 -0.11045E-05  0.12414E-06
  0.74100E+02  0.30333E-05 -0.85225E-06  0.21413E-06
  0.74400E+02  0.33272E-05 -0.59380E-06  0.30057E-06
  0.74700E+02  0.36113E-05 -0.33262E-06  0.38252E-06
  0.75000E+02  0.38779E-05 -0.72269E-07  0.45904E-06
  0.75300E+02  0.41193E-05  0.18367E-06  0.52921E-06
  0.75600E+02  0.43272E-05  0.43160E-06  0.59215E-06
  0.75900E+02  0.44934E-05  0.66806E-06  0.64707E-06
  0.76200E+02  0.46101E-05  0.88979E-06  0.69325E-06
  0.76500E+02  0.46695E-05  0.10937E-05  0.73006E-06
  0.76800E+02  0.46648E-05  0.12771E-05  0.75690E-06
  0.77100E+02  0.45900E-05  0.14376E-05  0.77331E-06
  0.77400E+02  0.44402E-05  0.15733E-05  0.77898E-06
  0.77700E+02  0.42120E-05  0.16826E-05  0.77374E-06
  0.78000E+02  0.39035E-05  0.17647E-05  0.75762E-06
  0.78300E+02  0.35141E-05  0.18193E-05  0.73087E-06
  0.78600E+02  0.30454E-05  0.18464E-05  0.69385E-06
  0.78900E+02  0.25006E-05  0.18469E-05  0.64720E-06
  0.79200E+02  0.18842E-05  0.18217E-05  0.59163E-06
  0.79500E+02  0.12026E-05  0.17726E-05  0.52812E-06
  0.79800E+02  0.46323E-06  0.17014E-05  0.45778E-06
  0.80100E+02 -0.32495E-06  0.16102E-05  0.38189E-06
  0.80400E+02 -0.11523E-05  0.15016E-05  0.30179E-06
  0.80700E+02 -0.20082E-05  0.13776E-05  0.21892E-06
  0.81000E+02 -0.28818E-05  0.12410E-05  0.13470E-06
  0.81300E+02 -0.37619E-05  0.10940E-05  0.50560E-07
  0.81600E+02 -0.46372E-05  0.93925E-06 -0.32200E-07
  0.81900E+02 -0.54965E-05  0.77897E-06 -0.11238E-06
  0.82200E+02 -0.63290E-05  0.61547E-06 -0.18891E-06
  0.82500E+02 -0.71241E-05  0.45087E-06 -0.26093E-06
  0.82800E+02 -0.78716E-05  0.28761E-06 -0.32777E-06
  0.83100E+02 -0.85622E-05  0.12761E-06 -0.38884E-06
  0.83400E+02 -0.91869E-05 -0.26710E-07 -0.44398E-06
  0.83700E+02 -0.97371E-05 -0.17319E-06 -0.49283E-06
  0.84000E+02 -0.10205E-04 -0.30946E-06 -0.53523E-06
  0.84300E+02 -0.10584E-04 -0.43323E-06 -0.57106E-06
  0.84600E+02 -0.10868E-04 -0.54204E-06 -0.60019E-06
  0.84900E+02 -0.11050E-04 -0.63378E-06 -0.62247E-06
  0.85200E+02 -0.11127E-04 -0.70633E-06 -0.63765E-06
  0.85500E+02 -0.11095E-04 -0.75787E-06 -0.64540E-06
  0.85800E+02 -0.10952E-04 -0.78695E-06 -0.64533E-06
  0.86100E+02 -0.10697E-04 -0.79248E-06 -0.63699E-06
  0.86400E+02 -0.10329E-04 -0.77390E-06 -0.61994E-06
  0.86700E+02 -0.98509E-05 -0.73113E-06 -0.59384E-06
  0.87000E+02 -0.92655E-05 -0.66467E-06 -0.55840E-06
  0.87300E+02 -0.85774E-05 -0.57549E-06 -0.51347E-06
  0.87600E+02 -0.77925E-05 -0.46503E-06 -0.45902E-06
  0.87900E+02 -0.69181E-05 -0.33509E-06 -0.39522E-06
  0.88200E+02 -0.59628E-05 -0.18783E-06 -0.32237E-06
  0.88500E+02 -0.49358E-05 -0.25590E-07 -0.24096E-06
  0.88800E+02 -0.38474E-05  0.14894E-06 -0.15159E-06
  0.89100E+02 -0.27085E-05  0.33306E-06 -0.54957E-07
  0.89400E+02 -0.15305E-05  0.52407E-06  0.48188E-07
  0.89700E+02 -0.32479E-06  0.71882E-06  0.15700E-06
  0.90000E+02  0.89673E-06  0.91446E-06  0.27059E-06
  0.90300E+02  0.21223E-05  0.11079E-05  0.38796E-06
  0.90600E+02  0.33403E-05  0.12962E-05  0.50809E-06
  0.90900E+02  0.45389E-05  0.14760E-05  0.62984E-06
  0.91200E+02  0.57068E-05  0.16446E-05  0.75198E-06
  0.91500E+02  0.68329E-05  0.17989E-05  0.87321E-06
  0.91800E+02  0.79061E-05  0.19362E-05  0.99213E-06
  0.92100E+02  0.89164E-05  0.20538E-05  0.11073E-05
  0.92400E+02  0.98534E-05  0.21496E-05  0.12172E-05
  0.92700E+02  0.10708E-04  0.22211E-05  0.13205E-05
  0.93000E+02  0.11472E-04  0.22671E-05  0.14156E-05
  0.93300E+02  0.12137E-04  0.22857E-05  0.15013E-05
  0.93600E+02  0.12698E-04  0.22761E-05  0.15763E-05
  0.93900E+02  0.13148E-04  0.22376E-05  0.16394E-05
  0.94200E+02  0.13485E-04  0.21698E-05  0.16895E-05
  0.94500E+02  0.13704E-04  0.20728E-05  0.17256E-05
  0.94800E+02  0.13806E-04  0.19471E-05  0.17468E-05
  0.95100E+02  0.13789E-04  0.17936E-05  0.17525E-05
  0.95400E+02  0.13655E-04  0.16135E-05  0.17419E-05
  0.95700E+02  0.13406E-04  0.14085E-05  0.17147E-05
  0.96000E+02  0.13045E-04  0.11805E-05  0.16705E-05
  0.96300E+02  0.12576E-04  0.93178E-06  0.16091E-05
  0.96600E+02  0.12006E-04  0.66483E-06  0.15308E-05
  0.96900E+02  0.11339E-04  0.38227E-06  0.14358E-05
  0.97200E+02  0.10583E-04  0.87160E-07  0.13246E-05
  0.97500E+02  0.97445E-05 -0.21748E-06  0.11979E-05
  0.97800E+02  0.88328E-05 -0.52837E-06  0.10564E-05
  0.98100E+02  0.78567E-05 -0.84244E-06  0.90123E-06
  0.98400E+02  0.68255E-05 -0.11561E-05  0.73350E-06
  0.98700E+02  0.57492E-05 -0.14660E-05  0.55450E-06
  0.99000E+02  0.46385E-05 -0.17687E-05  0.36570E-06
  0.99300E+02  0.35038E-05 -0.20609E-05  0.16864E-06
  0.99600E+02  0.23558E-05 -0.23391E-05 -0.34936E-07
  0.99900E+02  0.12052E-05 -0.26003E-05 -0.24325E-06
  0.10020E+03  0.62500E-07 -0.28416E-05 -0.45443E-06
  0.10050E+03 -0.10623E-05 -0.30602E-05 -0.66653E-06
  0.10080E+03 -0.21593E-05 -0.32538E-05 -0.87758E-06
  0.10110E+03 -0.32195E-05 -0.34202E-05 -0.10856E-05
  0.10140E+03 -0.42343E-05 -0.35575E-05 -0.12887E-05
  0.10170E+03 -0.51955E-05 -0.36642E-05 -0.14849E-05
  0.10200E+03 -0.60961E-05 -0.37391E-05 -0.16724E-05
  0.10230E+03 -0.69293E-05 -0.37814E-05 -0.18492E-05
  0.10260E+03 -0.76892E-05 -0.37905E-05 -0.20138E-05
  0.10290E+03 -0.83706E-05 -0.37662E-05 -0.21644E-05
  0.10320E+03 -0.89693E-05 -0.37087E-05 -0.22995E-05
  0.10350E+03 -0.94819E-05 -0.36185E-05 -0.24178E-05
  0.10380E+03 -0.99058E-05 -0.34965E-05 -0.25181E-05
  0.10410E+03 -0.10240E-04 -0.33438E-05 -0.25993E-05
  0.10440E+03 -0.10482E-04 -0.31621E-05 -0.26607E-05
  0.10470E+03 -0.10634E-04 -0.29529E-05 -0.27015E-05
  0.10500E+03 -0.10697E-04 -0.27185E-05 -0.27214E-05
  0.10530E+03 -0.10673E-04 -0.24613E-05 -0.27199E-05
  0.10560E+03 -0.10564E-04 -0.21837E-05 -0.26971E-05
  0.10590E+03 -0.10374E-04 -0.18886E-05 -0.26531E-05
  0.10620E+03 -0.10107E-04 -0.15789E-05 -0.25881E-05
  0.10650E+03 -0.97683E-05 -0.12575E-05 -0.25029E-05
  0.10680E+03 -0.93630E-05 -0.92755E-06 -0.23979E-05
  0.10710E+03 -0.88967E-05 -0.59213E-06 -0.22743E-05
  0.10740E+03 -0.83755E-05 -0.25455E-06 -0.21331E-05
  0.10770E+03 -0.78060E-05  0.82266E-07 -0.19755E-05
  0.10800E+03 -0.71949E-05  0.41509E-06 -0.18028E-05
  0.10830E+03 -0.65491E-05  0.74092E-06 -0.16167E-05
  0.10860E+03 -0.58759E-05  0.10568E-05 -0.14188E-05
  0.10890E+03 -0.51822E-05  0.13601E-05 -0.12107E-05
  0.10920E+03 -0.44753E-05  0.16480E-05 -0.99432E-06
  0.10950E+03 -0.37620E-05  0.19181E-05 -0.77146E-06
  0.10980E+03 -0.30492E-05  0.21684E-05 -0.54423E-06
  0.11010E+03 -0.23431E-05  0.23968E-05 -0.31435E-06
  0.11040E+03 -0.16501E-05  0.26016E-05 -0.83960E-07
  0.11070E+03 -0.97563E-06  0.27814E-05  0.14517E-06
  0.11100E+03 -0.32516E-06  0.29350E-05  0.37103E-06
  0.11130E+03  0.29643E-06  0.30617E-05  0.59184E-06
  0.11160E+03  0.88489E-06  0.31606E-05  0.80581E-06
  0.11190E+03  0.14360E-05  0.32317E-05  0.10112E-05
  0.11220E+03  0.19467E-05  0.32748E-05  0.12064E-05
  0.11250E+03  0.24141E-05  0.32901E-05  0.13900E-05
  0.11280E+03  0.28358E-05  0.32783E-05  0.15607E-05
  0.11310E+03  0.32103E-05  0.32400E-05  0.17172E-05
  0.11340E+03  0.35364E-05  0.31762E-05  0.18585E-05
  0.11370E+03  0.38137E-05  0.30882E-05  0.19836E-05
  0.11400E+03  0.40421E-05  0.29775E-05  0.20919E-05
  0.11430E+03  0.42223E-05  0.28458E-05  0.21828E-05
  0.11460E+03  0.43553E-05  0.26947E-05  0.22557E-05
  0.11490E+03  0.44426E-05  0.25262E-05  0.23106E-05
  0.11520E+03  0.44859E-05  0.23426E-05  0.23474E-05
  0.11550E+03  0.44877E-05  0.21459E-05  0.23661E-05
  0.11580E+03  0.44505E-05  0.19382E-05  0.23670E-05
  0.11610E+03  0.43772E-05  0.17219E-05  0.23506E-05
  0.11640E+03  0.42709E-05  0.14992E-05  0.23172E-05
  0.11670E+03  0.41351E-05  0.12724E-05  0.22678E-05
  0.11700E+03  0.39732E-05  0.10438E-05  0.22032E-05
  0.11730E+03  0.37890E-05  0.81566E-06  0.21241E-05
  0.11760E+03  0.35861E-05  0.58996E-06  0.20318E-05
  0.11790E+03  0.33682E-05  0.36878E-06  0.19273E-05
  0.11820E+03  0.31390E-05  0.15401E-06  0.18120E-05
  0.11850E+03  0.29023E-05 -0.52566E-07  0.16869E-05
  0.11880E+03  0.26612E-05 -0.24933E-06  0.15535E-05
  0.11910E+03  0.24193E-05 -0.43483E-06  0.14132E-05
  0.11940E+03  0.21796E-05 -0.60776E-06  0.12674E-05
  0.11970E+03  0.19451E-05 -0.76701E-06  0.11174E-05
  0.12000E+03  0.17185E-05 -0.91163E-06  0.96460E-06
  0.12030E+03  0.15022E-05 -0.10409E-05  0.81049E-06
  0.12060E+03  0.12983E-05 -0.11542E-05  0.65627E-06
  0.12090E+03  0.11089E-05 -0.12513E-05  0.50333E-06
  0.12120E+03  0.93522E-06 -0.13319E-05  0.35281E-06
  0.12150E+03  0.77870E-06 -0.13961E-05  0.20598E-06
  0.12180E+03  0.64001E-06 -0.14440E-05  0.63820E-07
  0.12210E+03  0.51999E-06 -0.14760E-05 -0.72610E-07
  0.12240E+03  0.41877E-06 -0.14926E-05 -0.20241E-06
  0.12270E+03  0.33628E-06 -0.14945E-05 -0.32477E-06
  0.12300E+03  0.27238E-06 -0.14824E-05 -0.43899E-06
  0.12330E+03  0.22639E-06 -0.14574E-05 -0.54448E-06
  0.12360E+03  0.19748E-06 -0.14203E-05 -0.64072E-06
  0.12390E+03  0.18469E-06 -0.13722E-05 -0.72736E-06
  0.12420E+03  0.18667E-06 -0.13145E-05 -0.80411E-06
  0.12450E+03  0.20201E-06 -0.12482E-05 -0.87083E-06
  0.12480E+03  0.22912E-06 -0.11747E-05 -0.92744E-06
  0.12510E+03  0.26626E-06 -0.10954E-05 -0.97400E-06
  0.12540E+03  0.31162E-06 -0.10113E-05 -0.10107E-05
  0.12570E+03  0.36333E-06 -0.92395E-06 -0.10376E-05
  0.12600E+03  0.41948E-06 -0.83452E-06 -0.10553E-05
  0.12630E+03  0.47814E-06 -0.74429E-06 -0.10640E-05
  0.12660E+03  0.53739E-06 -0.65444E-06 -0.10642E-05
  0.12690E+03  0.59539E-06 -0.56608E-06 -0.10564E-05
  0.12720E+03  0.65030E-06 -0.48025E-06 -0.10413E-05
  0.12750E+03  0.70045E-06 -0.39794E-06 -0.10195E-05
  0.12780E+03  0.74423E-06 -0.32000E-06 -0.99163E-06
  0.12810E+03  0.78019E-06 -0.24721E-06 -0.95841E-06
  0.12840E+03  0.80704E-06 -0.18023E-06 -0.92053E-06
  0.12870E+03  0.82364E-06 -0.11962E-06 -0.87875E-06
  0.12900E+03  0.82903E-06 -0.65814E-07 -0.83375E-06
  0.12930E+03  0.82243E-06 -0.19147E-07 -0.78630E-06
  0.12960E+03  0.80328E-06  0.20163E-07 -0.73708E-06
  0.12990E+03  0.77118E-06  0.52030E-07 -0.68676E-06
  0.13020E+03  0.72598E-06  0.76400E-07 -0.63600E-06
  0.13050E+03  0.66768E-06  0.93510E-07 -0.58540E-06
  0.13080E+03  0.59651E-06  0.10346E-06 -0.53553E-06
  0.13110E+03  0.51286E-06  0.10650E-06 -0.48691E-06
  0.13140E+03  0.41733E-06  0.10318E-06 -0.44003E-06
  0.13170E+03  0.31067E-06  0.93940E-07 -0.39529E-06
  0.13200E+03  0.19380E-06  0.79160E-07 -0.35306E-06
  0.13230E+03  0.67762E-07  0.59660E-07 -0.31363E-06
  0.13260E+03 -0.66247E-07  0.35910E-07 -0.27724E-06
  0.13290E+03 -0.20693E-06  0.85900E-08 -0.24409E-06
  0.13320E+03 -0.35292E-06 -0.21380E-07 -0.21428E-06
  0.13350E+03 -0.50272E-06 -0.53480E-07 -0.18789E-06
  0.13380E+03 -0.65485E-06 -0.86900E-07 -0.16493E-06
  0.13410E+03 -0.80774E-06 -0.12090E-06 -0.14535E-06
  0.13440E+03 -0.95982E-06 -0.15468E-06 -0.12904E-06
  0.13470E+03 -0.11095E-05 -0.18763E-06 -0.11587E-06
  0.13500E+03 -0.12554E-05 -0.21906E-06 -0.10565E-06
  0.13530E+03 -0.13958E-05 -0.24831E-06 -0.98173E-07
  0.13560E+03 -0.15293E-05 -0.27478E-06 -0.93158E-07
  0.13590E+03 -0.16547E-05 -0.29794E-06 -0.90344E-07
  0.13620E+03 -0.17705E-05 -0.31730E-06 -0.89401E-07
  0.13650E+03 -0.18757E-05 -0.33244E-06 -0.90016E-07
  0.13680E+03 -0.19692E-05 -0.34303E-06 -0.91850E-07
  0.13710E+03 -0.20501E-05 -0.34878E-06 -0.94552E-07
  0.13740E+03 -0.21175E-05 -0.34947E-06 -0.97790E-07
  0.13770E+03 -0.21708E-05 -0.34497E-06 -0.10122E-06
  0.13800E+03 -0.22095E-05 -0.33522E-06 -0.10449E-06
  0.13830E+03 -0.22333E-05 -0.32024E-06 -0.10730E-06
  0.13860E+03 -0.22420E-05 -0.30011E-06 -0.10935E-06
  0.13890E+03 -0.22355E-05 -0.27499E-06 -0.11034E-06
  0.13920E+03 -0.22139E-05 -0.24509E-06 -0.11003E-06
  0.13950E+03 -0.21775E-05 -0.21070E-06 -0.10819E-06
  0.13980E+03 -0.21266E-05 -0.17213E-06 -0.10462E-06
  0.14010E+03 -0.20619E-05 -0.12988E-06 -0.99162E-07
  0.14040E+03 -0.19839E-05 -0.84250E-07 -0.91681E-07
  0.14070E+03 -0.18934E-05 -0.35740E-07 -0.82092E-07
  0.14100E+03 -0.17914E-05  0.15070E-07 -0.70345E-07
  0.14130E+03 -0.16787E-05  0.67600E-07 -0.56400E-07
  0.14160E+03 -0.15566E-05  0.12148E-06 -0.40295E-07
  0.14190E+03 -0.14260E-05  0.17591E-06 -0.22073E-07
  0.14220E+03 -0.12882E-05  0.23053E-06 -0.18330E-08
  0.14250E+03 -0.11444E-05  0.28465E-06  0.20315E-07
  0.14280E+03 -0.99591E-06  0.33770E-06  0.44216E-07
  0.14310E+03 -0.84398E-06  0.38913E-06  0.69692E-07
  0.14340E+03 -0.68988E-06  0.43844E-06  0.96529E-07
  0.14370E+03 -0.53489E-06  0.48512E-06  0.12450E-06
  0.14400E+03 -0.38025E-06  0.52868E-06  0.15336E-06
  0.14430E+03 -0.22719E-06  0.56871E-06  0.18284E-06
  0.14460E+03 -0.76842E-07  0.60481E-06  0.21267E-06
  0.14490E+03  0.69677E-07  0.63662E-06  0.24257E-06
  0.14520E+03  0.21133E-06  0.66386E-06  0.27222E-06
  0.14550E+03  0.34717E-06  0.68628E-06  0.30136E-06
  0.14580E+03  0.47632E-06  0.70368E-06  0.32968E-06
  0.14610E+03  0.59802E-06  0.71592E-06  0.35690E-06
  0.14640E+03  0.71153E-06  0.72292E-06  0.38273E-06
  0.14670E+03  0.81625E-06  0.72466E-06  0.40693E-06
  0.14700E+03  0.91183E-06  0.72114E-06  0.42923E-06
  0.14730E+03  0.99778E-06  0.71245E-06  0.44942E-06
  0.14760E+03  0.10738E-05  0.69872E-06  0.46726E-06
  0.14790E+03  0.11399E-05  0.68013E-06  0.48258E-06
  0.14820E+03  0.11958E-05  0.65688E-06  0.49522E-06
  0.14850E+03  0.12416E-05  0.62925E-06  0.50503E-06
  0.14880E+03  0.12774E-05  0.59754E-06  0.51190E-06
  0.14910E+03  0.13035E-05  0.56207E-06  0.51576E-06
  0.14940E+03  0.13202E-05  0.52323E-06  0.51656E-06
  0.14970E+03  0.13278E-05  0.48139E-06  0.51426E-06
  0.15000E+03  0.13267E-05  0.43696E-06  0.50888E-06
  0.15030E+03  0.13176E-05  0.39039E-06  0.50045E-06
  0.15060E+03  0.13008E-05  0.34209E-06  0.48903E-06
  0.15090E+03  0.12771E-05  0.29251E-06  0.47473E-06
  0.15120E+03  0.12471E-05  0.24210E-06  0.45764E-06
  0.15150E+03  0.12115E-05  0.19129E-06  0.43791E-06
  0.15180E+03  0.11709E-05  0.14053E-06  0.41570E-06
  0.15210E+03  0.11260E-05  0.90202E-07  0.39121E-06
  0.15240E+03  0.10776E-05  0.40747E-07  0.36462E-06
  0.15270E+03  0.10263E-05 -0.74754E-08  0.33616E-06
  0.15300E+03  0.97287E-06 -0.54102E-07  0.30605E-06
  0.15330E+03  0.91789E-06 -0.98804E-07  0.27453E-06
  0.15360E+03  0.86201E-06 -0.14128E-06  0.24187E-06
  0.15390E+03  0.80585E-06 -0.18126E-06  0.20829E-06
  0.15420E+03  0.74994E-06 -0.21852E-06  0.17407E-06
  0.15450E+03  0.69482E-06 -0.25283E-06  0.13947E-06
  0.15480E+03  0.64092E-06 -0.28406E-06  0.10473E-06
  0.15510E+03  0.58868E-06 -0.31206E-06  0.70116E-07
  0.15540E+03  0.53844E-06 -0.33675E-06  0.35857E-07
  0.15570E+03  0.49052E-06 -0.35807E-06  0.21860E-08
  0.15600E+03  0.44515E-06 -0.37599E-06 -0.30662E-07
  0.15630E+03  0.40251E-06 -0.39054E-06 -0.62485E-07
  0.15660E+03  0.36276E-06 -0.40174E-06 -0.93092E-07
  0.15690E+03  0.32595E-06 -0.40978E-06 -0.12231E-06
  0.15720E+03  0.29211E-06 -0.41451E-06 -0.14996E-06
  0.15750E+03  0.26123E-06 -0.41640E-06 -0.17590E-06
  0.15780E+03  0.23321E-06 -0.41532E-06 -0.20003E-06
  0.15810E+03  0.20793E-06 -0.41159E-06 -0.22224E-06
  0.15840E+03  0.18526E-06 -0.40539E-06 -0.24244E-06
  0.15870E+03  0.16497E-06 -0.39693E-06 -0.26057E-06
  0.15900E+03  0.14686E-06 -0.38641E-06 -0.27658E-06
  0.15930E+03  0.13068E-06 -0.37409E-06 -0.29047E-06
  0.15960E+03  0.11614E-06 -0.36019E-06 -0.30222E-06
  0.15990E+03  0.10298E-06 -0.34498E-06 -0.31185E-06
  0.16020E+03  0.90878E-07 -0.32867E-06 -0.31939E-06
  0.16050E+03  0.79583E-07 -0.31152E-06 -0.32489E-06
  0.16080E+03  0.68677E-07 -0.29375E-06 -0.32841E-06
  0.16110E+03  0.57980E-07 -0.27559E-06 -0.33004E-06
  0.16140E+03  0.47260E-07 -0.25727E-06 -0.32986E-06
  0.16170E+03  0.36100E-07 -0.23898E-06 -0.32799E-06
  0.16200E+03  0.24320E-07 -0.22091E-06 -0.32453E-06
  0.16230E+03  0.11630E-07 -0.20323E-06 -0.31959E-06
  0.16260E+03 -0.21200E-08 -0.18610E-06 -0.31330E-06
  0.16290E+03 -0.17040E-07 -0.16965E-06 -0.30580E-06
  0.16320E+03 -0.33363E-07 -0.15401E-06 -0.29722E-06
  0.16350E+03 -0.51173E-07 -0.13927E-06 -0.28770E-06
  0.16380E+03 -0.70543E-07 -0.12550E-06 -0.27734E-06
  0.16410E+03 -0.91531E-07 -0.11277E-06 -0.26632E-06
  0.16440E+03 -0.11413E-06 -0.10110E-06 -0.25474E-06
  0.16470E+03 -0.13830E-06 -0.90516E-07 -0.24273E-06
  0.16500E+03 -0.16399E-06 -0.81019E-07 -0.23040E-06
  0.16530E+03 -0.19112E-06 -0.72580E-07 -0.21789E-06
  0.16560E+03 -0.21954E-06 -0.65180E-07 -0.20527E-06
  0.16590E+03 -0.24908E-06 -0.58720E-07 -0.19266E-06
  0.16620E+03 -0.27958E-06 -0.53260E-07 -0.18014E-06
  0.16650E+03 -0.31080E-06 -0.48560E-07 -0.16780E-06
  0.16680E+03 -0.34254E-06 -0.44620E-07 -0.15569E-06
  0.16710E+03 -0.37452E-06 -0.41350E-07 -0.14388E-06
  0.16740E+03 -0.40648E-06 -0.38630E-07 -0.13241E-06
  0.16770E+03 -0.43814E-06 -0.36330E-07 -0.12133E-06
  0.16800E+03 -0.46921E-06 -0.34365E-07 -0.11066E-06
  0.16830E+03 -0.49939E-06 -0.32622E-07 -0.10042E-06
  0.16860E+03 -0.52840E-06 -0.30975E-07 -0.90625E-07
  0.16890E+03 -0.55594E-06 -0.29318E-07 -0.81271E-07
  0.16920E+03 -0.58172E-06 -0.27556E-07 -0.72348E-07
  0.16950E+03 -0.60547E-06 -0.25578E-07 -0.63850E-07
  0.16980E+03 -0.62693E-06 -0.23286E-07 -0.55759E-07
  0.17010E+03 -0.64586E-06 -0.20608E-07 -0.48030E-07
  0.17040E+03 -0.66203E-06 -0.17471E-07 -0.40657E-07
  0.17070E+03 -0.67523E-06 -0.13797E-07 -0.33583E-07
  0.17100E+03 -0.68528E-06 -0.95370E-08 -0.26784E-07
  0.17130E+03 -0.69205E-06 -0.46518E-08 -0.20223E-07
  0.17160E+03 -0.69539E-06  0.88870E-09 -0.13841E-07
  0.17190E+03 -0.69523E-06  0.71003E-08 -0.76180E-08
  0.17220E+03 -0.69149E-06  0.13988E-07 -0.14900E-08
  0.17250E+03 -0.68414E-06  0.21537E-07  0.45560E-08
  0.17280E+03 -0.67320E-06  0.29736E-07  0.10584E-07
  0.17310E+03 -0.65867E-06  0.38537E-07  0.16609E-07
  0.17340E+03 -0.64063E-06  0.47915E-07  0.22667E-07
  0.17370E+03 -0.61918E-06  0.57785E-07  0.28786E-07
  0.17400E+03 -0.59442E-06  0.68105E-07  0.34986E-07
  0.17430E+03 -0.56653E-06  0.78786E-07  0.41286E-07
  0.17460E+03 -0.53566E-06  0.89749E-07  0.47695E-07
  0.17490E+03 -0.50204E-06  0.10090E-06  0.54224E-07
  0.17520E+03 -0.46586E-06  0.11215E-06  0.60860E-07
  0.17550E+03 -0.42739E-06  0.12338E-06  0.67608E-07
  0.17580E+03 -0.38689E-06  0.13452E-06  0.74459E-07
  0.17610E+03 -0.34461E-06  0.14542E-06  0.81391E-07
  0.17640E+03 -0.30086E-06  0.15601E-06  0.88371E-07
  0.17670E+03 -0.25594E-06  0.16616E-06  0.95391E-07
  0.17700E+03 -0.21012E-06  0.17578E-06  0.10241E-06
  0.17730E+03 -0.16375E-06  0.18477E-06  0.10939E-06
  0.17760E+03 -0.11710E-06  0.19302E-06  0.11629E-06
  0.17790E+03 -0.70482E-07  0.20045E-06  0.12306E-06
  0.17820E+03 -0.24197E-07  0.20699E-06  0.12967E-06
  0.17850E+03  0.21459E-07  0.21255E-06  0.13606E-06
  0.17880E+03  0.66219E-07  0.21707E-06  0.14218E-06
  0.17910E+03  0.10981E-06  0.22048E-06  0.14797E-06
  0.17940E+03  0.15199E-06  0.22275E-06  0.15341E-06
  0.17970E+03  0.19250E-06  0.22382E-06  0.15841E-06
  0.18000E+03  0.23115E-06  0.22369E-06  0.16295E-06
  0.18030E+03  0.26773E-06  0.22233E-06  0.16696E-06
  0.18060E+03  0.30208E-06  0.21974E-06  0.17041E-06
  0.18090E+03  0.33403E-06  0.21592E-06  0.17326E-06
  0.18120E+03  0.36345E-06  0.21090E-06  0.17545E-06
  0.18150E+03  0.39023E-06  0.20469E-06  0.17698E-06
  0.18180E+03  0.41432E-06  0.19736E-06  0.17778E-06
  0.18210E+03  0.43561E-06  0.18893E-06  0.17786E-06
  0.18240E+03  0.45409E-06  0.17947E-06  0.17718E-06
  0.18270E+03  0.46976E-06  0.16904E-06  0.17574E-06
  0.18300E+03  0.48260E-06  0.15772E-06  0.17352E-06
  0.18330E+03  0.49264E-06  0.14559E-06  0.17052E-06
  0.18360E+03  0.49997E-06  0.13274E-06  0.16674E-06
  0.18390E+03  0.50460E-06  0.11926E-06  0.16221E-06
  0.18420E+03  0.50665E-06  0.10525E-06  0.15692E-06
  0.18450E+03  0.50622E-06  0.90808E-07  0.15091E-06
  0.18480E+03  0.50341E-06  0.76037E-07  0.14420E-06
  0.18510E+03  0.49836E-06  0.61032E-07  0.13682E-06
  0.18540E+03  0.49121E-06  0.45913E-07  0.12881E-06
  0.18570E+03  0.48209E-06  0.30762E-07  0.12022E-06
  0.18600E+03  0.47118E-06  0.15705E-07  0.11110E-06
  0.18630E+03  0.45862E-06  0.82201E-09  0.10148E-06
  0.18660E+03  0.44457E-06 -0.13786E-07  0.91434E-07
  0.18690E+03  0.42921E-06 -0.28025E-07  0.81023E-07
  0.18720E+03  0.41270E-06 -0.41822E-07  0.70297E-07
  0.18750E+03  0.39518E-06 -0.55079E-07  0.59320E-07
  0.18780E+03  0.37684E-06 -0.67740E-07  0.48155E-07
  0.18810E+03  0.35782E-06 -0.79725E-07  0.36862E-07
  0.18840E+03  0.33827E-06 -0.90977E-07  0.25526E-07
  0.18870E+03  0.31834E-06 -0.10146E-06  0.14193E-07
  0.18900E+03  0.29816E-06 -0.11111E-06  0.29340E-08
  0.18930E+03  0.27784E-06 -0.11990E-06 -0.81900E-08
  0.18960E+03  0.25751E-06 -0.12779E-06 -0.19114E-07
  0.18990E+03  0.23727E-06 -0.13478E-06 -0.29780E-07
  0.19020E+03  0.21722E-06 -0.14085E-06 -0.40145E-07
  0.19050E+03  0.19743E-06 -0.14599E-06 -0.50143E-07
  0.19080E+03  0.17799E-06 -0.15021E-06 -0.59721E-07
  0.19110E+03  0.15895E-06 -0.15353E-06 -0.68850E-07
  0.19140E+03  0.14036E-06 -0.15593E-06 -0.77486E-07
  0.19170E+03  0.12227E-06 -0.15748E-06 -0.85581E-07
  0.19200E+03  0.10470E-06 -0.15819E-06 -0.93106E-07
  0.19230E+03  0.87681E-07 -0.15808E-06 -0.10004E-06
  0.19260E+03  0.71212E-07 -0.15721E-06 -0.10636E-06
  0.19290E+03  0.55301E-07 -0.15561E-06 -0.11203E-06
  0.19320E+03  0.39950E-07 -0.15334E-06 -0.11707E-06
  0.19350E+03  0.25146E-07 -0.15045E-06 -0.12144E-06
  0.19380E+03  0.10875E-07 -0.14698E-06 -0.12516E-06
  0.19410E+03 -0.28871E-08 -0.14299E-06 -0.12821E-06
  0.19440E+03 -0.16162E-07 -0.13853E-06 -0.13062E-06
  0.19470E+03 -0.28978E-07 -0.13367E-06 -0.13238E-06
  0.19500E+03 -0.41368E-07 -0.12845E-06 -0.13350E-06
  0.19530E+03 -0.53345E-07 -0.12293E-06 -0.13402E-06
  0.19560E+03 -0.64956E-07 -0.11716E-06 -0.13393E-06
  0.19590E+03 -0.76226E-07 -0.11120E-06 -0.13328E-06
  0.19620E+03 -0.87183E-07 -0.10510E-06 -0.13209E-06
  0.19650E+03 -0.97847E-07 -0.98891E-07 -0.13037E-06
  0.19680E+03 -0.10824E-06 -0.92617E-07 -0.12817E-06
  0.19710E+03 -0.11840E-06 -0.86343E-07 -0.12552E-06
  0.19740E+03 -0.12831E-06 -0.80082E-07 -0.12245E-06
  0.19770E+03 -0.13800E-06 -0.73872E-07 -0.11898E-06
  0.19800E+03 -0.14747E-06 -0.67752E-07 -0.11517E-06
  0.19830E+03 -0.15672E-06 -0.61742E-07 -0.11104E-06
  0.19860E+03 -0.16575E-06 -0.55855E-07 -0.10663E-06
  0.19890E+03 -0.17455E-06 -0.50128E-07 -0.10197E-06
  0.19920E+03 -0.18310E-06 -0.44555E-07 -0.97100E-07
  0.19950E+03 -0.19139E-06 -0.39166E-07 -0.92048E-07
  0.19980E+03 -0.19938E-06 -0.33955E-07 -0.86848E-07
  0.20010E+03 -0.20706E-06 -0.28918E-07 -0.81531E-07
  0.20040E+03 -0.21439E-06 -0.24078E-07 -0.76126E-07
  0.20070E+03 -0.22133E-06 -0.19422E-07 -0.70661E-07
  0.20100E+03 -0.22785E-06 -0.14946E-07 -0.65160E-07
  0.20130E+03 -0.23391E-06 -0.10636E-07 -0.59650E-07
  0.20160E+03 -0.23945E-06 -0.64970E-08 -0.54150E-07
  0.20190E+03 -0.24445E-06 -0.25110E-08 -0.48681E-07
  0.20220E+03 -0.24884E-06  0.13290E-08 -0.43261E-07
  0.20250E+03 -0.25261E-06  0.50340E-08 -0.37906E-07
  0.20280E+03 -0.25568E-06  0.86250E-08 -0.32630E-07
  0.20310E+03 -0.25803E-06  0.12102E-07 -0.27445E-07
  0.20340E+03 -0.25962E-06  0.15492E-07 -0.22360E-07
  0.20370E+03 -0.26040E-06  0.18796E-07 -0.17385E-07
  0.20400E+03 -0.26035E-06  0.22027E-07 -0.12529E-07
  0.20430E+03 -0.25943E-06  0.25197E-07 -0.77990E-08
  0.20460E+03 -0.25762E-06  0.28317E-07 -0.31920E-08
  0.20490E+03 -0.25491E-06  0.31384E-07  0.12900E-08
  0.20520E+03 -0.25126E-06  0.34416E-07  0.56350E-08
  0.20550E+03 -0.24669E-06  0.37420E-07  0.98480E-08
  0.20580E+03 -0.24118E-06  0.40386E-07  0.13932E-07
  0.20610E+03 -0.23474E-06  0.43317E-07  0.17887E-07
  0.20640E+03 -0.22738E-06  0.46210E-07  0.21700E-07
  0.20670E+03 -0.21911E-06  0.49081E-07  0.25385E-07
  0.20700E+03 -0.20995E-06  0.51896E-07  0.28944E-07
  0.20730E+03 -0.19995E-06  0.54671E-07  0.32381E-07
  0.20760E+03 -0.18912E-06  0.57386E-07  0.35682E-07
  0.20790E+03 -0.17753E-06  0.60037E-07  0.38858E-07
  0.20820E+03 -0.16519E-06  0.62605E-07  0.41904E-07
  0.20850E+03 -0.15218E-06  0.65070E-07  0.44822E-07
  0.20880E+03 -0.13857E-06  0.67444E-07  0.47623E-07
  0.20910E+03 -0.12439E-06  0.69684E-07  0.50288E-07
  0.20940E+03 -0.10973E-06  0.71783E-07  0.52825E-07
  0.20970E+03 -0.94650E-07  0.73725E-07  0.55227E-07
  0.21000E+03 -0.79227E-07  0.75506E-07  0.57491E-07
  0.21030E+03 -0.63539E-07  0.77086E-07  0.59626E-07
  0.21060E+03 -0.47661E-07  0.78465E-07  0.61613E-07
  0.21090E+03 -0.31682E-07  0.79609E-07  0.63444E-07
  0.21120E+03 -0.15681E-07  0.80530E-07  0.65130E-07
  0.21150E+03  0.28001E-09  0.81182E-07  0.66658E-07
  0.21180E+03  0.16097E-07  0.81574E-07  0.68023E-07
  0.21210E+03  0.31696E-07  0.81689E-07  0.69221E-07
  0.21240E+03  0.47015E-07  0.81523E-07  0.70240E-07
  0.21270E+03  0.61970E-07  0.81045E-07  0.71071E-07
  0.21300E+03  0.76476E-07  0.80266E-07  0.71717E-07
  0.21330E+03  0.90486E-07  0.79177E-07  0.72166E-07
  0.21360E+03  0.10393E-06  0.77775E-07  0.72416E-07
  0.21390E+03  0.11674E-06  0.76059E-07  0.72461E-07
  0.21420E+03  0.12886E-06  0.74030E-07  0.72294E-07
  0.21450E+03  0.14024E-06  0.71692E-07  0.71913E-07
  0.21480E+03  0.15085E-06  0.69053E-07  0.71313E-07
  0.21510E+03  0.16064E-06  0.66123E-07  0.70493E-07
  0.21540E+03  0.16956E-06  0.62910E-07  0.69450E-07
  0.21570E+03  0.17761E-06  0.59425E-07  0.68182E-07
  0.21600E+03  0.18476E-06  0.55681E-07  0.66693E-07
  0.21630E+03  0.19098E-06  0.51697E-07  0.64981E-07
  0.21660E+03  0.19627E-06  0.47494E-07  0.63050E-07
  0.21690E+03  0.20062E-06  0.43098E-07  0.60904E-07
  0.21720E+03  0.20404E-06  0.38519E-07  0.58548E-07
  0.21750E+03  0.20653E-06  0.33792E-07  0.55989E-07
  0.21780E+03  0.20811E-06  0.28932E-07  0.53232E-07
  0.21810E+03  0.20878E-06  0.23968E-07  0.50289E-07
  0.21840E+03  0.20858E-06  0.18922E-07  0.47170E-07
  0.21870E+03  0.20753E-06  0.13828E-07  0.43876E-07
  0.21900E+03  0.20567E-06  0.87050E-08  0.40440E-07
  0.21930E+03  0.20301E-06  0.35870E-08  0.36853E-07
  0.21960E+03  0.19959E-06 -0.15040E-08  0.33152E-07
  0.21990E+03  0.19548E-06 -0.65390E-08  0.29327E-07
  0.22020E+03  0.19070E-06 -0.11497E-07  0.25408E-07
  0.22050E+03  0.18529E-06 -0.16342E-07  0.21418E-07
  0.22080E+03  0.17930E-06 -0.21052E-07  0.17368E-07
  0.22110E+03  0.17278E-06 -0.25619E-07  0.13259E-07
  0.22140E+03  0.16578E-06 -0.30006E-07  0.91410E-08
  0.22170E+03  0.15835E-06 -0.34196E-07  0.50060E-08
  0.22200E+03  0.15054E-06 -0.38172E-07  0.88500E-09
  0.22230E+03  0.14239E-06 -0.41915E-07 -0.32020E-08
  0.22260E+03  0.13394E-06 -0.45412E-07 -0.72510E-08
  0.22290E+03  0.12526E-06 -0.48646E-07 -0.11226E-07
  0.22320E+03  0.11638E-06 -0.51609E-07 -0.15126E-07
  0.22350E+03  0.10735E-06 -0.54287E-07 -0.18926E-07
  0.22380E+03  0.98211E-07 -0.56678E-07 -0.22605E-07
  0.22410E+03  0.88999E-07 -0.58776E-07 -0.26151E-07
  0.22440E+03  0.79747E-07 -0.60574E-07 -0.29551E-07
  0.22470E+03  0.70514E-07 -0.62074E-07 -0.32792E-07
  0.22500E+03  0.61316E-07 -0.63263E-07 -0.35868E-07
  0.22530E+03  0.52178E-07 -0.64164E-07 -0.38749E-07
  0.22560E+03  0.43143E-07 -0.64765E-07 -0.41435E-07
  0.22590E+03  0.34244E-07 -0.65083E-07 -0.43924E-07
  0.22620E+03  0.25486E-07 -0.65115E-07 -0.46197E-07
  0.22650E+03  0.16899E-07 -0.64867E-07 -0.48252E-07
  0.22680E+03  0.85054E-08 -0.64372E-07 -0.50070E-07
  0.22710E+03  0.32080E-09 -0.63611E-07 -0.51669E-07
  0.22740E+03 -0.76425E-08 -0.62612E-07 -0.53035E-07
  0.22770E+03 -0.15366E-07 -0.61384E-07 -0.54165E-07
  0.22800E+03 -0.22833E-07 -0.59955E-07 -0.55061E-07
  0.22830E+03 -0.30052E-07 -0.58312E-07 -0.55722E-07
  0.22860E+03 -0.36991E-07 -0.56489E-07 -0.56153E-07
  0.22890E+03 -0.43664E-07 -0.54505E-07 -0.56357E-07
  0.22920E+03 -0.50057E-07 -0.52364E-07 -0.56334E-07
  0.22950E+03 -0.56172E-07 -0.50084E-07 -0.56090E-07
  0.22980E+03 -0.61989E-07 -0.47689E-07 -0.55639E-07
  0.23010E+03 -0.67520E-07 -0.45180E-07 -0.54984E-07
  0.23040E+03 -0.72757E-07 -0.42592E-07 -0.54125E-07
  0.23070E+03 -0.77707E-07 -0.39916E-07 -0.53079E-07
  0.23100E+03 -0.82346E-07 -0.37186E-07 -0.51860E-07
  0.23130E+03 -0.86697E-07 -0.34409E-07 -0.50465E-07
  0.23160E+03 -0.90754E-07 -0.31597E-07 -0.48917E-07
  0.23190E+03 -0.94510E-07 -0.28766E-07 -0.47225E-07
  0.23220E+03 -0.97975E-07 -0.25926E-07 -0.45388E-07
  0.23250E+03 -0.10113E-06 -0.23088E-07 -0.43436E-07
  0.23280E+03 -0.10399E-06 -0.20264E-07 -0.41368E-07
  0.23310E+03 -0.10655E-06 -0.17463E-07 -0.39193E-07
  0.23340E+03 -0.10880E-06 -0.14693E-07 -0.36933E-07
  0.23370E+03 -0.11075E-06 -0.11964E-07 -0.34605E-07
  0.23400E+03 -0.11239E-06 -0.92802E-08 -0.32197E-07
  0.23430E+03 -0.11374E-06 -0.66513E-08 -0.29738E-07
  0.23460E+03 -0.11477E-06 -0.40801E-08 -0.27243E-07
  0.23490E+03 -0.11549E-06 -0.15738E-08 -0.24706E-07
  0.23520E+03 -0.11591E-06  0.86430E-09 -0.22151E-07
  0.23550E+03 -0.11600E-06  0.32308E-08 -0.19587E-07
  0.23580E+03 -0.11579E-06  0.55231E-08 -0.17011E-07
  0.23610E+03 -0.11526E-06  0.77371E-08 -0.14455E-07
  0.23640E+03 -0.11442E-06  0.98723E-08 -0.11908E-07
  0.23670E+03 -0.11326E-06  0.11926E-07 -0.93770E-08
  0.23700E+03 -0.11179E-06  0.13898E-07 -0.68860E-08
  0.23730E+03 -0.11001E-06  0.15786E-07 -0.44250E-08
  0.23760E+03 -0.10791E-06  0.17591E-07 -0.20140E-08
  0.23790E+03 -0.10552E-06  0.19307E-07  0.34450E-09
  0.23820E+03 -0.10281E-06  0.20952E-07  0.26479E-08
  0.23850E+03 -0.99820E-07  0.22500E-07  0.48896E-08
  0.23880E+03 -0.96535E-07  0.23973E-07  0.70639E-08
  0.23910E+03 -0.92961E-07  0.25353E-07  0.91681E-08
  0.23940E+03 -0.89111E-07  0.26653E-07  0.11197E-07
  0.23970E+03 -0.84994E-07  0.27860E-07  0.13150E-07
  0.24000E+03 -0.80627E-07  0.28994E-07  0.15022E-07
  0.24030E+03 -0.76023E-07  0.30032E-07  0.16802E-07
  0.24060E+03 -0.71182E-07  0.30991E-07  0.18506E-07
  0.24090E+03 -0.66126E-07  0.31856E-07  0.20113E-07
  0.24120E+03 -0.60880E-07  0.32640E-07  0.21634E-07
  0.24150E+03 -0.55451E-07  0.33341E-07  0.23069E-07
  0.24180E+03 -0.49855E-07  0.33940E-07  0.24402E-07
  0.24210E+03 -0.44122E-07  0.34463E-07  0.25647E-07
  0.24240E+03 -0.38260E-07  0.34883E-07  0.26793E-07
  0.24270E+03 -0.32299E-07  0.35218E-07  0.27837E-07
  0.24300E+03 -0.26251E-07  0.35466E-07  0.28794E-07
  0.24330E+03 -0.20160E-07  0.35615E-07  0.29660E-07
  0.24360E+03 -0.14023E-07  0.35664E-07  0.30420E-07
  0.24390E+03 -0.78800E-08  0.35631E-07  0.31077E-07
  0.24420E+03 -0.17440E-08  0.35491E-07  0.31652E-07
  0.24450E+03  0.43510E-08  0.35252E-07  0.32115E-07
  0.24480E+03  0.10376E-07  0.34922E-07  0.32490E-07
  0.24510E+03  0.16327E-07  0.34494E-07  0.32765E-07
  0.24540E+03  0.22168E-07  0.33961E-07  0.32948E-07
  0.24570E+03  0.27882E-07  0.33334E-07  0.33039E-07
  0.24600E+03  0.33437E-07  0.32614E-07  0.33022E-07
  0.24630E+03  0.38819E-07  0.31792E-07  0.32922E-07
  0.24660E+03  0.44005E-07  0.30878E-07  0.32725E-07
  0.24690E+03  0.48975E-07  0.29869E-07  0.32435E-07
  0.24720E+03  0.53709E-07  0.28770E-07  0.32055E-07
  0.24750E+03  0.58197E-07  0.27582E-07  0.31585E-07
  0.24780E+03  0.62413E-07  0.26308E-07  0.31025E-07
  0.24810E+03  0.66336E-07  0.24952E-07  0.30380E-07
  0.24840E+03  0.69977E-07  0.23520E-07  0.29648E-07
  0.24870E+03  0.73297E-07  0.22006E-07  0.28842E-07
  0.24900E+03  0.76306E-07  0.20428E-07  0.27949E-07
  0.24930E+03  0.78980E-07  0.18786E-07  0.26979E-07
  0.24960E+03  0.81326E-07  0.17083E-07  0.25931E-07
  0.24990E+03  0.83326E-07  0.15327E-07  0.24815E-07
  0.25020E+03  0.84987E-07  0.13532E-07  0.23634E-07
  0.25050E+03  0.86297E-07  0.11693E-07  0.22385E-07
  0.25080E+03  0.87262E-07  0.98130E-08  0.21081E-07
  0.25110E+03  0.87886E-07  0.79170E-08  0.19714E-07
  0.25140E+03  0.88162E-07  0.60050E-08  0.18296E-07
  0.25170E+03  0.88115E-07  0.40770E-08  0.16822E-07
  0.25200E+03  0.87725E-07  0.21390E-08  0.15315E-07
  0.25230E+03  0.87012E-07  0.22001E-09  0.13765E-07
  0.25260E+03  0.85994E-07 -0.16970E-08  0.12186E-07
  0.25290E+03  0.84669E-07 -0.35920E-08  0.10575E-07
  0.25320E+03  0.83042E-07 -0.54570E-08  0.89490E-08
  0.25350E+03  0.81142E-07 -0.72870E-08  0.72950E-08
  0.25380E+03  0.78979E-07 -0.90730E-08  0.56450E-08
  0.25410E+03  0.76565E-07 -0.10808E-07  0.39810E-08
  0.25440E+03  0.73910E-07 -0.12479E-07  0.23110E-08
  0.25470E+03  0.71036E-07 -0.14093E-07  0.65800E-09
  0.25500E+03  0.67954E-07 -0.15642E-07 -0.99050E-09
  0.25530E+03  0.64692E-07 -0.17104E-07 -0.26184E-08
  0.25560E+03  0.61260E-07 -0.18494E-07 -0.42216E-08
  0.25590E+03  0.57668E-07 -0.19790E-07 -0.57944E-08
  0.25620E+03  0.53950E-07 -0.20994E-07 -0.73326E-08
  0.25650E+03  0.50111E-07 -0.22102E-07 -0.88300E-08
  0.25680E+03  0.46174E-07 -0.23108E-07 -0.10277E-07
  0.25710E+03  0.42155E-07 -0.24021E-07 -0.11681E-07
  0.25740E+03  0.38072E-07 -0.24822E-07 -0.13024E-07
  0.25770E+03  0.33941E-07 -0.25518E-07 -0.14308E-07
  0.25800E+03  0.29780E-07 -0.26105E-07 -0.15520E-07
  0.25830E+03  0.25604E-07 -0.26583E-07 -0.16671E-07
  0.25860E+03  0.21429E-07 -0.26952E-07 -0.17744E-07
  0.25890E+03  0.17270E-07 -0.27210E-07 -0.18750E-07
  0.25920E+03  0.13142E-07 -0.27356E-07 -0.19667E-07
  0.25950E+03  0.90619E-08 -0.27401E-07 -0.20496E-07
  0.25980E+03  0.50290E-08 -0.27346E-07 -0.21250E-07
  0.26010E+03  0.10720E-08 -0.27177E-07 -0.21916E-07
  0.26040E+03 -0.28000E-08 -0.26912E-07 -0.22497E-07
  0.26070E+03 -0.65810E-08 -0.26544E-07 -0.22978E-07
  0.26100E+03 -0.10261E-07 -0.26090E-07 -0.23375E-07
  0.26130E+03 -0.13836E-07 -0.25549E-07 -0.23679E-07
  0.26160E+03 -0.17282E-07 -0.24912E-07 -0.23894E-07
  0.26190E+03 -0.20603E-07 -0.24197E-07 -0.24025E-07
  0.26220E+03 -0.23786E-07 -0.23416E-07 -0.24057E-07
  0.26250E+03 -0.26836E-07 -0.22552E-07 -0.24011E-07
  0.26280E+03 -0.29722E-07 -0.21625E-07 -0.23879E-07
  0.26310E+03 -0.32468E-07 -0.20637E-07 -0.23647E-07
  0.26340E+03 -0.35051E-07 -0.19597E-07 -0.23347E-07
  0.26370E+03 -0.37476E-07 -0.18507E-07 -0.22961E-07
  0.26400E+03 -0.39742E-07 -0.17372E-07 -0.22507E-07
  0.26430E+03 -0.41831E-07 -0.16198E-07 -0.21970E-07
  0.26460E+03 -0.43756E-07 -0.14992E-07 -0.21366E-07
  0.26490E+03 -0.45510E-07 -0.13759E-07 -0.20695E-07
  0.26520E+03 -0.47092E-07 -0.12504E-07 -0.19961E-07
  0.26550E+03 -0.48502E-07 -0.11234E-07 -0.19170E-07
  0.26580E+03 -0.49740E-07 -0.99506E-08 -0.18323E-07
  0.26610E+03 -0.50806E-07 -0.86627E-08 -0.17425E-07
  0.26640E+03 -0.51699E-07 -0.73727E-08 -0.16478E-07
  0.26670E+03 -0.52422E-07 -0.60813E-08 -0.15503E-07
  0.26700E+03 -0.52975E-07 -0.48110E-08 -0.14480E-07
  0.26730E+03 -0.53360E-07 -0.35450E-08 -0.13426E-07
  0.26760E+03 -0.53580E-07 -0.22960E-08 -0.12340E-07
  0.26790E+03 -0.53636E-07 -0.10620E-08 -0.11241E-07
  0.26820E+03 -0.53530E-07  0.14499E-09 -0.10118E-07
  0.26850E+03 -0.53266E-07  0.13250E-08 -0.89830E-08
  0.26880E+03 -0.52846E-07  0.24700E-08 -0.78370E-08
  0.26910E+03 -0.52275E-07  0.35880E-08 -0.66850E-08
  0.26940E+03 -0.51553E-07  0.46640E-08 -0.55290E-08
  0.26970E+03 -0.50689E-07  0.57045E-08 -0.43790E-08
  0.27000E+03 -0.49682E-07  0.67041E-08 -0.32350E-08
  0.27030E+03 -0.48540E-07  0.76626E-08 -0.21070E-08
  0.27060E+03 -0.47266E-07  0.85764E-08 -0.99001E-09
  0.27090E+03 -0.45864E-07  0.94438E-08  0.10401E-09
  0.27120E+03 -0.44336E-07  0.10265E-07  0.11880E-08
  0.27150E+03 -0.42706E-07  0.11038E-07  0.22350E-08
  0.27180E+03 -0.40954E-07  0.11760E-07  0.32570E-08
  0.27210E+03 -0.39090E-07  0.12431E-07  0.42520E-08
  0.27240E+03 -0.37134E-07  0.13060E-07  0.52200E-08
  0.27270E+03 -0.35091E-07  0.13632E-07  0.61400E-08
  0.27300E+03 -0.32957E-07  0.14151E-07  0.70305E-08
  0.27330E+03 -0.30743E-07  0.14616E-07  0.78795E-08
  0.27360E+03 -0.28458E-07  0.15033E-07  0.86856E-08
  0.27390E+03 -0.26108E-07  0.15400E-07  0.94492E-08
  0.27420E+03 -0.23691E-07  0.15708E-07  0.10169E-07
  0.27450E+03 -0.21238E-07  0.15966E-07  0.10842E-07
  0.27480E+03 -0.18731E-07  0.16176E-07  0.11467E-07
  0.27510E+03 -0.16203E-07  0.16338E-07  0.12046E-07
  0.27540E+03 -0.13635E-07  0.16451E-07  0.12575E-07
  0.27570E+03 -0.11057E-07  0.16507E-07  0.13055E-07
  0.27600E+03 -0.84680E-08  0.16510E-07  0.13485E-07
  0.27630E+03 -0.58740E-08  0.16470E-07  0.13865E-07
  0.27660E+03 -0.32910E-08  0.16389E-07  0.14195E-07
  0.27690E+03 -0.71701E-09  0.16252E-07  0.14474E-07
  0.27720E+03  0.18260E-08  0.16075E-07  0.14704E-07
  0.27750E+03  0.43370E-08  0.15848E-07  0.14884E-07
  0.27780E+03  0.68160E-08  0.15576E-07  0.15014E-07
  0.27810E+03  0.92396E-08  0.15265E-07  0.15094E-07
  0.27840E+03  0.11609E-07  0.14912E-07  0.15127E-07
  0.27870E+03  0.13914E-07  0.14516E-07  0.15112E-07
  0.27900E+03  0.16149E-07  0.14084E-07  0.15051E-07
  0.27930E+03  0.18306E-07  0.13617E-07  0.14943E-07
  0.27960E+03  0.20377E-07  0.13107E-07  0.14790E-07
  0.27990E+03  0.22356E-07  0.12562E-07  0.14594E-07
  0.28020E+03  0.24238E-07  0.11992E-07  0.14355E-07
  0.28050E+03  0.26015E-07  0.11388E-07  0.14076E-07
  0.28080E+03  0.27682E-07  0.10755E-07  0.13756E-07
  0.28110E+03  0.29233E-07  0.10096E-07  0.13399E-07
  0.28140E+03  0.30666E-07  0.94111E-08  0.13004E-07
  0.28170E+03  0.31979E-07  0.87090E-08  0.12575E-07
  0.28200E+03  0.33169E-07  0.79790E-08  0.12112E-07
  0.28230E+03  0.34224E-07  0.72340E-08  0.11618E-07
  0.28260E+03  0.35143E-07  0.64660E-08  0.11094E-07
  0.28290E+03  0.35932E-07  0.56920E-08  0.10542E-07
  0.28320E+03  0.36581E-07  0.49070E-08  0.99635E-08
  0.28350E+03  0.37099E-07  0.41120E-08  0.93622E-08
  0.28380E+03  0.37482E-07  0.33120E-08  0.87383E-08
  0.28410E+03  0.37727E-07  0.25140E-08  0.80947E-08
  0.28440E+03  0.37834E-07  0.17080E-08  0.74332E-08
  0.28470E+03  0.37805E-07  0.90500E-09  0.67571E-08
  0.28500E+03  0.37647E-07  0.10701E-09  0.60665E-08
  0.28530E+03  0.37360E-07 -0.67399E-09  0.53657E-08
  0.28560E+03  0.36943E-07 -0.14540E-08  0.46566E-08
  0.28590E+03  0.36405E-07 -0.22270E-08  0.39403E-08
  0.28620E+03  0.35735E-07 -0.29740E-08  0.32195E-08
  0.28650E+03  0.34966E-07 -0.37130E-08  0.24980E-08
  0.28680E+03  0.34072E-07 -0.44280E-08  0.17780E-08
  0.28710E+03  0.33082E-07 -0.51170E-08  0.10570E-08
  0.28740E+03  0.31980E-07 -0.57830E-08  0.34601E-09
  0.28770E+03  0.30785E-07 -0.64230E-08 -0.35701E-09
  0.28800E+03  0.29509E-07 -0.70300E-08 -0.10620E-08
  0.28830E+03  0.28143E-07 -0.76160E-08 -0.17460E-08
  0.28860E+03  0.26695E-07 -0.81560E-08 -0.24130E-08
  0.28890E+03  0.25182E-07 -0.86700E-08 -0.30660E-08
  0.28920E+03  0.23600E-07 -0.91440E-08 -0.37130E-08
  0.28950E+03  0.21973E-07 -0.95800E-08 -0.43240E-08
  0.28980E+03  0.20289E-07 -0.99880E-08 -0.49250E-08
  0.29010E+03  0.18556E-07 -0.10348E-07 -0.54910E-08
  0.29040E+03  0.16795E-07 -0.10663E-07 -0.60410E-08
  0.29070E+03  0.15000E-07 -0.10936E-07 -0.65590E-08
  0.29100E+03  0.13193E-07 -0.11179E-07 -0.70540E-08
  0.29130E+03  0.11360E-07 -0.11370E-07 -0.75200E-08
  0.29160E+03  0.95320E-08 -0.11520E-07 -0.79440E-08
  0.29190E+03  0.76900E-08 -0.11626E-07 -0.83440E-08
  0.29220E+03  0.58590E-08 -0.11685E-07 -0.87110E-08
  0.29250E+03  0.40396E-08 -0.11707E-07 -0.90430E-08
  0.29280E+03  0.22382E-08 -0.11680E-07 -0.93380E-08
  0.29310E+03  0.46130E-09 -0.11623E-07 -0.96040E-08
  0.29340E+03 -0.12856E-08 -0.11520E-07 -0.98250E-08
  0.29370E+03 -0.29974E-08 -0.11377E-07 -0.10012E-07
  0.29400E+03 -0.46677E-08 -0.11196E-07 -0.10164E-07
  0.29430E+03 -0.62926E-08 -0.10977E-07 -0.10277E-07
  0.29460E+03 -0.78674E-08 -0.10723E-07 -0.10355E-07
  0.29490E+03 -0.93874E-08 -0.10435E-07 -0.10396E-07
  0.29520E+03 -0.10849E-07 -0.10113E-07 -0.10401E-07
  0.29550E+03 -0.12246E-07 -0.97613E-08 -0.10369E-07
  0.29580E+03 -0.13576E-07 -0.93809E-08 -0.10302E-07
  0.29610E+03 -0.14839E-07 -0.89722E-08 -0.10204E-07
  0.29640E+03 -0.16040E-07 -0.85390E-08 -0.10070E-07
  0.29670E+03 -0.17151E-07 -0.80850E-08 -0.98920E-08
  0.29700E+03 -0.18190E-07 -0.76010E-08 -0.97020E-08
  0.29730E+03 -0.19158E-07 -0.71070E-08 -0.94720E-08
  0.29760E+03 -0.20035E-07 -0.65920E-08 -0.92100E-08
  0.29790E+03 -0.20843E-07 -0.60680E-08 -0.89230E-08
  0.29820E+03 -0.21560E-07 -0.55300E-08 -0.86090E-08
  0.29850E+03 -0.22196E-07 -0.49810E-08 -0.82650E-08
  0.29880E+03 -0.22746E-07 -0.44180E-08 -0.79040E-08
  0.29910E+03 -0.23214E-07 -0.38610E-08 -0.75190E-08
  0.29940E+03 -0.23596E-07 -0.32910E-08 -0.71130E-08
  0.29970E+03 -0.23907E-07 -0.27220E-08 -0.66880E-08
  0.30000E+03 -0.24127E-07 -0.21540E-08 -0.62450E-08
  0.30030E+03 -0.24258E-07 -0.15920E-08 -0.57930E-08
  0.30060E+03 -0.24319E-07 -0.10260E-08 -0.53290E-08
  0.30090E+03 -0.24304E-07 -0.47899E-09 -0.48540E-08
  0.30120E+03 -0.24200E-07  0.70997E-10 -0.43640E-08
  0.30150E+03 -0.24022E-07  0.60099E-09 -0.38690E-08
  0.30180E+03 -0.23781E-07  0.11300E-08 -0.33680E-08
  0.30210E+03 -0.23459E-07  0.16430E-08 -0.28630E-08
  0.30240E+03 -0.23067E-07  0.21355E-08 -0.23580E-08
  0.30270E+03 -0.22610E-07  0.26143E-08 -0.18550E-08
  0.30300E+03 -0.22090E-07  0.30766E-08 -0.13510E-08
  0.30330E+03 -0.21502E-07  0.35203E-08 -0.85200E-09
  0.30360E+03 -0.20858E-07  0.39439E-08 -0.35399E-09
  0.30390E+03 -0.20155E-07  0.43471E-08  0.13000E-09
  0.30420E+03 -0.19395E-07  0.47282E-08  0.60400E-09
  0.30450E+03 -0.18591E-07  0.50872E-08  0.10760E-08
  0.30480E+03 -0.17737E-07  0.54237E-08  0.15325E-08
  0.30510E+03 -0.16836E-07  0.57358E-08  0.19774E-08
  0.30540E+03 -0.15899E-07  0.60231E-08  0.24076E-08
  0.30570E+03 -0.14927E-07  0.62863E-08  0.28228E-08
  0.30600E+03 -0.13918E-07  0.65249E-08  0.32206E-08
  0.30630E+03 -0.12878E-07  0.67380E-08  0.36022E-08
  0.30660E+03 -0.11812E-07  0.69249E-08  0.39680E-08
  0.30690E+03 -0.10723E-07  0.70874E-08  0.43060E-08
