 
 2D correlation for isub=           1
     1   -2.1000    0.2414       244.   43.   80.        78.   48.   99.    1.51   97.25  0.67366E-07  0.63428E+16
     1   -1.8000    0.2543       248.   43.   84.        76.   48.   96.    1.33   97.20  0.66907E-07  0.66574E+16
     1   -1.5000    0.2661       251.   42.   88.        74.   48.   92.    1.18   97.15  0.66470E-07  0.69269E+16
     1   -1.2000    0.2765       255.   42.   92.        71.   48.   88.    1.06   97.08  0.66065E-07  0.71488E+16
     1   -0.9000    0.2856       258.   43.   98.        68.   48.   83.    0.95   96.99  0.65700E-07  0.73212E+16
     1   -0.6000    0.2932       262.   43.  103.        65.   48.   78.    0.87   96.90  0.65385E-07  0.74426E+16
     1   -0.3000    0.2993       267.   44.  109.        61.   49.   72.    0.82   96.78  0.65126E-07  0.75116E+16
     1    0.0000    0.3039       271.   45.  116.        57.   50.   66.    0.78   96.64  0.64929E-07  0.75276E+16
     1    0.3000    0.3068       275.   47.  122.        53.   52.   60.    0.77   96.47  0.64799E-07  0.74901E+16
     1    0.6000    0.3082       279.   49.  129.        49.   54.   54.    0.78   96.28  0.64738E-07  0.73992E+16
     1    0.9000    0.3080       283.   52.  134.        45.   56.   48.    0.82   96.04  0.64748E-07  0.72554E+16
     1    1.2000    0.3062       286.   54.  139.        42.   58.   43.    0.89   95.77  0.64828E-07  0.70595E+16
     1    1.5000    0.3028       288.   57.  144.        40.   60.   39.    0.99   95.46  0.64975E-07  0.68130E+16
     1    1.8000    0.2979       290.   59.  147.        38.   63.   35.    1.13   95.09  0.65185E-07  0.65175E+16
     1    2.1000    0.2915       291.   61.  150.        36.   64.   32.    1.30   94.67  0.65454E-07  0.61752E+16
     2   -2.1000    0.4844       200.   82.  178.       291.   88.    8.   46.80   41.93  0.54750E-07  0.74652E+16
     2   -1.8000    0.5193       200.   82.  177.       291.   87.    8.   46.23   40.79  0.52241E-07  0.78853E+16
     2   -1.5000    0.5508       200.   82.  176.       291.   86.    8.   45.64   39.75  0.49835E-07  0.82538E+16
     2   -1.2000    0.5784       200.   82.  175.       291.   85.    8.   45.04   38.79  0.47602E-07  0.85670E+16
     2   -0.9000    0.6020       200.   82.  174.       291.   84.    8.   44.41   37.89  0.45611E-07  0.88217E+16
     2   -0.6000    0.6213       200.   82.  173.       291.   83.    8.   43.73   37.03  0.43921E-07  0.90156E+16
     2   -0.3000    0.6362       200.   82.  172.       291.   83.    8.   43.01   36.18  0.42583E-07  0.91468E+16
     2    0.0000    0.6465       291.   82.    8.       200.   82.  172.   42.24   35.35  0.41637E-07  0.92139E+16
     2    0.3000    0.6521       199.   82.  171.       291.   81.    8.   41.39   34.51  0.41113E-07  0.92164E+16
     2    0.6000    0.6531       199.   82.  170.       291.   80.    8.   40.47   33.66  0.41025E-07  0.91544E+16
     2    0.9000    0.6493       199.   82.  169.       291.   79.    8.   39.45   32.77  0.41376E-07  0.90285E+16
     2    1.2000    0.6409       199.   82.  167.       291.   77.    8.   38.33   31.84  0.42154E-07  0.88404E+16
     2    1.5000    0.6279       199.   82.  166.       291.   76.    8.   37.08   30.83  0.43332E-07  0.85921E+16
     2    1.8000    0.6105       199.   83.  165.       291.   75.    8.   35.70   29.75  0.44876E-07  0.82867E+16
     2    2.1000    0.5888       199.   83.  163.       291.   73.    7.   34.16   28.54  0.46734E-07  0.79279E+16
     3   -2.1000    0.5573       237.   49.  -97.        67.   42.  -82.   35.25  -36.48  0.49316E-07  0.28926E+17
     3   -1.8000    0.5967        67.   43.  -82.       237.   47.  -97.   35.37  -36.67  0.46068E-07  0.30763E+17
     3   -1.5000    0.6318        68.   44.  -82.       237.   46.  -97.   35.53  -36.82  0.42983E-07  0.32401E+17
     3   -1.2000    0.6623        68.   45.  -83.       237.   45.  -97.   35.70  -36.92  0.40158E-07  0.33822E+17
     3   -0.9000    0.6879        68.   46.  -83.       238.   44.  -97.   35.89  -36.99  0.37684E-07  0.35008E+17
     3   -0.6000    0.7083        68.   47.  -83.       238.   44.  -97.   36.10  -37.04  0.35642E-07  0.35949E+17
     3   -0.3000    0.7234        68.   48.  -83.       238.   43.  -97.   36.33  -37.07  0.34098E-07  0.36634E+17
     3    0.0000    0.7330        68.   49.  -84.       238.   42.  -97.   36.59  -37.08  0.33103E-07  0.37057E+17
     3    0.3000    0.7369       239.   41.  -97.        68.   49.  -84.   36.86  -37.07  0.32690E-07  0.37213E+17
     3    0.6000    0.7352       239.   40.  -97.        68.   50.  -85.   37.16  -37.04  0.32873E-07  0.37105E+17
     3    0.9000    0.7278       239.   39.  -96.        67.   51.  -85.   37.50  -36.99  0.33646E-07  0.36733E+17
     3    1.2000    0.7148       240.   38.  -96.        67.   52.  -85.   37.87  -36.91  0.34984E-07  0.36105E+17
     3    1.5000    0.6964       240.   37.  -95.        67.   53.  -86.   38.28  -36.81  0.36843E-07  0.35225E+17
     3    1.8000    0.6727       241.   36.  -95.        66.   54.  -87.   38.75  -36.67  0.39160E-07  0.34112E+17
     3    2.1000    0.6440        66.   55.  -87.       241.   35.  -94.   39.28  -36.49  0.41862E-07  0.32776E+17
     4   -2.1000    0.5651        68.   49.  -83.       238.   42.  -98.   55.50  -26.19  0.48687E-07  0.20178E+17
     4   -1.8000    0.6074       238.   41.  -98.        68.   49.  -83.   55.78  -26.33  0.45143E-07  0.21656E+17
     4   -1.5000    0.6452       238.   41.  -98.        69.   50.  -83.   56.03  -26.45  0.41754E-07  0.22983E+17
     4   -1.2000    0.6782       237.   40.  -99.        69.   50.  -83.   56.23  -26.55  0.38628E-07  0.24147E+17
     4   -0.9000    0.7061       237.   40.  -99.        69.   51.  -82.   56.41  -26.63  0.35867E-07  0.25135E+17
     4   -0.6000    0.7286       237.   39.  -99.        69.   51.  -82.   56.58  -26.69  0.33560E-07  0.25936E+17
     4   -0.3000    0.7454       237.   39. -100.        69.   52.  -82.   56.73  -26.75  0.31785E-07  0.26544E+17
     4    0.0000    0.7565       237.   39. -100.        69.   52.  -82.   56.87  -26.80  0.30599E-07  0.26952E+17
     4    0.3000    0.7616       237.   38. -100.        69.   52.  -82.   57.02  -26.84  0.30045E-07  0.27154E+17
     4    0.6000    0.7607       237.   38. -100.        69.   53.  -82.   57.17  -26.88  0.30141E-07  0.27149E+17
     4    0.9000    0.7538       237.   38. -100.        69.   53.  -82.   57.32  -26.92  0.30884E-07  0.26939E+17
     4    1.2000    0.7410       237.   37. -100.        69.   53.  -83.   57.48  -26.95  0.32252E-07  0.26524E+17
     4    1.5000    0.7224       237.   37. -100.        69.   54.  -83.   57.66  -26.99  0.34200E-07  0.25910E+17
     4    1.8000    0.6982       237.   36. -100.        69.   54.  -83.   57.84  -27.02  0.36665E-07  0.25103E+17
     4    2.1000    0.6685       237.   36.  -99.        69.   55.  -83.   58.05  -27.06  0.39567E-07  0.24110E+17
     5   -2.1000    0.5718        68.   50.  -84.       239.   40.  -97.   84.31  -12.14  0.48142E-07  0.16162E+17
     5   -1.8000    0.6159       238.   40.  -98.        69.   51.  -83.   84.17  -12.54  0.44401E-07  0.17424E+17
     5   -1.5000    0.6554       237.   39.  -99.        69.   51.  -83.   83.99  -12.89  0.40807E-07  0.18564E+17
     5   -1.2000    0.6900       237.   39. -100.        69.   52.  -82.   83.77  -13.19  0.37473E-07  0.19573E+17
     5   -0.9000    0.7194       237.   39. -100.        70.   52.  -82.   83.54  -13.45  0.34508E-07  0.20437E+17
     5   -0.6000    0.7433       236.   39. -101.        70.   52.  -81.   83.29  -13.69  0.32009E-07  0.21151E+17
     5   -0.3000    0.7615       236.   38. -101.        70.   52.  -81.   83.03  -13.91  0.30058E-07  0.21704E+17
     5    0.0000    0.7736       235.   38. -102.        70.   53.  -81.   82.77  -14.11  0.28721E-07  0.22093E+17
     5    0.3000    0.7797       235.   38. -102.        70.   53.  -81.   82.50  -14.30  0.28043E-07  0.22314E+17
     5    0.6000    0.7797       235.   38. -103.        71.   53.  -80.   82.22  -14.48  0.28047E-07  0.22362E+17
     5    0.9000    0.7735       235.   38. -103.        71.   53.  -80.   81.94  -14.66  0.28735E-07  0.22239E+17
     5    1.2000    0.7612       234.   37. -103.        71.   54.  -80.   81.65  -14.84  0.30085E-07  0.21945E+17
     5    1.5000    0.7429       234.   37. -103.        71.   54.  -80.   81.35  -15.03  0.32054E-07  0.21483E+17
     5    1.8000    0.7188       234.   37. -103.        71.   54.  -80.   81.04  -15.23  0.34578E-07  0.20857E+17
     5    2.1000    0.6890       234.   37. -103.        70.   54.  -80.   80.72  -15.45  0.37574E-07  0.20074E+17
     6   -2.1000    0.5721        68.   51.  -84.       239.   40.  -97.   66.96   11.98  0.48125E-07  0.13777E+17
     6   -1.8000    0.6176       238.   39.  -98.        69.   51.  -83.   67.91   11.15  0.44248E-07  0.14894E+17
     6   -1.5000    0.6587       237.   39.  -99.        69.   51.  -82.   68.84   10.42  0.40500E-07  0.15910E+17
     6   -1.2000    0.6948       237.   39. -100.        70.   52.  -82.   69.76    9.77  0.36999E-07  0.16814E+17
     6   -0.9000    0.7257       236.   39. -101.        70.   52.  -81.   70.66    9.19  0.33859E-07  0.17596E+17
     6   -0.6000    0.7511       235.   39. -102.        70.   52.  -81.   71.55    8.64  0.31182E-07  0.18250E+17
     6   -0.3000    0.7706       235.   39. -103.        71.   52.  -80.   72.45    8.14  0.29055E-07  0.18767E+17
     6    0.0000    0.7841       234.   38. -103.        71.   53.  -80.   73.34    7.65  0.27551E-07  0.19143E+17
     6    0.3000    0.7915       234.   38. -104.        71.   53.  -79.   74.25    7.18  0.26718E-07  0.19375E+17
     6    0.6000    0.7927       233.   38. -104.        71.   53.  -79.   75.18    6.72  0.26585E-07  0.19460E+17
     6    0.9000    0.7876       233.   38. -104.        71.   53.  -79.   76.14    6.26  0.27157E-07  0.19396E+17
     6    1.2000    0.7764       233.   38. -105.        71.   53.  -79.   77.15    5.78  0.28418E-07  0.19186E+17
     6    1.5000    0.7590       232.   38. -105.        71.   54.  -79.   78.22    5.28  0.30325E-07  0.18830E+17
     6    1.8000    0.7357       232.   38. -105.        71.   54.  -79.   79.36    4.76  0.32818E-07  0.18332E+17
     6    2.1000    0.7066       232.   38. -105.        71.   54.  -79.   80.60    4.18  0.35814E-07  0.17697E+17
     7   -2.1000    0.5696        68.   51.  -85.       240.   39.  -96.   36.76   26.96  0.48323E-07  0.13429E+17
     7   -1.8000    0.6165        69.   51.  -84.       239.   39.  -98.   38.06   26.08  0.44343E-07  0.14512E+17
     7   -1.5000    0.6590        69.   52.  -82.       237.   39.  -99.   39.29   25.32  0.40470E-07  0.15497E+17
     7   -1.2000    0.6966       236.   39. -101.        70.   52.  -81.   40.46   24.65  0.36827E-07  0.16375E+17
     7   -0.9000    0.7289       235.   39. -102.        70.   52.  -81.   41.59   24.04  0.33531E-07  0.17136E+17
     7   -0.6000    0.7556       235.   39. -103.        71.   52.  -80.   42.69   23.49  0.30688E-07  0.17774E+17
     7   -0.3000    0.7766       234.   39. -103.        71.   52.  -79.   43.76   22.98  0.28392E-07  0.18280E+17
     7    0.0000    0.7915       233.   39. -104.        71.   53.  -79.   44.83   22.49  0.26718E-07  0.18652E+17
     7    0.3000    0.8003       233.   39. -105.        71.   53.  -79.   45.91   22.02  0.25721E-07  0.18885E+17
     7    0.6000    0.8028       232.   39. -105.        71.   53.  -78.   47.00   21.56  0.25435E-07  0.18975E+17
     7    0.9000    0.7990       232.   39. -105.        71.   53.  -78.   48.12   21.10  0.25870E-07  0.18924E+17
     7    1.2000    0.7889       232.   39. -106.        71.   53.  -78.   49.29   20.63  0.27012E-07  0.18731E+17
     7    1.5000    0.7727       231.   39. -106.        71.   53.  -78.   50.52   20.15  0.28824E-07  0.18398E+17
     7    1.8000    0.7505       231.   39. -106.        71.   53.  -78.   51.84   19.65  0.31247E-07  0.17928E+17
     7    2.1000    0.7224       231.   38. -106.        71.   53.  -78.   53.27   19.10  0.34201E-07  0.17326E+17
     8   -2.1000    0.5739        69.   50.  -85.       240.   40.  -97.   23.48   34.62  0.47972E-07  0.14217E+17
     8   -1.8000    0.6213        70.   51.  -83.       238.   40.  -99.   24.35   33.92  0.43917E-07  0.15312E+17
     8   -1.5000    0.6643        70.   51.  -81.       237.   40. -101.   25.19   33.31  0.39966E-07  0.16302E+17
     8   -1.2000    0.7024        71.   51.  -80.       235.   40. -102.   26.02   32.77  0.36245E-07  0.17179E+17
     8   -0.9000    0.7351       234.   40. -104.        72.   52.  -79.   26.83   32.29  0.32874E-07  0.17933E+17
     8   -0.6000    0.7623       233.   40. -105.        72.   52.  -78.   27.63   31.86  0.29962E-07  0.18558E+17
     8   -0.3000    0.7837       232.   40. -106.        72.   52.  -77.   28.42   31.46  0.27601E-07  0.19046E+17
     8    0.0000    0.7989       232.   40. -106.        73.   52.  -77.   29.20   31.08  0.25873E-07  0.19393E+17
     8    0.3000    0.8080       231.   40. -107.        73.   52.  -76.   30.00   30.73  0.24832E-07  0.19595E+17
     8    0.6000    0.8107       231.   40. -107.        73.   53.  -76.   30.81   30.38  0.24515E-07  0.19651E+17
     8    0.9000    0.8071       230.   40. -108.        73.   53.  -76.   31.65   30.04  0.24932E-07  0.19559E+17
     8    1.2000    0.7972       230.   40. -108.        73.   53.  -76.   32.52   29.69  0.26070E-07  0.19320E+17
     8    1.5000    0.7811       229.   39. -108.        72.   53.  -75.   33.43   29.34  0.27892E-07  0.18937E+17
     8    1.8000    0.7589       229.   39. -108.        72.   53.  -75.   34.41   28.98  0.30338E-07  0.18412E+17
     8    2.1000    0.7308       229.   39. -108.        72.   53.  -76.   35.48   28.58  0.33331E-07  0.17751E+17
     9   -2.1000    0.5741        70.   51.  -83.       239.   40.  -98.   12.06   40.28  0.47956E-07  0.15102E+17
     9   -1.8000    0.6221        72.   51.  -80.       237.   40. -102.   12.98   39.61  0.43852E-07  0.16255E+17
     9   -1.5000    0.6656        73.   51.  -78.       234.   40. -104.   13.87   39.04  0.39844E-07  0.17298E+17
     9   -1.2000    0.7042        74.   52.  -77.       233.   40. -106.   14.73   38.54  0.36060E-07  0.18221E+17
     9   -0.9000    0.7376       232.   40. -108.        74.   52.  -76.   15.56   38.09  0.32619E-07  0.19014E+17
     9   -0.6000    0.7653       230.   40. -109.        75.   52.  -75.   16.38   37.69  0.29635E-07  0.19670E+17
     9   -0.3000    0.7872       230.   40. -110.        75.   52.  -74.   17.17   37.32  0.27202E-07  0.20182E+17
     9    0.0000    0.8031       229.   41. -111.        75.   53.  -73.   17.96   36.98  0.25402E-07  0.20546E+17
     9    0.3000    0.8127       228.   41. -111.        75.   53.  -73.   18.75   36.66  0.24292E-07  0.20757E+17
     9    0.6000    0.8159       228.   41. -111.        75.   53.  -73.   19.54   36.34  0.23911E-07  0.20814E+17
     9    0.9000    0.8128       227.   41. -112.        75.   53.  -73.   20.36   36.04  0.24270E-07  0.20716E+17
     9    1.2000    0.8034       227.   41. -112.        75.   53.  -72.   21.20   35.73  0.25360E-07  0.20463E+17
     9    1.5000    0.7878       227.   40. -112.        74.   53.  -73.   22.08   35.42  0.27143E-07  0.20057E+17
     9    1.8000    0.7660       227.   40. -111.        74.   53.  -73.   23.02   35.10  0.29563E-07  0.19503E+17
     9    2.1000    0.7383       226.   40. -111.        73.   53.  -73.   24.04   34.76  0.32540E-07  0.18804E+17
    10   -2.1000    0.5732        78.   53.  -72.       230.   41. -112.    4.17   44.63  0.48028E-07  0.16126E+17
    10   -1.8000    0.6216        80.   53.  -68.       227.   42. -116.    5.23   43.99  0.43897E-07  0.17354E+17
    10   -1.5000    0.6655       225.   42. -119.        82.   54.  -66.    6.20   43.45  0.39856E-07  0.18464E+17
    10   -1.2000    0.7045       224.   43. -120.        82.   54.  -65.    7.11   42.97  0.36032E-07  0.19445E+17
    10   -0.9000    0.7383       223.   43. -121.        82.   55.  -64.    7.95   42.56  0.32547E-07  0.20289E+17
    10   -0.6000    0.7664       222.   43. -122.        82.   55.  -64.    8.75   42.18  0.29513E-07  0.20988E+17
    10   -0.3000    0.7888       222.   43. -122.        82.   55.  -64.    9.50   41.84  0.27028E-07  0.21534E+17
    10    0.0000    0.8050       221.   43. -122.        82.   55.  -64.   10.23   41.52  0.25174E-07  0.21921E+17
    10    0.3000    0.8151       221.   43. -122.        81.   55.  -64.   10.94   41.22  0.24011E-07  0.22147E+17
    10    0.6000    0.8188       221.   43. -122.        81.   55.  -64.   11.64   40.94  0.23578E-07  0.22209E+17
    10    0.9000    0.8161       221.   43. -121.        80.   55.  -65.   12.33   40.66  0.23889E-07  0.22105E+17
    10    1.2000    0.8071       221.   42. -121.        80.   54.  -65.   13.04   40.39  0.24934E-07  0.21837E+17
    10    1.5000    0.7919       221.   42. -120.        79.   54.  -66.   13.77   40.12  0.26678E-07  0.21407E+17
    10    1.8000    0.7705       221.   42. -119.        78.   54.  -66.   14.54   39.83  0.29066E-07  0.20818E+17
    10    2.1000    0.7432       222.   42. -118.        77.   54.  -67.   15.36   39.53  0.32019E-07  0.20076E+17
    11   -2.1000    0.5779        98.   64.  -41.       210.   54. -146.    2.26   47.34  0.47643E-07  0.17271E+17
    11   -1.8000    0.6261       210.   53. -145.        97.   63.  -43.    3.10   46.81  0.43496E-07  0.18563E+17
    11   -1.5000    0.6697       211.   52. -143.        96.   62.  -44.    3.84   46.35  0.39448E-07  0.19728E+17
    11   -1.2000    0.7085       211.   52. -143.        95.   62.  -45.    4.51   45.96  0.35625E-07  0.20757E+17
    11   -0.9000    0.7420       211.   51. -142.        94.   61.  -46.    5.12   45.61  0.32150E-07  0.21638E+17
    11   -0.6000    0.7699       211.   51. -141.        94.   61.  -47.    5.68   45.30  0.29134E-07  0.22364E+17
    11   -0.3000    0.7919       211.   50. -140.        93.   60.  -47.    6.19   45.02  0.26676E-07  0.22928E+17
    11    0.0000    0.8078       211.   50. -139.        92.   60.  -48.    6.67   44.76  0.24855E-07  0.23324E+17
    11    0.3000    0.8175       211.   49. -138.        91.   60.  -49.    7.13   44.53  0.23732E-07  0.23547E+17
    11    0.6000    0.8208       211.   49. -137.        90.   59.  -50.    7.56   44.30  0.23343E-07  0.23597E+17
    11    0.9000    0.8177       212.   49. -136.        89.   59.  -51.    7.98   44.08  0.23701E-07  0.23470E+17
    11    1.2000    0.8083       212.   48. -135.        88.   58.  -52.    8.38   43.87  0.24796E-07  0.23170E+17
    11    1.5000    0.7926       212.   48. -134.        87.   58.  -53.    8.79   43.66  0.26591E-07  0.22696E+17
    11    1.8000    0.7708       213.   47. -132.        86.   57.  -54.    9.21   43.44  0.29029E-07  0.22055E+17
    11    2.1000    0.7431       213.   46. -131.        85.   57.  -56.    9.64   43.22  0.32029E-07  0.21251E+17
    12   -2.1000    0.5781       202.   76. -175.       111.   85.  -14.    5.27   49.68  0.47623E-07  0.18186E+17
    12   -1.8000    0.6262       201.   74. -172.       109.   82.  -17.    5.38   49.18  0.43483E-07  0.19550E+17
    12   -1.5000    0.6698       201.   71. -170.       108.   80.  -19.    5.54   48.75  0.39441E-07  0.20783E+17
    12   -1.2000    0.7085       201.   69. -167.       107.   78.  -21.    5.72   48.38  0.35624E-07  0.21872E+17
    12   -0.9000    0.7420       202.   68. -165.       106.   76.  -23.    5.90   48.06  0.32155E-07  0.22807E+17
    12   -0.6000    0.7698       202.   66. -163.       105.   75.  -25.    6.07   47.77  0.29144E-07  0.23579E+17
    12   -0.3000    0.7918       202.   65. -162.       104.   74.  -26.    6.24   47.51  0.26688E-07  0.24180E+17
    12    0.0000    0.8077       202.   63. -160.       103.   72.  -28.    6.38   47.28  0.24868E-07  0.24606E+17
    12    0.3000    0.8174       202.   62. -158.       102.   71.  -30.    6.52   47.06  0.23743E-07  0.24851E+17
    12    0.6000    0.8207       202.   61. -157.       101.   70.  -31.    6.63   46.85  0.23351E-07  0.24913E+17
    12    0.9000    0.8177       203.   60. -155.        99.   69.  -33.    6.73   46.66  0.23704E-07  0.24791E+17
    12    1.2000    0.8084       203.   59. -153.        98.   67.  -34.    6.81   46.47  0.24790E-07  0.24485E+17
    12    1.5000    0.7928       203.   57. -151.        97.   66.  -36.    6.89   46.28  0.26575E-07  0.23998E+17
    12    1.8000    0.7711       204.   56. -149.        95.   65.  -38.    6.96   46.09  0.29000E-07  0.23334E+17
    12    2.1000    0.7435       205.   55. -146.        94.   63.  -41.    7.03   45.88  0.31987E-07  0.22499E+17
    13   -2.1000    0.5771       202.   79. -179.       112.   89.  -11.    8.58   51.40  0.47709E-07  0.18991E+17
    13   -1.8000    0.6250       202.   78. -177.       111.   87.  -12.    8.54   50.92  0.43589E-07  0.20424E+17
    13   -1.5000    0.6685       201.   76. -175.       110.   86.  -14.    8.53   50.52  0.39565E-07  0.21719E+17
    13   -1.2000    0.7071       201.   75. -174.       109.   84.  -15.    8.52   50.17  0.35765E-07  0.22865E+17
    13   -0.9000    0.7405       201.   74. -173.       109.   83.  -16.    8.50   49.87  0.32309E-07  0.23850E+17
    13   -0.6000    0.7683       200.   73. -172.       108.   82.  -17.    8.47   49.60  0.29308E-07  0.24666E+17
    13   -0.3000    0.7903       200.   73. -171.       107.   81.  -18.    8.42   49.36  0.26857E-07  0.25304E+17
    13    0.0000    0.8062       200.   72. -170.       107.   80.  -19.    8.36   49.14  0.25037E-07  0.25759E+17
    13    0.3000    0.8160       200.   71. -169.       106.   79.  -19.    8.26   48.94  0.23907E-07  0.26026E+17
    13    0.6000    0.8194       199.   70. -168.       105.   78.  -20.    8.14   48.75  0.23503E-07  0.26101E+17
    13    0.9000    0.8165       199.   69. -167.       104.   77.  -21.    7.99   48.57  0.23839E-07  0.25985E+17
    13    1.2000    0.8074       199.   68. -165.       104.   77.  -22.    7.80   48.40  0.24904E-07  0.25677E+17
    13    1.5000    0.7920       199.   68. -164.       103.   76.  -23.    7.58   48.22  0.26662E-07  0.25180E+17
    13    1.8000    0.7706       199.   67. -163.       102.   74.  -24.    7.30   48.04  0.29057E-07  0.24498E+17
    13    2.1000    0.7433       199.   65. -161.       101.   73.  -26.    6.98   47.86  0.32011E-07  0.23638E+17
    14   -2.1000    0.5797       203.   79. -179.       112.   89.  -11.   10.10   52.52  0.47498E-07  0.19923E+17
    14   -1.8000    0.6272       202.   79. -178.       111.   88.  -11.   10.15   52.09  0.43396E-07  0.21410E+17
    14   -1.5000    0.6702       201.   78. -177.       111.   87.  -12.   10.19   51.73  0.39399E-07  0.22754E+17
    14   -1.2000    0.7084       201.   77. -176.       110.   86.  -13.   10.21   51.42  0.35632E-07  0.23942E+17
    14   -0.9000    0.7414       201.   76. -175.       109.   85.  -14.   10.21   51.15  0.32214E-07  0.24962E+17
    14   -0.6000    0.7688       200.   76. -174.       109.   84.  -14.   10.18   50.91  0.29254E-07  0.25805E+17
    14   -0.3000    0.7904       200.   75. -174.       108.   84.  -15.   10.13   50.69  0.26848E-07  0.26464E+17
    14    0.0000    0.8059       199.   75. -173.       108.   83.  -15.   10.05   50.50  0.25074E-07  0.26931E+17
    14    0.3000    0.8153       199.   75. -172.       107.   83.  -16.    9.94   50.33  0.23988E-07  0.27202E+17
    14    0.6000    0.8184       199.   74. -172.       106.   82.  -16.    9.79   50.16  0.23628E-07  0.27275E+17
    14    0.9000    0.8151       198.   74. -171.       106.   81.  -16.    9.61   50.01  0.24003E-07  0.27147E+17
    14    1.2000    0.8057       198.   73. -170.       105.   81.  -17.    9.38   49.85  0.25102E-07  0.26820E+17
    14    1.5000    0.7900       198.   73. -170.       105.   80.  -17.    9.10   49.71  0.26889E-07  0.26296E+17
    14    1.8000    0.7683       197.   72. -169.       104.   80.  -18.    8.76   49.56  0.29305E-07  0.25579E+17
    14    2.1000    0.7408       197.   72. -169.       103.   79.  -18.    8.36   49.40  0.32273E-07  0.24676E+17
    15   -2.1000    0.5797       203.   80.  180.       293.   90.   10.   14.34   54.75  0.47493E-07  0.21187E+17
    15   -1.8000    0.6269       202.   79. -180.       112.   90.  -11.   14.33   54.35  0.43421E-07  0.22765E+17
    15   -1.5000    0.6697       202.   79. -179.       111.   89.  -11.   14.31   54.02  0.39455E-07  0.24192E+17
    15   -1.2000    0.7076       201.   79. -178.       111.   88.  -11.   14.27   53.74  0.35722E-07  0.25453E+17
    15   -0.9000    0.7402       201.   78. -178.       110.   88.  -12.   14.21   53.49  0.32338E-07  0.26538E+17
    15   -0.6000    0.7674       200.   78. -177.       110.   87.  -12.   14.13   53.28  0.29411E-07  0.27436E+17
    15   -0.3000    0.7887       200.   78. -177.       109.   87.  -12.   14.02   53.09  0.27035E-07  0.28138E+17
    15    0.0000    0.8041       199.   77. -176.       108.   86.  -13.   13.87   52.92  0.25288E-07  0.28638E+17
    15    0.3000    0.8132       199.   77. -176.       108.   86.  -13.   13.70   52.76  0.24224E-07  0.28931E+17
    15    0.6000    0.8162       198.   77. -175.       107.   85.  -13.   13.49   52.62  0.23880E-07  0.29014E+17
    15    0.9000    0.8129       198.   77. -175.       107.   85.  -13.   13.24   52.48  0.24265E-07  0.28885E+17
    15    1.2000    0.8034       198.   77. -175.       106.   85.  -13.   12.94   52.35  0.25367E-07  0.28545E+17
    15    1.5000    0.7877       197.   76. -174.       106.   84.  -14.   12.59   52.22  0.27150E-07  0.27997E+17
    15    1.8000    0.7660       197.   76. -174.       105.   84.  -14.   12.18   52.09  0.29556E-07  0.27245E+17
    15    2.1000    0.7386       196.   76. -174.       104.   84.  -14.   11.69   51.96  0.32506E-07  0.26296E+17
    16   -2.1000    0.5796       203.   80.  179.       294.   89.   10.   16.10   55.78  0.47505E-07  0.22046E+17
    16   -1.8000    0.6263       203.   80.  180.       293.   90.   10.   16.11   55.42  0.43472E-07  0.23684E+17
    16   -1.5000    0.6687       202.   79. -180.       112.   90.  -11.   16.10   55.11  0.39549E-07  0.25166E+17
    16   -1.2000    0.7062       202.   79. -179.       111.   89.  -11.   16.07   54.85  0.35859E-07  0.26477E+17
    16   -0.9000    0.7385       201.   79. -179.       111.   89.  -11.   16.01   54.63  0.32518E-07  0.27605E+17
    16   -0.6000    0.7654       200.   79. -178.       110.   88.  -11.   15.93   54.43  0.29632E-07  0.28539E+17
    16   -0.3000    0.7864       200.   79. -178.       110.   88.  -11.   15.82   54.26  0.27294E-07  0.29271E+17
    16    0.0000    0.8015       199.   78. -177.       109.   87.  -12.   15.68   54.10  0.25578E-07  0.29793E+17
    16    0.3000    0.8105       199.   78. -177.       108.   87.  -12.   15.50   53.96  0.24540E-07  0.30101E+17
    16    0.6000    0.8133       199.   78. -177.       108.   87.  -12.   15.30   53.83  0.24214E-07  0.30191E+17
    16    0.9000    0.8099       198.   78. -176.       107.   86.  -12.   15.05   53.70  0.24608E-07  0.30061E+17
    16    1.2000    0.8004       197.   78. -176.       107.   86.  -12.   14.76   53.59  0.25710E-07  0.29713E+17
    16    1.5000    0.7847       197.   78. -176.       106.   86.  -12.   14.42   53.47  0.27484E-07  0.29149E+17
    16    1.8000    0.7632       196.   78. -176.       105.   86.  -12.   14.02   53.35  0.29872E-07  0.28374E+17
    16    2.1000    0.7359       196.   78. -176.       105.   86.  -12.   13.56   53.23  0.32795E-07  0.27394E+17
    17   -2.1000    0.5824       204.   80.  179.       294.   89.   10.   17.22   56.58  0.47274E-07  0.23040E+17
    17   -1.8000    0.6286       203.   80.  180.       293.   90.   10.   17.27   56.25  0.43272E-07  0.24727E+17
    17   -1.5000    0.6704       202.   80. -180.       112.   90.  -10.   17.29   55.96  0.39389E-07  0.26250E+17
    17   -1.2000    0.7073       202.   80. -179.       112.   89.  -10.   17.29   55.72  0.35746E-07  0.27596E+17
    17   -0.9000    0.7391       201.   79. -179.       111.   89.  -11.   17.26   55.51  0.32457E-07  0.28751E+17
    17   -0.6000    0.7654       201.   79. -178.       110.   88.  -11.   17.20   55.33  0.29628E-07  0.29705E+17
    17   -0.3000    0.7859       200.   79. -178.       110.   88.  -11.   17.11   55.17  0.27348E-07  0.30450E+17
    17    0.0000    0.8005       200.   79. -178.       109.   88.  -11.   16.99   55.03  0.25691E-07  0.30977E+17
    17    0.3000    0.8091       199.   79. -178.       109.   88.  -11.   16.84   54.90  0.24709E-07  0.31281E+17
    17    0.6000    0.8114       199.   79. -177.       108.   87.  -11.   16.66   54.78  0.24435E-07  0.31360E+17
    17    0.9000    0.8076       198.   79. -177.       108.   87.  -11.   16.44   54.67  0.24876E-07  0.31212E+17
    17    1.2000    0.7977       198.   79. -177.       107.   87.  -11.   16.18   54.56  0.26018E-07  0.30837E+17
    17    1.5000    0.7817       197.   79. -177.       106.   87.  -11.   15.87   54.46  0.27824E-07  0.30239E+17
    17    1.8000    0.7598       196.   79. -176.       106.   87.  -11.   15.51   54.35  0.30235E-07  0.29422E+17
    17    2.1000    0.7323       196.   79. -176.       105.   86.  -11.   15.09   54.24  0.33172E-07  0.28393E+17
    18   -2.1000    0.5866       204.   81.  179.       294.   89.    9.   18.73   57.04  0.46921E-07  0.23942E+17
    18   -1.8000    0.6322       203.   81.  180.       293.   90.    9.   18.76   56.73  0.42943E-07  0.25668E+17
    18   -1.5000    0.6734       202.   81.  180.       292.   90.    9.   18.75   56.47  0.39096E-07  0.27224E+17
    18   -1.2000    0.7098       202.   81. -180.       112.   90.   -9.   18.72   56.25  0.35499E-07  0.28598E+17
    18   -0.9000    0.7409       201.   80. -179.       111.   89.  -10.   18.67   56.06  0.32266E-07  0.29776E+17
    18   -0.6000    0.7666       201.   80. -179.       111.   89.  -10.   18.58   55.90  0.29501E-07  0.30747E+17
    18   -0.3000    0.7865       200.   80. -179.       110.   89.  -10.   18.46   55.76  0.27290E-07  0.31501E+17
    18    0.0000    0.8004       200.   80. -178.       109.   88.  -10.   18.31   55.64  0.25705E-07  0.32032E+17
    18    0.3000    0.8083       199.   80. -178.       109.   88.  -10.   18.13   55.53  0.24797E-07  0.32335E+17
    18    0.6000    0.8101       199.   80. -178.       108.   88.  -10.   17.92   55.44  0.24594E-07  0.32405E+17
    18    0.9000    0.8056       198.   80. -177.       108.   87.  -10.   17.66   55.35  0.25104E-07  0.32242E+17
    18    1.2000    0.7951       198.   80. -177.       107.   87.  -10.   17.36   55.27  0.26310E-07  0.31847E+17
    18    1.5000    0.7786       197.   80. -177.       106.   87.  -10.   17.01   55.20  0.28172E-07  0.31222E+17
    18    1.8000    0.7562       196.   80. -177.       106.   87.  -10.   16.61   55.13  0.30630E-07  0.30372E+17
    18    2.1000    0.7282       196.   80. -177.       105.   87.  -10.   16.14   55.05  0.33604E-07  0.29305E+17
    19   -2.1000    0.5887       204.   82.  179.       294.   89.    8.   19.80   57.28  0.46745E-07  0.24695E+17
    19   -1.8000    0.6339       203.   81.  179.       293.   89.    9.   19.80   57.00  0.42794E-07  0.26459E+17
    19   -1.5000    0.6746       202.   81.  180.       292.   90.    9.   19.78   56.76  0.38981E-07  0.28050E+17
    19   -1.2000    0.7105       202.   81. -180.       112.   90.   -9.   19.73   56.57  0.35425E-07  0.29453E+17
    19   -0.9000    0.7412       201.   81. -180.       111.   90.   -9.   19.65   56.40  0.32237E-07  0.30655E+17
    19   -0.6000    0.7664       201.   81. -179.       111.   89.   -9.   19.54   56.26  0.29519E-07  0.31646E+17
    19   -0.3000    0.7859       200.   81. -179.       110.   89.   -9.   19.40   56.14  0.27357E-07  0.32416E+17
    19    0.0000    0.7994       200.   80. -179.       109.   89.  -10.   19.23   56.04  0.25820E-07  0.32957E+17
    19    0.3000    0.8069       199.   80. -178.       109.   88.  -10.   19.02   55.95  0.24958E-07  0.33264E+17
    19    0.6000    0.8083       199.   80. -178.       108.   88.  -10.   18.78   55.88  0.24798E-07  0.33335E+17
    19    0.9000    0.8036       198.   80. -178.       108.   88.  -10.   18.50   55.81  0.25345E-07  0.33166E+17
    19    1.2000    0.7927       198.   80. -178.       107.   88.  -10.   18.17   55.76  0.26582E-07  0.32761E+17
    19    1.5000    0.7759       197.   80. -177.       107.   87.  -10.   17.79   55.71  0.28468E-07  0.32120E+17
    19    1.8000    0.7533       196.   80. -177.       106.   87.  -10.   17.35   55.67  0.30943E-07  0.31251E+17
    19    2.1000    0.7251       196.   80. -177.       105.   87.  -10.   16.85   55.63  0.33926E-07  0.30159E+17
    20   -2.1000    0.5927       204.   82.  180.       294.   90.    8.   19.44   57.35  0.46409E-07  0.25666E+17
    20   -1.8000    0.6372       203.   82.  180.       293.   90.    8.   19.58   57.10  0.42494E-07  0.27443E+17
    20   -1.5000    0.6772       202.   82. -180.       112.   90.   -8.   19.67   56.89  0.38729E-07  0.29040E+17
    20   -1.2000    0.7124       202.   81. -180.       112.   90.   -9.   19.72   56.71  0.35233E-07  0.30444E+17
    20   -0.9000    0.7423       201.   81. -179.       111.   89.   -9.   19.73   56.57  0.32114E-07  0.31640E+17
    20   -0.6000    0.7668       201.   81. -179.       111.   89.   -9.   19.71   56.45  0.29472E-07  0.32618E+17
    20   -0.3000    0.7856       200.   81. -179.       110.   89.   -9.   19.66   56.35  0.27391E-07  0.33369E+17
    20    0.0000    0.7984       200.   81. -179.       109.   89.   -9.   19.57   56.27  0.25937E-07  0.33885E+17
    20    0.3000    0.8052       199.   80. -178.       109.   88.  -10.   19.45   56.20  0.25157E-07  0.34161E+17
    20    0.6000    0.8059       199.   80. -178.       108.   88.  -10.   19.29   56.15  0.25076E-07  0.34194E+17
    20    0.9000    0.8005       198.   80. -178.       108.   88.  -10.   19.08   56.11  0.25698E-07  0.33984E+17
    20    1.2000    0.7890       198.   80. -178.       107.   88.  -10.   18.84   56.08  0.27002E-07  0.33530E+17
    20    1.5000    0.7716       197.   80. -178.       107.   88.  -10.   18.54   56.06  0.28945E-07  0.32836E+17
    20    1.8000    0.7484       196.   80. -178.       106.   88.  -10.   18.20   56.05  0.31465E-07  0.31909E+17
    20    2.1000    0.7197       196.   80. -177.       105.   87.  -10.   17.79   56.04  0.34482E-07  0.30755E+17
