211.000000 49.000000 -137.000000
237.000000 39.000000 -100.000000 69.000000 52.000000 -82.000000
237.000000 39.000000 -100.000000 69.000000 52.000000 -82.000000
237.000000 38.000000 -100.000000 69.000000 52.000000 -82.000000
237.000000 38.000000 -100.000000 69.000000 53.000000 -82.000000
237.000000 38.000000 -100.000000 69.000000 53.000000 -82.000000
237.000000 37.000000 -100.000000 69.000000 53.000000 -83.000000
236.000000 39.000000 -101.000000 70.000000 52.000000 -81.000000
236.000000 38.000000 -101.000000 70.000000 52.000000 -81.000000
235.000000 38.000000 -102.000000 70.000000 53.000000 -81.000000
235.000000 38.000000 -102.000000 70.000000 53.000000 -81.000000
235.000000 38.000000 -103.000000 71.000000 53.000000 -80.000000
235.000000 38.000000 -103.000000 71.000000 53.000000 -80.000000
234.000000 37.000000 -103.000000 71.000000 54.000000 -80.000000
234.000000 37.000000 -103.000000 71.000000 54.000000 -80.000000
235.000000 39.000000 -102.000000 70.000000 52.000000 -81.000000
235.000000 39.000000 -103.000000 71.000000 52.000000 -80.000000
234.000000 38.000000 -103.000000 71.000000 53.000000 -80.000000
234.000000 38.000000 -104.000000 71.000000 53.000000 -79.000000
233.000000 38.000000 -104.000000 71.000000 53.000000 -79.000000
233.000000 38.000000 -104.000000 71.000000 53.000000 -79.000000
233.000000 38.000000 -105.000000 71.000000 53.000000 -79.000000
232.000000 38.000000 -105.000000 71.000000 54.000000 -79.000000
235.000000 39.000000 -103.000000 71.000000 52.000000 -80.000000
234.000000 39.000000 -103.000000 71.000000 52.000000 -79.000000
233.000000 39.000000 -104.000000 71.000000 53.000000 -79.000000
233.000000 39.000000 -105.000000 71.000000 53.000000 -79.000000
232.000000 39.000000 -105.000000 71.000000 53.000000 -78.000000
232.000000 39.000000 -105.000000 71.000000 53.000000 -78.000000
232.000000 39.000000 -106.000000 71.000000 53.000000 -78.000000
231.000000 39.000000 -106.000000 71.000000 53.000000 -78.000000
231.000000 39.000000 -106.000000 71.000000 53.000000 -78.000000
233.000000 40.000000 -105.000000 72.000000 52.000000 -78.000000
232.000000 40.000000 -106.000000 72.000000 52.000000 -77.000000
232.000000 40.000000 -106.000000 73.000000 52.000000 -77.000000
231.000000 40.000000 -107.000000 73.000000 52.000000 -76.000000
231.000000 40.000000 -107.000000 73.000000 53.000000 -76.000000
230.000000 40.000000 -108.000000 73.000000 53.000000 -76.000000
230.000000 40.000000 -108.000000 73.000000 53.000000 -76.000000
229.000000 39.000000 -108.000000 72.000000 53.000000 -75.000000
229.000000 39.000000 -108.000000 72.000000 53.000000 -75.000000
230.000000 40.000000 -109.000000 75.000000 52.000000 -75.000000
230.000000 40.000000 -110.000000 75.000000 52.000000 -74.000000
229.000000 41.000000 -111.000000 75.000000 53.000000 -73.000000
228.000000 41.000000 -111.000000 75.000000 53.000000 -73.000000
228.000000 41.000000 -111.000000 75.000000 53.000000 -73.000000
227.000000 41.000000 -112.000000 75.000000 53.000000 -73.000000
227.000000 41.000000 -112.000000 75.000000 53.000000 -72.000000
227.000000 40.000000 -112.000000 74.000000 53.000000 -73.000000
227.000000 40.000000 -111.000000 74.000000 53.000000 -73.000000
222.000000 43.000000 -122.000000 82.000000 55.000000 -64.000000
222.000000 43.000000 -122.000000 82.000000 55.000000 -64.000000
221.000000 43.000000 -122.000000 82.000000 55.000000 -64.000000
221.000000 43.000000 -122.000000 81.000000 55.000000 -64.000000
221.000000 43.000000 -122.000000 81.000000 55.000000 -64.000000
221.000000 43.000000 -121.000000 80.000000 55.000000 -65.000000
221.000000 42.000000 -121.000000 80.000000 54.000000 -65.000000
221.000000 42.000000 -120.000000 79.000000 54.000000 -66.000000
221.000000 42.000000 -119.000000 78.000000 54.000000 -66.000000
222.000000 42.000000 -118.000000 77.000000 54.000000 -67.000000
211.000000 51.000000 -142.000000 94.000000 61.000000 -46.000000
211.000000 51.000000 -141.000000 94.000000 61.000000 -47.000000
211.000000 50.000000 -140.000000 93.000000 60.000000 -47.000000
211.000000 50.000000 -139.000000 92.000000 60.000000 -48.000000
211.000000 49.000000 -138.000000 91.000000 60.000000 -49.000000
211.000000 49.000000 -137.000000 90.000000 59.000000 -50.000000
212.000000 49.000000 -136.000000 89.000000 59.000000 -51.000000
212.000000 48.000000 -135.000000 88.000000 58.000000 -52.000000
212.000000 48.000000 -134.000000 87.000000 58.000000 -53.000000
213.000000 47.000000 -132.000000 86.000000 57.000000 -54.000000
213.000000 46.000000 -131.000000 85.000000 57.000000 -56.000000
202.000000 68.000000 -165.000000 106.000000 76.000000 -23.000000
202.000000 66.000000 -163.000000 105.000000 75.000000 -25.000000
202.000000 65.000000 -162.000000 104.000000 74.000000 -26.000000
202.000000 63.000000 -160.000000 103.000000 72.000000 -28.000000
202.000000 62.000000 -158.000000 102.000000 71.000000 -30.000000
202.000000 61.000000 -157.000000 101.000000 70.000000 -31.000000
203.000000 60.000000 -155.000000 99.000000 69.000000 -33.000000
203.000000 59.000000 -153.000000 98.000000 67.000000 -34.000000
203.000000 57.000000 -151.000000 97.000000 66.000000 -36.000000
204.000000 56.000000 -149.000000 95.000000 65.000000 -38.000000
205.000000 55.000000 -146.000000 94.000000 63.000000 -41.000000
201.000000 74.000000 -173.000000 109.000000 83.000000 -16.000000
200.000000 73.000000 -172.000000 108.000000 82.000000 -17.000000
200.000000 73.000000 -171.000000 107.000000 81.000000 -18.000000
200.000000 72.000000 -170.000000 107.000000 80.000000 -19.000000
200.000000 71.000000 -169.000000 106.000000 79.000000 -19.000000
199.000000 70.000000 -168.000000 105.000000 78.000000 -20.000000
199.000000 69.000000 -167.000000 104.000000 77.000000 -21.000000
199.000000 68.000000 -165.000000 104.000000 77.000000 -22.000000
199.000000 68.000000 -164.000000 103.000000 76.000000 -23.000000
199.000000 67.000000 -163.000000 102.000000 74.000000 -24.000000
199.000000 65.000000 -161.000000 101.000000 73.000000 -26.000000
201.000000 76.000000 -175.000000 109.000000 85.000000 -14.000000
200.000000 76.000000 -174.000000 109.000000 84.000000 -14.000000
200.000000 75.000000 -174.000000 108.000000 84.000000 -15.000000
199.000000 75.000000 -173.000000 108.000000 83.000000 -15.000000
199.000000 75.000000 -172.000000 107.000000 83.000000 -16.000000
199.000000 74.000000 -172.000000 106.000000 82.000000 -16.000000
198.000000 74.000000 -171.000000 106.000000 81.000000 -16.000000
198.000000 73.000000 -170.000000 105.000000 81.000000 -17.000000
198.000000 73.000000 -170.000000 105.000000 80.000000 -17.000000
197.000000 72.000000 -169.000000 104.000000 80.000000 -18.000000
197.000000 72.000000 -169.000000 103.000000 79.000000 -18.000000
201.000000 78.000000 -178.000000 110.000000 88.000000 -12.000000
200.000000 78.000000 -177.000000 110.000000 87.000000 -12.000000
200.000000 78.000000 -177.000000 109.000000 87.000000 -12.000000
199.000000 77.000000 -176.000000 108.000000 86.000000 -13.000000
199.000000 77.000000 -176.000000 108.000000 86.000000 -13.000000
198.000000 77.000000 -175.000000 107.000000 85.000000 -13.000000
198.000000 77.000000 -175.000000 107.000000 85.000000 -13.000000
198.000000 77.000000 -175.000000 106.000000 85.000000 -13.000000
197.000000 76.000000 -174.000000 106.000000 84.000000 -14.000000
197.000000 76.000000 -174.000000 105.000000 84.000000 -14.000000
200.000000 79.000000 -178.000000 110.000000 88.000000 -11.000000
200.000000 79.000000 -178.000000 110.000000 88.000000 -11.000000
199.000000 78.000000 -177.000000 109.000000 87.000000 -12.000000
199.000000 78.000000 -177.000000 108.000000 87.000000 -12.000000
199.000000 78.000000 -177.000000 108.000000 87.000000 -12.000000
198.000000 78.000000 -176.000000 107.000000 86.000000 -12.000000
197.000000 78.000000 -176.000000 107.000000 86.000000 -12.000000
197.000000 78.000000 -176.000000 106.000000 86.000000 -12.000000
196.000000 78.000000 -176.000000 105.000000 86.000000 -12.000000
201.000000 79.000000 -179.000000 111.000000 89.000000 -11.000000
201.000000 79.000000 -178.000000 110.000000 88.000000 -11.000000
200.000000 79.000000 -178.000000 110.000000 88.000000 -11.000000
200.000000 79.000000 -178.000000 109.000000 88.000000 -11.000000
199.000000 79.000000 -178.000000 109.000000 88.000000 -11.000000
199.000000 79.000000 -177.000000 108.000000 87.000000 -11.000000
198.000000 79.000000 -177.000000 108.000000 87.000000 -11.000000
198.000000 79.000000 -177.000000 107.000000 87.000000 -11.000000
197.000000 79.000000 -177.000000 106.000000 87.000000 -11.000000
196.000000 79.000000 -176.000000 106.000000 87.000000 -11.000000
201.000000 80.000000 -179.000000 111.000000 89.000000 -10.000000
201.000000 80.000000 -179.000000 111.000000 89.000000 -10.000000
200.000000 80.000000 -179.000000 110.000000 89.000000 -10.000000
200.000000 80.000000 -178.000000 109.000000 88.000000 -10.000000
199.000000 80.000000 -178.000000 109.000000 88.000000 -10.000000
199.000000 80.000000 -178.000000 108.000000 88.000000 -10.000000
198.000000 80.000000 -177.000000 108.000000 87.000000 -10.000000
198.000000 80.000000 -177.000000 107.000000 87.000000 -10.000000
197.000000 80.000000 -177.000000 106.000000 87.000000 -10.000000
196.000000 80.000000 -177.000000 106.000000 87.000000 -10.000000
201.000000 81.000000 -180.000000 111.000000 90.000000 -9.000000
201.000000 81.000000 -179.000000 111.000000 89.000000 -9.000000
200.000000 81.000000 -179.000000 110.000000 89.000000 -9.000000
200.000000 80.000000 -179.000000 109.000000 89.000000 -10.000000
199.000000 80.000000 -178.000000 109.000000 88.000000 -10.000000
199.000000 80.000000 -178.000000 108.000000 88.000000 -10.000000
198.000000 80.000000 -178.000000 108.000000 88.000000 -10.000000
198.000000 80.000000 -178.000000 107.000000 88.000000 -10.000000
197.000000 80.000000 -177.000000 107.000000 87.000000 -10.000000
196.000000 80.000000 -177.000000 106.000000 87.000000 -10.000000
201.000000 81.000000 -179.000000 111.000000 89.000000 -9.000000
201.000000 81.000000 -179.000000 111.000000 89.000000 -9.000000
200.000000 81.000000 -179.000000 110.000000 89.000000 -9.000000
200.000000 81.000000 -179.000000 109.000000 89.000000 -9.000000
199.000000 80.000000 -178.000000 109.000000 88.000000 -10.000000
199.000000 80.000000 -178.000000 108.000000 88.000000 -10.000000
198.000000 80.000000 -178.000000 108.000000 88.000000 -10.000000
198.000000 80.000000 -178.000000 107.000000 88.000000 -10.000000
197.000000 80.000000 -178.000000 107.000000 88.000000 -10.000000
196.000000 80.000000 -178.000000 106.000000 88.000000 -10.000000
