   27.2554702142069     
   27.2554702142069     
   27.4044271926467     
   27.4044271926467     
   27.4044271926467     
   27.5881748035320     
   26.6435438501656     
   26.8110226434772     
   26.2223415714710     
   26.2223415714710     
   25.5766570769947     
   25.5766570769947     
   25.8808896455950     
   25.8808896455950     
   26.0359840713205     
   25.3791334527518     
   25.6388726128092     
   24.9879190129781     
   25.0611415227057     
   25.0611415227057     
   24.4048963010231     
   24.4897143920603     
   25.3791334527518     
   25.4332719681109     
   24.8359271714627     
   24.1673372440136     
   24.2445115185486     
   24.2445115185486     
   23.5699659980762     
   23.6596330089821     
   23.6596330089821     
   23.9685855283674     
   23.3511933834055     
   23.3511933834055     
   22.7398495094580     
   22.7398495094580     
   22.1352236815129     
   22.1352236815129     
   22.5121759426356     
   22.5121759426356     
   21.4585884813406     
   20.8077104748297     
   19.9305497816965     
   19.9845060384743     
   19.9845060384743     
   19.3754298090389     
   19.3754298090389     
   19.6729150299661     
   20.3693326950008     
   12.3282392843809     
   12.3282392843809     
   12.3254102151834     
   12.3254102151834     
   12.3254102151834     
   12.9979729438888     
   13.4088633381874     
   14.0956454111330     
   14.8179536530715     
   15.3842995117153     
   5.38492907545823     
   4.47195429413036     
   3.16224153494579     
   2.23604527196622     
   1.00000000000118     
  0.000000000000000E+000
  0.829377768711027     
   1.83010991165316     
   2.65025418625151     
   4.42858466787426     
   5.72475830286748     
   30.8600296005443     
   28.0548433587802     
   26.6574933247102     
   23.8775273842119     
   21.7620174867104     
   20.3918271244535     
   18.4380292199622     
   16.3784089007116     
   13.7280371632310     
   11.8030474735872     
   9.29114498983791     
   40.6192841071011     
   39.0300061071746     
   38.2918279475223     
   36.8819129827928     
   35.4736805177395     
   33.9306649535076     
   32.5310456337097     
   30.4251097927206     
   29.7310569287876     
   28.3452812168787     
   25.5952385111007     
   43.4418637357855     
   42.5280976383979     
   41.8521921621320     
   40.9683178317222     
   40.2516797815875     
   39.5570933020226     
   38.7292054169367     
   37.3228892902229     
   37.3228892902229     
   35.8410674457287     
   35.8410674457287     
   47.0157408027566     
   46.0894047817027     
   46.0894047817027     
   44.5209411743111     
   44.5209411743111     
   43.6674027964376     
   43.6674027964376     
   43.6674027964376     
   42.1521653812092     
   42.1521653812092     
   47.5018833976786     
   47.5018833976786     
   45.9341094311321     
   45.9341094311321     
   45.9341094311321     
   45.0804513272833     
   44.9743024979407     
   44.9743024979407     
   44.8890395039251     
   48.4251999572601     
   47.6756075158805     
   47.5018833976786     
   47.5018833976786     
   47.3474553610071     
   46.6212027664747     
   46.4941174413099     
   46.4941174413099     
   46.3870662414639     
   45.6091552840835     
   49.0860286175193     
   49.0860286175193     
   48.9140542753288     
   48.1812673626545     
   48.0350965556500     
   48.0350965556500     
   47.1996164849195     
   47.1996164849195     
   47.1001268996924     
   47.0204966751190     
   50.4957498672679     
   49.7574872771557     
   49.5939304338923     
   48.9140542753288     
   48.0350965556500     
   48.0350965556500     
   47.9081428223911     
   47.9081428223911     
   47.1001268996924     
   47.0204966751190     
   49.7574872771557     
   49.7574872771557     
   49.5939304338923     
   49.5939304338923     
   48.0350965556500     
   48.0350965556500     
   47.9081428223911     
   47.9081428223911     
   47.8005597368125     
   47.7124787184395     
