  0.00000E+00  0.00000E+00  0.00000E+00  0.00000E+00
  0.30000E+00  0.00000E+00  0.00000E+00  0.30032E-16
  0.60000E+00 -0.10343E-12  0.42159E-13 -0.46104E-12
  0.90000E+00 -0.80780E-12  0.32923E-12 -0.36025E-11
  0.12000E+01 -0.32394E-11  0.13201E-11 -0.14453E-10
  0.15000E+01 -0.91264E-11  0.37190E-11 -0.40735E-10
  0.18000E+01 -0.20649E-10  0.84143E-11 -0.92179E-10
  0.21000E+01 -0.40287E-10  0.16417E-10 -0.17985E-09
  0.24000E+01 -0.70668E-10  0.28798E-10 -0.31553E-09
  0.27000E+01 -0.11442E-09  0.46630E-10 -0.51090E-09
  0.30000E+01 -0.17404E-09  0.70930E-10 -0.77716E-09
  0.33000E+01 -0.25176E-09  0.10261E-09 -0.11241E-08
  0.36000E+01 -0.34942E-09  0.14241E-09 -0.15603E-08
  0.39000E+01 -0.46838E-09  0.19090E-09 -0.20914E-08
  0.42000E+01 -0.60944E-09  0.24840E-09 -0.27212E-08
  0.45000E+01 -0.77274E-09  0.31497E-09 -0.34503E-08
  0.48000E+01 -0.95776E-09  0.39040E-09 -0.42767E-08
  0.51000E+01 -0.11632E-08  0.47417E-09 -0.51940E-08
  0.54000E+01 -0.13872E-08  0.56547E-09 -0.61940E-08
  0.57000E+01 -0.16268E-08  0.66320E-09 -0.72645E-08
  0.60000E+01 -0.18788E-08  0.76597E-09 -0.83896E-08
  0.63000E+01 -0.21390E-08  0.87211E-09 -0.95518E-08
  0.66000E+01 -0.24027E-08  0.97972E-09 -0.10730E-07
  0.69000E+01 -0.26648E-08  0.10867E-08 -0.11901E-07
  0.72000E+01 -0.29195E-08  0.11907E-08 -0.13039E-07
  0.75000E+01 -0.31609E-08  0.12893E-08 -0.14122E-07
  0.78000E+01 -0.33827E-08  0.13799E-08 -0.15106E-07
  0.81000E+01 -0.35786E-08  0.14600E-08 -0.15988E-07
  0.84000E+01 -0.37423E-08  0.15271E-08 -0.16723E-07
  0.87000E+01 -0.38674E-08  0.15784E-08 -0.17279E-07
  0.90000E+01 -0.39480E-08  0.16116E-08 -0.17647E-07
  0.93000E+01 -0.39785E-08  0.16244E-08 -0.17777E-07
  0.96000E+01 -0.39537E-08  0.16147E-08 -0.17672E-07
  0.99000E+01 -0.38691E-08  0.15806E-08 -0.17294E-07
  0.10200E+02 -0.37207E-08  0.15205E-08 -0.16639E-07
  0.10500E+02 -0.35056E-08  0.14332E-08 -0.15685E-07
  0.10800E+02 -0.32215E-08  0.13178E-08 -0.14411E-07
  0.11100E+02 -0.28673E-08  0.11738E-08 -0.12839E-07
  0.11400E+02 -0.24425E-08  0.10010E-08 -0.10938E-07
  0.11700E+02 -0.19481E-08  0.79978E-09 -0.87320E-08
  0.12000E+02 -0.13859E-08  0.57087E-09 -0.62280E-08
  0.12300E+02 -0.75886E-09  0.31545E-09 -0.34260E-08
  0.12600E+02 -0.70927E-10  0.35166E-10 -0.35200E-09
  0.12900E+02  0.67282E-09 -0.26795E-09  0.29620E-08
  0.13200E+02  0.14663E-08 -0.59142E-09  0.65090E-08
  0.13500E+02  0.23026E-08 -0.93240E-09  0.10245E-07
  0.13800E+02  0.31737E-08 -0.12877E-08  0.14138E-07
  0.14100E+02  0.40709E-08 -0.16537E-08  0.18148E-07
  0.14400E+02  0.49850E-08 -0.20267E-08  0.22228E-07
  0.14700E+02  0.59058E-08 -0.24025E-08  0.26353E-07
  0.15000E+02  0.68228E-08 -0.27769E-08  0.30446E-07
  0.15300E+02  0.77254E-08 -0.31455E-08  0.34485E-07
  0.15600E+02  0.86024E-08 -0.35038E-08  0.38409E-07
  0.15900E+02  0.94427E-08 -0.38472E-08  0.42169E-07
  0.16200E+02  0.10235E-07 -0.41712E-08  0.45717E-07
  0.16500E+02  0.10969E-07 -0.44714E-08  0.49003E-07
  0.16800E+02  0.11634E-07 -0.47435E-08  0.51980E-07
  0.17100E+02  0.12220E-07 -0.49834E-08  0.54608E-07
  0.17400E+02  0.12716E-07 -0.51872E-08  0.56839E-07
  0.17700E+02  0.13116E-07 -0.53514E-08  0.58634E-07
  0.18000E+02  0.13411E-07 -0.54727E-08  0.59955E-07
  0.18300E+02  0.13593E-07 -0.55484E-08  0.60782E-07
  0.18600E+02  0.13658E-07 -0.55761E-08  0.61081E-07
  0.18900E+02  0.13600E-07 -0.55539E-08  0.60838E-07
  0.19200E+02  0.13417E-07 -0.54803E-08  0.60021E-07
  0.19500E+02  0.13106E-07 -0.53546E-08  0.58638E-07
  0.19800E+02  0.12665E-07 -0.51763E-08  0.56682E-07
  0.20100E+02  0.12097E-07 -0.49456E-08  0.54155E-07
  0.20400E+02  0.11402E-07 -0.46634E-08  0.51064E-07
  0.20700E+02  0.10585E-07 -0.43310E-08  0.47414E-07
  0.21000E+02  0.96487E-08 -0.39502E-08  0.43243E-07
  0.21300E+02  0.86003E-08 -0.35234E-08  0.38564E-07
  0.21600E+02  0.74467E-08 -0.30537E-08  0.33408E-07
  0.21900E+02  0.61963E-08 -0.25443E-08  0.27828E-07
  0.22200E+02  0.48586E-08 -0.19992E-08  0.21856E-07
  0.22500E+02  0.34441E-08 -0.14226E-08  0.15537E-07
  0.22800E+02  0.19642E-08 -0.81924E-09  0.89170E-08
  0.23100E+02  0.43122E-09 -0.19405E-09  0.20640E-08
  0.23400E+02 -0.11420E-08  0.44768E-09 -0.49650E-08
  0.23700E+02 -0.27419E-08  0.11005E-08 -0.12119E-07
  0.24000E+02 -0.43547E-08  0.17587E-08 -0.19331E-07
  0.24300E+02 -0.59663E-08  0.24166E-08 -0.26536E-07
  0.24600E+02 -0.75625E-08  0.30683E-08 -0.33676E-07
  0.24900E+02 -0.91289E-08  0.37080E-08 -0.40685E-07
  0.25200E+02 -0.10652E-07  0.43300E-08 -0.47503E-07
  0.25500E+02 -0.12117E-07  0.49287E-08 -0.54067E-07
  0.25800E+02 -0.13511E-07  0.54987E-08 -0.60309E-07
  0.26100E+02 -0.14822E-07  0.60348E-08 -0.66185E-07
  0.26400E+02 -0.16038E-07  0.65321E-08 -0.71631E-07
  0.26700E+02 -0.17147E-07  0.69861E-08 -0.76601E-07
  0.27000E+02 -0.18140E-07  0.73925E-08 -0.81050E-07
  0.27300E+02 -0.19007E-07  0.77477E-08 -0.84941E-07
  0.27600E+02 -0.19740E-07  0.80483E-08 -0.88241E-07
  0.27900E+02 -0.20332E-07  0.82916E-08 -0.90901E-07
  0.28200E+02 -0.20778E-07  0.84754E-08 -0.92914E-07
  0.28500E+02 -0.21074E-07  0.85979E-08 -0.94257E-07
  0.28800E+02 -0.21217E-07  0.86579E-08 -0.94905E-07
  0.29100E+02 -0.21205E-07  0.86549E-08 -0.94876E-07
  0.29400E+02 -0.21039E-07  0.85887E-08 -0.94151E-07
  0.29700E+02 -0.20719E-07  0.84600E-08 -0.92731E-07
  0.30000E+02 -0.20248E-07  0.82697E-08 -0.90642E-07
  0.30300E+02 -0.19631E-07  0.80195E-08 -0.87902E-07
  0.30600E+02 -0.18872E-07  0.77115E-08 -0.84521E-07
  0.30900E+02 -0.17978E-07  0.73480E-08 -0.80545E-07
  0.31200E+02 -0.16951E-07  0.69276E-08 -0.75973E-07
  0.31500E+02 -0.15771E-07  0.64331E-08 -0.70799E-07
  0.31800E+02 -0.14382E-07  0.58153E-08 -0.64948E-07
  0.32100E+02 -0.12675E-07  0.49843E-08 -0.58291E-07
  0.32400E+02 -0.10492E-07  0.38118E-08 -0.50718E-07
  0.32700E+02 -0.76399E-08  0.21406E-08 -0.42080E-07
  0.33000E+02 -0.39009E-08 -0.20760E-09 -0.32140E-07
  0.33300E+02  0.96852E-09 -0.34320E-08 -0.20920E-07
  0.33600E+02  0.72207E-08 -0.77402E-08 -0.82800E-08
  0.33900E+02  0.15057E-07 -0.13301E-07  0.57399E-08
  0.34200E+02  0.24541E-07 -0.20176E-07  0.20880E-07
  0.34500E+02  0.35548E-07 -0.28281E-07  0.36810E-07
  0.34800E+02  0.47790E-07 -0.37402E-07  0.53000E-07
  0.35100E+02  0.60879E-07 -0.47246E-07  0.68870E-07
  0.35400E+02  0.74445E-07 -0.57531E-07  0.84260E-07
  0.35700E+02  0.88338E-07 -0.68147E-07  0.99260E-07
  0.36000E+02  0.10274E-06 -0.79242E-07  0.11425E-06
  0.36300E+02  0.11803E-06 -0.91117E-07  0.12946E-06
  0.36600E+02  0.13452E-06 -0.10403E-06  0.14476E-06
  0.36900E+02  0.15234E-06 -0.11811E-06  0.15992E-06
  0.37200E+02  0.17153E-06 -0.13336E-06  0.17481E-06
  0.37500E+02  0.19206E-06 -0.14981E-06  0.18934E-06
  0.37800E+02  0.21392E-06 -0.16745E-06  0.20332E-06
  0.38100E+02  0.23696E-06 -0.18617E-06  0.21628E-06
  0.38400E+02  0.26079E-06 -0.20568E-06  0.22761E-06
  0.38700E+02  0.28486E-06 -0.22557E-06  0.23672E-06
  0.39000E+02  0.30853E-06 -0.24533E-06  0.24304E-06
  0.39300E+02  0.33106E-06 -0.26438E-06  0.24603E-06
  0.39600E+02  0.35162E-06 -0.28207E-06  0.24514E-06
  0.39900E+02  0.36933E-06 -0.29772E-06  0.23984E-06
  0.40200E+02  0.38325E-06 -0.31056E-06  0.22964E-06
  0.40500E+02  0.39243E-06 -0.31983E-06  0.21408E-06
  0.40800E+02  0.39587E-06 -0.32474E-06  0.19272E-06
  0.41100E+02  0.39260E-06 -0.32448E-06  0.16519E-06
  0.41400E+02  0.38165E-06 -0.31827E-06  0.13120E-06
  0.41700E+02  0.36207E-06 -0.30531E-06  0.90564E-07
  0.42000E+02  0.33299E-06 -0.28487E-06  0.43237E-07
  0.42300E+02  0.29365E-06 -0.25632E-06 -0.10650E-07
  0.42600E+02  0.24345E-06 -0.21911E-06 -0.70811E-07
  0.42900E+02  0.18195E-06 -0.17286E-06 -0.13681E-06
  0.43200E+02  0.10891E-06 -0.11729E-06 -0.20801E-06
  0.43500E+02  0.24348E-07 -0.52369E-07 -0.28361E-06
  0.43800E+02 -0.71457E-07  0.21764E-07 -0.36261E-06
  0.44100E+02 -0.17796E-06  0.10475E-06 -0.44383E-06
  0.44400E+02 -0.29433E-06  0.19599E-06 -0.52598E-06
  0.44700E+02 -0.41944E-06  0.29468E-06 -0.60760E-06
  0.45000E+02 -0.55183E-06  0.39973E-06 -0.68707E-06
  0.45300E+02 -0.68978E-06  0.50982E-06 -0.76274E-06
  0.45600E+02 -0.83127E-06  0.62344E-06 -0.83300E-06
  0.45900E+02 -0.97409E-06  0.73887E-06 -0.89626E-06
  0.46200E+02 -0.11158E-05  0.85426E-06 -0.95079E-06
  0.46500E+02 -0.12540E-05  0.96766E-06 -0.99506E-06
  0.46800E+02 -0.13861E-05  0.10771E-05 -0.10277E-05
  0.47100E+02 -0.15095E-05  0.11804E-05 -0.10476E-05
  0.47400E+02 -0.16216E-05  0.12757E-05 -0.10533E-05
  0.47700E+02 -0.17200E-05  0.13609E-05 -0.10444E-05
  0.48000E+02 -0.18023E-05  0.14341E-05 -0.10201E-05
  0.48300E+02 -0.18664E-05  0.14936E-05 -0.97994E-06
  0.48600E+02 -0.19101E-05  0.15376E-05 -0.92377E-06
  0.48900E+02 -0.19317E-05  0.15646E-05 -0.85167E-06
  0.49200E+02 -0.19296E-05  0.15734E-05 -0.76395E-06
  0.49500E+02 -0.19026E-05  0.15626E-05 -0.66114E-06
  0.49800E+02 -0.18495E-05  0.15316E-05 -0.54400E-06
  0.50100E+02 -0.17700E-05  0.14796E-05 -0.41350E-06
  0.50400E+02 -0.16636E-05  0.14063E-05 -0.27085E-06
  0.50700E+02 -0.15304E-05  0.13117E-05 -0.11749E-06
  0.51000E+02 -0.13710E-05  0.11959E-05  0.44921E-07
  0.51300E+02 -0.11862E-05  0.10595E-05  0.21454E-06
  0.51600E+02 -0.97713E-06  0.90324E-06  0.38933E-06
  0.51900E+02 -0.74538E-06  0.72824E-06  0.56715E-06
  0.52200E+02 -0.49290E-06  0.53588E-06  0.74574E-06
  0.52500E+02 -0.22199E-06  0.32785E-06  0.92275E-06
  0.52800E+02  0.64709E-07  0.10611E-06  0.10958E-05
  0.53100E+02  0.36426E-06 -0.12716E-06  0.12627E-05
  0.53400E+02  0.67347E-06 -0.36952E-06  0.14209E-05
  0.53700E+02  0.98895E-06 -0.61839E-06  0.15683E-05
  0.54000E+02  0.13072E-05 -0.87106E-06  0.17028E-05
  0.54300E+02  0.16245E-05 -0.11247E-05  0.18224E-05
  0.54600E+02  0.19374E-05 -0.13764E-05  0.19257E-05
  0.54900E+02  0.22418E-05 -0.16229E-05  0.20114E-05
  0.55200E+02  0.25340E-05 -0.18611E-05  0.20788E-05
  0.55500E+02  0.28103E-05 -0.20877E-05  0.21273E-05
  0.55800E+02  0.30670E-05 -0.22997E-05  0.21569E-05
  0.56100E+02  0.33010E-05 -0.24943E-05  0.21679E-05
  0.56400E+02  0.35095E-05 -0.26689E-05  0.21604E-05
  0.56700E+02  0.36897E-05 -0.28212E-05  0.21350E-05
  0.57000E+02  0.38394E-05 -0.29488E-05  0.20921E-05
  0.57300E+02  0.39563E-05 -0.30497E-05  0.20321E-05
  0.57600E+02  0.40382E-05 -0.31219E-05  0.19556E-05
  0.57900E+02  0.40833E-05 -0.31636E-05  0.18632E-05
  0.58200E+02  0.40901E-05 -0.31737E-05  0.17555E-05
  0.58500E+02  0.40576E-05 -0.31512E-05  0.16331E-05
  0.58800E+02  0.39850E-05 -0.30958E-05  0.14968E-05
  0.59100E+02  0.38721E-05 -0.30076E-05  0.13473E-05
  0.59400E+02  0.37197E-05 -0.28872E-05  0.11855E-05
  0.59700E+02  0.35291E-05 -0.27358E-05  0.10124E-05
  0.60000E+02  0.33022E-05 -0.25546E-05  0.82863E-06
  0.60300E+02  0.30411E-05 -0.23451E-05  0.63514E-06
  0.60600E+02  0.27485E-05 -0.21085E-05  0.43296E-06
  0.60900E+02  0.24271E-05 -0.18461E-05  0.22350E-06
  0.61200E+02  0.20797E-05 -0.15596E-05  0.87290E-08
  0.61500E+02  0.17097E-05 -0.12517E-05 -0.20890E-06
  0.61800E+02  0.13203E-05 -0.92544E-06 -0.42673E-06
  0.62100E+02  0.91516E-06 -0.58470E-06 -0.64224E-06
  0.62400E+02  0.49785E-06 -0.23314E-06 -0.85329E-06
  0.62700E+02  0.71609E-07  0.12572E-06 -0.10581E-05
  0.63000E+02 -0.36049E-06  0.48841E-06 -0.12550E-05
  0.63300E+02 -0.79534E-06  0.85122E-06 -0.14423E-05
  0.63600E+02 -0.12296E-05  0.12101E-05 -0.16183E-05
  0.63900E+02 -0.16599E-05  0.15609E-05 -0.17812E-05
  0.64200E+02 -0.20828E-05  0.18992E-05 -0.19292E-05
  0.64500E+02 -0.24950E-05  0.22209E-05 -0.20609E-05
  0.64800E+02 -0.28935E-05  0.25220E-05 -0.21752E-05
  0.65100E+02 -0.32756E-05  0.27987E-05 -0.22713E-05
  0.65400E+02 -0.36387E-05  0.30475E-05 -0.23488E-05
  0.65700E+02 -0.39804E-05  0.32652E-05 -0.24071E-05
  0.66000E+02 -0.42985E-05  0.34485E-05 -0.24460E-05
  0.66300E+02 -0.45908E-05  0.35950E-05 -0.24652E-05
  0.66600E+02 -0.48553E-05  0.37025E-05 -0.24646E-05
  0.66900E+02 -0.50904E-05  0.37692E-05 -0.24444E-05
  0.67200E+02 -0.52944E-05  0.37942E-05 -0.24050E-05
  0.67500E+02 -0.54661E-05  0.37771E-05 -0.23473E-05
  0.67800E+02 -0.56043E-05  0.37184E-05 -0.22723E-05
  0.68100E+02 -0.57079E-05  0.36192E-05 -0.21814E-05
  0.68400E+02 -0.57762E-05  0.34812E-05 -0.20761E-05
  0.68700E+02 -0.58081E-05  0.33068E-05 -0.19580E-05
  0.69000E+02 -0.58028E-05  0.30989E-05 -0.18291E-05
  0.69300E+02 -0.57598E-05  0.28611E-05 -0.16917E-05
  0.69600E+02 -0.56783E-05  0.25973E-05 -0.15482E-05
  0.69900E+02 -0.55580E-05  0.23120E-05 -0.14013E-05
  0.70200E+02 -0.53985E-05  0.20099E-05 -0.12537E-05
  0.70500E+02 -0.51996E-05  0.16958E-05 -0.11082E-05
  0.70800E+02 -0.49612E-05  0.13745E-05 -0.96741E-06
  0.71100E+02 -0.46833E-05  0.10507E-05 -0.83378E-06
  0.71400E+02 -0.43660E-05  0.72865E-06 -0.70968E-06
  0.71700E+02 -0.40097E-05  0.41247E-06 -0.59712E-06
  0.72000E+02 -0.36150E-05  0.10572E-06 -0.49776E-06
  0.72300E+02 -0.31830E-05 -0.18847E-06 -0.41272E-06
  0.72600E+02 -0.27150E-05 -0.46744E-06 -0.34255E-06
  0.72900E+02 -0.22129E-05 -0.72902E-06 -0.28721E-06
  0.73200E+02 -0.16791E-05 -0.97149E-06 -0.24605E-06
  0.73500E+02 -0.11164E-05 -0.11935E-05 -0.21778E-06
  0.73800E+02 -0.52847E-06 -0.13942E-05 -0.20063E-06
  0.74100E+02  0.80587E-07 -0.15727E-05 -0.19224E-06
  0.74400E+02  0.70603E-06 -0.17285E-05 -0.18991E-06
  0.74700E+02  0.13425E-05 -0.18612E-05 -0.19074E-06
  0.75000E+02  0.19842E-05 -0.19702E-05 -0.19176E-06
  0.75300E+02  0.26248E-05 -0.20553E-05 -0.19018E-06
  0.75600E+02  0.32577E-05 -0.21160E-05 -0.18344E-06
  0.75900E+02  0.38759E-05 -0.21519E-05 -0.16935E-06
  0.76200E+02  0.44728E-05 -0.21628E-05 -0.14611E-06
  0.76500E+02  0.50417E-05 -0.21488E-05 -0.11243E-06
  0.76800E+02  0.55762E-05 -0.21102E-05 -0.67543E-07
  0.77100E+02  0.60707E-05 -0.20476E-05 -0.11185E-07
  0.77400E+02  0.65198E-05 -0.19624E-05  0.56461E-07
  0.77700E+02  0.69188E-05 -0.18561E-05  0.13492E-06
  0.78000E+02  0.72640E-05 -0.17310E-05  0.22355E-06
  0.78300E+02  0.75519E-05 -0.15896E-05  0.32175E-06
  0.78600E+02  0.77800E-05 -0.14348E-05  0.42885E-06
  0.78900E+02  0.79462E-05 -0.12700E-05  0.54416E-06
  0.79200E+02  0.80492E-05 -0.10984E-05  0.66729E-06
  0.79500E+02  0.80880E-05 -0.92337E-06  0.79743E-06
  0.79800E+02  0.80620E-05 -0.74811E-06  0.93419E-06
  0.80100E+02  0.79713E-05 -0.57562E-06  0.10768E-05
  0.80400E+02  0.78163E-05 -0.40863E-06  0.12246E-05
  0.80700E+02  0.75982E-05 -0.24964E-06  0.13766E-05
  0.81000E+02  0.73185E-05 -0.10082E-06  0.15313E-05
  0.81300E+02  0.69798E-05  0.35909E-07  0.16875E-05
  0.81600E+02  0.65849E-05  0.15887E-06  0.18436E-05
  0.81900E+02  0.61375E-05  0.26665E-06  0.19978E-05
  0.82200E+02  0.56417E-05  0.35801E-06  0.21485E-05
  0.82500E+02  0.51024E-05  0.43197E-06  0.22941E-05
  0.82800E+02  0.45246E-05  0.48782E-06  0.24328E-05
  0.83100E+02  0.39136E-05  0.52511E-06  0.25633E-05
  0.83400E+02  0.32751E-05  0.54367E-06  0.26841E-05
  0.83700E+02  0.26145E-05  0.54367E-06  0.27940E-05
  0.84000E+02  0.19375E-05  0.52555E-06  0.28919E-05
  0.84300E+02  0.12500E-05  0.49003E-06  0.29764E-05
  0.84600E+02  0.55740E-06  0.43812E-06  0.30463E-05
  0.84900E+02 -0.13446E-06  0.37111E-06  0.31005E-05
  0.85200E+02 -0.81998E-06  0.29045E-06  0.31379E-05
  0.85500E+02 -0.14936E-05  0.19784E-06  0.31574E-05
  0.85800E+02 -0.21497E-05  0.95118E-07  0.31582E-05
  0.86100E+02 -0.27830E-05 -0.15710E-07  0.31397E-05
  0.86400E+02 -0.33885E-05 -0.13250E-06  0.31012E-05
  0.86700E+02 -0.39613E-05 -0.25298E-06  0.30425E-05
  0.87000E+02 -0.44972E-05 -0.37484E-06  0.29636E-05
  0.87300E+02 -0.49922E-05 -0.49572E-06  0.28644E-05
  0.87600E+02 -0.54429E-05 -0.61333E-06  0.27451E-05
  0.87900E+02 -0.58463E-05 -0.72544E-06  0.26060E-05
  0.88200E+02 -0.62001E-05 -0.82995E-06  0.24476E-05
  0.88500E+02 -0.65023E-05 -0.92496E-06  0.22705E-05
  0.88800E+02 -0.67513E-05 -0.10087E-05  0.20753E-05
  0.89100E+02 -0.69461E-05 -0.10798E-05  0.18630E-05
  0.89400E+02 -0.70862E-05 -0.11367E-05  0.16347E-05
  0.89700E+02 -0.71716E-05 -0.11783E-05  0.13918E-05
  0.90000E+02 -0.72025E-05 -0.12036E-05  0.11355E-05
  0.90300E+02 -0.71799E-05 -0.12119E-05  0.86748E-06
  0.90600E+02 -0.71051E-05 -0.12026E-05  0.58933E-06
  0.90900E+02 -0.69798E-05 -0.11752E-05  0.30287E-06
  0.91200E+02 -0.68061E-05 -0.11297E-05  0.98000E-08
  0.91500E+02 -0.65865E-05 -0.10663E-05 -0.28793E-06
  0.91800E+02 -0.63237E-05 -0.98545E-06 -0.58837E-06
  0.92100E+02 -0.60211E-05 -0.88785E-06 -0.88954E-06
  0.92400E+02 -0.56818E-05 -0.77452E-06 -0.11895E-05
  0.92700E+02 -0.53095E-05 -0.64668E-06 -0.14860E-05
  0.93000E+02 -0.49082E-05 -0.50573E-06 -0.17770E-05
  0.93300E+02 -0.44818E-05 -0.35326E-06 -0.20606E-05
  0.93600E+02 -0.40344E-05 -0.19098E-06 -0.23346E-05
  0.93900E+02 -0.35701E-05 -0.20709E-07 -0.25971E-05
  0.94200E+02 -0.30930E-05  0.15563E-06 -0.28463E-05
  0.94500E+02 -0.26074E-05  0.33603E-06 -0.30805E-05
  0.94800E+02 -0.21171E-05  0.51846E-06 -0.32979E-05
  0.95100E+02 -0.16262E-05  0.70084E-06 -0.34969E-05
  0.95400E+02 -0.11384E-05  0.88106E-06 -0.36761E-05
  0.95700E+02 -0.65752E-06  0.10571E-05 -0.38342E-05
  0.96000E+02 -0.18704E-06  0.12268E-05 -0.39699E-05
  0.96300E+02  0.26968E-06  0.13883E-05 -0.40824E-05
  0.96600E+02  0.70954E-06  0.15397E-05 -0.41709E-05
  0.96900E+02  0.11297E-05  0.16791E-05 -0.42344E-05
  0.97200E+02  0.15275E-05  0.18050E-05 -0.42729E-05
  0.97500E+02  0.19008E-05  0.19159E-05 -0.42858E-05
  0.97800E+02  0.22475E-05  0.20104E-05 -0.42733E-05
  0.98100E+02  0.25661E-05  0.20876E-05 -0.42352E-05
  0.98400E+02  0.28551E-05  0.21465E-05 -0.41720E-05
  0.98700E+02  0.31136E-05  0.21864E-05 -0.40840E-05
  0.99000E+02  0.33407E-05  0.22070E-05 -0.39719E-05
  0.99300E+02  0.35361E-05  0.22080E-05 -0.38365E-05
  0.99600E+02  0.36995E-05  0.21893E-05 -0.36790E-05
  0.99900E+02  0.38312E-05  0.21512E-05 -0.35004E-05
  0.10020E+03  0.39314E-05  0.20939E-05 -0.33020E-05
  0.10050E+03  0.40010E-05  0.20180E-05 -0.30852E-05
  0.10080E+03  0.40406E-05  0.19244E-05 -0.28517E-05
  0.10110E+03  0.40514E-05  0.18141E-05 -0.26030E-05
  0.10140E+03  0.40349E-05  0.16880E-05 -0.23410E-05
  0.10170E+03  0.39923E-05  0.15477E-05 -0.20674E-05
  0.10200E+03  0.39255E-05  0.13945E-05 -0.17843E-05
  0.10230E+03  0.38361E-05  0.12300E-05 -0.14936E-05
  0.10260E+03  0.37261E-05  0.10559E-05 -0.11972E-05
  0.10290E+03  0.35975E-05  0.87390E-06 -0.89723E-06
  0.10320E+03  0.34523E-05  0.68588E-06 -0.59562E-06
  0.10350E+03  0.32925E-05  0.49366E-06 -0.29442E-06
  0.10380E+03  0.31203E-05  0.29909E-06  0.44220E-08
  0.10410E+03  0.29376E-05  0.10403E-06  0.29899E-06
  0.10440E+03  0.27466E-05 -0.89673E-07  0.58741E-06
  0.10470E+03  0.25492E-05 -0.28021E-06  0.86791E-06
  0.10500E+03  0.23475E-05 -0.46582E-06  0.11388E-05
  0.10530E+03  0.21432E-05 -0.64484E-06  0.13984E-05
  0.10560E+03  0.19382E-05 -0.81569E-06  0.16455E-05
  0.10590E+03  0.17341E-05 -0.97689E-06  0.18784E-05
  0.10620E+03  0.15325E-05 -0.11271E-05  0.20962E-05
  0.10650E+03  0.13348E-05 -0.12652E-05  0.22974E-05
  0.10680E+03  0.11423E-05 -0.13900E-05  0.24815E-05
  0.10710E+03  0.95602E-06 -0.15007E-05  0.26474E-05
  0.10740E+03  0.77705E-06 -0.15966E-05  0.27945E-05
  0.10770E+03  0.60620E-06 -0.16771E-05  0.29223E-05
  0.10800E+03  0.44419E-06 -0.17418E-05  0.30305E-05
  0.10830E+03  0.29156E-06 -0.17904E-05  0.31189E-05
  0.10860E+03  0.14873E-06 -0.18229E-05  0.31874E-05
  0.10890E+03  0.15964E-07 -0.18394E-05  0.32362E-05
  0.10920E+03 -0.10659E-06 -0.18402E-05  0.32654E-05
  0.10950E+03 -0.21891E-06 -0.18256E-05  0.32754E-05
  0.10980E+03 -0.32112E-06 -0.17963E-05  0.32668E-05
  0.11010E+03 -0.41342E-06 -0.17529E-05  0.32401E-05
  0.11040E+03 -0.49613E-06 -0.16962E-05  0.31961E-05
  0.11070E+03 -0.56963E-06 -0.16273E-05  0.31357E-05
  0.11100E+03 -0.63438E-06 -0.15470E-05  0.30597E-05
  0.11130E+03 -0.69093E-06 -0.14566E-05  0.29691E-05
  0.11160E+03 -0.73984E-06 -0.13572E-05  0.28651E-05
  0.11190E+03 -0.78174E-06 -0.12500E-05  0.27487E-05
  0.11220E+03 -0.81727E-06 -0.11364E-05  0.26212E-05
  0.11250E+03 -0.84711E-06 -0.10177E-05  0.24837E-05
  0.11280E+03 -0.87193E-06 -0.89516E-06  0.23376E-05
  0.11310E+03 -0.89239E-06 -0.77011E-06  0.21840E-05
  0.11340E+03 -0.90914E-06 -0.64388E-06  0.20243E-05
  0.11370E+03 -0.92282E-06 -0.51772E-06  0.18596E-05
  0.11400E+03 -0.93402E-06 -0.39286E-06  0.16912E-05
  0.11430E+03 -0.94329E-06 -0.27047E-06  0.15203E-05
  0.11460E+03 -0.95114E-06 -0.15165E-06  0.13482E-05
  0.11490E+03 -0.95804E-06 -0.37407E-07  0.11758E-05
  0.11520E+03 -0.96437E-06  0.71310E-07  0.10043E-05
  0.11550E+03 -0.97050E-06  0.17366E-06  0.83466E-06
  0.11580E+03 -0.97669E-06  0.26891E-06  0.66789E-06
  0.11610E+03 -0.98317E-06  0.35641E-06  0.50480E-06
  0.11640E+03 -0.99008E-06  0.43564E-06  0.34624E-06
  0.11670E+03 -0.99753E-06  0.50620E-06  0.19289E-06
  0.11700E+03 -0.10055E-05  0.56777E-06  0.45420E-07
  0.11730E+03 -0.10141E-05  0.62016E-06 -0.95580E-07
  0.11760E+03 -0.10231E-05  0.66330E-06 -0.22967E-06
  0.11790E+03 -0.10324E-05  0.69721E-06 -0.35639E-06
  0.11820E+03 -0.10418E-05  0.72202E-06 -0.47552E-06
  0.11850E+03 -0.10511E-05  0.73795E-06 -0.58672E-06
  0.11880E+03 -0.10601E-05  0.74533E-06 -0.68989E-06
  0.11910E+03 -0.10684E-05  0.74456E-06 -0.78490E-06
  0.11940E+03 -0.10757E-05  0.73611E-06 -0.87175E-06
  0.11970E+03 -0.10818E-05  0.72054E-06 -0.95045E-06
  0.12000E+03 -0.10861E-05  0.69845E-06 -0.10211E-05
  0.12030E+03 -0.10885E-05  0.67050E-06 -0.10839E-05
  0.12060E+03 -0.10886E-05  0.63740E-06 -0.11391E-05
  0.12090E+03 -0.10859E-05  0.59986E-06 -0.11868E-05
  0.12120E+03 -0.10802E-05  0.55864E-06 -0.12274E-05
  0.12150E+03 -0.10712E-05  0.51450E-06 -0.12611E-05
  0.12180E+03 -0.10586E-05  0.46820E-06 -0.12884E-05
  0.12210E+03 -0.10422E-05  0.42049E-06 -0.13096E-05
  0.12240E+03 -0.10217E-05  0.37212E-06 -0.13251E-05
  0.12270E+03 -0.99699E-06  0.32379E-06 -0.13353E-05
  0.12300E+03 -0.96791E-06  0.27618E-06 -0.13405E-05
  0.12330E+03 -0.93438E-06  0.22992E-06 -0.13412E-05
  0.12360E+03 -0.89637E-06  0.18562E-06 -0.13377E-05
  0.12390E+03 -0.85387E-06  0.14380E-06 -0.13306E-05
  0.12420E+03 -0.80696E-06  0.10495E-06 -0.13199E-05
  0.12450E+03 -0.75573E-06  0.69482E-07 -0.13063E-05
  0.12480E+03 -0.70034E-06  0.37757E-07 -0.12898E-05
  0.12510E+03 -0.64099E-06  0.10061E-07 -0.12710E-05
  0.12540E+03 -0.57794E-06 -0.13387E-07 -0.12500E-05
  0.12570E+03 -0.51146E-06 -0.32438E-07 -0.12272E-05
  0.12600E+03 -0.44189E-06 -0.47008E-07 -0.12027E-05
  0.12630E+03 -0.36959E-06 -0.57081E-07 -0.11768E-05
  0.12660E+03 -0.29497E-06 -0.62709E-07 -0.11496E-05
  0.12690E+03 -0.21844E-06 -0.64001E-07 -0.11212E-05
  0.12720E+03 -0.14047E-06 -0.61129E-07 -0.10918E-05
  0.12750E+03 -0.61521E-07 -0.54319E-07 -0.10615E-05
  0.12780E+03  0.17922E-07 -0.43845E-07 -0.10303E-05
  0.12810E+03  0.97365E-07 -0.30027E-07 -0.99824E-06
  0.12840E+03  0.17631E-06 -0.13225E-07 -0.96540E-06
  0.12870E+03  0.25425E-06  0.61689E-08 -0.93176E-06
  0.12900E+03  0.33071E-06  0.27733E-07 -0.89730E-06
  0.12930E+03  0.40519E-06  0.51028E-07 -0.86200E-06
  0.12960E+03  0.47724E-06  0.75597E-07 -0.82583E-06
  0.12990E+03  0.54640E-06  0.10098E-06 -0.78873E-06
  0.13020E+03  0.61226E-06  0.12670E-06 -0.75066E-06
  0.13050E+03  0.67442E-06  0.15230E-06 -0.71157E-06
  0.13080E+03  0.73251E-06  0.17734E-06 -0.67140E-06
  0.13110E+03  0.78621E-06  0.20137E-06 -0.63012E-06
  0.13140E+03  0.83523E-06  0.22397E-06 -0.58767E-06
  0.13170E+03  0.87931E-06  0.24477E-06 -0.54402E-06
  0.13200E+03  0.91825E-06  0.26341E-06 -0.49916E-06
  0.13230E+03  0.95187E-06  0.27955E-06 -0.45308E-06
  0.13260E+03  0.98004E-06  0.29291E-06 -0.40578E-06
  0.13290E+03  0.10027E-05  0.30326E-06 -0.35727E-06
  0.13320E+03  0.10198E-05  0.31038E-06 -0.30760E-06
  0.13350E+03  0.10313E-05  0.31412E-06 -0.25683E-06
  0.13380E+03  0.10374E-05  0.31437E-06 -0.20502E-06
  0.13410E+03  0.10380E-05  0.31106E-06 -0.15227E-06
  0.13440E+03  0.10333E-05  0.30418E-06 -0.98685E-07
  0.13470E+03  0.10236E-05  0.29375E-06 -0.44393E-07
  0.13500E+03  0.10088E-05  0.27985E-06  0.10439E-07
  0.13530E+03  0.98943E-06  0.26258E-06  0.65659E-07
  0.13560E+03  0.96559E-06  0.24212E-06  0.12109E-06
  0.13590E+03  0.93759E-06  0.21864E-06  0.17653E-06
  0.13620E+03  0.90575E-06  0.19238E-06  0.23178E-06
  0.13650E+03  0.87039E-06  0.16361E-06  0.28660E-06
  0.13680E+03  0.83186E-06  0.13260E-06  0.34077E-06
  0.13710E+03  0.79050E-06  0.99673E-07  0.39406E-06
  0.13740E+03  0.74667E-06  0.65162E-07  0.44623E-06
  0.13770E+03  0.70074E-06  0.29415E-07  0.49701E-06
  0.13800E+03  0.65308E-06 -0.72088E-08  0.54619E-06
  0.13830E+03  0.60404E-06 -0.44342E-07  0.59349E-06
  0.13860E+03  0.55398E-06 -0.81614E-07  0.63869E-06
  0.13890E+03  0.50326E-06 -0.11866E-06  0.68155E-06
  0.13920E+03  0.45220E-06 -0.15511E-06  0.72185E-06
  0.13950E+03  0.40112E-06 -0.19063E-06  0.75936E-06
  0.13980E+03  0.35034E-06 -0.22486E-06  0.79390E-06
  0.14010E+03  0.30013E-06 -0.25749E-06  0.82528E-06
  0.14040E+03  0.25076E-06 -0.28823E-06  0.85331E-06
  0.14070E+03  0.20248E-06 -0.31678E-06  0.87785E-06
  0.14100E+03  0.15550E-06 -0.34291E-06  0.89878E-06
  0.14130E+03  0.11002E-06 -0.36640E-06  0.91597E-06
  0.14160E+03  0.66211E-07 -0.38705E-06  0.92934E-06
  0.14190E+03  0.24216E-07 -0.40470E-06  0.93883E-06
  0.14220E+03 -0.15842E-07 -0.41922E-06  0.94439E-06
  0.14250E+03 -0.53868E-07 -0.43054E-06  0.94600E-06
  0.14280E+03 -0.89790E-07 -0.43858E-06  0.94368E-06
  0.14310E+03 -0.12356E-06 -0.44333E-06  0.93745E-06
  0.14340E+03 -0.15515E-06 -0.44478E-06  0.92736E-06
  0.14370E+03 -0.18456E-06 -0.44300E-06  0.91350E-06
  0.14400E+03 -0.21179E-06 -0.43804E-06  0.89596E-06
  0.14430E+03 -0.23689E-06 -0.43001E-06  0.87485E-06
  0.14460E+03 -0.25990E-06 -0.41905E-06  0.85033E-06
  0.14490E+03 -0.28088E-06 -0.40530E-06  0.82256E-06
  0.14520E+03 -0.29991E-06 -0.38895E-06  0.79171E-06
  0.14550E+03 -0.31707E-06 -0.37021E-06  0.75797E-06
  0.14580E+03 -0.33246E-06 -0.34928E-06  0.72156E-06
  0.14610E+03 -0.34618E-06 -0.32640E-06  0.68269E-06
  0.14640E+03 -0.35834E-06 -0.30182E-06  0.64160E-06
  0.14670E+03 -0.36903E-06 -0.27581E-06  0.59853E-06
  0.14700E+03 -0.37838E-06 -0.24861E-06  0.55373E-06
  0.14730E+03 -0.38649E-06 -0.22050E-06  0.50745E-06
  0.14760E+03 -0.39345E-06 -0.19175E-06  0.45994E-06
  0.14790E+03 -0.39939E-06 -0.16261E-06  0.41147E-06
  0.14820E+03 -0.40438E-06 -0.13336E-06  0.36229E-06
  0.14850E+03 -0.40851E-06 -0.10423E-06  0.31265E-06
  0.14880E+03 -0.41188E-06 -0.75482E-07  0.26280E-06
  0.14910E+03 -0.41454E-06 -0.47332E-07  0.21299E-06
  0.14940E+03 -0.41657E-06 -0.20001E-07  0.16345E-06
  0.14970E+03 -0.41802E-06  0.63150E-08  0.11441E-06
  0.15000E+03 -0.41892E-06  0.31434E-07  0.66076E-07
  0.15030E+03 -0.41931E-06  0.55194E-07  0.18665E-07
  0.15060E+03 -0.41922E-06  0.77454E-07 -0.27634E-07
  0.15090E+03 -0.41865E-06  0.98094E-07 -0.72644E-07
  0.15120E+03 -0.41760E-06  0.11701E-06 -0.11620E-06
  0.15150E+03 -0.41608E-06  0.13414E-06 -0.15815E-06
  0.15180E+03 -0.41407E-06  0.14941E-06 -0.19835E-06
  0.15210E+03 -0.41154E-06  0.16280E-06 -0.23670E-06
  0.15240E+03 -0.40846E-06  0.17429E-06 -0.27309E-06
  0.15270E+03 -0.40480E-06  0.18388E-06 -0.30742E-06
  0.15300E+03 -0.40053E-06  0.19162E-06 -0.33961E-06
  0.15330E+03 -0.39558E-06  0.19753E-06 -0.36964E-06
  0.15360E+03 -0.38993E-06  0.20169E-06 -0.39742E-06
  0.15390E+03 -0.38352E-06  0.20418E-06 -0.42295E-06
  0.15420E+03 -0.37630E-06  0.20507E-06 -0.44620E-06
  0.15450E+03 -0.36823E-06  0.20449E-06 -0.46718E-06
  0.15480E+03 -0.35927E-06  0.20253E-06 -0.48587E-06
  0.15510E+03 -0.34938E-06  0.19933E-06 -0.50232E-06
  0.15540E+03 -0.33851E-06  0.19502E-06 -0.51654E-06
  0.15570E+03 -0.32665E-06  0.18973E-06 -0.52858E-06
  0.15600E+03 -0.31377E-06  0.18360E-06 -0.53849E-06
  0.15630E+03 -0.29985E-06  0.17676E-06 -0.54630E-06
  0.15660E+03 -0.28488E-06  0.16936E-06 -0.55210E-06
  0.15690E+03 -0.26887E-06  0.16154E-06 -0.55594E-06
  0.15720E+03 -0.25183E-06  0.15342E-06 -0.55788E-06
  0.15750E+03 -0.23378E-06  0.14514E-06 -0.55803E-06
  0.15780E+03 -0.21474E-06  0.13681E-06 -0.55643E-06
  0.15810E+03 -0.19476E-06  0.12854E-06 -0.55318E-06
  0.15840E+03 -0.17388E-06  0.12045E-06 -0.54834E-06
  0.15870E+03 -0.15217E-06  0.11262E-06 -0.54201E-06
  0.15900E+03 -0.12969E-06  0.10514E-06 -0.53426E-06
  0.15930E+03 -0.10652E-06  0.98074E-07 -0.52517E-06
  0.15960E+03 -0.82758E-07  0.91489E-07 -0.51482E-06
  0.15990E+03 -0.58484E-07  0.85429E-07 -0.50328E-06
  0.16020E+03 -0.33805E-07  0.79930E-07 -0.49063E-06
  0.16050E+03 -0.88293E-08  0.75015E-07 -0.47693E-06
  0.16080E+03  0.16330E-07  0.70696E-07 -0.46226E-06
  0.16110E+03  0.41555E-07  0.66972E-07 -0.44667E-06
  0.16140E+03  0.66724E-07  0.63832E-07 -0.43024E-06
  0.16170E+03  0.91712E-07  0.61255E-07 -0.41301E-06
  0.16200E+03  0.11639E-06  0.59209E-07 -0.39505E-06
  0.16230E+03  0.14064E-06  0.57654E-07 -0.37642E-06
  0.16260E+03  0.16433E-06  0.56543E-07 -0.35715E-06
  0.16290E+03  0.18734E-06  0.55819E-07 -0.33732E-06
  0.16320E+03  0.20955E-06  0.55424E-07 -0.31695E-06
  0.16350E+03  0.23083E-06  0.55291E-07 -0.29610E-06
  0.16380E+03  0.25109E-06  0.55353E-07 -0.27480E-06
  0.16410E+03  0.27021E-06  0.55538E-07 -0.25311E-06
  0.16440E+03  0.28810E-06  0.55774E-07 -0.23107E-06
  0.16470E+03  0.30466E-06  0.55989E-07 -0.20871E-06
  0.16500E+03  0.31981E-06  0.56112E-07 -0.18609E-06
  0.16530E+03  0.33348E-06  0.56074E-07 -0.16323E-06
  0.16560E+03  0.34560E-06  0.55810E-07 -0.14019E-06
  0.16590E+03  0.35612E-06  0.55259E-07 -0.11701E-06
  0.16620E+03  0.36500E-06  0.54363E-07 -0.93743E-07
  0.16650E+03  0.37220E-06  0.53073E-07 -0.70421E-07
  0.16680E+03  0.37770E-06  0.51343E-07 -0.47095E-07
  0.16710E+03  0.38149E-06  0.49138E-07 -0.23808E-07
  0.16740E+03  0.38357E-06  0.46427E-07 -0.62698E-09
  0.16770E+03  0.38396E-06  0.43188E-07  0.22408E-07
  0.16800E+03  0.38266E-06  0.39409E-07  0.45232E-07
  0.16830E+03  0.37971E-06  0.35083E-07  0.67793E-07
  0.16860E+03  0.37516E-06  0.30214E-07  0.90044E-07
  0.16890E+03  0.36905E-06  0.24813E-07  0.11192E-06
  0.16920E+03  0.36144E-06  0.18900E-07  0.13335E-06
  0.16950E+03  0.35240E-06  0.12501E-07  0.15429E-06
  0.16980E+03  0.34201E-06  0.56504E-08  0.17467E-06
  0.17010E+03  0.33034E-06 -0.16095E-08  0.19441E-06
  0.17040E+03  0.31749E-06 -0.92315E-08  0.21348E-06
  0.17070E+03  0.30353E-06 -0.17162E-07  0.23180E-06
  0.17100E+03  0.28858E-06 -0.25343E-07  0.24931E-06
  0.17130E+03  0.27273E-06 -0.33710E-07  0.26595E-06
  0.17160E+03  0.25607E-06 -0.42199E-07  0.28167E-06
  0.17190E+03  0.23873E-06 -0.50739E-07  0.29640E-06
  0.17220E+03  0.22080E-06 -0.59261E-07  0.31008E-06
  0.17250E+03  0.20238E-06 -0.67691E-07  0.32268E-06
  0.17280E+03  0.18358E-06 -0.75957E-07  0.33413E-06
  0.17310E+03  0.16450E-06 -0.83989E-07  0.34440E-06
  0.17340E+03  0.14525E-06 -0.91716E-07  0.35346E-06
  0.17370E+03  0.12592E-06 -0.99070E-07  0.36124E-06
  0.17400E+03  0.10660E-06 -0.10599E-06  0.36774E-06
  0.17430E+03  0.87394E-07 -0.11240E-06  0.37291E-06
  0.17460E+03  0.68375E-07 -0.11826E-06  0.37674E-06
  0.17490E+03  0.49629E-07 -0.12352E-06  0.37923E-06
  0.17520E+03  0.31232E-07 -0.12812E-06  0.38035E-06
  0.17550E+03  0.13254E-07 -0.13202E-06  0.38010E-06
  0.17580E+03 -0.42421E-08 -0.13520E-06  0.37849E-06
  0.17610E+03 -0.21196E-07 -0.13762E-06  0.37553E-06
  0.17640E+03 -0.37557E-07 -0.13926E-06  0.37123E-06
  0.17670E+03 -0.53277E-07 -0.14012E-06  0.36562E-06
  0.17700E+03 -0.68317E-07 -0.14017E-06  0.35871E-06
  0.17730E+03 -0.82643E-07 -0.13943E-06  0.35056E-06
  0.17760E+03 -0.96226E-07 -0.13790E-06  0.34118E-06
  0.17790E+03 -0.10904E-06 -0.13559E-06  0.33065E-06
  0.17820E+03 -0.12108E-06 -0.13253E-06  0.31900E-06
  0.17850E+03 -0.13232E-06 -0.12874E-06  0.30627E-06
  0.17880E+03 -0.14276E-06 -0.12425E-06  0.29256E-06
  0.17910E+03 -0.15240E-06 -0.11911E-06  0.27792E-06
  0.17940E+03 -0.16123E-06 -0.11336E-06  0.26240E-06
  0.17970E+03 -0.16927E-06 -0.10703E-06  0.24610E-06
  0.18000E+03 -0.17652E-06 -0.10020E-06  0.22908E-06
  0.18030E+03 -0.18300E-06 -0.92902E-07  0.21142E-06
  0.18060E+03 -0.18872E-06 -0.85205E-07  0.19321E-06
  0.18090E+03 -0.19369E-06 -0.77167E-07  0.17453E-06
  0.18120E+03 -0.19794E-06 -0.68848E-07  0.15546E-06
  0.18150E+03 -0.20149E-06 -0.60312E-07  0.13609E-06
  0.18180E+03 -0.20436E-06 -0.51621E-07  0.11649E-06
  0.18210E+03 -0.20657E-06 -0.42838E-07  0.96763E-07
  0.18240E+03 -0.20815E-06 -0.34024E-07  0.76983E-07
  0.18270E+03 -0.20911E-06 -0.25239E-07  0.57234E-07
  0.18300E+03 -0.20949E-06 -0.16541E-07  0.37596E-07
  0.18330E+03 -0.20930E-06 -0.79865E-08  0.18155E-07
  0.18360E+03 -0.20856E-06  0.37238E-09 -0.10190E-08
  0.18390E+03 -0.20731E-06  0.84860E-08 -0.19860E-07
  0.18420E+03 -0.20555E-06  0.16309E-07 -0.38284E-07
  0.18450E+03 -0.20332E-06  0.23799E-07 -0.56230E-07
  0.18480E+03 -0.20062E-06  0.30919E-07 -0.73639E-07
  0.18510E+03 -0.19748E-06  0.37635E-07 -0.90451E-07
  0.18540E+03 -0.19392E-06  0.43920E-07 -0.10660E-06
  0.18570E+03 -0.18994E-06  0.49749E-07 -0.12206E-06
  0.18600E+03 -0.18557E-06  0.55104E-07 -0.13676E-06
  0.18630E+03 -0.18082E-06  0.59970E-07 -0.15068E-06
  0.18660E+03 -0.17570E-06  0.64337E-07 -0.16376E-06
  0.18690E+03 -0.17022E-06  0.68201E-07 -0.17599E-06
  0.18720E+03 -0.16440E-06  0.71560E-07 -0.18734E-06
  0.18750E+03 -0.15825E-06  0.74418E-07 -0.19778E-06
  0.18780E+03 -0.15179E-06  0.76783E-07 -0.20730E-06
  0.18810E+03 -0.14501E-06  0.78666E-07 -0.21588E-06
  0.18840E+03 -0.13793E-06  0.80081E-07 -0.22352E-06
  0.18870E+03 -0.13057E-06  0.81047E-07 -0.23021E-06
  0.18900E+03 -0.12294E-06  0.81583E-07 -0.23596E-06
  0.18930E+03 -0.11505E-06  0.81713E-07 -0.24076E-06
  0.18960E+03 -0.10691E-06  0.81462E-07 -0.24462E-06
  0.18990E+03 -0.98539E-07  0.80856E-07 -0.24756E-06
  0.19020E+03 -0.89951E-07  0.79923E-07 -0.24960E-06
  0.19050E+03 -0.81162E-07  0.78692E-07 -0.25074E-06
  0.19080E+03 -0.72190E-07  0.77193E-07 -0.25100E-06
  0.19110E+03 -0.63054E-07  0.75454E-07 -0.25043E-06
  0.19140E+03 -0.53774E-07  0.73506E-07 -0.24902E-06
  0.19170E+03 -0.44373E-07  0.71377E-07 -0.24682E-06
  0.19200E+03 -0.34872E-07  0.69095E-07 -0.24386E-06
  0.19230E+03 -0.25297E-07  0.66688E-07 -0.24016E-06
  0.19260E+03 -0.15674E-07  0.64181E-07 -0.23575E-06
  0.19290E+03 -0.60280E-08  0.61598E-07 -0.23067E-06
  0.19320E+03  0.36110E-08  0.58963E-07 -0.22496E-06
  0.19350E+03  0.13214E-07  0.56295E-07 -0.21865E-06
  0.19380E+03  0.22752E-07  0.53613E-07 -0.21178E-06
  0.19410E+03  0.32193E-07  0.50934E-07 -0.20437E-06
  0.19440E+03  0.41505E-07  0.48273E-07 -0.19647E-06
  0.19470E+03  0.50656E-07  0.45641E-07 -0.18811E-06
  0.19500E+03  0.59615E-07  0.43049E-07 -0.17934E-06
  0.19530E+03  0.68348E-07  0.40504E-07 -0.17018E-06
  0.19560E+03  0.76823E-07  0.38012E-07 -0.16067E-06
  0.19590E+03  0.85008E-07  0.35578E-07 -0.15084E-06
  0.19620E+03  0.92871E-07  0.33202E-07 -0.14074E-06
  0.19650E+03  0.10038E-06  0.30885E-07 -0.13040E-06
  0.19680E+03  0.10751E-06  0.28625E-07 -0.11985E-06
  0.19710E+03  0.11423E-06  0.26420E-07 -0.10912E-06
  0.19740E+03  0.12052E-06  0.24266E-07 -0.98250E-07
  0.19770E+03  0.12634E-06  0.22156E-07 -0.87273E-07
  0.19800E+03  0.13167E-06  0.20085E-07 -0.76218E-07
  0.19830E+03  0.13650E-06  0.18046E-07 -0.65110E-07
  0.19860E+03  0.14080E-06  0.16032E-07 -0.53992E-07
  0.19890E+03  0.14456E-06  0.14035E-07 -0.42881E-07
  0.19920E+03  0.14776E-06  0.12048E-07 -0.31819E-07
  0.19950E+03  0.15039E-06  0.10063E-07 -0.20829E-07
  0.19980E+03  0.15244E-06  0.80724E-08 -0.99320E-08
  0.20010E+03  0.15391E-06  0.60708E-08  0.82601E-09
  0.20040E+03  0.15479E-06  0.40518E-08  0.11437E-07
  0.20070E+03  0.15509E-06  0.20104E-08  0.21872E-07
  0.20100E+03  0.15479E-06 -0.57700E-10  0.32097E-07
  0.20130E+03  0.15392E-06 -0.21554E-08  0.42091E-07
  0.20160E+03  0.15247E-06 -0.42845E-08  0.51830E-07
  0.20190E+03  0.15047E-06 -0.64459E-08  0.61291E-07
  0.20220E+03  0.14791E-06 -0.86388E-08  0.70454E-07
  0.20250E+03  0.14482E-06 -0.10861E-07  0.79282E-07
  0.20280E+03  0.14122E-06 -0.13110E-07  0.87776E-07
  0.20310E+03  0.13713E-06 -0.15381E-07  0.95893E-07
  0.20340E+03  0.13256E-06 -0.17668E-07  0.10363E-06
  0.20370E+03  0.12756E-06 -0.19963E-07  0.11097E-06
  0.20400E+03  0.12213E-06 -0.22259E-07  0.11788E-06
  0.20430E+03  0.11632E-06 -0.24547E-07  0.12434E-06
  0.20460E+03  0.11015E-06 -0.26815E-07  0.13036E-06
  0.20490E+03  0.10366E-06 -0.29053E-07  0.13590E-06
  0.20520E+03  0.96869E-07 -0.31249E-07  0.14096E-06
  0.20550E+03  0.89822E-07 -0.33390E-07  0.14553E-06
  0.20580E+03  0.82548E-07 -0.35464E-07  0.14958E-06
  0.20610E+03  0.75084E-07 -0.37457E-07  0.15311E-06
  0.20640E+03  0.67464E-07 -0.39356E-07  0.15613E-06
  0.20670E+03  0.59722E-07 -0.41147E-07  0.15861E-06
  0.20700E+03  0.51894E-07 -0.42817E-07  0.16056E-06
  0.20730E+03  0.44013E-07 -0.44354E-07  0.16197E-06
  0.20760E+03  0.36114E-07 -0.45744E-07  0.16283E-06
  0.20790E+03  0.28229E-07 -0.46977E-07  0.16316E-06
  0.20820E+03  0.20390E-07 -0.48041E-07  0.16295E-06
  0.20850E+03  0.12628E-07 -0.48926E-07  0.16220E-06
  0.20880E+03  0.49724E-08 -0.49623E-07  0.16092E-06
  0.20910E+03 -0.25477E-08 -0.50124E-07  0.15912E-06
  0.20940E+03 -0.99059E-08 -0.50423E-07  0.15681E-06
  0.20970E+03 -0.17077E-07 -0.50515E-07  0.15400E-06
  0.21000E+03 -0.24037E-07 -0.50395E-07  0.15070E-06
  0.21030E+03 -0.30764E-07 -0.50061E-07  0.14693E-06
  0.21060E+03 -0.37237E-07 -0.49512E-07  0.14270E-06
  0.21090E+03 -0.43440E-07 -0.48749E-07  0.13802E-06
  0.21120E+03 -0.49354E-07 -0.47774E-07  0.13293E-06
  0.21150E+03 -0.54965E-07 -0.46590E-07  0.12745E-06
  0.21180E+03 -0.60260E-07 -0.45203E-07  0.12158E-06
  0.21210E+03 -0.65228E-07 -0.43618E-07  0.11537E-06
  0.21240E+03 -0.69860E-07 -0.41845E-07  0.10882E-06
  0.21270E+03 -0.74149E-07 -0.39893E-07  0.10198E-06
  0.21300E+03 -0.78087E-07 -0.37771E-07  0.94859E-07
  0.21330E+03 -0.81672E-07 -0.35491E-07  0.87505E-07
  0.21360E+03 -0.84900E-07 -0.33067E-07  0.79924E-07
  0.21390E+03 -0.87770E-07 -0.30512E-07  0.72161E-07
  0.21420E+03 -0.90283E-07 -0.27840E-07  0.64247E-07
  0.21450E+03 -0.92441E-07 -0.25067E-07  0.56211E-07
  0.21480E+03 -0.94245E-07 -0.22209E-07  0.48081E-07
  0.21510E+03 -0.95700E-07 -0.19281E-07  0.39882E-07
  0.21540E+03 -0.96812E-07 -0.16299E-07  0.31653E-07
  0.21570E+03 -0.97585E-07 -0.13282E-07  0.23425E-07
  0.21600E+03 -0.98029E-07 -0.10245E-07  0.15235E-07
  0.21630E+03 -0.98149E-07 -0.72047E-08  0.71000E-08
  0.21660E+03 -0.97955E-07 -0.41777E-08 -0.95605E-09
  0.21690E+03 -0.97456E-07 -0.11797E-08 -0.88840E-08
  0.21720E+03 -0.96662E-07  0.17736E-08 -0.16668E-07
  0.21750E+03 -0.95583E-07  0.46676E-08 -0.24273E-07
  0.21780E+03 -0.94229E-07  0.74879E-08 -0.31689E-07
  0.21810E+03 -0.92611E-07  0.10221E-07 -0.38878E-07
  0.21840E+03 -0.90742E-07  0.12855E-07 -0.45826E-07
  0.21870E+03 -0.88631E-07  0.15378E-07 -0.52501E-07
  0.21900E+03 -0.86292E-07  0.17779E-07 -0.58888E-07
  0.21930E+03 -0.83736E-07  0.20050E-07 -0.64967E-07
  0.21960E+03 -0.80975E-07  0.22181E-07 -0.70729E-07
  0.21990E+03 -0.78020E-07  0.24165E-07 -0.76138E-07
  0.22020E+03 -0.74884E-07  0.25997E-07 -0.81199E-07
  0.22050E+03 -0.71580E-07  0.27672E-07 -0.85895E-07
  0.22080E+03 -0.68119E-07  0.29185E-07 -0.90211E-07
  0.22110E+03 -0.64513E-07  0.30534E-07 -0.94141E-07
  0.22140E+03 -0.60774E-07  0.31718E-07 -0.97677E-07
  0.22170E+03 -0.56915E-07  0.32736E-07 -0.10081E-06
  0.22200E+03 -0.52947E-07  0.33589E-07 -0.10354E-06
  0.22230E+03 -0.48883E-07  0.34279E-07 -0.10587E-06
  0.22260E+03 -0.44735E-07  0.34807E-07 -0.10779E-06
  0.22290E+03 -0.40513E-07  0.35179E-07 -0.10931E-06
  0.22320E+03 -0.36231E-07  0.35397E-07 -0.11042E-06
  0.22350E+03 -0.31901E-07  0.35467E-07 -0.11113E-06
  0.22380E+03 -0.27533E-07  0.35394E-07 -0.11145E-06
  0.22410E+03 -0.23140E-07  0.35185E-07 -0.11138E-06
  0.22440E+03 -0.18735E-07  0.34847E-07 -0.11094E-06
  0.22470E+03 -0.14327E-07  0.34386E-07 -0.11011E-06
  0.22500E+03 -0.99303E-08  0.33810E-07 -0.10894E-06
  0.22530E+03 -0.55553E-08  0.33126E-07 -0.10741E-06
  0.22560E+03 -0.12141E-08  0.32343E-07 -0.10555E-06
  0.22590E+03  0.30819E-08  0.31469E-07 -0.10337E-06
  0.22620E+03  0.73210E-08  0.30511E-07 -0.10088E-06
  0.22650E+03  0.11492E-07  0.29478E-07 -0.98083E-07
  0.22680E+03  0.15583E-07  0.28376E-07 -0.95018E-07
  0.22710E+03  0.19584E-07  0.27215E-07 -0.91696E-07
  0.22740E+03  0.23483E-07  0.26001E-07 -0.88122E-07
  0.22770E+03  0.27269E-07  0.24742E-07 -0.84320E-07
  0.22800E+03  0.30933E-07  0.23444E-07 -0.80305E-07
  0.22830E+03  0.34463E-07  0.22115E-07 -0.76096E-07
  0.22860E+03  0.37850E-07  0.20760E-07 -0.71712E-07
  0.22890E+03  0.41084E-07  0.19385E-07 -0.67168E-07
  0.22920E+03  0.44156E-07  0.17996E-07 -0.62484E-07
  0.22950E+03  0.47057E-07  0.16597E-07 -0.57676E-07
  0.22980E+03  0.49779E-07  0.15194E-07 -0.52764E-07
  0.23010E+03  0.52314E-07  0.13790E-07 -0.47765E-07
  0.23040E+03  0.54655E-07  0.12390E-07 -0.42696E-07
  0.23070E+03  0.56795E-07  0.10996E-07 -0.37575E-07
  0.23100E+03  0.58728E-07  0.96123E-08 -0.32419E-07
  0.23130E+03  0.60448E-07  0.82412E-08 -0.27244E-07
  0.23160E+03  0.61952E-07  0.68850E-08 -0.22068E-07
  0.23190E+03  0.63235E-07  0.55459E-08 -0.16907E-07
  0.23220E+03  0.64294E-07  0.42257E-08 -0.11776E-07
  0.23250E+03  0.65126E-07  0.29261E-08 -0.66904E-08
  0.23280E+03  0.65731E-07  0.16484E-08 -0.16656E-08
  0.23310E+03  0.66106E-07  0.39387E-09  0.32833E-08
  0.23340E+03  0.66254E-07 -0.83636E-09  0.81447E-08
  0.23370E+03  0.66174E-07 -0.20413E-08  0.12901E-07
  0.23400E+03  0.65868E-07 -0.32201E-08  0.17542E-07
  0.23430E+03  0.65339E-07 -0.43718E-08  0.22063E-07
  0.23460E+03  0.64591E-07 -0.54956E-08  0.26443E-07
  0.23490E+03  0.63627E-07 -0.65905E-08  0.30668E-07
  0.23520E+03  0.62454E-07 -0.76558E-08  0.34734E-07
  0.23550E+03  0.61077E-07 -0.86904E-08  0.38622E-07
  0.23580E+03  0.59504E-07 -0.96933E-08  0.42339E-07
  0.23610E+03  0.57740E-07 -0.10663E-07  0.45866E-07
  0.23640E+03  0.55796E-07 -0.11599E-07  0.49194E-07
  0.23670E+03  0.53679E-07 -0.12500E-07  0.52316E-07
  0.23700E+03  0.51400E-07 -0.13364E-07  0.55237E-07
  0.23730E+03  0.48968E-07 -0.14190E-07  0.57931E-07
  0.23760E+03  0.46395E-07 -0.14975E-07  0.60407E-07
  0.23790E+03  0.43691E-07 -0.15720E-07  0.62649E-07
  0.23820E+03  0.40867E-07 -0.16420E-07  0.64667E-07
  0.23850E+03  0.37937E-07 -0.17075E-07  0.66453E-07
  0.23880E+03  0.34912E-07 -0.17684E-07  0.67994E-07
  0.23910E+03  0.31805E-07 -0.18242E-07  0.69303E-07
  0.23940E+03  0.28629E-07 -0.18750E-07  0.70378E-07
  0.23970E+03  0.25396E-07 -0.19205E-07  0.71204E-07
  0.24000E+03  0.22119E-07 -0.19604E-07  0.71788E-07
  0.24030E+03  0.18811E-07 -0.19947E-07  0.72132E-07
  0.24060E+03  0.15486E-07 -0.20230E-07  0.72249E-07
  0.24090E+03  0.12155E-07 -0.20454E-07  0.72124E-07
  0.24120E+03  0.88315E-08 -0.20615E-07  0.71768E-07
  0.24150E+03  0.55278E-08 -0.20713E-07  0.71185E-07
  0.24180E+03  0.22559E-08 -0.20746E-07  0.70376E-07
  0.24210E+03 -0.97260E-09 -0.20714E-07  0.69346E-07
  0.24240E+03 -0.41463E-08 -0.20615E-07  0.68109E-07
  0.24270E+03 -0.72544E-08 -0.20450E-07  0.66664E-07
  0.24300E+03 -0.10286E-07 -0.20218E-07  0.65014E-07
  0.24330E+03 -0.13232E-07 -0.19919E-07  0.63173E-07
  0.24360E+03 -0.16083E-07 -0.19553E-07  0.61157E-07
  0.24390E+03 -0.18830E-07 -0.19122E-07  0.58957E-07
  0.24420E+03 -0.21464E-07 -0.18626E-07  0.56587E-07
  0.24450E+03 -0.23978E-07 -0.18066E-07  0.54062E-07
  0.24480E+03 -0.26366E-07 -0.17445E-07  0.51398E-07
  0.24510E+03 -0.28621E-07 -0.16764E-07  0.48588E-07
  0.24540E+03 -0.30737E-07 -0.16026E-07  0.45655E-07
  0.24570E+03 -0.32709E-07 -0.15232E-07  0.42607E-07
  0.24600E+03 -0.34533E-07 -0.14388E-07  0.39462E-07
  0.24630E+03 -0.36206E-07 -0.13494E-07  0.36222E-07
  0.24660E+03 -0.37724E-07 -0.12556E-07  0.32896E-07
  0.24690E+03 -0.39086E-07 -0.11576E-07  0.29510E-07
  0.24720E+03 -0.40290E-07 -0.10560E-07  0.26068E-07
  0.24750E+03 -0.41334E-07 -0.95104E-08  0.22582E-07
  0.24780E+03 -0.42218E-07 -0.84326E-08  0.19067E-07
  0.24810E+03 -0.42943E-07 -0.73310E-08  0.15531E-07
  0.24840E+03 -0.43510E-07 -0.62103E-08  0.11995E-07
  0.24870E+03 -0.43919E-07 -0.50754E-08  0.84630E-08
  0.24900E+03 -0.44173E-07 -0.39313E-08  0.49450E-08
  0.24930E+03 -0.44274E-07 -0.27828E-08  0.14690E-08
  0.24960E+03 -0.44224E-07 -0.16349E-08 -0.19750E-08
  0.24990E+03 -0.44028E-07 -0.49262E-09 -0.53600E-08
  0.25020E+03 -0.43689E-07  0.63924E-09 -0.86790E-08
  0.25050E+03 -0.43211E-07  0.17558E-08 -0.11925E-07
  0.25080E+03 -0.42598E-07  0.28525E-08 -0.15089E-07
  0.25110E+03 -0.41856E-07  0.39246E-08 -0.18154E-07
  0.25140E+03 -0.40989E-07  0.49678E-08 -0.21115E-07
  0.25170E+03 -0.40003E-07  0.59779E-08 -0.23959E-07
  0.25200E+03 -0.38904E-07  0.69510E-08 -0.26683E-07
  0.25230E+03 -0.37697E-07  0.78833E-08 -0.29284E-07
  0.25260E+03 -0.36388E-07  0.87714E-08 -0.31735E-07
  0.25290E+03 -0.34985E-07  0.96120E-08 -0.34044E-07
  0.25320E+03 -0.33492E-07  0.10402E-07 -0.36214E-07
  0.25350E+03 -0.31917E-07  0.11140E-07 -0.38217E-07
  0.25380E+03 -0.30265E-07  0.11822E-07 -0.40069E-07
  0.25410E+03 -0.28545E-07  0.12447E-07 -0.41745E-07
  0.25440E+03 -0.26762E-07  0.13013E-07 -0.43259E-07
  0.25470E+03 -0.24923E-07  0.13520E-07 -0.44605E-07
  0.25500E+03 -0.23034E-07  0.13965E-07 -0.45781E-07
  0.25530E+03 -0.21104E-07  0.14349E-07 -0.46775E-07
  0.25560E+03 -0.19137E-07  0.14670E-07 -0.47601E-07
  0.25590E+03 -0.17142E-07  0.14930E-07 -0.48249E-07
  0.25620E+03 -0.15124E-07  0.15128E-07 -0.48720E-07
  0.25650E+03 -0.13090E-07  0.15265E-07 -0.49024E-07
  0.25680E+03 -0.11046E-07  0.15342E-07 -0.49156E-07
  0.25710E+03 -0.89991E-08  0.15360E-07 -0.49112E-07
  0.25740E+03 -0.69553E-08  0.15320E-07 -0.48907E-07
  0.25770E+03 -0.49207E-08  0.15224E-07 -0.48540E-07
  0.25800E+03 -0.29011E-08  0.15074E-07 -0.48005E-07
  0.25830E+03 -0.90261E-09  0.14872E-07 -0.47329E-07
  0.25860E+03  0.10692E-08  0.14620E-07 -0.46496E-07
  0.25890E+03  0.30088E-08  0.14321E-07 -0.45520E-07
  0.25920E+03  0.49108E-08  0.13976E-07 -0.44406E-07
  0.25950E+03  0.67700E-08  0.13589E-07 -0.43156E-07
  0.25980E+03  0.85813E-08  0.13162E-07 -0.41787E-07
  0.26010E+03  0.10340E-07  0.12698E-07 -0.40297E-07
  0.26040E+03  0.12041E-07  0.12201E-07 -0.38694E-07
  0.26070E+03  0.13681E-07  0.11671E-07 -0.36991E-07
  0.26100E+03  0.15255E-07  0.11114E-07 -0.35188E-07
  0.26130E+03  0.16759E-07  0.10531E-07 -0.33293E-07
  0.26160E+03  0.18189E-07  0.99253E-08 -0.31322E-07
  0.26190E+03  0.19542E-07  0.93001E-08 -0.29278E-07
  0.26220E+03  0.20814E-07  0.86579E-08 -0.27160E-07
  0.26250E+03  0.22004E-07  0.80017E-08 -0.24997E-07
  0.26280E+03  0.23107E-07  0.73340E-08 -0.22782E-07
  0.26310E+03  0.24122E-07  0.66575E-08 -0.20529E-07
  0.26340E+03  0.25046E-07  0.59748E-08 -0.18239E-07
  0.26370E+03  0.25877E-07  0.52882E-08 -0.15922E-07
  0.26400E+03  0.26614E-07  0.46002E-08 -0.13603E-07
  0.26430E+03  0.27255E-07  0.39129E-08 -0.11266E-07
  0.26460E+03  0.27800E-07  0.32286E-08 -0.89270E-08
  0.26490E+03  0.28248E-07  0.25492E-08 -0.66040E-08
  0.26520E+03  0.28598E-07  0.18767E-08 -0.42900E-08
  0.26550E+03  0.28850E-07  0.12129E-08 -0.20020E-08
  0.26580E+03  0.29005E-07  0.55959E-09  0.24897E-09
  0.26610E+03  0.29063E-07 -0.81684E-10  0.24730E-08
  0.26640E+03  0.29024E-07 -0.70940E-09  0.46510E-08
  0.26670E+03  0.28891E-07 -0.13222E-08  0.67870E-08
  0.26700E+03  0.28663E-07 -0.19186E-08  0.88640E-08
  0.26730E+03  0.28344E-07 -0.24976E-08  0.10869E-07
  0.26760E+03  0.27935E-07 -0.30579E-08  0.12818E-07
  0.26790E+03  0.27438E-07 -0.35985E-08  0.14691E-07
  0.26820E+03  0.26856E-07 -0.41184E-08  0.16489E-07
  0.26850E+03  0.26193E-07 -0.46168E-08  0.18197E-07
  0.26880E+03  0.25450E-07 -0.50929E-08  0.19830E-07
  0.26910E+03  0.24631E-07 -0.55458E-08  0.21368E-07
  0.26940E+03  0.23741E-07 -0.59748E-08  0.22813E-07
  0.26970E+03  0.22782E-07 -0.63794E-08  0.24163E-07
  0.27000E+03  0.21759E-07 -0.67590E-08  0.25413E-07
  0.27030E+03  0.20676E-07 -0.71130E-08  0.26557E-07
  0.27060E+03  0.19538E-07 -0.74410E-08  0.27606E-07
  0.27090E+03  0.18348E-07 -0.77425E-08  0.28546E-07
  0.27120E+03  0.17112E-07 -0.80172E-08  0.29379E-07
  0.27150E+03  0.15835E-07 -0.82647E-08  0.30096E-07
  0.27180E+03  0.14521E-07 -0.84848E-08  0.30715E-07
  0.27210E+03  0.13175E-07 -0.86772E-08  0.31216E-07
  0.27240E+03  0.11803E-07 -0.88417E-08  0.31616E-07
  0.27270E+03  0.10409E-07 -0.89781E-08  0.31908E-07
  0.27300E+03  0.89987E-08 -0.90865E-08  0.32086E-07
  0.27330E+03  0.75774E-08 -0.91667E-08  0.32153E-07
  0.27360E+03  0.61499E-08 -0.92187E-08  0.32126E-07
  0.27390E+03  0.47214E-08 -0.92426E-08  0.31983E-07
  0.27420E+03  0.32969E-08 -0.92385E-08  0.31749E-07
  0.27450E+03  0.18812E-08 -0.92067E-08  0.31402E-07
  0.27480E+03  0.47931E-09 -0.91472E-08  0.30963E-07
  0.27510E+03 -0.90419E-09 -0.90605E-08  0.30437E-07
  0.27540E+03 -0.22647E-08 -0.89469E-08  0.29811E-07
  0.27570E+03 -0.35976E-08 -0.88068E-08  0.29094E-07
  0.27600E+03 -0.48988E-08 -0.86408E-08  0.28293E-07
  0.27630E+03 -0.61642E-08 -0.84494E-08  0.27409E-07
  0.27660E+03 -0.73897E-08 -0.82333E-08  0.26452E-07
  0.27690E+03 -0.85718E-08 -0.79932E-08  0.25425E-07
  0.27720E+03 -0.97069E-08 -0.77300E-08  0.24325E-07
  0.27750E+03 -0.10792E-07 -0.74444E-08  0.23163E-07
  0.27780E+03 -0.11823E-07 -0.71375E-08  0.21938E-07
  0.27810E+03 -0.12799E-07 -0.68102E-08  0.20657E-07
  0.27840E+03 -0.13716E-07 -0.64638E-08  0.19325E-07
  0.27870E+03 -0.14572E-07 -0.60993E-08  0.17950E-07
  0.27900E+03 -0.15365E-07 -0.57181E-08  0.16535E-07
  0.27930E+03 -0.16093E-07 -0.53213E-08  0.15085E-07
  0.27960E+03 -0.16756E-07 -0.49105E-08  0.13605E-07
  0.27990E+03 -0.17351E-07 -0.44869E-08  0.12101E-07
  0.28020E+03 -0.17877E-07 -0.40522E-08  0.10577E-07
  0.28050E+03 -0.18335E-07 -0.36077E-08  0.90398E-08
  0.28080E+03 -0.18723E-07 -0.31552E-08  0.74939E-08
  0.28110E+03 -0.19041E-07 -0.26961E-08  0.59480E-08
  0.28140E+03 -0.19290E-07 -0.22321E-08  0.43950E-08
  0.28170E+03 -0.19470E-07 -0.17649E-08  0.28570E-08
  0.28200E+03 -0.19581E-07 -0.12962E-08  0.13270E-08
  0.28230E+03 -0.19624E-07 -0.82760E-09 -0.18599E-09
  0.28260E+03 -0.19600E-07 -0.36080E-09 -0.16760E-08
  0.28290E+03 -0.19510E-07  0.10251E-09 -0.31430E-08
  0.28320E+03 -0.19356E-07  0.56070E-09 -0.45770E-08
  0.28350E+03 -0.19140E-07  0.10121E-08 -0.59710E-08
  0.28380E+03 -0.18863E-07  0.14551E-08 -0.73360E-08
  0.28410E+03 -0.18526E-07  0.18882E-08 -0.86520E-08
  0.28440E+03 -0.18134E-07  0.23097E-08 -0.99170E-08
  0.28470E+03 -0.17687E-07  0.27183E-08 -0.11130E-07
  0.28500E+03 -0.17188E-07  0.31125E-08 -0.12296E-07
  0.28530E+03 -0.16639E-07  0.34911E-08 -0.13399E-07
  0.28560E+03 -0.16045E-07  0.38526E-08 -0.14444E-07
  0.28590E+03 -0.15406E-07  0.41960E-08 -0.15424E-07
  0.28620E+03 -0.14726E-07  0.45201E-08 -0.16339E-07
  0.28650E+03 -0.14009E-07  0.48239E-08 -0.17186E-07
  0.28680E+03 -0.13257E-07  0.51065E-08 -0.17964E-07
  0.28710E+03 -0.12473E-07  0.53671E-08 -0.18669E-07
  0.28740E+03 -0.11660E-07  0.56049E-08 -0.19302E-07
  0.28770E+03 -0.10822E-07  0.58195E-08 -0.19861E-07
  0.28800E+03 -0.99613E-08  0.60102E-08 -0.20344E-07
  0.28830E+03 -0.90819E-08  0.61767E-08 -0.20753E-07
  0.28860E+03 -0.81866E-08  0.63186E-08 -0.21086E-07
  0.28890E+03 -0.72787E-08  0.64360E-08 -0.21342E-07
  0.28920E+03 -0.63612E-08  0.65285E-08 -0.21524E-07
  0.28950E+03 -0.54375E-08  0.65964E-08 -0.21625E-07
  0.28980E+03 -0.45105E-08  0.66397E-08 -0.21661E-07
  0.29010E+03 -0.35833E-08  0.66587E-08 -0.21623E-07
  0.29040E+03 -0.26590E-08  0.66537E-08 -0.21506E-07
  0.29070E+03 -0.17404E-08  0.66252E-08 -0.21327E-07
  0.29100E+03 -0.83043E-09  0.65737E-08 -0.21069E-07
  0.29130E+03  0.68146E-10  0.64998E-08 -0.20748E-07
  0.29160E+03  0.95262E-09  0.64041E-08 -0.20366E-07
  0.29190E+03  0.18204E-08  0.62875E-08 -0.19917E-07
  0.29220E+03  0.26689E-08  0.61508E-08 -0.19410E-07
  0.29250E+03  0.34958E-08  0.59949E-08 -0.18844E-07
  0.29280E+03  0.42988E-08  0.58207E-08 -0.18225E-07
  0.29310E+03  0.50756E-08  0.56293E-08 -0.17553E-07
  0.29340E+03  0.58243E-08  0.54217E-08 -0.16833E-07
  0.29370E+03  0.65429E-08  0.51990E-08 -0.16067E-07
  0.29400E+03  0.72294E-08  0.49622E-08 -0.15259E-07
  0.29430E+03  0.78823E-08  0.47126E-08 -0.14412E-07
  0.29460E+03  0.84999E-08  0.44514E-08 -0.13530E-07
  0.29490E+03  0.90808E-08  0.41796E-08 -0.12616E-07
  0.29520E+03  0.96237E-08  0.38985E-08 -0.11674E-07
  0.29550E+03  0.10127E-07  0.36093E-08 -0.10708E-07
  0.29580E+03  0.10591E-07  0.33132E-08 -0.97190E-08
  0.29610E+03  0.11013E-07  0.30113E-08 -0.87120E-08
  0.29640E+03  0.11394E-07  0.27049E-08 -0.76920E-08
  0.29670E+03  0.11731E-07  0.23952E-08 -0.66650E-08
  0.29700E+03  0.12026E-07  0.20832E-08 -0.56320E-08
  0.29730E+03  0.12278E-07  0.17700E-08 -0.45930E-08
  0.29760E+03  0.12485E-07  0.14569E-08 -0.35530E-08
  0.29790E+03  0.12650E-07  0.11448E-08 -0.25160E-08
  0.29820E+03  0.12770E-07  0.83485E-09 -0.14900E-08
  0.29850E+03  0.12847E-07  0.52798E-09 -0.48000E-09
  0.29880E+03  0.12881E-07  0.22515E-09  0.52100E-09
  0.29910E+03  0.12872E-07 -0.72723E-10  0.15060E-08
  0.29940E+03  0.12821E-07 -0.36479E-09  0.24700E-08
  0.29970E+03  0.12729E-07 -0.65021E-09  0.34190E-08
  0.30000E+03  0.12597E-07 -0.92820E-09  0.43270E-08
  0.30030E+03  0.12425E-07 -0.11980E-08  0.52160E-08
  0.30060E+03  0.12214E-07 -0.14590E-08  0.60740E-08
  0.30090E+03  0.11966E-07 -0.17105E-08  0.69030E-08
  0.30120E+03  0.11683E-07 -0.19520E-08  0.76820E-08
  0.30150E+03  0.11364E-07 -0.21829E-08  0.84400E-08
  0.30180E+03  0.11013E-07 -0.24027E-08  0.91510E-08
  0.30210E+03  0.10630E-07 -0.26109E-08  0.98150E-08
  0.30240E+03  0.10217E-07 -0.28072E-08  0.10444E-07
  0.30270E+03  0.97761E-08 -0.29911E-08  0.11030E-07
  0.30300E+03  0.93088E-08 -0.31624E-08  0.11570E-07
  0.30330E+03  0.88172E-08 -0.33206E-08  0.12062E-07
  0.30360E+03  0.83030E-08 -0.34657E-08  0.12507E-07
  0.30390E+03  0.77683E-08 -0.35974E-08  0.12897E-07
  0.30420E+03  0.72151E-08 -0.37155E-08  0.13244E-07
  0.30450E+03  0.66456E-08 -0.38200E-08  0.13548E-07
  0.30480E+03  0.60618E-08 -0.39106E-08  0.13795E-07
  0.30510E+03  0.54658E-08 -0.39875E-08  0.14002E-07
  0.30540E+03  0.48599E-08 -0.40505E-08  0.14149E-07
  0.30570E+03  0.42461E-08 -0.40998E-08  0.14251E-07
  0.30600E+03  0.36267E-08 -0.41354E-08  0.14306E-07
  0.30630E+03  0.30038E-08 -0.41574E-08  0.14313E-07
  0.30660E+03  0.23796E-08 -0.41659E-08  0.14272E-07
  0.30690E+03  0.17561E-08 -0.41611E-08  0.14184E-07
