  0.00000E+00 -0.39980E-18 -0.39980E-17  0.00000E+00
  0.30000E+00  0.10300E-17 -0.20058E-16  0.00000E+00
  0.60000E+00  0.13150E-13  0.10060E-13 -0.67030E-13
  0.90000E+00  0.10304E-12  0.79001E-13 -0.52378E-12
  0.12000E+01  0.41310E-12  0.31650E-12 -0.21012E-11
  0.15000E+01  0.11663E-11  0.89201E-12 -0.59212E-11
  0.18000E+01  0.26404E-11  0.20090E-11 -0.13399E-10
  0.21000E+01  0.51539E-11  0.39260E-11 -0.26145E-10
  0.24000E+01  0.90421E-11  0.68950E-11 -0.45865E-10
  0.27000E+01  0.14643E-10  0.11150E-10 -0.74268E-10
  0.30000E+01  0.22280E-10  0.16920E-10 -0.11297E-09
  0.33000E+01  0.32227E-10  0.24550E-10 -0.16342E-09
  0.36000E+01  0.44726E-10  0.34040E-10 -0.22680E-09
  0.39000E+01  0.59990E-10  0.45610E-10 -0.30401E-09
  0.42000E+01  0.78040E-10  0.59410E-10 -0.39554E-09
  0.45000E+01  0.98900E-10  0.75340E-10 -0.50150E-09
  0.48000E+01  0.12265E-09  0.93320E-10 -0.62152E-09
  0.51000E+01  0.14894E-09  0.11334E-09 -0.75480E-09
  0.54000E+01  0.17759E-09  0.13530E-09 -0.90004E-09
  0.57000E+01  0.20838E-09  0.15870E-09 -0.10555E-08
  0.60000E+01  0.24079E-09  0.18300E-09 -0.12189E-08
  0.63000E+01  0.27400E-09  0.20880E-09 -0.13876E-08
  0.66000E+01  0.30820E-09  0.23390E-09 -0.15586E-08
  0.69000E+01  0.34180E-09  0.26000E-09 -0.17285E-08
  0.72000E+01  0.37530E-09  0.28410E-09 -0.18937E-08
  0.75000E+01  0.40610E-09  0.30830E-09 -0.20502E-08
  0.78000E+01  0.43570E-09  0.32950E-09 -0.21940E-08
  0.81000E+01  0.46170E-09  0.34920E-09 -0.23210E-08
  0.84000E+01  0.48310E-09  0.36460E-09 -0.24271E-08
  0.87000E+01  0.50020E-09  0.37730E-09 -0.25082E-08
  0.90000E+01  0.51150E-09  0.38460E-09 -0.25605E-08
  0.93000E+01  0.51640E-09  0.38790E-09 -0.25803E-08
  0.96000E+01  0.51370E-09  0.38520E-09 -0.25642E-08
  0.99000E+01  0.50380E-09  0.37670E-09 -0.25092E-08
  0.10200E+02  0.48620E-09  0.36260E-09 -0.24130E-08
  0.10500E+02  0.46000E-09  0.34100E-09 -0.22735E-08
  0.10800E+02  0.42490E-09  0.31200E-09 -0.20893E-08
  0.11100E+02  0.37960E-09  0.27500E-09 -0.18595E-08
  0.11400E+02  0.32700E-09  0.24200E-09 -0.15840E-08
  0.11700E+02  0.26451E-09  0.19300E-09 -0.12634E-08
  0.12000E+02  0.19220E-09  0.13800E-09 -0.89872E-09
  0.12300E+02  0.11290E-09  0.76000E-10 -0.49198E-09
  0.12600E+02  0.24500E-10  0.50022E-11 -0.45748E-10
  0.12900E+02 -0.70600E-10 -0.67999E-10  0.43670E-09
  0.13200E+02 -0.17180E-09 -0.14401E-09  0.95143E-09
  0.13500E+02 -0.28010E-09 -0.22500E-09  0.14939E-08
  0.13800E+02 -0.39180E-09 -0.31001E-09  0.20590E-08
  0.14100E+02 -0.50750E-09 -0.39701E-09  0.26411E-08
  0.14400E+02 -0.62660E-09 -0.48499E-09  0.32341E-08
  0.14700E+02 -0.74520E-09 -0.57200E-09  0.38315E-08
  0.15000E+02 -0.86450E-09 -0.66100E-09  0.44264E-08
  0.15300E+02 -0.98260E-09 -0.74900E-09  0.50120E-08
  0.15600E+02 -0.10969E-08 -0.83600E-09  0.55811E-08
  0.15900E+02 -0.12072E-08 -0.91941E-09  0.61263E-08
  0.16200E+02 -0.13119E-08 -0.99710E-09  0.66406E-08
  0.16500E+02 -0.14090E-08 -0.10683E-08  0.71168E-08
  0.16800E+02 -0.14974E-08 -0.11329E-08  0.75482E-08
  0.17100E+02 -0.15761E-08 -0.11902E-08  0.79283E-08
  0.17400E+02 -0.16428E-08 -0.12381E-08  0.82509E-08
  0.17700E+02 -0.16979E-08 -0.12776E-08  0.85103E-08
  0.18000E+02 -0.17391E-08 -0.13066E-08  0.87016E-08
  0.18300E+02 -0.17659E-08 -0.13242E-08  0.88202E-08
  0.18600E+02 -0.17778E-08 -0.13302E-08  0.88624E-08
  0.18900E+02 -0.17736E-08 -0.13246E-08  0.88252E-08
  0.19200E+02 -0.17540E-08 -0.13120E-08  0.87063E-08
  0.19500E+02 -0.17130E-08 -0.12720E-08  0.85044E-08
  0.19800E+02 -0.16620E-08 -0.12360E-08  0.82190E-08
  0.20100E+02 -0.15980E-08 -0.11740E-08  0.78504E-08
  0.20400E+02 -0.15100E-08 -0.11100E-08  0.73998E-08
  0.20700E+02 -0.14090E-08 -0.10320E-08  0.68695E-08
  0.21000E+02 -0.12860E-08 -0.94400E-09  0.62623E-08
  0.21300E+02 -0.11570E-08 -0.84202E-09  0.55822E-08
  0.21600E+02 -0.10050E-08 -0.72100E-09  0.48338E-08
  0.21900E+02 -0.85100E-09 -0.60299E-09  0.40225E-08
  0.22200E+02 -0.67200E-09 -0.47399E-09  0.31546E-08
  0.22500E+02 -0.49799E-09 -0.34001E-09  0.22369E-08
  0.22800E+02 -0.30400E-09 -0.19500E-09  0.12767E-08
  0.23100E+02 -0.10800E-09 -0.40984E-10  0.28203E-09
  0.23400E+02  0.96009E-10  0.11201E-09 -0.73876E-09
  0.23700E+02  0.30799E-09  0.26901E-09 -0.17769E-08
  0.24000E+02  0.51800E-09  0.42800E-09 -0.28235E-08
  0.24300E+02  0.72500E-09  0.58100E-09 -0.38693E-08
  0.24600E+02  0.93800E-09  0.73800E-09 -0.49051E-08
  0.24900E+02  0.11370E-08  0.88599E-09 -0.59216E-08
  0.25200E+02  0.13370E-08  0.10400E-08 -0.69098E-08
  0.25500E+02  0.15310E-08  0.11750E-08 -0.78608E-08
  0.25800E+02  0.17160E-08  0.13110E-08 -0.87659E-08
  0.26100E+02  0.18880E-08  0.14450E-08 -0.96169E-08
  0.26400E+02  0.20480E-08  0.15630E-08 -0.10406E-07
  0.26700E+02  0.21990E-08  0.16690E-08 -0.11126E-07
  0.27000E+02  0.23320E-08  0.17670E-08 -0.11770E-07
  0.27300E+02  0.24513E-08  0.18480E-08 -0.12333E-07
  0.27600E+02  0.25478E-08  0.19250E-08 -0.12809E-07
  0.27900E+02  0.26296E-08  0.19790E-08 -0.13194E-07
  0.28200E+02  0.26927E-08  0.20220E-08 -0.13484E-07
  0.28500E+02  0.27363E-08  0.20570E-08 -0.13676E-07
  0.28800E+02  0.27603E-08  0.20680E-08 -0.13769E-07
  0.29100E+02  0.27635E-08  0.20670E-08 -0.13762E-07
  0.29400E+02  0.27468E-08  0.20530E-08 -0.13654E-07
  0.29700E+02  0.27109E-08  0.20177E-08 -0.13447E-07
  0.30000E+02  0.26547E-08  0.19717E-08 -0.13142E-07
  0.30300E+02  0.25791E-08  0.19118E-08 -0.12742E-07
  0.30600E+02  0.24860E-08  0.18375E-08 -0.12250E-07
  0.30900E+02  0.23760E-08  0.17514E-08 -0.11671E-07
  0.31200E+02  0.22440E-08  0.16520E-08 -0.11008E-07
  0.31500E+02  0.21020E-08  0.15380E-08 -0.10269E-07
  0.31800E+02  0.19410E-08  0.14210E-08 -0.94586E-08
  0.32100E+02  0.17690E-08  0.12840E-08 -0.85841E-08
  0.32400E+02  0.15910E-08  0.11440E-08 -0.76527E-08
  0.32700E+02  0.13900E-08  0.10000E-08 -0.66722E-08
  0.33000E+02  0.11860E-08  0.84901E-09 -0.56504E-08
  0.33300E+02  0.97799E-09  0.68701E-09 -0.45958E-08
  0.33600E+02  0.76399E-09  0.52501E-09 -0.35167E-08
  0.33900E+02  0.55098E-09  0.36300E-09 -0.24218E-08
  0.34200E+02  0.33000E-09  0.19298E-09 -0.13195E-08
  0.34500E+02  0.10300E-09  0.31037E-10 -0.21837E-09
  0.34800E+02 -0.11201E-09 -0.13301E-09  0.87320E-09
  0.35100E+02 -0.32799E-09 -0.29399E-09  0.19471E-08
  0.35400E+02 -0.53700E-09 -0.45497E-09  0.29954E-08
  0.35700E+02 -0.74400E-09 -0.60101E-09  0.40107E-08
  0.36000E+02 -0.94002E-09 -0.74903E-09  0.49858E-08
  0.36300E+02 -0.11320E-08 -0.88602E-09  0.59142E-08
  0.36600E+02 -0.13130E-08 -0.10210E-08  0.67896E-08
  0.36900E+02 -0.14800E-08 -0.11370E-08  0.76067E-08
  0.37200E+02 -0.16290E-08 -0.12600E-08  0.83603E-08
  0.37500E+02 -0.17750E-08 -0.13570E-08  0.90463E-08
  0.37800E+02 -0.19000E-08 -0.14470E-08  0.96609E-08
  0.38100E+02 -0.20070E-08 -0.15300E-08  0.10202E-07
  0.38400E+02 -0.21050E-08 -0.16080E-08  0.10670E-07
  0.38700E+02 -0.21910E-08 -0.16710E-08  0.11077E-07
  0.39000E+02 -0.22680E-08 -0.17610E-08  0.11446E-07
  0.39300E+02 -0.23350E-08 -0.18880E-08  0.11807E-07
  0.39600E+02 -0.23960E-08 -0.21030E-08  0.12194E-07
  0.39900E+02 -0.24810E-08 -0.24440E-08  0.12639E-07
  0.40200E+02 -0.25810E-08 -0.29530E-08  0.13165E-07
  0.40500E+02 -0.26960E-08 -0.36800E-08  0.13791E-07
  0.40800E+02 -0.28617E-08 -0.46320E-08  0.14529E-07
  0.41100E+02 -0.30625E-08 -0.58290E-08  0.15377E-07
  0.41400E+02 -0.33108E-08 -0.72960E-08  0.16326E-07
  0.41700E+02 -0.36074E-08 -0.90190E-08  0.17352E-07
  0.42000E+02 -0.39524E-08 -0.10962E-07  0.18421E-07
  0.42300E+02 -0.43456E-08 -0.13117E-07  0.19498E-07
  0.42600E+02 -0.47812E-08 -0.15410E-07  0.20537E-07
  0.42900E+02 -0.52547E-08 -0.17809E-07  0.21491E-07
  0.43200E+02 -0.57595E-08 -0.20240E-07  0.22308E-07
  0.43500E+02 -0.62848E-08 -0.22634E-07  0.22934E-07
  0.43800E+02 -0.68222E-08 -0.24912E-07  0.23320E-07
  0.44100E+02 -0.73621E-08 -0.27002E-07  0.23422E-07
  0.44400E+02 -0.78986E-08 -0.28847E-07  0.23223E-07
  0.44700E+02 -0.84340E-08 -0.30431E-07  0.22746E-07
  0.45000E+02 -0.89720E-08 -0.31778E-07  0.22025E-07
  0.45300E+02 -0.95330E-08 -0.32913E-07  0.21049E-07
  0.45600E+02 -0.10115E-07 -0.33816E-07  0.19780E-07
  0.45900E+02 -0.10716E-07 -0.34475E-07  0.18192E-07
  0.46200E+02 -0.11337E-07 -0.34824E-07  0.16270E-07
  0.46500E+02 -0.11980E-07 -0.34805E-07  0.13989E-07
  0.46800E+02 -0.12626E-07 -0.34345E-07  0.11323E-07
  0.47100E+02 -0.13273E-07 -0.33375E-07  0.82493E-08
  0.47400E+02 -0.13901E-07 -0.31821E-07  0.47414E-08
  0.47700E+02 -0.14501E-07 -0.29603E-07  0.77689E-09
  0.48000E+02 -0.15050E-07 -0.26647E-07 -0.36464E-08
  0.48300E+02 -0.15538E-07 -0.22896E-07 -0.85103E-08
  0.48600E+02 -0.15923E-07 -0.18285E-07 -0.13796E-07
  0.48900E+02 -0.16208E-07 -0.12797E-07 -0.19484E-07
  0.49200E+02 -0.16363E-07 -0.63710E-08 -0.25540E-07
  0.49500E+02 -0.16358E-07  0.10090E-08 -0.31911E-07
  0.49800E+02 -0.16182E-07  0.93490E-08 -0.38548E-07
  0.50100E+02 -0.15809E-07  0.18661E-07 -0.45413E-07
  0.50400E+02 -0.15214E-07  0.28941E-07 -0.52464E-07
  0.50700E+02 -0.14361E-07  0.40195E-07 -0.59642E-07
  0.51000E+02 -0.13235E-07  0.52419E-07 -0.66875E-07
  0.51300E+02 -0.11796E-07  0.65576E-07 -0.74092E-07
  0.51600E+02 -0.10023E-07  0.79626E-07 -0.81222E-07
  0.51900E+02 -0.79010E-08  0.94470E-07 -0.88177E-07
  0.52200E+02 -0.53980E-08  0.11004E-06 -0.94838E-07
  0.52500E+02 -0.25190E-08  0.12619E-06 -0.10107E-06
  0.52800E+02  0.76600E-09  0.14277E-06 -0.10671E-06
  0.53100E+02  0.44420E-08  0.15954E-06 -0.11162E-06
  0.53400E+02  0.85098E-08  0.17626E-06 -0.11560E-06
  0.53700E+02  0.12950E-07  0.19266E-06 -0.11850E-06
  0.54000E+02  0.17730E-07  0.20839E-06 -0.12013E-06
  0.54300E+02  0.22815E-07  0.22312E-06 -0.12035E-06
  0.54600E+02  0.28160E-07  0.23648E-06 -0.11902E-06
  0.54900E+02  0.33713E-07  0.24810E-06 -0.11602E-06
  0.55200E+02  0.39415E-07  0.25761E-06 -0.11126E-06
  0.55500E+02  0.45202E-07  0.26467E-06 -0.10464E-06
  0.55800E+02  0.51004E-07  0.26895E-06 -0.96119E-07
  0.56100E+02  0.56744E-07  0.27011E-06 -0.85656E-07
  0.56400E+02  0.62343E-07  0.26788E-06 -0.73256E-07
  0.56700E+02  0.67717E-07  0.26198E-06 -0.58955E-07
  0.57000E+02  0.72781E-07  0.25220E-06 -0.42821E-07
  0.57300E+02  0.77451E-07  0.23840E-06 -0.24959E-07
  0.57600E+02  0.81643E-07  0.22045E-06 -0.55022E-08
  0.57900E+02  0.85277E-07  0.19832E-06  0.15388E-07
  0.58200E+02  0.88275E-07  0.17203E-06  0.37525E-07
  0.58500E+02  0.90561E-07  0.14164E-06  0.60696E-07
  0.58800E+02  0.92067E-07  0.10730E-06  0.84666E-07
  0.59100E+02  0.92731E-07  0.69193E-07  0.10917E-06
  0.59400E+02  0.92495E-07  0.27594E-07  0.13394E-06
  0.59700E+02  0.91315E-07 -0.17198E-07  0.15867E-06
  0.60000E+02  0.89150E-07 -0.64801E-07  0.18304E-06
  0.60300E+02  0.85972E-07 -0.11481E-06  0.20672E-06
  0.60600E+02  0.81763E-07 -0.16674E-06  0.22936E-06
  0.60900E+02  0.76520E-07 -0.22005E-06  0.25064E-06
  0.61200E+02  0.70254E-07 -0.27417E-06  0.27021E-06
  0.61500E+02  0.62988E-07 -0.32848E-06  0.28776E-06
  0.61800E+02  0.54761E-07 -0.38232E-06  0.30296E-06
  0.62100E+02  0.45622E-07 -0.43501E-06  0.31554E-06
  0.62400E+02  0.35637E-07 -0.48585E-06  0.32521E-06
  0.62700E+02  0.24884E-07 -0.53413E-06  0.33173E-06
  0.63000E+02  0.13452E-07 -0.57916E-06  0.33489E-06
  0.63300E+02  0.14443E-08 -0.62025E-06  0.33454E-06
  0.63600E+02 -0.11031E-07 -0.65672E-06  0.33053E-06
  0.63900E+02 -0.23854E-07 -0.68796E-06  0.32280E-06
  0.64200E+02 -0.36895E-07 -0.71339E-06  0.31129E-06
  0.64500E+02 -0.50039E-07 -0.73251E-06  0.29604E-06
  0.64800E+02 -0.63140E-07 -0.74487E-06  0.27710E-06
  0.65100E+02 -0.76071E-07 -0.75011E-06  0.25458E-06
  0.65400E+02 -0.88686E-07 -0.74794E-06  0.22865E-06
  0.65700E+02 -0.10087E-06 -0.73818E-06  0.19949E-06
  0.66000E+02 -0.11249E-06 -0.72071E-06  0.16738E-06
  0.66300E+02 -0.12342E-06 -0.69557E-06  0.13257E-06
  0.66600E+02 -0.13355E-06 -0.66282E-06  0.95407E-07
  0.66900E+02 -0.14274E-06 -0.62270E-06  0.56240E-07
  0.67200E+02 -0.15086E-06 -0.57549E-06  0.15460E-07
  0.67500E+02 -0.15774E-06 -0.52159E-06 -0.26511E-07
  0.67800E+02 -0.16319E-06 -0.46148E-06 -0.69227E-07
  0.68100E+02 -0.16704E-06 -0.39571E-06 -0.11222E-06
  0.68400E+02 -0.16909E-06 -0.32489E-06 -0.15502E-06
  0.68700E+02 -0.16920E-06 -0.24972E-06 -0.19715E-06
  0.69000E+02 -0.16721E-06 -0.17096E-06 -0.23813E-06
  0.69300E+02 -0.16303E-06 -0.89390E-07 -0.27752E-06
  0.69600E+02 -0.15658E-06 -0.58269E-08 -0.31487E-06
  0.69900E+02 -0.14782E-06  0.78905E-07 -0.34980E-06
  0.70200E+02 -0.13678E-06  0.16399E-06 -0.38192E-06
  0.70500E+02 -0.12347E-06  0.24860E-06 -0.41088E-06
  0.70800E+02 -0.10798E-06  0.33195E-06 -0.43638E-06
  0.71100E+02 -0.90407E-07  0.41324E-06 -0.45812E-06
  0.71400E+02 -0.70912E-07  0.49170E-06 -0.47588E-06
  0.71700E+02 -0.49634E-07  0.56655E-06 -0.48945E-06
  0.72000E+02 -0.26705E-07  0.63704E-06 -0.49869E-06
  0.72300E+02 -0.22470E-08  0.70244E-06 -0.50352E-06
  0.72600E+02  0.23684E-07  0.76206E-06 -0.50391E-06
  0.72900E+02  0.51011E-07  0.81528E-06 -0.49986E-06
  0.73200E+02  0.79603E-07  0.86157E-06 -0.49144E-06
  0.73500E+02  0.10929E-06  0.90045E-06 -0.47873E-06
  0.73800E+02  0.13984E-06  0.93153E-06 -0.46185E-06
  0.74100E+02  0.17097E-06  0.95450E-06 -0.44096E-06
  0.74400E+02  0.20232E-06  0.96913E-06 -0.41620E-06
  0.74700E+02  0.23347E-06  0.97527E-06 -0.38779E-06
  0.75000E+02  0.26401E-06  0.97287E-06 -0.35593E-06
  0.75300E+02  0.29354E-06  0.96195E-06 -0.32089E-06
  0.75600E+02  0.32170E-06  0.94264E-06 -0.28293E-06
  0.75900E+02  0.34831E-06  0.91514E-06 -0.24235E-06
  0.76200E+02  0.37321E-06  0.87973E-06 -0.19946E-06
  0.76500E+02  0.39623E-06  0.83678E-06 -0.15459E-06
  0.76800E+02  0.41702E-06  0.78676E-06 -0.10806E-06
  0.77100E+02  0.43490E-06  0.73029E-06 -0.60242E-07
  0.77400E+02  0.44905E-06  0.66809E-06 -0.11507E-07
  0.77700E+02  0.45863E-06  0.60095E-06  0.37744E-07
  0.78000E+02  0.46294E-06  0.52970E-06  0.87092E-07
  0.78300E+02  0.46137E-06  0.45516E-06  0.13610E-06
  0.78600E+02  0.45333E-06  0.37821E-06  0.18431E-06
  0.78900E+02  0.43816E-06  0.29971E-06  0.23128E-06
  0.79200E+02  0.41515E-06  0.22061E-06  0.27656E-06
  0.79500E+02  0.38357E-06  0.14187E-06  0.31973E-06
  0.79800E+02  0.34265E-06  0.64483E-07  0.36041E-06
  0.80100E+02  0.29189E-06 -0.10619E-07  0.39822E-06
  0.80400E+02  0.23080E-06 -0.82548E-07  0.43285E-06
  0.80700E+02  0.15922E-06 -0.15046E-06  0.46399E-06
  0.81000E+02  0.76860E-07 -0.21351E-06  0.49139E-06
  0.81300E+02 -0.16150E-07 -0.27096E-06  0.51482E-06
  0.81600E+02 -0.11991E-06 -0.32204E-06  0.53411E-06
  0.81900E+02 -0.23406E-06 -0.36613E-06  0.54911E-06
  0.82200E+02 -0.35813E-06 -0.40270E-06  0.55971E-06
  0.82500E+02 -0.49150E-06 -0.43127E-06  0.56584E-06
  0.82800E+02 -0.63331E-06 -0.45149E-06  0.56743E-06
  0.83100E+02 -0.78268E-06 -0.46308E-06  0.56447E-06
  0.83400E+02 -0.93834E-06 -0.46589E-06  0.55698E-06
  0.83700E+02 -0.10987E-05 -0.45989E-06  0.54503E-06
  0.84000E+02 -0.12620E-05 -0.44523E-06  0.52871E-06
  0.84300E+02 -0.14263E-05 -0.42216E-06  0.50815E-06
  0.84600E+02 -0.15890E-05 -0.39112E-06  0.48350E-06
  0.84900E+02 -0.17475E-05 -0.35268E-06  0.45491E-06
  0.85200E+02 -0.18986E-05 -0.30762E-06  0.42255E-06
  0.85500E+02 -0.20387E-05 -0.25680E-06  0.38666E-06
  0.85800E+02 -0.21641E-05 -0.20130E-06  0.34748E-06
  0.86100E+02 -0.22710E-05 -0.14227E-06  0.30530E-06
  0.86400E+02 -0.23553E-05 -0.81000E-07  0.26043E-06
  0.86700E+02 -0.24133E-05 -0.18852E-07  0.21318E-06
  0.87000E+02 -0.24409E-05  0.42745E-07  0.16387E-06
  0.87300E+02 -0.24349E-05  0.10233E-06  0.11283E-06
  0.87600E+02 -0.23919E-05  0.15844E-06  0.60368E-07
  0.87900E+02 -0.23095E-05  0.20966E-06  0.68475E-08
  0.88200E+02 -0.21857E-05  0.25461E-06 -0.47384E-07
  0.88500E+02 -0.20192E-05  0.29204E-06 -0.10197E-06
  0.88800E+02 -0.18095E-05  0.32079E-06 -0.15655E-06
  0.89100E+02 -0.15572E-05  0.33988E-06 -0.21079E-06
  0.89400E+02 -0.12635E-05  0.34844E-06 -0.26433E-06
  0.89700E+02 -0.93057E-06  0.34587E-06 -0.31682E-06
  0.90000E+02 -0.56183E-06  0.33181E-06 -0.36793E-06
  0.90300E+02 -0.16129E-06  0.30582E-06 -0.41731E-06
  0.90600E+02  0.26622E-06  0.26802E-06 -0.46460E-06
  0.90900E+02  0.71523E-06  0.21868E-06 -0.50947E-06
  0.91200E+02  0.11796E-05  0.15797E-06 -0.55158E-06
  0.91500E+02  0.16527E-05  0.86670E-07 -0.59060E-06
  0.91800E+02  0.21278E-05  0.55401E-08 -0.62620E-06
  0.92100E+02  0.25980E-05 -0.84550E-07 -0.65804E-06
  0.92400E+02  0.30561E-05 -0.18248E-06 -0.68580E-06
  0.92700E+02  0.34958E-05 -0.28702E-06 -0.70916E-06
  0.93000E+02  0.39103E-05 -0.39710E-06 -0.72784E-06
  0.93300E+02  0.42935E-05 -0.51117E-06 -0.74157E-06
  0.93600E+02  0.46400E-05 -0.62787E-06 -0.75009E-06
  0.93900E+02  0.49446E-05 -0.74572E-06 -0.75320E-06
  0.94200E+02  0.52028E-05 -0.86324E-06 -0.75071E-06
  0.94500E+02  0.54109E-05 -0.97893E-06 -0.74249E-06
  0.94800E+02  0.55655E-05 -0.10913E-05 -0.72842E-06
  0.95100E+02  0.56639E-05 -0.11989E-05 -0.70844E-06
  0.95400E+02  0.57041E-05 -0.13002E-05 -0.68256E-06
  0.95700E+02  0.56847E-05 -0.13940E-05 -0.65078E-06
  0.96000E+02  0.56048E-05 -0.14787E-05 -0.61318E-06
  0.96300E+02  0.54640E-05 -0.15533E-05 -0.56985E-06
  0.96600E+02  0.52626E-05 -0.16165E-05 -0.52091E-06
  0.96900E+02  0.50017E-05 -0.16671E-05 -0.46652E-06
  0.97200E+02  0.46827E-05 -0.17044E-05 -0.40688E-06
  0.97500E+02  0.43077E-05 -0.17273E-05 -0.34218E-06
  0.97800E+02  0.38799E-05 -0.17350E-05 -0.27268E-06
  0.98100E+02  0.34025E-05 -0.17271E-05 -0.19864E-06
  0.98400E+02  0.28801E-05 -0.17030E-05 -0.12038E-06
  0.98700E+02  0.23174E-05 -0.16623E-05 -0.38261E-07
  0.99000E+02  0.17201E-05 -0.16050E-05  0.47281E-07
  0.99300E+02  0.10942E-05 -0.15310E-05  0.13576E-06
  0.99600E+02  0.44625E-06 -0.14404E-05  0.22660E-06
  0.99900E+02 -0.21665E-06 -0.13337E-05  0.31917E-06
  0.10020E+03 -0.88739E-06 -0.12114E-05  0.41276E-06
  0.10050E+03 -0.15586E-05 -0.10739E-05  0.50658E-06
  0.10080E+03 -0.22231E-05 -0.92249E-06  0.59977E-06
  0.10110E+03 -0.28734E-05 -0.75786E-06  0.69144E-06
  0.10140E+03 -0.35029E-05 -0.58138E-06  0.78066E-06
  0.10170E+03 -0.41046E-05 -0.39435E-06  0.86646E-06
  0.10200E+03 -0.46725E-05 -0.19813E-06  0.94792E-06
  0.10230E+03 -0.52007E-05  0.55900E-08  0.10241E-05
  0.10260E+03 -0.56840E-05  0.21521E-06  0.10940E-05
  0.10290E+03 -0.61177E-05  0.42899E-06  0.11569E-05
  0.10320E+03 -0.64974E-05  0.64511E-06  0.12119E-05
  0.10350E+03 -0.68194E-05  0.86174E-06  0.12581E-05
  0.10380E+03 -0.70807E-05  0.10770E-05  0.12950E-05
  0.10410E+03 -0.72786E-05  0.12889E-05  0.13218E-05
  0.10440E+03 -0.74113E-05  0.14955E-05  0.13380E-05
  0.10470E+03 -0.74773E-05  0.16950E-05  0.13431E-05
  0.10500E+03 -0.74759E-05  0.18855E-05  0.13367E-05
  0.10530E+03 -0.74070E-05  0.20650E-05  0.13185E-05
  0.10560E+03 -0.72714E-05  0.22318E-05  0.12883E-05
  0.10590E+03 -0.70705E-05  0.23842E-05  0.12462E-05
  0.10620E+03 -0.68062E-05  0.25206E-05  0.11921E-05
  0.10650E+03 -0.64816E-05  0.26397E-05  0.11263E-05
  0.10680E+03 -0.61002E-05  0.27401E-05  0.10492E-05
  0.10710E+03 -0.56660E-05  0.28208E-05  0.96120E-06
  0.10740E+03 -0.51837E-05  0.28808E-05  0.86296E-06
  0.10770E+03 -0.46585E-05  0.29196E-05  0.75519E-06
  0.10800E+03 -0.40959E-05  0.29366E-05  0.63870E-06
  0.10830E+03 -0.35016E-05  0.29314E-05  0.51443E-06
  0.10860E+03 -0.28818E-05  0.29040E-05  0.38339E-06
  0.10890E+03 -0.22424E-05  0.28546E-05  0.24669E-06
  0.10920E+03 -0.15898E-05  0.27832E-05  0.10551E-06
  0.10950E+03 -0.92994E-06  0.26904E-05 -0.38898E-07
  0.10980E+03 -0.26914E-06  0.25767E-05 -0.18524E-06
  0.11010E+03  0.38663E-06  0.24431E-05 -0.33217E-06
  0.11040E+03  0.10314E-05  0.22907E-05 -0.47833E-06
  0.11070E+03  0.16595E-05  0.21203E-05 -0.62234E-06
  0.11100E+03  0.22651E-05  0.19336E-05 -0.76283E-06
  0.11130E+03  0.28432E-05  0.17322E-05 -0.89848E-06
  0.11160E+03  0.33886E-05  0.15176E-05 -0.10280E-05
  0.11190E+03  0.38968E-05  0.12915E-05 -0.11501E-05
  0.11220E+03  0.43635E-05  0.10560E-05 -0.12636E-05
  0.11250E+03  0.47852E-05  0.81302E-06 -0.13675E-05
  0.11280E+03  0.51587E-05  0.56452E-06 -0.14606E-05
  0.11310E+03  0.54814E-05  0.31259E-06 -0.15422E-05
  0.11340E+03  0.57515E-05  0.59270E-07 -0.16114E-05
  0.11370E+03  0.59675E-05 -0.19335E-06 -0.16674E-05
  0.11400E+03  0.61288E-05 -0.44326E-06 -0.17098E-05
  0.11430E+03  0.62352E-05 -0.68846E-06 -0.17381E-05
  0.11460E+03  0.62869E-05 -0.92700E-06 -0.17520E-05
  0.11490E+03  0.62850E-05 -0.11570E-05 -0.17515E-05
  0.11520E+03  0.62307E-05 -0.13768E-05 -0.17364E-05
  0.11550E+03  0.61258E-05 -0.15845E-05 -0.17069E-05
  0.11580E+03  0.59725E-05 -0.17787E-05 -0.16633E-05
  0.11610E+03  0.57733E-05 -0.19580E-05 -0.16061E-05
  0.11640E+03  0.55314E-05 -0.21210E-05 -0.15356E-05
  0.11670E+03  0.52499E-05 -0.22667E-05 -0.14528E-05
  0.11700E+03  0.49326E-05 -0.23942E-05 -0.13582E-05
  0.11730E+03  0.45835E-05 -0.25026E-05 -0.12528E-05
  0.11760E+03  0.42066E-05 -0.25913E-05 -0.11376E-05
  0.11790E+03  0.38064E-05 -0.26601E-05 -0.10136E-05
  0.11820E+03  0.33873E-05 -0.27085E-05 -0.88214E-06
  0.11850E+03  0.29540E-05 -0.27367E-05 -0.74431E-06
  0.11880E+03  0.25109E-05 -0.27449E-05 -0.60140E-06
  0.11910E+03  0.20625E-05 -0.27331E-05 -0.45473E-06
  0.11940E+03  0.16130E-05 -0.27022E-05 -0.30563E-06
  0.11970E+03  0.11668E-05 -0.26525E-05 -0.15544E-06
  0.12000E+03  0.72774E-06 -0.25850E-05 -0.54922E-08
  0.12030E+03  0.29971E-06 -0.25004E-05  0.14289E-06
  0.12060E+03 -0.11377E-06 -0.24000E-05  0.28840E-06
  0.12090E+03 -0.50948E-06 -0.22848E-05  0.42981E-06
  0.12120E+03 -0.88439E-06 -0.21561E-05  0.56592E-06
  0.12150E+03 -0.12356E-05 -0.20154E-05  0.69561E-06
  0.12180E+03 -0.15609E-05 -0.18640E-05  0.81783E-06
  0.12210E+03 -0.18581E-05 -0.17035E-05  0.93161E-06
  0.12240E+03 -0.21255E-05 -0.15353E-05  0.10361E-05
  0.12270E+03 -0.23619E-05 -0.13611E-05  0.11305E-05
  0.12300E+03 -0.25664E-05 -0.11825E-05  0.12143E-05
  0.12330E+03 -0.27383E-05 -0.10010E-05  0.12867E-05
  0.12360E+03 -0.28777E-05 -0.81806E-06  0.13475E-05
  0.12390E+03 -0.29845E-05 -0.63531E-06  0.13963E-05
  0.12420E+03 -0.30595E-05 -0.45418E-06  0.14329E-05
  0.12450E+03 -0.31035E-05 -0.27605E-06  0.14572E-05
  0.12480E+03 -0.31176E-05 -0.10226E-06  0.14694E-05
  0.12510E+03 -0.31031E-05  0.65944E-07  0.14695E-05
  0.12540E+03 -0.30617E-05  0.22740E-06  0.14579E-05
  0.12570E+03 -0.29952E-05  0.38106E-06  0.14348E-05
  0.12600E+03 -0.29056E-05  0.52596E-06  0.14009E-05
  0.12630E+03 -0.27951E-05  0.66126E-06  0.13566E-05
  0.12660E+03 -0.26661E-05  0.78626E-06  0.13027E-05
  0.12690E+03 -0.25209E-05  0.90036E-06  0.12398E-05
  0.12720E+03 -0.23623E-05  0.10031E-05  0.11687E-05
  0.12750E+03 -0.21925E-05  0.10941E-05  0.10904E-05
  0.12780E+03 -0.20142E-05  0.11732E-05  0.10057E-05
  0.12810E+03 -0.18300E-05  0.12403E-05  0.91551E-06
  0.12840E+03 -0.16424E-05  0.12953E-05  0.82085E-06
  0.12870E+03 -0.14536E-05  0.13385E-05  0.72269E-06
  0.12900E+03 -0.12660E-05  0.13700E-05  0.62201E-06
  0.12930E+03 -0.10816E-05  0.13901E-05  0.51979E-06
  0.12960E+03 -0.90244E-06  0.13994E-05  0.41700E-06
  0.12990E+03 -0.73028E-06  0.13982E-05  0.31459E-06
  0.13020E+03 -0.56683E-06  0.13872E-05  0.21346E-06
  0.13050E+03 -0.41346E-06  0.13670E-05  0.11447E-06
  0.13080E+03 -0.27157E-06  0.13383E-05  0.18456E-07
  0.13110E+03 -0.14215E-06  0.13020E-05 -0.73832E-07
  0.13140E+03 -0.26070E-07  0.12587E-05 -0.16169E-06
  0.13170E+03  0.76110E-07  0.12093E-05 -0.24450E-06
  0.13200E+03  0.16396E-06  0.11547E-05 -0.32168E-06
  0.13230E+03  0.23739E-06  0.10957E-05 -0.39277E-06
  0.13260E+03  0.29640E-06  0.10331E-05 -0.45735E-06
  0.13290E+03  0.34122E-06  0.96770E-06 -0.51510E-06
  0.13320E+03  0.37222E-06  0.90041E-06 -0.56578E-06
  0.13350E+03  0.39001E-06  0.83196E-06 -0.60922E-06
  0.13380E+03  0.39533E-06  0.76311E-06 -0.64534E-06
  0.13410E+03  0.38901E-06  0.69456E-06 -0.67414E-06
  0.13440E+03  0.37208E-06  0.62697E-06 -0.69569E-06
  0.13470E+03  0.34560E-06  0.56095E-06 -0.71012E-06
  0.13500E+03  0.31080E-06  0.49704E-06 -0.71765E-06
  0.13530E+03  0.26894E-06  0.43573E-06 -0.71854E-06
  0.13560E+03  0.22135E-06  0.37745E-06 -0.71314E-06
  0.13590E+03  0.16939E-06  0.32253E-06 -0.70182E-06
  0.13620E+03  0.11442E-06  0.27127E-06 -0.68501E-06
  0.13650E+03  0.57801E-07  0.22389E-06 -0.66318E-06
  0.13680E+03  0.85100E-09  0.18055E-06 -0.63683E-06
  0.13710E+03 -0.55160E-07  0.14134E-06 -0.60648E-06
  0.13740E+03 -0.10900E-06  0.10629E-06 -0.57269E-06
  0.13770E+03 -0.15955E-06  0.75360E-07 -0.53600E-06
  0.13800E+03 -0.20572E-06  0.48479E-07 -0.49699E-06
  0.13830E+03 -0.24656E-06  0.25497E-07 -0.45622E-06
  0.13860E+03 -0.28120E-06  0.62328E-08 -0.41423E-06
  0.13890E+03 -0.30890E-06 -0.95477E-08 -0.37158E-06
  0.13920E+03 -0.32903E-06 -0.22112E-07 -0.32878E-06
  0.13950E+03 -0.34110E-06 -0.31762E-07 -0.28634E-06
  0.13980E+03 -0.34477E-06 -0.38814E-07 -0.24472E-06
  0.14010E+03 -0.33982E-06 -0.43622E-07 -0.20435E-06
  0.14040E+03 -0.32619E-06 -0.46534E-07 -0.16564E-06
  0.14070E+03 -0.30389E-06 -0.47932E-07 -0.12895E-06
  0.14100E+03 -0.27312E-06 -0.48176E-07 -0.94582E-07
  0.14130E+03 -0.23418E-06 -0.47642E-07 -0.62812E-07
  0.14160E+03 -0.18747E-06 -0.46692E-07 -0.33861E-07
  0.14190E+03 -0.13350E-06 -0.45663E-07 -0.79054E-08
  0.14220E+03 -0.72899E-07 -0.44898E-07  0.14927E-07
  0.14250E+03 -0.63790E-08 -0.44706E-07  0.34554E-07
  0.14280E+03  0.65273E-07 -0.45356E-07  0.50943E-07
  0.14310E+03  0.14120E-06 -0.47109E-07  0.64103E-07
  0.14340E+03  0.22050E-06 -0.50183E-07  0.74086E-07
  0.14370E+03  0.30220E-06 -0.54760E-07  0.80987E-07
  0.14400E+03  0.38534E-06 -0.61010E-07  0.84936E-07
  0.14430E+03  0.46892E-06 -0.69030E-07  0.86099E-07
  0.14460E+03  0.55194E-06 -0.78895E-07  0.84671E-07
  0.14490E+03  0.63342E-06 -0.90636E-07  0.80876E-07
  0.14520E+03  0.71239E-06 -0.10427E-06  0.74962E-07
  0.14550E+03  0.78791E-06 -0.11975E-06  0.67194E-07
  0.14580E+03  0.85911E-06 -0.13700E-06  0.57854E-07
  0.14610E+03  0.92513E-06 -0.15591E-06  0.47234E-07
  0.14640E+03  0.98521E-06 -0.17632E-06  0.35632E-07
  0.14670E+03  0.10386E-05 -0.19809E-06  0.23350E-07
  0.14700E+03  0.10848E-05 -0.22101E-06  0.10685E-07
  0.14730E+03  0.11232E-05 -0.24485E-06 -0.20666E-08
  0.14760E+03  0.11534E-05 -0.26939E-06 -0.14622E-07
  0.14790E+03  0.11749E-05 -0.29434E-06 -0.26710E-07
  0.14820E+03  0.11877E-05 -0.31945E-06 -0.38075E-07
  0.14850E+03  0.11914E-05 -0.34443E-06 -0.48480E-07
  0.14880E+03  0.11861E-05 -0.36901E-06 -0.57711E-07
  0.14910E+03  0.11718E-05 -0.39287E-06 -0.65577E-07
  0.14940E+03  0.11486E-05 -0.41576E-06 -0.71911E-07
  0.14970E+03  0.11168E-05 -0.43739E-06 -0.76577E-07
  0.15000E+03  0.10766E-05 -0.45747E-06 -0.79464E-07
  0.15030E+03  0.10285E-05 -0.47576E-06 -0.80490E-07
  0.15060E+03  0.97303E-06 -0.49202E-06 -0.79606E-07
  0.15090E+03  0.91063E-06 -0.50603E-06 -0.76787E-07
  0.15120E+03  0.84194E-06 -0.51757E-06 -0.72041E-07
  0.15150E+03  0.76761E-06 -0.52649E-06 -0.65403E-07
  0.15180E+03  0.68838E-06 -0.53263E-06 -0.56934E-07
  0.15210E+03  0.60498E-06 -0.53586E-06 -0.46721E-07
  0.15240E+03  0.51820E-06 -0.53609E-06 -0.34875E-07
  0.15270E+03  0.42883E-06 -0.53325E-06 -0.21531E-07
  0.15300E+03  0.33767E-06 -0.52731E-06 -0.68399E-08
  0.15330E+03  0.24555E-06 -0.51826E-06  0.90268E-08
  0.15360E+03  0.15325E-06 -0.50614E-06  0.25884E-07
  0.15390E+03  0.61574E-07 -0.49100E-06  0.43534E-07
  0.15420E+03 -0.28729E-07 -0.47292E-06  0.61771E-07
  0.15450E+03 -0.11691E-06 -0.45202E-06  0.80379E-07
  0.15480E+03 -0.20229E-06 -0.42844E-06  0.99141E-07
  0.15510E+03 -0.28421E-06 -0.40232E-06  0.11784E-06
  0.15540E+03 -0.36207E-06 -0.37388E-06  0.13625E-06
  0.15570E+03 -0.43534E-06 -0.34330E-06  0.15417E-06
  0.15600E+03 -0.50351E-06 -0.31081E-06  0.17139E-06
  0.15630E+03 -0.56620E-06 -0.27666E-06  0.18771E-06
  0.15660E+03 -0.62302E-06 -0.24110E-06  0.20295E-06
  0.15690E+03 -0.67369E-06 -0.20439E-06  0.21692E-06
  0.15720E+03 -0.71799E-06 -0.16679E-06  0.22949E-06
  0.15750E+03 -0.75577E-06 -0.12860E-06  0.24049E-06
  0.15780E+03 -0.78696E-06 -0.90068E-07  0.24982E-06
  0.15810E+03 -0.81153E-06 -0.51478E-07  0.25738E-06
  0.15840E+03 -0.82954E-06 -0.13108E-07  0.26306E-06
  0.15870E+03 -0.84109E-06  0.24784E-07  0.26683E-06
  0.15900E+03 -0.84636E-06  0.61936E-07  0.26863E-06
  0.15930E+03 -0.84558E-06  0.98108E-07  0.26845E-06
  0.15960E+03 -0.83901E-06  0.13307E-06  0.26628E-06
  0.15990E+03 -0.82699E-06  0.16660E-06  0.26216E-06
  0.16020E+03 -0.80987E-06  0.19851E-06  0.25612E-06
  0.16050E+03 -0.78805E-06  0.22860E-06  0.24823E-06
  0.16080E+03 -0.76197E-06  0.25672E-06  0.23856E-06
  0.16110E+03 -0.73207E-06  0.28273E-06  0.22722E-06
  0.16140E+03 -0.69881E-06  0.30651E-06  0.21432E-06
  0.16170E+03 -0.66269E-06  0.32796E-06  0.19998E-06
  0.16200E+03 -0.62419E-06  0.34701E-06  0.18434E-06
  0.16230E+03 -0.58379E-06  0.36359E-06  0.16756E-06
  0.16260E+03 -0.54199E-06  0.37770E-06  0.14979E-06
  0.16290E+03 -0.49924E-06  0.38930E-06  0.13119E-06
  0.16320E+03 -0.45601E-06  0.39842E-06  0.11194E-06
  0.16350E+03 -0.41272E-06  0.40509E-06  0.92214E-07
  0.16380E+03 -0.36981E-06  0.40935E-06  0.72179E-07
  0.16410E+03 -0.32766E-06  0.41128E-06  0.52013E-07
  0.16440E+03 -0.28651E-06  0.41095E-06  0.31884E-07
  0.16470E+03 -0.24688E-06  0.40848E-06  0.11959E-07
  0.16500E+03 -0.20893E-06  0.40397E-06 -0.76012E-08
  0.16530E+03 -0.17297E-06  0.39755E-06 -0.26645E-07
  0.16560E+03 -0.13915E-06  0.38935E-06 -0.45029E-07
  0.16590E+03 -0.10759E-06  0.37952E-06 -0.62620E-07
  0.16620E+03 -0.78514E-07  0.36820E-06 -0.79296E-07
  0.16650E+03 -0.51949E-07  0.35556E-06 -0.94948E-07
  0.16680E+03 -0.27993E-07  0.34174E-06 -0.10948E-06
  0.16710E+03 -0.66280E-08  0.32691E-06 -0.12281E-06
  0.16740E+03  0.12178E-07  0.31123E-06 -0.13487E-06
  0.16770E+03  0.28468E-07  0.29483E-06 -0.14560E-06
  0.16800E+03  0.42338E-07  0.27790E-06 -0.15497E-06
  0.16830E+03  0.53914E-07  0.26056E-06 -0.16295E-06
  0.16860E+03  0.63323E-07  0.24295E-06 -0.16953E-06
  0.16890E+03  0.70749E-07  0.22521E-06 -0.17471E-06
  0.16920E+03  0.76368E-07  0.20748E-06 -0.17852E-06
  0.16950E+03  0.80381E-07  0.18985E-06 -0.18097E-06
  0.16980E+03  0.83016E-07  0.17243E-06 -0.18212E-06
  0.17010E+03  0.84479E-07  0.15534E-06 -0.18201E-06
  0.17040E+03  0.85005E-07  0.13862E-06 -0.18071E-06
  0.17070E+03  0.84815E-07  0.12237E-06 -0.17829E-06
  0.17100E+03  0.84133E-07  0.10665E-06 -0.17482E-06
  0.17130E+03  0.83192E-07  0.91498E-07 -0.17040E-06
  0.17160E+03  0.82202E-07  0.76966E-07 -0.16511E-06
  0.17190E+03  0.81350E-07  0.63072E-07 -0.15905E-06
  0.17220E+03  0.80840E-07  0.49833E-07 -0.15232E-06
  0.17250E+03  0.80827E-07  0.37250E-07 -0.14501E-06
  0.17280E+03  0.81473E-07  0.25337E-07 -0.13724E-06
  0.17310E+03  0.82903E-07  0.14076E-07 -0.12909E-06
  0.17340E+03  0.85229E-07  0.34530E-08 -0.12068E-06
  0.17370E+03  0.88552E-07 -0.65600E-08 -0.11208E-06
  0.17400E+03  0.92869E-07 -0.16001E-07 -0.10340E-06
  0.17430E+03  0.98369E-07 -0.24894E-07 -0.94718E-07
  0.17460E+03  0.10493E-06 -0.33283E-07 -0.86121E-07
  0.17490E+03  0.11260E-06 -0.41209E-07 -0.77682E-07
  0.17520E+03  0.12133E-06 -0.48716E-07 -0.69469E-07
  0.17550E+03  0.13108E-06 -0.55849E-07 -0.61544E-07
  0.17580E+03  0.14176E-06 -0.62652E-07 -0.53961E-07
  0.17610E+03  0.15330E-06 -0.69170E-07 -0.46764E-07
  0.17640E+03  0.16558E-06 -0.75444E-07 -0.39991E-07
  0.17670E+03  0.17849E-06 -0.81514E-07 -0.33671E-07
  0.17700E+03  0.19185E-06 -0.87417E-07 -0.27826E-07
  0.17730E+03  0.20552E-06 -0.93179E-07 -0.22467E-07
  0.17760E+03  0.21935E-06 -0.98841E-07 -0.17602E-07
  0.17790E+03  0.23317E-06 -0.10442E-06 -0.13227E-07
  0.17820E+03  0.24678E-06 -0.10993E-06 -0.93332E-08
  0.17850E+03  0.26003E-06 -0.11539E-06 -0.59048E-08
  0.17880E+03  0.27272E-06 -0.12080E-06 -0.29201E-08
  0.17910E+03  0.28468E-06 -0.12617E-06 -0.35195E-09
  0.17940E+03  0.29575E-06 -0.13150E-06  0.18315E-08
  0.17970E+03  0.30575E-06 -0.13675E-06  0.36661E-08
  0.18000E+03  0.31453E-06 -0.14194E-06  0.51911E-08
  0.18030E+03  0.32195E-06 -0.14703E-06  0.64483E-08
  0.18060E+03  0.32786E-06 -0.15200E-06  0.74811E-08
  0.18090E+03  0.33217E-06 -0.15683E-06  0.83344E-08
  0.18120E+03  0.33476E-06 -0.16146E-06  0.90531E-08
  0.18150E+03  0.33554E-06 -0.16588E-06  0.96818E-08
  0.18180E+03  0.33447E-06 -0.17006E-06  0.10264E-07
  0.18210E+03  0.33147E-06 -0.17391E-06  0.10842E-07
  0.18240E+03  0.32652E-06 -0.17743E-06  0.11455E-07
  0.18270E+03  0.31963E-06 -0.18057E-06  0.12141E-07
  0.18300E+03  0.31078E-06 -0.18327E-06  0.12931E-07
  0.18330E+03  0.30003E-06 -0.18551E-06  0.13857E-07
  0.18360E+03  0.28740E-06 -0.18722E-06  0.14943E-07
  0.18390E+03  0.27298E-06 -0.18837E-06  0.16212E-07
  0.18420E+03  0.25684E-06 -0.18894E-06  0.17678E-07
  0.18450E+03  0.23909E-06 -0.18889E-06  0.19354E-07
  0.18480E+03  0.21985E-06 -0.18817E-06  0.21246E-07
  0.18510E+03  0.19924E-06 -0.18676E-06  0.23357E-07
  0.18540E+03  0.17740E-06 -0.18465E-06  0.25682E-07
  0.18570E+03  0.15450E-06 -0.18181E-06  0.28215E-07
  0.18600E+03  0.13068E-06 -0.17824E-06  0.30942E-07
  0.18630E+03  0.10613E-06 -0.17393E-06  0.33847E-07
  0.18660E+03  0.81033E-07 -0.16888E-06  0.36908E-07
  0.18690E+03  0.55548E-07 -0.16309E-06  0.40101E-07
  0.18720E+03  0.29861E-07 -0.15658E-06  0.43397E-07
  0.18750E+03  0.41631E-08 -0.14936E-06  0.46767E-07
  0.18780E+03 -0.21369E-07 -0.14145E-06  0.50175E-07
  0.18810E+03 -0.46559E-07 -0.13290E-06  0.53588E-07
  0.18840E+03 -0.71234E-07 -0.12373E-06  0.56967E-07
  0.18870E+03 -0.95228E-07 -0.11397E-06  0.60275E-07
  0.18900E+03 -0.11838E-06 -0.10369E-06  0.63474E-07
  0.18930E+03 -0.14055E-06 -0.92926E-07  0.66524E-07
  0.18960E+03 -0.16160E-06 -0.81725E-07  0.69389E-07
  0.18990E+03 -0.18140E-06 -0.70156E-07  0.72031E-07
  0.19020E+03 -0.19984E-06 -0.58288E-07  0.74416E-07
  0.19050E+03 -0.21682E-06 -0.46158E-07  0.76509E-07
  0.19080E+03 -0.23225E-06 -0.33857E-07  0.78281E-07
  0.19110E+03 -0.24609E-06 -0.21439E-07  0.79702E-07
  0.19140E+03 -0.25825E-06 -0.89800E-08  0.80749E-07
  0.19170E+03 -0.26870E-06  0.34550E-08  0.81398E-07
  0.19200E+03 -0.27741E-06  0.15800E-07  0.81633E-07
  0.19230E+03 -0.28438E-06  0.27990E-07  0.81439E-07
  0.19260E+03 -0.28961E-06  0.39945E-07  0.80806E-07
  0.19290E+03 -0.29313E-06  0.51620E-07  0.79729E-07
  0.19320E+03 -0.29495E-06  0.62937E-07  0.78205E-07
  0.19350E+03 -0.29513E-06  0.73841E-07  0.76238E-07
  0.19380E+03 -0.29373E-06  0.84285E-07  0.73834E-07
  0.19410E+03 -0.29080E-06  0.94211E-07  0.71004E-07
  0.19440E+03 -0.28643E-06  0.10357E-06  0.67762E-07
  0.19470E+03 -0.28070E-06  0.11232E-06  0.64128E-07
  0.19500E+03 -0.27371E-06  0.12043E-06  0.60123E-07
  0.19530E+03 -0.26554E-06  0.12785E-06  0.55774E-07
  0.19560E+03 -0.25632E-06  0.13457E-06  0.51109E-07
  0.19590E+03 -0.24614E-06  0.14055E-06  0.46159E-07
  0.19620E+03 -0.23512E-06  0.14579E-06  0.40958E-07
  0.19650E+03 -0.22337E-06  0.15027E-06  0.35541E-07
  0.19680E+03 -0.21101E-06  0.15397E-06  0.29947E-07
  0.19710E+03 -0.19814E-06  0.15691E-06  0.24214E-07
  0.19740E+03 -0.18488E-06  0.15907E-06  0.18381E-07
  0.19770E+03 -0.17134E-06  0.16048E-06  0.12489E-07
  0.19800E+03 -0.15761E-06  0.16115E-06  0.65786E-08
  0.19830E+03 -0.14380E-06  0.16109E-06  0.68858E-09
  0.19860E+03 -0.13000E-06  0.16031E-06 -0.51413E-08
  0.19890E+03 -0.11630E-06  0.15886E-06 -0.10873E-07
  0.19920E+03 -0.10278E-06  0.15675E-06 -0.16469E-07
  0.19950E+03 -0.89519E-07  0.15402E-06 -0.21895E-07
  0.19980E+03 -0.76565E-07  0.15070E-06 -0.27118E-07
  0.20010E+03 -0.63995E-07  0.14683E-06 -0.32106E-07
  0.20040E+03 -0.51853E-07  0.14246E-06 -0.36832E-07
  0.20070E+03 -0.40181E-07  0.13761E-06 -0.41269E-07
  0.20100E+03 -0.29021E-07  0.13233E-06 -0.45395E-07
  0.20130E+03 -0.18386E-07  0.12666E-06 -0.49189E-07
  0.20160E+03 -0.82970E-08  0.12066E-06 -0.52637E-07
  0.20190E+03  0.12200E-08  0.11435E-06 -0.55722E-07
  0.20220E+03  0.10176E-07  0.10779E-06 -0.58437E-07
  0.20250E+03  0.18569E-07  0.10101E-06 -0.60773E-07
  0.20280E+03  0.26393E-07  0.94069E-07 -0.62727E-07
  0.20310E+03  0.33687E-07  0.86980E-07 -0.64297E-07
  0.20340E+03  0.40453E-07  0.79804E-07 -0.65487E-07
  0.20370E+03  0.46712E-07  0.72571E-07 -0.66302E-07
  0.20400E+03  0.52487E-07  0.65315E-07 -0.66750E-07
  0.20430E+03  0.57823E-07  0.58072E-07 -0.66840E-07
  0.20460E+03  0.62737E-07  0.50866E-07 -0.66587E-07
  0.20490E+03  0.67268E-07  0.43730E-07 -0.66005E-07
  0.20520E+03  0.71435E-07  0.36692E-07 -0.65112E-07
  0.20550E+03  0.75299E-07  0.29775E-07 -0.63926E-07
  0.20580E+03  0.78871E-07  0.22998E-07 -0.62468E-07
  0.20610E+03  0.82185E-07  0.16382E-07 -0.60759E-07
  0.20640E+03  0.85273E-07  0.99413E-08 -0.58822E-07
  0.20670E+03  0.88180E-07  0.36925E-08 -0.56679E-07
  0.20700E+03  0.90903E-07 -0.23520E-08 -0.54355E-07
  0.20730E+03  0.93496E-07 -0.81850E-08 -0.51873E-07
  0.20760E+03  0.95959E-07 -0.13805E-07 -0.49256E-07
  0.20790E+03  0.98313E-07 -0.19194E-07 -0.46529E-07
  0.20820E+03  0.10058E-06 -0.24354E-07 -0.43714E-07
  0.20850E+03  0.10276E-06 -0.29287E-07 -0.40833E-07
  0.20880E+03  0.10486E-06 -0.33977E-07 -0.37909E-07
  0.20910E+03  0.10689E-06 -0.38443E-07 -0.34960E-07
  0.20940E+03  0.10884E-06 -0.42673E-07 -0.32006E-07
  0.20970E+03  0.11071E-06 -0.46673E-07 -0.29065E-07
  0.21000E+03  0.11250E-06 -0.50447E-07 -0.26154E-07
  0.21030E+03  0.11418E-06 -0.53987E-07 -0.23287E-07
  0.21060E+03  0.11576E-06 -0.57317E-07 -0.20477E-07
  0.21090E+03  0.11719E-06 -0.60433E-07 -0.17736E-07
  0.21120E+03  0.11849E-06 -0.63327E-07 -0.15073E-07
  0.21150E+03  0.11961E-06 -0.66019E-07 -0.12499E-07
  0.21180E+03  0.12053E-06 -0.68499E-07 -0.10018E-07
  0.21210E+03  0.12124E-06 -0.70788E-07 -0.76365E-08
  0.21240E+03  0.12171E-06 -0.72873E-07 -0.53581E-08
  0.21270E+03  0.12191E-06 -0.74760E-07 -0.31849E-08
  0.21300E+03  0.12181E-06 -0.76450E-07 -0.11177E-08
  0.21330E+03  0.12141E-06 -0.77949E-07  0.84366E-09
  0.21360E+03  0.12067E-06 -0.79252E-07  0.27008E-08
  0.21390E+03  0.11958E-06 -0.80373E-07  0.44562E-08
  0.21420E+03  0.11811E-06 -0.81293E-07  0.61132E-08
  0.21450E+03  0.11624E-06 -0.82026E-07  0.76761E-08
  0.21480E+03  0.11398E-06 -0.82565E-07  0.91495E-08
  0.21510E+03  0.11128E-06 -0.82911E-07  0.10539E-07
  0.21540E+03  0.10817E-06 -0.83057E-07  0.11849E-07
  0.21570E+03  0.10463E-06 -0.83014E-07  0.13087E-07
  0.21600E+03  0.10066E-06 -0.82758E-07  0.14258E-07
  0.21630E+03  0.96254E-07 -0.82311E-07  0.15368E-07
  0.21660E+03  0.91419E-07 -0.81657E-07  0.16422E-07
  0.21690E+03  0.86181E-07 -0.80795E-07  0.17426E-07
  0.21720E+03  0.80542E-07 -0.79725E-07  0.18385E-07
  0.21750E+03  0.74522E-07 -0.78443E-07  0.19304E-07
  0.21780E+03  0.68131E-07 -0.76957E-07  0.20185E-07
  0.21810E+03  0.61411E-07 -0.75258E-07  0.21034E-07
  0.21840E+03  0.54374E-07 -0.73352E-07  0.21852E-07
  0.21870E+03  0.47063E-07 -0.71233E-07  0.22642E-07
  0.21900E+03  0.39512E-07 -0.68906E-07  0.23404E-07
  0.21930E+03  0.31747E-07 -0.66380E-07  0.24140E-07
  0.21960E+03  0.23805E-07 -0.63645E-07  0.24849E-07
  0.21990E+03  0.15741E-07 -0.60726E-07  0.25530E-07
  0.22020E+03  0.75930E-08 -0.57611E-07  0.26182E-07
  0.22050E+03 -0.60595E-09 -0.54305E-07  0.26802E-07
  0.22080E+03 -0.88100E-08 -0.50842E-07  0.27388E-07
  0.22110E+03 -0.16974E-07 -0.47202E-07  0.27935E-07
  0.22140E+03 -0.25045E-07 -0.43406E-07  0.28440E-07
  0.22170E+03 -0.32983E-07 -0.39476E-07  0.28899E-07
  0.22200E+03 -0.40745E-07 -0.35405E-07  0.29306E-07
  0.22230E+03 -0.48301E-07 -0.31229E-07  0.29657E-07
  0.22260E+03 -0.55593E-07 -0.26934E-07  0.29947E-07
  0.22290E+03 -0.62596E-07 -0.22569E-07  0.30169E-07
  0.22320E+03 -0.69267E-07 -0.18118E-07  0.30320E-07
  0.22350E+03 -0.75564E-07 -0.13623E-07  0.30393E-07
  0.22380E+03 -0.81466E-07 -0.90910E-08  0.30384E-07
  0.22410E+03 -0.86950E-07 -0.45390E-08  0.30288E-07
  0.22440E+03 -0.91970E-07  0.16996E-10  0.30100E-07
  0.22470E+03 -0.96523E-07  0.45500E-08  0.29817E-07
  0.22500E+03 -0.10058E-06  0.90430E-08  0.29435E-07
  0.22530E+03 -0.10413E-06  0.13485E-07  0.28952E-07
  0.22560E+03 -0.10715E-06  0.17852E-07  0.28365E-07
  0.22590E+03 -0.10965E-06  0.22122E-07  0.27673E-07
  0.22620E+03 -0.11161E-06  0.26277E-07  0.26875E-07
  0.22650E+03 -0.11305E-06  0.30311E-07  0.25971E-07
  0.22680E+03 -0.11394E-06  0.34195E-07  0.24962E-07
  0.22710E+03 -0.11431E-06  0.37916E-07  0.23850E-07
  0.22740E+03 -0.11415E-06  0.41458E-07  0.22637E-07
  0.22770E+03 -0.11351E-06  0.44803E-07  0.21327E-07
  0.22800E+03 -0.11236E-06  0.47955E-07  0.19923E-07
  0.22830E+03 -0.11074E-06  0.50880E-07  0.18432E-07
  0.22860E+03 -0.10867E-06  0.53566E-07  0.16858E-07
  0.22890E+03 -0.10616E-06  0.56022E-07  0.15207E-07
  0.22920E+03 -0.10326E-06  0.58231E-07  0.13489E-07
  0.22950E+03 -0.99968E-07  0.60187E-07  0.11709E-07
  0.22980E+03 -0.96334E-07  0.61872E-07  0.98760E-08
  0.23010E+03 -0.92378E-07  0.63302E-07  0.79994E-08
  0.23040E+03 -0.88119E-07  0.64463E-07  0.60881E-08
  0.23070E+03 -0.83611E-07  0.65348E-07  0.41518E-08
  0.23100E+03 -0.78874E-07  0.65965E-07  0.22001E-08
  0.23130E+03 -0.73939E-07  0.66315E-07  0.24327E-09
  0.23160E+03 -0.68838E-07  0.66395E-07 -0.17087E-08
  0.23190E+03 -0.63590E-07  0.66215E-07 -0.36456E-08
  0.23220E+03 -0.58251E-07  0.65789E-07 -0.55573E-08
  0.23250E+03 -0.52838E-07  0.65103E-07 -0.74340E-08
  0.23280E+03 -0.47373E-07  0.64177E-07 -0.92660E-08
  0.23310E+03 -0.41889E-07  0.63016E-07 -0.11044E-07
  0.23340E+03 -0.36417E-07  0.61639E-07 -0.12759E-07
  0.23370E+03 -0.30968E-07  0.60046E-07 -0.14402E-07
  0.23400E+03 -0.25589E-07  0.58247E-07 -0.15965E-07
  0.23430E+03 -0.20284E-07  0.56263E-07 -0.17442E-07
  0.23460E+03 -0.15067E-07  0.54103E-07 -0.18824E-07
  0.23490E+03 -0.99760E-08  0.51784E-07 -0.20107E-07
  0.23520E+03 -0.50170E-08  0.49306E-07 -0.21284E-07
  0.23550E+03 -0.21000E-09  0.46703E-07 -0.22350E-07
  0.23580E+03  0.44468E-08  0.43975E-07 -0.23303E-07
  0.23610E+03  0.89283E-08  0.41141E-07 -0.24138E-07
  0.23640E+03  0.13228E-07  0.38219E-07 -0.24854E-07
  0.23670E+03  0.17340E-07  0.35219E-07 -0.25449E-07
  0.23700E+03  0.21262E-07  0.32151E-07 -0.25921E-07
  0.23730E+03  0.24981E-07  0.29046E-07 -0.26272E-07
  0.23760E+03  0.28495E-07  0.25897E-07 -0.26502E-07
  0.23790E+03  0.31810E-07  0.22728E-07 -0.26612E-07
  0.23820E+03  0.34913E-07  0.19551E-07 -0.26604E-07
  0.23850E+03  0.37818E-07  0.16375E-07 -0.26482E-07
  0.23880E+03  0.40522E-07  0.13224E-07 -0.26249E-07
  0.23910E+03  0.43027E-07  0.10091E-07 -0.25909E-07
  0.23940E+03  0.45332E-07  0.70090E-08 -0.25467E-07
  0.23970E+03  0.47439E-07  0.39630E-08 -0.24927E-07
  0.24000E+03  0.49362E-07  0.98302E-09 -0.24296E-07
  0.24030E+03  0.51097E-07 -0.19310E-08 -0.23578E-07
  0.24060E+03  0.52661E-07 -0.47710E-08 -0.22781E-07
  0.24090E+03  0.54034E-07 -0.75250E-08 -0.21910E-07
  0.24120E+03  0.55248E-07 -0.10185E-07 -0.20973E-07
  0.24150E+03  0.56288E-07 -0.12753E-07 -0.19975E-07
  0.24180E+03  0.57172E-07 -0.15214E-07 -0.18925E-07
  0.24210E+03  0.57898E-07 -0.17575E-07 -0.17828E-07
  0.24240E+03  0.58462E-07 -0.19822E-07 -0.16691E-07
  0.24270E+03  0.58891E-07 -0.21951E-07 -0.15521E-07
  0.24300E+03  0.59163E-07 -0.23968E-07 -0.14326E-07
  0.24330E+03  0.59302E-07 -0.25856E-07 -0.13110E-07
  0.24360E+03  0.59302E-07 -0.27622E-07 -0.11881E-07
  0.24390E+03  0.59158E-07 -0.29269E-07 -0.10644E-07
  0.24420E+03  0.58885E-07 -0.30784E-07 -0.94054E-08
  0.24450E+03  0.58476E-07 -0.32178E-07 -0.81701E-08
  0.24480E+03  0.57949E-07 -0.33448E-07 -0.69434E-08
  0.24510E+03  0.57283E-07 -0.34582E-07 -0.57299E-08
  0.24540E+03  0.56484E-07 -0.35595E-07 -0.45341E-08
  0.24570E+03  0.55566E-07 -0.36486E-07 -0.33600E-08
  0.24600E+03  0.54529E-07 -0.37241E-07 -0.22111E-08
  0.24630E+03  0.53355E-07 -0.37880E-07 -0.10908E-08
  0.24660E+03  0.52069E-07 -0.38394E-07 -0.19416E-11
  0.24690E+03  0.50654E-07 -0.38782E-07  0.10529E-08
  0.24720E+03  0.49120E-07 -0.39061E-07  0.20715E-08
  0.24750E+03  0.47462E-07 -0.39213E-07  0.30521E-08
  0.24780E+03  0.45689E-07 -0.39251E-07  0.39931E-08
  0.24810E+03  0.43800E-07 -0.39185E-07  0.48933E-08
  0.24840E+03  0.41798E-07 -0.39002E-07  0.57517E-08
  0.24870E+03  0.39685E-07 -0.38704E-07  0.65677E-08
  0.24900E+03  0.37464E-07 -0.38304E-07  0.73408E-08
  0.24930E+03  0.35143E-07 -0.37800E-07  0.80707E-08
  0.24960E+03  0.32722E-07 -0.37195E-07  0.87575E-08
  0.24990E+03  0.30206E-07 -0.36490E-07  0.94011E-08
  0.25020E+03  0.27602E-07 -0.35689E-07  0.10002E-07
  0.25050E+03  0.24917E-07 -0.34795E-07  0.10560E-07
  0.25080E+03  0.22159E-07 -0.33818E-07  0.11077E-07
  0.25110E+03  0.19336E-07 -0.32753E-07  0.11552E-07
  0.25140E+03  0.16445E-07 -0.31596E-07  0.11986E-07
  0.25170E+03  0.13513E-07 -0.30371E-07  0.12380E-07
  0.25200E+03  0.10531E-07 -0.29067E-07  0.12734E-07
  0.25230E+03  0.75290E-08 -0.27688E-07  0.13049E-07
  0.25260E+03  0.45020E-08 -0.26241E-07  0.13326E-07
  0.25290E+03  0.14640E-08 -0.24726E-07  0.13564E-07
  0.25320E+03 -0.15740E-08 -0.23159E-07  0.13766E-07
  0.25350E+03 -0.46070E-08 -0.21539E-07  0.13931E-07
  0.25380E+03 -0.76100E-08 -0.19860E-07  0.14059E-07
  0.25410E+03 -0.10578E-07 -0.18142E-07  0.14152E-07
  0.25440E+03 -0.13499E-07 -0.16388E-07  0.14209E-07
  0.25470E+03 -0.16360E-07 -0.14591E-07  0.14231E-07
  0.25500E+03 -0.19154E-07 -0.12764E-07  0.14218E-07
  0.25530E+03 -0.21866E-07 -0.10919E-07  0.14170E-07
  0.25560E+03 -0.24479E-07 -0.90450E-08  0.14088E-07
  0.25590E+03 -0.26996E-07 -0.71660E-08  0.13971E-07
  0.25620E+03 -0.29396E-07 -0.52790E-08  0.13820E-07
  0.25650E+03 -0.31668E-07 -0.33930E-08  0.13636E-07
  0.25680E+03 -0.33817E-07 -0.15090E-08  0.13418E-07
  0.25710E+03 -0.35814E-07  0.36800E-09  0.13166E-07
  0.25740E+03 -0.37663E-07  0.22220E-08  0.12881E-07
  0.25770E+03 -0.39352E-07  0.40540E-08  0.12563E-07
  0.25800E+03 -0.40888E-07  0.58640E-08  0.12213E-07
  0.25830E+03 -0.42236E-07  0.76320E-08  0.11831E-07
  0.25860E+03 -0.43423E-07  0.93650E-08  0.11417E-07
  0.25890E+03 -0.44429E-07  0.11047E-07  0.10973E-07
  0.25920E+03 -0.45251E-07  0.12671E-07  0.10499E-07
  0.25950E+03 -0.45885E-07  0.14246E-07  0.99953E-08
  0.25980E+03 -0.46332E-07  0.15756E-07  0.94640E-08
  0.26010E+03 -0.46605E-07  0.17198E-07  0.89057E-08
  0.26040E+03 -0.46682E-07  0.18567E-07  0.83220E-08
  0.26070E+03 -0.46585E-07  0.19858E-07  0.77141E-08
  0.26100E+03 -0.46305E-07  0.21069E-07  0.70838E-08
  0.26130E+03 -0.45848E-07  0.22193E-07  0.64327E-08
  0.26160E+03 -0.45219E-07  0.23228E-07  0.57627E-08
  0.26190E+03 -0.44424E-07  0.24172E-07  0.50759E-08
  0.26220E+03 -0.43467E-07  0.25019E-07  0.43744E-08
  0.26250E+03 -0.42360E-07  0.25770E-07  0.36604E-08
  0.26280E+03 -0.41101E-07  0.26418E-07  0.29364E-08
  0.26310E+03 -0.39702E-07  0.26968E-07  0.22049E-08
  0.26340E+03 -0.38175E-07  0.27419E-07  0.14684E-08
  0.26370E+03 -0.36526E-07  0.27763E-07  0.72960E-09
  0.26400E+03 -0.34767E-07  0.28009E-07 -0.87341E-11
  0.26430E+03 -0.32914E-07  0.28139E-07 -0.74384E-09
  0.26460E+03 -0.30955E-07  0.28181E-07 -0.14729E-08
  0.26490E+03 -0.28922E-07  0.28115E-07 -0.21931E-08
  0.26520E+03 -0.26820E-07  0.27943E-07 -0.29017E-08
  0.26550E+03 -0.24651E-07  0.27682E-07 -0.35957E-08
  0.26580E+03 -0.22434E-07  0.27329E-07 -0.42725E-08
  0.26610E+03 -0.20183E-07  0.26871E-07 -0.49293E-08
  0.26640E+03 -0.17890E-07  0.26332E-07 -0.55635E-08
  0.26670E+03 -0.15592E-07  0.25702E-07 -0.61726E-08
  0.26700E+03 -0.13279E-07  0.24982E-07 -0.67541E-08
  0.26730E+03 -0.10960E-07  0.24196E-07 -0.73057E-08
  0.26760E+03 -0.86620E-08  0.23327E-07 -0.78253E-08
  0.26790E+03 -0.63700E-08  0.22392E-07 -0.83108E-08
  0.26820E+03 -0.41130E-08  0.21384E-07 -0.87605E-08
  0.26850E+03 -0.18970E-08  0.20316E-07 -0.91726E-08
  0.26880E+03  0.28899E-09  0.19197E-07 -0.95457E-08
  0.26910E+03  0.24150E-08  0.18030E-07 -0.98784E-08
  0.26940E+03  0.44860E-08  0.16815E-07 -0.10170E-07
  0.26970E+03  0.64990E-08  0.15555E-07 -0.10419E-07
  0.27000E+03  0.84340E-08  0.14270E-07 -0.10625E-07
  0.27030E+03  0.10294E-07  0.12947E-07 -0.10788E-07
  0.27060E+03  0.12081E-07  0.11604E-07 -0.10908E-07
  0.27090E+03  0.13793E-07  0.10242E-07 -0.10984E-07
  0.27120E+03  0.15409E-07  0.88730E-08 -0.11017E-07
  0.27150E+03  0.16933E-07  0.74920E-08 -0.11007E-07
  0.27180E+03  0.18366E-07  0.61140E-08 -0.10955E-07
  0.27210E+03  0.19709E-07  0.47340E-08 -0.10862E-07
  0.27240E+03  0.20953E-07  0.33710E-08 -0.10728E-07
  0.27270E+03  0.22101E-07  0.20140E-08 -0.10555E-07
  0.27300E+03  0.23150E-07  0.67301E-09 -0.10345E-07
  0.27330E+03  0.24106E-07 -0.64601E-09 -0.10099E-07
  0.27360E+03  0.24951E-07 -0.19310E-08 -0.98180E-08
  0.27390E+03  0.25712E-07 -0.31900E-08 -0.95047E-08
  0.27420E+03  0.26369E-07 -0.44120E-08 -0.91607E-08
  0.27450E+03  0.26923E-07 -0.55990E-08 -0.87882E-08
  0.27480E+03  0.27387E-07 -0.67440E-08 -0.83893E-08
  0.27510E+03  0.27760E-07 -0.78410E-08 -0.79662E-08
  0.27540E+03  0.28029E-07 -0.88890E-08 -0.75211E-08
  0.27570E+03  0.28214E-07 -0.98910E-08 -0.70564E-08
  0.27600E+03  0.28320E-07 -0.10844E-07 -0.65745E-08
  0.27630E+03  0.28323E-07 -0.11743E-07 -0.60776E-08
  0.27660E+03  0.28250E-07 -0.12578E-07 -0.55683E-08
  0.27690E+03  0.28095E-07 -0.13359E-07 -0.50487E-08
  0.27720E+03  0.27852E-07 -0.14082E-07 -0.45214E-08
  0.27750E+03  0.27538E-07 -0.14744E-07 -0.39885E-08
  0.27780E+03  0.27147E-07 -0.15345E-07 -0.34523E-08
  0.27810E+03  0.26680E-07 -0.15885E-07 -0.29150E-08
  0.27840E+03  0.26145E-07 -0.16364E-07 -0.23787E-08
  0.27870E+03  0.25548E-07 -0.16774E-07 -0.18455E-08
  0.27900E+03  0.24882E-07 -0.17131E-07 -0.13172E-08
  0.27930E+03  0.24147E-07 -0.17425E-07 -0.79590E-09
  0.27960E+03  0.23362E-07 -0.17653E-07 -0.28321E-09
  0.27990E+03  0.22522E-07 -0.17820E-07  0.21918E-09
  0.28020E+03  0.21623E-07 -0.17936E-07  0.70969E-09
  0.28050E+03  0.20681E-07 -0.17979E-07  0.11869E-08
  0.28080E+03  0.19688E-07 -0.17973E-07  0.16494E-08
  0.28110E+03  0.18652E-07 -0.17902E-07  0.20961E-08
  0.28140E+03  0.17573E-07 -0.17781E-07  0.25257E-08
  0.28170E+03  0.16461E-07 -0.17609E-07  0.29374E-08
  0.28200E+03  0.15312E-07 -0.17381E-07  0.33301E-08
  0.28230E+03  0.14131E-07 -0.17099E-07  0.37032E-08
  0.28260E+03  0.12920E-07 -0.16764E-07  0.40558E-08
  0.28290E+03  0.11687E-07 -0.16395E-07  0.43876E-08
  0.28320E+03  0.10431E-07 -0.15969E-07  0.46979E-08
  0.28350E+03  0.91580E-08 -0.15504E-07  0.49864E-08
  0.28380E+03  0.78700E-08 -0.14995E-07  0.52527E-08
  0.28410E+03  0.65790E-08 -0.14455E-07  0.54967E-08
  0.28440E+03  0.52690E-08 -0.13864E-07  0.57183E-08
  0.28470E+03  0.39700E-08 -0.13250E-07  0.59173E-08
  0.28500E+03  0.26620E-08 -0.12594E-07  0.60938E-08
  0.28530E+03  0.13570E-08 -0.11914E-07  0.62479E-08
  0.28560E+03  0.58975E-10 -0.11214E-07  0.63797E-08
  0.28590E+03 -0.12240E-08 -0.10480E-07  0.64893E-08
  0.28620E+03 -0.24900E-08 -0.97260E-08  0.65770E-08
  0.28650E+03 -0.37430E-08 -0.89480E-08  0.66432E-08
  0.28680E+03 -0.49630E-08 -0.81510E-08  0.66881E-08
  0.28710E+03 -0.61670E-08 -0.73510E-08  0.67121E-08
  0.28740E+03 -0.73350E-08 -0.65275E-08  0.67156E-08
  0.28770E+03 -0.84700E-08 -0.56981E-08  0.66991E-08
  0.28800E+03 -0.95710E-08 -0.48615E-08  0.66629E-08
  0.28830E+03 -0.10624E-07 -0.40210E-08  0.66077E-08
  0.28860E+03 -0.11630E-07 -0.31750E-08  0.65338E-08
  0.28890E+03 -0.12603E-07 -0.23360E-08  0.64419E-08
  0.28920E+03 -0.13510E-07 -0.14970E-08  0.63326E-08
  0.28950E+03 -0.14371E-07 -0.65901E-09  0.62063E-08
  0.28980E+03 -0.15175E-07  0.16499E-09  0.60637E-08
  0.29010E+03 -0.15921E-07  0.97202E-09  0.59054E-08
  0.29040E+03 -0.16604E-07  0.17790E-08  0.57320E-08
  0.29070E+03 -0.17229E-07  0.25610E-08  0.55442E-08
  0.29100E+03 -0.17777E-07  0.33290E-08  0.53427E-08
  0.29130E+03 -0.18272E-07  0.40760E-08  0.51282E-08
  0.29160E+03 -0.18692E-07  0.48060E-08  0.49013E-08
  0.29190E+03 -0.19048E-07  0.55060E-08  0.46628E-08
  0.29220E+03 -0.19326E-07  0.61860E-08  0.44134E-08
  0.29250E+03 -0.19539E-07  0.68260E-08  0.41539E-08
  0.29280E+03 -0.19680E-07  0.74410E-08  0.38851E-08
  0.29310E+03 -0.19750E-07  0.80270E-08  0.36078E-08
  0.29340E+03 -0.19753E-07  0.85840E-08  0.33228E-08
  0.29370E+03 -0.19686E-07  0.91000E-08  0.30309E-08
  0.29400E+03 -0.19543E-07  0.95840E-08  0.27330E-08
  0.29430E+03 -0.19338E-07  0.10021E-07  0.24299E-08
  0.29460E+03 -0.19075E-07  0.10430E-07  0.21227E-08
  0.29490E+03 -0.18737E-07  0.10793E-07  0.18120E-08
  0.29520E+03 -0.18344E-07  0.11117E-07  0.14990E-08
  0.29550E+03 -0.17883E-07  0.11404E-07  0.11845E-08
  0.29580E+03 -0.17370E-07  0.11651E-07  0.86936E-09
  0.29610E+03 -0.16798E-07  0.11848E-07  0.55466E-09
  0.29640E+03 -0.16173E-07  0.12005E-07  0.24130E-09
  0.29670E+03 -0.15505E-07  0.12119E-07 -0.69765E-10
  0.29700E+03 -0.14782E-07  0.12199E-07 -0.37758E-09
  0.29730E+03 -0.14019E-07  0.12222E-07 -0.68120E-09
  0.29760E+03 -0.13223E-07  0.12216E-07 -0.97967E-09
  0.29790E+03 -0.12388E-07  0.12164E-07 -0.12721E-08
  0.29820E+03 -0.11519E-07  0.12071E-07 -0.15575E-08
  0.29850E+03 -0.10620E-07  0.11942E-07 -0.18350E-08
  0.29880E+03 -0.97080E-08  0.11767E-07 -0.21038E-08
  0.29910E+03 -0.87660E-08  0.11556E-07 -0.23630E-08
  0.29940E+03 -0.78020E-08  0.11315E-07 -0.26117E-08
  0.29970E+03 -0.68370E-08  0.11037E-07 -0.28492E-08
  0.30000E+03 -0.58530E-08  0.10717E-07 -0.30748E-08
  0.30030E+03 -0.48720E-08  0.10368E-07 -0.32877E-08
  0.30060E+03 -0.38850E-08  0.99980E-08 -0.34873E-08
  0.30090E+03 -0.29070E-08  0.95850E-08 -0.36729E-08
  0.30120E+03 -0.19280E-08  0.91570E-08 -0.38440E-08
  0.30150E+03 -0.96901E-09  0.86930E-08 -0.40002E-08
  0.30180E+03 -0.80149E-11  0.82100E-08 -0.41409E-08
  0.30210E+03  0.92899E-09  0.77080E-08 -0.42657E-08
  0.30240E+03  0.18400E-08  0.71840E-08 -0.43744E-08
  0.30270E+03  0.27320E-08  0.66430E-08 -0.44667E-08
  0.30300E+03  0.36010E-08  0.60870E-08 -0.45423E-08
  0.30330E+03  0.44420E-08  0.55190E-08 -0.46012E-08
  0.30360E+03  0.52530E-08  0.49390E-08 -0.46432E-08
  0.30390E+03  0.60350E-08  0.43520E-08 -0.46685E-08
  0.30420E+03  0.67770E-08  0.37650E-08 -0.46770E-08
  0.30450E+03  0.74850E-08  0.31710E-08 -0.46689E-08
  0.30480E+03  0.81450E-08  0.25710E-08 -0.46444E-08
  0.30510E+03  0.87790E-08  0.19720E-08 -0.46038E-08
  0.30540E+03  0.93600E-08  0.13787E-08 -0.45474E-08
  0.30570E+03  0.98970E-08  0.78910E-09 -0.44756E-08
  0.30600E+03  0.10405E-07  0.20610E-09 -0.43888E-08
  0.30630E+03  0.10859E-07 -0.36880E-09 -0.42876E-08
  0.30660E+03  0.11262E-07 -0.93199E-09 -0.41725E-08
  0.30690E+03  0.11627E-07 -0.14840E-08 -0.40442E-08
