  0.00000E+00 -0.51904E-13 -0.11771E-12  0.00000E+00
  0.30000E+00 -0.48226E-12 -0.12456E-11  0.00000E+00
  0.60000E+00 -0.21365E-11 -0.65581E-11  0.67030E-13
  0.90000E+00 -0.60046E-11 -0.23242E-10  0.52378E-12
  0.12000E+01 -0.11932E-10 -0.63185E-10  0.21012E-11
  0.15000E+01 -0.17312E-10 -0.14187E-09  0.59212E-11
  0.18000E+01 -0.16878E-10 -0.27568E-09  0.13399E-10
  0.21000E+01 -0.34426E-11 -0.47892E-09  0.26145E-10
  0.24000E+01  0.31724E-10 -0.76214E-09  0.45865E-10
  0.27000E+01  0.99698E-10 -0.11327E-08  0.74268E-10
  0.30000E+01  0.21538E-09 -0.15970E-08  0.11297E-09
  0.33000E+01  0.39835E-09 -0.21633E-08  0.16342E-09
  0.36000E+01  0.67202E-09 -0.28435E-08  0.22680E-09
  0.39000E+01  0.10611E-08 -0.36551E-08  0.30401E-09
  0.42000E+01  0.15887E-08 -0.46214E-08  0.39554E-09
  0.45000E+01  0.22739E-08 -0.57708E-08  0.50150E-09
  0.48000E+01  0.31310E-08 -0.71354E-08  0.62152E-09
  0.51000E+01  0.41704E-08 -0.87488E-08  0.75480E-09
  0.54000E+01  0.53993E-08 -0.10644E-07  0.90004E-09
  0.57000E+01  0.68238E-08 -0.12852E-07  0.10555E-08
  0.60000E+01  0.84506E-08 -0.15401E-07  0.12189E-08
  0.63000E+01  0.10287E-07 -0.18317E-07  0.13876E-08
  0.66000E+01  0.12338E-07 -0.21619E-07  0.15586E-08
  0.69000E+01  0.14606E-07 -0.25325E-07  0.17285E-08
  0.72000E+01  0.17085E-07 -0.29443E-07  0.18937E-08
  0.75000E+01  0.19764E-07 -0.33980E-07  0.20502E-08
  0.78000E+01  0.22619E-07 -0.38931E-07  0.21940E-08
  0.81000E+01  0.25622E-07 -0.44287E-07  0.23210E-08
  0.84000E+01  0.28738E-07 -0.50025E-07  0.24271E-08
  0.87000E+01  0.31929E-07 -0.56115E-07  0.25082E-08
  0.90000E+01  0.35160E-07 -0.62511E-07  0.25605E-08
  0.93000E+01  0.38397E-07 -0.69159E-07  0.25803E-08
  0.96000E+01  0.41608E-07 -0.75990E-07  0.25642E-08
  0.99000E+01  0.44758E-07 -0.82926E-07  0.25092E-08
  0.10200E+02  0.47810E-07 -0.89878E-07  0.24130E-08
  0.10500E+02  0.50723E-07 -0.96747E-07  0.22735E-08
  0.10800E+02  0.53449E-07 -0.10343E-06  0.20893E-08
  0.11100E+02  0.55934E-07 -0.10982E-06  0.18595E-08
  0.11400E+02  0.58114E-07 -0.11582E-06  0.15840E-08
  0.11700E+02  0.59927E-07 -0.12130E-06  0.12634E-08
  0.12000E+02  0.61310E-07 -0.12616E-06  0.89872E-09
  0.12300E+02  0.62203E-07 -0.13029E-06  0.49198E-09
  0.12600E+02  0.62558E-07 -0.13358E-06  0.45748E-10
  0.12900E+02  0.62329E-07 -0.13593E-06 -0.43670E-09
  0.13200E+02  0.61476E-07 -0.13724E-06 -0.95143E-09
  0.13500E+02  0.59963E-07 -0.13741E-06 -0.14939E-08
  0.13800E+02  0.57751E-07 -0.13635E-06 -0.20590E-08
  0.14100E+02  0.54808E-07 -0.13398E-06 -0.26411E-08
  0.14400E+02  0.51106E-07 -0.13023E-06 -0.32341E-08
  0.14700E+02  0.46623E-07 -0.12504E-06 -0.38315E-08
  0.15000E+02  0.41355E-07 -0.11836E-06 -0.44264E-08
  0.15300E+02  0.35310E-07 -0.11016E-06 -0.50120E-08
  0.15600E+02  0.28510E-07 -0.10042E-06 -0.55811E-08
  0.15900E+02  0.20992E-07 -0.89137E-07 -0.61263E-08
  0.16200E+02  0.12801E-07 -0.76324E-07 -0.66406E-08
  0.16500E+02  0.39871E-08 -0.62010E-07 -0.71168E-08
  0.16800E+02 -0.53948E-08 -0.46240E-07 -0.75482E-08
  0.17100E+02 -0.15288E-07 -0.29076E-07 -0.79283E-08
  0.17400E+02 -0.25635E-07 -0.10597E-07 -0.82509E-08
  0.17700E+02 -0.36373E-07  0.91058E-08 -0.85103E-08
  0.18000E+02 -0.47438E-07  0.29924E-07 -0.87016E-08
  0.18300E+02 -0.58757E-07  0.51736E-07 -0.88202E-08
  0.18600E+02 -0.70248E-07  0.74406E-07 -0.88624E-08
  0.18900E+02 -0.81820E-07  0.97784E-07 -0.88252E-08
  0.19200E+02 -0.93373E-07  0.12171E-06 -0.87063E-08
  0.19500E+02 -0.10481E-06  0.14599E-06 -0.85044E-08
  0.19800E+02 -0.11602E-06  0.17047E-06 -0.82190E-08
  0.20100E+02 -0.12691E-06  0.19493E-06 -0.78504E-08
  0.20400E+02 -0.13740E-06  0.21920E-06 -0.73998E-08
  0.20700E+02 -0.14739E-06  0.24307E-06 -0.68695E-08
  0.21000E+02 -0.15680E-06  0.26634E-06 -0.62623E-08
  0.21300E+02 -0.16552E-06  0.28880E-06 -0.55822E-08
  0.21600E+02 -0.17347E-06  0.31024E-06 -0.48338E-08
  0.21900E+02 -0.18053E-06  0.33048E-06 -0.40225E-08
  0.22200E+02 -0.18663E-06  0.34931E-06 -0.31546E-08
  0.22500E+02 -0.19165E-06  0.36655E-06 -0.22369E-08
  0.22800E+02 -0.19554E-06  0.38202E-06 -0.12767E-08
  0.23100E+02 -0.19822E-06  0.39556E-06 -0.28203E-09
  0.23400E+02 -0.19965E-06  0.40703E-06  0.73876E-09
  0.23700E+02 -0.19980E-06  0.41629E-06  0.17769E-08
  0.24000E+02 -0.19864E-06  0.42322E-06  0.28235E-08
  0.24300E+02 -0.19616E-06  0.42772E-06  0.38693E-08
  0.24600E+02 -0.19236E-06  0.42969E-06  0.49051E-08
  0.24900E+02 -0.18722E-06  0.42907E-06  0.59216E-08
  0.25200E+02 -0.18076E-06  0.42579E-06  0.69098E-08
  0.25500E+02 -0.17299E-06  0.41984E-06  0.78608E-08
  0.25800E+02 -0.16394E-06  0.41118E-06  0.87659E-08
  0.26100E+02 -0.15365E-06  0.39981E-06  0.96169E-08
  0.26400E+02 -0.14218E-06  0.38576E-06  0.10406E-07
  0.26700E+02 -0.12960E-06  0.36906E-06  0.11126E-07
  0.27000E+02 -0.11598E-06  0.34976E-06  0.11770E-07
  0.27300E+02 -0.10141E-06  0.32794E-06  0.12333E-07
  0.27600E+02 -0.85973E-07  0.30368E-06  0.12809E-07
  0.27900E+02 -0.69774E-07  0.27711E-06  0.13194E-07
  0.28200E+02 -0.52908E-07  0.24835E-06  0.13484E-07
  0.28500E+02 -0.35476E-07  0.21755E-06  0.13676E-07
  0.28800E+02 -0.17584E-07  0.18490E-06  0.13769E-07
  0.29100E+02  0.65757E-09  0.15058E-06  0.13762E-07
  0.29400E+02  0.19130E-07  0.11480E-06  0.13654E-07
  0.29700E+02  0.37710E-07  0.77784E-07  0.13447E-07
  0.30000E+02  0.56273E-07  0.39752E-07  0.13142E-07
  0.30300E+02  0.74691E-07  0.94568E-09  0.12742E-07
  0.30600E+02  0.92835E-07 -0.38387E-07  0.12250E-07
  0.30900E+02  0.11058E-06 -0.77993E-07  0.11671E-07
  0.31200E+02  0.12781E-06 -0.11761E-06  0.11008E-07
  0.31500E+02  0.14440E-06 -0.15697E-06  0.10269E-07
  0.31800E+02  0.16025E-06 -0.19582E-06  0.94586E-08
  0.32100E+02  0.17525E-06 -0.23388E-06  0.85841E-08
  0.32400E+02  0.18930E-06 -0.27091E-06  0.76527E-08
  0.32700E+02  0.20233E-06 -0.30666E-06  0.66722E-08
  0.33000E+02  0.21424E-06 -0.34089E-06  0.56504E-08
  0.33300E+02  0.22496E-06 -0.37337E-06  0.45958E-08
  0.33600E+02  0.23443E-06 -0.40390E-06  0.35167E-08
  0.33900E+02  0.24259E-06 -0.43228E-06  0.24218E-08
  0.34200E+02  0.24941E-06 -0.45832E-06  0.13195E-08
  0.34500E+02  0.25486E-06 -0.48187E-06  0.21837E-09
  0.34800E+02  0.25891E-06 -0.50277E-06 -0.87320E-09
  0.35100E+02  0.26157E-06 -0.52090E-06 -0.19471E-08
  0.35400E+02  0.26284E-06 -0.53615E-06 -0.29954E-08
  0.35700E+02  0.26274E-06 -0.54845E-06 -0.40107E-08
  0.36000E+02  0.26128E-06 -0.55772E-06 -0.49858E-08
  0.36300E+02  0.25849E-06 -0.56393E-06 -0.59142E-08
  0.36600E+02  0.25439E-06 -0.56705E-06 -0.67896E-08
  0.36900E+02  0.24901E-06 -0.56710E-06 -0.76067E-08
  0.37200E+02  0.24239E-06 -0.56408E-06 -0.83603E-08
  0.37500E+02  0.23460E-06 -0.55807E-06 -0.90463E-08
  0.37800E+02  0.22569E-06 -0.54912E-06 -0.96609E-08
  0.38100E+02  0.21574E-06 -0.53732E-06 -0.10202E-07
  0.38400E+02  0.20484E-06 -0.52278E-06 -0.10670E-07
  0.38700E+02  0.19307E-06 -0.50564E-06 -0.11077E-07
  0.39000E+02  0.18052E-06 -0.48601E-06 -0.11446E-07
  0.39300E+02  0.16727E-06 -0.46405E-06 -0.11807E-07
  0.39600E+02  0.15341E-06 -0.43990E-06 -0.12194E-07
  0.39900E+02  0.13905E-06 -0.41373E-06 -0.12639E-07
  0.40200E+02  0.12426E-06 -0.38572E-06 -0.13165E-07
  0.40500E+02  0.10912E-06 -0.35606E-06 -0.13791E-07
  0.40800E+02  0.93740E-07 -0.32499E-06 -0.14529E-07
  0.41100E+02  0.78183E-07 -0.29275E-06 -0.15377E-07
  0.41400E+02  0.62537E-07 -0.25958E-06 -0.16326E-07
  0.41700E+02  0.46876E-07 -0.22576E-06 -0.17352E-07
  0.42000E+02  0.31270E-07 -0.19158E-06 -0.18421E-07
  0.42300E+02  0.15785E-07 -0.15729E-06 -0.19498E-07
  0.42600E+02  0.47883E-09 -0.12318E-06 -0.20537E-07
  0.42900E+02 -0.14591E-07 -0.89472E-07 -0.21491E-07
  0.43200E+02 -0.29370E-07 -0.56396E-07 -0.22308E-07
  0.43500E+02 -0.43807E-07 -0.24144E-07 -0.22934E-07
  0.43800E+02 -0.57846E-07  0.71221E-08 -0.23320E-07
  0.44100E+02 -0.71429E-07  0.37279E-07 -0.23422E-07
  0.44400E+02 -0.84494E-07  0.66244E-07 -0.23223E-07
  0.44700E+02 -0.96973E-07  0.93997E-07 -0.22746E-07
  0.45000E+02 -0.10880E-06  0.12057E-06 -0.22025E-07
  0.45300E+02 -0.11990E-06  0.14601E-06 -0.21049E-07
  0.45600E+02 -0.13022E-06  0.17034E-06 -0.19780E-07
  0.45900E+02 -0.13971E-06  0.19361E-06 -0.18192E-07
  0.46200E+02 -0.14832E-06  0.21584E-06 -0.16270E-07
  0.46500E+02 -0.15600E-06  0.23707E-06 -0.13989E-07
  0.46800E+02 -0.16273E-06  0.25733E-06 -0.11323E-07
  0.47100E+02 -0.16848E-06  0.27664E-06 -0.82493E-08
  0.47400E+02 -0.17324E-06  0.29500E-06 -0.47414E-08
  0.47700E+02 -0.17700E-06  0.31238E-06 -0.77689E-09
  0.48000E+02 -0.17977E-06  0.32874E-06  0.36464E-08
  0.48300E+02 -0.18155E-06  0.34405E-06  0.85103E-08
  0.48600E+02 -0.18238E-06  0.35827E-06  0.13796E-07
  0.48900E+02 -0.18226E-06  0.37141E-06  0.19484E-07
  0.49200E+02 -0.18123E-06  0.38343E-06  0.25540E-07
  0.49500E+02 -0.17934E-06  0.39433E-06  0.31911E-07
  0.49800E+02 -0.17663E-06  0.40410E-06  0.38548E-07
  0.50100E+02 -0.17316E-06  0.41271E-06  0.45413E-07
  0.50400E+02 -0.16899E-06  0.42013E-06  0.52464E-07
  0.50700E+02 -0.16419E-06  0.42630E-06  0.59642E-07
  0.51000E+02 -0.15881E-06  0.43115E-06  0.66875E-07
  0.51300E+02 -0.15293E-06  0.43461E-06  0.74092E-07
  0.51600E+02 -0.14662E-06  0.43657E-06  0.81222E-07
  0.51900E+02 -0.13996E-06  0.43693E-06  0.88177E-07
  0.52200E+02 -0.13306E-06  0.43552E-06  0.94838E-07
  0.52500E+02 -0.12600E-06  0.43220E-06  0.10107E-06
  0.52800E+02 -0.11890E-06  0.42684E-06  0.10671E-06
  0.53100E+02 -0.11184E-06  0.41932E-06  0.11162E-06
  0.53400E+02 -0.10492E-06  0.40954E-06  0.11560E-06
  0.53700E+02 -0.98219E-07  0.39738E-06  0.11850E-06
  0.54000E+02 -0.91804E-07  0.38278E-06  0.12013E-06
  0.54300E+02 -0.85747E-07  0.36565E-06  0.12035E-06
  0.54600E+02 -0.80109E-07  0.34597E-06  0.11902E-06
  0.54900E+02 -0.74944E-07  0.32376E-06  0.11602E-06
  0.55200E+02 -0.70292E-07  0.29907E-06  0.11126E-06
  0.55500E+02 -0.66179E-07  0.27201E-06  0.10464E-06
  0.55800E+02 -0.62612E-07  0.24273E-06  0.96119E-07
  0.56100E+02 -0.59575E-07  0.21144E-06  0.85656E-07
  0.56400E+02 -0.57029E-07  0.17837E-06  0.73256E-07
  0.56700E+02 -0.54908E-07  0.14382E-06  0.58955E-07
  0.57000E+02 -0.53136E-07  0.10808E-06  0.42821E-07
  0.57300E+02 -0.51625E-07  0.71466E-07  0.24959E-07
  0.57600E+02 -0.50285E-07  0.34300E-07  0.55022E-08
  0.57900E+02 -0.49017E-07 -0.30788E-08 -0.15388E-07
  0.58200E+02 -0.47721E-07 -0.40326E-07 -0.37525E-07
  0.58500E+02 -0.46294E-07 -0.77084E-07 -0.60696E-07
  0.58800E+02 -0.44631E-07 -0.11298E-06 -0.84666E-07
  0.59100E+02 -0.42618E-07 -0.14761E-06 -0.10917E-06
  0.59400E+02 -0.40133E-07 -0.18060E-06 -0.13394E-06
  0.59700E+02 -0.37055E-07 -0.21156E-06 -0.15867E-06
  0.60000E+02 -0.33265E-07 -0.24014E-06 -0.18304E-06
  0.60300E+02 -0.28659E-07 -0.26598E-06 -0.20672E-06
  0.60600E+02 -0.23149E-07 -0.28875E-06 -0.22936E-06
  0.60900E+02 -0.16669E-07 -0.30816E-06 -0.25064E-06
  0.61200E+02 -0.91809E-08 -0.32395E-06 -0.27021E-06
  0.61500E+02 -0.67509E-09 -0.33589E-06 -0.28776E-06
  0.61800E+02  0.88319E-08 -0.34384E-06 -0.30296E-06
  0.62100E+02  0.19305E-07 -0.34770E-06 -0.31554E-06
  0.62400E+02  0.30698E-07 -0.34747E-06 -0.32521E-06
  0.62700E+02  0.42949E-07 -0.34325E-06 -0.33173E-06
  0.63000E+02  0.55982E-07 -0.33521E-06 -0.33489E-06
  0.63300E+02  0.69694E-07 -0.32362E-06 -0.33454E-06
  0.63600E+02  0.83967E-07 -0.30885E-06 -0.33053E-06
  0.63900E+02  0.98664E-07 -0.29127E-06 -0.32280E-06
  0.64200E+02  0.11364E-06 -0.27136E-06 -0.31129E-06
  0.64500E+02  0.12877E-06 -0.24958E-06 -0.29604E-06
  0.64800E+02  0.14391E-06 -0.22646E-06 -0.27710E-06
  0.65100E+02  0.15894E-06 -0.20251E-06 -0.25458E-06
  0.65400E+02  0.17373E-06 -0.17826E-06 -0.22865E-06
  0.65700E+02  0.18819E-06 -0.15419E-06 -0.19949E-06
  0.66000E+02  0.20223E-06 -0.13076E-06 -0.16738E-06
  0.66300E+02  0.21576E-06 -0.10834E-06 -0.13257E-06
  0.66600E+02  0.22873E-06 -0.87272E-07 -0.95407E-07
  0.66900E+02  0.24105E-06 -0.67798E-07 -0.56240E-07
  0.67200E+02  0.25262E-06 -0.50101E-07 -0.15460E-07
  0.67500E+02  0.26333E-06 -0.34313E-07  0.26511E-07
  0.67800E+02  0.27302E-06 -0.20528E-07  0.69227E-07
  0.68100E+02  0.28153E-06 -0.88031E-08  0.11222E-06
  0.68400E+02  0.28868E-06  0.84233E-09  0.15502E-06
  0.68700E+02  0.29432E-06  0.84319E-08  0.19715E-06
  0.69000E+02  0.29830E-06  0.14032E-07  0.23813E-06
  0.69300E+02  0.30052E-06  0.17734E-07  0.27752E-06
  0.69600E+02  0.30090E-06  0.19631E-07  0.31487E-06
  0.69900E+02  0.29939E-06  0.19801E-07  0.34980E-06
  0.70200E+02  0.29595E-06  0.18314E-07  0.38192E-06
  0.70500E+02  0.29055E-06  0.15249E-07  0.41088E-06
  0.70800E+02  0.28318E-06  0.10722E-07  0.43638E-06
  0.71100E+02  0.27380E-06  0.48908E-08  0.45812E-06
  0.71400E+02  0.26242E-06 -0.20301E-08  0.47588E-06
  0.71700E+02  0.24899E-06 -0.97683E-08  0.48945E-06
  0.72000E+02  0.23342E-06 -0.17989E-07  0.49869E-06
  0.72300E+02  0.21558E-06 -0.26314E-07  0.50352E-06
  0.72600E+02  0.19524E-06 -0.34363E-07  0.50391E-06
  0.72900E+02  0.17216E-06 -0.41788E-07  0.49986E-06
  0.73200E+02  0.14612E-06 -0.48300E-07  0.49144E-06
  0.73500E+02  0.11694E-06 -0.53679E-07  0.47873E-06
  0.73800E+02  0.84497E-07 -0.57767E-07  0.46185E-06
  0.74100E+02  0.48760E-07 -0.60436E-07  0.44096E-06
  0.74400E+02  0.97530E-08 -0.61551E-07  0.41620E-06
  0.74700E+02 -0.32461E-07 -0.60935E-07  0.38779E-06
  0.75000E+02 -0.77804E-07 -0.58373E-07  0.35593E-06
  0.75300E+02 -0.12620E-06 -0.53643E-07  0.32089E-06
  0.75600E+02 -0.17758E-06 -0.46535E-07  0.28293E-06
  0.75900E+02 -0.23200E-06 -0.36854E-07  0.24235E-06
  0.76200E+02 -0.28959E-06 -0.24464E-07  0.19946E-06
  0.76500E+02 -0.35045E-06 -0.93483E-08  0.15459E-06
  0.76800E+02 -0.41446E-06  0.83390E-08  0.10806E-06
  0.77100E+02 -0.48120E-06  0.28286E-07  0.60242E-07
  0.77400E+02 -0.55005E-06  0.50100E-07  0.11507E-07
  0.77700E+02 -0.62036E-06  0.73381E-07 -0.37744E-07
  0.78000E+02 -0.69159E-06  0.97756E-07 -0.87092E-07
  0.78300E+02 -0.76332E-06  0.12290E-06 -0.13610E-06
  0.78600E+02 -0.83518E-06  0.14854E-06 -0.18431E-06
  0.78900E+02 -0.90678E-06  0.17449E-06 -0.23128E-06
  0.79200E+02 -0.97759E-06  0.20057E-06 -0.27656E-06
  0.79500E+02 -0.10470E-05  0.22662E-06 -0.31973E-06
  0.79800E+02 -0.11141E-05  0.25248E-06 -0.36041E-06
  0.80100E+02 -0.11780E-05  0.27803E-06 -0.39822E-06
  0.80400E+02 -0.12374E-05  0.30318E-06 -0.43285E-06
  0.80700E+02 -0.12909E-05  0.32780E-06 -0.46399E-06
  0.81000E+02 -0.13365E-05  0.35161E-06 -0.49139E-06
  0.81300E+02 -0.13722E-05  0.37423E-06 -0.51482E-06
  0.81600E+02 -0.13954E-05  0.39510E-06 -0.53411E-06
  0.81900E+02 -0.14036E-05  0.41359E-06 -0.54911E-06
  0.82200E+02 -0.13942E-05  0.42901E-06 -0.55971E-06
  0.82500E+02 -0.13646E-05  0.44060E-06 -0.56584E-06
  0.82800E+02 -0.13124E-05  0.44765E-06 -0.56743E-06
  0.83100E+02 -0.12353E-05  0.44944E-06 -0.56447E-06
  0.83400E+02 -0.11315E-05  0.44527E-06 -0.55698E-06
  0.83700E+02 -0.99973E-06  0.43447E-06 -0.54503E-06
  0.84000E+02 -0.83897E-06  0.41640E-06 -0.52871E-06
  0.84300E+02 -0.64878E-06  0.39045E-06 -0.50815E-06
  0.84600E+02 -0.42921E-06  0.35611E-06 -0.48350E-06
  0.84900E+02 -0.18088E-06  0.31298E-06 -0.45491E-06
  0.85200E+02  0.94844E-07  0.26082E-06 -0.42255E-06
  0.85500E+02  0.39578E-06  0.19951E-06 -0.38666E-06
  0.85800E+02  0.71888E-06  0.12912E-06 -0.34748E-06
  0.86100E+02  0.10603E-05  0.49870E-07 -0.30530E-06
  0.86400E+02  0.14152E-05 -0.37726E-07 -0.26043E-06
  0.86700E+02  0.17785E-05 -0.13284E-06 -0.21318E-06
  0.87000E+02  0.21439E-05 -0.23429E-06 -0.16387E-06
  0.87300E+02  0.25051E-05 -0.34055E-06 -0.11283E-06
  0.87600E+02  0.28549E-05 -0.44979E-06 -0.60368E-07
  0.87900E+02  0.31862E-05 -0.55999E-06 -0.68475E-08
  0.88200E+02  0.34914E-05 -0.66902E-06  0.47384E-07
  0.88500E+02  0.37632E-05 -0.77478E-06  0.10197E-06
  0.88800E+02  0.39945E-05 -0.87518E-06  0.15655E-06
  0.89100E+02  0.41790E-05 -0.96821E-06  0.21079E-06
  0.89400E+02  0.43113E-05 -0.10519E-05  0.26433E-06
  0.89700E+02  0.43868E-05 -0.11245E-05  0.31682E-06
  0.90000E+02  0.44023E-05 -0.11845E-05  0.36793E-06
  0.90300E+02  0.43555E-05 -0.12303E-05  0.41731E-06
  0.90600E+02  0.42452E-05 -0.12609E-05  0.46460E-06
  0.90900E+02  0.40713E-05 -0.12755E-05  0.50947E-06
  0.91200E+02  0.38350E-05 -0.12733E-05  0.55158E-06
  0.91500E+02  0.35386E-05 -0.12542E-05  0.59060E-06
  0.91800E+02  0.31855E-05 -0.12182E-05  0.62620E-06
  0.92100E+02  0.27800E-05 -0.11655E-05  0.65804E-06
  0.92400E+02  0.23275E-05 -0.10966E-05  0.68580E-06
  0.92700E+02  0.18336E-05 -0.10121E-05  0.70916E-06
  0.93000E+02  0.13049E-05 -0.91236E-06  0.72784E-06
  0.93300E+02  0.74828E-06 -0.79808E-06  0.74157E-06
  0.93600E+02  0.17093E-06 -0.66970E-06  0.75009E-06
  0.93900E+02 -0.41957E-06 -0.52778E-06  0.75320E-06
  0.94200E+02 -0.10154E-05 -0.37293E-06  0.75071E-06
  0.94500E+02 -0.16089E-05 -0.20596E-06  0.74249E-06
  0.94800E+02 -0.21922E-05 -0.27898E-07  0.72842E-06
  0.95100E+02 -0.27580E-05  0.15990E-06  0.70844E-06
  0.95400E+02 -0.32993E-05  0.35574E-06  0.68256E-06
  0.95700E+02 -0.38095E-05  0.55758E-06  0.65078E-06
  0.96000E+02 -0.42825E-05  0.76304E-06  0.61318E-06
  0.96300E+02 -0.47127E-05  0.96945E-06  0.56985E-06
  0.96600E+02 -0.50949E-05  0.11738E-05  0.52091E-06
  0.96900E+02 -0.54247E-05  0.13726E-05  0.46652E-06
  0.97200E+02 -0.56983E-05  0.15624E-05  0.40688E-06
  0.97500E+02 -0.59123E-05  0.17392E-05  0.34218E-06
  0.97800E+02 -0.60645E-05  0.18991E-05  0.27268E-06
  0.98100E+02 -0.61529E-05  0.20384E-05  0.19864E-06
  0.98400E+02 -0.61769E-05  0.21536E-05  0.12038E-06
  0.98700E+02 -0.61362E-05  0.22415E-05  0.38261E-07
  0.99000E+02 -0.60317E-05  0.22998E-05 -0.47281E-07
  0.99300E+02 -0.58648E-05  0.23264E-05 -0.13576E-06
  0.99600E+02 -0.56380E-05  0.23204E-05 -0.22660E-06
  0.99900E+02 -0.53544E-05  0.22814E-05 -0.31917E-06
  0.10020E+03 -0.50177E-05  0.22101E-05 -0.41276E-06
  0.10050E+03 -0.46322E-05  0.21075E-05 -0.50658E-06
  0.10080E+03 -0.42025E-05  0.19760E-05 -0.59977E-06
  0.10110E+03 -0.37336E-05  0.18181E-05 -0.69144E-06
  0.10140E+03 -0.32306E-05  0.16373E-05 -0.78066E-06
  0.10170E+03 -0.26989E-05  0.14373E-05 -0.86646E-06
  0.10200E+03 -0.21439E-05  0.12219E-05 -0.94792E-06
  0.10230E+03 -0.15713E-05  0.99511E-06 -0.10241E-05
  0.10260E+03 -0.98680E-06  0.76053E-06 -0.10940E-05
  0.10290E+03 -0.39626E-06  0.52149E-06 -0.11569E-05
  0.10320E+03  0.19445E-06  0.28083E-06 -0.12119E-05
  0.10350E+03  0.77941E-06  0.40897E-07 -0.12581E-05
  0.10380E+03  0.13528E-05 -0.19643E-06 -0.12950E-05
  0.10410E+03  0.19088E-05 -0.42970E-06 -0.13218E-05
  0.10440E+03  0.24420E-05 -0.65775E-06 -0.13380E-05
  0.10470E+03  0.29472E-05 -0.87960E-06 -0.13431E-05
  0.10500E+03  0.34196E-05 -0.10943E-05 -0.13367E-05
  0.10530E+03  0.38550E-05 -0.13009E-05 -0.13185E-05
  0.10560E+03  0.42499E-05 -0.14980E-05 -0.12883E-05
  0.10590E+03  0.46015E-05 -0.16840E-05 -0.12462E-05
  0.10620E+03  0.49075E-05 -0.18569E-05 -0.11921E-05
  0.10650E+03  0.51666E-05 -0.20145E-05 -0.11263E-05
  0.10680E+03  0.53777E-05 -0.21541E-05 -0.10492E-05
  0.10710E+03  0.55404E-05 -0.22731E-05 -0.96120E-06
  0.10740E+03  0.56546E-05 -0.23688E-05 -0.86296E-06
  0.10770E+03  0.57206E-05 -0.24390E-05 -0.75519E-06
  0.10800E+03  0.57389E-05 -0.24820E-05 -0.63870E-06
  0.10830E+03  0.57103E-05 -0.24965E-05 -0.51443E-06
  0.10860E+03  0.56357E-05 -0.24823E-05 -0.38339E-06
  0.10890E+03  0.55160E-05 -0.24398E-05 -0.24669E-06
  0.10920E+03  0.53526E-05 -0.23700E-05 -0.10551E-06
  0.10950E+03  0.51469E-05 -0.22748E-05  0.38898E-07
  0.10980E+03  0.49007E-05 -0.21566E-05  0.18524E-06
  0.11010E+03  0.46161E-05 -0.20182E-05  0.33217E-06
  0.11040E+03  0.42958E-05 -0.18627E-05  0.47833E-06
  0.11070E+03  0.39429E-05 -0.16929E-05  0.62234E-06
  0.11100E+03  0.35613E-05 -0.15117E-05  0.76283E-06
  0.11130E+03  0.31552E-05 -0.13217E-05  0.89848E-06
  0.11160E+03  0.27293E-05 -0.11250E-05  0.10280E-05
  0.11190E+03  0.22887E-05 -0.92325E-06  0.11501E-05
  0.11220E+03  0.18386E-05 -0.71797E-06  0.12636E-05
  0.11250E+03  0.13839E-05 -0.51037E-06  0.13675E-05
  0.11280E+03  0.92944E-06 -0.30163E-06  0.14606E-05
  0.11310E+03  0.47965E-06 -0.93028E-07  0.15422E-05
  0.11340E+03  0.38521E-07  0.11401E-06  0.16114E-05
  0.11370E+03 -0.39042E-06  0.31778E-06  0.16674E-05
  0.11400E+03 -0.80409E-06  0.51636E-06  0.17098E-05
  0.11430E+03 -0.11998E-05  0.70761E-06  0.17381E-05
  0.11460E+03 -0.15751E-05  0.88928E-06  0.17520E-05
  0.11490E+03 -0.19279E-05  0.10591E-05  0.17515E-05
  0.11520E+03 -0.22561E-05  0.12150E-05  0.17364E-05
  0.11550E+03 -0.25575E-05  0.13549E-05  0.17069E-05
  0.11580E+03 -0.28303E-05  0.14773E-05  0.16633E-05
  0.11610E+03 -0.30725E-05  0.15809E-05  0.16061E-05
  0.11640E+03 -0.32826E-05  0.16650E-05  0.15356E-05
  0.11670E+03 -0.34592E-05  0.17292E-05  0.14528E-05
  0.11700E+03 -0.36016E-05  0.17736E-05  0.13582E-05
  0.11730E+03 -0.37095E-05  0.17985E-05  0.12528E-05
  0.11760E+03 -0.37831E-05  0.18044E-05  0.11376E-05
  0.11790E+03 -0.38232E-05  0.17922E-05  0.10136E-05
  0.11820E+03 -0.38310E-05  0.17625E-05  0.88214E-06
  0.11850E+03 -0.38082E-05  0.17165E-05  0.74431E-06
  0.11880E+03 -0.37566E-05  0.16553E-05  0.60140E-06
  0.11910E+03 -0.36784E-05  0.15798E-05  0.45473E-06
  0.11940E+03 -0.35757E-05  0.14915E-05  0.30563E-06
  0.11970E+03 -0.34510E-05  0.13914E-05  0.15544E-06
  0.12000E+03 -0.33063E-05  0.12810E-05  0.54922E-08
  0.12030E+03 -0.31439E-05  0.11616E-05 -0.14289E-06
  0.12060E+03 -0.29658E-05  0.10348E-05 -0.28840E-06
  0.12090E+03 -0.27739E-05  0.90210E-06 -0.42981E-06
  0.12120E+03 -0.25701E-05  0.76534E-06 -0.56592E-06
  0.12150E+03 -0.23565E-05  0.62630E-06 -0.69561E-06
  0.12180E+03 -0.21347E-05  0.48683E-06 -0.81783E-06
  0.12210E+03 -0.19067E-05  0.34872E-06 -0.93161E-06
  0.12240E+03 -0.16743E-05  0.21359E-06 -0.10361E-05
  0.12270E+03 -0.14393E-05  0.82856E-07 -0.11305E-05
  0.12300E+03 -0.12035E-05 -0.42302E-07 -0.12143E-05
  0.12330E+03 -0.96853E-06 -0.16094E-06 -0.12867E-05
  0.12360E+03 -0.73610E-06 -0.27229E-06 -0.13475E-05
  0.12390E+03 -0.50773E-06 -0.37569E-06 -0.13963E-05
  0.12420E+03 -0.28484E-06 -0.47051E-06 -0.14329E-05
  0.12450E+03 -0.68794E-07 -0.55613E-06 -0.14572E-05
  0.12480E+03  0.13916E-06 -0.63194E-06 -0.14694E-05
  0.12510E+03  0.33784E-06 -0.69735E-06 -0.14695E-05
  0.12540E+03  0.52619E-06 -0.75185E-06 -0.14579E-05
  0.12570E+03  0.70323E-06 -0.79505E-06 -0.14348E-05
  0.12600E+03  0.86811E-06 -0.82672E-06 -0.14009E-05
  0.12630E+03  0.10201E-05 -0.84674E-06 -0.13566E-05
  0.12660E+03  0.11586E-05 -0.85516E-06 -0.13027E-05
  0.12690E+03  0.12832E-05 -0.85218E-06 -0.12398E-05
  0.12720E+03  0.13936E-05 -0.83818E-06 -0.11687E-05
  0.12750E+03  0.14894E-05 -0.81367E-06 -0.10904E-05
  0.12780E+03  0.15706E-05 -0.77928E-06 -0.10057E-05
  0.12810E+03  0.16373E-05 -0.73575E-06 -0.91551E-06
  0.12840E+03  0.16895E-05 -0.68386E-06 -0.82085E-06
  0.12870E+03  0.17273E-05 -0.62445E-06 -0.72269E-06
  0.12900E+03  0.17510E-05 -0.55834E-06 -0.62201E-06
  0.12930E+03  0.17607E-05 -0.48640E-06 -0.51979E-06
  0.12960E+03  0.17567E-05 -0.40947E-06 -0.41700E-06
  0.12990E+03  0.17392E-05 -0.32852E-06 -0.31459E-06
  0.13020E+03  0.17086E-05 -0.24457E-06 -0.21346E-06
  0.13050E+03  0.16653E-05 -0.15878E-06 -0.11447E-06
  0.13080E+03  0.16101E-05 -0.72399E-07 -0.18456E-07
  0.13110E+03  0.15438E-05  0.13232E-07  0.73832E-07
  0.13140E+03  0.14675E-05  0.96732E-07  0.16169E-06
  0.13170E+03  0.13824E-05  0.17674E-06  0.24450E-06
  0.13200E+03  0.12899E-05  0.25200E-06  0.32168E-06
  0.13230E+03  0.11914E-05  0.32140E-06  0.39277E-06
  0.13260E+03  0.10884E-05  0.38408E-06  0.45735E-06
  0.13290E+03  0.98230E-06  0.43943E-06  0.51510E-06
  0.13320E+03  0.87441E-06  0.48705E-06  0.56578E-06
  0.13350E+03  0.76582E-06  0.52674E-06  0.60922E-06
  0.13380E+03  0.65745E-06  0.55840E-06  0.64534E-06
  0.13410E+03  0.55011E-06  0.58199E-06  0.67414E-06
  0.13440E+03  0.44443E-06  0.59753E-06  0.69569E-06
  0.13470E+03  0.34103E-06  0.60500E-06  0.71012E-06
  0.13500E+03  0.24048E-06  0.60441E-06  0.71765E-06
  0.13530E+03  0.14340E-06  0.59578E-06  0.71854E-06
  0.13560E+03  0.50487E-07  0.57918E-06  0.71314E-06
  0.13590E+03 -0.37497E-07  0.55475E-06  0.70182E-06
  0.13620E+03 -0.11973E-06  0.52267E-06  0.68501E-06
  0.13650E+03 -0.19537E-06  0.48318E-06  0.66318E-06
  0.13680E+03 -0.26358E-06  0.43653E-06  0.63683E-06
  0.13710E+03 -0.32358E-06  0.38301E-06  0.60648E-06
  0.13740E+03 -0.37473E-06  0.32295E-06  0.57269E-06
  0.13770E+03 -0.41654E-06  0.25678E-06  0.53600E-06
  0.13800E+03 -0.44877E-06  0.18507E-06  0.49699E-06
  0.13830E+03 -0.47136E-06  0.10858E-06  0.45622E-06
  0.13860E+03 -0.48454E-06  0.28237E-07  0.41423E-06
  0.13890E+03 -0.48870E-06 -0.54865E-07  0.37158E-06
  0.13920E+03 -0.48443E-06 -0.13953E-06  0.32878E-06
  0.13950E+03 -0.47243E-06 -0.22451E-06  0.28634E-06
  0.13980E+03 -0.45350E-06 -0.30858E-06  0.24472E-06
  0.14010E+03 -0.42849E-06 -0.39056E-06  0.20435E-06
  0.14040E+03 -0.39831E-06 -0.46939E-06  0.16564E-06
  0.14070E+03 -0.36390E-06 -0.54411E-06  0.12895E-06
  0.14100E+03 -0.32615E-06 -0.61393E-06  0.94582E-07
  0.14130E+03 -0.28588E-06 -0.67820E-06  0.62812E-07
  0.14160E+03 -0.24385E-06 -0.73642E-06  0.33861E-07
  0.14190E+03 -0.20072E-06 -0.78822E-06  0.79054E-08
  0.14220E+03 -0.15702E-06 -0.83329E-06 -0.14927E-07
  0.14250E+03 -0.11321E-06 -0.87138E-06 -0.34554E-07
  0.14280E+03 -0.69650E-07 -0.90227E-06 -0.50943E-07
  0.14310E+03 -0.26630E-07 -0.92571E-06 -0.64103E-07
  0.14340E+03  0.15621E-07 -0.94143E-06 -0.74086E-07
  0.14370E+03  0.56899E-07 -0.94913E-06 -0.80987E-07
  0.14400E+03  0.96999E-07 -0.94847E-06 -0.84936E-07
  0.14430E+03  0.13568E-06 -0.93916E-06 -0.86099E-07
  0.14460E+03  0.17261E-06 -0.92092E-06 -0.84671E-07
  0.14490E+03  0.20739E-06 -0.89357E-06 -0.80876E-07
  0.14520E+03  0.23951E-06 -0.85701E-06 -0.74962E-07
  0.14550E+03  0.26837E-06 -0.81131E-06 -0.67194E-07
  0.14580E+03  0.29329E-06 -0.75673E-06 -0.57854E-07
  0.14610E+03  0.31356E-06 -0.69371E-06 -0.47234E-07
  0.14640E+03  0.32846E-06 -0.62289E-06 -0.35632E-07
  0.14670E+03  0.33736E-06 -0.54507E-06 -0.23350E-07
  0.14700E+03  0.33973E-06 -0.46118E-06 -0.10685E-07
  0.14730E+03  0.33526E-06 -0.37225E-06  0.20666E-08
  0.14760E+03  0.32381E-06 -0.27930E-06  0.14622E-07
  0.14790E+03  0.30544E-06 -0.18340E-06  0.26710E-07
  0.14820E+03  0.28042E-06 -0.85558E-07  0.38075E-07
  0.14850E+03  0.24915E-06  0.13235E-07  0.48480E-07
  0.14880E+03  0.21211E-06  0.11202E-06  0.57711E-07
  0.14910E+03  0.16985E-06  0.20986E-06  0.65577E-07
  0.14940E+03  0.12290E-06  0.30583E-06  0.71911E-07
  0.14970E+03  0.71812E-07  0.39901E-06  0.76577E-07
  0.15000E+03  0.17096E-07  0.48845E-06  0.79464E-07
  0.15030E+03 -0.40750E-07  0.57322E-06  0.80490E-07
  0.15060E+03 -0.10123E-06  0.65240E-06  0.79606E-07
  0.15090E+03 -0.16383E-06  0.72510E-06  0.76787E-07
  0.15120E+03 -0.22799E-06  0.79050E-06  0.72041E-07
  0.15150E+03 -0.29305E-06  0.84788E-06  0.65403E-07
  0.15180E+03 -0.35830E-06  0.89664E-06  0.56934E-07
  0.15210E+03 -0.42293E-06  0.93632E-06  0.46721E-07
  0.15240E+03 -0.48612E-06  0.96666E-06  0.34875E-07
  0.15270E+03 -0.54703E-06  0.98758E-06  0.21531E-07
  0.15300E+03 -0.60485E-06  0.99920E-06  0.68399E-08
  0.15330E+03 -0.65883E-06  0.10018E-05 -0.90268E-08
  0.15360E+03 -0.70825E-06  0.99584E-06 -0.25884E-07
  0.15390E+03 -0.75246E-06  0.98183E-06 -0.43534E-07
  0.15420E+03 -0.79085E-06  0.96040E-06 -0.61771E-07
  0.15450E+03 -0.82288E-06  0.93223E-06 -0.80379E-07
  0.15480E+03 -0.84803E-06  0.89803E-06 -0.99141E-07
  0.15510E+03 -0.86585E-06  0.85851E-06 -0.11784E-06
  0.15540E+03 -0.87594E-06  0.81438E-06 -0.13625E-06
  0.15570E+03 -0.87800E-06  0.76626E-06 -0.15417E-06
  0.15600E+03 -0.87185E-06  0.71468E-06 -0.17139E-06
  0.15630E+03 -0.85738E-06  0.66006E-06 -0.18771E-06
  0.15660E+03 -0.83462E-06  0.60271E-06 -0.20295E-06
  0.15690E+03 -0.80366E-06  0.54286E-06 -0.21692E-06
  0.15720E+03 -0.76465E-06  0.48072E-06 -0.22949E-06
  0.15750E+03 -0.71779E-06  0.41653E-06 -0.24049E-06
  0.15780E+03 -0.66333E-06  0.35055E-06 -0.24982E-06
  0.15810E+03 -0.60160E-06  0.28310E-06 -0.25738E-06
  0.15840E+03 -0.53297E-06  0.21461E-06 -0.26306E-06
  0.15870E+03 -0.45792E-06  0.14559E-06 -0.26683E-06
  0.15900E+03 -0.37697E-06  0.76664E-07 -0.26863E-06
  0.15930E+03 -0.29074E-06  0.85299E-08 -0.26845E-06
  0.15960E+03 -0.19992E-06 -0.58033E-07 -0.26628E-06
  0.15990E+03 -0.10527E-06 -0.12219E-06 -0.26216E-06
  0.16020E+03 -0.76516E-08 -0.18308E-06 -0.25612E-06
  0.16050E+03  0.91986E-07 -0.23986E-06 -0.24823E-06
  0.16080E+03  0.19260E-06 -0.29178E-06 -0.23856E-06
  0.16110E+03  0.29307E-06 -0.33822E-06 -0.22722E-06
  0.16140E+03  0.39217E-06 -0.37874E-06 -0.21432E-06
  0.16170E+03  0.48865E-06 -0.41311E-06 -0.19998E-06
  0.16200E+03  0.58123E-06 -0.44131E-06 -0.18434E-06
  0.16230E+03  0.66865E-06 -0.46351E-06 -0.16756E-06
  0.16260E+03  0.74975E-06 -0.48006E-06 -0.14979E-06
  0.16290E+03  0.82348E-06 -0.49139E-06 -0.13119E-06
  0.16320E+03  0.88900E-06 -0.49803E-06 -0.11194E-06
  0.16350E+03  0.94563E-06 -0.50054E-06 -0.92214E-07
  0.16380E+03  0.99294E-06 -0.49948E-06 -0.72179E-07
  0.16410E+03  0.10307E-05 -0.49538E-06 -0.52013E-07
  0.16440E+03  0.10587E-05 -0.48873E-06 -0.31884E-07
  0.16470E+03  0.10772E-05 -0.48001E-06 -0.11959E-07
  0.16500E+03  0.10862E-05 -0.46961E-06  0.76012E-08
  0.16530E+03  0.10859E-05 -0.45787E-06  0.26645E-07
  0.16560E+03  0.10763E-05 -0.44502E-06  0.45029E-07
  0.16590E+03  0.10574E-05 -0.43122E-06  0.62620E-07
  0.16620E+03  0.10292E-05 -0.41652E-06  0.79296E-07
  0.16650E+03  0.99155E-06 -0.40094E-06  0.94948E-07
  0.16680E+03  0.94439E-06 -0.38445E-06  0.10948E-06
  0.16710E+03  0.88765E-06 -0.36708E-06  0.12281E-06
  0.16740E+03  0.82140E-06 -0.34888E-06  0.13487E-06
  0.16770E+03  0.74590E-06 -0.32998E-06  0.14560E-06
  0.16800E+03  0.66159E-06 -0.31062E-06  0.15497E-06
  0.16830E+03  0.56914E-06 -0.29109E-06  0.16295E-06
  0.16860E+03  0.46948E-06 -0.27179E-06  0.16953E-06
  0.16890E+03  0.36373E-06 -0.25315E-06  0.17471E-06
  0.16920E+03  0.25323E-06 -0.23558E-06  0.17852E-06
  0.16950E+03  0.13946E-06 -0.21940E-06  0.18097E-06
  0.16980E+03  0.23976E-07 -0.20484E-06  0.18212E-06
  0.17010E+03 -0.91594E-07 -0.19199E-06  0.18201E-06
  0.17040E+03 -0.20565E-06 -0.18078E-06  0.18071E-06
  0.17070E+03 -0.31662E-06 -0.17108E-06  0.17829E-06
  0.17100E+03 -0.42302E-06 -0.16265E-06  0.17482E-06
  0.17130E+03 -0.52349E-06 -0.15523E-06  0.17040E-06
  0.17160E+03 -0.61679E-06 -0.14857E-06  0.16511E-06
  0.17190E+03 -0.70181E-06 -0.14244E-06  0.15905E-06
  0.17220E+03 -0.77762E-06 -0.13666E-06  0.15232E-06
  0.17250E+03 -0.84340E-06 -0.13108E-06  0.14501E-06
  0.17280E+03 -0.89849E-06 -0.12559E-06  0.13724E-06
  0.17310E+03 -0.94235E-06 -0.12005E-06  0.12909E-06
  0.17340E+03 -0.97458E-06 -0.11431E-06  0.12068E-06
  0.17370E+03 -0.99493E-06 -0.10817E-06  0.11208E-06
  0.17400E+03 -0.10032E-05 -0.10137E-06  0.10340E-06
  0.17430E+03 -0.99954E-06 -0.93602E-07  0.94718E-07
  0.17460E+03 -0.98394E-06 -0.84477E-07  0.86121E-07
  0.17490E+03 -0.95671E-06 -0.73566E-07  0.77682E-07
  0.17520E+03 -0.91822E-06 -0.60427E-07  0.69469E-07
  0.17550E+03 -0.86897E-06 -0.44642E-07  0.61544E-07
  0.17580E+03 -0.80958E-06 -0.25870E-07  0.53961E-07
  0.17610E+03 -0.74081E-06 -0.38915E-08  0.46764E-07
  0.17640E+03 -0.66354E-06  0.21346E-07  0.39991E-07
  0.17670E+03 -0.57880E-06  0.49698E-07  0.33671E-07
  0.17700E+03 -0.48772E-06  0.80814E-07  0.27826E-07
  0.17730E+03 -0.39157E-06  0.11415E-06  0.22467E-07
  0.17760E+03 -0.29170E-06  0.14903E-06  0.17602E-07
  0.17790E+03 -0.18953E-06  0.18467E-06  0.13227E-07
  0.17820E+03 -0.86508E-07  0.22024E-06  0.93332E-08
  0.17850E+03  0.15888E-07  0.25494E-06  0.59048E-08
  0.17880E+03  0.11621E-06  0.28799E-06  0.29201E-08
  0.17910E+03  0.21309E-06  0.31869E-06  0.35195E-09
  0.17940E+03  0.30521E-06  0.34642E-06 -0.18315E-08
  0.17970E+03  0.39143E-06  0.37066E-06 -0.36661E-08
  0.18000E+03  0.47073E-06  0.39102E-06 -0.51911E-08
  0.18030E+03  0.54227E-06  0.40724E-06 -0.64483E-08
  0.18060E+03  0.60542E-06  0.41919E-06 -0.74811E-08
  0.18090E+03  0.65974E-06  0.42687E-06 -0.83344E-08
  0.18120E+03  0.70499E-06  0.43038E-06 -0.90531E-08
  0.18150E+03  0.74110E-06  0.42992E-06 -0.96818E-08
  0.18180E+03  0.76812E-06  0.42572E-06 -0.10264E-07
  0.18210E+03  0.78622E-06  0.41799E-06 -0.10842E-07
  0.18240E+03  0.79561E-06  0.40695E-06 -0.11455E-07
  0.18270E+03  0.79651E-06  0.39278E-06 -0.12141E-07
  0.18300E+03  0.78917E-06  0.37561E-06 -0.12931E-07
  0.18330E+03  0.77382E-06  0.35559E-06 -0.13857E-07
  0.18360E+03  0.75072E-06  0.33285E-06 -0.14943E-07
  0.18390E+03  0.72012E-06  0.30755E-06 -0.16212E-07
  0.18420E+03  0.68233E-06  0.27991E-06 -0.17678E-07
  0.18450E+03  0.63768E-06  0.25016E-06 -0.19354E-07
  0.18480E+03  0.58659E-06  0.21857E-06 -0.21246E-07
  0.18510E+03  0.52956E-06  0.18547E-06 -0.23357E-07
  0.18540E+03  0.46719E-06  0.15119E-06 -0.25682E-07
  0.18570E+03  0.40017E-06  0.11611E-06 -0.28215E-07
  0.18600E+03  0.32930E-06  0.80590E-07 -0.30942E-07
  0.18630E+03  0.25543E-06  0.44970E-07 -0.33847E-07
  0.18660E+03  0.17945E-06  0.95581E-08 -0.36908E-07
  0.18690E+03  0.10228E-06 -0.25396E-07 -0.40101E-07
  0.18720E+03  0.24825E-07 -0.59710E-07 -0.43397E-07
  0.18750E+03 -0.52040E-07 -0.93274E-07 -0.46767E-07
  0.18780E+03 -0.12746E-06 -0.12604E-06 -0.50175E-07
  0.18810E+03 -0.20063E-06 -0.15799E-06 -0.53588E-07
  0.18840E+03 -0.27080E-06 -0.18910E-06 -0.56967E-07
  0.18870E+03 -0.33727E-06 -0.21931E-06 -0.60275E-07
  0.18900E+03 -0.39939E-06 -0.24844E-06 -0.63474E-07
  0.18930E+03 -0.45655E-06 -0.27624E-06 -0.66524E-07
  0.18960E+03 -0.50819E-06 -0.30235E-06 -0.69389E-07
  0.18990E+03 -0.55381E-06 -0.32631E-06 -0.72031E-07
  0.19020E+03 -0.59300E-06 -0.34760E-06 -0.74416E-07
  0.19050E+03 -0.62542E-06 -0.36570E-06 -0.76509E-07
  0.19080E+03 -0.65087E-06 -0.38003E-06 -0.78281E-07
  0.19110E+03 -0.66924E-06 -0.39008E-06 -0.79702E-07
  0.19140E+03 -0.68055E-06 -0.39538E-06 -0.80749E-07
  0.19170E+03 -0.68490E-06 -0.39556E-06 -0.81398E-07
  0.19200E+03 -0.68247E-06 -0.39036E-06 -0.81633E-07
  0.19230E+03 -0.67350E-06 -0.37966E-06 -0.81439E-07
  0.19260E+03 -0.65828E-06 -0.36348E-06 -0.80806E-07
  0.19290E+03 -0.63711E-06 -0.34205E-06 -0.79729E-07
  0.19320E+03 -0.61035E-06 -0.31576E-06 -0.78205E-07
  0.19350E+03 -0.57837E-06 -0.28521E-06 -0.76238E-07
  0.19380E+03 -0.54156E-06 -0.25118E-06 -0.73834E-07
  0.19410E+03 -0.50035E-06 -0.21457E-06 -0.71004E-07
  0.19440E+03 -0.45520E-06 -0.17636E-06 -0.67762E-07
  0.19470E+03 -0.40658E-06 -0.13755E-06 -0.64128E-07
  0.19500E+03 -0.35502E-06 -0.99031E-07 -0.60123E-07
  0.19530E+03 -0.30109E-06 -0.61567E-07 -0.55774E-07
  0.19560E+03 -0.24539E-06 -0.25740E-07 -0.51109E-07
  0.19590E+03 -0.18859E-06  0.80527E-08 -0.46159E-07
  0.19620E+03 -0.13140E-06  0.39583E-07 -0.40958E-07
  0.19650E+03 -0.74569E-07  0.68768E-07 -0.35541E-07
  0.19680E+03 -0.18864E-07  0.95635E-07 -0.29947E-07
  0.19710E+03  0.34967E-07  0.12029E-06 -0.24214E-07
  0.19740E+03  0.86225E-07  0.14288E-06 -0.18381E-07
  0.19770E+03  0.13430E-06  0.16357E-06 -0.12489E-07
  0.19800E+03  0.17867E-06  0.18251E-06 -0.65786E-08
  0.19830E+03  0.21895E-06  0.19984E-06 -0.68858E-09
  0.19860E+03  0.25485E-06  0.21565E-06  0.51413E-08
  0.19890E+03  0.28619E-06  0.22996E-06  0.10873E-07
  0.19920E+03  0.31288E-06  0.24275E-06  0.16469E-07
  0.19950E+03  0.33491E-06  0.25396E-06  0.21895E-07
  0.19980E+03  0.35233E-06  0.26346E-06  0.27118E-07
  0.20010E+03  0.36527E-06  0.27108E-06  0.32106E-07
  0.20040E+03  0.37390E-06  0.27664E-06  0.36832E-07
  0.20070E+03  0.37845E-06  0.27996E-06  0.41269E-07
  0.20100E+03  0.37921E-06  0.28089E-06  0.45395E-07
  0.20130E+03  0.37650E-06  0.27934E-06  0.49189E-07
  0.20160E+03  0.37069E-06  0.27525E-06  0.52637E-07
  0.20190E+03  0.36218E-06  0.26866E-06  0.55722E-07
  0.20220E+03  0.35134E-06  0.25961E-06  0.58437E-07
  0.20250E+03  0.33854E-06  0.24821E-06  0.60773E-07
  0.20280E+03  0.32413E-06  0.23456E-06  0.62727E-07
  0.20310E+03  0.30840E-06  0.21881E-06  0.64297E-07
  0.20340E+03  0.29167E-06  0.20107E-06  0.65487E-07
  0.20370E+03  0.27425E-06  0.18148E-06  0.66302E-07
  0.20400E+03  0.25647E-06  0.16018E-06  0.66750E-07
  0.20430E+03  0.23867E-06  0.13731E-06  0.66840E-07
  0.20460E+03  0.22126E-06  0.11304E-06  0.66587E-07
  0.20490E+03  0.20466E-06  0.87544E-07  0.66005E-07
  0.20520E+03  0.18933E-06  0.61022E-07  0.65112E-07
  0.20550E+03  0.17567E-06  0.33689E-07  0.63926E-07
  0.20580E+03  0.16408E-06  0.57606E-08  0.62468E-07
  0.20610E+03  0.15485E-06 -0.22567E-07  0.60759E-07
  0.20640E+03  0.14816E-06 -0.51119E-07  0.58822E-07
  0.20670E+03  0.14404E-06 -0.79744E-07  0.56679E-07
  0.20700E+03  0.14242E-06 -0.10829E-06  0.54355E-07
  0.20730E+03  0.14304E-06 -0.13658E-06  0.51873E-07
  0.20760E+03  0.14558E-06 -0.16439E-06  0.49256E-07
  0.20790E+03  0.14962E-06 -0.19146E-06  0.46529E-07
  0.20820E+03  0.15469E-06 -0.21747E-06  0.43714E-07
  0.20850E+03  0.16034E-06 -0.24207E-06  0.40833E-07
  0.20880E+03  0.16609E-06 -0.26493E-06  0.37909E-07
  0.20910E+03  0.17150E-06 -0.28571E-06  0.34960E-07
  0.20940E+03  0.17618E-06 -0.30415E-06  0.32006E-07
  0.20970E+03  0.17976E-06 -0.32005E-06  0.29065E-07
  0.21000E+03  0.18192E-06 -0.33330E-06  0.26154E-07
  0.21030E+03  0.18239E-06 -0.34390E-06  0.23287E-07
  0.21060E+03  0.18095E-06 -0.35191E-06  0.20477E-07
  0.21090E+03  0.17745E-06 -0.35749E-06  0.17736E-07
  0.21120E+03  0.17175E-06 -0.36085E-06  0.15073E-07
  0.21150E+03  0.16377E-06 -0.36219E-06  0.12499E-07
  0.21180E+03  0.15345E-06 -0.36172E-06  0.10018E-07
  0.21210E+03  0.14073E-06 -0.35957E-06  0.76365E-08
  0.21240E+03  0.12552E-06 -0.35583E-06  0.53581E-08
  0.21270E+03  0.10777E-06 -0.35048E-06  0.31849E-08
  0.21300E+03  0.87390E-07 -0.34342E-06  0.11177E-08
  0.21330E+03  0.64312E-07 -0.33447E-06 -0.84366E-09
  0.21360E+03  0.38487E-07 -0.32340E-06 -0.27008E-08
  0.21390E+03  0.99058E-08 -0.30993E-06 -0.44562E-08
  0.21420E+03 -0.21381E-07 -0.29380E-06 -0.61132E-08
  0.21450E+03 -0.55246E-07 -0.27472E-06 -0.76761E-08
  0.21480E+03 -0.91478E-07 -0.25244E-06 -0.91495E-08
  0.21510E+03 -0.12978E-06 -0.22674E-06 -0.10539E-07
  0.21540E+03 -0.16979E-06 -0.19746E-06 -0.11849E-07
  0.21570E+03 -0.21108E-06 -0.16449E-06 -0.13087E-07
  0.21600E+03 -0.25316E-06 -0.12783E-06 -0.14258E-07
  0.21630E+03 -0.29551E-06 -0.87520E-07 -0.15368E-07
  0.21660E+03 -0.33757E-06 -0.43732E-07 -0.16422E-07
  0.21690E+03 -0.37880E-06  0.32776E-08 -0.17426E-07
  0.21720E+03 -0.41863E-06  0.53142E-07 -0.18385E-07
  0.21750E+03 -0.45652E-06  0.10538E-06 -0.19304E-07
  0.21780E+03 -0.49193E-06  0.15942E-06 -0.20185E-07
  0.21810E+03 -0.52436E-06  0.21458E-06 -0.21034E-07
  0.21840E+03 -0.55329E-06  0.27012E-06 -0.21852E-07
  0.21870E+03 -0.57824E-06  0.32524E-06 -0.22642E-07
  0.21900E+03 -0.59874E-06  0.37913E-06 -0.23404E-07
  0.21930E+03 -0.61434E-06  0.43099E-06 -0.24140E-07
  0.21960E+03 -0.62465E-06  0.48003E-06 -0.24849E-07
  0.21990E+03 -0.62936E-06  0.52554E-06 -0.25530E-07
  0.22020E+03 -0.62823E-06  0.56683E-06 -0.26182E-07
  0.22050E+03 -0.62112E-06  0.60329E-06 -0.26802E-07
  0.22080E+03 -0.60802E-06  0.63440E-06 -0.27388E-07
  0.22110E+03 -0.58904E-06  0.65965E-06 -0.27935E-07
  0.22140E+03 -0.56441E-06  0.67863E-06 -0.28440E-07
  0.22170E+03 -0.53445E-06  0.69100E-06 -0.28899E-07
  0.22200E+03 -0.49956E-06  0.69647E-06 -0.29306E-07
  0.22230E+03 -0.46019E-06  0.69488E-06 -0.29657E-07
  0.22260E+03 -0.41686E-06  0.68612E-06 -0.29947E-07
  0.22290E+03 -0.37008E-06  0.67025E-06 -0.30169E-07
  0.22320E+03 -0.32039E-06  0.64738E-06 -0.30320E-07
  0.22350E+03 -0.26832E-06  0.61780E-06 -0.30393E-07
  0.22380E+03 -0.21436E-06  0.58189E-06 -0.30384E-07
  0.22410E+03 -0.15896E-06  0.54016E-06 -0.30288E-07
  0.22440E+03 -0.10255E-06  0.49322E-06 -0.30100E-07
  0.22470E+03 -0.45465E-07  0.44177E-06 -0.29817E-07
  0.22500E+03  0.11974E-07  0.38654E-06 -0.29435E-07
  0.22530E+03  0.69495E-07  0.32826E-06 -0.28952E-07
  0.22560E+03  0.12683E-06  0.26765E-06 -0.28365E-07
  0.22590E+03  0.18371E-06  0.20538E-06 -0.27673E-07
  0.22620E+03  0.23980E-06  0.14206E-06 -0.26875E-07
  0.22650E+03  0.29474E-06  0.78227E-07 -0.25971E-07
  0.22680E+03  0.34805E-06  0.14398E-07 -0.24962E-07
  0.22710E+03  0.39923E-06 -0.48962E-07 -0.23850E-07
  0.22740E+03  0.44770E-06 -0.11140E-06 -0.22637E-07
  0.22770E+03  0.49292E-06 -0.17247E-06 -0.21327E-07
  0.22800E+03  0.53434E-06 -0.23176E-06 -0.19923E-07
  0.22830E+03  0.57152E-06 -0.28884E-06 -0.18432E-07
  0.22860E+03  0.60407E-06 -0.34334E-06 -0.16858E-07
  0.22890E+03  0.63170E-06 -0.39496E-06 -0.15207E-07
  0.22920E+03  0.65420E-06 -0.44343E-06 -0.13489E-07
  0.22950E+03  0.67141E-06 -0.48854E-06 -0.11709E-07
  0.22980E+03  0.68324E-06 -0.53011E-06 -0.98760E-08
  0.23010E+03  0.68963E-06 -0.56801E-06 -0.79994E-08
  0.23040E+03  0.69055E-06 -0.60208E-06 -0.60881E-08
  0.23070E+03  0.68605E-06 -0.63215E-06 -0.41518E-08
  0.23100E+03  0.67620E-06 -0.65804E-06 -0.22001E-08
  0.23130E+03  0.66115E-06 -0.67954E-06 -0.24327E-09
  0.23160E+03  0.64112E-06 -0.69643E-06  0.17087E-08
  0.23190E+03  0.61639E-06 -0.70851E-06  0.36456E-08
  0.23220E+03  0.58734E-06 -0.71561E-06  0.55573E-08
  0.23250E+03  0.55437E-06 -0.71757E-06  0.74340E-08
  0.23280E+03  0.51793E-06 -0.71431E-06  0.92660E-08
  0.23310E+03  0.47852E-06 -0.70579E-06  0.11044E-07
  0.23340E+03  0.43666E-06 -0.69204E-06  0.12759E-07
  0.23370E+03  0.39286E-06 -0.67313E-06  0.14402E-07
  0.23400E+03  0.34765E-06 -0.64920E-06  0.15965E-07
  0.23430E+03  0.30148E-06 -0.62045E-06  0.17442E-07
  0.23460E+03  0.25475E-06 -0.58711E-06  0.18824E-07
  0.23490E+03  0.20780E-06 -0.54944E-06  0.20107E-07
  0.23520E+03  0.16084E-06 -0.50771E-06  0.21284E-07
  0.23550E+03  0.11399E-06 -0.46224E-06  0.22350E-07
  0.23580E+03  0.67258E-07 -0.41334E-06  0.23303E-07
  0.23610E+03  0.20612E-07 -0.36137E-06  0.24138E-07
  0.23640E+03 -0.26028E-07 -0.30672E-06  0.24854E-07
  0.23670E+03 -0.72726E-07 -0.24981E-06  0.25449E-07
  0.23700E+03 -0.11949E-06 -0.19109E-06  0.25921E-07
  0.23730E+03 -0.16622E-06 -0.13105E-06  0.26272E-07
  0.23760E+03 -0.21271E-06 -0.70153E-07  0.26502E-07
  0.23790E+03 -0.25863E-06 -0.88939E-08  0.26612E-07
  0.23820E+03 -0.30351E-06  0.52257E-07  0.26604E-07
  0.23850E+03 -0.34681E-06  0.11285E-06  0.26482E-07
  0.23880E+03 -0.38792E-06  0.17244E-06  0.26249E-07
  0.23910E+03 -0.42623E-06  0.23063E-06  0.25909E-07
  0.23940E+03 -0.46117E-06  0.28699E-06  0.25467E-07
  0.23970E+03 -0.49226E-06  0.34113E-06  0.24927E-07
  0.24000E+03 -0.51915E-06  0.39260E-06  0.24296E-07
  0.24030E+03 -0.54160E-06  0.44096E-06  0.23578E-07
  0.24060E+03 -0.55952E-06  0.48575E-06  0.22781E-07
  0.24090E+03 -0.57289E-06  0.52651E-06  0.21910E-07
  0.24120E+03 -0.58183E-06  0.56280E-06  0.20973E-07
  0.24150E+03 -0.58647E-06  0.59423E-06  0.19975E-07
  0.24180E+03 -0.58701E-06  0.62046E-06  0.18925E-07
  0.24210E+03 -0.58364E-06  0.64126E-06  0.17828E-07
  0.24240E+03 -0.57655E-06  0.65649E-06  0.16691E-07
  0.24270E+03 -0.56595E-06  0.66613E-06  0.15521E-07
  0.24300E+03 -0.55199E-06  0.67028E-06  0.14326E-07
  0.24330E+03 -0.53486E-06  0.66910E-06  0.13110E-07
  0.24360E+03 -0.51472E-06  0.66284E-06  0.11881E-07
  0.24390E+03 -0.49174E-06  0.65178E-06  0.10644E-07
  0.24420E+03 -0.46612E-06  0.63621E-06  0.94054E-08
  0.24450E+03 -0.43805E-06  0.61646E-06  0.81701E-08
  0.24480E+03 -0.40775E-06  0.59286E-06  0.69434E-08
  0.24510E+03 -0.37541E-06  0.56575E-06  0.57299E-08
  0.24540E+03 -0.34125E-06  0.53551E-06  0.45341E-08
  0.24570E+03 -0.30551E-06  0.50251E-06  0.33600E-08
  0.24600E+03 -0.26843E-06  0.46710E-06  0.22111E-08
  0.24630E+03 -0.23025E-06  0.42965E-06  0.10908E-08
  0.24660E+03 -0.19127E-06  0.39048E-06  0.19416E-11
  0.24690E+03 -0.15176E-06  0.34989E-06 -0.10529E-08
  0.24720E+03 -0.11202E-06  0.30817E-06 -0.20715E-08
  0.24750E+03 -0.72325E-07  0.26555E-06 -0.30521E-08
  0.24780E+03 -0.32943E-07  0.22226E-06 -0.39931E-08
  0.24810E+03  0.58926E-08  0.17850E-06 -0.48933E-08
  0.24840E+03  0.43976E-07  0.13442E-06 -0.57517E-08
  0.24870E+03  0.81127E-07  0.90166E-07 -0.65677E-08
  0.24900E+03  0.11719E-06  0.45881E-07 -0.73408E-08
  0.24930E+03  0.15202E-06  0.16848E-08 -0.80707E-08
  0.24960E+03  0.18549E-06 -0.42300E-07 -0.87575E-08
  0.24990E+03  0.21748E-06 -0.85945E-07 -0.94011E-08
  0.25020E+03  0.24787E-06 -0.12911E-06 -0.10002E-07
  0.25050E+03  0.27655E-06 -0.17163E-06 -0.10560E-07
  0.25080E+03  0.30342E-06 -0.21330E-06 -0.11077E-07
  0.25110E+03  0.32839E-06 -0.25389E-06 -0.11552E-07
  0.25140E+03  0.35139E-06 -0.29311E-06 -0.11986E-07
  0.25170E+03  0.37233E-06 -0.33058E-06 -0.12380E-07
  0.25200E+03  0.39116E-06 -0.36589E-06 -0.12734E-07
  0.25230E+03  0.40780E-06 -0.39856E-06 -0.13049E-07
  0.25260E+03  0.42221E-06 -0.42808E-06 -0.13326E-07
  0.25290E+03  0.43434E-06 -0.45394E-06 -0.13564E-07
  0.25320E+03  0.44416E-06 -0.47565E-06 -0.13766E-07
  0.25350E+03  0.45166E-06 -0.49280E-06 -0.13931E-07
  0.25380E+03  0.45683E-06 -0.50509E-06 -0.14059E-07
  0.25410E+03  0.45970E-06 -0.51232E-06 -0.14152E-07
  0.25440E+03  0.46031E-06 -0.51445E-06 -0.14209E-07
  0.25470E+03  0.45871E-06 -0.51160E-06 -0.14231E-07
  0.25500E+03  0.45497E-06 -0.50400E-06 -0.14218E-07
  0.25530E+03  0.44916E-06 -0.49199E-06 -0.14170E-07
  0.25560E+03  0.44137E-06 -0.47601E-06 -0.14088E-07
  0.25590E+03  0.43173E-06 -0.45650E-06 -0.13971E-07
  0.25620E+03  0.42037E-06 -0.43393E-06 -0.13820E-07
  0.25650E+03  0.40745E-06 -0.40874E-06 -0.13636E-07
  0.25680E+03  0.39315E-06 -0.38135E-06 -0.13418E-07
  0.25710E+03  0.37760E-06 -0.35215E-06 -0.13166E-07
  0.25740E+03  0.36092E-06 -0.32150E-06 -0.12881E-07
  0.25770E+03  0.34315E-06 -0.28977E-06 -0.12563E-07
  0.25800E+03  0.32427E-06 -0.25733E-06 -0.12213E-07
  0.25830E+03  0.30415E-06 -0.22454E-06 -0.11831E-07
  0.25860E+03  0.28267E-06 -0.19180E-06 -0.11417E-07
  0.25890E+03  0.25964E-06 -0.15949E-06 -0.10973E-07
  0.25920E+03  0.23490E-06 -0.12799E-06 -0.10499E-07
  0.25950E+03  0.20833E-06 -0.97674E-07 -0.99953E-08
  0.25980E+03  0.17988E-06 -0.68846E-07 -0.94640E-08
  0.26010E+03  0.14959E-06 -0.41764E-07 -0.89057E-08
  0.26040E+03  0.11754E-06 -0.16607E-07 -0.83220E-08
  0.26070E+03  0.83920E-07  0.65336E-08 -0.77141E-08
  0.26100E+03  0.48932E-07  0.27654E-07 -0.70838E-08
  0.26130E+03  0.12821E-07  0.46836E-07 -0.64327E-08
  0.26160E+03 -0.24168E-07  0.64226E-07 -0.57627E-08
  0.26190E+03 -0.61801E-07  0.80009E-07 -0.50759E-08
  0.26220E+03 -0.99867E-07  0.94390E-07 -0.43744E-08
  0.26250E+03 -0.13818E-06  0.10756E-06 -0.36604E-08
  0.26280E+03 -0.17659E-06  0.11969E-06 -0.29364E-08
  0.26310E+03 -0.21495E-06  0.13090E-06 -0.22049E-08
  0.26340E+03 -0.25311E-06  0.14127E-06 -0.14684E-08
  0.26370E+03 -0.29091E-06  0.15084E-06 -0.72960E-09
  0.26400E+03 -0.32815E-06  0.15959E-06  0.87341E-11
  0.26430E+03 -0.36458E-06  0.16749E-06  0.74384E-09
  0.26460E+03 -0.39993E-06  0.17444E-06  0.14729E-08
  0.26490E+03 -0.43384E-06  0.18037E-06  0.21931E-08
  0.26520E+03 -0.46593E-06  0.18519E-06  0.29017E-08
  0.26550E+03 -0.49580E-06  0.18881E-06  0.35957E-08
  0.26580E+03 -0.52302E-06  0.19118E-06  0.42725E-08
  0.26610E+03 -0.54717E-06  0.19230E-06  0.49293E-08
  0.26640E+03 -0.56787E-06  0.19217E-06  0.55635E-08
  0.26670E+03 -0.58472E-06  0.19088E-06  0.61726E-08
  0.26700E+03 -0.59740E-06  0.18856E-06  0.67541E-08
  0.26730E+03 -0.60560E-06  0.18538E-06  0.73057E-08
  0.26760E+03 -0.60903E-06  0.18161E-06  0.78253E-08
  0.26790E+03 -0.60748E-06  0.17754E-06  0.83108E-08
  0.26820E+03 -0.60075E-06  0.17352E-06  0.87605E-08
  0.26850E+03 -0.58872E-06  0.16989E-06  0.91726E-08
  0.26880E+03 -0.57137E-06  0.16697E-06  0.95457E-08
  0.26910E+03 -0.54872E-06  0.16503E-06  0.98784E-08
  0.26940E+03 -0.52092E-06  0.16426E-06  0.10170E-07
  0.26970E+03 -0.48820E-06  0.16476E-06  0.10419E-07
  0.27000E+03 -0.45086E-06  0.16652E-06  0.10625E-07
  0.27030E+03 -0.40929E-06  0.16948E-06  0.10788E-07
  0.27060E+03 -0.36393E-06  0.17348E-06  0.10908E-07
  0.27090E+03 -0.31525E-06  0.17832E-06  0.10984E-07
  0.27120E+03 -0.26372E-06  0.18375E-06  0.11017E-07
  0.27150E+03 -0.20984E-06  0.18951E-06  0.11007E-07
  0.27180E+03 -0.15411E-06  0.19531E-06  0.10955E-07
  0.27210E+03 -0.97018E-07  0.20088E-06  0.10862E-07
  0.27240E+03 -0.39040E-07  0.20594E-06  0.10728E-07
  0.27270E+03  0.19349E-07  0.21026E-06  0.10555E-07
  0.27300E+03  0.77680E-07  0.21361E-06  0.10345E-07
  0.27330E+03  0.13548E-06  0.21578E-06  0.10099E-07
  0.27360E+03  0.19230E-06  0.21656E-06  0.98180E-08
  0.27390E+03  0.24765E-06  0.21575E-06  0.95047E-08
  0.27420E+03  0.30109E-06  0.21312E-06  0.91607E-08
  0.27450E+03  0.35216E-06  0.20843E-06  0.87882E-08
  0.27480E+03  0.40039E-06  0.20141E-06  0.83893E-08
  0.27510E+03  0.44532E-06  0.19178E-06  0.79662E-08
  0.27540E+03  0.48650E-06  0.17927E-06  0.75211E-08
  0.27570E+03  0.52345E-06  0.16364E-06  0.70564E-08
  0.27600E+03  0.55571E-06  0.14470E-06  0.65745E-08
  0.27630E+03  0.58286E-06  0.12233E-06  0.60776E-08
  0.27660E+03  0.60445E-06  0.96499E-07  0.55683E-08
  0.27690E+03  0.62010E-06  0.67293E-07  0.50487E-08
  0.27720E+03  0.62948E-06  0.34876E-07  0.45214E-08
  0.27750E+03  0.63231E-06 -0.49962E-09  0.39885E-08
  0.27780E+03  0.62842E-06 -0.38511E-07  0.34523E-08
  0.27810E+03  0.61773E-06 -0.78783E-07  0.29150E-08
  0.27840E+03  0.60026E-06 -0.12091E-06  0.23787E-08
  0.27870E+03  0.57614E-06 -0.16447E-06  0.18455E-08
  0.27900E+03  0.54562E-06 -0.20900E-06  0.13172E-08
  0.27930E+03  0.50905E-06 -0.25404E-06  0.79590E-09
  0.27960E+03  0.46686E-06 -0.29909E-06  0.28321E-09
  0.27990E+03  0.41960E-06 -0.34360E-06 -0.21918E-09
  0.28020E+03  0.36791E-06 -0.38697E-06 -0.70969E-09
  0.28050E+03  0.31249E-06 -0.42859E-06 -0.11869E-08
  0.28080E+03  0.25413E-06 -0.46778E-06 -0.16494E-08
  0.28110E+03  0.19365E-06 -0.50389E-06 -0.20961E-08
  0.28140E+03  0.13191E-06 -0.53626E-06 -0.25257E-08
  0.28170E+03  0.69770E-07 -0.56429E-06 -0.29374E-08
  0.28200E+03  0.80950E-08 -0.58745E-06 -0.33301E-08
  0.28230E+03 -0.52282E-07 -0.60528E-06 -0.37032E-08
  0.28260E+03 -0.11056E-06 -0.61741E-06 -0.40558E-08
  0.28290E+03 -0.16599E-06 -0.62354E-06 -0.43876E-08
  0.28320E+03 -0.21787E-06 -0.62351E-06 -0.46979E-08
  0.28350E+03 -0.26557E-06 -0.61721E-06 -0.49864E-08
  0.28380E+03 -0.30853E-06 -0.60465E-06 -0.52527E-08
  0.28410E+03 -0.34628E-06 -0.58592E-06 -0.54967E-08
  0.28440E+03 -0.37841E-06 -0.56123E-06 -0.57183E-08
  0.28470E+03 -0.40465E-06 -0.53082E-06 -0.59173E-08
  0.28500E+03 -0.42477E-06 -0.49503E-06 -0.60938E-08
  0.28530E+03 -0.43866E-06 -0.45420E-06 -0.62479E-08
  0.28560E+03 -0.44629E-06 -0.40871E-06 -0.63797E-08
  0.28590E+03 -0.44771E-06 -0.35898E-06 -0.64893E-08
  0.28620E+03 -0.44304E-06 -0.30543E-06 -0.65770E-08
  0.28650E+03 -0.43246E-06 -0.24854E-06 -0.66432E-08
  0.28680E+03 -0.41623E-06 -0.18883E-06 -0.66881E-08
  0.28710E+03 -0.39463E-06 -0.12686E-06 -0.67121E-08
  0.28740E+03 -0.36802E-06 -0.63276E-07 -0.67156E-08
  0.28770E+03 -0.33678E-06  0.12900E-08 -0.66991E-08
  0.28800E+03 -0.30133E-06  0.66180E-07 -0.66629E-08
  0.28830E+03 -0.26213E-06  0.13076E-06 -0.66077E-08
  0.28860E+03 -0.21965E-06  0.19443E-06 -0.65338E-08
  0.28890E+03 -0.17437E-06  0.25666E-06 -0.64419E-08
  0.28920E+03 -0.12683E-06  0.31696E-06 -0.63326E-08
  0.28950E+03 -0.77534E-07  0.37491E-06 -0.62063E-08
  0.28980E+03 -0.27029E-07  0.43015E-06 -0.60637E-08
  0.29010E+03  0.24140E-07  0.48235E-06 -0.59054E-08
  0.29040E+03  0.75417E-07  0.53118E-06 -0.57320E-08
  0.29070E+03  0.12624E-06  0.57636E-06 -0.55442E-08
  0.29100E+03  0.17601E-06  0.61757E-06 -0.53427E-08
  0.29130E+03  0.22415E-06  0.65450E-06 -0.51282E-08
  0.29160E+03  0.27001E-06  0.68681E-06 -0.49013E-08
  0.29190E+03  0.31295E-06  0.71416E-06 -0.46628E-08
  0.29220E+03  0.35229E-06  0.73617E-06 -0.44134E-08
  0.29250E+03  0.38737E-06  0.75248E-06 -0.41539E-08
  0.29280E+03  0.41753E-06  0.76270E-06 -0.38851E-08
  0.29310E+03  0.44216E-06  0.76648E-06 -0.36078E-08
  0.29340E+03  0.46072E-06  0.76351E-06 -0.33228E-08
  0.29370E+03  0.47276E-06  0.75356E-06 -0.30309E-08
  0.29400E+03  0.47794E-06  0.73647E-06 -0.27330E-08
  0.29430E+03  0.47607E-06  0.71221E-06 -0.24299E-08
  0.29460E+03  0.46708E-06  0.68083E-06 -0.21227E-08
  0.29490E+03  0.45101E-06  0.64253E-06 -0.18120E-08
  0.29520E+03  0.42805E-06  0.59759E-06 -0.14990E-08
  0.29550E+03  0.39846E-06  0.54639E-06 -0.11845E-08
  0.29580E+03  0.36261E-06  0.48940E-06 -0.86936E-09
  0.29610E+03  0.32092E-06  0.42717E-06 -0.55466E-09
  0.29640E+03  0.27389E-06  0.36030E-06 -0.24130E-09
  0.29670E+03  0.22209E-06  0.28948E-06  0.69765E-10
  0.29700E+03  0.16614E-06  0.21547E-06  0.37758E-09
  0.29730E+03  0.10675E-06  0.13915E-06  0.68120E-09
  0.29760E+03  0.44680E-07  0.61434E-07  0.97967E-09
  0.29790E+03 -0.19282E-07 -0.16640E-07  0.12721E-08
  0.29820E+03 -0.84313E-07 -0.93994E-07  0.15575E-08
  0.29850E+03 -0.14960E-06 -0.16951E-06  0.18350E-08
  0.29880E+03 -0.21434E-06 -0.24205E-06  0.21038E-08
  0.29910E+03 -0.27781E-06 -0.31051E-06  0.23630E-08
  0.29940E+03 -0.33932E-06 -0.37383E-06  0.26117E-08
  0.29970E+03 -0.39823E-06 -0.43101E-06  0.28492E-08
  0.30000E+03 -0.45399E-06 -0.48116E-06  0.30748E-08
  0.30030E+03 -0.50605E-06 -0.52354E-06  0.32877E-08
  0.30060E+03 -0.55391E-06 -0.55757E-06  0.34873E-08
  0.30090E+03 -0.59705E-06 -0.58282E-06  0.36729E-08
  0.30120E+03 -0.63496E-06 -0.59910E-06  0.38440E-08
  0.30150E+03 -0.66709E-06 -0.60636E-06  0.40002E-08
  0.30180E+03 -0.69293E-06 -0.60476E-06  0.41409E-08
  0.30210E+03 -0.71194E-06 -0.59459E-06  0.42657E-08
  0.30240E+03 -0.72365E-06 -0.57626E-06  0.43744E-08
  0.30270E+03 -0.72768E-06 -0.55028E-06  0.44667E-08
  0.30300E+03 -0.72375E-06 -0.51723E-06  0.45423E-08
  0.30330E+03 -0.71172E-06 -0.47775E-06  0.46012E-08
  0.30360E+03 -0.69161E-06 -0.43253E-06  0.46432E-08
  0.30390E+03 -0.66361E-06 -0.38232E-06  0.46685E-08
  0.30420E+03 -0.62806E-06 -0.32793E-06  0.46770E-08
  0.30450E+03 -0.58546E-06 -0.27021E-06  0.46689E-08
  0.30480E+03 -0.53642E-06 -0.21007E-06  0.46444E-08
  0.30510E+03 -0.48168E-06 -0.14847E-06  0.46038E-08
  0.30540E+03 -0.42201E-06 -0.86390E-07  0.45474E-08
  0.30570E+03 -0.35826E-06 -0.24817E-07  0.44756E-08
  0.30600E+03 -0.29131E-06  0.35273E-07  0.43888E-08
  0.30630E+03 -0.22200E-06  0.92944E-07  0.42876E-08
  0.30660E+03 -0.15118E-06  0.14732E-06  0.41725E-08
  0.30690E+03 -0.79675E-07  0.19761E-06  0.40442E-08
