  0.00000E+00 -0.50144E-17 -0.10300E-17 -0.10029E-17
  0.30000E+00  0.49873E-16  0.99747E-17  0.30032E-16
  0.60000E+00 -0.11210E-12 -0.98900E-13  0.13578E-12
  0.90000E+00 -0.87830E-12 -0.77299E-12  0.10620E-11
  0.12000E+01 -0.35300E-11 -0.30850E-11  0.42625E-11
  0.15000E+01 -0.99300E-11 -0.87130E-11  0.12016E-10
  0.18000E+01 -0.22500E-10 -0.19680E-10  0.27202E-10
  0.21000E+01 -0.43870E-10 -0.38480E-10  0.53079E-10
  0.24000E+01 -0.76930E-10 -0.67500E-10  0.93128E-10
  0.27000E+01 -0.12450E-09 -0.10919E-09  0.15082E-09
  0.30000E+01 -0.18930E-09 -0.16630E-09  0.22944E-09
  0.33000E+01 -0.27400E-09 -0.24080E-09  0.33188E-09
  0.36000E+01 -0.38040E-09 -0.33350E-09  0.46074E-09
  0.39000E+01 -0.50950E-09 -0.44760E-09  0.61765E-09
  0.42000E+01 -0.66280E-09 -0.58220E-09  0.80375E-09
  0.45000E+01 -0.84080E-09 -0.73750E-09  0.10192E-08
  0.48000E+01 -0.10423E-08 -0.91480E-09  0.12633E-08
  0.51000E+01 -0.12658E-08 -0.11140E-08  0.15345E-08
  0.54000E+01 -0.15080E-08 -0.13260E-08  0.18301E-08
  0.57000E+01 -0.17750E-08 -0.15540E-08  0.21464E-08
  0.60000E+01 -0.20470E-08 -0.17930E-08  0.24789E-08
  0.63000E+01 -0.23290E-08 -0.20450E-08  0.28227E-08
  0.66000E+01 -0.26130E-08 -0.22930E-08  0.31714E-08
  0.69000E+01 -0.28960E-08 -0.25430E-08  0.35180E-08
  0.72000E+01 -0.31800E-08 -0.27850E-08  0.38549E-08
  0.75000E+01 -0.34370E-08 -0.30250E-08  0.41744E-08
  0.78000E+01 -0.36830E-08 -0.32300E-08  0.44684E-08
  0.81000E+01 -0.38920E-08 -0.34190E-08  0.47275E-08
  0.84000E+01 -0.40740E-08 -0.35760E-08  0.49448E-08
  0.87000E+01 -0.42120E-08 -0.37020E-08  0.51110E-08
  0.90000E+01 -0.42900E-08 -0.37790E-08  0.52188E-08
  0.93000E+01 -0.43330E-08 -0.38030E-08  0.52606E-08
  0.96000E+01 -0.43020E-08 -0.37780E-08  0.52302E-08
  0.99000E+01 -0.42050E-08 -0.37050E-08  0.51192E-08
  0.10200E+02 -0.40480E-08 -0.35570E-08  0.49253E-08
  0.10500E+02 -0.38170E-08 -0.33530E-08  0.46426E-08
  0.10800E+02 -0.35201E-08 -0.30900E-08  0.42693E-08
  0.11100E+02 -0.31500E-08 -0.27460E-08  0.38037E-08
  0.11400E+02 -0.26700E-08 -0.23430E-08  0.32438E-08
  0.11700E+02 -0.21600E-08 -0.18750E-08  0.25918E-08
  0.12000E+02 -0.15300E-08 -0.13330E-08  0.18509E-08
  0.12300E+02 -0.82002E-09 -0.73402E-09  0.10233E-08
  0.12600E+02 -0.79922E-10 -0.79979E-10  0.11580E-09
  0.12900E+02  0.70997E-09  0.63199E-09 -0.86660E-09
  0.13200E+02  0.15700E-08  0.13900E-08 -0.19149E-08
  0.13500E+02  0.25400E-08  0.21870E-08 -0.30190E-08
  0.13800E+02  0.34900E-08  0.30170E-08 -0.41708E-08
  0.14100E+02  0.44400E-08  0.38797E-08 -0.53566E-08
  0.14400E+02  0.53900E-08  0.47510E-08 -0.65647E-08
  0.14700E+02  0.64199E-08  0.56310E-08 -0.77831E-08
  0.15000E+02  0.73800E-08  0.65170E-08 -0.89966E-08
  0.15300E+02  0.83900E-08  0.73740E-08 -0.10191E-07
  0.15600E+02  0.93399E-08  0.81800E-08 -0.11352E-07
  0.15900E+02  0.10310E-07  0.90199E-08 -0.12466E-07
  0.16200E+02  0.11150E-07  0.98100E-08 -0.13516E-07
  0.16500E+02  0.11910E-07  0.10500E-07 -0.14490E-07
  0.16800E+02  0.12660E-07  0.11100E-07 -0.15372E-07
  0.17100E+02  0.13330E-07  0.11710E-07 -0.16150E-07
  0.17400E+02  0.13860E-07  0.12130E-07 -0.16811E-07
  0.17700E+02  0.14280E-07  0.12510E-07 -0.17345E-07
  0.18000E+02  0.14592E-07  0.12820E-07 -0.17738E-07
  0.18300E+02  0.14791E-07  0.13040E-07 -0.17984E-07
  0.18600E+02  0.14866E-07  0.13040E-07 -0.18075E-07
  0.18900E+02  0.14799E-07  0.12980E-07 -0.18005E-07
  0.19200E+02  0.14604E-07  0.12900E-07 -0.17766E-07
  0.19500E+02  0.14266E-07  0.12530E-07 -0.17357E-07
  0.19800E+02  0.13782E-07  0.12170E-07 -0.16781E-07
  0.20100E+02  0.13164E-07  0.11640E-07 -0.16037E-07
  0.20400E+02  0.12412E-07  0.10980E-07 -0.15126E-07
  0.20700E+02  0.11523E-07  0.10140E-07 -0.14049E-07
  0.21000E+02  0.10502E-07  0.92900E-08 -0.12817E-07
  0.21300E+02  0.93540E-08  0.82500E-08 -0.11432E-07
  0.21600E+02  0.81300E-08  0.71700E-08 -0.98880E-08
  0.21900E+02  0.67801E-08  0.61000E-08 -0.80420E-08
  0.22200E+02  0.52299E-08  0.53401E-08 -0.55220E-08
  0.22500E+02  0.36000E-08  0.55497E-08 -0.18710E-08
  0.22800E+02  0.18902E-08  0.73101E-08  0.31220E-08
  0.23100E+02  0.18008E-09  0.10950E-07  0.94130E-08
  0.23400E+02 -0.17099E-08  0.16750E-07  0.16790E-07
  0.23700E+02 -0.33501E-08  0.24610E-07  0.25080E-07
  0.24000E+02 -0.49199E-08  0.34680E-07  0.34165E-07
  0.24300E+02 -0.62500E-08  0.46680E-07  0.43912E-07
  0.24600E+02 -0.71300E-08  0.60730E-07  0.54117E-07
  0.24900E+02 -0.76802E-08  0.76719E-07  0.64500E-07
  0.25200E+02 -0.76097E-08  0.94448E-07  0.74784E-07
  0.25500E+02 -0.69799E-08  0.11374E-06  0.84746E-07
  0.25800E+02 -0.55402E-08  0.13441E-06  0.94172E-07
  0.26100E+02 -0.33601E-08  0.15606E-06  0.10282E-06
  0.26400E+02 -0.27012E-09  0.17854E-06  0.11035E-06
  0.26700E+02  0.37303E-08  0.20119E-06  0.11639E-06
  0.27000E+02  0.88698E-08  0.22345E-06  0.12051E-06
  0.27300E+02  0.15020E-07  0.24474E-06  0.12227E-06
  0.27600E+02  0.22380E-07  0.26398E-06  0.12118E-06
  0.27900E+02  0.31000E-07  0.28024E-06  0.11681E-06
  0.28200E+02  0.40760E-07  0.29266E-06  0.10872E-06
  0.28500E+02  0.51690E-07  0.30002E-06  0.96592E-07
  0.28800E+02  0.63800E-07  0.30128E-06  0.80198E-07
  0.29100E+02  0.76970E-07  0.29533E-06  0.59445E-07
  0.29400E+02  0.90920E-07  0.28146E-06  0.34363E-07
  0.29700E+02  0.10556E-06  0.25881E-06  0.50770E-08
  0.30000E+02  0.12075E-06  0.22685E-06 -0.28121E-07
  0.30300E+02  0.13599E-06  0.18533E-06 -0.64829E-07
  0.30600E+02  0.15115E-06  0.13393E-06 -0.10455E-06
  0.30900E+02  0.16588E-06  0.72921E-07 -0.14666E-06
  0.31200E+02  0.17971E-06  0.27203E-08 -0.19053E-06
  0.31500E+02  0.19225E-06 -0.76190E-07 -0.23539E-06
  0.31800E+02  0.20313E-06 -0.16291E-06 -0.28047E-06
  0.32100E+02  0.21203E-06 -0.25643E-06 -0.32494E-06
  0.32400E+02  0.21838E-06 -0.35559E-06 -0.36790E-06
  0.32700E+02  0.22198E-06 -0.45889E-06 -0.40843E-06
  0.33000E+02  0.22231E-06 -0.56479E-06 -0.44562E-06
  0.33300E+02  0.21921E-06 -0.67176E-06 -0.47856E-06
  0.33600E+02  0.21227E-06 -0.77787E-06 -0.50636E-06
  0.33900E+02  0.20129E-06 -0.88136E-06 -0.52823E-06
  0.34200E+02  0.18610E-06 -0.98017E-06 -0.54340E-06
  0.34500E+02  0.16658E-06 -0.10725E-05 -0.55123E-06
  0.34800E+02  0.14265E-06 -0.11561E-05 -0.55114E-06
  0.35100E+02  0.11437E-06 -0.12293E-05 -0.54272E-06
  0.35400E+02  0.81780E-07 -0.12902E-05 -0.52565E-06
  0.35700E+02  0.45040E-07 -0.13372E-05 -0.49978E-06
  0.36000E+02  0.45600E-08 -0.13687E-05 -0.46507E-06
  0.36300E+02 -0.39600E-07 -0.13833E-05 -0.42165E-06
  0.36600E+02 -0.87000E-07 -0.13800E-05 -0.36977E-06
  0.36900E+02 -0.13711E-06 -0.13578E-05 -0.30980E-06
  0.37200E+02 -0.18985E-06 -0.13157E-05 -0.24223E-06
  0.37500E+02 -0.24527E-06 -0.12532E-05 -0.16764E-06
  0.37800E+02 -0.30512E-06 -0.11700E-05 -0.86616E-07
  0.38100E+02 -0.37196E-06 -0.10662E-05  0.24704E-09
  0.38400E+02 -0.44869E-06 -0.94265E-06  0.92285E-07
  0.38700E+02 -0.53750E-06 -0.80014E-06  0.18885E-06
  0.39000E+02 -0.63950E-06 -0.64017E-06  0.28903E-06
  0.39300E+02 -0.75442E-06 -0.46385E-06  0.39165E-06
  0.39600E+02 -0.88149E-06 -0.27282E-06  0.49565E-06
  0.39900E+02 -0.10197E-05 -0.69060E-07  0.59964E-06
  0.40200E+02 -0.11679E-05  0.14519E-06  0.70251E-06
  0.40500E+02 -0.13248E-05  0.36765E-06  0.80305E-06
  0.40800E+02 -0.14888E-05  0.59550E-06  0.90003E-06
  0.41100E+02 -0.16578E-05  0.82656E-06  0.99251E-06
  0.41400E+02 -0.18292E-05  0.10580E-05  0.10792E-05
  0.41700E+02 -0.19995E-05  0.12874E-05  0.11592E-05
  0.42000E+02 -0.21656E-05  0.15122E-05  0.12313E-05
  0.42300E+02 -0.23234E-05  0.17295E-05  0.12945E-05
  0.42600E+02 -0.24683E-05  0.19370E-05  0.13479E-05
  0.42900E+02 -0.25952E-05  0.21318E-05  0.13906E-05
  0.43200E+02 -0.26984E-05  0.23115E-05  0.14222E-05
  0.43500E+02 -0.27718E-05  0.24738E-05  0.14420E-05
  0.43800E+02 -0.28090E-05  0.26165E-05  0.14499E-05
  0.44100E+02 -0.28028E-05  0.27376E-05  0.14454E-05
  0.44400E+02 -0.27466E-05  0.28353E-05  0.14285E-05
  0.44700E+02 -0.26337E-05  0.29081E-05  0.13987E-05
  0.45000E+02 -0.24584E-05  0.29546E-05  0.13557E-05
  0.45300E+02 -0.22164E-05  0.29733E-05  0.12994E-05
  0.45600E+02 -0.19045E-05  0.29630E-05  0.12295E-05
  0.45900E+02 -0.15213E-05  0.29231E-05  0.11460E-05
  0.46200E+02 -0.10673E-05  0.28529E-05  0.10490E-05
  0.46500E+02 -0.54516E-06  0.27524E-05  0.93877E-06
  0.46800E+02  0.40800E-07  0.26219E-05  0.81561E-06
  0.47100E+02  0.68382E-06  0.24622E-05  0.67993E-06
  0.47400E+02  0.13755E-05  0.22743E-05  0.53244E-06
  0.47700E+02  0.21057E-05  0.20595E-05  0.37403E-06
  0.48000E+02  0.28629E-05  0.18192E-05  0.20582E-06
  0.48300E+02  0.36347E-05  0.15557E-05  0.29160E-07
  0.48600E+02  0.44075E-05  0.12711E-05 -0.15421E-06
  0.48900E+02  0.51683E-05  0.96766E-06 -0.34263E-06
  0.49200E+02  0.59032E-05  0.64808E-06 -0.53384E-06
  0.49500E+02  0.65993E-05  0.31499E-06 -0.72599E-06
  0.49800E+02  0.72443E-05 -0.28770E-07 -0.91687E-06
  0.50100E+02  0.78267E-05 -0.38068E-06 -0.11044E-05
  0.50400E+02  0.83361E-05 -0.73765E-06 -0.12868E-05
  0.50700E+02  0.87631E-05 -0.10969E-05 -0.14622E-05
  0.51000E+02  0.90996E-05 -0.14555E-05 -0.16289E-05
  0.51300E+02  0.93384E-05 -0.18102E-05 -0.17856E-05
  0.51600E+02  0.94736E-05 -0.21579E-05 -0.19312E-05
  0.51900E+02  0.95003E-05 -0.24956E-05 -0.20645E-05
  0.52200E+02  0.94147E-05 -0.28197E-05 -0.21846E-05
  0.52500E+02  0.92141E-05 -0.31269E-05 -0.22910E-05
  0.52800E+02  0.88971E-05 -0.34141E-05 -0.23828E-05
  0.53100E+02  0.84635E-05 -0.36780E-05 -0.24595E-05
  0.53400E+02  0.79145E-05 -0.39154E-05 -0.25205E-05
  0.53700E+02  0.72529E-05 -0.41236E-05 -0.25651E-05
  0.54000E+02  0.64831E-05 -0.42998E-05 -0.25932E-05
  0.54300E+02  0.56111E-05 -0.44417E-05 -0.26043E-05
  0.54600E+02  0.46452E-05 -0.45472E-05 -0.25981E-05
  0.54900E+02  0.35932E-05 -0.46145E-05 -0.25748E-05
  0.55200E+02  0.24666E-05 -0.46424E-05 -0.25343E-05
  0.55500E+02  0.12781E-05 -0.46296E-05 -0.24766E-05
  0.55800E+02  0.40401E-07 -0.45756E-05 -0.24021E-05
  0.56100E+02 -0.12335E-05 -0.44799E-05 -0.23110E-05
  0.56400E+02 -0.25292E-05 -0.43426E-05 -0.22039E-05
  0.56700E+02 -0.38316E-05 -0.41642E-05 -0.20809E-05
  0.57000E+02 -0.51260E-05 -0.39459E-05 -0.19429E-05
  0.57300E+02 -0.63990E-05 -0.36889E-05 -0.17903E-05
  0.57600E+02 -0.76350E-05 -0.33952E-05 -0.16238E-05
  0.57900E+02 -0.88211E-05 -0.30671E-05 -0.14442E-05
  0.58200E+02 -0.99434E-05 -0.27073E-05 -0.12526E-05
  0.58500E+02 -0.10989E-04 -0.23187E-05 -0.10497E-05
  0.58800E+02 -0.11946E-04 -0.19048E-05 -0.83678E-06
  0.59100E+02 -0.12802E-04 -0.14691E-05 -0.61495E-06
  0.59400E+02 -0.13547E-04 -0.10154E-05 -0.38539E-06
  0.59700E+02 -0.14172E-04 -0.54775E-06 -0.14947E-06
  0.60000E+02 -0.14669E-04 -0.70450E-07  0.91510E-07
  0.60300E+02 -0.15029E-04  0.41205E-06  0.33606E-06
  0.60600E+02 -0.15250E-04  0.89525E-06  0.58277E-06
  0.60900E+02 -0.15326E-04  0.13747E-05  0.83009E-06
  0.61200E+02 -0.15257E-04  0.18458E-05  0.10764E-05
  0.61500E+02 -0.15041E-04  0.23041E-05  0.13200E-05
  0.61800E+02 -0.14681E-04  0.27452E-05  0.15594E-05
  0.62100E+02 -0.14178E-04  0.31650E-05  0.17929E-05
  0.62400E+02 -0.13539E-04  0.35593E-05  0.20188E-05
  0.62700E+02 -0.12769E-04  0.39245E-05  0.22355E-05
  0.63000E+02 -0.11873E-04  0.42570E-05  0.24415E-05
  0.63300E+02 -0.10862E-04  0.45538E-05  0.26350E-05
  0.63600E+02 -0.97451E-05  0.48119E-05  0.28148E-05
  0.63900E+02 -0.85329E-05  0.50292E-05  0.29793E-05
  0.64200E+02 -0.72367E-05  0.52032E-05  0.31272E-05
  0.64500E+02 -0.58687E-05  0.53327E-05  0.32570E-05
  0.64800E+02 -0.44444E-05  0.54164E-05  0.33678E-05
  0.65100E+02 -0.29756E-05  0.54535E-05  0.34584E-05
  0.65400E+02 -0.14776E-05  0.54440E-05  0.35280E-05
  0.65700E+02  0.35500E-07  0.53879E-05  0.35758E-05
  0.66000E+02  0.15478E-05  0.52860E-05  0.36010E-05
  0.66300E+02  0.30462E-05  0.51394E-05  0.36034E-05
  0.66600E+02  0.45157E-05  0.49496E-05  0.35826E-05
  0.66900E+02  0.59424E-05  0.47185E-05  0.35384E-05
  0.67200E+02  0.73138E-05  0.44487E-05  0.34708E-05
  0.67500E+02  0.86170E-05  0.41427E-05  0.33801E-05
  0.67800E+02  0.98399E-05  0.38036E-05  0.32668E-05
  0.68100E+02  0.10972E-04  0.34348E-05  0.31312E-05
  0.68400E+02  0.12002E-04  0.30398E-05  0.29744E-05
  0.68700E+02  0.12923E-04  0.26225E-05  0.27972E-05
  0.69000E+02  0.13726E-04  0.21868E-05  0.26005E-05
  0.69300E+02  0.14406E-04  0.17370E-05  0.23858E-05
  0.69600E+02  0.14957E-04  0.12772E-05  0.21543E-05
  0.69900E+02  0.15375E-04  0.81172E-06  0.19078E-05
  0.70200E+02  0.15658E-04  0.34471E-06  0.16479E-05
  0.70500E+02  0.15806E-04 -0.11941E-06  0.13761E-05
  0.70800E+02  0.15818E-04 -0.57654E-06  0.10947E-05
  0.71100E+02  0.15697E-04 -0.10227E-05  0.80537E-06
  0.71400E+02  0.15445E-04 -0.14541E-05  0.51030E-06
  0.71700E+02  0.15067E-04 -0.18669E-05  0.21157E-06
  0.72000E+02  0.14568E-04 -0.22578E-05 -0.88760E-07
  0.72300E+02  0.13954E-04 -0.26236E-05 -0.38841E-06
  0.72600E+02  0.13233E-04 -0.29614E-05 -0.68538E-06
  0.72900E+02  0.12413E-04 -0.32688E-05 -0.97746E-06
  0.73200E+02  0.11505E-04 -0.35435E-05 -0.12626E-05
  0.73500E+02  0.10517E-04 -0.37836E-05 -0.15388E-05
  0.73800E+02  0.94592E-05 -0.39876E-05 -0.18041E-05
  0.74100E+02  0.83444E-05 -0.41544E-05 -0.20566E-05
  0.74400E+02  0.71822E-05 -0.42833E-05 -0.22944E-05
  0.74700E+02  0.59850E-05 -0.43740E-05 -0.25162E-05
  0.75000E+02  0.47640E-05 -0.44264E-05 -0.27204E-05
  0.75300E+02  0.35309E-05 -0.44410E-05 -0.29055E-05
  0.75600E+02  0.22970E-05 -0.44185E-05 -0.30704E-05
  0.75900E+02  0.10737E-05 -0.43598E-05 -0.32141E-05
  0.76200E+02 -0.12830E-06 -0.42666E-05 -0.33356E-05
  0.76500E+02 -0.12988E-05 -0.41405E-05 -0.34344E-05
  0.76800E+02 -0.24290E-05 -0.39834E-05 -0.35100E-05
  0.77100E+02 -0.35086E-05 -0.37976E-05 -0.35621E-05
  0.77400E+02 -0.45298E-05 -0.35854E-05 -0.35904E-05
  0.77700E+02 -0.54849E-05 -0.33497E-05 -0.35951E-05
  0.78000E+02 -0.63671E-05 -0.30932E-05 -0.35767E-05
  0.78300E+02 -0.71710E-05 -0.28187E-05 -0.35352E-05
  0.78600E+02 -0.78914E-05 -0.25294E-05 -0.34715E-05
  0.78900E+02 -0.85246E-05 -0.22282E-05 -0.33864E-05
  0.79200E+02 -0.90676E-05 -0.19183E-05 -0.32807E-05
  0.79500E+02 -0.95184E-05 -0.16029E-05 -0.31554E-05
  0.79800E+02 -0.98760E-05 -0.12848E-05 -0.30120E-05
  0.80100E+02 -0.10141E-04 -0.96725E-06 -0.28517E-05
  0.80400E+02 -0.10313E-04 -0.65300E-06 -0.26759E-05
  0.80700E+02 -0.10394E-04 -0.34483E-06 -0.24863E-05
  0.81000E+02 -0.10388E-04 -0.45350E-07 -0.22842E-05
  0.81300E+02 -0.10297E-04  0.24286E-06 -0.20717E-05
  0.81600E+02 -0.10125E-04  0.51769E-06 -0.18503E-05
  0.81900E+02 -0.98779E-05  0.77701E-06 -0.16218E-05
  0.82200E+02 -0.95600E-05  0.10190E-05 -0.13880E-05
  0.82500E+02 -0.91775E-05  0.12422E-05 -0.11506E-05
  0.82800E+02 -0.87367E-05  0.14452E-05 -0.91160E-06
  0.83100E+02 -0.82439E-05  0.16268E-05 -0.67263E-06
  0.83400E+02 -0.77064E-05  0.17863E-05 -0.43529E-06
  0.83700E+02 -0.71309E-05  0.19231E-05 -0.20138E-06
  0.84000E+02 -0.65247E-05  0.20367E-05  0.27680E-07
  0.84300E+02 -0.58949E-05  0.21274E-05  0.25022E-06
  0.84600E+02 -0.52486E-05  0.21949E-05  0.46506E-06
  0.84900E+02 -0.45930E-05  0.22400E-05  0.67068E-06
  0.85200E+02 -0.39346E-05  0.22632E-05  0.86608E-06
  0.85500E+02 -0.32801E-05  0.22651E-05  0.10502E-05
  0.85800E+02 -0.26354E-05  0.22469E-05  0.12219E-05
  0.86100E+02 -0.20065E-05  0.22098E-05  0.13805E-05
  0.86400E+02 -0.13989E-05  0.21550E-05  0.15254E-05
  0.86700E+02 -0.81718E-06  0.20840E-05  0.16560E-05
  0.87000E+02 -0.26582E-06  0.19984E-05  0.17718E-05
  0.87300E+02  0.25140E-06  0.18998E-05  0.18726E-05
  0.87600E+02  0.73109E-06  0.17900E-05  0.19582E-05
  0.87900E+02  0.11706E-05  0.16706E-05  0.20287E-05
  0.88200E+02  0.15679E-05  0.15436E-05  0.20841E-05
  0.88500E+02  0.19214E-05  0.14106E-05  0.21247E-05
  0.88800E+02  0.22301E-05  0.12733E-05  0.21507E-05
  0.89100E+02  0.24937E-05  0.11338E-05  0.21626E-05
  0.89400E+02  0.27123E-05  0.99342E-06  0.21611E-05
  0.89700E+02  0.28865E-05  0.85394E-06  0.21466E-05
  0.90000E+02  0.30175E-05  0.71686E-06  0.21200E-05
  0.90300E+02  0.31070E-05  0.58361E-06  0.20818E-05
  0.90600E+02  0.31568E-05  0.45540E-06  0.20330E-05
  0.90900E+02  0.31696E-05  0.33339E-06  0.19745E-05
  0.91200E+02  0.31478E-05  0.21881E-06  0.19073E-05
  0.91500E+02  0.30945E-05  0.11234E-06  0.18321E-05
  0.91800E+02  0.30129E-05  0.14830E-07  0.17500E-05
  0.92100E+02  0.29064E-05 -0.73040E-07  0.16620E-05
  0.92400E+02  0.27785E-05 -0.15091E-06  0.15690E-05
  0.92700E+02  0.26328E-05 -0.21844E-06  0.14720E-05
  0.93000E+02  0.24732E-05 -0.27549E-06  0.13719E-05
  0.93300E+02  0.23029E-05 -0.32200E-06  0.12696E-05
  0.93600E+02  0.21256E-05 -0.35813E-06  0.11660E-05
  0.93900E+02  0.19448E-05 -0.38410E-06  0.10619E-05
  0.94200E+02  0.17638E-05 -0.40030E-06  0.95822E-06
  0.94500E+02  0.15857E-05 -0.40717E-06  0.85542E-06
  0.94800E+02  0.14135E-05 -0.40538E-06  0.75442E-06
  0.95100E+02  0.12496E-05 -0.39559E-06  0.65576E-06
  0.95400E+02  0.10966E-05 -0.37849E-06  0.55984E-06
  0.95700E+02  0.95661E-06 -0.35490E-06  0.46737E-06
  0.96000E+02  0.83131E-06 -0.32569E-06  0.37855E-06
  0.96300E+02  0.72216E-06 -0.29178E-06  0.29384E-06
  0.96600E+02  0.63047E-06 -0.25418E-06  0.21349E-06
  0.96900E+02  0.55683E-06 -0.21380E-06  0.13773E-06
  0.97200E+02  0.50177E-06 -0.17142E-06  0.66743E-07
  0.97500E+02  0.46556E-06 -0.12823E-06  0.43300E-09
  0.97800E+02  0.44793E-06 -0.85060E-07 -0.61017E-07
  0.98100E+02  0.44845E-06 -0.42670E-07 -0.11766E-06
  0.98400E+02  0.46639E-06 -0.19199E-08 -0.16957E-06
  0.98700E+02  0.50072E-06  0.36300E-07 -0.21697E-06
  0.99000E+02  0.55019E-06  0.71410E-07 -0.25991E-06
  0.99300E+02  0.61346E-06  0.10278E-06 -0.29863E-06
  0.99600E+02  0.68867E-06  0.12967E-06 -0.33342E-06
  0.99900E+02  0.77405E-06  0.15183E-06 -0.36445E-06
  0.10020E+03  0.86772E-06  0.16876E-06 -0.39206E-06
  0.10050E+03  0.96760E-06  0.18016E-06 -0.41651E-06
  0.10080E+03  0.10716E-05  0.18585E-06 -0.43817E-06
  0.10110E+03  0.11773E-05  0.18574E-06 -0.45727E-06
  0.10140E+03  0.12831E-05  0.17967E-06 -0.47414E-06
  0.10170E+03  0.13863E-05  0.16787E-06 -0.48912E-06
  0.10200E+03  0.14851E-05  0.15049E-06 -0.50241E-06
  0.10230E+03  0.15773E-05  0.12756E-06 -0.51434E-06
  0.10260E+03  0.16613E-05  0.99568E-07 -0.52525E-06
  0.10290E+03  0.17351E-05  0.66752E-07 -0.53524E-06
  0.10320E+03  0.17971E-05  0.29639E-07 -0.54455E-06
  0.10350E+03  0.18458E-05 -0.11295E-07 -0.55342E-06
  0.10380E+03  0.18801E-05 -0.55526E-07 -0.56205E-06
  0.10410E+03  0.18989E-05 -0.10246E-06 -0.57048E-06
  0.10440E+03  0.19012E-05 -0.15150E-06 -0.57879E-06
  0.10470E+03  0.18865E-05 -0.20200E-06 -0.58719E-06
  0.10500E+03  0.18542E-05 -0.25331E-06 -0.59557E-06
  0.10530E+03  0.18045E-05 -0.30477E-06 -0.60396E-06
  0.10560E+03  0.17371E-05 -0.35572E-06 -0.61243E-06
  0.10590E+03  0.16523E-05 -0.40553E-06 -0.62090E-06
  0.10620E+03  0.15508E-05 -0.45356E-06 -0.62922E-06
  0.10650E+03  0.14331E-05 -0.49921E-06 -0.63739E-06
  0.10680E+03  0.13001E-05 -0.54191E-06 -0.64527E-06
  0.10710E+03  0.11531E-05 -0.58113E-06 -0.65270E-06
  0.10740E+03  0.99290E-06 -0.61640E-06 -0.65953E-06
  0.10770E+03  0.82120E-06 -0.64728E-06 -0.66562E-06
  0.10800E+03  0.63950E-06 -0.67337E-06 -0.67088E-06
  0.10830E+03  0.44933E-06 -0.69437E-06 -0.67494E-06
  0.10860E+03  0.25237E-06 -0.71001E-06 -0.67780E-06
  0.10890E+03  0.50590E-07 -0.72010E-06 -0.67915E-06
  0.10920E+03 -0.15428E-06 -0.72450E-06 -0.67883E-06
  0.10950E+03 -0.36036E-06 -0.72315E-06 -0.67681E-06
  0.10980E+03 -0.56581E-06 -0.71604E-06 -0.67276E-06
  0.11010E+03 -0.76884E-06 -0.70323E-06 -0.66655E-06
  0.11040E+03 -0.96743E-06 -0.68484E-06 -0.65819E-06
  0.11070E+03 -0.11600E-05 -0.66106E-06 -0.64743E-06
  0.11100E+03 -0.13448E-05 -0.63216E-06 -0.63415E-06
  0.11130E+03 -0.15203E-05 -0.59826E-06 -0.61840E-06
  0.11160E+03 -0.16850E-05 -0.55994E-06 -0.60007E-06
  0.11190E+03 -0.18375E-05 -0.51748E-06 -0.57906E-06
  0.11220E+03 -0.19766E-05 -0.47119E-06 -0.55549E-06
  0.11250E+03 -0.21013E-05 -0.42169E-06 -0.52923E-06
  0.11280E+03 -0.22105E-05 -0.36938E-06 -0.50051E-06
  0.11310E+03 -0.23037E-05 -0.31468E-06 -0.46926E-06
  0.11340E+03 -0.23802E-05 -0.25820E-06 -0.43568E-06
  0.11370E+03 -0.24395E-05 -0.20051E-06 -0.39972E-06
  0.11400E+03 -0.24815E-05 -0.14209E-06 -0.36170E-06
  0.11430E+03 -0.25061E-05 -0.83350E-07 -0.32176E-06
  0.11460E+03 -0.25134E-05 -0.24930E-07 -0.27999E-06
  0.11490E+03 -0.25036E-05  0.32600E-07 -0.23674E-06
  0.11520E+03 -0.24770E-05  0.89000E-07 -0.19211E-06
  0.11550E+03 -0.24346E-05  0.14360E-06 -0.14639E-06
  0.11580E+03 -0.23767E-05  0.19597E-06 -0.99816E-07
  0.11610E+03 -0.23042E-05  0.24583E-06 -0.52654E-07
  0.11640E+03 -0.22180E-05  0.29281E-06 -0.51500E-08
  0.11670E+03 -0.21194E-05  0.33647E-06  0.42380E-07
  0.11700E+03 -0.20094E-05  0.37651E-06  0.89650E-07
  0.11730E+03 -0.18892E-05  0.41286E-06  0.13641E-06
  0.11760E+03 -0.17601E-05  0.44525E-06  0.18246E-06
  0.11790E+03 -0.16233E-05  0.47347E-06  0.22734E-06
  0.11820E+03 -0.14803E-05  0.49739E-06  0.27099E-06
  0.11850E+03 -0.13324E-05  0.51707E-06  0.31312E-06
  0.11880E+03 -0.11809E-05  0.53240E-06  0.35344E-06
  0.11910E+03 -0.10273E-05  0.54340E-06  0.39165E-06
  0.11940E+03 -0.87287E-06  0.55020E-06  0.42776E-06
  0.11970E+03 -0.71881E-06  0.55278E-06  0.46136E-06
  0.12000E+03 -0.56637E-06  0.55145E-06  0.49241E-06
  0.12030E+03 -0.41674E-06  0.54629E-06  0.52073E-06
  0.12060E+03 -0.27098E-06  0.53751E-06  0.54621E-06
  0.12090E+03 -0.13019E-06  0.52536E-06  0.56866E-06
  0.12120E+03  0.48500E-08  0.51010E-06  0.58811E-06
  0.12150E+03  0.13313E-06  0.49200E-06  0.60441E-06
  0.12180E+03  0.25422E-06  0.47136E-06  0.61755E-06
  0.12210E+03  0.36722E-06  0.44850E-06  0.62746E-06
  0.12240E+03  0.47180E-06  0.42373E-06  0.63431E-06
  0.12270E+03  0.56750E-06  0.39737E-06  0.63800E-06
  0.12300E+03  0.65406E-06  0.36974E-06  0.63857E-06
  0.12330E+03  0.73129E-06  0.34117E-06  0.63615E-06
  0.12360E+03  0.79916E-06  0.31196E-06  0.63081E-06
  0.12390E+03  0.85756E-06  0.28250E-06  0.62265E-06
  0.12420E+03  0.90675E-06  0.25301E-06  0.61179E-06
  0.12450E+03  0.94686E-06  0.22373E-06  0.59838E-06
  0.12480E+03  0.97827E-06  0.19490E-06  0.58257E-06
  0.12510E+03  0.10013E-05  0.16690E-06  0.56452E-06
  0.12540E+03  0.10164E-05  0.13986E-06  0.54436E-06
  0.12570E+03  0.10240E-05  0.11408E-06  0.52238E-06
  0.12600E+03  0.10248E-05  0.89490E-07  0.49865E-06
  0.12630E+03  0.10192E-05  0.66490E-07  0.47340E-06
  0.12660E+03  0.10081E-05  0.45020E-07  0.44686E-06
  0.12690E+03  0.99178E-06  0.25320E-07  0.41924E-06
  0.12720E+03  0.97125E-06  0.73101E-08  0.39057E-06
  0.12750E+03  0.94693E-06 -0.88901E-08  0.36125E-06
  0.12780E+03  0.91969E-06 -0.23260E-07  0.33131E-06
  0.12810E+03  0.88998E-06 -0.35770E-07  0.30098E-06
  0.12840E+03  0.85859E-06 -0.46620E-07  0.27055E-06
  0.12870E+03  0.82606E-06 -0.55720E-07  0.24001E-06
  0.12900E+03  0.79301E-06 -0.63180E-07  0.20957E-06
  0.12930E+03  0.75987E-06 -0.69180E-07  0.17953E-06
  0.12960E+03  0.72721E-06 -0.73690E-07  0.14976E-06
  0.12990E+03  0.69540E-06 -0.76840E-07  0.12060E-06
  0.13020E+03  0.66490E-06 -0.78850E-07  0.91970E-07
  0.13050E+03  0.63602E-06 -0.79830E-07  0.64220E-07
  0.13080E+03  0.60902E-06 -0.79970E-07  0.37230E-07
  0.13110E+03  0.58406E-06 -0.79360E-07  0.11160E-07
  0.13140E+03  0.56145E-06 -0.78110E-07 -0.13900E-07
  0.13170E+03  0.54110E-06 -0.76490E-07 -0.37860E-07
  0.13200E+03  0.52315E-06 -0.74640E-07 -0.60798E-07
  0.13230E+03  0.50755E-06 -0.72584E-07 -0.82613E-07
  0.13260E+03  0.49426E-06 -0.70581E-07 -0.10328E-06
  0.13290E+03  0.48314E-06 -0.68732E-07 -0.12280E-06
  0.13320E+03  0.47403E-06 -0.67146E-07 -0.14116E-06
  0.13350E+03  0.46675E-06 -0.65933E-07 -0.15837E-06
  0.13380E+03  0.46095E-06 -0.65198E-07 -0.17448E-06
  0.13410E+03  0.45648E-06 -0.65019E-07 -0.18939E-06
  0.13440E+03  0.45302E-06 -0.65463E-07 -0.20317E-06
  0.13470E+03  0.45029E-06 -0.66584E-07 -0.21598E-06
  0.13500E+03  0.44779E-06 -0.68416E-07 -0.22770E-06
  0.13530E+03  0.44544E-06 -0.70950E-07 -0.23845E-06
  0.13560E+03  0.44260E-06 -0.74320E-07 -0.24820E-06
  0.13590E+03  0.43915E-06 -0.78370E-07 -0.25695E-06
  0.13620E+03  0.43477E-06 -0.83090E-07 -0.26487E-06
  0.13650E+03  0.42892E-06 -0.88530E-07 -0.27199E-06
  0.13680E+03  0.42149E-06 -0.94450E-07 -0.27823E-06
  0.13710E+03  0.41218E-06 -0.10108E-06 -0.28371E-06
  0.13740E+03  0.40076E-06 -0.10812E-06 -0.28834E-06
  0.13770E+03  0.38691E-06 -0.11546E-06 -0.29242E-06
  0.13800E+03  0.37054E-06 -0.12319E-06 -0.29569E-06
  0.13830E+03  0.35142E-06 -0.13109E-06 -0.29830E-06
  0.13860E+03  0.32949E-06 -0.13904E-06 -0.30028E-06
  0.13890E+03  0.30469E-06 -0.14693E-06 -0.30168E-06
  0.13920E+03  0.27704E-06 -0.15470E-06 -0.30242E-06
  0.13950E+03  0.24644E-06 -0.16221E-06 -0.30262E-06
  0.13980E+03  0.21300E-06 -0.16935E-06 -0.30219E-06
  0.14010E+03  0.17690E-06 -0.17597E-06 -0.30120E-06
  0.14040E+03  0.13814E-06 -0.18201E-06 -0.29965E-06
  0.14070E+03  0.96930E-07 -0.18733E-06 -0.29744E-06
  0.14100E+03  0.53550E-07 -0.19186E-06 -0.29474E-06
  0.14130E+03  0.81600E-08 -0.19549E-06 -0.29140E-06
  0.14160E+03 -0.38898E-07 -0.19816E-06 -0.28747E-06
  0.14190E+03 -0.87358E-07 -0.19979E-06 -0.28292E-06
  0.14220E+03 -0.13688E-06 -0.20032E-06 -0.27777E-06
  0.14250E+03 -0.18712E-06 -0.19971E-06 -0.27200E-06
  0.14280E+03 -0.23771E-06 -0.19791E-06 -0.26559E-06
  0.14310E+03 -0.28829E-06 -0.19491E-06 -0.25855E-06
  0.14340E+03 -0.33848E-06 -0.19070E-06 -0.25092E-06
  0.14370E+03 -0.38789E-06 -0.18527E-06 -0.24255E-06
  0.14400E+03 -0.43609E-06 -0.17864E-06 -0.23358E-06
  0.14430E+03 -0.48285E-06 -0.17085E-06 -0.22393E-06
  0.14460E+03 -0.52764E-06 -0.16192E-06 -0.21378E-06
  0.14490E+03 -0.57021E-06 -0.15190E-06 -0.20283E-06
  0.14520E+03 -0.61015E-06 -0.14087E-06 -0.19140E-06
  0.14550E+03 -0.64712E-06 -0.12889E-06 -0.17931E-06
  0.14580E+03 -0.68094E-06 -0.11604E-06 -0.16663E-06
  0.14610E+03 -0.71137E-06 -0.10242E-06 -0.15343E-06
  0.14640E+03 -0.73804E-06 -0.88110E-07 -0.13966E-06
  0.14670E+03 -0.76077E-06 -0.73222E-07 -0.12546E-06
  0.14700E+03 -0.77948E-06 -0.57864E-07 -0.11073E-06
  0.14730E+03 -0.79388E-06 -0.42150E-07 -0.95650E-07
  0.14760E+03 -0.80409E-06 -0.26196E-07 -0.80170E-07
  0.14790E+03 -0.80993E-06 -0.10112E-07 -0.64400E-07
  0.14820E+03 -0.81129E-06  0.59710E-08 -0.48350E-07
  0.14850E+03 -0.80832E-06  0.21960E-07 -0.32190E-07
  0.14880E+03 -0.80098E-06  0.37680E-07 -0.15880E-07
  0.14910E+03 -0.78937E-06  0.53170E-07  0.56002E-09
  0.14940E+03 -0.77366E-06  0.68100E-07  0.17005E-07
  0.14970E+03 -0.75397E-06  0.82570E-07  0.33357E-07
  0.15000E+03 -0.73040E-06  0.96360E-07  0.49581E-07
  0.15030E+03 -0.70333E-06  0.10946E-06  0.65597E-07
  0.15060E+03 -0.67278E-06  0.12173E-06  0.81335E-07
  0.15090E+03 -0.63914E-06  0.13316E-06  0.96729E-07
  0.15120E+03 -0.60265E-06  0.14365E-06  0.11171E-06
  0.15150E+03 -0.56360E-06  0.15310E-06  0.12621E-06
  0.15180E+03 -0.52230E-06  0.16146E-06  0.14016E-06
  0.15210E+03 -0.47907E-06  0.16885E-06  0.15350E-06
  0.15240E+03 -0.43421E-06  0.17503E-06  0.16617E-06
  0.15270E+03 -0.38807E-06  0.18012E-06  0.17811E-06
  0.15300E+03 -0.34098E-06  0.18406E-06  0.18931E-06
  0.15330E+03 -0.29326E-06  0.18696E-06  0.19958E-06
  0.15360E+03 -0.24523E-06  0.18861E-06  0.20902E-06
  0.15390E+03 -0.19721E-06  0.18927E-06  0.21761E-06
  0.15420E+03 -0.14950E-06  0.18885E-06  0.22519E-06
  0.15450E+03 -0.10240E-06  0.18742E-06  0.23178E-06
  0.15480E+03 -0.56190E-07  0.18495E-06  0.23732E-06
  0.15510E+03 -0.11121E-07  0.18157E-06  0.24190E-06
  0.15540E+03  0.32563E-07  0.17731E-06  0.24553E-06
  0.15570E+03  0.74640E-07  0.17228E-06  0.24798E-06
  0.15600E+03  0.11491E-06  0.16644E-06  0.24944E-06
  0.15630E+03  0.15318E-06  0.15994E-06  0.24991E-06
  0.15660E+03  0.18932E-06  0.15286E-06  0.24932E-06
  0.15690E+03  0.22319E-06  0.14524E-06  0.24774E-06
  0.15720E+03  0.25469E-06  0.13717E-06  0.24517E-06
  0.15750E+03  0.28372E-06  0.12871E-06  0.24166E-06
  0.15780E+03  0.31028E-06  0.11994E-06  0.23722E-06
  0.15810E+03  0.33419E-06  0.11095E-06  0.23189E-06
  0.15840E+03  0.35554E-06  0.10181E-06  0.22573E-06
  0.15870E+03  0.37436E-06  0.92620E-07  0.21876E-06
  0.15900E+03  0.39066E-06  0.83260E-07  0.21103E-06
  0.15930E+03  0.40445E-06  0.74080E-07  0.20262E-06
  0.15960E+03  0.41588E-06  0.65000E-07  0.19355E-06
  0.15990E+03  0.42488E-06  0.56030E-07  0.18389E-06
  0.16020E+03  0.43164E-06  0.47210E-07  0.17369E-06
  0.16050E+03  0.43632E-06  0.38740E-07  0.16303E-06
  0.16080E+03  0.43887E-06  0.30430E-07  0.15194E-06
  0.16110E+03  0.43958E-06  0.22500E-07  0.14050E-06
  0.16140E+03  0.43844E-06  0.14980E-07  0.12878E-06
  0.16170E+03  0.43575E-06  0.77800E-08  0.11679E-06
  0.16200E+03  0.43146E-06  0.93019E-09  0.10470E-06
  0.16230E+03  0.42591E-06 -0.54599E-08  0.92400E-07
  0.16260E+03  0.41902E-06 -0.11500E-07  0.80040E-07
  0.16290E+03  0.41115E-06 -0.17080E-07  0.67760E-07
  0.16320E+03  0.40225E-06 -0.22290E-07  0.55390E-07
  0.16350E+03  0.39251E-06 -0.27060E-07  0.43190E-07
  0.16380E+03  0.38210E-06 -0.31460E-07  0.31172E-07
  0.16410E+03  0.37116E-06 -0.35420E-07  0.19295E-07
  0.16440E+03  0.35967E-06 -0.39170E-07  0.76570E-08
  0.16470E+03  0.34777E-06 -0.42400E-07 -0.37220E-08
  0.16500E+03  0.33570E-06 -0.45460E-07 -0.14781E-07
  0.16530E+03  0.32336E-06 -0.48160E-07 -0.25508E-07
  0.16560E+03  0.31085E-06 -0.50524E-07 -0.35863E-07
  0.16590E+03  0.29825E-06 -0.52690E-07 -0.45830E-07
  0.16620E+03  0.28555E-06 -0.54613E-07 -0.55363E-07
  0.16650E+03  0.27296E-06 -0.56342E-07 -0.64468E-07
  0.16680E+03  0.26038E-06 -0.57893E-07 -0.73113E-07
  0.16710E+03  0.24783E-06 -0.59287E-07 -0.81279E-07
  0.16740E+03  0.23545E-06 -0.60539E-07 -0.88971E-07
  0.16770E+03  0.22299E-06 -0.61679E-07 -0.96159E-07
  0.16800E+03  0.21070E-06 -0.62722E-07 -0.10285E-06
  0.16830E+03  0.19846E-06 -0.63686E-07 -0.10904E-06
  0.16860E+03  0.18615E-06 -0.64584E-07 -0.11472E-06
  0.16890E+03  0.17397E-06 -0.65439E-07 -0.11993E-06
  0.16920E+03  0.16179E-06 -0.66233E-07 -0.12454E-06
  0.16950E+03  0.14947E-06 -0.67037E-07 -0.12870E-06
  0.16980E+03  0.13721E-06 -0.67702E-07 -0.13234E-06
  0.17010E+03  0.12482E-06 -0.68425E-07 -0.13554E-06
  0.17040E+03  0.11231E-06 -0.69089E-07 -0.13830E-06
  0.17070E+03  0.99666E-07 -0.69725E-07 -0.14044E-06
  0.17100E+03  0.86851E-07 -0.70317E-07 -0.14223E-06
  0.17130E+03  0.73852E-07 -0.70858E-07 -0.14354E-06
  0.17160E+03  0.60650E-07 -0.71335E-07 -0.14444E-06
  0.17190E+03  0.47190E-07 -0.71756E-07 -0.14483E-06
  0.17220E+03  0.33630E-07 -0.72093E-07 -0.14488E-06
  0.17250E+03  0.19690E-07 -0.72331E-07 -0.14446E-06
  0.17280E+03  0.56202E-08 -0.72464E-07 -0.14362E-06
  0.17310E+03 -0.86900E-08 -0.72490E-07 -0.14249E-06
  0.17340E+03 -0.23180E-07 -0.72390E-07 -0.14089E-06
  0.17370E+03 -0.37820E-07 -0.72060E-07 -0.13894E-06
  0.17400E+03 -0.52630E-07 -0.71570E-07 -0.13671E-06
  0.17430E+03 -0.67560E-07 -0.70920E-07 -0.13410E-06
  0.17460E+03 -0.82540E-07 -0.70080E-07 -0.13118E-06
  0.17490E+03 -0.97530E-07 -0.69110E-07 -0.12793E-06
  0.17520E+03 -0.11244E-06 -0.67850E-07 -0.12440E-06
  0.17550E+03 -0.12732E-06 -0.66320E-07 -0.12057E-06
  0.17580E+03 -0.14207E-06 -0.64500E-07 -0.11646E-06
  0.17610E+03 -0.15648E-06 -0.62540E-07 -0.11210E-06
  0.17640E+03 -0.17062E-06 -0.60270E-07 -0.10747E-06
  0.17670E+03 -0.18439E-06 -0.57760E-07 -0.10261E-06
  0.17700E+03 -0.19774E-06 -0.55020E-07 -0.97525E-07
  0.17730E+03 -0.21059E-06 -0.52020E-07 -0.92220E-07
  0.17760E+03 -0.22278E-06 -0.48770E-07 -0.86700E-07
  0.17790E+03 -0.23433E-06 -0.45300E-07 -0.81050E-07
  0.17820E+03 -0.24521E-06 -0.41580E-07 -0.75200E-07
  0.17850E+03 -0.25511E-06 -0.37670E-07 -0.69160E-07
  0.17880E+03 -0.26426E-06 -0.33490E-07 -0.63010E-07
  0.17910E+03 -0.27242E-06 -0.29190E-07 -0.56700E-07
  0.17940E+03 -0.27947E-06 -0.24690E-07 -0.50230E-07
  0.17970E+03 -0.28561E-06 -0.20070E-07 -0.43710E-07
  0.18000E+03 -0.29060E-06 -0.15320E-07 -0.37130E-07
  0.18030E+03 -0.29438E-06 -0.10450E-07 -0.30490E-07
  0.18060E+03 -0.29697E-06 -0.54901E-08 -0.23810E-07
  0.18090E+03 -0.29838E-06 -0.49999E-09 -0.17110E-07
  0.18120E+03 -0.29865E-06  0.45120E-08 -0.10420E-07
  0.18150E+03 -0.29759E-06  0.95221E-08 -0.36300E-08
  0.18180E+03 -0.29525E-06  0.14507E-07  0.30600E-08
  0.18210E+03 -0.29170E-06  0.19425E-07  0.96601E-08
  0.18240E+03 -0.28693E-06  0.24220E-07  0.16200E-07
  0.18270E+03 -0.28098E-06  0.29000E-07  0.22610E-07
  0.18300E+03 -0.27381E-06  0.33590E-07  0.28960E-07
  0.18330E+03 -0.26545E-06  0.38020E-07  0.35179E-07
  0.18360E+03 -0.25611E-06  0.42250E-07  0.41223E-07
  0.18390E+03 -0.24572E-06  0.46250E-07  0.47090E-07
  0.18420E+03 -0.23422E-06  0.50010E-07  0.52766E-07
  0.18450E+03 -0.22190E-06  0.53530E-07  0.58221E-07
  0.18480E+03 -0.20865E-06  0.56790E-07  0.63442E-07
  0.18510E+03 -0.19474E-06  0.59720E-07  0.68418E-07
  0.18540E+03 -0.18007E-06  0.62390E-07  0.73123E-07
  0.18570E+03 -0.16472E-06  0.64730E-07  0.77535E-07
  0.18600E+03 -0.14891E-06  0.66830E-07  0.81651E-07
  0.18630E+03 -0.13269E-06  0.68490E-07  0.85447E-07
  0.18660E+03 -0.11601E-06  0.69890E-07  0.88921E-07
  0.18690E+03 -0.99120E-07  0.70840E-07  0.92000E-07
  0.18720E+03 -0.82140E-07  0.71570E-07  0.94800E-07
  0.18750E+03 -0.64970E-07  0.71910E-07  0.97200E-07
  0.18780E+03 -0.47830E-07  0.71840E-07  0.99300E-07
  0.18810E+03 -0.30799E-07  0.71530E-07  0.10097E-06
  0.18840E+03 -0.13960E-07  0.70930E-07  0.10227E-06
  0.18870E+03  0.26198E-08  0.70020E-07  0.10319E-06
  0.18900E+03  0.18890E-07  0.68750E-07  0.10370E-06
  0.18930E+03  0.34710E-07  0.67180E-07  0.10387E-06
  0.18960E+03  0.50140E-07  0.65420E-07  0.10368E-06
  0.18990E+03  0.64870E-07  0.63400E-07  0.10307E-06
  0.19020E+03  0.79080E-07  0.61110E-07  0.10211E-06
  0.19050E+03  0.92630E-07  0.58580E-07  0.10086E-06
  0.19080E+03  0.10550E-06  0.55920E-07  0.99180E-07
  0.19110E+03  0.11756E-06  0.53030E-07  0.97180E-07
  0.19140E+03  0.12889E-06  0.49990E-07  0.94820E-07
  0.19170E+03  0.13934E-06  0.46780E-07  0.92120E-07
  0.19200E+03  0.14905E-06  0.43560E-07  0.89160E-07
  0.19230E+03  0.15778E-06  0.40140E-07  0.85970E-07
  0.19260E+03  0.16572E-06  0.36691E-07  0.82419E-07
  0.19290E+03  0.17274E-06  0.33187E-07  0.78650E-07
  0.19320E+03  0.17887E-06  0.29655E-07  0.74651E-07
  0.19350E+03  0.18414E-06  0.26090E-07  0.70437E-07
  0.19380E+03  0.18853E-06  0.22590E-07  0.66035E-07
  0.19410E+03  0.19211E-06  0.19050E-07  0.61448E-07
  0.19440E+03  0.19475E-06  0.15500E-07  0.56718E-07
  0.19470E+03  0.19667E-06  0.12080E-07  0.51852E-07
  0.19500E+03  0.19769E-06  0.86500E-08  0.46884E-07
  0.19530E+03  0.19801E-06  0.54001E-08  0.41820E-07
  0.19560E+03  0.19757E-06  0.21801E-08  0.36687E-07
  0.19590E+03  0.19654E-06 -0.89995E-09  0.31522E-07
  0.19620E+03  0.19475E-06 -0.39699E-08  0.26316E-07
  0.19650E+03  0.19229E-06 -0.67998E-08  0.21117E-07
  0.19680E+03  0.18927E-06 -0.96102E-08  0.15910E-07
  0.19710E+03  0.18569E-06 -0.12180E-07  0.10830E-07
  0.19740E+03  0.18163E-06 -0.14700E-07  0.56799E-08
  0.19770E+03  0.17699E-06 -0.17030E-07  0.65006E-09
  0.19800E+03  0.17198E-06 -0.19310E-07 -0.42299E-08
  0.19830E+03  0.16660E-06 -0.21370E-07 -0.90699E-08
  0.19860E+03  0.16079E-06 -0.23340E-07 -0.13770E-07
  0.19890E+03  0.15464E-06 -0.25090E-07 -0.18280E-07
  0.19920E+03  0.14824E-06 -0.26770E-07 -0.22720E-07
  0.19950E+03  0.14163E-06 -0.28330E-07 -0.26970E-07
  0.19980E+03  0.13466E-06 -0.29740E-07 -0.31100E-07
  0.20010E+03  0.12760E-06 -0.31010E-07 -0.34980E-07
  0.20040E+03  0.12029E-06 -0.32130E-07 -0.38600E-07
  0.20070E+03  0.11291E-06 -0.33130E-07 -0.42090E-07
  0.20100E+03  0.10542E-06 -0.33960E-07 -0.45347E-07
  0.20130E+03  0.97730E-07 -0.34760E-07 -0.48391E-07
  0.20160E+03  0.90060E-07 -0.35370E-07 -0.51208E-07
  0.20190E+03  0.82320E-07 -0.35900E-07 -0.53797E-07
  0.20220E+03  0.74540E-07 -0.36390E-07 -0.56146E-07
  0.20250E+03  0.66750E-07 -0.36740E-07 -0.58263E-07
  0.20280E+03  0.59000E-07 -0.36890E-07 -0.60147E-07
  0.20310E+03  0.51190E-07 -0.37050E-07 -0.61795E-07
  0.20340E+03  0.43468E-07 -0.37140E-07 -0.63204E-07
  0.20370E+03  0.35763E-07 -0.37070E-07 -0.64378E-07
  0.20400E+03  0.28115E-07 -0.36971E-07 -0.65311E-07
  0.20430E+03  0.20532E-07 -0.36771E-07 -0.66023E-07
  0.20460E+03  0.13016E-07 -0.36496E-07 -0.66496E-07
  0.20490E+03  0.55970E-08 -0.36143E-07 -0.66754E-07
  0.20520E+03 -0.17800E-08 -0.35703E-07 -0.66790E-07
  0.20550E+03 -0.89400E-08 -0.35201E-07 -0.66600E-07
  0.20580E+03 -0.16100E-07 -0.34609E-07 -0.66216E-07
  0.20610E+03 -0.23060E-07 -0.34000E-07 -0.65619E-07
  0.20640E+03 -0.29960E-07 -0.33280E-07 -0.64827E-07
  0.20670E+03 -0.36670E-07 -0.32490E-07 -0.63846E-07
  0.20700E+03 -0.43230E-07 -0.31580E-07 -0.62676E-07
  0.20730E+03 -0.49560E-07 -0.30720E-07 -0.61339E-07
  0.20760E+03 -0.55830E-07 -0.29740E-07 -0.59829E-07
  0.20790E+03 -0.61830E-07 -0.28660E-07 -0.58150E-07
  0.20820E+03 -0.67610E-07 -0.27560E-07 -0.56325E-07
  0.20850E+03 -0.73240E-07 -0.26380E-07 -0.54363E-07
  0.20880E+03 -0.78570E-07 -0.25140E-07 -0.52264E-07
  0.20910E+03 -0.83800E-07 -0.23790E-07 -0.50036E-07
  0.20940E+03 -0.88620E-07 -0.22440E-07 -0.47688E-07
  0.20970E+03 -0.93270E-07 -0.21010E-07 -0.45228E-07
  0.21000E+03 -0.97570E-07 -0.19520E-07 -0.42667E-07
  0.21030E+03 -0.10165E-06 -0.18040E-07 -0.40027E-07
  0.21060E+03 -0.10537E-06 -0.16410E-07 -0.37290E-07
  0.21090E+03 -0.10876E-06 -0.14770E-07 -0.34489E-07
  0.21120E+03 -0.11180E-06 -0.13080E-07 -0.31619E-07
  0.21150E+03 -0.11459E-06 -0.11430E-07 -0.28695E-07
  0.21180E+03 -0.11692E-06 -0.97100E-08 -0.25725E-07
  0.21210E+03 -0.11891E-06 -0.78801E-08 -0.22717E-07
  0.21240E+03 -0.12053E-06 -0.60500E-08 -0.19685E-07
  0.21270E+03 -0.12175E-06 -0.42999E-08 -0.16623E-07
  0.21300E+03 -0.12259E-06 -0.24100E-08 -0.13560E-07
  0.21330E+03 -0.12302E-06 -0.63994E-09 -0.10498E-07
  0.21360E+03 -0.12304E-06  0.12600E-08 -0.74350E-08
  0.21390E+03 -0.12265E-06  0.30900E-08 -0.43970E-08
  0.21420E+03 -0.12186E-06  0.48500E-08 -0.13740E-08
  0.21450E+03 -0.12065E-06  0.67100E-08  0.16080E-08
  0.21480E+03 -0.11903E-06  0.84700E-08  0.45461E-08
  0.21510E+03 -0.11701E-06  0.10240E-07  0.74380E-08
  0.21540E+03 -0.11460E-06  0.11990E-07  0.10275E-07
  0.21570E+03 -0.11179E-06  0.13604E-07  0.13044E-07
  0.21600E+03 -0.10860E-06  0.15203E-07  0.15733E-07
  0.21630E+03 -0.10503E-06  0.16758E-07  0.18341E-07
  0.21660E+03 -0.10112E-06  0.18229E-07  0.20867E-07
  0.21690E+03 -0.96859E-07  0.19635E-07  0.23292E-07
  0.21720E+03 -0.92283E-07  0.20968E-07  0.25624E-07
  0.21750E+03 -0.87400E-07  0.22212E-07  0.27842E-07
  0.21780E+03 -0.82229E-07  0.23363E-07  0.29937E-07
  0.21810E+03 -0.76791E-07  0.24412E-07  0.31919E-07
  0.21840E+03 -0.71126E-07  0.25369E-07  0.33777E-07
  0.21870E+03 -0.65231E-07  0.26229E-07  0.35503E-07
  0.21900E+03 -0.59161E-07  0.26968E-07  0.37093E-07
  0.21930E+03 -0.52914E-07  0.27607E-07  0.38547E-07
  0.21960E+03 -0.46533E-07  0.28131E-07  0.39851E-07
  0.21990E+03 -0.40047E-07  0.28545E-07  0.41013E-07
  0.22020E+03 -0.33468E-07  0.28834E-07  0.42026E-07
  0.22050E+03 -0.26851E-07  0.29014E-07  0.42890E-07
  0.22080E+03 -0.20193E-07  0.29082E-07  0.43596E-07
  0.22110E+03 -0.13548E-07  0.29035E-07  0.44151E-07
  0.22140E+03 -0.69319E-08  0.28876E-07  0.44559E-07
  0.22170E+03 -0.38995E-09  0.28601E-07  0.44804E-07
  0.22200E+03  0.61000E-08  0.28220E-07  0.44901E-07
  0.22230E+03  0.12470E-07  0.27725E-07  0.44845E-07
  0.22260E+03  0.18700E-07  0.27141E-07  0.44634E-07
  0.22290E+03  0.24780E-07  0.26455E-07  0.44277E-07
  0.22320E+03  0.30580E-07  0.25669E-07  0.43769E-07
  0.22350E+03  0.36270E-07  0.24796E-07  0.43128E-07
  0.22380E+03  0.41670E-07  0.23839E-07  0.42333E-07
  0.22410E+03  0.46910E-07  0.22814E-07  0.41418E-07
  0.22440E+03  0.51880E-07  0.21702E-07  0.40363E-07
  0.22470E+03  0.56490E-07  0.20534E-07  0.39184E-07
  0.22500E+03  0.60820E-07  0.19304E-07  0.37890E-07
  0.22530E+03  0.64880E-07  0.18020E-07  0.36479E-07
  0.22560E+03  0.68660E-07  0.16691E-07  0.34954E-07
  0.22590E+03  0.72070E-07  0.15319E-07  0.33335E-07
  0.22620E+03  0.75128E-07  0.13921E-07  0.31629E-07
  0.22650E+03  0.77836E-07  0.12487E-07  0.29829E-07
  0.22680E+03  0.80224E-07  0.11042E-07  0.27942E-07
  0.22710E+03  0.82277E-07  0.95740E-08  0.25993E-07
  0.22740E+03  0.83971E-07  0.81080E-08  0.23982E-07
  0.22770E+03  0.85335E-07  0.66500E-08  0.21919E-07
  0.22800E+03  0.86347E-07  0.51800E-08  0.19800E-07
  0.22830E+03  0.87027E-07  0.37301E-08  0.17646E-07
  0.22860E+03  0.87381E-07  0.22500E-08  0.15465E-07
  0.22890E+03  0.87406E-07  0.88005E-09  0.13253E-07
  0.22920E+03  0.87117E-07 -0.51000E-09  0.11032E-07
  0.22950E+03  0.86520E-07 -0.18599E-08  0.88090E-08
  0.22980E+03  0.85626E-07 -0.31599E-08  0.65940E-08
  0.23010E+03  0.84470E-07 -0.44500E-08  0.43790E-08
  0.23040E+03  0.82960E-07 -0.56001E-08  0.21840E-08
  0.23070E+03  0.81320E-07 -0.68700E-08  0.15007E-10
  0.23100E+03  0.79370E-07 -0.79700E-08 -0.21100E-08
  0.23130E+03  0.77150E-07 -0.90000E-08 -0.42100E-08
  0.23160E+03  0.74780E-07 -0.10080E-07 -0.62480E-08
  0.23190E+03  0.72100E-07 -0.10960E-07 -0.82500E-08
  0.23220E+03  0.69370E-07 -0.11930E-07 -0.10190E-07
  0.23250E+03  0.66360E-07 -0.12690E-07 -0.12030E-07
  0.23280E+03  0.63260E-07 -0.13530E-07 -0.13790E-07
  0.23310E+03  0.60020E-07 -0.14160E-07 -0.15590E-07
  0.23340E+03  0.56600E-07 -0.14890E-07 -0.17200E-07
  0.23370E+03  0.53090E-07 -0.15450E-07 -0.18740E-07
  0.23400E+03  0.49480E-07 -0.15960E-07 -0.20130E-07
  0.23430E+03  0.45820E-07 -0.16390E-07 -0.21520E-07
  0.23460E+03  0.42050E-07 -0.16730E-07 -0.22780E-07
  0.23490E+03  0.38280E-07 -0.17130E-07 -0.23975E-07
  0.23520E+03  0.34440E-07 -0.17360E-07 -0.25049E-07
  0.23550E+03  0.30500E-07 -0.17562E-07 -0.26008E-07
  0.23580E+03  0.26600E-07 -0.17705E-07 -0.26868E-07
  0.23610E+03  0.22710E-07 -0.17790E-07 -0.27627E-07
  0.23640E+03  0.18900E-07 -0.17820E-07 -0.28264E-07
  0.23670E+03  0.14940E-07 -0.17795E-07 -0.28814E-07
  0.23700E+03  0.11100E-07 -0.17722E-07 -0.29242E-07
  0.23730E+03  0.73001E-08 -0.17584E-07 -0.29572E-07
  0.23760E+03  0.36199E-08 -0.17410E-07 -0.29794E-07
  0.23790E+03 -0.13995E-09 -0.17177E-07 -0.29913E-07
  0.23820E+03 -0.36999E-08 -0.16896E-07 -0.29930E-07
  0.23850E+03 -0.72699E-08 -0.16580E-07 -0.29851E-07
  0.23880E+03 -0.10735E-07 -0.16218E-07 -0.29668E-07
  0.23910E+03 -0.14103E-07 -0.15814E-07 -0.29391E-07
  0.23940E+03 -0.17378E-07 -0.15372E-07 -0.29019E-07
  0.23970E+03 -0.20548E-07 -0.14893E-07 -0.28566E-07
  0.24000E+03 -0.23598E-07 -0.14379E-07 -0.28050E-07
  0.24030E+03 -0.26534E-07 -0.13833E-07 -0.27400E-07
  0.24060E+03 -0.29345E-07 -0.13255E-07 -0.26700E-07
  0.24090E+03 -0.32027E-07 -0.12645E-07 -0.25880E-07
  0.24120E+03 -0.34571E-07 -0.12013E-07 -0.25050E-07
  0.24150E+03 -0.36987E-07 -0.11357E-07 -0.24100E-07
  0.24180E+03 -0.39249E-07 -0.10677E-07 -0.23120E-07
  0.24210E+03 -0.41367E-07 -0.99730E-08 -0.22120E-07
  0.24240E+03 -0.43331E-07 -0.92480E-08 -0.20960E-07
  0.24270E+03 -0.45145E-07 -0.85050E-08 -0.19810E-07
  0.24300E+03 -0.46798E-07 -0.77470E-08 -0.18670E-07
  0.24330E+03 -0.48280E-07 -0.69760E-08 -0.17380E-07
  0.24360E+03 -0.49610E-07 -0.62010E-08 -0.16120E-07
  0.24390E+03 -0.50750E-07 -0.54090E-08 -0.14770E-07
  0.24420E+03 -0.51740E-07 -0.46140E-08 -0.13520E-07
  0.24450E+03 -0.52610E-07 -0.38140E-08 -0.12090E-07
  0.24480E+03 -0.53250E-07 -0.30110E-08 -0.10710E-07
  0.24510E+03 -0.53750E-07 -0.22010E-08 -0.93650E-08
  0.24540E+03 -0.54110E-07 -0.13990E-08 -0.79650E-08
  0.24570E+03 -0.54260E-07 -0.59600E-09 -0.65630E-08
  0.24600E+03 -0.54220E-07  0.19601E-09 -0.51630E-08
  0.24630E+03 -0.54070E-07  0.98500E-09 -0.37670E-08
  0.24660E+03 -0.53690E-07  0.17560E-08 -0.23860E-08
  0.24690E+03 -0.53180E-07  0.25220E-08 -0.10070E-08
  0.24720E+03 -0.52500E-07  0.32760E-08  0.34960E-09
  0.24750E+03 -0.51620E-07  0.40080E-08  0.16870E-08
  0.24780E+03 -0.50630E-07  0.47190E-08  0.29970E-08
  0.24810E+03 -0.49450E-07  0.54060E-08  0.42760E-08
  0.24840E+03 -0.48210E-07  0.60840E-08  0.55300E-08
  0.24870E+03 -0.46760E-07  0.67190E-08  0.67410E-08
  0.24900E+03 -0.45170E-07  0.73350E-08  0.79160E-08
  0.24930E+03 -0.43500E-07  0.79240E-08  0.90510E-08
  0.24960E+03 -0.41660E-07  0.84830E-08  0.10141E-07
  0.24990E+03 -0.39620E-07  0.90030E-08  0.11140E-07
  0.25020E+03 -0.37610E-07  0.94960E-08  0.12140E-07
  0.25050E+03 -0.35440E-07  0.99520E-08  0.13120E-07
  0.25080E+03 -0.33151E-07  0.10364E-07  0.14010E-07
  0.25110E+03 -0.30786E-07  0.10739E-07  0.14810E-07
  0.25140E+03 -0.28352E-07  0.11084E-07  0.15610E-07
  0.25170E+03 -0.25834E-07  0.11379E-07  0.16320E-07
  0.25200E+03 -0.23262E-07  0.11630E-07  0.16910E-07
  0.25230E+03 -0.20636E-07  0.11845E-07  0.17540E-07
  0.25260E+03 -0.17971E-07  0.12022E-07  0.18060E-07
  0.25290E+03 -0.15272E-07  0.12180E-07  0.18490E-07
  0.25320E+03 -0.12553E-07  0.12230E-07  0.18830E-07
  0.25350E+03 -0.98150E-08  0.12250E-07  0.19120E-07
  0.25380E+03 -0.70760E-08  0.12290E-07  0.19440E-07
  0.25410E+03 -0.43460E-08  0.12170E-07  0.19550E-07
  0.25440E+03 -0.16290E-08  0.12080E-07  0.19720E-07
  0.25470E+03  0.10600E-08  0.12010E-07  0.19760E-07
  0.25500E+03  0.37190E-08  0.11790E-07  0.19744E-07
  0.25530E+03  0.63200E-08  0.11610E-07  0.19664E-07
  0.25560E+03  0.88820E-08  0.11370E-07  0.19521E-07
  0.25590E+03  0.11371E-07  0.11080E-07  0.19312E-07
  0.25620E+03  0.13783E-07  0.10760E-07  0.19043E-07
  0.25650E+03  0.16124E-07  0.10400E-07  0.18716E-07
  0.25680E+03  0.18373E-07  0.10006E-07  0.18329E-07
  0.25710E+03  0.20531E-07  0.95810E-08  0.17885E-07
  0.25740E+03  0.22587E-07  0.91310E-08  0.17390E-07
  0.25770E+03  0.24532E-07  0.86540E-08  0.16845E-07
  0.25800E+03  0.26362E-07  0.81540E-08  0.16248E-07
  0.25830E+03  0.28077E-07  0.76260E-08  0.15610E-07
  0.25860E+03  0.29667E-07  0.70860E-08  0.14918E-07
  0.25890E+03  0.31123E-07  0.65250E-08  0.14193E-07
  0.25920E+03  0.32452E-07  0.59420E-08  0.13432E-07
  0.25950E+03  0.33651E-07  0.53590E-08  0.12634E-07
  0.25980E+03  0.34704E-07  0.47560E-08  0.11799E-07
  0.26010E+03  0.35622E-07  0.41480E-08  0.10944E-07
  0.26040E+03  0.36399E-07  0.35329E-08  0.10062E-07
  0.26070E+03  0.37035E-07  0.29152E-08  0.91550E-08
  0.26100E+03  0.37534E-07  0.22940E-08  0.82370E-08
  0.26130E+03  0.37879E-07  0.16860E-08  0.72980E-08
  0.26160E+03  0.38100E-07  0.10720E-08  0.63450E-08
  0.26190E+03  0.38172E-07  0.46902E-09  0.53880E-08
  0.26220E+03  0.38118E-07 -0.12903E-09  0.44210E-08
  0.26250E+03  0.37922E-07 -0.72197E-09  0.34560E-08
  0.26280E+03  0.37630E-07 -0.12890E-08  0.24970E-08
  0.26310E+03  0.37170E-07 -0.18490E-08  0.15380E-08
  0.26340E+03  0.36570E-07 -0.24299E-08  0.59197E-09
  0.26370E+03  0.35930E-07 -0.29499E-08 -0.34299E-09
  0.26400E+03  0.35060E-07 -0.33900E-08 -0.12570E-08
  0.26430E+03  0.34200E-07 -0.38899E-08 -0.21610E-08
  0.26460E+03  0.33150E-07 -0.43500E-08 -0.30450E-08
  0.26490E+03  0.32100E-07 -0.47801E-08 -0.39050E-08
  0.26520E+03  0.30840E-07 -0.51900E-08 -0.47390E-08
  0.26550E+03  0.29610E-07 -0.55801E-08 -0.55470E-08
  0.26580E+03  0.28230E-07 -0.60001E-08 -0.63250E-08
  0.26610E+03  0.26840E-07 -0.63300E-08 -0.70630E-08
  0.26640E+03  0.25270E-07 -0.66600E-08 -0.77710E-08
  0.26670E+03  0.23740E-07 -0.69200E-08 -0.84420E-08
  0.26700E+03  0.22130E-07 -0.71000E-08 -0.90660E-08
  0.26730E+03  0.20500E-07 -0.73600E-08 -0.96597E-08
  0.26760E+03  0.18730E-07 -0.75901E-08 -0.10208E-07
  0.26790E+03  0.17050E-07 -0.77699E-08 -0.10713E-07
  0.26820E+03  0.15270E-07 -0.78900E-08 -0.11175E-07
  0.26850E+03  0.13550E-07 -0.79300E-08 -0.11588E-07
  0.26880E+03  0.11760E-07 -0.80350E-08 -0.11960E-07
  0.26910E+03  0.99401E-08 -0.80820E-08 -0.12289E-07
  0.26940E+03  0.81100E-08 -0.81070E-08 -0.12565E-07
  0.26970E+03  0.63800E-08 -0.81020E-08 -0.12794E-07
  0.27000E+03  0.46300E-08 -0.80690E-08 -0.12980E-07
  0.27030E+03  0.28700E-08 -0.80104E-08 -0.13122E-07
  0.27060E+03  0.11099E-08 -0.79300E-08 -0.13212E-07
  0.27090E+03 -0.62499E-09 -0.78170E-08 -0.13252E-07
  0.27120E+03 -0.23050E-08 -0.76870E-08 -0.13257E-07
  0.27150E+03 -0.39480E-08 -0.75290E-08 -0.13213E-07
  0.27180E+03 -0.55465E-08 -0.73700E-08 -0.13121E-07
  0.27210E+03 -0.71000E-08 -0.71100E-08 -0.12991E-07
  0.27240E+03 -0.86150E-08 -0.69900E-08 -0.12821E-07
  0.27270E+03 -0.10068E-07 -0.67200E-08 -0.12606E-07
  0.27300E+03 -0.11490E-07 -0.64999E-08 -0.12358E-07
  0.27330E+03 -0.12760E-07 -0.61600E-08 -0.12065E-07
  0.27360E+03 -0.14100E-07 -0.59501E-08 -0.11738E-07
  0.27390E+03 -0.15260E-07 -0.55700E-08 -0.11381E-07
  0.27420E+03 -0.16460E-07 -0.53399E-08 -0.10987E-07
  0.27450E+03 -0.17510E-07 -0.49902E-08 -0.10565E-07
  0.27480E+03 -0.18490E-07 -0.46300E-08 -0.10121E-07
  0.27510E+03 -0.19370E-07 -0.42701E-08 -0.96414E-08
  0.27540E+03 -0.20260E-07 -0.40100E-08 -0.91396E-08
  0.27570E+03 -0.21000E-07 -0.36600E-08 -0.86157E-08
  0.27600E+03 -0.21740E-07 -0.33001E-08 -0.80705E-08
  0.27630E+03 -0.22310E-07 -0.28601E-08 -0.75077E-08
  0.27660E+03 -0.22880E-07 -0.24900E-08 -0.69292E-08
  0.27690E+03 -0.23340E-07 -0.21701E-08 -0.63364E-08
  0.27720E+03 -0.23700E-07 -0.17901E-08 -0.57316E-08
  0.27750E+03 -0.23980E-07 -0.14199E-08 -0.51220E-08
  0.27780E+03 -0.24170E-07 -0.10700E-08 -0.44970E-08
  0.27810E+03 -0.24290E-07 -0.71009E-09 -0.38650E-08
  0.27840E+03 -0.24350E-07 -0.32003E-09 -0.32430E-08
  0.27870E+03 -0.24300E-07  0.40018E-10 -0.26110E-08
  0.27900E+03 -0.24240E-07  0.42996E-09 -0.19810E-08
  0.27930E+03 -0.24060E-07  0.76500E-09 -0.13510E-08
  0.27960E+03 -0.23790E-07  0.11160E-08 -0.73500E-09
  0.27990E+03 -0.23490E-07  0.14467E-08 -0.12400E-09
  0.28020E+03 -0.23030E-07  0.17730E-08  0.48710E-09
  0.28050E+03 -0.22560E-07  0.20830E-08  0.10817E-08
  0.28080E+03 -0.22040E-07  0.23600E-08  0.16636E-08
  0.28110E+03 -0.21490E-07  0.26600E-08  0.22314E-08
  0.28140E+03 -0.20820E-07  0.29501E-08  0.27830E-08
  0.28170E+03 -0.20103E-07  0.31898E-08  0.33174E-08
  0.28200E+03 -0.19333E-07  0.35200E-08  0.38339E-08
  0.28230E+03 -0.18512E-07  0.37001E-08  0.43295E-08
  0.28260E+03 -0.17643E-07  0.38999E-08  0.48080E-08
  0.28290E+03 -0.16721E-07  0.41700E-08  0.52520E-08
  0.28320E+03 -0.15740E-07  0.43601E-08  0.56790E-08
  0.28350E+03 -0.14730E-07  0.45297E-08  0.60840E-08
  0.28380E+03 -0.13730E-07  0.46703E-08  0.64630E-08
  0.28410E+03 -0.12630E-07  0.48503E-08  0.68120E-08
  0.28440E+03 -0.11600E-07  0.49499E-08  0.71330E-08
  0.28470E+03 -0.10430E-07  0.51000E-08  0.74310E-08
  0.28500E+03 -0.93098E-08  0.51400E-08  0.76970E-08
  0.28530E+03 -0.81400E-08  0.52100E-08  0.79380E-08
  0.28560E+03 -0.70099E-08  0.52701E-08  0.81440E-08
  0.28590E+03 -0.58399E-08  0.53001E-08  0.83160E-08
  0.28620E+03 -0.46398E-08  0.53201E-08  0.84700E-08
  0.28650E+03 -0.33997E-08  0.53701E-08  0.85880E-08
  0.28680E+03 -0.22301E-08  0.53396E-08  0.86790E-08
  0.28710E+03 -0.10700E-08  0.52501E-08  0.87400E-08
  0.28740E+03  0.11005E-09  0.52601E-08  0.87710E-08
  0.28770E+03  0.12101E-08  0.51500E-08  0.87690E-08
  0.28800E+03  0.23297E-08  0.50200E-08  0.87420E-08
  0.28830E+03  0.34797E-08  0.49599E-08  0.86790E-08
  0.28860E+03  0.45397E-08  0.48299E-08  0.85950E-08
  0.28890E+03  0.55502E-08  0.47403E-08  0.84910E-08
  0.28920E+03  0.65497E-08  0.45502E-08  0.83480E-08
  0.28950E+03  0.76102E-08  0.44199E-08  0.81860E-08
  0.28980E+03  0.85502E-08  0.42098E-08  0.79960E-08
  0.29010E+03  0.94301E-08  0.40800E-08  0.77860E-08
  0.29040E+03  0.10270E-07  0.38500E-08  0.75580E-08
  0.29070E+03  0.11050E-07  0.35900E-08  0.72990E-08
  0.29100E+03  0.11850E-07  0.34200E-08  0.70234E-08
  0.29130E+03  0.12530E-07  0.31959E-08  0.67286E-08
  0.29160E+03  0.13240E-07  0.29580E-08  0.64154E-08
  0.29190E+03  0.13790E-07  0.27200E-08  0.60820E-08
  0.29220E+03  0.14370E-07  0.24401E-08  0.57380E-08
  0.29250E+03  0.14890E-07  0.21801E-08  0.53760E-08
  0.29280E+03  0.15300E-07  0.19500E-08  0.50060E-08
  0.29310E+03  0.15670E-07  0.17399E-08  0.46250E-08
  0.29340E+03  0.15986E-07  0.14402E-08  0.42310E-08
  0.29370E+03  0.16244E-07  0.11401E-08  0.38290E-08
  0.29400E+03  0.16446E-07  0.86993E-09  0.34160E-08
  0.29430E+03  0.16630E-07  0.67985E-09  0.30070E-08
  0.29460E+03  0.16670E-07  0.39972E-09  0.25900E-08
  0.29490E+03  0.16660E-07  0.16007E-09  0.21690E-08
  0.29520E+03  0.16640E-07 -0.12960E-09  0.17490E-08
  0.29550E+03  0.16530E-07 -0.40973E-09  0.13230E-08
  0.29580E+03  0.16420E-07 -0.57980E-09  0.90404E-09
  0.29610E+03  0.16210E-07 -0.83946E-09  0.48595E-09
  0.29640E+03  0.15950E-07 -0.11296E-08  0.70997E-10
  0.29670E+03  0.15700E-07 -0.13306E-08 -0.33998E-09
  0.29700E+03  0.15350E-07 -0.15398E-08 -0.73999E-09
  0.29730E+03  0.14880E-07 -0.17199E-08 -0.11330E-08
  0.29760E+03  0.14450E-07 -0.20000E-08 -0.15120E-08
  0.29790E+03  0.13950E-07 -0.21391E-08 -0.18820E-08
  0.29820E+03  0.13400E-07 -0.23001E-08 -0.22460E-08
  0.29850E+03  0.12850E-07 -0.25298E-08 -0.25870E-08
  0.29880E+03  0.12290E-07 -0.26803E-08 -0.29230E-08
  0.29910E+03  0.11641E-07 -0.28499E-08 -0.32450E-08
  0.29940E+03  0.10980E-07 -0.29499E-08 -0.35470E-08
  0.29970E+03  0.10280E-07 -0.30500E-08 -0.38340E-08
  0.30000E+03  0.95997E-08 -0.32101E-08 -0.41070E-08
  0.30030E+03  0.88403E-08 -0.33101E-08 -0.43530E-08
  0.30060E+03  0.81200E-08 -0.33301E-08 -0.45870E-08
  0.30090E+03  0.73405E-08 -0.34802E-08 -0.48068E-08
  0.30120E+03  0.65502E-08 -0.35300E-08 -0.50014E-08
  0.30150E+03  0.58099E-08 -0.35500E-08 -0.51767E-08
  0.30180E+03  0.49599E-08 -0.36200E-08 -0.53330E-08
  0.30210E+03  0.41600E-08 -0.36000E-08 -0.54660E-08
  0.30240E+03  0.34402E-08 -0.36160E-08 -0.55830E-08
  0.30270E+03  0.26002E-08 -0.36140E-08 -0.56740E-08
  0.30300E+03  0.17999E-08 -0.35990E-08 -0.57570E-08
  0.30330E+03  0.10600E-08 -0.35769E-08 -0.58090E-08
  0.30360E+03  0.30968E-09 -0.35700E-08 -0.58380E-08
  0.30390E+03 -0.52978E-09 -0.35100E-08 -0.58530E-08
  0.30420E+03 -0.12401E-08 -0.34599E-08 -0.58430E-08
  0.30450E+03 -0.20000E-08 -0.33699E-08 -0.58180E-08
  0.30480E+03 -0.26999E-08 -0.32801E-08 -0.57750E-08
  0.30510E+03 -0.33900E-08 -0.31596E-08 -0.57060E-08
  0.30540E+03 -0.40700E-08 -0.30600E-08 -0.56220E-08
  0.30570E+03 -0.47150E-08 -0.30100E-08 -0.55270E-08
  0.30600E+03 -0.53340E-08 -0.28399E-08 -0.54040E-08
  0.30630E+03 -0.59500E-08 -0.27603E-08 -0.52790E-08
  0.30660E+03 -0.64799E-08 -0.26298E-08 -0.51290E-08
  0.30690E+03 -0.70399E-08 -0.24997E-08 -0.49630E-08
