  0.00000E+00 -0.42227E-12 -0.60626E-12  0.10874E-12
  0.30000E+00 -0.44274E-11 -0.66070E-11  0.10697E-11
  0.60000E+00 -0.23383E-10 -0.35567E-10  0.50992E-11
  0.90000E+00 -0.84627E-10 -0.12944E-09  0.16350E-10
  0.12000E+01 -0.23903E-09 -0.36585E-09  0.41137E-10
  0.15000E+01 -0.56568E-09 -0.86738E-09  0.88769E-10
  0.18000E+01 -0.11731E-08 -0.18063E-08  0.17264E-09
  0.21000E+01 -0.22002E-08 -0.34014E-08  0.31037E-09
  0.24000E+01 -0.38179E-08 -0.59104E-08  0.52262E-09
  0.27000E+01 -0.62308E-08 -0.96225E-08  0.83124E-09
  0.30000E+01 -0.96779E-08 -0.14854E-07  0.12569E-08
  0.33000E+01 -0.14432E-07 -0.21945E-07  0.18168E-08
  0.36000E+01 -0.20795E-07 -0.31250E-07  0.25230E-08
  0.39000E+01 -0.29086E-07 -0.43122E-07  0.33830E-08
  0.42000E+01 -0.39625E-07 -0.57904E-07  0.43999E-08
  0.45000E+01 -0.52719E-07 -0.75909E-07  0.55734E-08
  0.48000E+01 -0.68648E-07 -0.97406E-07  0.69002E-08
  0.51000E+01 -0.87652E-07 -0.12261E-06  0.83750E-08
  0.54000E+01 -0.10993E-06 -0.15168E-06  0.99902E-08
  0.57000E+01 -0.13563E-06 -0.18468E-06  0.11735E-07
  0.60000E+01 -0.16489E-06 -0.22159E-06  0.13595E-07
  0.63000E+01 -0.19779E-06 -0.26228E-06  0.15552E-07
  0.66000E+01 -0.23438E-06 -0.30653E-06  0.17586E-07
  0.69000E+01 -0.27466E-06 -0.35398E-06  0.19674E-07
  0.72000E+01 -0.31857E-06 -0.40417E-06  0.21789E-07
  0.75000E+01 -0.36602E-06 -0.45650E-06  0.23901E-07
  0.78000E+01 -0.41682E-06 -0.51029E-06  0.25979E-07
  0.81000E+01 -0.47076E-06 -0.56469E-06  0.27994E-07
  0.84000E+01 -0.52754E-06 -0.61877E-06  0.29917E-07
  0.87000E+01 -0.58683E-06 -0.67148E-06  0.31724E-07
  0.90000E+01 -0.64825E-06 -0.72169E-06  0.33389E-07
  0.93000E+01 -0.71134E-06 -0.76817E-06  0.34885E-07
  0.96000E+01 -0.77567E-06 -0.80961E-06  0.36180E-07
  0.99000E+01 -0.84074E-06 -0.84465E-06  0.37241E-07
  0.10200E+02 -0.90602E-06 -0.87193E-06  0.38028E-07
  0.10500E+02 -0.97097E-06 -0.89003E-06  0.38507E-07
  0.10800E+02 -0.10350E-05 -0.89757E-06  0.38647E-07
  0.11100E+02 -0.10975E-05 -0.89322E-06  0.38427E-07
  0.11400E+02 -0.11579E-05 -0.87566E-06  0.37835E-07
  0.11700E+02 -0.12155E-05 -0.84367E-06  0.36862E-07
  0.12000E+02 -0.12698E-05 -0.79613E-06  0.35503E-07
  0.12300E+02 -0.13202E-05 -0.73202E-06  0.33758E-07
  0.12600E+02 -0.13661E-05 -0.65049E-06  0.31625E-07
  0.12900E+02 -0.14070E-05 -0.55088E-06  0.29105E-07
  0.13200E+02 -0.14424E-05 -0.43272E-06  0.26194E-07
  0.13500E+02 -0.14719E-05 -0.29577E-06  0.22887E-07
  0.13800E+02 -0.14949E-05 -0.14004E-06  0.19183E-07
  0.14100E+02 -0.15110E-05  0.34194E-07  0.15081E-07
  0.14400E+02 -0.15198E-05  0.22640E-06  0.10589E-07
  0.14700E+02 -0.15210E-05  0.43574E-06  0.57213E-08
  0.15000E+02 -0.15141E-05  0.66109E-06  0.49332E-09
  0.15300E+02 -0.14989E-05  0.90107E-06 -0.50763E-08
  0.15600E+02 -0.14750E-05  0.11540E-05 -0.10969E-07
  0.15900E+02 -0.14422E-05  0.14178E-05 -0.17164E-07
  0.16200E+02 -0.14001E-05  0.16903E-05 -0.23642E-07
  0.16500E+02 -0.13485E-05  0.19690E-05 -0.30378E-07
  0.16800E+02 -0.12872E-05  0.22511E-05 -0.37344E-07
  0.17100E+02 -0.12159E-05  0.25335E-05 -0.44507E-07
  0.17400E+02 -0.11343E-05  0.28132E-05 -0.51826E-07
  0.17700E+02 -0.10422E-05  0.30867E-05 -0.59256E-07
  0.18000E+02 -0.93941E-06  0.33506E-05 -0.66749E-07
  0.18300E+02 -0.82574E-06  0.36014E-05 -0.74256E-07
  0.18600E+02 -0.70104E-06  0.38357E-05 -0.81728E-07
  0.18900E+02 -0.56519E-06  0.40498E-05 -0.89115E-07
  0.19200E+02 -0.41815E-06  0.42402E-05 -0.96365E-07
  0.19500E+02 -0.25991E-06  0.44038E-05 -0.10342E-06
  0.19800E+02 -0.90549E-07  0.45371E-05 -0.11021E-06
  0.20100E+02  0.89750E-07  0.46373E-05 -0.11667E-06
  0.20400E+02  0.28072E-06  0.47016E-05 -0.12273E-06
  0.20700E+02  0.48199E-06  0.47276E-05 -0.12832E-06
  0.21000E+02  0.69307E-06  0.47130E-05 -0.13336E-06
  0.21300E+02  0.91334E-06  0.46562E-05 -0.13778E-06
  0.21600E+02  0.11420E-05  0.45557E-05 -0.14152E-06
  0.21900E+02  0.13782E-05  0.44105E-05 -0.14466E-06
  0.22200E+02  0.16210E-05  0.42198E-05 -0.14751E-06
  0.22500E+02  0.18691E-05  0.39829E-05 -0.15048E-06
  0.22800E+02  0.21212E-05  0.36996E-05 -0.15375E-06
  0.23100E+02  0.23758E-05  0.33704E-05 -0.15728E-06
  0.23400E+02  0.26315E-05  0.29963E-05 -0.16090E-06
  0.23700E+02  0.28862E-05  0.25791E-05 -0.16452E-06
  0.24000E+02  0.31383E-05  0.21208E-05 -0.16813E-06
  0.24300E+02  0.33858E-05  0.16243E-05 -0.17172E-06
  0.24600E+02  0.36266E-05  0.10925E-05 -0.17520E-06
  0.24900E+02  0.38589E-05  0.52895E-06 -0.17835E-06
  0.25200E+02  0.40805E-05 -0.62227E-07 -0.18086E-06
  0.25500E+02  0.42895E-05 -0.67639E-06 -0.18235E-06
  0.25800E+02  0.44837E-05 -0.13083E-05 -0.18231E-06
  0.26100E+02  0.46612E-05 -0.19520E-05 -0.18007E-06
  0.26400E+02  0.48199E-05 -0.26014E-05 -0.17474E-06
  0.26700E+02  0.49579E-05 -0.32496E-05 -0.16541E-06
  0.27000E+02  0.50731E-05 -0.38897E-05 -0.15112E-06
  0.27300E+02  0.51638E-05 -0.45149E-05 -0.13098E-06
  0.27600E+02  0.52280E-05 -0.51181E-05 -0.10417E-06
  0.27900E+02  0.52640E-05 -0.56927E-05 -0.70068E-07
  0.28200E+02  0.52704E-05 -0.62325E-05 -0.28305E-07
  0.28500E+02  0.52458E-05 -0.67314E-05  0.21180E-07
  0.28800E+02  0.51891E-05 -0.71839E-05  0.78102E-07
  0.29100E+02  0.50995E-05 -0.75849E-05  0.14183E-06
  0.29400E+02  0.49766E-05 -0.79302E-05  0.21139E-06
  0.29700E+02  0.48200E-05 -0.82160E-05  0.28549E-06
  0.30000E+02  0.46297E-05 -0.84395E-05  0.36247E-06
  0.30300E+02  0.44064E-05 -0.85989E-05  0.44040E-06
  0.30600E+02  0.41508E-05 -0.86930E-05  0.51714E-06
  0.30900E+02  0.38642E-05 -0.87218E-05  0.59040E-06
  0.31200E+02  0.35484E-05 -0.86861E-05  0.65793E-06
  0.31500E+02  0.32055E-05 -0.85873E-05  0.71748E-06
  0.31800E+02  0.28380E-05 -0.84277E-05  0.76694E-06
  0.32100E+02  0.24487E-05 -0.82100E-05  0.80436E-06
  0.32400E+02  0.20409E-05 -0.79374E-05  0.82799E-06
  0.32700E+02  0.16178E-05 -0.76138E-05  0.83637E-06
  0.33000E+02  0.11830E-05 -0.72434E-05  0.82841E-06
  0.33300E+02  0.73979E-06 -0.68305E-05  0.80339E-06
  0.33600E+02  0.29165E-06 -0.63799E-05  0.76099E-06
  0.33900E+02 -0.15816E-06 -0.58962E-05  0.70133E-06
  0.34200E+02 -0.60651E-06 -0.53843E-05  0.62497E-06
  0.34500E+02 -0.10505E-05 -0.48488E-05  0.53292E-06
  0.34800E+02 -0.14874E-05 -0.42946E-05  0.42660E-06
  0.35100E+02 -0.19147E-05 -0.37260E-05  0.30783E-06
  0.35400E+02 -0.23301E-05 -0.31474E-05  0.17879E-06
  0.35700E+02 -0.27316E-05 -0.25626E-05  0.41960E-07
  0.36000E+02 -0.31176E-05 -0.19753E-05 -0.99933E-07
  0.36300E+02 -0.34863E-05 -0.13892E-05 -0.24404E-06
  0.36600E+02 -0.38364E-05 -0.80749E-06 -0.38744E-06
  0.36900E+02 -0.41668E-05 -0.23335E-06 -0.52726E-06
  0.37200E+02 -0.44760E-05  0.33033E-06 -0.66073E-06
  0.37500E+02 -0.47623E-05  0.88090E-06 -0.78534E-06
  0.37800E+02 -0.50222E-05  0.14159E-05 -0.89894E-06
  0.38100E+02 -0.52513E-05  0.19334E-05 -0.99980E-06
  0.38400E+02 -0.54449E-05  0.24318E-05 -0.10866E-05
  0.38700E+02 -0.55991E-05  0.29094E-05 -0.11585E-05
  0.39000E+02 -0.57111E-05  0.33650E-05 -0.12149E-05
  0.39300E+02 -0.57796E-05  0.37968E-05 -0.12554E-05
  0.39600E+02 -0.58040E-05  0.42032E-05 -0.12802E-05
  0.39900E+02 -0.57843E-05  0.45827E-05 -0.12895E-05
  0.40200E+02 -0.57211E-05  0.49339E-05 -0.12840E-05
  0.40500E+02 -0.56156E-05  0.52554E-05 -0.12643E-05
  0.40800E+02 -0.54698E-05  0.55463E-05 -0.12308E-05
  0.41100E+02 -0.52865E-05  0.58050E-05 -0.11839E-05
  0.41400E+02 -0.50691E-05  0.60307E-05 -0.11234E-05
  0.41700E+02 -0.48224E-05  0.62225E-05 -0.10492E-05
  0.42000E+02 -0.45516E-05  0.63801E-05 -0.96095E-06
  0.42300E+02 -0.42630E-05  0.65039E-05 -0.85842E-06
  0.42600E+02 -0.39639E-05  0.65939E-05 -0.74144E-06
  0.42900E+02 -0.36616E-05  0.66502E-05 -0.61014E-06
  0.43200E+02 -0.33641E-05  0.66729E-05 -0.46513E-06
  0.43500E+02 -0.30793E-05  0.66624E-05 -0.30764E-06
  0.43800E+02 -0.28151E-05  0.66199E-05 -0.13956E-06
  0.44100E+02 -0.25791E-05  0.65468E-05  0.36521E-07
  0.44400E+02 -0.23781E-05  0.64452E-05  0.21752E-06
  0.44700E+02 -0.22181E-05  0.63173E-05  0.40023E-06
  0.45000E+02 -0.21037E-05  0.61655E-05  0.58175E-06
  0.45300E+02 -0.20375E-05  0.59923E-05  0.75974E-06
  0.45600E+02 -0.20205E-05  0.58007E-05  0.93257E-06
  0.45900E+02 -0.20519E-05  0.55938E-05  0.10994E-05
  0.46200E+02 -0.21291E-05  0.53750E-05  0.12599E-05
  0.46500E+02 -0.22476E-05  0.51474E-05  0.14143E-05
  0.46800E+02 -0.24011E-05  0.49141E-05  0.15630E-05
  0.47100E+02 -0.25806E-05  0.46781E-05  0.17065E-05
  0.47400E+02 -0.27746E-05  0.44422E-05  0.18449E-05
  0.47700E+02 -0.29687E-05  0.42088E-05  0.19778E-05
  0.48000E+02 -0.31466E-05  0.39798E-05  0.21041E-05
  0.48300E+02 -0.32911E-05  0.37563E-05  0.22220E-05
  0.48600E+02 -0.33847E-05  0.35386E-05  0.23290E-05
  0.48900E+02 -0.34108E-05  0.33259E-05  0.24226E-05
  0.49200E+02 -0.33539E-05  0.31164E-05  0.24998E-05
  0.49500E+02 -0.32011E-05  0.29079E-05  0.25583E-05
  0.49800E+02 -0.29424E-05  0.26978E-05  0.25957E-05
  0.50100E+02 -0.25715E-05  0.24835E-05  0.26100E-05
  0.50400E+02 -0.20861E-05  0.22614E-05  0.25994E-05
  0.50700E+02 -0.14885E-05  0.20279E-05  0.25620E-05
  0.51000E+02 -0.78610E-06  0.17794E-05  0.24958E-05
  0.51300E+02  0.10130E-07  0.15128E-05  0.23988E-05
  0.51600E+02  0.88613E-06  0.12266E-05  0.22685E-05
  0.51900E+02  0.18260E-05  0.92084E-06  0.21025E-05
  0.52200E+02  0.28125E-05  0.59702E-06  0.18984E-05
  0.52500E+02  0.38277E-05  0.25771E-06  0.16543E-05
  0.52800E+02  0.48530E-05 -0.94190E-07  0.13682E-05
  0.53100E+02  0.58698E-05 -0.45571E-06  0.10391E-05
  0.53400E+02  0.68595E-05 -0.82367E-06  0.66680E-06
  0.53700E+02  0.78043E-05 -0.11946E-05  0.25228E-06
  0.54000E+02  0.86874E-05 -0.15650E-05 -0.20177E-06
  0.54300E+02  0.94935E-05 -0.19316E-05 -0.69112E-06
  0.54600E+02  0.10208E-04 -0.22917E-05 -0.12100E-05
  0.54900E+02  0.10820E-04 -0.26428E-05 -0.17509E-05
  0.55200E+02  0.11318E-04 -0.29828E-05 -0.23052E-05
  0.55500E+02  0.11692E-04 -0.33101E-05 -0.28630E-05
  0.55800E+02  0.11935E-04 -0.36232E-05 -0.34136E-05
  0.56100E+02  0.12042E-04 -0.39207E-05 -0.39462E-05
  0.56400E+02  0.12009E-04 -0.42012E-05 -0.44498E-05
  0.56700E+02  0.11833E-04 -0.44632E-05 -0.49141E-05
  0.57000E+02  0.11514E-04 -0.47046E-05 -0.53291E-05
  0.57300E+02  0.11055E-04 -0.49235E-05 -0.56860E-05
  0.57600E+02  0.10459E-04 -0.51174E-05 -0.59768E-05
  0.57900E+02  0.97329E-05 -0.52835E-05 -0.61945E-05
  0.58200E+02  0.88837E-05 -0.54186E-05 -0.63333E-05
  0.58500E+02  0.79203E-05 -0.55200E-05 -0.63885E-05
  0.58800E+02  0.68527E-05 -0.55855E-05 -0.63566E-05
  0.59100E+02  0.56917E-05 -0.56138E-05 -0.62354E-05
  0.59400E+02  0.44491E-05 -0.56042E-05 -0.60240E-05
  0.59700E+02  0.31379E-05 -0.55568E-05 -0.57227E-05
  0.60000E+02  0.17721E-05 -0.54723E-05 -0.53334E-05
  0.60300E+02  0.36668E-06 -0.53517E-05 -0.48595E-05
  0.60600E+02 -0.10626E-05 -0.51963E-05 -0.43062E-05
  0.60900E+02 -0.24994E-05 -0.50079E-05 -0.36803E-05
  0.61200E+02 -0.39268E-05 -0.47885E-05 -0.29901E-05
  0.61500E+02 -0.53271E-05 -0.45405E-05 -0.22451E-05
  0.61800E+02 -0.66825E-05 -0.42661E-05 -0.14562E-05
  0.62100E+02 -0.79752E-05 -0.39676E-05 -0.63505E-06
  0.62400E+02 -0.91878E-05 -0.36467E-05  0.20612E-06
  0.62700E+02 -0.10304E-04 -0.33053E-05  0.10546E-05
  0.63000E+02 -0.11311E-04 -0.29452E-05  0.18978E-05
  0.63300E+02 -0.12195E-04 -0.25687E-05  0.27234E-05
  0.63600E+02 -0.12947E-04 -0.21779E-05  0.35197E-05
  0.63900E+02 -0.13559E-04 -0.17759E-05  0.42761E-05
  0.64200E+02 -0.14026E-04 -0.13654E-05  0.49830E-05
  0.64500E+02 -0.14345E-04 -0.94992E-06  0.56321E-05
  0.64800E+02 -0.14512E-04 -0.53288E-06  0.62157E-05
  0.65100E+02 -0.14529E-04 -0.11816E-06  0.67277E-05
  0.65400E+02 -0.14396E-04  0.29047E-06  0.71622E-05
  0.65700E+02 -0.14116E-04  0.68964E-06  0.75147E-05
  0.66000E+02 -0.13691E-04  0.10765E-05  0.77813E-05
  0.66300E+02 -0.13127E-04  0.14485E-05  0.79589E-05
  0.66600E+02 -0.12429E-04  0.18033E-05  0.80455E-05
  0.66900E+02 -0.11604E-04  0.21385E-05  0.80400E-05
  0.67200E+02 -0.10661E-04  0.24516E-05  0.79425E-05
  0.67500E+02 -0.96094E-05  0.27402E-05  0.77540E-05
  0.67800E+02 -0.84597E-05  0.30016E-05  0.74769E-05
  0.68100E+02 -0.72244E-05  0.32332E-05  0.71146E-05
  0.68400E+02 -0.59168E-05  0.34326E-05  0.66712E-05
  0.68700E+02 -0.45512E-05  0.35975E-05  0.61517E-05
  0.69000E+02 -0.31426E-05  0.37264E-05  0.55620E-05
  0.69300E+02 -0.17061E-05  0.38176E-05  0.49085E-05
  0.69600E+02 -0.25725E-06  0.38702E-05  0.41982E-05
  0.69900E+02  0.11880E-05  0.38833E-05  0.34387E-05
  0.70200E+02  0.26133E-05  0.38571E-05  0.26382E-05
  0.70500E+02  0.40024E-05  0.37919E-05  0.18056E-05
  0.70800E+02  0.53398E-05  0.36887E-05  0.95007E-06
  0.71100E+02  0.66107E-05  0.35488E-05  0.81640E-07
  0.71400E+02  0.78017E-05  0.33737E-05 -0.78938E-06
  0.71700E+02  0.89011E-05  0.31652E-05 -0.16524E-05
  0.72000E+02  0.98982E-05  0.29255E-05 -0.24967E-05
  0.72300E+02  0.10784E-04  0.26572E-05 -0.33119E-05
  0.72600E+02  0.11552E-04  0.23631E-05 -0.40877E-05
  0.72900E+02  0.12196E-04  0.20463E-05 -0.48146E-05
  0.73200E+02  0.12712E-04  0.17096E-05 -0.54837E-05
  0.73500E+02  0.13098E-04  0.13558E-05 -0.60873E-05
  0.73800E+02  0.13354E-04  0.98734E-06 -0.66184E-05
  0.74100E+02  0.13479E-04  0.60704E-06 -0.70715E-05
  0.74400E+02  0.13476E-04  0.21799E-06 -0.74421E-05
  0.74700E+02  0.13347E-04 -0.17620E-06 -0.77266E-05
  0.75000E+02  0.13096E-04 -0.57135E-06 -0.79227E-05
  0.75300E+02  0.12728E-04 -0.96282E-06 -0.80292E-05
  0.75600E+02  0.12249E-04 -0.13455E-05 -0.80456E-05
  0.75900E+02  0.11666E-04 -0.17143E-05 -0.79723E-05
  0.76200E+02  0.10987E-04 -0.20637E-05 -0.78106E-05
  0.76500E+02  0.10221E-04 -0.23888E-05 -0.75622E-05
  0.76800E+02  0.93785E-05 -0.26850E-05 -0.72297E-05
  0.77100E+02  0.84684E-05 -0.29480E-05 -0.68163E-05
  0.77400E+02  0.75017E-05 -0.31741E-05 -0.63261E-05
  0.77700E+02  0.64891E-05 -0.33602E-05 -0.57639E-05
  0.78000E+02  0.54416E-05 -0.35042E-05 -0.51353E-05
  0.78300E+02  0.43706E-05 -0.36049E-05 -0.44471E-05
  0.78600E+02  0.32876E-05 -0.36619E-05 -0.37066E-05
  0.78900E+02  0.22043E-05 -0.36756E-05 -0.29223E-05
  0.79200E+02  0.11327E-05 -0.36465E-05 -0.21035E-05
  0.79500E+02  0.84043E-07 -0.35755E-05 -0.12604E-05
  0.79800E+02 -0.93088E-06 -0.34636E-05 -0.40365E-06
  0.80100E+02 -0.19022E-05 -0.33120E-05  0.45536E-06
  0.80400E+02 -0.28212E-05 -0.31222E-05  0.13053E-05
  0.80700E+02 -0.36797E-05 -0.28961E-05  0.21350E-05
  0.81000E+02 -0.44708E-05 -0.26358E-05  0.29336E-05
  0.81300E+02 -0.51883E-05 -0.23437E-05  0.36913E-05
  0.81600E+02 -0.58268E-05 -0.20231E-05  0.43989E-05
  0.81900E+02 -0.63821E-05 -0.16778E-05  0.50484E-05
  0.82200E+02 -0.68511E-05 -0.13123E-05  0.56328E-05
  0.82500E+02 -0.72317E-05 -0.93154E-06  0.61460E-05
  0.82800E+02 -0.75225E-05 -0.54042E-06  0.65831E-05
  0.83100E+02 -0.77235E-05 -0.14390E-06  0.69400E-05
  0.83400E+02 -0.78355E-05  0.25344E-06  0.72134E-05
  0.83700E+02 -0.78607E-05  0.64737E-06  0.74011E-05
  0.84000E+02 -0.78024E-05  0.10340E-05  0.75014E-05
  0.84300E+02 -0.76651E-05  0.14095E-05  0.75138E-05
  0.84600E+02 -0.74543E-05  0.17705E-05  0.74383E-05
  0.84900E+02 -0.71757E-05  0.21133E-05  0.72764E-05
  0.85200E+02 -0.68357E-05  0.24345E-05  0.70303E-05
  0.85500E+02 -0.64406E-05  0.27310E-05  0.67036E-05
  0.85800E+02 -0.59972E-05  0.29996E-05  0.63012E-05
  0.86100E+02 -0.55120E-05  0.32378E-05  0.58289E-05
  0.86400E+02 -0.49917E-05  0.34432E-05  0.52935E-05
  0.86700E+02 -0.44432E-05  0.36138E-05  0.47027E-05
  0.87000E+02 -0.38733E-05  0.37481E-05  0.40647E-05
  0.87300E+02 -0.32886E-05  0.38454E-05  0.33881E-05
  0.87600E+02 -0.26955E-05  0.39054E-05  0.26813E-05
  0.87900E+02 -0.21006E-05  0.39284E-05  0.19529E-05
  0.88200E+02 -0.15104E-05  0.39150E-05  0.12109E-05
  0.88500E+02 -0.93162E-06  0.38663E-05  0.46317E-06
  0.88800E+02 -0.37062E-06  0.37836E-05 -0.28300E-06
  0.89100E+02  0.16647E-06  0.36681E-05 -0.10204E-05
  0.89400E+02  0.67393E-06  0.35216E-05 -0.17421E-05
  0.89700E+02  0.11464E-05  0.33454E-05 -0.24412E-05
  0.90000E+02  0.15787E-05  0.31413E-05 -0.31112E-05
  0.90300E+02  0.19660E-05  0.29113E-05 -0.37452E-05
  0.90600E+02  0.23041E-05  0.26578E-05 -0.43370E-05
  0.90900E+02  0.25895E-05  0.23836E-05 -0.48802E-05
  0.91200E+02  0.28194E-05  0.20918E-05 -0.53689E-05
  0.91500E+02  0.29917E-05  0.17864E-05 -0.57975E-05
  0.91800E+02  0.31051E-05  0.14714E-05 -0.61612E-05
  0.92100E+02  0.31588E-05  0.11510E-05 -0.64559E-05
  0.92400E+02  0.31529E-05  0.82963E-06 -0.66785E-05
  0.92700E+02  0.30880E-05  0.51139E-06 -0.68266E-05
  0.93000E+02  0.29655E-05  0.20003E-06 -0.68989E-05
  0.93300E+02  0.27879E-05 -0.10123E-06 -0.68948E-05
  0.93600E+02  0.25581E-05 -0.38965E-06 -0.68146E-05
  0.93900E+02  0.22797E-05 -0.66306E-06 -0.66592E-05
  0.94200E+02  0.19571E-05 -0.91982E-06 -0.64304E-05
  0.94500E+02  0.15953E-05 -0.11589E-05 -0.61303E-05
  0.94800E+02  0.12003E-05 -0.13796E-05 -0.57622E-05
  0.95100E+02  0.77913E-06 -0.15816E-05 -0.53299E-05
  0.95400E+02  0.33925E-06 -0.17648E-05 -0.48380E-05
  0.95700E+02 -0.11147E-06 -0.19290E-05 -0.42924E-05
  0.96000E+02 -0.56513E-06 -0.20739E-05 -0.36995E-05
  0.96300E+02 -0.10140E-05 -0.21991E-05 -0.30669E-05
  0.96600E+02 -0.14509E-05 -0.23040E-05 -0.24027E-05
  0.96900E+02 -0.18687E-05 -0.23881E-05 -0.17155E-05
  0.97200E+02 -0.22611E-05 -0.24511E-05 -0.10141E-05
  0.97500E+02 -0.26227E-05 -0.24925E-05 -0.30711E-06
  0.97800E+02 -0.29487E-05 -0.25125E-05  0.39671E-06
  0.98100E+02 -0.32353E-05 -0.25119E-05  0.10891E-05
  0.98400E+02 -0.34795E-05 -0.24919E-05  0.17622E-05
  0.98700E+02 -0.36791E-05 -0.24540E-05  0.24087E-05
  0.99000E+02 -0.38326E-05 -0.24002E-05  0.30216E-05
  0.99300E+02 -0.39392E-05 -0.23324E-05  0.35945E-05
  0.99600E+02 -0.39983E-05 -0.22523E-05  0.41215E-05
  0.99900E+02 -0.40100E-05 -0.21618E-05  0.45971E-05
  0.10020E+03 -0.39748E-05 -0.20623E-05  0.50165E-05
  0.10050E+03 -0.38933E-05 -0.19551E-05  0.53755E-05
  0.10080E+03 -0.37663E-05 -0.18413E-05  0.56707E-05
  0.10110E+03 -0.35947E-05 -0.17218E-05  0.58994E-05
  0.10140E+03 -0.33801E-05 -0.15973E-05  0.60599E-05
  0.10170E+03 -0.31240E-05 -0.14690E-05  0.61514E-05
  0.10200E+03 -0.28289E-05 -0.13382E-05  0.61739E-05
  0.10230E+03 -0.24978E-05 -0.12062E-05  0.61283E-05
  0.10260E+03 -0.21346E-05 -0.10748E-05  0.60163E-05
  0.10290E+03 -0.17438E-05 -0.94546E-06  0.58400E-05
  0.10320E+03 -0.13301E-05 -0.81980E-06  0.56023E-05
  0.10350E+03 -0.89835E-06 -0.69916E-06  0.53067E-05
  0.10380E+03 -0.45340E-06 -0.58455E-06  0.49572E-05
  0.10410E+03 -0.86743E-10 -0.47654E-06  0.45582E-05
  0.10440E+03  0.45667E-06 -0.37523E-06  0.41146E-05
  0.10470E+03  0.91195E-06 -0.28054E-06  0.36319E-05
  0.10500E+03  0.13610E-05 -0.19247E-06  0.31157E-05
  0.10530E+03  0.17990E-05 -0.11120E-06  0.25721E-05
  0.10560E+03  0.22214E-05 -0.36914E-07  0.20075E-05
  0.10590E+03  0.26236E-05  0.30327E-07  0.14284E-05
  0.10620E+03  0.30009E-05  0.90738E-07  0.84127E-06
  0.10650E+03  0.33489E-05  0.14495E-06  0.25276E-06
  0.10680E+03  0.36635E-05  0.19409E-06 -0.33068E-06
  0.10710E+03  0.39409E-05  0.23972E-06 -0.90273E-06
  0.10740E+03  0.41781E-05  0.28362E-06 -0.14572E-05
  0.10770E+03  0.43724E-05  0.32757E-06 -0.19881E-05
  0.10800E+03  0.45218E-05  0.37319E-06 -0.24897E-05
  0.10830E+03  0.46250E-05  0.42182E-06 -0.29569E-05
  0.10860E+03  0.46813E-05  0.47439E-06 -0.33847E-05
  0.10890E+03  0.46904E-05  0.53141E-06 -0.37689E-05
  0.10920E+03  0.46530E-05  0.59302E-06 -0.41057E-05
  0.10950E+03  0.45702E-05  0.65898E-06 -0.43917E-05
  0.10980E+03  0.44436E-05  0.72875E-06 -0.46244E-05
  0.11010E+03  0.42751E-05  0.80160E-06 -0.48017E-05
  0.11040E+03  0.40666E-05  0.87671E-06 -0.49220E-05
  0.11070E+03  0.38206E-05  0.95321E-06 -0.49846E-05
  0.11100E+03  0.35397E-05  0.10302E-05 -0.49893E-05
  0.11130E+03  0.32268E-05  0.11065E-05 -0.49364E-05
  0.11160E+03  0.28851E-05  0.11814E-05 -0.48271E-05
  0.11190E+03  0.25182E-05  0.12540E-05 -0.46633E-05
  0.11220E+03  0.21298E-05  0.13236E-05 -0.44475E-05
  0.11250E+03  0.17241E-05  0.13900E-05 -0.41832E-05
  0.11280E+03  0.13056E-05  0.14530E-05 -0.38743E-05
  0.11310E+03  0.87914E-06  0.15127E-05 -0.35256E-05
  0.11340E+03  0.44950E-06  0.15697E-05 -0.31421E-05
  0.11370E+03  0.21572E-07  0.16247E-05 -0.27294E-05
  0.11400E+03 -0.39985E-06  0.16783E-05 -0.22929E-05
  0.11430E+03 -0.81005E-06  0.17307E-05 -0.18382E-05
  0.11460E+03 -0.12045E-05  0.17819E-05 -0.13709E-05
  0.11490E+03 -0.15791E-05  0.18314E-05 -0.89623E-06
  0.11520E+03 -0.19303E-05  0.18780E-05 -0.41956E-06
  0.11550E+03 -0.22548E-05  0.19207E-05  0.53978E-07
  0.11580E+03 -0.25504E-05  0.19581E-05  0.51927E-06
  0.11610E+03 -0.28149E-05  0.19885E-05  0.97130E-06
  0.11640E+03 -0.30464E-05  0.20101E-05  0.14052E-05
  0.11670E+03 -0.32430E-05  0.20210E-05  0.18164E-05
  0.11700E+03 -0.34029E-05  0.20191E-05  0.22006E-05
  0.11730E+03 -0.35244E-05  0.20022E-05  0.25538E-05
  0.11760E+03 -0.36063E-05  0.19686E-05  0.28723E-05
  0.11790E+03 -0.36478E-05  0.19170E-05  0.31531E-05
  0.11820E+03 -0.36485E-05  0.18465E-05  0.33932E-05
  0.11850E+03 -0.36087E-05  0.17566E-05  0.35903E-05
  0.11880E+03 -0.35295E-05  0.16475E-05  0.37426E-05
  0.11910E+03 -0.34121E-05  0.15198E-05  0.38488E-05
  0.11940E+03 -0.32586E-05  0.13744E-05  0.39078E-05
  0.11970E+03 -0.30712E-05  0.12127E-05  0.39195E-05
  0.12000E+03 -0.28524E-05  0.10360E-05  0.38840E-05
  0.12030E+03 -0.26048E-05  0.84607E-06  0.38021E-05
  0.12060E+03 -0.23312E-05  0.64481E-06  0.36751E-05
  0.12090E+03 -0.20344E-05  0.43438E-06  0.35049E-05
  0.12120E+03 -0.17175E-05  0.21722E-06  0.32937E-05
  0.12150E+03 -0.13833E-05 -0.40967E-08  0.30444E-05
  0.12180E+03 -0.10351E-05 -0.22699E-06  0.27603E-05
  0.12210E+03 -0.67568E-06 -0.44910E-06  0.24453E-05
  0.12240E+03 -0.30846E-06 -0.66835E-06  0.21036E-05
  0.12270E+03  0.63077E-07 -0.88304E-06  0.17401E-05
  0.12300E+03  0.43497E-06 -0.10918E-05  0.13599E-05
  0.12330E+03  0.80289E-06 -0.12936E-05  0.96827E-06
  0.12360E+03  0.11623E-05 -0.14876E-05  0.57066E-06
  0.12390E+03  0.15090E-05 -0.16732E-05  0.17252E-06
  0.12420E+03  0.18389E-05 -0.18497E-05 -0.22080E-06
  0.12450E+03  0.21486E-05 -0.20164E-05 -0.60424E-06
  0.12480E+03  0.24350E-05 -0.21725E-05 -0.97310E-06
  0.12510E+03  0.26954E-05 -0.23173E-05 -0.13232E-05
  0.12540E+03  0.29275E-05 -0.24498E-05 -0.16508E-05
  0.12570E+03  0.31293E-05 -0.25691E-05 -0.19529E-05
  0.12600E+03  0.32991E-05 -0.26739E-05 -0.22267E-05
  0.12630E+03  0.34360E-05 -0.27634E-05 -0.24700E-05
  0.12660E+03  0.35392E-05 -0.28363E-05 -0.26810E-05
  0.12690E+03  0.36087E-05 -0.28916E-05 -0.28582E-05
  0.12720E+03  0.36444E-05 -0.29280E-05 -0.30003E-05
  0.12750E+03  0.36469E-05 -0.29445E-05 -0.31067E-05
  0.12780E+03  0.36165E-05 -0.29403E-05 -0.31768E-05
  0.12810E+03  0.35540E-05 -0.29150E-05 -0.32106E-05
  0.12840E+03  0.34600E-05 -0.28684E-05 -0.32085E-05
  0.12870E+03  0.33355E-05 -0.28010E-05 -0.31710E-05
  0.12900E+03  0.31816E-05 -0.27134E-05 -0.30991E-05
  0.12930E+03  0.29998E-05 -0.26064E-05 -0.29942E-05
  0.12960E+03  0.27917E-05 -0.24812E-05 -0.28575E-05
  0.12990E+03  0.25594E-05 -0.23391E-05 -0.26909E-05
  0.13020E+03  0.23052E-05 -0.21815E-05 -0.24961E-05
  0.13050E+03  0.20318E-05 -0.20101E-05 -0.22755E-05
  0.13080E+03  0.17422E-05 -0.18267E-05 -0.20313E-05
  0.13110E+03  0.14396E-05 -0.16332E-05 -0.17663E-05
  0.13140E+03  0.11270E-05 -0.14314E-05 -0.14835E-05
  0.13170E+03  0.80762E-06 -0.12228E-05 -0.11862E-05
  0.13200E+03  0.48417E-06 -0.10089E-05 -0.87775E-06
  0.13230E+03  0.15936E-06 -0.79128E-06 -0.56185E-06
  0.13260E+03 -0.16423E-06 -0.57137E-06 -0.24218E-06
  0.13290E+03 -0.48396E-06 -0.35094E-06  0.77595E-07
  0.13320E+03 -0.79709E-06 -0.13202E-06  0.39389E-06
  0.13350E+03 -0.11007E-05  0.83049E-07  0.70323E-06
  0.13380E+03 -0.13916E-05  0.29165E-06  0.10023E-05
  0.13410E+03 -0.16669E-05  0.49101E-06  0.12878E-05
  0.13440E+03 -0.19237E-05  0.67841E-06  0.15567E-05
  0.13470E+03 -0.21595E-05  0.85137E-06  0.18062E-05
  0.13500E+03 -0.23720E-05  0.10078E-05  0.20334E-05
  0.13530E+03 -0.25598E-05  0.11461E-05  0.22358E-05
  0.13560E+03 -0.27214E-05  0.12654E-05  0.24110E-05
  0.13590E+03 -0.28562E-05  0.13651E-05  0.25569E-05
  0.13620E+03 -0.29637E-05  0.14452E-05  0.26720E-05
  0.13650E+03 -0.30434E-05  0.15060E-05  0.27551E-05
  0.13680E+03 -0.30954E-05  0.15476E-05  0.28055E-05
  0.13710E+03 -0.31198E-05  0.15705E-05  0.28233E-05
  0.13740E+03 -0.31169E-05  0.15746E-05  0.28090E-05
  0.13770E+03 -0.30871E-05  0.15600E-05  0.27640E-05
  0.13800E+03 -0.30312E-05  0.15271E-05  0.26896E-05
  0.13830E+03 -0.29500E-05  0.14762E-05  0.25878E-05
  0.13860E+03 -0.28447E-05  0.14081E-05  0.24607E-05
  0.13890E+03 -0.27167E-05  0.13240E-05  0.23105E-05
  0.13920E+03 -0.25677E-05  0.12257E-05  0.21393E-05
  0.13950E+03 -0.23994E-05  0.11154E-05  0.19494E-05
  0.13980E+03 -0.22137E-05  0.99572E-06  0.17429E-05
  0.14010E+03 -0.20125E-05  0.86944E-06  0.15221E-05
  0.14040E+03 -0.17975E-05  0.73940E-06  0.12893E-05
  0.14070E+03 -0.15706E-05  0.60816E-06  0.10468E-05
  0.14100E+03 -0.13339E-05  0.47797E-06  0.79728E-06
  0.14130E+03 -0.10895E-05  0.35061E-06  0.54325E-06
  0.14160E+03 -0.83989E-06  0.22754E-06  0.28751E-06
  0.14190E+03 -0.58767E-06  0.10998E-06  0.32888E-07
  0.14220E+03 -0.33577E-06 -0.91339E-09 -0.21777E-06
  0.14250E+03 -0.87264E-07 -0.10392E-06 -0.46170E-06
  0.14280E+03  0.15477E-06 -0.19772E-06 -0.69627E-06
  0.14310E+03  0.38750E-06 -0.28077E-06 -0.91898E-06
  0.14340E+03  0.60849E-06 -0.35138E-06 -0.11275E-05
  0.14370E+03  0.81577E-06 -0.40778E-06 -0.13199E-05
  0.14400E+03  0.10078E-05 -0.44825E-06 -0.14942E-05
  0.14430E+03  0.11836E-05 -0.47132E-06 -0.16489E-05
  0.14460E+03  0.13422E-05 -0.47590E-06 -0.17825E-05
  0.14490E+03  0.14831E-05 -0.46134E-06 -0.18942E-05
  0.14520E+03  0.16057E-05 -0.42746E-06 -0.19828E-05
  0.14550E+03  0.17096E-05 -0.37454E-06 -0.20478E-05
  0.14580E+03  0.17946E-05 -0.30327E-06 -0.20887E-05
  0.14610E+03  0.18606E-05 -0.21457E-06 -0.21052E-05
  0.14640E+03  0.19075E-05 -0.10956E-06 -0.20974E-05
  0.14670E+03  0.19355E-05  0.10598E-07 -0.20655E-05
  0.14700E+03  0.19451E-05  0.14469E-06 -0.20103E-05
  0.14730E+03  0.19367E-05  0.29142E-06 -0.19327E-05
  0.14760E+03  0.19113E-05  0.44933E-06 -0.18342E-05
  0.14790E+03  0.18697E-05  0.61671E-06 -0.17165E-05
  0.14820E+03  0.18128E-05  0.79157E-06 -0.15817E-05
  0.14850E+03  0.17417E-05  0.97157E-06 -0.14320E-05
  0.14880E+03  0.16572E-05  0.11542E-05 -0.12700E-05
  0.14910E+03  0.15602E-05  0.13366E-05 -0.10983E-05
  0.14940E+03  0.14517E-05  0.15163E-05 -0.91945E-06
  0.14970E+03  0.13328E-05  0.16905E-05 -0.73598E-06
  0.15000E+03  0.12048E-05  0.18570E-05 -0.55038E-06
  0.15030E+03  0.10695E-05  0.20136E-05 -0.36494E-06
  0.15060E+03  0.92853E-06  0.21585E-05 -0.18177E-06
  0.15090E+03  0.78399E-06  0.22899E-05 -0.27811E-08
  0.15120E+03  0.63787E-06  0.24062E-05  0.17031E-06
  0.15150E+03  0.49223E-06  0.25059E-05  0.33593E-06
  0.15180E+03  0.34916E-06  0.25875E-05  0.49266E-06
  0.15210E+03  0.21070E-06  0.26494E-05  0.63914E-06
  0.15240E+03  0.78715E-07  0.26904E-05  0.77407E-06
  0.15270E+03 -0.45152E-07  0.27090E-05  0.89614E-06
  0.15300E+03 -0.15963E-06  0.27040E-05  0.10040E-05
  0.15330E+03 -0.26387E-06  0.26742E-05  0.10965E-05
  0.15360E+03 -0.35753E-06  0.26190E-05  0.11723E-05
  0.15390E+03 -0.44078E-06  0.25376E-05  0.12303E-05
  0.15420E+03 -0.51429E-06  0.24299E-05  0.12698E-05
  0.15450E+03 -0.57914E-06  0.22960E-05  0.12902E-05
  0.15480E+03 -0.63667E-06  0.21366E-05  0.12913E-05
  0.15510E+03 -0.68838E-06  0.19528E-05  0.12731E-05
  0.15540E+03 -0.73571E-06  0.17464E-05  0.12360E-05
  0.15570E+03 -0.77990E-06  0.15196E-05  0.11810E-05
  0.15600E+03 -0.82181E-06  0.12752E-05  0.11090E-05
  0.15630E+03 -0.86181E-06  0.10162E-05  0.10214E-05
  0.15660E+03 -0.89981E-06  0.74599E-06  0.91995E-06
  0.15690E+03 -0.93533E-06  0.46826E-06  0.80649E-06
  0.15720E+03 -0.96770E-06  0.18679E-06  0.68310E-06
  0.15750E+03 -0.99627E-06 -0.94610E-07  0.55197E-06
  0.15780E+03 -0.10207E-05 -0.37233E-06  0.41537E-06
  0.15810E+03 -0.10409E-05 -0.64305E-06  0.27550E-06
  0.15840E+03 -0.10575E-05 -0.90379E-06  0.13448E-06
  0.15870E+03 -0.10716E-05 -0.11520E-05 -0.57081E-08
  0.15900E+03 -0.10846E-05 -0.13853E-05 -0.14326E-06
  0.15930E+03 -0.10981E-05 -0.16021E-05 -0.27655E-06
  0.15960E+03 -0.11138E-05 -0.18007E-05 -0.40408E-06
  0.15990E+03 -0.11330E-05 -0.19797E-05 -0.52454E-06
  0.16020E+03 -0.11569E-05 -0.21379E-05 -0.63671E-06
  0.16050E+03 -0.11863E-05 -0.22743E-05 -0.73946E-06
  0.16080E+03 -0.12214E-05 -0.23875E-05 -0.83172E-06
  0.16110E+03 -0.12624E-05 -0.24764E-05 -0.91250E-06
  0.16140E+03 -0.13090E-05 -0.25397E-05 -0.98088E-06
  0.16170E+03 -0.13611E-05 -0.25760E-05 -0.10360E-05
  0.16200E+03 -0.14182E-05 -0.25843E-05 -0.10772E-05
  0.16230E+03 -0.14801E-05 -0.25641E-05 -0.11037E-05
  0.16260E+03 -0.15461E-05 -0.25153E-05 -0.11151E-05
  0.16290E+03 -0.16158E-05 -0.24387E-05 -0.11111E-05
  0.16320E+03 -0.16882E-05 -0.23356E-05 -0.10913E-05
  0.16350E+03 -0.17624E-05 -0.22081E-05 -0.10559E-05
  0.16380E+03 -0.18373E-05 -0.20586E-05 -0.10051E-05
  0.16410E+03 -0.19115E-05 -0.18900E-05 -0.93934E-06
  0.16440E+03 -0.19832E-05 -0.17050E-05 -0.85947E-06
  0.16470E+03 -0.20505E-05 -0.15068E-05 -0.76653E-06
  0.16500E+03 -0.21114E-05 -0.12979E-05 -0.66183E-06
  0.16530E+03 -0.21635E-05 -0.10813E-05 -0.54682E-06
  0.16560E+03 -0.22047E-05 -0.85981E-06 -0.42312E-06
  0.16590E+03 -0.22331E-05 -0.63626E-06 -0.29242E-06
  0.16620E+03 -0.22470E-05 -0.41381E-06 -0.15648E-06
  0.16650E+03 -0.22452E-05 -0.19572E-06 -0.17001E-07
  0.16680E+03 -0.22264E-05  0.14569E-07  0.12432E-06
  0.16710E+03 -0.21895E-05  0.21355E-06  0.26587E-06
  0.16740E+03 -0.21335E-05  0.39773E-06  0.40615E-06
  0.16770E+03 -0.20570E-05  0.56377E-06  0.54372E-06
  0.16800E+03 -0.19591E-05  0.70857E-06  0.67726E-06
  0.16830E+03 -0.18387E-05  0.82938E-06  0.80549E-06
  0.16860E+03 -0.16949E-05  0.92385E-06  0.92717E-06
  0.16890E+03 -0.15274E-05  0.99008E-06  0.10411E-05
  0.16920E+03 -0.13359E-05  0.10266E-05  0.11459E-05
  0.16950E+03 -0.11203E-05  0.10325E-05  0.12405E-05
  0.16980E+03 -0.88103E-06  0.10071E-05  0.13236E-05
  0.17010E+03 -0.61828E-06  0.95049E-06  0.13941E-05
  0.17040E+03 -0.33261E-06  0.86282E-06  0.14509E-05
  0.17070E+03 -0.24753E-07  0.74471E-06  0.14929E-05
  0.17100E+03  0.30433E-06  0.59701E-06  0.15196E-05
  0.17130E+03  0.65329E-06  0.42087E-06  0.15303E-05
  0.17160E+03  0.10203E-05  0.21779E-06  0.15247E-05
  0.17190E+03  0.14030E-05 -0.10250E-07  0.15025E-05
  0.17220E+03  0.17982E-05 -0.26074E-06  0.14638E-05
  0.17250E+03  0.22026E-05 -0.53053E-06  0.14086E-05
  0.17280E+03  0.26120E-05 -0.81585E-06  0.13372E-05
  0.17310E+03  0.30223E-05 -0.11124E-05  0.12502E-05
  0.17340E+03  0.34291E-05 -0.14155E-05  0.11481E-05
  0.17370E+03  0.38280E-05 -0.17203E-05  0.10319E-05
  0.17400E+03  0.42147E-05 -0.20217E-05  0.90277E-06
  0.17430E+03  0.45849E-05 -0.23148E-05  0.76191E-06
  0.17460E+03  0.49344E-05 -0.25950E-05  0.61086E-06
  0.17490E+03  0.52592E-05 -0.28580E-05  0.45123E-06
  0.17520E+03  0.55554E-05 -0.31001E-05  0.28481E-06
  0.17550E+03  0.58194E-05 -0.33178E-05  0.11343E-06
  0.17580E+03  0.60476E-05 -0.35080E-05 -0.61025E-07
  0.17610E+03  0.62364E-05 -0.36677E-05 -0.23664E-06
  0.17640E+03  0.63827E-05 -0.37945E-05 -0.41153E-06
  0.17670E+03  0.64834E-05 -0.38860E-05 -0.58379E-06
  0.17700E+03  0.65358E-05 -0.39401E-05 -0.75152E-06
  0.17730E+03  0.65375E-05 -0.39550E-05 -0.91284E-06
  0.17760E+03  0.64865E-05 -0.39292E-05 -0.10659E-05
  0.17790E+03  0.63815E-05 -0.38615E-05 -0.12088E-05
  0.17820E+03  0.62218E-05 -0.37513E-05 -0.13399E-05
  0.17850E+03  0.60071E-05 -0.35984E-05 -0.14576E-05
  0.17880E+03  0.57384E-05 -0.34033E-05 -0.15604E-05
  0.17910E+03  0.54170E-05 -0.31668E-05 -0.16471E-05
  0.17940E+03  0.50450E-05 -0.28904E-05 -0.17167E-05
  0.17970E+03  0.46255E-05 -0.25759E-05 -0.17683E-05
  0.18000E+03  0.41617E-05 -0.22256E-05 -0.18014E-05
  0.18030E+03  0.36575E-05 -0.18422E-05 -0.18157E-05
  0.18060E+03  0.31173E-05 -0.14287E-05 -0.18111E-05
  0.18090E+03  0.25458E-05 -0.98843E-06 -0.17877E-05
  0.18120E+03  0.19479E-05 -0.52499E-06 -0.17458E-05
  0.18150E+03  0.13283E-05 -0.42220E-07 -0.16860E-05
  0.18180E+03  0.69193E-06  0.45579E-06 -0.16088E-05
  0.18210E+03  0.43699E-07  0.96469E-06 -0.15151E-05
  0.18240E+03 -0.61156E-06  0.14799E-05 -0.14060E-05
  0.18270E+03 -0.12689E-05  0.19965E-05 -0.12827E-05
  0.18300E+03 -0.19233E-05  0.25098E-05 -0.11467E-05
  0.18330E+03 -0.25695E-05  0.30149E-05 -0.99951E-06
  0.18360E+03 -0.32019E-05  0.35070E-05 -0.84275E-06
  0.18390E+03 -0.38151E-05  0.39814E-05 -0.67813E-06
  0.18420E+03 -0.44037E-05  0.44335E-05 -0.50738E-06
  0.18450E+03 -0.49621E-05  0.48589E-05 -0.33224E-06
  0.18480E+03 -0.54853E-05  0.52534E-05 -0.15449E-06
  0.18510E+03 -0.59682E-05  0.56131E-05  0.24068E-07
  0.18540E+03 -0.64064E-05  0.59343E-05  0.20163E-06
  0.18570E+03 -0.67958E-05  0.62138E-05  0.37638E-06
  0.18600E+03 -0.71327E-05  0.64487E-05  0.54649E-06
  0.18630E+03 -0.74142E-05  0.66369E-05  0.71017E-06
  0.18660E+03 -0.76381E-05  0.67764E-05  0.86565E-06
  0.18690E+03 -0.78025E-05  0.68661E-05  0.10113E-05
  0.18720E+03 -0.79062E-05  0.69049E-05  0.11454E-05
  0.18750E+03 -0.79487E-05  0.68926E-05  0.12666E-05
  0.18780E+03 -0.79297E-05  0.68293E-05  0.13735E-05
  0.18810E+03 -0.78495E-05  0.67154E-05  0.14651E-05
  0.18840E+03 -0.77089E-05  0.65520E-05  0.15404E-05
  0.18870E+03 -0.75092E-05  0.63406E-05  0.15987E-05
  0.18900E+03 -0.72523E-05  0.60831E-05  0.16395E-05
  0.18930E+03 -0.69406E-05  0.57816E-05  0.16625E-05
  0.18960E+03 -0.65773E-05  0.54384E-05  0.16677E-05
  0.18990E+03 -0.61658E-05  0.50562E-05  0.16554E-05
  0.19020E+03 -0.57105E-05  0.46379E-05  0.16260E-05
  0.19050E+03 -0.52159E-05  0.41866E-05  0.15801E-05
  0.19080E+03 -0.46869E-05  0.37056E-05  0.15187E-05
  0.19110E+03 -0.41285E-05  0.31987E-05  0.14427E-05
  0.19140E+03 -0.35460E-05  0.26698E-05  0.13533E-05
  0.19170E+03 -0.29445E-05  0.21232E-05  0.12517E-05
  0.19200E+03 -0.23294E-05  0.15633E-05  0.11391E-05
  0.19230E+03 -0.17058E-05  0.99512E-06  0.10168E-05
  0.19260E+03 -0.10792E-05  0.42348E-06  0.88624E-06
  0.19290E+03 -0.45483E-06 -0.14658E-06  0.74864E-06
  0.19320E+03  0.16197E-06 -0.71015E-06  0.60541E-06
  0.19350E+03  0.76594E-06 -0.12625E-05  0.45798E-06
  0.19380E+03  0.13520E-05 -0.17993E-05  0.30781E-06
  0.19410E+03  0.19152E-05 -0.23164E-05  0.15641E-06
  0.19440E+03  0.24511E-05 -0.28102E-05  0.52481E-08
  0.19470E+03  0.29553E-05 -0.32776E-05 -0.14419E-06
  0.19500E+03  0.34243E-05 -0.37156E-05 -0.29048E-06
  0.19530E+03  0.38547E-05 -0.41218E-05 -0.43221E-06
  0.19560E+03  0.42439E-05 -0.44937E-05 -0.56804E-06
  0.19590E+03  0.45896E-05 -0.48293E-05 -0.69669E-06
  0.19620E+03  0.48903E-05 -0.51266E-05 -0.81689E-06
  0.19650E+03  0.51447E-05 -0.53843E-05 -0.92748E-06
  0.19680E+03  0.53519E-05 -0.56010E-05 -0.10273E-05
  0.19710E+03  0.55115E-05 -0.57761E-05 -0.11154E-05
  0.19740E+03  0.56234E-05 -0.59089E-05 -0.11906E-05
  0.19770E+03  0.56880E-05 -0.59993E-05 -0.12522E-05
  0.19800E+03  0.57058E-05 -0.60472E-05 -0.12995E-05
  0.19830E+03  0.56779E-05 -0.60531E-05 -0.13318E-05
  0.19860E+03  0.56059E-05 -0.60176E-05 -0.13488E-05
  0.19890E+03  0.54917E-05 -0.59420E-05 -0.13503E-05
  0.19920E+03  0.53376E-05 -0.58277E-05 -0.13362E-05
  0.19950E+03  0.51463E-05 -0.56767E-05 -0.13068E-05
  0.19980E+03  0.49210E-05 -0.54913E-05 -0.12625E-05
  0.20010E+03  0.46647E-05 -0.52740E-05 -0.12041E-05
  0.20040E+03  0.43810E-05 -0.50275E-05 -0.11325E-05
  0.20070E+03  0.40732E-05 -0.47546E-05 -0.10487E-05
  0.20100E+03  0.37448E-05 -0.44583E-05 -0.95408E-06
  0.20130E+03  0.33993E-05 -0.41415E-05 -0.85008E-06
  0.20160E+03  0.30399E-05 -0.38075E-05 -0.73828E-06
  0.20190E+03  0.26701E-05 -0.34594E-05 -0.62033E-06
  0.20220E+03  0.22933E-05 -0.31004E-05 -0.49793E-06
  0.20250E+03  0.19129E-05 -0.27338E-05 -0.37277E-06
  0.20280E+03  0.15322E-05 -0.23628E-05 -0.24654E-06
  0.20310E+03  0.11545E-05 -0.19902E-05 -0.12090E-06
  0.20340E+03  0.78268E-06 -0.16190E-05  0.25428E-08
  0.20370E+03  0.41966E-06 -0.12521E-05  0.12227E-06
  0.20400E+03  0.68154E-07 -0.89203E-06  0.23687E-06
  0.20430E+03 -0.26917E-06 -0.54132E-06  0.34510E-06
  0.20460E+03 -0.58970E-06 -0.20221E-06  0.44584E-06
  0.20490E+03 -0.89095E-06  0.12325E-06  0.53818E-06
  0.20520E+03 -0.11705E-05  0.43323E-06  0.62134E-06
  0.20550E+03 -0.14264E-05  0.72617E-06  0.69470E-06
  0.20580E+03 -0.16566E-05  0.10007E-05  0.75781E-06
  0.20610E+03 -0.18598E-05  0.12558E-05  0.81028E-06
  0.20640E+03 -0.20347E-05  0.14905E-05  0.85184E-06
  0.20670E+03 -0.21807E-05  0.17042E-05  0.88227E-06
  0.20700E+03 -0.22974E-05  0.18964E-05  0.90139E-06
  0.20730E+03 -0.23849E-05  0.20670E-05  0.90910E-06
  0.20760E+03 -0.24434E-05  0.22157E-05  0.90535E-06
  0.20790E+03 -0.24738E-05  0.23425E-05  0.89021E-06
  0.20820E+03 -0.24770E-05  0.24476E-05  0.86392E-06
  0.20850E+03 -0.24541E-05  0.25312E-05  0.82689E-06
  0.20880E+03 -0.24066E-05  0.25937E-05  0.77974E-06
  0.20910E+03 -0.23358E-05  0.26356E-05  0.72332E-06
  0.20940E+03 -0.22436E-05  0.26577E-05  0.65871E-06
  0.20970E+03 -0.21315E-05  0.26608E-05  0.58719E-06
  0.21000E+03 -0.20015E-05  0.26459E-05  0.51019E-06
  0.21030E+03 -0.18554E-05  0.26142E-05  0.42924E-06
  0.21060E+03 -0.16954E-05  0.25668E-05  0.34584E-06
  0.21090E+03 -0.15236E-05  0.25052E-05  0.26148E-06
  0.21120E+03 -0.13423E-05  0.24308E-05  0.17749E-06
  0.21150E+03 -0.11538E-05  0.23452E-05  0.95051E-07
  0.21180E+03 -0.96080E-06  0.22499E-05  0.15137E-07
  0.21210E+03 -0.76579E-06  0.21466E-05 -0.61491E-07
  0.21240E+03 -0.57145E-06  0.20373E-05 -0.13427E-06
  0.21270E+03 -0.38044E-06  0.19241E-05 -0.20283E-06
  0.21300E+03 -0.19534E-06  0.18089E-05 -0.26690E-06
  0.21330E+03 -0.18615E-07  0.16941E-05 -0.32631E-06
  0.21360E+03  0.14743E-06  0.15815E-05 -0.38090E-06
  0.21390E+03  0.30067E-06  0.14732E-05 -0.43043E-06
  0.21420E+03  0.43923E-06  0.13708E-05 -0.47460E-06
  0.21450E+03  0.56145E-06  0.12754E-05 -0.51296E-06
  0.21480E+03  0.66589E-06  0.11881E-05 -0.54498E-06
  0.21510E+03  0.75137E-06  0.11093E-05 -0.57007E-06
  0.21540E+03  0.81692E-06  0.10392E-05 -0.58763E-06
  0.21570E+03  0.86187E-06  0.97777E-06 -0.59712E-06
  0.21600E+03  0.88588E-06  0.92450E-06 -0.59813E-06
  0.21630E+03  0.88898E-06  0.87884E-06 -0.59044E-06
  0.21660E+03  0.87160E-06  0.84017E-06 -0.57404E-06
  0.21690E+03  0.83448E-06  0.80781E-06 -0.54912E-06
  0.21720E+03  0.77872E-06  0.78118E-06 -0.51610E-06
  0.21750E+03  0.70567E-06  0.75981E-06 -0.47555E-06
  0.21780E+03  0.61692E-06  0.74333E-06 -0.42818E-06
  0.21810E+03  0.51424E-06  0.73146E-06 -0.37480E-06
  0.21840E+03  0.39953E-06  0.72393E-06 -0.31624E-06
  0.21870E+03  0.27471E-06  0.72042E-06 -0.25334E-06
  0.21900E+03  0.14178E-06  0.72048E-06 -0.18694E-06
  0.21930E+03  0.26893E-08  0.72338E-06 -0.11786E-06
  0.21960E+03 -0.14056E-06  0.72817E-06 -0.46883E-07
  0.21990E+03 -0.28597E-06  0.73364E-06  0.25214E-07
  0.22020E+03 -0.43155E-06  0.73843E-06  0.97696E-07
  0.22050E+03 -0.57527E-06  0.74106E-06  0.16983E-06
  0.22080E+03 -0.71519E-06  0.74007E-06  0.24089E-06
  0.22110E+03 -0.84938E-06  0.73406E-06  0.31012E-06
  0.22140E+03 -0.97605E-06  0.72174E-06  0.37675E-06
  0.22170E+03 -0.10935E-05  0.70197E-06  0.44003E-06
  0.22200E+03 -0.12002E-05  0.67377E-06  0.49919E-06
  0.22230E+03 -0.12947E-05  0.63639E-06  0.55351E-06
  0.22260E+03 -0.13757E-05  0.58932E-06  0.60230E-06
  0.22290E+03 -0.14421E-05  0.53241E-06  0.64489E-06
  0.22320E+03 -0.14928E-05  0.46583E-06  0.68065E-06
  0.22350E+03 -0.15272E-05  0.39005E-06  0.70895E-06
  0.22380E+03 -0.15445E-05  0.30579E-06  0.72923E-06
  0.22410E+03 -0.15444E-05  0.21392E-06  0.74093E-06
  0.22440E+03 -0.15266E-05  0.11543E-06  0.74362E-06
  0.22470E+03 -0.14911E-05  0.11297E-07  0.73694E-06
  0.22500E+03 -0.14383E-05 -0.97448E-07  0.72066E-06
  0.22530E+03 -0.13688E-05 -0.20976E-06  0.69470E-06
  0.22560E+03 -0.12834E-05 -0.32454E-06  0.65912E-06
  0.22590E+03 -0.11830E-05 -0.44060E-06  0.61411E-06
  0.22620E+03 -0.10688E-05 -0.55669E-06  0.56002E-06
  0.22650E+03 -0.94208E-06 -0.67150E-06  0.49736E-06
  0.22680E+03 -0.80425E-06 -0.78380E-06  0.42676E-06
  0.22710E+03 -0.65672E-06 -0.89244E-06  0.34896E-06
  0.22740E+03 -0.50090E-06 -0.99649E-06  0.26484E-06
  0.22770E+03 -0.33825E-06 -0.10952E-05  0.17537E-06
  0.22800E+03 -0.17017E-06 -0.11880E-05  0.81616E-07
  0.22830E+03  0.18951E-08 -0.12745E-05 -0.15332E-07
  0.22860E+03  0.17651E-06 -0.13543E-05 -0.11435E-06
  0.22890E+03  0.35224E-06 -0.14272E-05 -0.21431E-06
  0.22920E+03  0.52764E-06 -0.14927E-05 -0.31414E-06
  0.22950E+03  0.70130E-06 -0.15504E-05 -0.41279E-06
  0.22980E+03  0.87184E-06 -0.15998E-05 -0.50926E-06
  0.23010E+03  0.10379E-05 -0.16403E-05 -0.60257E-06
  0.23040E+03  0.11983E-05 -0.16715E-05 -0.69180E-06
  0.23070E+03  0.13516E-05 -0.16927E-05 -0.77603E-06
  0.23100E+03  0.14968E-05 -0.17039E-05 -0.85435E-06
  0.23130E+03  0.16328E-05 -0.17049E-05 -0.92581E-06
  0.23160E+03  0.17585E-05 -0.16957E-05 -0.98951E-06
  0.23190E+03  0.18732E-05 -0.16768E-05 -0.10445E-05
  0.23220E+03  0.19759E-05 -0.16483E-05 -0.10899E-05
  0.23250E+03  0.20662E-05 -0.16110E-05 -0.11249E-05
  0.23280E+03  0.21434E-05 -0.15652E-05 -0.11487E-05
  0.23310E+03  0.22071E-05 -0.15119E-05 -0.11605E-05
  0.23340E+03  0.22570E-05 -0.14516E-05 -0.11600E-05
  0.23370E+03  0.22927E-05 -0.13854E-05 -0.11467E-05
  0.23400E+03  0.23140E-05 -0.13140E-05 -0.11205E-05
  0.23430E+03  0.23207E-05 -0.12382E-05 -0.10813E-05
  0.23460E+03  0.23128E-05 -0.11587E-05 -0.10295E-05
  0.23490E+03  0.22902E-05 -0.10760E-05 -0.96553E-06
  0.23520E+03  0.22531E-05 -0.99094E-06 -0.89014E-06
  0.23550E+03  0.22018E-05 -0.90401E-06 -0.80416E-06
  0.23580E+03  0.21366E-05 -0.81596E-06 -0.70850E-06
  0.23610E+03  0.20582E-05 -0.72760E-06 -0.60413E-06
  0.23640E+03  0.19674E-05 -0.63986E-06 -0.49205E-06
  0.23670E+03  0.18655E-05 -0.55377E-06 -0.37321E-06
  0.23700E+03  0.17535E-05 -0.47040E-06 -0.24864E-06
  0.23730E+03  0.16329E-05 -0.39082E-06 -0.11935E-06
  0.23760E+03  0.15051E-05 -0.31595E-06  0.13556E-07
  0.23790E+03  0.13718E-05 -0.24658E-06  0.14889E-06
  0.23820E+03  0.12341E-05 -0.18325E-06  0.28535E-06
  0.23850E+03  0.10934E-05 -0.12628E-06  0.42152E-06
  0.23880E+03  0.95059E-06 -0.75827E-07  0.55587E-06
  0.23910E+03  0.80649E-06 -0.31880E-07  0.68682E-06
  0.23940E+03  0.66174E-06  0.56896E-08  0.81276E-06
  0.23970E+03  0.51684E-06  0.37105E-07  0.93212E-06
  0.24000E+03  0.37221E-06  0.62671E-07  0.10434E-05
  0.24030E+03  0.22826E-06  0.82750E-07  0.11451E-05
  0.24060E+03  0.85394E-07  0.97753E-07  0.12360E-05
  0.24090E+03 -0.55937E-07  0.10815E-06  0.13149E-05
  0.24120E+03 -0.19523E-06  0.11451E-06  0.13809E-05
  0.24150E+03 -0.33189E-06  0.11751E-06  0.14331E-05
  0.24180E+03 -0.46527E-06  0.11796E-06  0.14710E-05
  0.24210E+03 -0.59459E-06  0.11677E-06  0.14942E-05
  0.24240E+03 -0.71900E-06  0.11489E-06  0.15024E-05
  0.24270E+03 -0.83757E-06  0.11323E-06  0.14958E-05
  0.24300E+03 -0.94937E-06  0.11259E-06  0.14746E-05
  0.24330E+03 -0.10535E-05  0.11360E-06  0.14390E-05
  0.24360E+03 -0.11491E-05  0.11670E-06  0.13897E-05
  0.24390E+03 -0.12355E-05  0.12209E-06  0.13272E-05
  0.24420E+03 -0.13121E-05  0.12980E-06  0.12524E-05
  0.24450E+03 -0.13785E-05  0.13969E-06  0.11658E-05
  0.24480E+03 -0.14346E-05  0.15154E-06  0.10685E-05
  0.24510E+03 -0.14803E-05  0.16510E-06  0.96140E-06
  0.24540E+03 -0.15157E-05  0.18016E-06  0.84539E-06
  0.24570E+03 -0.15411E-05  0.19654E-06  0.72160E-06
  0.24600E+03 -0.15568E-05  0.21416E-06  0.59120E-06
  0.24630E+03 -0.15631E-05  0.23301E-06  0.45545E-06
  0.24660E+03 -0.15606E-05  0.25319E-06  0.31571E-06
  0.24690E+03 -0.15497E-05  0.27484E-06  0.17339E-06
  0.24720E+03 -0.15310E-05  0.29817E-06  0.29982E-07
  0.24750E+03 -0.15051E-05  0.32342E-06 -0.11303E-06
  0.24780E+03 -0.14725E-05  0.35082E-06 -0.25417E-06
  0.24810E+03 -0.14339E-05  0.38058E-06 -0.39202E-06
  0.24840E+03 -0.13899E-05  0.41284E-06 -0.52525E-06
  0.24870E+03 -0.13415E-05  0.44770E-06 -0.65260E-06
  0.24900E+03 -0.12896E-05  0.48508E-06 -0.77294E-06
  0.24930E+03 -0.12352E-05  0.52479E-06 -0.88524E-06
  0.24960E+03 -0.11795E-05  0.56648E-06 -0.98858E-06
  0.24990E+03 -0.11236E-05  0.60968E-06 -0.10821E-05
  0.25020E+03 -0.10683E-05  0.65381E-06 -0.11652E-05
  0.25050E+03 -0.10147E-05  0.69828E-06 -0.12372E-05
  0.25080E+03 -0.96357E-06  0.74250E-06 -0.12975E-05
  0.25110E+03 -0.91560E-06  0.78591E-06 -0.13456E-05
  0.25140E+03 -0.87143E-06  0.82802E-06 -0.13812E-05
  0.25170E+03 -0.83165E-06  0.86844E-06 -0.14039E-05
  0.25200E+03 -0.79671E-06  0.90683E-06 -0.14135E-05
  0.25230E+03 -0.76697E-06  0.94289E-06 -0.14101E-05
  0.25260E+03 -0.74261E-06  0.97635E-06 -0.13937E-05
  0.25290E+03 -0.72364E-06  0.10069E-05 -0.13646E-05
  0.25320E+03 -0.70988E-06  0.10343E-05 -0.13233E-05
  0.25350E+03 -0.70099E-06  0.10581E-05 -0.12705E-05
  0.25380E+03 -0.69646E-06  0.10778E-05 -0.12071E-05
  0.25410E+03 -0.69565E-06  0.10931E-05 -0.11338E-05
  0.25440E+03 -0.69780E-06  0.11033E-05 -0.10519E-05
  0.25470E+03 -0.70203E-06  0.11079E-05 -0.96228E-06
  0.25500E+03 -0.70739E-06  0.11066E-05 -0.86609E-06
  0.25530E+03 -0.71285E-06  0.10988E-05 -0.76438E-06
  0.25560E+03 -0.71741E-06  0.10843E-05 -0.65819E-06
  0.25590E+03 -0.72002E-06  0.10629E-05 -0.54854E-06
  0.25620E+03 -0.71969E-06  0.10345E-05 -0.43644E-06
  0.25650E+03 -0.71550E-06  0.99917E-06 -0.32289E-06
  0.25680E+03 -0.70659E-06  0.95704E-06 -0.20888E-06
  0.25710E+03 -0.69223E-06  0.90835E-06 -0.95406E-07
  0.25740E+03 -0.67177E-06  0.85338E-06  0.16532E-07
  0.25770E+03 -0.64463E-06  0.79243E-06  0.12594E-06
  0.25800E+03 -0.61028E-06  0.72578E-06  0.23183E-06
  0.25830E+03 -0.56822E-06  0.65369E-06  0.33321E-06
  0.25860E+03 -0.51798E-06  0.57637E-06  0.42913E-06
  0.25890E+03 -0.45915E-06  0.49404E-06  0.51864E-06
  0.25920E+03 -0.39141E-06  0.40692E-06  0.60088E-06
  0.25950E+03 -0.31451E-06  0.31524E-06  0.67508E-06
  0.25980E+03 -0.22827E-06  0.21933E-06  0.74060E-06
  0.26010E+03 -0.13263E-06  0.11957E-06  0.79693E-06
  0.26040E+03 -0.27641E-07  0.16475E-07  0.84374E-06
  0.26070E+03  0.86475E-07 -0.89308E-07  0.88084E-06
  0.26100E+03  0.20929E-06 -0.19699E-06  0.90817E-06
  0.26130E+03  0.34018E-06 -0.30570E-06  0.92582E-06
  0.26160E+03  0.47826E-06 -0.41450E-06  0.93398E-06
  0.26190E+03  0.62251E-06 -0.52252E-06  0.93294E-06
  0.26220E+03  0.77171E-06 -0.62895E-06  0.92310E-06
  0.26250E+03  0.92456E-06 -0.73307E-06  0.90493E-06
  0.26280E+03  0.10796E-05 -0.83423E-06  0.87899E-06
  0.26310E+03  0.12354E-05 -0.93175E-06  0.84592E-06
  0.26340E+03  0.13904E-05 -0.10249E-05  0.80641E-06
  0.26370E+03  0.15429E-05 -0.11130E-05  0.76121E-06
  0.26400E+03  0.16915E-05 -0.11952E-05  0.71109E-06
  0.26430E+03  0.18343E-05 -0.12704E-05  0.65685E-06
  0.26460E+03  0.19698E-05 -0.13376E-05  0.59926E-06
  0.26490E+03  0.20961E-05 -0.13956E-05  0.53907E-06
  0.26520E+03  0.22117E-05 -0.14431E-05  0.47700E-06
  0.26550E+03  0.23147E-05 -0.14788E-05  0.41374E-06
  0.26580E+03  0.24037E-05 -0.15014E-05  0.34994E-06
  0.26610E+03  0.24771E-05 -0.15099E-05  0.28621E-06
  0.26640E+03  0.25337E-05 -0.15033E-05  0.22315E-06
  0.26670E+03  0.25720E-05 -0.14810E-05  0.16131E-06
  0.26700E+03  0.25910E-05 -0.14426E-05  0.10121E-06
  0.26730E+03  0.25896E-05 -0.13878E-05  0.43364E-07
  0.26760E+03  0.25671E-05 -0.13168E-05 -0.11778E-07
  0.26790E+03  0.25226E-05 -0.12299E-05 -0.63787E-07
  0.26820E+03  0.24558E-05 -0.11275E-05 -0.11228E-06
  0.26850E+03  0.23663E-05 -0.10101E-05 -0.15692E-06
  0.26880E+03  0.22542E-05 -0.87804E-06 -0.19740E-06
  0.26910E+03  0.21197E-05 -0.73200E-06 -0.23347E-06
  0.26940E+03  0.19633E-05 -0.57253E-06 -0.26494E-06
  0.26970E+03  0.17857E-05 -0.40031E-06 -0.29166E-06
  0.27000E+03  0.15881E-05 -0.21615E-06 -0.31354E-06
  0.27030E+03  0.13718E-05 -0.21068E-07 -0.33055E-06
  0.27060E+03  0.11383E-05  0.18365E-06 -0.34271E-06
  0.27090E+03  0.88927E-06  0.39639E-06 -0.35007E-06
  0.27120E+03  0.62652E-06  0.61524E-06 -0.35270E-06
  0.27150E+03  0.35203E-06  0.83796E-06 -0.35073E-06
  0.27180E+03  0.67861E-07  0.10621E-05 -0.34431E-06
  0.27210E+03 -0.22381E-06  0.12849E-05 -0.33362E-06
  0.27240E+03 -0.52068E-06  0.15038E-05 -0.31889E-06
  0.27270E+03 -0.82034E-06  0.17157E-05 -0.30040E-06
  0.27300E+03 -0.11202E-05  0.19180E-05 -0.27847E-06
  0.27330E+03 -0.14177E-05  0.21078E-05 -0.25351E-06
  0.27360E+03 -0.17099E-05  0.22828E-05 -0.22598E-06
  0.27390E+03 -0.19943E-05  0.24403E-05 -0.19642E-06
  0.27420E+03 -0.22680E-05  0.25784E-05 -0.16544E-06
  0.27450E+03 -0.25286E-05  0.26948E-05 -0.13368E-06
  0.27480E+03 -0.27736E-05  0.27877E-05 -0.10180E-06
  0.27510E+03 -0.30008E-05  0.28554E-05 -0.70462E-07
  0.27540E+03 -0.32080E-05  0.28964E-05 -0.40255E-07
  0.27570E+03 -0.33934E-05  0.29091E-05 -0.11703E-07
  0.27600E+03 -0.35550E-05  0.28924E-05  0.14768E-07
  0.27630E+03 -0.36912E-05  0.28453E-05  0.38841E-07
  0.27660E+03 -0.38001E-05  0.27674E-05  0.60299E-07
  0.27690E+03 -0.38802E-05  0.26585E-05  0.79011E-07
  0.27720E+03 -0.39300E-05  0.25188E-05  0.94910E-07
  0.27750E+03 -0.39482E-05  0.23491E-05  0.10797E-06
  0.27780E+03 -0.39338E-05  0.21505E-05  0.11816E-06
  0.27810E+03 -0.38861E-05  0.19244E-05  0.12546E-06
  0.27840E+03 -0.38048E-05  0.16724E-05  0.12984E-06
  0.27870E+03 -0.36900E-05  0.13963E-05  0.13121E-06
  0.27900E+03 -0.35420E-05  0.10979E-05  0.12950E-06
  0.27930E+03 -0.33616E-05  0.77923E-06  0.12462E-06
  0.27960E+03 -0.31497E-05  0.44223E-06  0.11652E-06
  0.27990E+03 -0.29074E-05  0.89070E-07  0.10516E-06
  0.28020E+03 -0.26362E-05 -0.27800E-06  0.90560E-07
  0.28050E+03 -0.23375E-05 -0.65652E-06  0.72830E-07
  0.28080E+03 -0.20131E-05 -0.10438E-05  0.52141E-07
  0.28110E+03 -0.16649E-05 -0.14370E-05  0.28753E-07
  0.28140E+03 -0.12951E-05 -0.18329E-05  0.30044E-08
  0.28170E+03 -0.90598E-06 -0.22281E-05 -0.24703E-07
  0.28200E+03 -0.50006E-06 -0.26192E-05 -0.53926E-07
  0.28230E+03 -0.80064E-07 -0.30023E-05 -0.84203E-07
  0.28260E+03  0.35112E-06 -0.33739E-05 -0.11509E-06
  0.28290E+03  0.79044E-06 -0.37304E-05 -0.14616E-06
  0.28320E+03  0.12347E-05 -0.40681E-05 -0.17707E-06
  0.28350E+03  0.16806E-05 -0.43837E-05 -0.20752E-06
  0.28380E+03  0.21247E-05 -0.46740E-05 -0.23726E-06
  0.28410E+03  0.25633E-05 -0.49361E-05 -0.26607E-06
  0.28440E+03  0.29929E-05 -0.51672E-05 -0.29374E-06
  0.28470E+03  0.34096E-05 -0.53650E-05 -0.32004E-06
  0.28500E+03  0.38099E-05 -0.55272E-05 -0.34468E-06
  0.28530E+03  0.41901E-05 -0.56521E-05 -0.36733E-06
  0.28560E+03  0.45468E-05 -0.57381E-05 -0.38759E-06
  0.28590E+03  0.48766E-05 -0.57839E-05 -0.40503E-06
  0.28620E+03  0.51764E-05 -0.57885E-05 -0.41921E-06
  0.28650E+03  0.54433E-05 -0.57512E-05 -0.42966E-06
  0.28680E+03  0.56748E-05 -0.56714E-05 -0.43597E-06
  0.28710E+03  0.58685E-05 -0.55489E-05 -0.43778E-06
  0.28740E+03  0.60223E-05 -0.53839E-05 -0.43481E-06
  0.28770E+03  0.61345E-05 -0.51765E-05 -0.42687E-06
  0.28800E+03  0.62035E-05 -0.49274E-05 -0.41387E-06
  0.28830E+03  0.62281E-05 -0.46376E-05 -0.39579E-06
  0.28860E+03  0.62076E-05 -0.43082E-05 -0.37271E-06
  0.28890E+03  0.61415E-05 -0.39409E-05 -0.34476E-06
  0.28920E+03  0.60297E-05 -0.35375E-05 -0.31210E-06
  0.28950E+03  0.58725E-05 -0.31004E-05 -0.27497E-06
  0.28980E+03  0.56708E-05 -0.26320E-05 -0.23362E-06
  0.29010E+03  0.54257E-05 -0.21353E-05 -0.18835E-06
  0.29040E+03  0.51387E-05 -0.16132E-05 -0.13949E-06
  0.29070E+03  0.48117E-05 -0.10691E-05 -0.87397E-07
  0.29100E+03  0.44468E-05 -0.50669E-06 -0.32505E-07
  0.29130E+03  0.40466E-05  0.70370E-07  0.24708E-07
  0.29160E+03  0.36136E-05  0.65804E-06  0.83692E-07
  0.29190E+03  0.31508E-05  0.12521E-05  0.14383E-06
  0.29220E+03  0.26610E-05  0.18482E-05  0.20443E-06
  0.29250E+03  0.21474E-05  0.24417E-05  0.26477E-06
  0.29280E+03  0.16133E-05  0.30279E-05  0.32408E-06
  0.29310E+03  0.10620E-05  0.36020E-05  0.38160E-06
  0.29340E+03  0.49698E-06  0.41593E-05  0.43659E-06
  0.29370E+03 -0.78199E-07  0.46949E-05  0.48834E-06
  0.29400E+03 -0.65989E-06  0.52041E-05  0.53621E-06
  0.29430E+03 -0.12444E-05  0.56824E-05  0.57962E-06
  0.29460E+03 -0.18278E-05  0.61258E-05  0.61810E-06
  0.29490E+03 -0.24063E-05  0.65304E-05  0.65125E-06
  0.29520E+03 -0.29760E-05  0.68929E-05  0.67874E-06
  0.29550E+03 -0.35329E-05  0.72103E-05  0.70031E-06
  0.29580E+03 -0.40732E-05  0.74800E-05  0.71572E-06
  0.29610E+03 -0.45930E-05  0.77001E-05  0.72478E-06
  0.29640E+03 -0.50887E-05  0.78688E-05  0.72733E-06
  0.29670E+03 -0.55569E-05  0.79846E-05  0.72326E-06
  0.29700E+03 -0.59942E-05  0.80465E-05  0.71252E-06
  0.29730E+03 -0.63975E-05  0.80537E-05  0.69516E-06
  0.29760E+03 -0.67641E-05  0.80059E-05  0.67132E-06
  0.29790E+03 -0.70912E-05  0.79028E-05  0.64126E-06
  0.29820E+03 -0.73764E-05  0.77449E-05  0.60534E-06
  0.29850E+03 -0.76175E-05  0.75330E-05  0.56399E-06
  0.29880E+03 -0.78125E-05  0.72682E-05  0.51774E-06
  0.29910E+03 -0.79596E-05  0.69523E-05  0.46713E-06
  0.29940E+03 -0.80574E-05  0.65874E-05  0.41272E-06
  0.29970E+03 -0.81047E-05  0.61762E-05  0.35508E-06
  0.30000E+03 -0.81007E-05  0.57218E-05  0.29476E-06
  0.30030E+03 -0.80448E-05  0.52275E-05  0.23228E-06
  0.30060E+03 -0.79370E-05  0.46970E-05  0.16817E-06
  0.30090E+03 -0.77775E-05  0.41345E-05  0.10293E-06
  0.30120E+03 -0.75671E-05  0.35440E-05  0.37038E-07
  0.30150E+03 -0.73070E-05  0.29300E-05 -0.29015E-07
  0.30180E+03 -0.69986E-05  0.22971E-05 -0.94745E-07
  0.30210E+03 -0.66440E-05  0.16498E-05 -0.15967E-06
  0.30240E+03 -0.62455E-05  0.99289E-06 -0.22329E-06
  0.30270E+03 -0.58055E-05  0.33101E-06 -0.28512E-06
  0.30300E+03 -0.53270E-05 -0.33108E-06 -0.34464E-06
  0.30330E+03 -0.48131E-05 -0.98857E-06 -0.40136E-06
  0.30360E+03 -0.42670E-05 -0.16366E-05 -0.45475E-06
  0.30390E+03 -0.36921E-05 -0.22704E-05 -0.50426E-06
  0.30420E+03 -0.30922E-05 -0.28852E-05 -0.54934E-06
  0.30450E+03 -0.24709E-05 -0.34765E-05 -0.58941E-06
  0.30480E+03 -0.18322E-05 -0.40400E-05 -0.62391E-06
  0.30510E+03 -0.11801E-05 -0.45718E-05 -0.65232E-06
  0.30540E+03 -0.51879E-06 -0.50683E-05 -0.67417E-06
  0.30570E+03  0.14736E-06 -0.55263E-05 -0.68910E-06
  0.30600E+03  0.81390E-06 -0.59432E-05 -0.69690E-06
  0.30630E+03  0.14763E-05 -0.63164E-05 -0.69746E-06
  0.30660E+03  0.21299E-05 -0.66440E-05 -0.69087E-06
  0.30690E+03  0.27702E-05 -0.69243E-05 -0.67732E-06
