  0.000000E+00  0.855313E-13  0.885354E-14  0.919821E-13
  0.300000E+00  0.912072E-12  0.932186E-13  0.951100E-12
  0.600000E+00  0.481461E-11  0.498405E-12  0.489251E-11
  0.900000E+00  0.170656E-10  0.183228E-11  0.170260E-10
  0.120000E+01  0.464013E-10  0.526818E-11  0.458427E-10
  0.150000E+01  0.104428E-09  0.127213E-10  0.102937E-09
  0.180000E+01  0.204157E-09  0.269559E-10  0.201661E-09
  0.210000E+01  0.358234E-09  0.515543E-10  0.354646E-09
  0.240000E+01  0.577564E-09  0.906790E-10  0.570818E-09
  0.270000E+01  0.870734E-09  0.148727E-09  0.853199E-09
  0.300000E+01  0.124429E-08  0.230177E-09  0.119851E-08
  0.330000E+01  0.170366E-08  0.339837E-09  0.159872E-08
  0.360000E+01  0.225438E-08  0.483350E-09  0.204393E-08
  0.390000E+01  0.290288E-08  0.667613E-09  0.252549E-08
  0.420000E+01  0.365639E-08  0.900829E-09  0.303844E-08
  0.450000E+01  0.452193E-08  0.119203E-08  0.358253E-08
  0.480000E+01  0.550492E-08  0.155014E-08  0.416154E-08
  0.510000E+01  0.660815E-08  0.198285E-08  0.478105E-08
  0.540000E+01  0.783101E-08  0.249594E-08  0.544528E-08
  0.570000E+01  0.916895E-08  0.309309E-08  0.615406E-08
  0.600000E+01  0.106129E-07  0.377633E-08  0.690139E-08
  0.630000E+01  0.121493E-07  0.454648E-08  0.767628E-08
  0.660000E+01  0.137609E-07  0.540320E-08  0.846533E-08
  0.690000E+01  0.154285E-07  0.634464E-08  0.925569E-08
  0.720000E+01  0.171320E-07  0.736666E-08  0.100366E-07
  0.750000E+01  0.188521E-07  0.846230E-08  0.107994E-07
  0.780000E+01  0.205703E-07  0.962192E-08  0.115354E-07
  0.810000E+01  0.222672E-07  0.108338E-07  0.122338E-07
  0.840000E+01  0.239210E-07  0.120844E-07  0.128787E-07
  0.870000E+01  0.255068E-07  0.133588E-07  0.134483E-07
  0.900000E+01  0.269968E-07  0.146401E-07  0.139154E-07
  0.930000E+01  0.283617E-07  0.159094E-07  0.142496E-07
  0.960000E+01  0.295722E-07  0.171455E-07  0.144214E-07
  0.990000E+01  0.306000E-07  0.183253E-07  0.144038E-07
  0.102000E+02  0.314177E-07  0.194237E-07  0.141751E-07
  0.105000E+02  0.319989E-07  0.204143E-07  0.137183E-07
  0.108000E+02  0.323176E-07  0.212701E-07  0.130218E-07
  0.111000E+02  0.323476E-07  0.219647E-07  0.120791E-07
  0.114000E+02  0.320626E-07  0.224733E-07  0.108888E-07
  0.117000E+02  0.314378E-07  0.227742E-07  0.945347E-08
  0.120000E+02  0.304522E-07  0.228480E-07  0.777801E-08
  0.123000E+02  0.290891E-07  0.226774E-07  0.586903E-08
  0.126000E+02  0.273361E-07  0.222464E-07  0.373504E-08
  0.129000E+02  0.251829E-07  0.215395E-07  0.138758E-08
  0.132000E+02  0.226210E-07  0.205419E-07 -0.115766E-08
  0.135000E+02  0.196436E-07  0.192405E-07 -0.387982E-08
  0.138000E+02  0.162473E-07  0.176255E-07 -0.675252E-08
  0.141000E+02  0.124343E-07  0.156923E-07 -0.974430E-08
  0.144000E+02  0.821344E-08  0.134420E-07 -0.128202E-07
  0.147000E+02  0.360089E-08  0.108823E-07 -0.159441E-07
  0.150000E+02 -0.138037E-08  0.802571E-08 -0.190812E-07
  0.153000E+02 -0.670115E-08  0.488807E-08 -0.221992E-07
  0.156000E+02 -0.123265E-07  0.148743E-08 -0.252687E-07
  0.159000E+02 -0.182157E-07 -0.215644E-08 -0.282618E-07
  0.162000E+02 -0.243227E-07 -0.602138E-08 -0.311507E-07
  0.165000E+02 -0.305958E-07 -0.100818E-07 -0.339062E-07
  0.168000E+02 -0.369776E-07 -0.143081E-07 -0.364971E-07
  0.171000E+02 -0.434057E-07 -0.186661E-07 -0.388906E-07
  0.174000E+02 -0.498133E-07 -0.231175E-07 -0.410538E-07
  0.177000E+02 -0.561296E-07 -0.276200E-07 -0.429557E-07
  0.180000E+02 -0.622814E-07 -0.321294E-07 -0.445688E-07
  0.183000E+02 -0.681943E-07 -0.366004E-07 -0.458696E-07
  0.186000E+02 -0.737933E-07 -0.409886E-07 -0.468383E-07
  0.189000E+02 -0.790047E-07 -0.452506E-07 -0.474574E-07
  0.192000E+02 -0.837570E-07 -0.493449E-07 -0.477098E-07
  0.195000E+02 -0.879825E-07 -0.532309E-07 -0.475785E-07
  0.198000E+02 -0.916187E-07 -0.568687E-07 -0.470469E-07
  0.201000E+02 -0.946083E-07 -0.602193E-07 -0.461002E-07
  0.204000E+02 -0.969004E-07 -0.632440E-07 -0.447278E-07
  0.207000E+02 -0.984497E-07 -0.659051E-07 -0.429241E-07
  0.210000E+02 -0.992165E-07 -0.681663E-07 -0.406891E-07
  0.213000E+02 -0.991675E-07 -0.699935E-07 -0.380286E-07
  0.216000E+02 -0.982760E-07 -0.713561E-07 -0.349539E-07
  0.219000E+02 -0.965247E-07 -0.722278E-07 -0.314820E-07
  0.222000E+02 -0.939069E-07 -0.725873E-07 -0.276357E-07
  0.225000E+02 -0.904275E-07 -0.724187E-07 -0.234429E-07
  0.228000E+02 -0.861010E-07 -0.717116E-07 -0.189349E-07
  0.231000E+02 -0.809502E-07 -0.704612E-07 -0.141454E-07
  0.234000E+02 -0.750032E-07 -0.686678E-07 -0.910907E-08
  0.237000E+02 -0.682933E-07 -0.663360E-07 -0.386314E-08
  0.240000E+02 -0.608600E-07 -0.634740E-07  0.155132E-08
  0.243000E+02 -0.527506E-07 -0.600932E-07  0.708765E-08
  0.246000E+02 -0.440224E-07 -0.562086E-07  0.126936E-07
  0.249000E+02 -0.347442E-07 -0.518402E-07  0.183140E-07
  0.252000E+02 -0.249969E-07 -0.470136E-07  0.238945E-07
  0.255000E+02 -0.148736E-07 -0.417604E-07  0.293869E-07
  0.258000E+02 -0.447991E-08 -0.361176E-07  0.347529E-07
  0.261000E+02  0.606536E-08 -0.301269E-07  0.399669E-07
  0.264000E+02  0.166271E-07 -0.238340E-07  0.450197E-07
  0.267000E+02  0.270465E-07 -0.172879E-07  0.499233E-07
  0.270000E+02  0.371281E-07 -0.105409E-07  0.547173E-07
  0.273000E+02  0.466257E-07 -0.364764E-08  0.594734E-07
  0.276000E+02  0.552314E-07  0.333369E-08  0.642957E-07
  0.279000E+02  0.625760E-07  0.103410E-07  0.693141E-07
  0.282000E+02  0.682476E-07  0.173074E-07  0.746684E-07
  0.285000E+02  0.718228E-07  0.241621E-07  0.804932E-07
  0.288000E+02  0.728886E-07  0.308302E-07  0.869278E-07
  0.291000E+02  0.710311E-07  0.372338E-07  0.941513E-07
  0.294000E+02  0.658010E-07  0.432921E-07  0.102405E-06
  0.297000E+02  0.566909E-07  0.489238E-07  0.111969E-06
  0.300000E+02  0.431545E-07  0.540483E-07  0.123102E-06
  0.303000E+02  0.246682E-07  0.585863E-07  0.135979E-06
  0.306000E+02  0.814794E-09  0.624630E-07  0.150634E-06
  0.309000E+02 -0.286407E-07  0.656146E-07  0.166934E-06
  0.312000E+02 -0.637030E-07  0.679902E-07  0.184604E-06
  0.315000E+02 -0.104122E-06  0.695499E-07  0.203255E-06
  0.318000E+02 -0.149387E-06  0.702626E-07  0.222411E-06
  0.321000E+02 -0.198740E-06  0.701109E-07  0.241503E-06
  0.324000E+02 -0.251213E-06  0.690943E-07  0.259860E-06
  0.327000E+02 -0.305645E-06  0.672271E-07  0.276703E-06
  0.330000E+02 -0.360722E-06  0.645373E-07  0.291161E-06
  0.333000E+02 -0.415001E-06  0.610691E-07  0.302288E-06
  0.336000E+02 -0.466926E-06  0.568823E-07  0.309075E-06
  0.339000E+02 -0.514798E-06  0.520479E-07  0.310468E-06
  0.342000E+02 -0.556751E-06  0.466462E-07  0.305402E-06
  0.345000E+02 -0.590774E-06  0.407684E-07  0.292843E-06
  0.348000E+02 -0.614760E-06  0.345137E-07  0.271835E-06
  0.351000E+02 -0.626592E-06  0.279860E-07  0.241556E-06
  0.354000E+02 -0.624222E-06  0.212955E-07  0.201361E-06
  0.357000E+02 -0.605760E-06  0.145632E-07  0.150811E-06
  0.360000E+02 -0.569546E-06  0.791978E-08  0.896993E-07
  0.363000E+02 -0.514235E-06  0.149955E-08  0.180811E-07
  0.366000E+02 -0.438869E-06 -0.456001E-08 -0.636990E-07
  0.369000E+02 -0.342948E-06 -0.101176E-07 -0.154990E-06
  0.372000E+02 -0.226490E-06 -0.150302E-07 -0.254834E-06
  0.375000E+02 -0.900592E-07 -0.191538E-07 -0.361969E-06
  0.378000E+02  0.652359E-07 -0.223449E-07 -0.474853E-06
  0.381000E+02  0.237759E-06 -0.244679E-07 -0.591692E-06
  0.384000E+02  0.425360E-06 -0.254041E-07 -0.710488E-06
  0.387000E+02  0.625412E-06 -0.250543E-07 -0.829088E-06
  0.390000E+02  0.834857E-06 -0.233377E-07 -0.945219E-06
  0.393000E+02  0.105024E-05 -0.201927E-07 -0.105652E-05
  0.396000E+02  0.126777E-05 -0.155798E-07 -0.116057E-05
  0.399000E+02  0.148337E-05 -0.948491E-08 -0.125497E-05
  0.402000E+02  0.169278E-05 -0.192173E-08 -0.133739E-05
  0.405000E+02  0.189170E-05  0.706366E-08 -0.140568E-05
  0.408000E+02  0.207579E-05  0.173898E-07 -0.145788E-05
  0.411000E+02  0.224088E-05  0.289375E-07 -0.149236E-05
  0.414000E+02  0.238297E-05  0.415491E-07 -0.150780E-05
  0.417000E+02  0.249839E-05  0.550285E-07 -0.150327E-05
  0.420000E+02  0.258384E-05  0.691432E-07 -0.147823E-05
  0.423000E+02  0.263651E-05  0.836258E-07 -0.143251E-05
  0.426000E+02  0.265407E-05  0.981813E-07 -0.136634E-05
  0.429000E+02  0.263474E-05  0.112500E-06 -0.128024E-05
  0.432000E+02  0.257730E-05  0.126273E-06 -0.117508E-05
  0.435000E+02  0.248103E-05  0.139204E-06 -0.105202E-05
  0.438000E+02  0.234576E-05  0.151032E-06 -0.912377E-06
  0.441000E+02  0.217180E-05  0.161551E-06 -0.757586E-06
  0.444000E+02  0.196000E-05  0.170622E-06 -0.589043E-06
  0.447000E+02  0.171169E-05  0.178161E-06 -0.408030E-06
  0.450000E+02  0.142872E-05  0.184137E-06 -0.215690E-06
  0.453000E+02  0.111337E-05  0.188578E-06 -0.130569E-07
  0.456000E+02  0.768375E-06  0.191568E-06  0.198871E-06
  0.459000E+02  0.396904E-06  0.193242E-06  0.419018E-06
  0.462000E+02  0.254408E-08  0.193764E-06  0.646126E-06
  0.465000E+02 -0.410702E-06  0.193322E-06  0.878659E-06
  0.468000E+02 -0.838465E-06  0.192125E-06  0.111474E-05
  0.471000E+02 -0.127606E-05  0.190436E-06  0.135212E-05
  0.474000E+02 -0.171850E-05  0.188604E-06  0.158824E-05
  0.477000E+02 -0.216051E-05  0.187087E-06  0.182030E-05
  0.480000E+02 -0.259655E-05  0.186449E-06  0.204543E-05
  0.483000E+02 -0.302084E-05  0.187338E-06  0.226073E-05
  0.486000E+02 -0.342755E-05  0.190415E-06  0.246337E-05
  0.489000E+02 -0.381087E-05  0.196291E-06  0.265052E-05
  0.492000E+02 -0.416511E-05  0.205462E-06  0.281939E-05
  0.495000E+02 -0.448477E-05  0.218255E-06  0.296736E-05
  0.498000E+02 -0.476466E-05  0.234780E-06  0.309200E-05
  0.501000E+02 -0.499995E-05  0.254900E-06  0.319124E-05
  0.504000E+02 -0.518636E-05  0.278207E-06  0.326342E-05
  0.507000E+02 -0.532020E-05  0.304005E-06  0.330737E-05
  0.510000E+02 -0.539853E-05  0.331341E-06  0.332240E-05
  0.513000E+02 -0.541920E-05  0.359088E-06  0.330821E-05
  0.516000E+02 -0.538091E-05  0.386037E-06  0.326478E-05
  0.519000E+02 -0.528321E-05  0.410946E-06  0.319220E-05
  0.522000E+02 -0.512647E-05  0.432554E-06  0.309064E-05
  0.525000E+02 -0.491180E-05  0.449550E-06  0.296033E-05
  0.528000E+02 -0.464098E-05  0.460513E-06  0.280165E-05
  0.531000E+02 -0.431632E-05  0.463841E-06  0.261519E-05
  0.534000E+02 -0.394063E-05  0.457748E-06  0.240188E-05
  0.537000E+02 -0.351712E-05  0.440334E-06  0.216302E-05
  0.540000E+02 -0.304931E-05  0.409683E-06  0.190036E-05
  0.543000E+02 -0.254099E-05  0.363957E-06  0.161609E-05
  0.546000E+02 -0.199610E-05  0.301469E-06  0.131278E-05
  0.549000E+02 -0.141884E-05  0.220769E-06  0.993314E-06
  0.552000E+02 -0.813779E-06  0.120721E-06  0.660730E-06
  0.555000E+02 -0.185981E-06  0.599726E-09  0.318161E-06
  0.558000E+02  0.458909E-06 -0.139824E-06 -0.311746E-07
  0.561000E+02  0.111468E-05 -0.300241E-06 -0.383940E-06
  0.564000E+02  0.177472E-05 -0.479796E-06 -0.736685E-06
  0.567000E+02  0.243228E-05 -0.677107E-06 -0.108592E-05
  0.570000E+02  0.308069E-05 -0.890260E-06 -0.142823E-05
  0.573000E+02  0.371346E-05 -0.111681E-05 -0.176045E-05
  0.576000E+02  0.432427E-05 -0.135376E-05 -0.207975E-05
  0.579000E+02  0.490711E-05 -0.159755E-05 -0.238365E-05
  0.582000E+02  0.545626E-05 -0.184405E-05 -0.266998E-05
  0.585000E+02  0.596623E-05 -0.208860E-05 -0.293688E-05
  0.588000E+02  0.643167E-05 -0.232615E-05 -0.318274E-05
  0.591000E+02  0.684737E-05 -0.255131E-05 -0.340616E-05
  0.594000E+02  0.720822E-05 -0.275861E-05 -0.360589E-05
  0.597000E+02  0.750935E-05 -0.294257E-05 -0.378072E-05
  0.600000E+02  0.774629E-05 -0.309794E-05 -0.392947E-05
  0.603000E+02  0.791511E-05 -0.321979E-05 -0.405104E-05
  0.606000E+02  0.801264E-05 -0.330367E-05 -0.414454E-05
  0.609000E+02  0.803661E-05 -0.334574E-05 -0.420939E-05
  0.612000E+02  0.798572E-05 -0.334278E-05 -0.424539E-05
  0.615000E+02  0.785964E-05 -0.329231E-05 -0.425275E-05
  0.618000E+02  0.765906E-05 -0.319263E-05 -0.423205E-05
  0.621000E+02  0.738561E-05 -0.304280E-05 -0.418412E-05
  0.624000E+02  0.704183E-05 -0.284275E-05 -0.410997E-05
  0.627000E+02  0.663104E-05 -0.259328E-05 -0.401075E-05
  0.630000E+02  0.615725E-05 -0.229608E-05 -0.388780E-05
  0.633000E+02  0.562506E-05 -0.195369E-05 -0.374258E-05
  0.636000E+02  0.503970E-05 -0.156944E-05 -0.357674E-05
  0.639000E+02  0.440693E-05 -0.114748E-05 -0.339209E-05
  0.642000E+02  0.373294E-05 -0.692663E-06 -0.319066E-05
  0.645000E+02  0.302422E-05 -0.210473E-06 -0.297472E-05
  0.648000E+02  0.228736E-05  0.293064E-06 -0.274687E-05
  0.651000E+02  0.152894E-05  0.811540E-06 -0.251004E-05
  0.654000E+02  0.755472E-06  0.133831E-05 -0.226740E-05
  0.657000E+02 -0.266588E-07  0.186662E-05 -0.202229E-05
  0.660000E+02 -0.811309E-06  0.238974E-05 -0.177808E-05
  0.663000E+02 -0.159265E-05  0.290107E-05 -0.153806E-05
  0.666000E+02 -0.236523E-05  0.339420E-05 -0.130529E-05
  0.669000E+02 -0.312404E-05  0.386303E-05 -0.108241E-05
  0.672000E+02 -0.386440E-05  0.430180E-05 -0.871496E-06
  0.675000E+02 -0.458192E-05  0.470515E-05 -0.673903E-06
  0.678000E+02 -0.527243E-05  0.506813E-05 -0.490176E-06
  0.681000E+02 -0.593183E-05  0.538629E-05 -0.320000E-06
  0.684000E+02 -0.655606E-05  0.565567E-05 -0.162205E-06
  0.687000E+02 -0.714096E-05  0.587288E-05 -0.147984E-07
  0.690000E+02 -0.768226E-05  0.603509E-05  0.124940E-06
  0.693000E+02 -0.817547E-05  0.614001E-05  0.260254E-06
  0.696000E+02 -0.861586E-05  0.618589E-05  0.394616E-06
  0.699000E+02 -0.899849E-05  0.617155E-05  0.531416E-06
  0.702000E+02 -0.931837E-05  0.609634E-05  0.673694E-06
  0.705000E+02 -0.957072E-05  0.596021E-05  0.823936E-06
  0.708000E+02 -0.975117E-05  0.576369E-05  0.983945E-06
  0.711000E+02 -0.985603E-05  0.550799E-05  0.115479E-05
  0.714000E+02 -0.988251E-05  0.519493E-05  0.133680E-05
  0.717000E+02 -0.982883E-05  0.482706E-05  0.152969E-05
  0.720000E+02 -0.969432E-05  0.440760E-05  0.173265E-05
  0.723000E+02 -0.947934E-05  0.394045E-05  0.194458E-05
  0.726000E+02 -0.918523E-05  0.343022E-05  0.216416E-05
  0.729000E+02 -0.881417E-05  0.288211E-05  0.239008E-05
  0.732000E+02 -0.836916E-05  0.230186E-05  0.262101E-05
  0.735000E+02 -0.785397E-05  0.169562E-05  0.285567E-05
  0.738000E+02 -0.727311E-05  0.106984E-05  0.309279E-05
  0.741000E+02 -0.663173E-05  0.431149E-06  0.333112E-05
  0.744000E+02 -0.593551E-05 -0.213743E-06  0.356935E-05
  0.747000E+02 -0.519050E-05 -0.858134E-06  0.380606E-05
  0.750000E+02 -0.440295E-05 -0.149538E-05  0.403966E-05
  0.753000E+02 -0.357923E-05 -0.211897E-05  0.426829E-05
  0.756000E+02 -0.272573E-05 -0.272261E-05  0.448975E-05
  0.759000E+02 -0.184882E-05 -0.330031E-05  0.470147E-05
  0.762000E+02 -0.954875E-06 -0.384650E-05  0.490051E-05
  0.765000E+02 -0.503476E-07 -0.435606E-05  0.508366E-05
  0.768000E+02  0.858054E-06 -0.482439E-05  0.524746E-05
  0.771000E+02  0.176328E-05 -0.524734E-05  0.538838E-05
  0.774000E+02  0.265789E-05 -0.562130E-05  0.550295E-05
  0.777000E+02  0.353412E-05 -0.594315E-05  0.558793E-05
  0.780000E+02  0.438401E-05 -0.621032E-05  0.564048E-05
  0.783000E+02  0.519958E-05 -0.642076E-05  0.565824E-05
  0.786000E+02  0.597309E-05 -0.657300E-05  0.563948E-05
  0.789000E+02  0.669728E-05 -0.666619E-05  0.558300E-05
  0.792000E+02  0.736558E-05 -0.670003E-05  0.548812E-05
  0.795000E+02  0.797227E-05 -0.667485E-05  0.535454E-05
  0.798000E+02  0.851256E-05 -0.659154E-05  0.518226E-05
  0.801000E+02  0.898245E-05 -0.645156E-05  0.497147E-05
  0.804000E+02  0.937874E-05 -0.625689E-05  0.472247E-05
  0.807000E+02  0.969895E-05 -0.601004E-05  0.443567E-05
  0.810000E+02  0.994124E-05 -0.571397E-05  0.411165E-05
  0.813000E+02  0.101044E-04 -0.537214E-05  0.375117E-05
  0.816000E+02  0.101876E-04 -0.498845E-05  0.335539E-05
  0.819000E+02  0.101907E-04 -0.456725E-05  0.292592E-05
  0.822000E+02  0.101143E-04 -0.411324E-05  0.246493E-05
  0.825000E+02  0.995957E-05 -0.363149E-05  0.197519E-05
  0.828000E+02  0.972840E-05 -0.312728E-05  0.146007E-05
  0.831000E+02  0.942354E-05 -0.260604E-05  0.923444E-06
  0.834000E+02  0.904851E-05 -0.207326E-05  0.369621E-06
  0.837000E+02  0.860752E-05 -0.153441E-05 -0.196790E-06
  0.840000E+02  0.810546E-05 -0.994853E-06 -0.770989E-06
  0.843000E+02  0.754773E-05 -0.459750E-06 -0.134809E-05
  0.846000E+02  0.694016E-05  0.659888E-07 -0.192321E-05
  0.849000E+02  0.628886E-05  0.577759E-06 -0.249152E-05
  0.852000E+02  0.560020E-05  0.107129E-05 -0.304827E-05
  0.855000E+02  0.488070E-05  0.154265E-05 -0.358883E-05
  0.858000E+02  0.413701E-05  0.198824E-05 -0.410873E-05
  0.861000E+02  0.337590E-05  0.240474E-05 -0.460373E-05
  0.864000E+02  0.260420E-05  0.278918E-05 -0.506992E-05
  0.867000E+02  0.182872E-05  0.313889E-05 -0.550368E-05
  0.870000E+02  0.105613E-05  0.345158E-05 -0.590179E-05
  0.873000E+02  0.292919E-06  0.372538E-05 -0.626134E-05
  0.876000E+02 -0.454720E-06  0.395879E-05 -0.657974E-05
  0.879000E+02 -0.118084E-05  0.415076E-05 -0.685466E-05
  0.882000E+02 -0.187974E-05  0.430063E-05 -0.708409E-05
  0.885000E+02 -0.254605E-05  0.440814E-05 -0.726628E-05
  0.888000E+02 -0.317474E-05  0.447349E-05 -0.739986E-05
  0.891000E+02 -0.376128E-05  0.449729E-05 -0.748384E-05
  0.894000E+02 -0.430164E-05  0.448062E-05 -0.751770E-05
  0.897000E+02 -0.479240E-05  0.442498E-05 -0.750135E-05
  0.900000E+02 -0.523073E-05  0.433233E-05 -0.743520E-05
  0.903000E+02 -0.561434E-05  0.420504E-05 -0.732010E-05
  0.906000E+02 -0.594159E-05  0.404587E-05 -0.715743E-05
  0.909000E+02 -0.621143E-05  0.385790E-05 -0.694900E-05
  0.912000E+02 -0.642354E-05  0.364444E-05 -0.669709E-05
  0.915000E+02 -0.657825E-05  0.340895E-05 -0.640437E-05
  0.918000E+02 -0.667657E-05  0.315496E-05 -0.607378E-05
  0.921000E+02 -0.672005E-05  0.288599E-05 -0.570855E-05
  0.924000E+02 -0.671077E-05  0.260549E-05 -0.531205E-05
  0.927000E+02 -0.665114E-05  0.231679E-05 -0.488779E-05
  0.930000E+02 -0.654390E-05  0.202311E-05 -0.443945E-05
  0.933000E+02 -0.639204E-05  0.172753E-05 -0.397079E-05
  0.936000E+02 -0.619878E-05  0.143300E-05 -0.348570E-05
  0.939000E+02 -0.596756E-05  0.114230E-05 -0.298809E-05
  0.942000E+02 -0.570207E-05  0.858079E-06 -0.248190E-05
  0.945000E+02 -0.540620E-05  0.582859E-06 -0.197107E-05
  0.948000E+02 -0.508405E-05  0.319012E-06 -0.145950E-05
  0.951000E+02 -0.473987E-05  0.687660E-07 -0.950997E-06
  0.954000E+02 -0.437800E-05 -0.165820E-06 -0.449232E-06
  0.957000E+02 -0.400277E-05 -0.382890E-06  0.423361E-07
  0.960000E+02 -0.361846E-05 -0.580833E-06  0.520506E-06
  0.963000E+02 -0.322928E-05 -0.758322E-06  0.982361E-06
  0.966000E+02 -0.283930E-05 -0.914333E-06  0.142527E-05
  0.969000E+02 -0.245245E-05 -0.104816E-05  0.184689E-05
  0.972000E+02 -0.207251E-05 -0.115943E-05  0.224512E-05
  0.975000E+02 -0.170302E-05 -0.124807E-05  0.261809E-05
  0.978000E+02 -0.134723E-05 -0.131440E-05  0.296413E-05
  0.981000E+02 -0.100807E-05 -0.135902E-05  0.328176E-05
  0.984000E+02 -0.688061E-06 -0.138290E-05  0.356970E-05
  0.987000E+02 -0.389258E-06 -0.138725E-05  0.382690E-05
  0.990000E+02 -0.113254E-06 -0.137356E-05  0.405252E-05
  0.993000E+02  0.138833E-06 -0.134350E-05  0.424604E-05
  0.996000E+02  0.366337E-06 -0.129894E-05  0.440720E-05
  0.999000E+02  0.569010E-06 -0.124183E-05  0.453607E-05
  0.100200E+03  0.746962E-06 -0.117418E-05  0.463302E-05
  0.100500E+03  0.900601E-06 -0.109798E-05  0.469871E-05
  0.100800E+03  0.103058E-05 -0.101512E-05  0.473411E-05
  0.101100E+03  0.113777E-05 -0.927379E-06  0.474038E-05
  0.101400E+03  0.122323E-05 -0.836409E-06  0.471890E-05
  0.101700E+03  0.128819E-05 -0.743722E-06  0.467117E-05
  0.102000E+03  0.133408E-05 -0.650737E-06  0.459880E-05
  0.102300E+03  0.136250E-05 -0.558800E-06  0.450349E-05
  0.102600E+03  0.137516E-05 -0.469225E-06  0.438704E-05
  0.102900E+03  0.137395E-05 -0.383302E-06  0.425133E-05
  0.103200E+03  0.136083E-05 -0.302308E-06  0.409838E-05
  0.103500E+03  0.133784E-05 -0.227504E-06  0.393031E-05
  0.103800E+03  0.130709E-05 -0.160107E-06  0.374931E-05
  0.104100E+03  0.127068E-05 -0.101254E-06  0.355760E-05
  0.104400E+03  0.123067E-05 -0.519530E-07  0.335738E-05
  0.104700E+03  0.118904E-05 -0.130289E-07  0.315079E-05
  0.105000E+03  0.114765E-05  0.149116E-07  0.293986E-05
  0.105300E+03  0.110823E-05  0.315116E-07  0.272655E-05
  0.105600E+03  0.107236E-05  0.366804E-07  0.251267E-05
  0.105900E+03  0.104146E-05  0.305931E-07  0.229994E-05
  0.106200E+03  0.101679E-05  0.136753E-07  0.208995E-05
  0.106500E+03  0.999413E-06 -0.134323E-07  0.188416E-05
  0.106800E+03  0.990160E-06 -0.499247E-07  0.168393E-05
  0.107100E+03  0.989628E-06 -0.948876E-07  0.149048E-05
  0.107400E+03  0.998189E-06 -0.147338E-06  0.130487E-05
  0.107700E+03  0.101602E-05 -0.206248E-06  0.112803E-05
  0.108000E+03  0.104315E-05 -0.270568E-06  0.960744E-06
  0.108300E+03  0.107947E-05 -0.339243E-06  0.803625E-06
  0.108600E+03  0.112477E-05 -0.411229E-06  0.657097E-06
  0.108900E+03  0.117872E-05 -0.485496E-06  0.521357E-06
  0.109200E+03  0.124089E-05 -0.561013E-06  0.396330E-06
  0.109500E+03  0.131060E-05 -0.636726E-06  0.281663E-06
  0.109800E+03  0.138698E-05 -0.711541E-06  0.176741E-06
  0.110100E+03  0.146885E-05 -0.784312E-06  0.807445E-07
  0.110400E+03  0.155476E-05 -0.853842E-06 -0.728014E-08
  0.110700E+03  0.164300E-05 -0.918895E-06 -0.883559E-07
  0.111000E+03  0.173170E-05 -0.978230E-06 -0.163540E-06
  0.111300E+03  0.181891E-05 -0.103063E-05 -0.233915E-06
  0.111600E+03  0.190272E-05 -0.107495E-05 -0.300596E-06
  0.111900E+03  0.198128E-05 -0.111016E-05 -0.364730E-06
  0.112200E+03  0.205285E-05 -0.113538E-05 -0.427477E-06
  0.112500E+03  0.211586E-05 -0.114991E-05 -0.489960E-06
  0.112800E+03  0.216885E-05 -0.115326E-05 -0.553213E-06
  0.113100E+03  0.221056E-05 -0.114512E-05 -0.618132E-06
  0.113400E+03  0.223987E-05 -0.112536E-05 -0.685438E-06
  0.113700E+03  0.225580E-05 -0.109402E-05 -0.755658E-06
  0.114000E+03  0.225751E-05 -0.105127E-05 -0.829119E-06
  0.114300E+03  0.224431E-05 -0.997439E-06 -0.905942E-06
  0.114600E+03  0.221568E-05 -0.932965E-06 -0.986043E-06
  0.114900E+03  0.217122E-05 -0.858408E-06 -0.106916E-05
  0.115200E+03  0.211067E-05 -0.774424E-06 -0.115488E-05
  0.115500E+03  0.203382E-05 -0.681752E-06 -0.124273E-05
  0.115800E+03  0.194056E-05 -0.581208E-06 -0.133214E-05
  0.116100E+03  0.183087E-05 -0.473672E-06 -0.142251E-05
  0.116400E+03  0.170488E-05 -0.360080E-06 -0.151310E-05
  0.116700E+03  0.156291E-05 -0.241425E-06 -0.160313E-05
  0.117000E+03  0.140559E-05 -0.118765E-06 -0.169170E-05
  0.117300E+03  0.123390E-05  0.676501E-08 -0.177786E-05
  0.117600E+03  0.104917E-05  0.133948E-06 -0.186066E-05
  0.117900E+03  0.853108E-06  0.261506E-06 -0.193909E-05
  0.118200E+03  0.647645E-06  0.388136E-06 -0.201219E-05
  0.118500E+03  0.434887E-06  0.512545E-06 -0.207899E-05
  0.118800E+03  0.216999E-06  0.633488E-06 -0.213854E-05
  0.119100E+03 -0.386093E-08  0.749792E-06 -0.218994E-05
  0.119400E+03 -0.225575E-06  0.860364E-06 -0.223234E-05
  0.119700E+03 -0.446082E-06  0.964200E-06 -0.226496E-05
  0.120000E+03 -0.663379E-06  0.106039E-05 -0.228712E-05
  0.120300E+03 -0.875539E-06  0.114810E-05 -0.229822E-05
  0.120600E+03 -0.108073E-05  0.122661E-05 -0.229784E-05
  0.120900E+03 -0.127722E-05  0.129530E-05 -0.228570E-05
  0.121200E+03 -0.146340E-05  0.135367E-05 -0.226171E-05
  0.121500E+03 -0.163776E-05  0.140129E-05 -0.222599E-05
  0.121800E+03 -0.179892E-05  0.143785E-05 -0.217883E-05
  0.122100E+03 -0.194565E-05  0.146309E-05 -0.212066E-05
  0.122400E+03 -0.207689E-05  0.147689E-05 -0.205207E-05
  0.122700E+03 -0.219179E-05  0.147919E-05 -0.197371E-05
  0.123000E+03 -0.228967E-05  0.147007E-05 -0.188631E-05
  0.123300E+03 -0.237004E-05  0.144970E-05 -0.179063E-05
  0.123600E+03 -0.243258E-05  0.141837E-05 -0.168748E-05
  0.123900E+03 -0.247716E-05  0.137648E-05 -0.157765E-05
  0.124200E+03 -0.250383E-05  0.132455E-05 -0.146199E-05
  0.124500E+03 -0.251288E-05  0.126323E-05 -0.134133E-05
  0.124800E+03 -0.250476E-05  0.119326E-05 -0.121650E-05
  0.125100E+03 -0.248015E-05  0.111550E-05 -0.108833E-05
  0.125400E+03 -0.243982E-05  0.103086E-05 -0.957601E-06
  0.125700E+03 -0.238469E-05  0.940295E-06 -0.825097E-06
  0.126000E+03 -0.231572E-05  0.844780E-06 -0.691618E-06
  0.126300E+03 -0.223392E-05  0.745276E-06 -0.557995E-06
  0.126600E+03 -0.214035E-05  0.642721E-06 -0.425087E-06
  0.126900E+03 -0.203609E-05  0.538025E-06 -0.293764E-06
  0.127200E+03 -0.192225E-05  0.432068E-06 -0.164883E-06
  0.127500E+03 -0.180000E-05  0.325711E-06 -0.392607E-07
  0.127800E+03 -0.167053E-05  0.219809E-06  0.823569E-07
  0.128100E+03 -0.153515E-05  0.115215E-06  0.199320E-06
  0.128400E+03 -0.139517E-05  0.127786E-07  0.311095E-06
  0.128700E+03 -0.125199E-05 -0.866650E-07  0.417263E-06
  0.129000E+03 -0.110700E-05 -0.182307E-06  0.517512E-06
  0.129300E+03 -0.961625E-06 -0.273375E-06  0.611605E-06
  0.129600E+03 -0.817219E-06 -0.359146E-06  0.699364E-06
  0.129900E+03 -0.675073E-06 -0.438951E-06  0.780650E-06
  0.130200E+03 -0.536370E-06 -0.512183E-06  0.855378E-06
  0.130500E+03 -0.402178E-06 -0.578299E-06  0.923512E-06
  0.130800E+03 -0.273441E-06 -0.636832E-06  0.985070E-06
  0.131100E+03 -0.150981E-06 -0.687388E-06  0.104012E-05
  0.131400E+03 -0.355203E-07 -0.729663E-06  0.108878E-05
  0.131700E+03  0.722988E-07 -0.763451E-06  0.113126E-05
  0.132000E+03  0.171910E-06 -0.788649E-06  0.116783E-05
  0.132300E+03  0.262841E-06 -0.805266E-06  0.119881E-05
  0.132600E+03  0.344736E-06 -0.813418E-06  0.122457E-05
  0.132900E+03  0.417371E-06 -0.813337E-06  0.124546E-05
  0.133200E+03  0.480647E-06 -0.805368E-06  0.126180E-05
  0.133500E+03  0.534585E-06 -0.789971E-06  0.127388E-05
  0.133800E+03  0.579314E-06 -0.767707E-06  0.128202E-05
  0.134100E+03  0.615065E-06 -0.739224E-06  0.128652E-05
  0.134400E+03  0.642170E-06 -0.705232E-06  0.128777E-05
  0.134700E+03  0.661056E-06 -0.666487E-06  0.128621E-05
  0.135000E+03  0.672249E-06 -0.623769E-06  0.128233E-05
  0.135300E+03  0.676357E-06 -0.577872E-06  0.127673E-05
  0.135600E+03  0.674065E-06 -0.529588E-06  0.127000E-05
  0.135900E+03  0.666118E-06 -0.479688E-06  0.126273E-05
  0.136200E+03  0.653312E-06 -0.428907E-06  0.125548E-05
  0.136500E+03  0.636486E-06 -0.377931E-06  0.124866E-05
  0.136800E+03  0.616504E-06 -0.327389E-06  0.124261E-05
  0.137100E+03  0.594229E-06 -0.277869E-06  0.123750E-05
  0.137400E+03  0.570502E-06 -0.229934E-06  0.123339E-05
  0.137700E+03  0.546143E-06 -0.184138E-06  0.123013E-05
  0.138000E+03  0.521947E-06 -0.141019E-06  0.122744E-05
  0.138300E+03  0.498672E-06 -0.101082E-06  0.122488E-05
  0.138600E+03  0.477022E-06 -0.647798E-07  0.122188E-05
  0.138900E+03  0.457622E-06 -0.324955E-07  0.121780E-05
  0.139200E+03  0.441003E-06 -0.453310E-08  0.121203E-05
  0.139500E+03  0.427590E-06  0.188900E-07  0.120393E-05
  0.139800E+03  0.417696E-06  0.376450E-07  0.119294E-05
  0.140100E+03  0.411529E-06  0.516943E-07  0.117858E-05
  0.140400E+03  0.409190E-06  0.610975E-07  0.116041E-05
  0.140700E+03  0.410686E-06  0.660170E-07  0.113808E-05
  0.141000E+03  0.415948E-06  0.667117E-07  0.111129E-05
  0.141300E+03  0.424862E-06  0.635166E-07  0.107980E-05
  0.141600E+03  0.437299E-06  0.568189E-07  0.104343E-05
  0.141900E+03  0.453131E-06  0.470361E-07  0.100204E-05
  0.142200E+03  0.472234E-06  0.346000E-07  0.955570E-06
  0.142500E+03  0.494483E-06  0.199447E-07  0.904019E-06
  0.142800E+03  0.519749E-06  0.349957E-08  0.847467E-06
  0.143100E+03  0.547906E-06 -0.143159E-07  0.786051E-06
  0.143400E+03  0.578832E-06 -0.330950E-07  0.719956E-06
  0.143700E+03  0.612399E-06 -0.524480E-07  0.649412E-06
  0.144000E+03  0.648440E-06 -0.720050E-07  0.574689E-06
  0.144300E+03  0.686702E-06 -0.914157E-07  0.496098E-06
  0.144600E+03  0.726792E-06 -0.110345E-06  0.413985E-06
  0.144900E+03  0.768138E-06 -0.128466E-06  0.328718E-06
  0.145200E+03  0.809982E-06 -0.145451E-06  0.240693E-06
  0.145500E+03  0.851399E-06 -0.160969E-06  0.150343E-06
  0.145800E+03  0.891347E-06 -0.174676E-06  0.581481E-07
  0.146100E+03  0.928728E-06 -0.186224E-06 -0.353629E-07
  0.146400E+03  0.962431E-06 -0.195261E-06 -0.129626E-06
  0.146700E+03  0.991369E-06 -0.201442E-06 -0.224070E-06
  0.147000E+03  0.101451E-05 -0.204444E-06 -0.318153E-06
  0.147300E+03  0.103088E-05 -0.203981E-06 -0.411410E-06
  0.147600E+03  0.103962E-05 -0.199829E-06 -0.503471E-06
  0.147900E+03  0.104004E-05 -0.191837E-06 -0.594066E-06
  0.148200E+03  0.103158E-05 -0.179941E-06 -0.682999E-06
  0.148500E+03  0.101391E-05 -0.164169E-06 -0.770116E-06
  0.148800E+03  0.986862E-06 -0.144637E-06 -0.855273E-06
  0.149100E+03  0.950435E-06 -0.121534E-06 -0.938316E-06
  0.149400E+03  0.904803E-06 -0.951212E-07 -0.101908E-05
  0.149700E+03  0.850287E-06 -0.657248E-07 -0.109737E-05
  0.150000E+03  0.787333E-06 -0.337341E-07 -0.117297E-05
  0.150300E+03  0.716488E-06  0.408264E-09 -0.124562E-05
  0.150600E+03  0.638366E-06  0.362226E-07 -0.131501E-05
  0.150900E+03  0.553611E-06  0.732146E-07 -0.138081E-05
  0.151200E+03  0.462869E-06  0.110896E-06 -0.144262E-05
  0.151500E+03  0.366777E-06  0.148798E-06 -0.150002E-05
  0.151800E+03  0.265966E-06  0.186479E-06 -0.155254E-05
  0.152100E+03  0.161099E-06  0.223526E-06 -0.159970E-05
  0.152400E+03  0.528915E-07  0.259554E-06 -0.164100E-05
  0.152700E+03 -0.578521E-07  0.294204E-06 -0.167593E-05
  0.153000E+03 -0.170229E-06  0.327139E-06 -0.170399E-05
  0.153300E+03 -0.283233E-06  0.358039E-06 -0.172468E-05
  0.153600E+03 -0.395770E-06  0.386600E-06 -0.173754E-05
  0.153900E+03 -0.506693E-06  0.412527E-06 -0.174207E-05
  0.154200E+03 -0.614838E-06  0.435529E-06 -0.173783E-05
  0.154500E+03 -0.719074E-06  0.455325E-06 -0.172439E-05
  0.154800E+03 -0.818336E-06  0.471646E-06 -0.170138E-05
  0.155100E+03 -0.911659E-06  0.484250E-06 -0.166855E-05
  0.155400E+03 -0.998185E-06  0.492937E-06 -0.162582E-05
  0.155700E+03 -0.107717E-05  0.497565E-06 -0.157330E-05
  0.156000E+03 -0.114798E-05  0.498067E-06 -0.151132E-05
  0.156300E+03 -0.121006E-05  0.494458E-06 -0.144039E-05
  0.156600E+03 -0.126291E-05  0.486832E-06 -0.136118E-05
  0.156900E+03 -0.130605E-05  0.475346E-06 -0.127448E-05
  0.157200E+03 -0.133901E-05  0.460196E-06 -0.118114E-05
  0.157500E+03 -0.136132E-05  0.441600E-06 -0.108203E-05
  0.157800E+03 -0.137259E-05  0.419775E-06 -0.977973E-06
  0.158100E+03 -0.137249E-05  0.394932E-06 -0.869734E-06
  0.158400E+03 -0.136078E-05  0.367271E-06 -0.757967E-06
  0.158700E+03 -0.133738E-05  0.336981E-06 -0.643218E-06
  0.159000E+03 -0.130231E-05  0.304250E-06 -0.525933E-06
  0.159300E+03 -0.125576E-05  0.269277E-06 -0.406483E-06
  0.159600E+03 -0.119811E-05  0.232281E-06 -0.285199E-06
  0.159900E+03 -0.112993E-05  0.193509E-06 -0.162417E-06
  0.160200E+03 -0.105204E-05  0.153227E-06 -0.385105E-07
  0.160500E+03 -0.965420E-06  0.111716E-06  0.860880E-07
  0.160800E+03 -0.871277E-06  0.692669E-07  0.210893E-06
  0.161100E+03 -0.770942E-06  0.261740E-07  0.335377E-06
  0.161400E+03 -0.665833E-06 -0.172609E-07  0.458982E-06
  0.161700E+03 -0.557392E-06 -0.607278E-07  0.581134E-06
  0.162000E+03 -0.447035E-06 -0.103902E-06  0.701241E-06
  0.162300E+03 -0.336126E-06 -0.146431E-06  0.818691E-06
  0.162600E+03 -0.225968E-06 -0.187925E-06  0.932836E-06
  0.162900E+03 -0.117819E-06 -0.227947E-06  0.104297E-05
  0.163200E+03 -0.129228E-07 -0.266012E-06  0.114833E-05
  0.163500E+03  0.874569E-07 -0.301605E-06  0.124803E-05
  0.163800E+03  0.182021E-06 -0.334205E-06  0.134112E-05
  0.164100E+03  0.269444E-06 -0.363320E-06  0.142663E-05
  0.164400E+03  0.348419E-06 -0.388516E-06  0.150355E-05
  0.164700E+03  0.417721E-06 -0.409453E-06  0.157094E-05
  0.165000E+03  0.476285E-06 -0.425899E-06  0.162796E-05
  0.165300E+03  0.523264E-06 -0.437741E-06  0.167388E-05
  0.165600E+03  0.558082E-06 -0.444981E-06  0.170817E-05
  0.165900E+03  0.580459E-06 -0.447721E-06  0.173047E-05
  0.166200E+03  0.590430E-06 -0.446147E-06  0.174064E-05
  0.166500E+03  0.588337E-06 -0.440502E-06  0.173872E-05
  0.166800E+03  0.574811E-06 -0.431060E-06  0.172495E-05
  0.167100E+03  0.550743E-06 -0.418107E-06  0.169972E-05
  0.167400E+03  0.517239E-06 -0.401917E-06  0.166352E-05
  0.167700E+03  0.475567E-06 -0.382746E-06  0.161694E-05
  0.168000E+03  0.427100E-06 -0.360836E-06  0.156065E-05
  0.168300E+03  0.373249E-06 -0.336417E-06  0.149531E-05
  0.168600E+03  0.315406E-06 -0.309716E-06  0.142161E-05
  0.168900E+03  0.254896E-06 -0.280970E-06  0.134018E-05
  0.169200E+03  0.192955E-06 -0.250436E-06  0.125166E-05
  0.169500E+03  0.130715E-06 -0.218391E-06  0.115664E-05
  0.169800E+03  0.692200E-07 -0.185145E-06  0.105573E-05
  0.170100E+03  0.943928E-08 -0.151030E-06  0.949546E-06
  0.170400E+03 -0.477126E-07 -0.116399E-06  0.838768E-06
  0.170700E+03 -0.101360E-06 -0.816150E-07  0.724124E-06
  0.171000E+03 -0.150661E-06 -0.470438E-07  0.606418E-06
  0.171300E+03 -0.194834E-06 -0.130332E-07  0.486533E-06
  0.171600E+03 -0.233186E-06  0.201033E-07  0.365430E-06
  0.171900E+03 -0.265151E-06  0.521007E-07  0.244141E-06
  0.172200E+03 -0.290303E-06  0.827441E-07  0.123740E-06
  0.172500E+03 -0.308351E-06  0.111860E-06  0.532538E-08
  0.172800E+03 -0.319125E-06  0.139297E-06 -0.110019E-06
  0.173100E+03 -0.322561E-06  0.164910E-06 -0.221259E-06
  0.173400E+03 -0.318698E-06  0.188543E-06 -0.327452E-06
  0.173700E+03 -0.307682E-06  0.210021E-06 -0.427789E-06
  0.174000E+03 -0.289777E-06  0.229152E-06 -0.521611E-06
  0.174300E+03 -0.265366E-06  0.245728E-06 -0.608426E-06
  0.174600E+03 -0.234929E-06  0.259542E-06 -0.687888E-06
  0.174900E+03 -0.199015E-06  0.270400E-06 -0.759781E-06
  0.175200E+03 -0.158211E-06  0.278134E-06 -0.823992E-06
  0.175500E+03 -0.113120E-06  0.282607E-06 -0.880478E-06
  0.175800E+03 -0.643485E-07  0.283722E-06 -0.929254E-06
  0.176100E+03 -0.125086E-07  0.281432E-06 -0.970371E-06
  0.176400E+03  0.417721E-07  0.275746E-06 -0.100390E-05
  0.176700E+03  0.978395E-07  0.266739E-06 -0.102992E-05
  0.177000E+03  0.155007E-06  0.254541E-06 -0.104851E-05
  0.177300E+03  0.212558E-06  0.239336E-06 -0.105973E-05
  0.177600E+03  0.269759E-06  0.221343E-06 -0.106368E-05
  0.177900E+03  0.325873E-06  0.200811E-06 -0.106042E-05
  0.178200E+03  0.380172E-06  0.178007E-06 -0.105008E-05
  0.178500E+03  0.431949E-06  0.153213E-06 -0.103278E-05
  0.178800E+03  0.480523E-06  0.126722E-06 -0.100866E-05
  0.179100E+03  0.525260E-06  0.988380E-07 -0.977879E-06
  0.179400E+03  0.565593E-06  0.698707E-07 -0.940560E-06
  0.179700E+03  0.601058E-06  0.401417E-07 -0.896837E-06
  0.180000E+03  0.631321E-06  0.998770E-08 -0.846851E-06
  0.180300E+03  0.656194E-06 -0.202332E-07 -0.790792E-06
  0.180600E+03  0.675624E-06 -0.501390E-07 -0.728922E-06
  0.180900E+03  0.689671E-06 -0.793266E-07 -0.661613E-06
  0.181200E+03  0.698460E-06 -0.107381E-06 -0.589371E-06
  0.181500E+03  0.702143E-06 -0.133890E-06 -0.512852E-06
  0.181800E+03  0.700851E-06 -0.158459E-06 -0.432860E-06
  0.182100E+03  0.694665E-06 -0.180726E-06 -0.350332E-06
  0.182400E+03  0.683606E-06 -0.200376E-06 -0.266306E-06
  0.182700E+03  0.667663E-06 -0.217150E-06 -0.181874E-06
  0.183000E+03  0.646827E-06 -0.230851E-06 -0.981419E-07
  0.183300E+03  0.621140E-06 -0.241349E-06 -0.161929E-07
  0.183600E+03  0.590710E-06 -0.248572E-06  0.629276E-07
  0.183900E+03  0.555717E-06 -0.252507E-06  0.138227E-06
  0.184200E+03  0.516403E-06 -0.253191E-06  0.208775E-06
  0.184500E+03  0.473056E-06 -0.250708E-06  0.273720E-06
  0.184800E+03  0.426011E-06 -0.245189E-06  0.332302E-06
  0.185100E+03  0.375655E-06 -0.236812E-06  0.383868E-06
  0.185400E+03  0.322437E-06 -0.225797E-06  0.427886E-06
  0.185700E+03  0.266878E-06 -0.212403E-06  0.463958E-06
  0.186000E+03  0.209568E-06 -0.196915E-06  0.491823E-06
  0.186300E+03  0.151163E-06 -0.179628E-06  0.511369E-06
  0.186600E+03  0.923628E-07 -0.160825E-06  0.522647E-06
  0.186900E+03  0.339012E-07 -0.140766E-06  0.525864E-06
  0.187200E+03 -0.234697E-07 -0.119674E-06  0.521387E-06
  0.187500E+03 -0.789881E-07 -0.977362E-07  0.509721E-06
  0.187800E+03 -0.131898E-06 -0.751036E-07  0.491483E-06
  0.188100E+03 -0.181471E-06 -0.519025E-07  0.467361E-06
  0.188400E+03 -0.227047E-06 -0.282465E-07  0.438072E-06
  0.188700E+03 -0.268069E-06 -0.425298E-08  0.404334E-06
  0.189000E+03 -0.304122E-06  0.199401E-07  0.366833E-06
  0.189300E+03 -0.334949E-06  0.441609E-07  0.326213E-06
  0.189600E+03 -0.360453E-06  0.681982E-07  0.283055E-06
  0.189900E+03 -0.380677E-06  0.918012E-07  0.237884E-06
  0.190200E+03 -0.395776E-06  0.114686E-06  0.191173E-06
  0.190500E+03 -0.405982E-06  0.136548E-06  0.143361E-06
  0.190800E+03 -0.411581E-06  0.157079E-06  0.948740E-07
  0.191100E+03 -0.412901E-06  0.175986E-06  0.461483E-07
  0.191400E+03 -0.410299E-06  0.193012E-06 -0.235276E-08
  0.191700E+03 -0.404171E-06  0.207951E-06 -0.501359E-07
  0.192000E+03 -0.394959E-06  0.220666E-06 -0.966899E-07
  0.192300E+03 -0.383160E-06  0.231086E-06 -0.141508E-06
  0.192600E+03 -0.369324E-06  0.239202E-06 -0.184109E-06
  0.192900E+03 -0.354042E-06  0.245050E-06 -0.224052E-06
  0.193200E+03 -0.337937E-06  0.248689E-06 -0.260952E-06
  0.193500E+03 -0.321633E-06  0.250182E-06 -0.294481E-06
  0.193800E+03 -0.305732E-06  0.249574E-06 -0.324379E-06
  0.194100E+03 -0.290784E-06  0.246887E-06 -0.350442E-06
  0.194400E+03 -0.277266E-06  0.242115E-06 -0.372509E-06
  0.194700E+03 -0.265555E-06  0.235239E-06 -0.390441E-06
  0.195000E+03 -0.255919E-06  0.226244E-06 -0.404107E-06
  0.195300E+03 -0.248504E-06  0.215143E-06 -0.413373E-06
  0.195600E+03 -0.243351E-06  0.201990E-06 -0.418103E-06
  0.195900E+03 -0.240409E-06  0.186906E-06 -0.418164E-06
  0.196200E+03 -0.239560E-06  0.170079E-06 -0.413441E-06
  0.196500E+03 -0.240640E-06  0.151764E-06 -0.403851E-06
  0.196800E+03 -0.243447E-06  0.132269E-06 -0.389363E-06
  0.197100E+03 -0.247749E-06  0.111929E-06 -0.370005E-06
  0.197400E+03 -0.253294E-06  0.910866E-07 -0.345868E-06
  0.197700E+03 -0.259821E-06  0.700655E-07 -0.317110E-06
  0.198000E+03 -0.267080E-06  0.491602E-07 -0.283952E-06
  0.198300E+03 -0.274856E-06  0.286275E-07 -0.246686E-06
  0.198600E+03 -0.282979E-06  0.868573E-08 -0.205667E-06
  0.198900E+03 -0.291322E-06 -0.104827E-07 -0.161319E-06
  0.199200E+03 -0.299794E-06 -0.287271E-07 -0.114133E-06
  0.199500E+03 -0.308317E-06 -0.459239E-07 -0.646692E-07
  0.199800E+03 -0.316817E-06 -0.619717E-07 -0.135510E-07
  0.200100E+03 -0.325209E-06 -0.767860E-07  0.385435E-07
  0.200400E+03 -0.333379E-06 -0.902950E-07  0.908981E-07
  0.200700E+03 -0.341172E-06 -0.102440E-06  0.142779E-06
  0.201000E+03 -0.348372E-06 -0.113178E-06  0.193459E-06
  0.201300E+03 -0.354699E-06 -0.122484E-06  0.242231E-06
  0.201600E+03 -0.359794E-06 -0.130356E-06  0.288429E-06
  0.201900E+03 -0.363240E-06 -0.136808E-06  0.331436E-06
  0.202200E+03 -0.364588E-06 -0.141865E-06  0.370699E-06
  0.202500E+03 -0.363397E-06 -0.145554E-06  0.405745E-06
  0.202800E+03 -0.359280E-06 -0.147899E-06  0.436187E-06
  0.203100E+03 -0.351939E-06 -0.148914E-06  0.461737E-06
  0.203400E+03 -0.341178E-06 -0.148600E-06  0.482199E-06
  0.203700E+03 -0.326908E-06 -0.146947E-06  0.497467E-06
  0.204000E+03 -0.309140E-06 -0.143941E-06  0.507523E-06
  0.204300E+03 -0.287962E-06 -0.139574E-06  0.512425E-06
  0.204600E+03 -0.263527E-06 -0.133860E-06  0.512302E-06
  0.204900E+03 -0.236022E-06 -0.126850E-06  0.507344E-06
  0.205200E+03 -0.205647E-06 -0.118644E-06  0.497793E-06
  0.205500E+03 -0.172592E-06 -0.109394E-06  0.483929E-06
  0.205800E+03 -0.137025E-06 -0.992980E-07  0.466053E-06
  0.206100E+03 -0.990933E-07 -0.885910E-07  0.444478E-06
  0.206400E+03 -0.589396E-07 -0.775268E-07  0.419518E-06
  0.206700E+03 -0.167186E-07 -0.663627E-07  0.391492E-06
  0.207000E+03  0.273834E-07 -0.553441E-07  0.360726E-06
  0.207300E+03  0.731364E-07 -0.446916E-07  0.327570E-06
  0.207600E+03  0.120260E-06 -0.345879E-07  0.292399E-06
  0.207900E+03  0.168419E-06 -0.251682E-07  0.255618E-06
  0.208200E+03  0.217229E-06 -0.165147E-07  0.217650E-06
  0.208500E+03  0.266260E-06 -0.865683E-08  0.178922E-06
  0.208800E+03  0.315045E-06 -0.157946E-08  0.139851E-06
  0.209100E+03  0.363094E-06  0.476257E-08  0.100822E-06
  0.209400E+03  0.409902E-06  0.104261E-07  0.621875E-07
  0.209700E+03  0.454963E-06  0.154621E-07  0.242614E-07
  0.210000E+03  0.497771E-06  0.199021E-07 -0.126684E-07
  0.210300E+03  0.537831E-06  0.237496E-07 -0.483262E-07
  0.210600E+03  0.574664E-06  0.269758E-07 -0.824345E-07
  0.210900E+03  0.607830E-06  0.295204E-07 -0.114705E-06
  0.211200E+03  0.636940E-06  0.312960E-07 -0.144839E-06
  0.211500E+03  0.661670E-06  0.321975E-07 -0.172532E-06
  0.211800E+03  0.681779E-06  0.321130E-07 -0.197492E-06
  0.212100E+03  0.697113E-06  0.309372E-07 -0.219458E-06
  0.212400E+03  0.707618E-06  0.285852E-07 -0.238222E-06
  0.212700E+03  0.713352E-06  0.250055E-07 -0.253643E-06
  0.213000E+03  0.714475E-06  0.201920E-07 -0.265645E-06
  0.213300E+03  0.711240E-06  0.141927E-07 -0.274217E-06
  0.213600E+03  0.703963E-06  0.711316E-08 -0.279406E-06
  0.213900E+03  0.693002E-06 -0.888718E-09 -0.281315E-06
  0.214200E+03  0.678720E-06 -0.961517E-08 -0.280103E-06
  0.214500E+03  0.661462E-06 -0.188451E-07 -0.275979E-06
  0.214800E+03  0.641528E-06 -0.283485E-07 -0.269192E-06
  0.215100E+03  0.619143E-06 -0.378952E-07 -0.260013E-06
  0.215400E+03  0.594444E-06 -0.472596E-07 -0.248722E-06
  0.215700E+03  0.567475E-06 -0.562235E-07 -0.235586E-06
  0.216000E+03  0.538194E-06 -0.645813E-07 -0.220849E-06
  0.216300E+03  0.506504E-06 -0.721475E-07 -0.204722E-06
  0.216600E+03  0.472282E-06 -0.787655E-07 -0.187390E-06
  0.216900E+03  0.435429E-06 -0.843144E-07 -0.169020E-06
  0.217200E+03  0.395903E-06 -0.887112E-07 -0.149769E-06
  0.217500E+03  0.353755E-06 -0.919073E-07 -0.129800E-06
  0.217800E+03  0.309144E-06 -0.938813E-07 -0.109291E-06
  0.218100E+03  0.262341E-06 -0.946286E-07 -0.884447E-07
  0.218400E+03  0.213720E-06 -0.941539E-07 -0.674962E-07
  0.218700E+03  0.163730E-06 -0.924642E-07 -0.467236E-07
  0.219000E+03  0.112868E-06 -0.895642E-07 -0.264514E-07
  0.219300E+03  0.616428E-07 -0.854527E-07 -0.705137E-08
  0.219600E+03  0.105527E-07 -0.801200E-07  0.110623E-07
  0.219900E+03 -0.399405E-07 -0.735478E-07  0.274461E-07
  0.220200E+03 -0.894297E-07 -0.657099E-07  0.416498E-07
  0.220500E+03 -0.137579E-06 -0.565762E-07  0.532476E-07
  0.220800E+03 -0.184132E-06 -0.461180E-07  0.618704E-07
  0.221100E+03 -0.228909E-06 -0.343164E-07  0.672360E-07
  0.221400E+03 -0.271793E-06 -0.211725E-07  0.691726E-07
  0.221700E+03 -0.312705E-06 -0.672104E-08  0.676337E-07
  0.222000E+03 -0.351572E-06  0.895785E-08  0.627000E-07
  0.222300E+03 -0.388300E-06  0.257297E-07  0.545648E-07
  0.222600E+03 -0.422755E-06  0.434016E-07  0.435089E-07
  0.222900E+03 -0.454755E-06  0.617228E-07  0.298703E-07
  0.223200E+03 -0.484068E-06  0.803912E-07  0.140194E-07
  0.223500E+03 -0.510428E-06  0.990647E-07 -0.365804E-08
  0.223800E+03 -0.533543E-06  0.117379E-06 -0.227711E-07
  0.224100E+03 -0.553127E-06  0.134970E-06 -0.429324E-07
  0.224400E+03 -0.568913E-06  0.151490E-06 -0.637636E-07
  0.224700E+03 -0.580685E-06  0.166632E-06 -0.848973E-07
  0.225000E+03 -0.588296E-06  0.180135E-06 -0.105973E-06
  0.225300E+03 -0.591683E-06  0.191797E-06 -0.126628E-06
  0.225600E+03 -0.590869E-06  0.201466E-06 -0.146491E-06
  0.225900E+03 -0.585955E-06  0.209039E-06 -0.165174E-06
  0.226200E+03 -0.577092E-06  0.214446E-06 -0.182270E-06
  0.226500E+03 -0.564455E-06  0.217641E-06 -0.197356E-06
  0.226800E+03 -0.548215E-06  0.218588E-06 -0.210006E-06
  0.227100E+03 -0.528512E-06  0.217255E-06 -0.219814E-06
  0.227400E+03 -0.505456E-06  0.213619E-06 -0.226419E-06
  0.227700E+03 -0.479138E-06  0.207669E-06 -0.229535E-06
  0.228000E+03 -0.449661E-06  0.199418E-06 -0.228979E-06
  0.228300E+03 -0.417172E-06  0.188910E-06 -0.224681E-06
  0.228600E+03 -0.381889E-06  0.176220E-06 -0.216684E-06
  0.228900E+03 -0.344119E-06  0.161460E-06 -0.205141E-06
  0.229200E+03 -0.304265E-06  0.144767E-06 -0.190287E-06
  0.229500E+03 -0.262823E-06  0.126299E-06 -0.172421E-06
  0.229800E+03 -0.220364E-06  0.106228E-06 -0.151879E-06
  0.230100E+03 -0.177519E-06  0.847368E-07 -0.129009E-06
  0.230400E+03 -0.134958E-06  0.620202E-07 -0.104147E-06
  0.230700E+03 -0.933627E-07  0.382919E-07 -0.775983E-07
  0.231000E+03 -0.534075E-07  0.137891E-07 -0.496370E-07
  0.231300E+03 -0.157325E-07 -0.112238E-07 -0.205027E-07
  0.231600E+03  0.190836E-07 -0.364561E-07  0.958722E-08
  0.231900E+03  0.505493E-07 -0.615940E-07  0.404211E-07
  0.232200E+03  0.782767E-07 -0.863058E-07  0.717738E-07
  0.232500E+03  0.101987E-06 -0.110250E-06  0.103391E-06
  0.232800E+03  0.121506E-06 -0.133083E-06  0.134980E-06
  0.233100E+03  0.136752E-06 -0.154471E-06  0.166208E-06
  0.233400E+03  0.147728E-06 -0.174093E-06  0.196705E-06
  0.233700E+03  0.154500E-06 -0.191648E-06  0.226068E-06
  0.234000E+03  0.157196E-06 -0.206863E-06  0.253880E-06
  0.234300E+03  0.155990E-06 -0.219492E-06  0.279716E-06
  0.234600E+03  0.151105E-06 -0.229327E-06  0.303164E-06
  0.234900E+03  0.142804E-06 -0.236203E-06  0.323830E-06
  0.235200E+03  0.131393E-06 -0.240008E-06  0.341352E-06
  0.235500E+03  0.117215E-06 -0.240689E-06  0.355407E-06
  0.235800E+03  0.100642E-06 -0.238247E-06  0.365716E-06
  0.236100E+03  0.820605E-07 -0.232741E-06  0.372053E-06
  0.236400E+03  0.618628E-07 -0.224278E-06  0.374249E-06
  0.236700E+03  0.404321E-07 -0.213015E-06  0.372210E-06
  0.237000E+03  0.181381E-07 -0.199153E-06  0.365921E-06
  0.237300E+03 -0.466131E-08 -0.182935E-06  0.355460E-06
  0.237600E+03 -0.276108E-07 -0.164646E-06  0.341008E-06
  0.237900E+03 -0.503458E-07 -0.144606E-06  0.322844E-06
  0.238200E+03 -0.724823E-07 -0.123168E-06  0.301344E-06
  0.238500E+03 -0.936114E-07 -0.100703E-06  0.276956E-06
  0.238800E+03 -0.113299E-06 -0.775907E-07  0.250183E-06
  0.239100E+03 -0.131091E-06 -0.542055E-07  0.221547E-06
  0.239400E+03 -0.146533E-06 -0.309025E-07  0.191566E-06
  0.239700E+03 -0.159188E-06 -0.800207E-08  0.160723E-06
  0.240000E+03 -0.168661E-06  0.142227E-07  0.129449E-06
  0.240300E+03 -0.174624E-06  0.355550E-07  0.981088E-07
  0.240600E+03 -0.176833E-06  0.558342E-07  0.669913E-07
  0.240900E+03 -0.175125E-06  0.749484E-07  0.363180E-07
  0.241200E+03 -0.169422E-06  0.928202E-07  0.625165E-08
  0.241500E+03 -0.159718E-06  0.109392E-06 -0.230843E-07
  0.241800E+03 -0.146071E-06  0.124610E-06 -0.515852E-07
  0.242100E+03 -0.128589E-06  0.138421E-06 -0.791459E-07
  0.242400E+03 -0.107417E-06  0.150760E-06 -0.105646E-06
  0.242700E+03 -0.827252E-07  0.161554E-06 -0.130945E-06
  0.243000E+03 -0.546899E-07  0.170723E-06 -0.154879E-06
  0.243300E+03 -0.234908E-07  0.178177E-06 -0.177269E-06
  0.243600E+03  0.106918E-07  0.183820E-06 -0.197930E-06
  0.243900E+03  0.476698E-07  0.187550E-06 -0.216678E-06
  0.244200E+03  0.872321E-07  0.189263E-06 -0.233337E-06
  0.244500E+03  0.129128E-06  0.188857E-06 -0.247743E-06
  0.244800E+03  0.173055E-06  0.186245E-06 -0.259750E-06
  0.245100E+03  0.218654E-06  0.181361E-06 -0.269249E-06
  0.245400E+03  0.265514E-06  0.174171E-06 -0.276172E-06
  0.245700E+03  0.313175E-06  0.164686E-06 -0.280511E-06
  0.246000E+03  0.361136E-06  0.152965E-06 -0.282326E-06
  0.246300E+03  0.408854E-06  0.139125E-06 -0.281740E-06
  0.246600E+03  0.455749E-06  0.123340E-06 -0.278932E-06
  0.246900E+03  0.501207E-06  0.105833E-06 -0.274109E-06
  0.247200E+03  0.544576E-06  0.868723E-07 -0.267482E-06
  0.247500E+03  0.585178E-06  0.667630E-07 -0.259233E-06
  0.247800E+03  0.622325E-06  0.458341E-07 -0.249484E-06
  0.248100E+03  0.655337E-06  0.244285E-07 -0.238289E-06
  0.248400E+03  0.683574E-06  0.289100E-08 -0.225623E-06
  0.248700E+03  0.706460E-06 -0.184429E-07 -0.211404E-06
  0.249000E+03  0.723515E-06 -0.392569E-07 -0.195516E-06
  0.249300E+03  0.734367E-06 -0.592616E-07 -0.177855E-06
  0.249600E+03  0.738759E-06 -0.781993E-07 -0.158360E-06
  0.249900E+03  0.736546E-06 -0.958461E-07 -0.137052E-06
  0.250200E+03  0.727669E-06 -0.112011E-06 -0.114050E-06
  0.250500E+03  0.712136E-06 -0.126532E-06 -0.895676E-07
  0.250800E+03  0.689990E-06 -0.139274E-06 -0.638985E-07
  0.251100E+03  0.661298E-06 -0.150127E-06 -0.373883E-07
  0.251400E+03  0.626140E-06 -0.159002E-06 -0.104034E-07
  0.251700E+03  0.584617E-06 -0.165835E-06  0.166935E-07
  0.252000E+03  0.536870E-06 -0.170580E-06  0.435581E-07
  0.252300E+03  0.483098E-06 -0.173214E-06  0.698668E-07
  0.252600E+03  0.423575E-06 -0.173736E-06  0.953092E-07
  0.252900E+03  0.358660E-06 -0.172160E-06  0.119575E-06
  0.253200E+03  0.288805E-06 -0.168520E-06  0.142345E-06
  0.253500E+03  0.214559E-06 -0.162866E-06  0.163286E-06
  0.253800E+03  0.136565E-06 -0.155262E-06  0.182064E-06
  0.254100E+03  0.555626E-07 -0.145788E-06  0.198362E-06
  0.254400E+03 -0.276262E-07 -0.134540E-06  0.211912E-06
  0.254700E+03 -0.112104E-06 -0.121638E-06  0.222521E-06
  0.255000E+03 -0.196917E-06 -0.107227E-06  0.230098E-06
  0.255300E+03 -0.281073E-06 -0.914822E-07  0.234661E-06
  0.255600E+03 -0.363565E-06 -0.746109E-07  0.236327E-06
  0.255900E+03 -0.443393E-06 -0.568533E-07  0.235292E-06
  0.256200E+03 -0.519594E-06 -0.384780E-07  0.231796E-06
  0.256500E+03 -0.591263E-06 -0.197765E-07  0.226093E-06
  0.256800E+03 -0.657573E-06 -0.105834E-08  0.218420E-06
  0.257100E+03 -0.717785E-06  0.173555E-07  0.208971E-06
  0.257400E+03 -0.771257E-06  0.351398E-07  0.197890E-06
  0.257700E+03 -0.817441E-06  0.519730E-07  0.185263E-06
  0.258000E+03 -0.855888E-06  0.675460E-07  0.171130E-06
  0.258300E+03 -0.886239E-06  0.815711E-07  0.155503E-06
  0.258600E+03 -0.908232E-06  0.937904E-07  0.138389E-06
  0.258900E+03 -0.921693E-06  0.103984E-06  0.119818E-06
  0.259200E+03 -0.926537E-06  0.111975E-06  0.998659E-07
  0.259500E+03 -0.922767E-06  0.117633E-06  0.786713E-07
  0.259800E+03 -0.910472E-06  0.120873E-06  0.564418E-07
  0.260100E+03 -0.889826E-06  0.121655E-06  0.334521E-07
  0.260400E+03 -0.861092E-06  0.119980E-06  0.100357E-07
  0.260700E+03 -0.824618E-06  0.115888E-06 -0.134285E-07
  0.261000E+03 -0.780841E-06  0.109455E-06 -0.365341E-07
  0.261300E+03 -0.730279E-06  0.100792E-06 -0.588697E-07
  0.261600E+03 -0.673525E-06  0.900401E-07 -0.800435E-07
  0.261900E+03 -0.611240E-06  0.773681E-07 -0.997079E-07
  0.262200E+03 -0.544137E-06  0.629690E-07 -0.117581E-06
  0.262500E+03 -0.472978E-06  0.470602E-07 -0.133460E-06
  0.262800E+03 -0.398562E-06  0.298847E-07 -0.147223E-06
  0.263100E+03 -0.321727E-06  0.117137E-07 -0.158829E-06
  0.263400E+03 -0.243348E-06 -0.715220E-08 -0.168305E-06
  0.263700E+03 -0.164329E-06 -0.263841E-07 -0.175728E-06
  0.264000E+03 -0.856003E-07 -0.456294E-07 -0.181211E-06
  0.264300E+03 -0.810383E-08 -0.645196E-07 -0.184874E-06
  0.264600E+03  0.672222E-07 -0.826795E-07 -0.186836E-06
  0.264900E+03  0.139461E-06 -0.997378E-07 -0.187199E-06
  0.265200E+03  0.207742E-06 -0.115336E-06 -0.186043E-06
  0.265500E+03  0.271267E-06 -0.129137E-06 -0.183431E-06
  0.265800E+03  0.329334E-06 -0.140834E-06 -0.179407E-06
  0.266100E+03  0.381356E-06 -0.150155E-06 -0.174012E-06
  0.266400E+03  0.426871E-06 -0.156875E-06 -0.167290E-06
  0.266700E+03  0.465537E-06 -0.160815E-06 -0.159303E-06
  0.267000E+03  0.497133E-06 -0.161856E-06 -0.150145E-06
  0.267300E+03  0.521554E-06 -0.159930E-06 -0.139943E-06
  0.267600E+03  0.538804E-06 -0.155026E-06 -0.128864E-06
  0.267900E+03  0.548996E-06 -0.147190E-06 -0.117096E-06
  0.268200E+03  0.552345E-06 -0.136519E-06 -0.104842E-06
  0.268500E+03  0.549157E-06 -0.123162E-06 -0.922963E-07
  0.268800E+03  0.539818E-06 -0.107312E-06 -0.796391E-07
  0.269100E+03  0.524774E-06 -0.892032E-07 -0.670239E-07
  0.269400E+03  0.504514E-06 -0.690938E-07 -0.545776E-07
  0.269700E+03  0.479552E-06 -0.472623E-07 -0.424021E-07
  0.270000E+03  0.450415E-06 -0.239974E-07 -0.305780E-07
  0.270300E+03  0.417631E-06  0.404629E-09 -0.191677E-07
  0.270600E+03  0.381731E-06  0.256419E-07 -0.821816E-08
  0.270900E+03  0.343242E-06  0.514081E-07  0.223833E-08
  0.271200E+03  0.302694E-06  0.773950E-07  0.121865E-07
  0.271500E+03  0.260623E-06  0.103298E-06  0.216317E-07
  0.271800E+03  0.217567E-06  0.128819E-06  0.306041E-07
  0.272100E+03  0.174066E-06  0.153673E-06  0.391590E-07
  0.272400E+03  0.130657E-06  0.177589E-06  0.473742E-07
  0.272700E+03  0.878664E-07  0.200311E-06  0.553422E-07
  0.273000E+03  0.461999E-07  0.221594E-06  0.631606E-07
  0.273300E+03  0.613083E-08  0.241204E-06  0.709243E-07
  0.273600E+03 -0.319103E-07  0.258915E-06  0.787198E-07
  0.273900E+03 -0.675449E-07  0.274516E-06  0.866241E-07
  0.274200E+03 -0.100451E-06  0.287808E-06  0.947059E-07
  0.274500E+03 -0.130363E-06  0.298614E-06  0.103028E-06
  0.274800E+03 -0.157066E-06  0.306780E-06  0.111646E-06
  0.275100E+03 -0.180386E-06  0.312183E-06  0.120604E-06
  0.275400E+03 -0.200183E-06  0.314732E-06  0.129922E-06
  0.275700E+03 -0.216343E-06  0.314367E-06  0.139585E-06
  0.276000E+03 -0.228771E-06  0.311060E-06  0.149538E-06
  0.276300E+03 -0.237391E-06  0.304809E-06  0.159681E-06
  0.276600E+03 -0.242140E-06  0.295638E-06  0.169872E-06
  0.276900E+03 -0.242967E-06  0.283592E-06  0.179939E-06
  0.277200E+03 -0.239841E-06  0.268735E-06  0.189683E-06
  0.277500E+03 -0.232761E-06  0.251153E-06  0.198897E-06
  0.277800E+03 -0.221766E-06  0.230959E-06  0.207363E-06
  0.278100E+03 -0.206955E-06  0.208298E-06  0.214866E-06
  0.278400E+03 -0.188494E-06  0.183355E-06  0.221195E-06
  0.278700E+03 -0.166619E-06  0.156355E-06  0.226155E-06
  0.279000E+03 -0.141631E-06  0.127566E-06  0.229577E-06
  0.279300E+03 -0.113882E-06  0.972950E-07  0.231318E-06
  0.279600E+03 -0.837621E-07  0.658787E-07  0.231269E-06
  0.279900E+03 -0.516771E-07  0.336757E-07  0.229333E-06
  0.280200E+03 -0.180362E-07  0.105351E-08  0.225416E-06
  0.280500E+03  0.167578E-07 -0.316215E-07  0.219406E-06
  0.280800E+03  0.523075E-07 -0.639921E-07  0.211164E-06
  0.281100E+03  0.882142E-07 -0.957149E-07  0.200530E-06
  0.281400E+03  0.124066E-06 -0.126462E-06  0.187334E-06
  0.281700E+03  0.159428E-06 -0.155921E-06  0.171425E-06
  0.282000E+03  0.193839E-06 -0.183798E-06  0.152699E-06
  0.282300E+03  0.226817E-06 -0.209817E-06  0.131125E-06
  0.282600E+03  0.257875E-06 -0.233725E-06  0.106765E-06
  0.282900E+03  0.286534E-06 -0.255298E-06  0.797933E-07
  0.283200E+03  0.312349E-06 -0.274343E-06  0.504876E-07
  0.283500E+03  0.334922E-06 -0.290708E-06  0.192246E-07
  0.283800E+03  0.353912E-06 -0.304280E-06 -0.135430E-07
  0.284100E+03  0.369041E-06 -0.314985E-06 -0.473110E-07
  0.284400E+03  0.380098E-06 -0.322790E-06 -0.815500E-07
  0.284700E+03  0.386934E-06 -0.327694E-06 -0.115727E-06
  0.285000E+03  0.389469E-06 -0.329726E-06 -0.149326E-06
  0.285300E+03  0.387687E-06 -0.328941E-06 -0.181860E-06
  0.285600E+03  0.381643E-06 -0.325419E-06 -0.212885E-06
  0.285900E+03  0.371454E-06 -0.319259E-06 -0.242010E-06
  0.286200E+03  0.357294E-06 -0.310580E-06 -0.268902E-06
  0.286500E+03  0.339374E-06 -0.299528E-06 -0.293288E-06
  0.286800E+03  0.317930E-06 -0.286270E-06 -0.314952E-06
  0.287100E+03  0.293203E-06 -0.271006E-06 -0.333727E-06
  0.287400E+03  0.265433E-06 -0.253959E-06 -0.349480E-06
  0.287700E+03  0.234849E-06 -0.235376E-06 -0.362104E-06
  0.288000E+03  0.201677E-06 -0.215517E-06 -0.371509E-06
  0.288300E+03  0.166143E-06 -0.194639E-06 -0.377617E-06
  0.288600E+03  0.128489E-06 -0.172992E-06 -0.380364E-06
  0.288900E+03  0.889870E-07 -0.150804E-06 -0.379695E-06
  0.289200E+03  0.479503E-07 -0.128281E-06 -0.375574E-06
  0.289500E+03  0.574237E-08 -0.105606E-06 -0.367992E-06
  0.289800E+03 -0.372239E-07 -0.829452E-07 -0.356976E-06
  0.290100E+03 -0.804962E-07 -0.604504E-07 -0.342604E-06
  0.290400E+03 -0.123600E-06 -0.382676E-07 -0.325011E-06
  0.290700E+03 -0.166063E-06 -0.165414E-07 -0.304395E-06
  0.291000E+03 -0.207434E-06  0.458060E-08 -0.281013E-06
  0.291300E+03 -0.247308E-06  0.249456E-07 -0.255170E-06
  0.291600E+03 -0.285339E-06  0.443959E-07 -0.227209E-06
  0.291900E+03 -0.321254E-06  0.627720E-07 -0.197488E-06
  0.292200E+03 -0.354853E-06  0.799158E-07 -0.166375E-06
  0.292500E+03 -0.386009E-06  0.956762E-07 -0.134230E-06
  0.292800E+03 -0.414641E-06  0.109913E-06 -0.101398E-06
  0.293100E+03 -0.440695E-06  0.122500E-06 -0.682051E-07
  0.293400E+03 -0.464113E-06  0.133329E-06 -0.349583E-07
  0.293700E+03 -0.484812E-06  0.142313E-06 -0.194692E-08
  0.294000E+03 -0.502682E-06  0.149385E-06  0.305506E-07
  0.294300E+03 -0.517587E-06  0.154503E-06  0.622623E-07
  0.294600E+03 -0.529387E-06  0.157648E-06  0.929197E-07
  0.294900E+03 -0.537953E-06  0.158822E-06  0.122258E-06
  0.295200E+03 -0.543186E-06  0.158047E-06  0.150020E-06
  0.295500E+03 -0.545027E-06  0.155354E-06  0.175953E-06
  0.295800E+03 -0.543456E-06  0.150786E-06  0.199818E-06
  0.296100E+03 -0.538490E-06  0.144396E-06  0.221384E-06
  0.296400E+03 -0.530175E-06  0.136246E-06  0.240429E-06
  0.296700E+03 -0.518577E-06  0.126413E-06  0.256746E-06
  0.297000E+03 -0.503785E-06  0.115001E-06  0.270147E-06
  0.297300E+03 -0.485901E-06  0.102137E-06  0.280470E-06
  0.297600E+03 -0.465048E-06  0.879861E-07  0.287594E-06
  0.297900E+03 -0.441370E-06  0.727451E-07  0.291454E-06
  0.298200E+03 -0.415036E-06  0.566447E-07  0.292050E-06
  0.298500E+03 -0.386236E-06  0.399437E-07  0.289457E-06
  0.298800E+03 -0.355180E-06  0.229223E-07  0.283822E-06
  0.299100E+03 -0.322096E-06  0.587254E-08  0.275358E-06
  0.299400E+03 -0.287226E-06 -0.109120E-07  0.264331E-06
  0.299700E+03 -0.250822E-06 -0.271466E-07  0.251049E-06
  0.300000E+03 -0.213141E-06 -0.425647E-07  0.235843E-06
  0.300300E+03 -0.174433E-06 -0.569226E-07  0.219063E-06
  0.300600E+03 -0.134939E-06 -0.700022E-07  0.201061E-06
  0.300900E+03 -0.948788E-07 -0.816088E-07  0.182186E-06
  0.301200E+03 -0.544545E-07 -0.915683E-07  0.162767E-06
  0.301500E+03 -0.138545E-07 -0.997235E-07  0.143112E-06
  0.301800E+03  0.267366E-07 -0.105932E-06  0.123496E-06
  0.302100E+03  0.671264E-07 -0.110067E-06  0.104158E-06
  0.302400E+03  0.107103E-06 -0.112018E-06  0.853077E-07
  0.302700E+03  0.146425E-06 -0.111697E-06  0.671221E-07
  0.303000E+03  0.184819E-06 -0.109046E-06  0.497615E-07
  0.303300E+03  0.221979E-06 -0.104037E-06  0.333775E-07
  0.303600E+03  0.257578E-06 -0.966850E-07  0.181238E-07
  0.303900E+03  0.291281E-06 -0.870481E-07  0.416054E-08
  0.304200E+03  0.322765E-06 -0.752325E-07 -0.834844E-08
  0.304500E+03  0.351734E-06 -0.613923E-07 -0.192453E-07
  0.304800E+03  0.377936E-06 -0.457256E-07 -0.283933E-07
  0.305100E+03  0.401172E-06 -0.284682E-07 -0.356931E-07
  0.305400E+03  0.421308E-06 -0.988521E-08 -0.410969E-07
  0.305700E+03  0.438273E-06  0.973877E-08 -0.446171E-07
  0.306000E+03  0.452053E-06  0.301075E-07 -0.463277E-07
  0.306300E+03  0.462687E-06  0.509196E-07 -0.463583E-07
  0.306600E+03  0.470255E-06  0.718728E-07 -0.448823E-07
  0.306900E+03  0.474864E-06  0.926673E-07 -0.421020E-07
