  0.00000E+00  0.85531E-13  0.88535E-14  0.91982E-13
  0.30000E+00  0.91207E-12  0.93219E-13  0.95110E-12
  0.60000E+00  0.44122E-11  0.19899E-13  0.55198E-11
  0.90000E+00  0.13920E-10 -0.19080E-11  0.21928E-10
  0.12000E+01  0.33782E-10 -0.97391E-11  0.65510E-10
  0.15000E+01  0.68864E-10 -0.29574E-10  0.15836E-09
  0.18000E+01  0.12367E-09 -0.68762E-10  0.32709E-09
  0.21000E+01  0.20118E-09 -0.13522E-09  0.59939E-09
  0.24000E+01  0.30203E-09 -0.23699E-09  0.10002E-08
  0.27000E+01  0.42456E-09 -0.38186E-09  0.15484E-08
  0.30000E+01  0.56556E-09 -0.57693E-09  0.22560E-08
  0.33000E+01  0.72179E-09 -0.82774E-09  0.31285E-08
  0.36000E+01  0.89157E-09 -0.11372E-08  0.41672E-08
  0.39000E+01  0.10760E-08 -0.15048E-08  0.53718E-08
  0.42000E+01  0.12792E-08 -0.19259E-08  0.67420E-08
  0.45000E+01  0.15077E-08 -0.23922E-08  0.82785E-08
  0.48000E+01  0.17688E-08 -0.28924E-08  0.99819E-08
  0.51000E+01  0.20704E-08 -0.34129E-08  0.11850E-07
  0.54000E+01  0.24194E-08 -0.39387E-08  0.13875E-07
  0.57000E+01  0.28220E-08 -0.44536E-08  0.16041E-07
  0.60000E+01  0.32823E-08 -0.49396E-08  0.18320E-07
  0.63000E+01  0.38028E-08 -0.53771E-08  0.20677E-07
  0.66000E+01  0.43844E-08 -0.57447E-08  0.23070E-07
  0.69000E+01  0.50280E-08 -0.60201E-08  0.25454E-07
  0.72000E+01  0.57359E-08 -0.61813E-08  0.27785E-07
  0.75000E+01  0.65120E-08 -0.62072E-08  0.30016E-07
  0.78000E+01  0.73620E-08 -0.60788E-08  0.32103E-07
  0.81000E+01  0.82915E-08 -0.57783E-08  0.33995E-07
  0.84000E+01  0.93036E-08 -0.52895E-08  0.35638E-07
  0.87000E+01  0.10398E-07 -0.45986E-08  0.36971E-07
  0.90000E+01  0.11569E-07 -0.36945E-08  0.37932E-07
  0.93000E+01  0.12811E-07 -0.25700E-08  0.38456E-07
  0.96000E+01  0.14114E-07 -0.12224E-08  0.38481E-07
  0.99000E+01  0.15467E-07  0.34650E-09  0.37953E-07
  0.10200E+02  0.16859E-07  0.21295E-08  0.36827E-07
  0.10500E+02  0.18275E-07  0.41146E-08  0.35067E-07
  0.10800E+02  0.19698E-07  0.62849E-08  0.32648E-07
  0.11100E+02  0.21107E-07  0.86200E-08  0.29556E-07
  0.11400E+02  0.22475E-07  0.11096E-07  0.25788E-07
  0.11700E+02  0.23777E-07  0.13689E-07  0.21350E-07
  0.12000E+02  0.24982E-07  0.16369E-07  0.16260E-07
  0.12300E+02  0.26065E-07  0.19107E-07  0.10541E-07
  0.12600E+02  0.26995E-07  0.21867E-07  0.42267E-08
  0.12900E+02  0.27744E-07  0.24611E-07 -0.26416E-08
  0.13200E+02  0.28279E-07  0.27296E-07 -0.10011E-07
  0.13500E+02  0.28567E-07  0.29876E-07 -0.17818E-07
  0.13800E+02  0.28573E-07  0.32306E-07 -0.25989E-07
  0.14100E+02  0.28266E-07  0.34539E-07 -0.34439E-07
  0.14400E+02  0.27617E-07  0.36535E-07 -0.43076E-07
  0.14700E+02  0.26604E-07  0.38253E-07 -0.51804E-07
  0.15000E+02  0.25209E-07  0.39658E-07 -0.60523E-07
  0.15300E+02  0.23419E-07  0.40716E-07 -0.69137E-07
  0.15600E+02  0.21226E-07  0.41393E-07 -0.77547E-07
  0.15900E+02  0.18626E-07  0.41657E-07 -0.85659E-07
  0.16200E+02  0.15624E-07  0.41479E-07 -0.93377E-07
  0.16500E+02  0.12228E-07  0.40835E-07 -0.10061E-06
  0.16800E+02  0.84536E-08  0.39705E-07 -0.10725E-06
  0.17100E+02  0.43248E-08  0.38076E-07 -0.11322E-06
  0.17400E+02 -0.12867E-09  0.35943E-07 -0.11842E-06
  0.17700E+02 -0.48702E-08  0.33307E-07 -0.12277E-06
  0.18000E+02 -0.98575E-08  0.30177E-07 -0.12618E-06
  0.18300E+02 -0.15043E-07  0.26566E-07 -0.12861E-06
  0.18600E+02 -0.20374E-07  0.22491E-07 -0.12999E-06
  0.18900E+02 -0.25795E-07  0.17974E-07 -0.13027E-06
  0.19200E+02 -0.31250E-07  0.13040E-07 -0.12942E-06
  0.19500E+02 -0.36677E-07  0.77196E-08 -0.12741E-06
  0.19800E+02 -0.42018E-07  0.20494E-08 -0.12422E-06
  0.20100E+02 -0.47215E-07 -0.39293E-08 -0.11983E-06
  0.20400E+02 -0.52207E-07 -0.10169E-07 -0.11424E-06
  0.20700E+02 -0.56939E-07 -0.16617E-07 -0.10748E-06
  0.21000E+02 -0.61351E-07 -0.23216E-07 -0.99558E-07
  0.21300E+02 -0.65388E-07 -0.29904E-07 -0.90529E-07
  0.21600E+02 -0.68994E-07 -0.36617E-07 -0.80445E-07
  0.21900E+02 -0.72121E-07 -0.43290E-07 -0.69373E-07
  0.22200E+02 -0.74724E-07 -0.49858E-07 -0.57394E-07
  0.22500E+02 -0.76767E-07 -0.56255E-07 -0.44600E-07
  0.22800E+02 -0.78220E-07 -0.62419E-07 -0.31091E-07
  0.23100E+02 -0.79058E-07 -0.68289E-07 -0.16975E-07
  0.23400E+02 -0.79259E-07 -0.73803E-07 -0.23661E-08
  0.23700E+02 -0.78804E-07 -0.78905E-07  0.12617E-07
  0.24000E+02 -0.77677E-07 -0.83539E-07  0.27850E-07
  0.24300E+02 -0.75872E-07 -0.87649E-07  0.43199E-07
  0.24600E+02 -0.73389E-07 -0.91186E-07  0.58525E-07
  0.24900E+02 -0.70242E-07 -0.94103E-07  0.73687E-07
  0.25200E+02 -0.66457E-07 -0.96359E-07  0.88546E-07
  0.25500E+02 -0.62074E-07 -0.97924E-07  0.10297E-06
  0.25800E+02 -0.57145E-07 -0.98772E-07  0.11683E-06
  0.26100E+02 -0.51733E-07 -0.98886E-07  0.13003E-06
  0.26400E+02 -0.45883E-07 -0.98249E-07  0.14239E-06
  0.26700E+02 -0.39570E-07 -0.96843E-07  0.15366E-06
  0.27000E+02 -0.32608E-07 -0.94630E-07  0.16339E-06
  0.27300E+02 -0.24591E-07 -0.91544E-07  0.17099E-06
  0.27600E+02 -0.15005E-07 -0.87500E-07  0.17602E-06
  0.27900E+02 -0.35004E-08 -0.82423E-07  0.17843E-06
  0.28200E+02  0.99140E-08 -0.76279E-07  0.17853E-06
  0.28500E+02  0.24870E-07 -0.69078E-07  0.17674E-06
  0.28800E+02  0.40753E-07 -0.60869E-07  0.17353E-06
  0.29100E+02  0.56821E-07 -0.51727E-07  0.16938E-06
  0.29400E+02  0.72302E-07 -0.41741E-07  0.16483E-06
  0.29700E+02  0.86474E-07 -0.30996E-07  0.16031E-06
  0.30000E+02  0.98715E-07 -0.19568E-07  0.15620E-06
  0.30300E+02  0.10850E-06 -0.75291E-08  0.15278E-06
  0.30600E+02  0.11536E-06  0.50451E-08  0.15030E-06
  0.30900E+02  0.11896E-06  0.18077E-07  0.14890E-06
  0.31200E+02  0.11908E-06  0.31488E-07  0.14856E-06
  0.31500E+02  0.11569E-06  0.45200E-07  0.14924E-06
  0.31800E+02  0.10894E-06  0.59126E-07  0.15095E-06
  0.32100E+02  0.98987E-07  0.73165E-07  0.15370E-06
  0.32400E+02  0.86043E-07  0.87202E-07  0.15755E-06
  0.32700E+02  0.70271E-07  0.10110E-06  0.16250E-06
  0.33000E+02  0.51791E-07  0.11471E-06  0.16847E-06
  0.33300E+02  0.30681E-07  0.12784E-06  0.17526E-06
  0.33600E+02  0.70284E-08  0.14031E-06  0.18250E-06
  0.33900E+02 -0.18996E-07  0.15189E-06  0.18972E-06
  0.34200E+02 -0.47074E-07  0.16238E-06  0.19636E-06
  0.34500E+02 -0.76702E-07  0.17154E-06  0.20177E-06
  0.34800E+02 -0.10720E-06  0.17914E-06  0.20523E-06
  0.35100E+02 -0.13776E-06  0.18494E-06  0.20602E-06
  0.35400E+02 -0.16748E-06  0.18873E-06  0.20345E-06
  0.35700E+02 -0.19538E-06  0.19030E-06  0.19686E-06
  0.36000E+02 -0.22039E-06  0.18948E-06  0.18563E-06
  0.36300E+02 -0.24149E-06  0.18612E-06  0.16927E-06
  0.36600E+02 -0.25768E-06  0.18012E-06  0.14739E-06
  0.36900E+02 -0.26810E-06  0.17140E-06  0.11974E-06
  0.37200E+02 -0.27203E-06  0.15997E-06  0.86208E-07
  0.37500E+02 -0.26898E-06  0.14583E-06  0.46885E-07
  0.37800E+02 -0.25862E-06  0.12908E-06  0.20433E-08
  0.38100E+02 -0.24090E-06  0.10985E-06 -0.47874E-07
  0.38400E+02 -0.21596E-06  0.88298E-07 -0.10226E-06
  0.38700E+02 -0.18419E-06  0.64636E-07 -0.16037E-06
  0.39000E+02 -0.14620E-06  0.39108E-07 -0.22135E-06
  0.39300E+02 -0.10275E-06  0.11997E-07 -0.28426E-06
  0.39600E+02 -0.54802E-07 -0.16373E-07 -0.34805E-06
  0.39900E+02 -0.34485E-08 -0.45647E-07 -0.41159E-06
  0.40200E+02  0.50139E-07 -0.75442E-07 -0.47380E-06
  0.40500E+02  0.10473E-06 -0.10536E-06 -0.53360E-06
  0.40800E+02  0.15910E-06 -0.13499E-06 -0.58999E-06
  0.41100E+02  0.21205E-06 -0.16392E-06 -0.64207E-06
  0.41400E+02  0.26243E-06 -0.19175E-06 -0.68906E-06
  0.41700E+02  0.30922E-06 -0.21811E-06 -0.73031E-06
  0.42000E+02  0.35148E-06 -0.24265E-06 -0.76529E-06
  0.42300E+02  0.38843E-06 -0.26503E-06 -0.79359E-06
  0.42600E+02  0.41942E-06 -0.28499E-06 -0.81491E-06
  0.42900E+02  0.44400E-06 -0.30227E-06 -0.82907E-06
  0.43200E+02  0.46186E-06 -0.31663E-06 -0.83601E-06
  0.43500E+02  0.47280E-06 -0.32786E-06 -0.83579E-06
  0.43800E+02  0.47670E-06 -0.33574E-06 -0.82849E-06
  0.44100E+02  0.47350E-06 -0.34004E-06 -0.81413E-06
  0.44400E+02  0.46323E-06 -0.34051E-06 -0.79257E-06
  0.44700E+02  0.44600E-06 -0.33691E-06 -0.76339E-06
  0.45000E+02  0.42208E-06 -0.32900E-06 -0.72589E-06
  0.45300E+02  0.39184E-06 -0.31659E-06 -0.67923E-06
  0.45600E+02  0.35569E-06 -0.29972E-06 -0.62255E-06
  0.45900E+02  0.31397E-06 -0.27877E-06 -0.55514E-06
  0.46200E+02  0.26687E-06 -0.25465E-06 -0.47667E-06
  0.46500E+02  0.21444E-06 -0.22907E-06 -0.38728E-06
  0.46800E+02  0.15676E-06 -0.20445E-06 -0.28765E-06
  0.47100E+02  0.94182E-07 -0.18312E-06 -0.17896E-06
  0.47400E+02  0.27468E-07 -0.16654E-06 -0.62758E-07
  0.47700E+02 -0.42359E-07 -0.15506E-06  0.59329E-07
  0.48000E+02 -0.11428E-06 -0.14824E-06  0.18568E-06
  0.48300E+02 -0.18739E-06 -0.14514E-06  0.31465E-06
  0.48600E+02 -0.26087E-06 -0.14468E-06  0.44449E-06
  0.48900E+02 -0.33382E-06 -0.14582E-06  0.57329E-06
  0.49200E+02 -0.40509E-06 -0.14770E-06  0.69905E-06
  0.49500E+02 -0.47311E-06 -0.14980E-06  0.81994E-06
  0.49800E+02 -0.53612E-06 -0.15223E-06  0.93447E-06
  0.50100E+02 -0.59221E-06 -0.15548E-06  0.10416E-05
  0.50400E+02 -0.63936E-06 -0.16018E-06  0.11406E-05
  0.50700E+02 -0.67566E-06 -0.16722E-06  0.12309E-05
  0.51000E+02 -0.69988E-06 -0.17772E-06  0.13119E-05
  0.51300E+02 -0.71156E-06 -0.19256E-06  0.13830E-05
  0.51600E+02 -0.71062E-06 -0.21182E-06  0.14432E-05
  0.51900E+02 -0.69708E-06 -0.23446E-06  0.14915E-05
  0.52200E+02 -0.67114E-06 -0.25847E-06  0.15270E-05
  0.52500E+02 -0.63346E-06 -0.28120E-06  0.15487E-05
  0.52800E+02 -0.58520E-06 -0.29978E-06  0.15558E-05
  0.53100E+02 -0.52791E-06 -0.31134E-06  0.15479E-05
  0.53400E+02 -0.46321E-06 -0.31304E-06  0.15245E-05
  0.53700E+02 -0.39269E-06 -0.30201E-06  0.14853E-05
  0.54000E+02 -0.31766E-06 -0.27531E-06  0.14303E-05
  0.54300E+02 -0.23910E-06 -0.23014E-06  0.13602E-05
  0.54600E+02 -0.15767E-06 -0.16407E-06  0.12757E-05
  0.54900E+02 -0.73855E-07 -0.75137E-07  0.11782E-05
  0.55200E+02  0.11753E-07  0.38056E-07  0.10692E-05
  0.55500E+02  0.98389E-07  0.17629E-06  0.95034E-06
  0.55800E+02  0.18504E-06  0.33960E-06  0.82369E-06
  0.56100E+02  0.27053E-06  0.52715E-06  0.69136E-06
  0.56400E+02  0.35369E-06  0.73706E-06  0.55566E-06
  0.56700E+02  0.43365E-06  0.96645E-06  0.41897E-06
  0.57000E+02  0.51002E-06  0.12114E-05  0.28354E-06
  0.57300E+02  0.58281E-06  0.14673E-05  0.15137E-06
  0.57600E+02  0.65247E-06  0.17284E-05  0.24172E-07
  0.57900E+02  0.71973E-06  0.19888E-05 -0.96690E-07
  0.58200E+02  0.78555E-06  0.22419E-05 -0.21018E-06
  0.58500E+02  0.85086E-06  0.24813E-05 -0.31569E-06
  0.58800E+02  0.91643E-06  0.27007E-05 -0.41308E-06
  0.59100E+02  0.98267E-06  0.28943E-05 -0.50269E-06
  0.59400E+02  0.10496E-05  0.30566E-05 -0.58522E-06
  0.59700E+02  0.11168E-05  0.31833E-05 -0.66146E-06
  0.60000E+02  0.11832E-05  0.32704E-05 -0.73227E-06
  0.60300E+02  0.12473E-05  0.33152E-05 -0.79846E-06
  0.60600E+02  0.13072E-05  0.33156E-05 -0.86093E-06
  0.60900E+02  0.13605E-05  0.32707E-05 -0.92065E-06
  0.61200E+02  0.14047E-05  0.31802E-05 -0.97863E-06
  0.61500E+02  0.14374E-05  0.30446E-05 -0.10358E-05
  0.61800E+02  0.14560E-05  0.28649E-05 -0.10929E-05
  0.62100E+02  0.14582E-05  0.26430E-05 -0.11502E-05
  0.62400E+02  0.14421E-05  0.23808E-05 -0.12075E-05
  0.62700E+02  0.14063E-05  0.20807E-05 -0.12639E-05
  0.63000E+02  0.13497E-05  0.17449E-05 -0.13185E-05
  0.63300E+02  0.12719E-05  0.13761E-05 -0.13698E-05
  0.63600E+02  0.11731E-05  0.97703E-06 -0.14164E-05
  0.63900E+02  0.10544E-05  0.55036E-06 -0.14569E-05
  0.64200E+02  0.91727E-06  0.99138E-07 -0.14899E-05
  0.64500E+02  0.76362E-06 -0.37339E-06 -0.15147E-05
  0.64800E+02  0.59549E-06 -0.86359E-06 -0.15310E-05
  0.65100E+02  0.41496E-06 -0.13674E-05 -0.15390E-05
  0.65400E+02  0.22393E-06 -0.18800E-05 -0.15396E-05
  0.65700E+02  0.24108E-07 -0.23964E-05 -0.15338E-05
  0.66000E+02 -0.18309E-06 -0.29106E-05 -0.15231E-05
  0.66300E+02 -0.39652E-06 -0.34165E-05 -0.15089E-05
  0.66600E+02 -0.61531E-06 -0.39076E-05 -0.14929E-05
  0.66900E+02 -0.83878E-06 -0.43770E-05 -0.14762E-05
  0.67200E+02 -0.10663E-05 -0.48183E-05 -0.14596E-05
  0.67500E+02 -0.12972E-05 -0.52250E-05 -0.14435E-05
  0.67800E+02 -0.15306E-05 -0.55912E-05 -0.14276E-05
  0.68100E+02 -0.17654E-05 -0.59115E-05 -0.14114E-05
  0.68400E+02 -0.20000E-05 -0.61812E-05 -0.13935E-05
  0.68700E+02 -0.22325E-05 -0.63961E-05 -0.13723E-05
  0.69000E+02 -0.24605E-05 -0.65530E-05 -0.13455E-05
  0.69300E+02 -0.26813E-05 -0.66491E-05 -0.13107E-05
  0.69600E+02 -0.28914E-05 -0.66827E-05 -0.12651E-05
  0.69900E+02 -0.30873E-05 -0.66524E-05 -0.12065E-05
  0.70200E+02 -0.32646E-05 -0.65579E-05 -0.11329E-05
  0.70500E+02 -0.34192E-05 -0.63992E-05 -0.10429E-05
  0.70800E+02 -0.35467E-05 -0.61771E-05 -0.93581E-06
  0.71100E+02 -0.36434E-05 -0.58932E-05 -0.81173E-06
  0.71400E+02 -0.37058E-05 -0.55496E-05 -0.67148E-06
  0.71700E+02 -0.37314E-05 -0.51490E-05 -0.51649E-06
  0.72000E+02 -0.37183E-05 -0.46950E-05 -0.34868E-06
  0.72300E+02 -0.36654E-05 -0.41915E-05 -0.17019E-06
  0.72600E+02 -0.35726E-05 -0.36433E-05  0.16780E-07
  0.72900E+02 -0.34400E-05 -0.30553E-05  0.21018E-06
  0.73200E+02 -0.32686E-05 -0.24329E-05  0.40814E-06
  0.73500E+02 -0.30598E-05 -0.17821E-05  0.60903E-06
  0.73800E+02 -0.28155E-05 -0.11088E-05  0.81141E-06
  0.74100E+02 -0.25382E-05 -0.41931E-06  0.10141E-05
  0.74400E+02 -0.22306E-05  0.28015E-06  0.12158E-05
  0.74700E+02 -0.18957E-05  0.98313E-06  0.14157E-05
  0.75000E+02 -0.15367E-05  0.16833E-05  0.16126E-05
  0.75300E+02 -0.11568E-05  0.23742E-05  0.18053E-05
  0.75600E+02 -0.75898E-06  0.30497E-05  0.19926E-05
  0.75900E+02 -0.34646E-06  0.37035E-05  0.21727E-05
  0.76200E+02  0.77745E-07  0.43294E-05  0.23440E-05
  0.76500E+02  0.51051E-06  0.49215E-05  0.25045E-05
  0.76800E+02  0.94848E-06  0.54738E-05  0.26520E-05
  0.77100E+02  0.13879E-05  0.59810E-05  0.27844E-05
  0.77400E+02  0.18245E-05  0.64381E-05  0.28995E-05
  0.77700E+02  0.22538E-05  0.68406E-05  0.29955E-05
  0.78000E+02  0.26707E-05  0.71849E-05  0.30708E-05
  0.78300E+02  0.30701E-05  0.74679E-05  0.31245E-05
  0.78600E+02  0.34469E-05  0.76873E-05  0.31559E-05
  0.78900E+02  0.37964E-05  0.78416E-05  0.31649E-05
  0.79200E+02  0.41143E-05  0.79297E-05  0.31520E-05
  0.79500E+02  0.43971E-05  0.79514E-05  0.31175E-05
  0.79800E+02  0.46419E-05  0.79071E-05  0.30620E-05
  0.80100E+02  0.48464E-05  0.77977E-05  0.29863E-05
  0.80400E+02  0.50088E-05  0.76249E-05  0.28908E-05
  0.80700E+02  0.51279E-05  0.73907E-05  0.27759E-05
  0.81000E+02  0.52028E-05  0.70980E-05  0.26420E-05
  0.81300E+02  0.52328E-05  0.67499E-05  0.24894E-05
  0.81600E+02  0.52178E-05  0.63502E-05  0.23185E-05
  0.81900E+02  0.51577E-05  0.59030E-05  0.21301E-05
  0.82200E+02  0.50528E-05  0.54129E-05  0.19251E-05
  0.82500E+02  0.49042E-05  0.48845E-05  0.17049E-05
  0.82800E+02  0.47130E-05  0.43230E-05  0.14713E-05
  0.83100E+02  0.44812E-05  0.37335E-05  0.12263E-05
  0.83400E+02  0.42112E-05  0.31214E-05  0.97224E-06
  0.83700E+02  0.39059E-05  0.24921E-05  0.71161E-06
  0.84000E+02  0.35688E-05  0.18512E-05  0.44690E-06
  0.84300E+02  0.32034E-05  0.12045E-05  0.18059E-06
  0.84600E+02  0.28138E-05  0.55770E-06 -0.84947E-07
  0.84900E+02  0.24041E-05 -0.83474E-07 -0.34744E-06
  0.85200E+02  0.19785E-05 -0.71331E-06 -0.60476E-06
  0.85500E+02  0.15411E-05 -0.13263E-05 -0.85487E-06
  0.85800E+02  0.10962E-05 -0.19171E-05 -0.10959E-05
  0.86100E+02  0.64820E-06 -0.24808E-05 -0.13262E-05
  0.86400E+02  0.20125E-06 -0.30129E-05 -0.15442E-05
  0.86700E+02 -0.24036E-06 -0.35095E-05 -0.17487E-05
  0.87000E+02 -0.67253E-06 -0.39671E-05 -0.19387E-05
  0.87300E+02 -0.10914E-05 -0.43827E-05 -0.21134E-05
  0.87600E+02 -0.14933E-05 -0.47537E-05 -0.22720E-05
  0.87900E+02 -0.18748E-05 -0.50782E-05 -0.24139E-05
  0.88200E+02 -0.22326E-05 -0.53548E-05 -0.25385E-05
  0.88500E+02 -0.25638E-05 -0.55824E-05 -0.26452E-05
  0.88800E+02 -0.28656E-05 -0.57606E-05 -0.27337E-05
  0.89100E+02 -0.31356E-05 -0.58895E-05 -0.28036E-05
  0.89400E+02 -0.33718E-05 -0.59694E-05 -0.28548E-05
  0.89700E+02 -0.35727E-05 -0.60011E-05 -0.28874E-05
  0.90000E+02 -0.37370E-05 -0.59859E-05 -0.29015E-05
  0.90300E+02 -0.38641E-05 -0.59252E-05 -0.28977E-05
  0.90600E+02 -0.39537E-05 -0.58208E-05 -0.28765E-05
  0.90900E+02 -0.40059E-05 -0.56746E-05 -0.28388E-05
  0.91200E+02 -0.40214E-05 -0.54891E-05 -0.27855E-05
  0.91500E+02 -0.40014E-05 -0.52668E-05 -0.27180E-05
  0.91800E+02 -0.39473E-05 -0.50106E-05 -0.26373E-05
  0.92100E+02 -0.38612E-05 -0.47237E-05 -0.25448E-05
  0.92400E+02 -0.37454E-05 -0.44097E-05 -0.24416E-05
  0.92700E+02 -0.36024E-05 -0.40723E-05 -0.23290E-05
  0.93000E+02 -0.34346E-05 -0.37153E-05 -0.22082E-05
  0.93300E+02 -0.32448E-05 -0.33429E-05 -0.20803E-05
  0.93600E+02 -0.30356E-05 -0.29590E-05 -0.19466E-05
  0.93900E+02 -0.28100E-05 -0.25677E-05 -0.18081E-05
  0.94200E+02 -0.25706E-05 -0.21731E-05 -0.16659E-05
  0.94500E+02 -0.23205E-05 -0.17787E-05 -0.15213E-05
  0.94800E+02 -0.20628E-05 -0.13882E-05 -0.13752E-05
  0.95100E+02 -0.18004E-05 -0.10049E-05 -0.12287E-05
  0.95400E+02 -0.15365E-05 -0.63179E-06 -0.10827E-05
  0.95700E+02 -0.12739E-05 -0.27158E-06 -0.93805E-06
  0.96000E+02 -0.10157E-05  0.73276E-07 -0.79538E-06
  0.96300E+02 -0.76439E-06  0.40060E-06 -0.65524E-06
  0.96600E+02 -0.52263E-06  0.70848E-06 -0.51799E-06
  0.96900E+02 -0.29281E-06  0.99526E-06 -0.38392E-06
  0.97200E+02 -0.77134E-07  0.12595E-05 -0.25325E-06
  0.97500E+02  0.12240E-06  0.15001E-05 -0.12616E-06
  0.97800E+02  0.30405E-06  0.17161E-05 -0.28640E-08
  0.98100E+02  0.46640E-06  0.19068E-05  0.11639E-06
  0.98400E+02  0.60837E-06  0.20716E-05  0.23133E-06
  0.98700E+02  0.72930E-06  0.22103E-05  0.34165E-06
  0.99000E+02  0.82891E-06  0.23229E-05  0.44707E-06
  0.99300E+02  0.90736E-06  0.24093E-05  0.54732E-06
  0.99600E+02  0.96513E-06  0.24702E-05  0.64219E-06
  0.99900E+02  0.10030E-05  0.25059E-05  0.73157E-06
  0.10020E+03  0.10222E-05  0.25176E-05  0.81541E-06
  0.10050E+03  0.10239E-05  0.25062E-05  0.89375E-06
  0.10080E+03  0.10095E-05  0.24733E-05  0.96671E-06
  0.10110E+03  0.98068E-06  0.24207E-05  0.10344E-05
  0.10140E+03  0.93890E-06  0.23502E-05  0.10971E-05
  0.10170E+03  0.88590E-06  0.22641E-05  0.11548E-05
  0.10200E+03  0.82344E-06  0.21647E-05  0.12078E-05
  0.10230E+03  0.75334E-06  0.20543E-05  0.12559E-05
  0.10260E+03  0.67745E-06  0.19351E-05  0.12994E-05
  0.10290E+03  0.59768E-06  0.18094E-05  0.13383E-05
  0.10320E+03  0.51593E-06  0.16791E-05  0.13726E-05
  0.10350E+03  0.43408E-06  0.15462E-05  0.14027E-05
  0.10380E+03  0.35400E-06  0.14123E-05  0.14287E-05
  0.10410E+03  0.27748E-06  0.12790E-05  0.14509E-05
  0.10440E+03  0.20620E-06  0.11475E-05  0.14695E-05
  0.10470E+03  0.14170E-06  0.10193E-05  0.14848E-05
  0.10500E+03  0.85344E-07  0.89526E-06  0.14969E-05
  0.10530E+03  0.38324E-07  0.77665E-06  0.15060E-05
  0.10560E+03  0.16450E-08  0.66446E-06  0.15122E-05
  0.10590E+03 -0.23866E-07  0.55964E-06  0.15156E-05
  0.10620E+03 -0.37570E-07  0.46309E-06  0.15163E-05
  0.10650E+03 -0.39035E-07  0.37557E-06  0.15143E-05
  0.10680E+03 -0.28061E-07  0.29774E-06  0.15097E-05
  0.10710E+03 -0.46787E-08  0.23003E-06  0.15026E-05
  0.10740E+03  0.30870E-07  0.17270E-06  0.14932E-05
  0.10770E+03  0.78166E-07  0.12576E-06  0.14814E-05
  0.10800E+03  0.13666E-06  0.89033E-07  0.14674E-05
  0.10830E+03  0.20570E-06  0.62128E-07  0.14512E-05
  0.10860E+03  0.28456E-06  0.44460E-07  0.14329E-05
  0.10890E+03  0.37247E-06  0.35278E-07  0.14124E-05
  0.10920E+03  0.46854E-06  0.33706E-07  0.13895E-05
  0.10950E+03  0.57173E-06  0.38797E-07  0.13639E-05
  0.10980E+03  0.68082E-06  0.49581E-07  0.13352E-05
  0.11010E+03  0.79436E-06  0.65108E-07  0.13027E-05
  0.11040E+03  0.91064E-06  0.84477E-07  0.12660E-05
  0.11070E+03  0.10278E-05  0.10685E-06  0.12245E-05
  0.11100E+03  0.11438E-05  0.13144E-06  0.11777E-05
  0.11130E+03  0.12566E-05  0.15755E-06  0.11252E-05
  0.11160E+03  0.13642E-05  0.18447E-06  0.10666E-05
  0.11190E+03  0.14649E-05  0.21155E-06  0.10016E-05
  0.11220E+03  0.15568E-05  0.23811E-06  0.92986E-06
  0.11250E+03  0.16386E-05  0.26346E-06  0.85106E-06
  0.11280E+03  0.17088E-05  0.28690E-06  0.76508E-06
  0.11310E+03  0.17664E-05  0.30773E-06  0.67193E-06
  0.11340E+03  0.18104E-05  0.32528E-06  0.57177E-06
  0.11370E+03  0.18400E-05  0.33893E-06  0.46495E-06
  0.11400E+03  0.18545E-05  0.34814E-06  0.35201E-06
  0.11430E+03  0.18536E-05  0.35243E-06  0.23363E-06
  0.11460E+03  0.18369E-05  0.35144E-06  0.11069E-06
  0.11490E+03  0.18043E-05  0.34488E-06 -0.15835E-07
  0.11520E+03  0.17557E-05  0.33258E-06 -0.14486E-06
  0.11550E+03  0.16911E-05  0.31450E-06 -0.27530E-06
  0.11580E+03  0.16107E-05  0.29068E-06 -0.40606E-06
  0.11610E+03  0.15147E-05  0.26129E-06 -0.53603E-06
  0.11640E+03  0.14034E-05  0.22659E-06 -0.66413E-06
  0.11670E+03  0.12772E-05  0.18693E-06 -0.78922E-06
  0.11700E+03  0.11370E-05  0.14271E-06 -0.91018E-06
  0.11730E+03  0.98391E-06  0.94355E-07 -0.10259E-05
  0.11760E+03  0.81932E-06  0.42296E-07 -0.11353E-05
  0.11790E+03  0.64503E-06 -0.13039E-07 -0.12374E-05
  0.11820E+03  0.46303E-06 -0.71209E-07 -0.13312E-05
  0.11850E+03  0.27544E-06 -0.13174E-06 -0.14159E-05
  0.11880E+03  0.84414E-07 -0.19412E-06 -0.14908E-05
  0.11910E+03 -0.10792E-06 -0.25777E-06 -0.15551E-05
  0.11940E+03 -0.29951E-06 -0.32210E-06 -0.16083E-05
  0.11970E+03 -0.48840E-06 -0.38647E-06 -0.16499E-05
  0.12000E+03 -0.67270E-06 -0.45024E-06 -0.16795E-05
  0.12030E+03 -0.85063E-06 -0.51278E-06 -0.16970E-05
  0.12060E+03 -0.10205E-05 -0.57345E-06 -0.17024E-05
  0.12090E+03 -0.11809E-05 -0.63166E-06 -0.16958E-05
  0.12120E+03 -0.13302E-05 -0.68681E-06 -0.16774E-05
  0.12150E+03 -0.14673E-05 -0.73840E-06 -0.16479E-05
  0.12180E+03 -0.15910E-05 -0.78594E-06 -0.16080E-05
  0.12210E+03 -0.17004E-05 -0.82905E-06 -0.15584E-05
  0.12240E+03 -0.17945E-05 -0.86740E-06 -0.15002E-05
  0.12270E+03 -0.18729E-05 -0.90074E-06 -0.14344E-05
  0.12300E+03 -0.19352E-05 -0.92885E-06 -0.13620E-05
  0.12330E+03 -0.19810E-05 -0.95160E-06 -0.12840E-05
  0.12360E+03 -0.20103E-05 -0.96888E-06 -0.12015E-05
  0.12390E+03 -0.20233E-05 -0.98064E-06 -0.11155E-05
  0.12420E+03 -0.20203E-05 -0.98685E-06 -0.10271E-05
  0.12450E+03 -0.20016E-05 -0.98750E-06 -0.93702E-06
  0.12480E+03 -0.19682E-05 -0.98260E-06 -0.84632E-06
  0.12510E+03 -0.19206E-05 -0.97218E-06 -0.75576E-06
  0.12540E+03 -0.18601E-05 -0.95632E-06 -0.66610E-06
  0.12570E+03 -0.17875E-05 -0.93514E-06 -0.57802E-06
  0.12600E+03 -0.17041E-05 -0.90884E-06 -0.49217E-06
  0.12630E+03 -0.16108E-05 -0.87768E-06 -0.40918E-06
  0.12660E+03 -0.15089E-05 -0.84201E-06 -0.32968E-06
  0.12690E+03 -0.13995E-05 -0.80222E-06 -0.25425E-06
  0.12720E+03 -0.12838E-05 -0.75879E-06 -0.18342E-06
  0.12750E+03 -0.11628E-05 -0.71219E-06 -0.11766E-06
  0.12780E+03 -0.10378E-05 -0.66292E-06 -0.57332E-07
  0.12810E+03 -0.91006E-06 -0.61143E-06 -0.26613E-08
  0.12840E+03 -0.78079E-06 -0.55816E-06  0.46246E-07
  0.12870E+03 -0.65129E-06 -0.50353E-06  0.89424E-07
  0.12900E+03 -0.52285E-06 -0.44788E-06  0.12702E-06
  0.12930E+03 -0.39675E-06 -0.39158E-06  0.15926E-06
  0.12960E+03 -0.27419E-06 -0.33494E-06  0.18644E-06
  0.12990E+03 -0.15629E-06 -0.27822E-06  0.20888E-06
  0.13020E+03 -0.44037E-07 -0.22168E-06  0.22695E-06
  0.13050E+03  0.61697E-07 -0.16554E-06  0.24104E-06
  0.13080E+03  0.16018E-06 -0.10999E-06  0.25159E-06
  0.13110E+03  0.25082E-06 -0.55178E-07  0.25907E-06
  0.13140E+03  0.33312E-06 -0.12413E-08  0.26397E-06
  0.13170E+03  0.40667E-06  0.51694E-07  0.26681E-06
  0.13200E+03  0.47114E-06  0.10350E-06  0.26817E-06
  0.13230E+03  0.52629E-06  0.15406E-06  0.26864E-06
  0.13260E+03  0.57201E-06  0.20324E-06  0.26881E-06
  0.13290E+03  0.60829E-06  0.25089E-06  0.26921E-06
  0.13320E+03  0.63527E-06  0.29684E-06  0.27028E-06
  0.13350E+03  0.65317E-06  0.34090E-06  0.27244E-06
  0.13380E+03  0.66235E-06  0.38285E-06  0.27601E-06
  0.13410E+03  0.66321E-06  0.42247E-06  0.28134E-06
  0.13440E+03  0.65629E-06  0.45952E-06  0.28875E-06
  0.13470E+03  0.64217E-06  0.49380E-06  0.29860E-06
  0.13500E+03  0.62153E-06  0.52512E-06  0.31128E-06
  0.13530E+03  0.59514E-06  0.55331E-06  0.32719E-06
  0.13560E+03  0.56378E-06  0.57824E-06  0.34674E-06
  0.13590E+03  0.52832E-06  0.59981E-06  0.37028E-06
  0.13620E+03  0.48964E-06  0.61798E-06  0.39810E-06
  0.13650E+03  0.44866E-06  0.63276E-06  0.43032E-06
  0.13680E+03  0.40630E-06  0.64421E-06  0.46694E-06
  0.13710E+03  0.36346E-06  0.65242E-06  0.50780E-06
  0.13740E+03  0.32101E-06  0.65746E-06  0.55259E-06
  0.13770E+03  0.27978E-06  0.65941E-06  0.60079E-06
  0.13800E+03  0.24056E-06  0.65833E-06  0.65173E-06
  0.13830E+03  0.20409E-06  0.65424E-06  0.70456E-06
  0.13860E+03  0.17103E-06  0.64720E-06  0.75833E-06
  0.13890E+03  0.14199E-06  0.63728E-06  0.81200E-06
  0.13920E+03  0.11742E-06  0.62456E-06  0.86456E-06
  0.13950E+03  0.97703E-07  0.60917E-06  0.91499E-06
  0.13980E+03  0.83071E-07  0.59126E-06  0.96236E-06
  0.14010E+03  0.73656E-07  0.57103E-06  0.10058E-05
  0.14040E+03  0.69476E-07  0.54868E-06  0.10446E-05
  0.14070E+03  0.70451E-07  0.52450E-06  0.10780E-05
  0.14100E+03  0.76422E-07  0.49879E-06  0.11055E-05
  0.14130E+03  0.87181E-07  0.47187E-06  0.11264E-05
  0.14160E+03  0.10251E-06  0.44408E-06  0.11405E-05
  0.14190E+03  0.12218E-06  0.41573E-06  0.11473E-05
  0.14220E+03  0.14598E-06  0.38710E-06  0.11465E-05
  0.14250E+03  0.17370E-06  0.35842E-06  0.11380E-05
  0.14280E+03  0.20513E-06  0.32991E-06  0.11218E-05
  0.14310E+03  0.24005E-06  0.30172E-06  0.10978E-05
  0.14340E+03  0.27826E-06  0.27398E-06  0.10661E-05
  0.14370E+03  0.31957E-06  0.24677E-06  0.10270E-05
  0.14400E+03  0.36375E-06  0.22014E-06  0.98065E-06
  0.14430E+03  0.41049E-06  0.19412E-06  0.92736E-06
  0.14460E+03  0.45933E-06  0.16872E-06  0.86751E-06
  0.14490E+03  0.50966E-06  0.14393E-06  0.80150E-06
  0.14520E+03  0.56068E-06  0.11976E-06  0.72980E-06
  0.14550E+03  0.61143E-06  0.96237E-07  0.65293E-06
  0.14580E+03  0.66085E-06  0.73419E-07  0.57145E-06
  0.14610E+03  0.70781E-06  0.51385E-07  0.48603E-06
  0.14640E+03  0.75120E-06  0.30247E-07  0.39736E-06
  0.14670E+03  0.78990E-06  0.10138E-07  0.30613E-06
  0.14700E+03  0.82289E-06 -0.87991E-08  0.21305E-06
  0.14730E+03  0.84919E-06 -0.26423E-07  0.11875E-06
  0.14760E+03  0.86795E-06 -0.42617E-07  0.23732E-07
  0.14790E+03  0.87847E-06 -0.57299E-07 -0.71553E-07
  0.14820E+03  0.88022E-06 -0.70437E-07 -0.16675E-06
  0.14850E+03  0.87286E-06 -0.82049E-07 -0.26155E-06
  0.14880E+03  0.85624E-06 -0.92201E-07 -0.35564E-06
  0.14910E+03  0.83037E-06 -0.10100E-06 -0.44872E-06
  0.14940E+03  0.79545E-06 -0.10857E-06 -0.54048E-06
  0.14970E+03  0.75179E-06 -0.11509E-06 -0.63058E-06
  0.15000E+03  0.69985E-06 -0.12076E-06 -0.71869E-06
  0.15030E+03  0.64020E-06 -0.12578E-06 -0.80443E-06
  0.15060E+03  0.57344E-06 -0.13039E-06 -0.88737E-06
  0.15090E+03  0.50022E-06 -0.13480E-06 -0.96709E-06
  0.15120E+03  0.42119E-06 -0.13920E-06 -0.10431E-05
  0.15150E+03  0.33697E-06 -0.14375E-06 -0.11149E-05
  0.15180E+03  0.24819E-06 -0.14855E-06 -0.11820E-05
  0.15210E+03  0.15550E-06 -0.15368E-06 -0.12438E-05
  0.15240E+03  0.59597E-07 -0.15917E-06 -0.12998E-05
  0.15270E+03 -0.38741E-07 -0.16503E-06 -0.13495E-05
  0.15300E+03 -0.13864E-06 -0.17127E-06 -0.13924E-05
  0.15330E+03 -0.23911E-06 -0.17785E-06 -0.14278E-05
  0.15360E+03 -0.33911E-06 -0.18476E-06 -0.14555E-05
  0.15390E+03 -0.43753E-06 -0.19197E-06 -0.14748E-05
  0.15420E+03 -0.53324E-06 -0.19948E-06 -0.14854E-05
  0.15450E+03 -0.62515E-06 -0.20729E-06 -0.14869E-05
  0.15480E+03 -0.71226E-06 -0.21542E-06 -0.14789E-05
  0.15510E+03 -0.79365E-06 -0.22389E-06 -0.14611E-05
  0.15540E+03 -0.86852E-06 -0.23270E-06 -0.14336E-05
  0.15570E+03 -0.93616E-06 -0.24183E-06 -0.13965E-05
  0.15600E+03 -0.99602E-06 -0.25120E-06 -0.13501E-05
  0.15630E+03 -0.10476E-05 -0.26071E-06 -0.12950E-05
  0.15660E+03 -0.10904E-05 -0.27019E-06 -0.12319E-05
  0.15690E+03 -0.11241E-05 -0.27946E-06 -0.11615E-05
  0.15720E+03 -0.11482E-05 -0.28833E-06 -0.10848E-05
  0.15750E+03 -0.11623E-05 -0.29661E-06 -0.10026E-05
  0.15780E+03 -0.11660E-05 -0.30416E-06 -0.91581E-06
  0.15810E+03 -0.11591E-05 -0.31087E-06 -0.82513E-06
  0.15840E+03 -0.11415E-05 -0.31669E-06 -0.73122E-06
  0.15870E+03 -0.11129E-05 -0.32159E-06 -0.63462E-06
  0.15900E+03 -0.10736E-05 -0.32557E-06 -0.53574E-06
  0.15930E+03 -0.10236E-05 -0.32865E-06 -0.43494E-06
  0.15960E+03 -0.96351E-06 -0.33087E-06 -0.33250E-06
  0.15990E+03 -0.89382E-06 -0.33222E-06 -0.22871E-06
  0.16020E+03 -0.81535E-06 -0.33274E-06 -0.12389E-06
  0.16050E+03 -0.72912E-06 -0.33242E-06 -0.18413E-07
  0.16080E+03 -0.63634E-06 -0.33129E-06  0.87301E-07
  0.16110E+03 -0.53831E-06 -0.32937E-06  0.19280E-06
  0.16140E+03 -0.43647E-06 -0.32667E-06  0.29760E-06
  0.16170E+03 -0.33222E-06 -0.32321E-06  0.40122E-06
  0.16200E+03 -0.22697E-06 -0.31898E-06  0.50315E-06
  0.16230E+03 -0.12205E-06 -0.31394E-06  0.60286E-06
  0.16260E+03 -0.18732E-07 -0.30802E-06  0.69981E-06
  0.16290E+03  0.81762E-07 -0.30109E-06  0.79338E-06
  0.16320E+03  0.17823E-06 -0.29294E-06  0.88288E-06
  0.16350E+03  0.26947E-06 -0.28333E-06  0.96755E-06
  0.16380E+03  0.35421E-06 -0.27201E-06  0.10465E-05
  0.16410E+03  0.43120E-06 -0.25873E-06  0.11189E-05
  0.16440E+03  0.49917E-06 -0.24327E-06  0.11838E-05
  0.16470E+03  0.55698E-06 -0.22549E-06  0.12403E-05
  0.16500E+03  0.60362E-06 -0.20533E-06  0.12876E-05
  0.16530E+03  0.63830E-06 -0.18285E-06  0.13252E-05
  0.16560E+03  0.66052E-06 -0.15818E-06  0.13525E-05
  0.16590E+03  0.67006E-06 -0.13151E-06  0.13692E-05
  0.16620E+03  0.66703E-06 -0.10313E-06  0.13752E-05
  0.16650E+03  0.65183E-06 -0.73335E-07  0.13707E-05
  0.16680E+03  0.62516E-06 -0.42436E-07  0.13558E-05
  0.16710E+03  0.58798E-06 -0.10732E-07  0.13309E-05
  0.16740E+03  0.54146E-06  0.21512E-07  0.12967E-05
  0.16770E+03  0.48692E-06  0.54068E-07  0.12536E-05
  0.16800E+03  0.42580E-06  0.86743E-07  0.12023E-05
  0.16830E+03  0.35957E-06  0.11938E-06  0.11435E-05
  0.16860E+03  0.28967E-06  0.15182E-06  0.10777E-05
  0.16890E+03  0.21748E-06  0.18394E-06  0.10057E-05
  0.16920E+03  0.14427E-06  0.21559E-06  0.92794E-06
  0.16950E+03  0.71223E-07  0.24661E-06  0.84499E-06
  0.16980E+03 -0.57904E-09  0.27683E-06  0.75739E-06
  0.17010E+03 -0.70134E-07  0.30606E-06  0.66569E-06
  0.17040E+03 -0.13650E-06  0.33409E-06  0.57047E-06
  0.17070E+03 -0.19877E-06  0.36071E-06  0.47239E-06
  0.17100E+03 -0.25609E-06  0.38570E-06  0.37214E-06
  0.17130E+03 -0.30765E-06  0.40887E-06  0.27051E-06
  0.17160E+03 -0.35275E-06  0.43005E-06  0.16836E-06
  0.17190E+03 -0.39083E-06  0.44914E-06  0.66623E-07
  0.17220E+03 -0.42143E-06  0.46605E-06 -0.33746E-07
  0.17250E+03 -0.44428E-06  0.48076E-06 -0.13175E-06
  0.17280E+03 -0.45921E-06  0.49325E-06 -0.22643E-06
  0.17310E+03 -0.46615E-06  0.50349E-06 -0.31684E-06
  0.17340E+03 -0.46516E-06  0.51145E-06 -0.40217E-06
  0.17370E+03 -0.45640E-06  0.51705E-06 -0.48169E-06
  0.17400E+03 -0.44014E-06  0.52021E-06 -0.55486E-06
  0.17430E+03 -0.41679E-06  0.52079E-06 -0.62129E-06
  0.17460E+03 -0.38684E-06  0.51866E-06 -0.68073E-06
  0.17490E+03 -0.35087E-06  0.51371E-06 -0.73305E-06
  0.17520E+03 -0.30948E-06  0.50581E-06 -0.77822E-06
  0.17550E+03 -0.26330E-06  0.49486E-06 -0.81628E-06
  0.17580E+03 -0.21296E-06  0.48082E-06 -0.84733E-06
  0.17610E+03 -0.15911E-06  0.46364E-06 -0.87147E-06
  0.17640E+03 -0.10239E-06  0.44336E-06 -0.88884E-06
  0.17670E+03 -0.43489E-07  0.42005E-06 -0.89958E-06
  0.17700E+03  0.16883E-07  0.39385E-06 -0.90381E-06
  0.17730E+03  0.77983E-07  0.36493E-06 -0.90164E-06
  0.17760E+03  0.13905E-06  0.33350E-06 -0.89318E-06
  0.17790E+03  0.19932E-06  0.29978E-06 -0.87854E-06
  0.17820E+03  0.25805E-06  0.26402E-06 -0.85784E-06
  0.17850E+03  0.31449E-06  0.22647E-06 -0.83124E-06
  0.17880E+03  0.36795E-06  0.18740E-06 -0.79888E-06
  0.17910E+03  0.41777E-06  0.14709E-06 -0.76090E-06
  0.17940E+03  0.46336E-06  0.10580E-06 -0.71743E-06
  0.17970E+03  0.50423E-06  0.63848E-07 -0.66860E-06
  0.18000E+03  0.54004E-06  0.21529E-07 -0.61451E-06
  0.18030E+03  0.57057E-06 -0.20820E-07 -0.55535E-06
  0.18060E+03  0.59577E-06 -0.62839E-07 -0.49134E-06
  0.18090E+03  0.61566E-06 -0.10414E-06 -0.42283E-06
  0.18120E+03  0.63036E-06 -0.14432E-06 -0.35028E-06
  0.18150E+03  0.64001E-06 -0.18298E-06 -0.27433E-06
  0.18180E+03  0.64472E-06 -0.21972E-06 -0.19572E-06
  0.18210E+03  0.64457E-06 -0.25418E-06 -0.11536E-06
  0.18240E+03  0.63956E-06 -0.28603E-06 -0.34250E-07
  0.18270E+03  0.62967E-06 -0.31500E-06  0.46574E-07
  0.18300E+03  0.61488E-06 -0.34088E-06  0.12605E-06
  0.18330E+03  0.59522E-06 -0.36349E-06  0.20313E-06
  0.18360E+03  0.57080E-06 -0.38274E-06  0.27682E-06
  0.18390E+03  0.54177E-06 -0.39858E-06  0.34617E-06
  0.18420E+03  0.50838E-06 -0.41100E-06  0.41030E-06
  0.18450E+03  0.47090E-06 -0.42004E-06  0.46839E-06
  0.18480E+03  0.42966E-06 -0.42577E-06  0.51973E-06
  0.18510E+03  0.38503E-06 -0.42832E-06  0.56370E-06
  0.18540E+03  0.33746E-06 -0.42786E-06  0.59981E-06
  0.18570E+03  0.28745E-06 -0.42456E-06  0.62770E-06
  0.18600E+03  0.23558E-06 -0.41868E-06  0.64714E-06
  0.18630E+03  0.18250E-06 -0.41042E-06  0.65805E-06
  0.18660E+03  0.12891E-06 -0.40002E-06  0.66051E-06
  0.18690E+03  0.75514E-07 -0.38768E-06  0.65476E-06
  0.18720E+03  0.23064E-07 -0.37355E-06  0.64119E-06
  0.18750E+03 -0.27693E-07 -0.35777E-06  0.62034E-06
  0.18780E+03 -0.76012E-07 -0.34044E-06  0.59283E-06
  0.18810E+03 -0.12118E-06 -0.32162E-06  0.55939E-06
  0.18840E+03 -0.16254E-06 -0.30140E-06  0.52074E-06
  0.18870E+03 -0.19955E-06 -0.27984E-06  0.47762E-06
  0.18900E+03 -0.23181E-06 -0.25704E-06  0.43074E-06
  0.18930E+03 -0.25908E-06 -0.23316E-06  0.38076E-06
  0.18960E+03 -0.28126E-06 -0.20838E-06  0.32827E-06
  0.18990E+03 -0.29842E-06 -0.18293E-06  0.27381E-06
  0.19020E+03 -0.31071E-06 -0.15709E-06  0.21786E-06
  0.19050E+03 -0.31839E-06 -0.13117E-06  0.16089E-06
  0.19080E+03 -0.32174E-06 -0.10547E-06  0.10333E-06
  0.19110E+03 -0.32110E-06 -0.80311E-07  0.45621E-07
  0.19140E+03 -0.31684E-06 -0.55965E-07 -0.11752E-07
  0.19170E+03 -0.30936E-06 -0.32667E-07 -0.68283E-07
  0.19200E+03 -0.29912E-06 -0.10591E-07 -0.12345E-06
  0.19230E+03 -0.28660E-06  0.10149E-07 -0.17673E-06
  0.19260E+03 -0.27237E-06  0.29494E-07 -0.22763E-06
  0.19290E+03 -0.25703E-06  0.47425E-07 -0.27569E-06
  0.19320E+03 -0.24118E-06  0.63939E-07 -0.32052E-06
  0.19350E+03 -0.22547E-06  0.79032E-07 -0.36176E-06
  0.19380E+03 -0.21048E-06  0.92679E-07 -0.39915E-06
  0.19410E+03 -0.19678E-06  0.10482E-06 -0.43246E-06
  0.19440E+03 -0.18482E-06  0.11538E-06 -0.46151E-06
  0.19470E+03 -0.17498E-06  0.12425E-06 -0.48615E-06
  0.19500E+03 -0.16753E-06  0.13134E-06 -0.50623E-06
  0.19530E+03 -0.16260E-06  0.13657E-06 -0.52159E-06
  0.19560E+03 -0.16022E-06  0.13990E-06 -0.53208E-06
  0.19590E+03 -0.16033E-06  0.14138E-06 -0.53756E-06
  0.19620E+03 -0.16280E-06  0.14110E-06 -0.53788E-06
  0.19650E+03 -0.16745E-06  0.13924E-06 -0.53295E-06
  0.19680E+03 -0.17406E-06  0.13601E-06 -0.52271E-06
  0.19710E+03 -0.18239E-06  0.13168E-06 -0.50719E-06
  0.19740E+03 -0.19217E-06  0.12651E-06 -0.48645E-06
  0.19770E+03 -0.20311E-06  0.12074E-06 -0.46064E-06
  0.19800E+03 -0.21495E-06  0.11461E-06 -0.42996E-06
  0.19830E+03 -0.22745E-06  0.10830E-06 -0.39470E-06
  0.19860E+03 -0.24043E-06  0.10197E-06 -0.35520E-06
  0.19890E+03 -0.25373E-06  0.95742E-07 -0.31188E-06
  0.19920E+03 -0.26724E-06  0.89725E-07 -0.26522E-06
  0.19950E+03 -0.28087E-06  0.83995E-07 -0.21576E-06
  0.19980E+03 -0.29451E-06  0.78614E-07 -0.16415E-06
  0.20010E+03 -0.30807E-06  0.73633E-07 -0.11105E-06
  0.20040E+03 -0.32140E-06  0.69097E-07 -0.57171E-07
  0.20070E+03 -0.33433E-06  0.65045E-07 -0.32626E-08
  0.20100E+03 -0.34662E-06  0.61505E-07  0.49944E-07
  0.20130E+03 -0.35797E-06  0.58492E-07  0.10174E-06
  0.20160E+03 -0.36800E-06  0.56005E-07  0.15144E-06
  0.20190E+03 -0.37628E-06  0.54034E-07  0.19842E-06
  0.20220E+03 -0.38234E-06  0.52560E-07  0.24210E-06
  0.20250E+03 -0.38572E-06  0.51569E-07  0.28201E-06
  0.20280E+03 -0.38601E-06  0.51053E-07  0.31773E-06
  0.20310E+03 -0.38291E-06  0.51022E-07  0.34895E-06
  0.20340E+03 -0.37620E-06  0.51499E-07  0.37546E-06
  0.20370E+03 -0.36579E-06  0.52522E-07  0.39711E-06
  0.20400E+03 -0.35166E-06  0.54141E-07  0.41387E-06
  0.20430E+03 -0.33390E-06  0.56396E-07  0.42577E-06
  0.20460E+03 -0.31265E-06  0.59311E-07  0.43290E-06
  0.20490E+03 -0.28809E-06  0.62875E-07  0.43541E-06
  0.20520E+03 -0.26041E-06  0.67030E-07  0.43353E-06
  0.20550E+03 -0.22980E-06  0.71666E-07  0.42750E-06
  0.20580E+03 -0.19643E-06  0.76627E-07  0.41758E-06
  0.20610E+03 -0.16042E-06  0.81721E-07  0.40405E-06
  0.20640E+03 -0.12194E-06  0.86739E-07  0.38720E-06
  0.20670E+03 -0.81125E-07  0.91467E-07  0.36730E-06
  0.20700E+03 -0.38169E-07  0.95702E-07  0.34465E-06
  0.20730E+03  0.66981E-08  0.99264E-07  0.31956E-06
  0.20760E+03  0.53191E-07  0.10201E-06  0.29237E-06
  0.20790E+03  0.10097E-06  0.10385E-06  0.26347E-06
  0.20820E+03  0.14965E-06  0.10473E-06  0.23323E-06
  0.20850E+03  0.19879E-06  0.10467E-06  0.20206E-06
  0.20880E+03  0.24792E-06  0.10370E-06  0.17034E-06
  0.20910E+03  0.29655E-06  0.10191E-06  0.13844E-06
  0.20940E+03  0.34415E-06  0.99389E-07  0.10667E-06
  0.20970E+03  0.39021E-06  0.96210E-07  0.75324E-07
  0.21000E+03  0.43422E-06  0.92433E-07  0.44674E-07
  0.21030E+03  0.47568E-06  0.88083E-07  0.14970E-07
  0.21060E+03  0.51409E-06  0.83156E-07 -0.13527E-07
  0.21090E+03  0.54901E-06  0.77609E-07 -0.40546E-07
  0.21120E+03  0.58003E-06  0.71374E-07 -0.65803E-07
  0.21150E+03  0.60682E-06  0.64363E-07 -0.89005E-07
  0.21180E+03  0.62912E-06  0.56477E-07 -0.10987E-06
  0.21210E+03  0.64678E-06  0.47624E-07 -0.12815E-06
  0.21240E+03  0.65973E-06  0.37731E-07 -0.14363E-06
  0.21270E+03  0.66801E-06  0.26757E-07 -0.15619E-06
  0.21300E+03  0.67177E-06  0.14706E-07 -0.16574E-06
  0.21330E+03  0.67126E-06  0.16334E-08 -0.17228E-06
  0.21360E+03  0.66678E-06 -0.12347E-07 -0.17585E-06
  0.21390E+03  0.65868E-06 -0.27071E-07 -0.17655E-06
  0.21420E+03  0.64730E-06 -0.42334E-07 -0.17453E-06
  0.21450E+03  0.63299E-06 -0.57909E-07 -0.17000E-06
  0.21480E+03  0.61604E-06 -0.73559E-07 -0.16320E-06
  0.21510E+03  0.59666E-06 -0.89049E-07 -0.15438E-06
  0.21540E+03  0.57498E-06 -0.10415E-06 -0.14382E-06
  0.21570E+03  0.55102E-06 -0.11863E-06 -0.13176E-06
  0.21600E+03  0.52475E-06 -0.13228E-06 -0.11844E-06
  0.21630E+03  0.49606E-06 -0.14492E-06 -0.10406E-06
  0.21660E+03  0.46482E-06 -0.15637E-06 -0.88792E-07
  0.21690E+03  0.43091E-06 -0.16651E-06 -0.72774E-07
  0.21720E+03  0.39429E-06 -0.17525E-06 -0.56153E-07
  0.21750E+03  0.35500E-06 -0.18253E-06 -0.39075E-07
  0.21780E+03  0.31320E-06 -0.18833E-06 -0.21701E-07
  0.21810E+03  0.26915E-06 -0.19263E-06 -0.42134E-08
  0.21840E+03  0.22322E-06 -0.19542E-06  0.13168E-07
  0.21870E+03  0.17584E-06 -0.19672E-06  0.30185E-07
  0.21900E+03  0.12752E-06 -0.19650E-06  0.46529E-07
  0.21930E+03  0.78746E-07 -0.19477E-06  0.61847E-07
  0.21960E+03  0.30023E-07 -0.19150E-06  0.75743E-07
  0.21990E+03 -0.18196E-07 -0.18667E-06  0.87790E-07
  0.22020E+03 -0.65508E-07 -0.18025E-06  0.97556E-07
  0.22050E+03 -0.11158E-06 -0.17220E-06  0.10463E-06
  0.22080E+03 -0.15617E-06 -0.16248E-06  0.10866E-06
  0.22110E+03 -0.19909E-06 -0.15107E-06  0.10938E-06
  0.22140E+03 -0.24023E-06 -0.13797E-06  0.10664E-06
  0.22170E+03 -0.27951E-06 -0.12320E-06  0.10039E-06
  0.22200E+03 -0.31688E-06 -0.10685E-06  0.90746E-07
  0.22230E+03 -0.35222E-06 -0.89040E-07  0.77904E-07
  0.22260E+03 -0.38542E-06 -0.69974E-07  0.62160E-07
  0.22290E+03 -0.41630E-06 -0.49900E-07  0.43866E-07
  0.22320E+03 -0.44461E-06 -0.29123E-07  0.23403E-07
  0.22350E+03 -0.47011E-06 -0.79886E-08  0.11697E-08
  0.22380E+03 -0.49250E-06  0.13132E-07 -0.22432E-07
  0.22410E+03 -0.51149E-06  0.33868E-07 -0.47004E-07
  0.22440E+03 -0.52681E-06  0.53863E-07 -0.72157E-07
  0.22470E+03 -0.53826E-06  0.72798E-07 -0.97515E-07
  0.22500E+03 -0.54569E-06  0.90401E-07 -0.12271E-06
  0.22530E+03 -0.54903E-06  0.10646E-06 -0.14736E-06
  0.22560E+03 -0.54830E-06  0.12079E-06 -0.17110E-06
  0.22590E+03 -0.54360E-06  0.13330E-06 -0.19353E-06
  0.22620E+03 -0.53509E-06  0.14388E-06 -0.21422E-06
  0.22650E+03 -0.52294E-06  0.15247E-06 -0.23276E-06
  0.22680E+03 -0.50731E-06  0.15901E-06 -0.24871E-06
  0.22710E+03 -0.48834E-06  0.16346E-06 -0.26166E-06
  0.22740E+03 -0.46615E-06  0.16575E-06 -0.27124E-06
  0.22770E+03 -0.44081E-06  0.16587E-06 -0.27715E-06
  0.22800E+03 -0.41243E-06  0.16379E-06 -0.27921E-06
  0.22830E+03 -0.38115E-06  0.15953E-06 -0.27735E-06
  0.22860E+03 -0.34718E-06  0.15315E-06 -0.27160E-06
  0.22890E+03 -0.31082E-06  0.14473E-06 -0.26212E-06
  0.22920E+03 -0.27248E-06  0.13439E-06 -0.24912E-06
  0.22950E+03 -0.23264E-06  0.12224E-06 -0.23292E-06
  0.22980E+03 -0.19186E-06  0.10844E-06 -0.21384E-06
  0.23010E+03 -0.15078E-06  0.93145E-07 -0.19222E-06
  0.23040E+03 -0.11006E-06  0.76526E-07 -0.16841E-06
  0.23070E+03 -0.70361E-07  0.58770E-07 -0.14270E-06
  0.23100E+03 -0.32363E-07  0.40091E-07 -0.11537E-06
  0.23130E+03  0.33051E-08  0.20730E-07 -0.86653E-07
  0.23160E+03  0.36071E-07  0.95582E-09 -0.56773E-07
  0.23190E+03  0.65452E-07 -0.18938E-07 -0.25941E-07
  0.23220E+03  0.91067E-07 -0.38641E-07  0.56188E-08
  0.23250E+03  0.11265E-06 -0.57827E-07  0.37649E-07
  0.23280E+03  0.13002E-06 -0.76172E-07  0.69856E-07
  0.23310E+03  0.14312E-06 -0.93355E-07  0.10190E-06
  0.23340E+03  0.15195E-06 -0.10907E-06  0.13342E-06
  0.23370E+03  0.15659E-06 -0.12303E-06  0.16399E-06
  0.23400E+03  0.15717E-06 -0.13496E-06  0.19320E-06
  0.23430E+03  0.15388E-06 -0.14464E-06  0.22062E-06
  0.23460E+03  0.14695E-06 -0.15186E-06  0.24583E-06
  0.23490E+03  0.13663E-06 -0.15645E-06  0.26842E-06
  0.23520E+03  0.12326E-06 -0.15832E-06  0.28804E-06
  0.23550E+03  0.10718E-06 -0.15741E-06  0.30434E-06
  0.23580E+03  0.88756E-07 -0.15372E-06  0.31705E-06
  0.23610E+03  0.68396E-07 -0.14730E-06  0.32592E-06
  0.23640E+03  0.46492E-07 -0.13827E-06  0.33078E-06
  0.23670E+03  0.23433E-07 -0.12676E-06  0.33153E-06
  0.23700E+03 -0.40544E-09 -0.11299E-06  0.32813E-06
  0.23730E+03 -0.24662E-07 -0.97176E-07  0.32066E-06
  0.23760E+03 -0.48976E-07 -0.79601E-07  0.30929E-06
  0.23790E+03 -0.72980E-07 -0.60575E-07  0.29428E-06
  0.23820E+03 -0.96287E-07 -0.40438E-07  0.27599E-06
  0.23850E+03 -0.11848E-06 -0.19550E-07  0.25488E-06
  0.23880E+03 -0.13914E-06  0.17240E-08  0.23141E-06
  0.23910E+03 -0.15779E-06  0.23022E-07  0.20611E-06
  0.23940E+03 -0.17398E-06  0.44004E-07  0.17948E-06
  0.23970E+03 -0.18728E-06  0.64365E-07  0.15199E-06
  0.24000E+03 -0.19728E-06  0.83847E-07  0.12407E-06
  0.24030E+03 -0.20367E-06  0.10225E-06  0.96049E-07
  0.24060E+03 -0.20620E-06  0.11943E-06  0.68222E-07
  0.24090E+03 -0.20470E-06  0.13528E-06  0.40793E-07
  0.24120E+03 -0.19910E-06  0.14976E-06  0.13915E-07
  0.24150E+03 -0.18939E-06  0.16282E-06 -0.12300E-07
  0.24180E+03 -0.17563E-06  0.17441E-06 -0.37759E-07
  0.24210E+03 -0.15794E-06  0.18451E-06 -0.62367E-07
  0.24240E+03 -0.13646E-06  0.19306E-06 -0.86014E-07
  0.24270E+03 -0.11137E-06  0.20001E-06 -0.10857E-06
  0.24300E+03 -0.82842E-07  0.20528E-06 -0.12987E-06
  0.24330E+03 -0.51060E-07  0.20882E-06 -0.14976E-06
  0.24360E+03 -0.16210E-07  0.21052E-06 -0.16805E-06
  0.24390E+03  0.21516E-07  0.21031E-06 -0.18457E-06
  0.24420E+03  0.61902E-07  0.20810E-06 -0.19915E-06
  0.24450E+03  0.10469E-06  0.20379E-06 -0.21162E-06
  0.24480E+03  0.14958E-06  0.19731E-06 -0.22186E-06
  0.24510E+03  0.19621E-06  0.18860E-06 -0.22974E-06
  0.24540E+03  0.24416E-06  0.17764E-06 -0.23522E-06
  0.24570E+03  0.29295E-06  0.16446E-06 -0.23828E-06
  0.24600E+03  0.34210E-06  0.14911E-06 -0.23898E-06
  0.24630E+03  0.39105E-06  0.13174E-06 -0.23746E-06
  0.24660E+03  0.43921E-06  0.11251E-06 -0.23388E-06
  0.24690E+03  0.48597E-06  0.91655E-07 -0.22846E-06
  0.24720E+03  0.53066E-06  0.69459E-07 -0.22141E-06
  0.24750E+03  0.57262E-06  0.46230E-07 -0.21290E-06
  0.24780E+03  0.61113E-06  0.22301E-07 -0.20306E-06
  0.24810E+03  0.64552E-06 -0.19773E-08 -0.19194E-06
  0.24840E+03  0.67515E-06 -0.26256E-07 -0.17951E-06
  0.24870E+03  0.69943E-06 -0.50196E-07 -0.16569E-06
  0.24900E+03  0.71787E-06 -0.73475E-07 -0.15034E-06
  0.24930E+03  0.73011E-06 -0.95801E-07 -0.13337E-06
  0.24960E+03  0.73588E-06 -0.11691E-06 -0.11472E-06
  0.24990E+03  0.73503E-06 -0.13658E-06 -0.94380E-07
  0.25020E+03  0.72749E-06 -0.15462E-06 -0.72481E-07
  0.25050E+03  0.71328E-06 -0.17086E-06 -0.49225E-07
  0.25080E+03  0.69243E-06 -0.18516E-06 -0.24900E-07
  0.25110E+03  0.66500E-06 -0.19741E-06  0.15726E-09
  0.25140E+03  0.63107E-06 -0.20752E-06  0.25586E-07
  0.25170E+03  0.59075E-06 -0.21544E-06  0.51032E-07
  0.25200E+03  0.54416E-06 -0.22110E-06  0.76158E-07
  0.25230E+03  0.49150E-06 -0.22449E-06  0.10065E-06
  0.25260E+03  0.43304E-06 -0.22560E-06  0.12420E-06
  0.25290E+03  0.36915E-06 -0.22446E-06  0.14652E-06
  0.25320E+03  0.30027E-06 -0.22109E-06  0.16728E-06
  0.25350E+03  0.22694E-06 -0.21554E-06  0.18616E-06
  0.25380E+03  0.14981E-06 -0.20789E-06  0.20284E-06
  0.25410E+03  0.69620E-07 -0.19821E-06  0.21702E-06
  0.25440E+03 -0.12815E-07 -0.18660E-06  0.22841E-06
  0.25470E+03 -0.96599E-07 -0.17318E-06  0.23686E-06
  0.25500E+03 -0.18078E-06 -0.15810E-06  0.24226E-06
  0.25530E+03 -0.26436E-06 -0.14154E-06  0.24464E-06
  0.25560E+03 -0.34634E-06 -0.12371E-06  0.24414E-06
  0.25590E+03 -0.42572E-06 -0.10485E-06  0.24094E-06
  0.25620E+03 -0.50153E-06 -0.85231E-07  0.23531E-06
  0.25650E+03 -0.57287E-06 -0.65157E-07  0.22749E-06
  0.25680E+03 -0.63892E-06 -0.44939E-07  0.21773E-06
  0.25710E+03 -0.69894E-06 -0.24902E-07  0.20624E-06
  0.25740E+03 -0.75227E-06 -0.53772E-08  0.19316E-06
  0.25770E+03 -0.79838E-06  0.13308E-07  0.17858E-06
  0.25800E+03 -0.83682E-06  0.30838E-07  0.16255E-06
  0.25830E+03 -0.86722E-06  0.46918E-07  0.14509E-06
  0.25860E+03 -0.88932E-06  0.61285E-07  0.12620E-06
  0.25890E+03 -0.90295E-06  0.73709E-07  0.10592E-06
  0.25920E+03 -0.90802E-06  0.84008E-07  0.84339E-07
  0.25950E+03 -0.90453E-06  0.92043E-07  0.61588E-07
  0.25980E+03 -0.89258E-06  0.97721E-07  0.37881E-07
  0.26010E+03 -0.87232E-06  0.10099E-06  0.13497E-07
  0.26040E+03 -0.84403E-06  0.10185E-06 -0.11229E-07
  0.26070E+03 -0.80805E-06  0.10033E-06 -0.35915E-07
  0.26100E+03 -0.76481E-06  0.96489E-07 -0.60151E-07
  0.26130E+03 -0.71483E-06  0.90437E-07 -0.83526E-07
  0.26160E+03 -0.65870E-06  0.82305E-07 -0.10564E-06
  0.26190E+03 -0.59708E-06  0.72251E-07 -0.12616E-06
  0.26220E+03 -0.53068E-06  0.60459E-07 -0.14479E-06
  0.26250E+03 -0.46026E-06  0.47139E-07 -0.16132E-06
  0.26280E+03 -0.38661E-06  0.32523E-07 -0.17564E-06
  0.26310E+03 -0.31058E-06  0.16875E-07 -0.18771E-06
  0.26340E+03 -0.23303E-06  0.48568E-09 -0.19755E-06
  0.26370E+03 -0.15486E-06 -0.16324E-07 -0.20524E-06
  0.26400E+03 -0.76997E-07 -0.33210E-07 -0.21089E-06
  0.26430E+03 -0.38790E-09 -0.49812E-07 -0.21462E-06
  0.26460E+03  0.74037E-07 -0.65762E-07 -0.21656E-06
  0.26490E+03  0.14536E-06 -0.80696E-07 -0.21680E-06
  0.26520E+03  0.21273E-06 -0.94263E-07 -0.21544E-06
  0.26550E+03  0.27533E-06 -0.10613E-06 -0.21252E-06
  0.26580E+03  0.33247E-06 -0.11600E-06 -0.20811E-06
  0.26610E+03  0.38356E-06 -0.12361E-06 -0.20224E-06
  0.26640E+03  0.42816E-06 -0.12873E-06 -0.19495E-06
  0.26670E+03  0.46591E-06 -0.13119E-06 -0.18632E-06
  0.26700E+03  0.49661E-06 -0.13087E-06 -0.17645E-06
  0.26730E+03  0.52014E-06 -0.12772E-06 -0.16545E-06
  0.26760E+03  0.53652E-06 -0.12172E-06 -0.15350E-06
  0.26790E+03  0.54586E-06 -0.11292E-06 -0.14080E-06
  0.26820E+03  0.54837E-06 -0.10142E-06 -0.12754E-06
  0.26850E+03  0.54438E-06 -0.87376E-07 -0.11394E-06
  0.26880E+03  0.53426E-06 -0.70974E-07 -0.10016E-06
  0.26910E+03  0.51847E-06 -0.52449E-07 -0.86376E-07
  0.26940E+03  0.49749E-06 -0.32060E-07 -0.72711E-07
  0.26970E+03  0.47184E-06 -0.10086E-07 -0.59273E-07
  0.27000E+03  0.44206E-06  0.13188E-07 -0.46147E-07
  0.27030E+03  0.40866E-06  0.37467E-07 -0.33401E-07
  0.27060E+03  0.37219E-06  0.62452E-07 -0.21085E-07
  0.27090E+03  0.33317E-06  0.87838E-07 -0.92369E-08
  0.27120E+03  0.29213E-06  0.11332E-06  0.21229E-08
  0.27150E+03  0.24961E-06  0.13860E-06  0.12995E-07
  0.27180E+03  0.20615E-06  0.16339E-06  0.23405E-07
  0.27210E+03  0.16229E-06  0.18740E-06  0.33403E-07
  0.27240E+03  0.11857E-06  0.21036E-06  0.43062E-07
  0.27270E+03  0.75509E-07  0.23203E-06  0.52469E-07
  0.27300E+03  0.33620E-07  0.25217E-06  0.61718E-07
  0.27330E+03 -0.66242E-08  0.27055E-06  0.70899E-07
  0.27360E+03 -0.44795E-07  0.28695E-06  0.80093E-07
  0.27390E+03 -0.80513E-07  0.30116E-06  0.89373E-07
  0.27420E+03 -0.11346E-06  0.31299E-06  0.98803E-07
  0.27450E+03 -0.14336E-06  0.32228E-06  0.10844E-06
  0.27480E+03 -0.17001E-06  0.32887E-06  0.11834E-06
  0.27510E+03 -0.19324E-06  0.33265E-06  0.12854E-06
  0.27540E+03 -0.21290E-06  0.33353E-06  0.13906E-06
  0.27570E+03 -0.22888E-06  0.33147E-06  0.14987E-06
  0.27600E+03 -0.24109E-06  0.32643E-06  0.16092E-06
  0.27630E+03 -0.24945E-06  0.31843E-06  0.17211E-06
  0.27660E+03 -0.25391E-06  0.30749E-06  0.18329E-06
  0.27690E+03 -0.25441E-06  0.29367E-06  0.19429E-06
  0.27720E+03 -0.25092E-06  0.27703E-06  0.20491E-06
  0.27750E+03 -0.24344E-06  0.25768E-06  0.21492E-06
  0.27780E+03 -0.23202E-06  0.23572E-06  0.22413E-06
  0.27810E+03 -0.21676E-06  0.21131E-06  0.23230E-06
  0.27840E+03 -0.19782E-06  0.18464E-06  0.23923E-06
  0.27870E+03 -0.17544E-06  0.15594E-06  0.24473E-06
  0.27900E+03 -0.14993E-06  0.12548E-06  0.24861E-06
  0.27930E+03 -0.12163E-06  0.93577E-07  0.25074E-06
  0.27960E+03 -0.90949E-07  0.60570E-07  0.25101E-06
  0.27990E+03 -0.58286E-07  0.26821E-07  0.24931E-06
  0.28020E+03 -0.24053E-07 -0.72972E-08  0.24557E-06
  0.28050E+03  0.11343E-07 -0.41415E-07  0.23966E-06
  0.28080E+03  0.47504E-07 -0.75171E-07  0.23145E-06
  0.28110E+03  0.84028E-07 -0.10822E-06  0.22077E-06
  0.28140E+03  0.12050E-06 -0.14023E-06  0.20747E-06
  0.28170E+03  0.15649E-06 -0.17088E-06  0.19139E-06
  0.28200E+03  0.19152E-06 -0.19989E-06  0.17242E-06
  0.28230E+03  0.22512E-06 -0.22696E-06  0.15054E-06
  0.28260E+03  0.25680E-06 -0.25185E-06  0.12581E-06
  0.28290E+03  0.28607E-06 -0.27433E-06  0.98413E-07
  0.28320E+03  0.31249E-06 -0.29421E-06  0.68624E-07
  0.28350E+03  0.33565E-06 -0.31133E-06  0.36822E-07
  0.28380E+03  0.35523E-06 -0.32558E-06  0.34649E-08
  0.28410E+03  0.37092E-06 -0.33688E-06 -0.30942E-07
  0.28440E+03  0.38253E-06 -0.34521E-06 -0.65865E-07
  0.28470E+03  0.38990E-06 -0.35055E-06 -0.10077E-06
  0.28500E+03  0.39295E-06 -0.35295E-06 -0.13513E-06
  0.28530E+03  0.39167E-06 -0.35244E-06 -0.16847E-06
  0.28560E+03  0.38610E-06 -0.34912E-06 -0.20033E-06
  0.28590E+03  0.37637E-06 -0.34309E-06 -0.23032E-06
  0.28620E+03  0.36264E-06 -0.33446E-06 -0.25810E-06
  0.28650E+03  0.34513E-06 -0.32338E-06 -0.28340E-06
  0.28680E+03  0.32406E-06 -0.31002E-06 -0.30600E-06
  0.28710E+03  0.29969E-06 -0.29458E-06 -0.32572E-06
  0.28740E+03  0.27225E-06 -0.27729E-06 -0.34243E-06
  0.28770E+03  0.24197E-06 -0.25839E-06 -0.35602E-06
  0.28800E+03  0.20907E-06 -0.23814E-06 -0.36640E-06
  0.28830E+03  0.17378E-06 -0.21681E-06 -0.37348E-06
  0.28860E+03  0.13634E-06 -0.19465E-06 -0.37720E-06
  0.28890E+03  0.97024E-07 -0.17189E-06 -0.37749E-06
  0.28920E+03  0.56144E-07 -0.14873E-06 -0.37433E-06
  0.28950E+03  0.14064E-07 -0.12536E-06 -0.36770E-06
  0.28980E+03 -0.28803E-07 -0.10196E-06 -0.35761E-06
  0.29010E+03 -0.72006E-07 -0.78670E-07 -0.34416E-06
  0.29040E+03 -0.11507E-06 -0.55646E-07 -0.32746E-06
  0.29070E+03 -0.15752E-06 -0.33035E-07 -0.30772E-06
  0.29100E+03 -0.19891E-06 -0.10987E-07 -0.28518E-06
  0.29130E+03 -0.23882E-06  0.10342E-07 -0.26016E-06
  0.29160E+03 -0.27693E-06  0.30791E-07 -0.23299E-06
  0.29190E+03 -0.31294E-06  0.50195E-07 -0.20403E-06
  0.29220E+03 -0.34666E-06  0.68395E-07 -0.17365E-06
  0.29250E+03 -0.37796E-06  0.85234E-07 -0.14219E-06
  0.29280E+03 -0.40677E-06  0.10057E-06 -0.11001E-06
  0.29310E+03 -0.43301E-06  0.11427E-06 -0.77436E-07
  0.29340E+03 -0.45665E-06  0.12623E-06 -0.44765E-07
  0.29370E+03 -0.47759E-06  0.13635E-06 -0.12289E-07
  0.29400E+03 -0.49572E-06  0.14456E-06  0.19716E-07
  0.29430E+03 -0.51090E-06  0.15082E-06  0.50979E-07
  0.29460E+03 -0.52299E-06  0.15510E-06  0.81230E-07
  0.29490E+03 -0.53187E-06  0.15741E-06  0.11021E-06
  0.29520E+03 -0.53743E-06  0.15776E-06  0.13765E-06
  0.29550E+03 -0.53961E-06  0.15618E-06  0.16331E-06
  0.29580E+03 -0.53840E-06  0.15270E-06  0.18695E-06
  0.29610E+03 -0.53380E-06  0.14738E-06  0.20834E-06
  0.29640E+03 -0.52586E-06  0.14028E-06  0.22725E-06
  0.29670E+03 -0.51464E-06  0.13147E-06  0.24347E-06
  0.29700E+03 -0.50024E-06  0.12105E-06  0.25683E-06
  0.29730E+03 -0.48275E-06  0.10915E-06  0.26715E-06
  0.29760E+03 -0.46230E-06  0.95918E-07  0.27431E-06
  0.29790E+03 -0.43903E-06  0.81561E-07  0.27825E-06
  0.29820E+03 -0.41311E-06  0.66303E-07  0.27897E-06
  0.29850E+03 -0.38471E-06  0.50401E-07  0.27654E-06
  0.29880E+03 -0.35406E-06  0.34132E-07  0.27111E-06
  0.29910E+03 -0.32138E-06  0.17787E-07  0.26289E-06
  0.29940E+03 -0.28692E-06  0.16577E-08  0.25215E-06
  0.29970E+03 -0.25091E-06 -0.13973E-07  0.23918E-06
  0.30000E+03 -0.21362E-06 -0.28841E-07  0.22432E-06
  0.30030E+03 -0.17530E-06 -0.42703E-07  0.20792E-06
  0.30060E+03 -0.13618E-06 -0.55341E-07  0.19033E-06
  0.30090E+03 -0.96482E-07 -0.66563E-07  0.17190E-06
  0.30120E+03 -0.56414E-07 -0.76195E-07  0.15295E-06
  0.30150E+03 -0.16158E-07 -0.84079E-07  0.13379E-06
  0.30180E+03  0.24102E-07 -0.90075E-07  0.11469E-06
  0.30210E+03  0.64173E-07 -0.94054E-07  0.95887E-07
  0.30240E+03  0.10385E-06 -0.95906E-07  0.77594E-07
  0.30270E+03  0.14288E-06 -0.95544E-07  0.59983E-07
  0.30300E+03  0.18100E-06 -0.92907E-07  0.43213E-07
  0.30330E+03  0.21790E-06 -0.87967E-07  0.27432E-07
  0.30360E+03  0.25326E-06 -0.80739E-07  0.12793E-07
  0.30390E+03  0.28675E-06 -0.71279E-07 -0.54753E-09
  0.30420E+03  0.31803E-06 -0.59692E-07 -0.12427E-07
  0.30450E+03  0.34681E-06 -0.46131E-07 -0.22689E-07
  0.30480E+03  0.37285E-06 -0.30791E-07 -0.31200E-07
  0.30510E+03  0.39594E-06 -0.13908E-07 -0.37862E-07
  0.30540E+03  0.41595E-06  0.42571E-08 -0.42631E-07
  0.30570E+03  0.43280E-06  0.23420E-07 -0.45519E-07
  0.30600E+03  0.44650E-06  0.43288E-07 -0.46604E-07
  0.30630E+03  0.45706E-06  0.63562E-07 -0.46016E-07
  0.30660E+03  0.46459E-06  0.83941E-07 -0.43932E-07
  0.30690E+03  0.46917E-06  0.10413E-06 -0.40555E-07
