0.000000e+00     -7.704961e-08     2.386696e-07     2.579446e-07
3.000000e-01     -2.083997e-07     8.740401e-07     4.682381e-07
6.000000e-01     -6.232033e-08     1.163469e-06     2.328400e-07
9.000000e-01     3.478190e-07     9.035428e-07     3.331048e-07
1.200000e+00     4.869987e-07     1.180727e-06     2.728877e-07
1.500000e+00     5.456038e-07     1.424705e-06     4.177113e-07
1.800000e+00     8.004666e-08     1.449692e-06     3.015133e-07
2.100000e+00     -4.405438e-07     9.783634e-07     1.331693e-07
2.400000e+00     -4.066006e-07     4.948652e-07     1.004868e-07
2.700000e+00     -2.835314e-07     1.882490e-07     -1.013577e-07
3.000000e+00     -1.186799e-07     -7.767969e-08     2.213548e-07
3.300000e+00     -3.372217e-08     9.546189e-08     3.970858e-07
3.600000e+00     3.073125e-07     6.254427e-07     6.655853e-07
3.900000e+00     1.990808e-07     1.216236e-06     5.381534e-07
4.200000e+00     4.426275e-07     1.417272e-06     4.770732e-07
4.500000e+00     3.516655e-07     1.386322e-06     6.087675e-07
4.800000e+00     3.970675e-07     1.150405e-06     6.015497e-07
5.100000e+00     2.571872e-07     7.568062e-07     2.421840e-07
5.400000e+00     -2.111927e-08     3.791262e-07     -3.089444e-07
5.700000e+00     -3.779855e-08     1.414416e-07     -3.840220e-07
6.000000e+00     -3.606234e-07     3.344080e-07     -3.774458e-07
6.300000e+00     -1.699712e-07     5.452986e-07     -5.551046e-08
6.600000e+00     -1.162105e-07     8.274248e-07     2.882457e-07
6.900000e+00     -9.760552e-08     1.137650e-06     5.869590e-07
7.200000e+00     1.995848e-07     9.864442e-07     9.396025e-07
7.500000e+00     2.297117e-07     1.074384e-06     7.931276e-07
7.800000e+00     5.682266e-07     8.961535e-07     8.942339e-07
8.100000e+00     5.265448e-07     8.040668e-07     5.149875e-07
8.400000e+00     4.362251e-07     6.724116e-07     2.939152e-08
8.700000e+00     2.567160e-07     4.935036e-07     -3.069914e-07
9.000000e+00     -2.505809e-07     4.192177e-07     -4.640835e-07
9.300000e+00     -4.465402e-07     3.669982e-07     -1.590591e-07
9.600000e+00     -4.297109e-07     5.471430e-07     1.024123e-07
9.900000e+00     -6.582650e-08     6.138832e-07     5.163090e-07
1.020000e+01     2.032220e-07     5.886454e-07     6.423764e-07
1.050000e+01     5.261888e-07     6.791308e-07     6.416585e-07
1.080000e+01     5.671310e-07     8.382936e-07     5.315265e-07
1.110000e+01     8.399331e-07     7.633852e-07     4.732902e-07
1.140000e+01     4.820031e-07     7.177117e-07     5.042440e-07
1.170000e+01     -1.541981e-08     6.526565e-07     3.139276e-07
1.200000e+01     -1.096891e-07     6.886897e-07     1.079120e-07
1.230000e+01     -3.864666e-07     8.565288e-07     -3.147259e-07
1.260000e+01     -1.498794e-07     8.271008e-07     -3.440320e-07
1.290000e+01     -1.689813e-07     6.895951e-07     -5.405766e-08
1.320000e+01     1.055252e-07     5.487784e-07     5.153292e-07
1.350000e+01     4.092680e-07     3.765160e-07     7.497271e-07
1.380000e+01     2.296459e-07     6.115368e-07     5.396056e-07
1.410000e+01     3.289602e-07     5.585806e-07     4.919813e-07
1.440000e+01     2.257689e-07     8.121335e-07     2.600591e-07
1.470000e+01     1.685225e-07     8.887419e-07     2.376262e-07
1.500000e+01     7.211136e-08     8.580373e-07     -6.628539e-08
1.530000e+01     1.004668e-07     7.015508e-07     -2.206161e-07
1.560000e+01     -1.364112e-08     4.279886e-07     5.143298e-08
1.590000e+01     3.484133e-09     3.901141e-07     7.163913e-08
1.620000e+01     9.863907e-08     5.261885e-07     3.198420e-07
1.650000e+01     2.817954e-07     7.132460e-07     3.505718e-07
1.680000e+01     2.535998e-07     7.061722e-07     5.820866e-07
1.710000e+01     -3.732319e-08     5.214978e-07     5.230050e-07
1.740000e+01     1.434083e-07     4.214048e-07     3.677881e-07
1.770000e+01     3.418719e-07     4.832080e-07     2.229000e-07
1.800000e+01     4.877450e-07     6.061695e-07     4.869256e-08
1.830000e+01     6.920804e-07     5.439187e-07     2.081159e-07
1.860000e+01     1.982291e-07     6.758231e-07     1.681037e-07
1.890000e+01     1.506204e-07     5.979820e-07     3.004465e-07
1.920000e+01     -2.376969e-08     5.701611e-07     3.135634e-07
1.950000e+01     2.099593e-07     6.929862e-07     4.751181e-07
1.980000e+01     1.953853e-07     7.469952e-07     3.913643e-07
2.010000e+01     2.403264e-07     7.169477e-07     1.654654e-07
2.040000e+01     2.042242e-07     5.513242e-07     -1.987461e-08
2.070000e+01     1.527385e-07     3.416912e-07     -2.980334e-07
2.100000e+01     3.330608e-08     2.151396e-07     1.693399e-08
2.130000e+01     3.875020e-09     3.648423e-07     3.442510e-07
2.160000e+01     3.659656e-07     7.406830e-07     6.023153e-07
2.190000e+01     6.674493e-07     8.163110e-07     5.470337e-07
2.220000e+01     7.407647e-07     7.573145e-07     3.532109e-07
2.250000e+01     6.068782e-07     6.956529e-07     1.837197e-07
2.280000e+01     4.498114e-07     7.225966e-07     -2.599761e-07
2.310000e+01     3.403893e-07     3.060453e-07     -4.415187e-08
2.340000e+01     -2.188577e-08     -1.090003e-07     1.579386e-07
2.370000e+01     3.062051e-08     -3.567060e-07     5.885340e-07
2.400000e+01     7.445744e-08     -2.162610e-07     6.471701e-07
2.430000e+01     3.416059e-07     1.844420e-07     5.233444e-07
2.460000e+01     8.792741e-07     4.264547e-07     5.625088e-07
2.490000e+01     1.152148e-06     7.918453e-07     3.318624e-07
2.520000e+01     1.152839e-06     1.020658e-06     3.274872e-07
2.550000e+01     7.509435e-07     9.744507e-07     8.654624e-08
2.580000e+01     2.646580e-07     5.421088e-07     8.143489e-08
2.610000e+01     -1.982027e-07     -2.431278e-08     -3.473468e-08
2.640000e+01     -2.215080e-07     -2.178995e-07     -1.095281e-07
2.670000e+01     8.682495e-08     -2.343103e-07     1.222270e-07
2.700000e+01     4.320093e-07     8.147661e-09     2.686612e-07
2.730000e+01     4.605279e-07     4.217275e-07     5.839649e-07
2.760000e+01     4.418604e-07     7.241337e-07     4.393104e-07
2.790000e+01     8.123977e-07     7.876633e-07     3.019885e-07
2.820000e+01     7.124036e-07     7.872501e-07     -5.010582e-08
2.850000e+01     8.332672e-07     6.982769e-07     -5.980162e-08
2.880000e+01     5.698039e-07     5.213741e-07     4.318813e-08
2.910000e+01     3.606544e-07     2.040602e-07     4.782631e-08
2.940000e+01     3.196073e-07     -3.184957e-07     3.464779e-07
2.970000e+01     2.990504e-07     -2.730703e-07     4.364066e-07
3.000000e+01     3.856645e-07     -3.034182e-07     7.541133e-07
3.030000e+01     4.638871e-07     -6.806334e-08     7.692761e-07
3.060000e+01     5.241440e-07     3.715598e-07     6.745209e-07
3.090000e+01     7.802948e-07     7.060966e-07     2.759158e-07
3.120000e+01     7.730957e-07     9.942209e-07     -2.376194e-07
3.150000e+01     8.958420e-07     6.793983e-07     -7.798158e-08
3.180000e+01     7.189230e-07     3.158399e-07     -1.175277e-07
3.210000e+01     6.030540e-07     -9.008359e-08     2.499134e-07
3.240000e+01     4.792750e-07     -2.652859e-07     2.347387e-07
3.270000e+01     7.501534e-07     -3.223033e-07     2.875568e-07
3.300000e+01     6.801467e-07     -2.817738e-07     3.155515e-07
3.330000e+01     9.178947e-07     -7.912595e-08     3.436597e-07
3.360000e+01     6.666171e-07     4.216270e-07     3.070424e-07
3.390000e+01     5.748094e-07     6.329017e-07     3.186185e-07
3.420000e+01     2.679411e-07     9.722489e-07     1.209155e-08
3.450000e+01     7.122677e-07     1.027910e-07     1.144258e-06
3.480000e+01     9.163263e-07     -3.619106e-07     3.834856e-07
3.510000e+01     1.507472e-06     -1.229244e-06     1.748296e-06
3.540000e+01     4.569347e-06     -4.866774e-06     5.608732e-06
3.570000e+01     3.073682e-06     -3.358362e-06     1.055760e-06
3.600000e+01     -2.648042e-07     9.556391e-07     -2.702332e-06
3.630000e+01     5.531673e-07     1.332181e-06     -9.236574e-07
3.660000e+01     7.127525e-07     -1.088611e-08     8.840045e-07
3.690000e+01     1.228667e-06     -1.528188e-06     1.489050e-06
3.720000e+01     3.188546e-06     -3.420007e-06     3.408376e-06
3.750000e+01     3.837467e-06     -2.940144e-06     3.883044e-06
3.780000e+01     4.769643e-06     -3.502248e-06     5.734677e-06
3.810000e+01     8.613044e-06     -9.482631e-06     9.837476e-06
3.840000e+01     5.047543e-06     -6.529169e-06     4.125897e-07
3.870000e+01     -9.653137e-07     2.259511e-06     -8.186808e-06
3.900000e+01     -5.860536e-08     2.010301e-06     -2.594012e-06
3.930000e+01     2.334564e-06     -2.384674e-06     -5.830336e-08
3.960000e+01     5.430793e-06     -5.148544e-06     3.199029e-06
3.990000e+01     -6.835627e-06     8.017369e-06     -1.446093e-05
4.020000e+01     -2.039035e-05     2.313907e-05     -1.581513e-05
4.050000e+01     2.195222e-05     -2.224635e-05     3.819223e-05
4.080000e+01     2.653516e-05     -3.624142e-05     1.472146e-05
4.110000e+01     -7.959696e-06     -7.325183e-07     -1.722352e-05
4.140000e+01     -8.222199e-06     2.158152e-05     -1.360289e-05
4.170000e+01     -1.512589e-06     1.947176e-05     -1.539323e-05
4.200000e+01     -1.324841e-05     4.817055e-06     -1.756435e-05
4.230000e+01     -1.786969e-05     1.535639e-05     -3.320024e-06
4.260000e+01     -4.976141e-06     -4.149537e-06     7.658651e-06
4.290000e+01     1.898478e-05     -2.074724e-05     9.430855e-06
4.320000e+01     1.447921e-05     -1.260391e-05     1.748874e-05
4.350000e+01     -4.176632e-06     -4.277542e-06     -4.788459e-06
4.380000e+01     -4.394820e-06     1.527177e-05     -1.428820e-06
4.410000e+01     -7.643002e-06     2.228738e-05     -1.493312e-05
4.440000e+01     -2.018019e-05     2.633146e-05     -1.896540e-05
4.470000e+01     -1.648562e-06     -7.168166e-06     -2.098525e-06
4.500000e+01     -1.934345e-05     1.271816e-05     -2.010922e-05
4.530000e+01     -1.167912e-06     4.603886e-06     2.994724e-05
4.560000e+01     3.419203e-05     -2.519539e-05     1.468321e-05
4.590000e+01     -2.850937e-05     2.777739e-05     -3.333078e-05
4.620000e+01     -1.057694e-05     1.143866e-05     2.922804e-05
4.650000e+01     2.352415e-05     -1.064039e-05     2.291044e-07
4.680000e+01     -3.669993e-06     -5.831887e-07     1.173880e-05
4.710000e+01     1.021630e-06     -1.562355e-05     3.218206e-06
4.740000e+01     9.579526e-06     1.273576e-05     -1.898523e-05
4.770000e+01     1.072835e-05     -1.094511e-05     8.546491e-06
4.800000e+01     7.048229e-06     -6.650893e-06     4.392517e-06
4.830000e+01     -1.500990e-05     5.707896e-08     -6.491044e-06
4.860000e+01     -3.444926e-07     -8.062509e-06     6.598704e-06
4.890000e+01     2.564048e-05     -2.208530e-05     2.115853e-05
4.920000e+01     1.012388e-05     -6.151592e-06     -1.160900e-06
4.950000e+01     -8.443507e-06     1.525571e-05     -2.136889e-05
4.980000e+01     2.319628e-06     -5.103702e-06     1.326458e-05
5.010000e+01     1.117849e-05     -8.726677e-07     1.117605e-05
5.040000e+01     -6.763445e-07     -2.032195e-07     -1.317633e-05
5.070000e+01     -2.797094e-06     -9.558374e-06     8.113192e-06
5.100000e+01     -3.311886e-06     -1.086690e-05     1.148925e-05
5.130000e+01     1.126349e-05     -1.856872e-07     -8.100954e-06
5.160000e+01     -8.159655e-07     1.871691e-05     -1.647144e-05
5.190000e+01     -8.571991e-06     3.578703e-06     -1.301919e-06
5.220000e+01     9.933869e-06     -1.735763e-05     1.646659e-05
5.250000e+01     1.929460e-06     3.826152e-06     -9.168215e-06
5.280000e+01     -7.943194e-06     8.832396e-06     -1.281582e-05
5.310000e+01     -9.305613e-06     3.855217e-06     5.029253e-06
5.340000e+01     1.001009e-05     -3.604015e-06     1.200042e-05
5.370000e+01     -2.264038e-06     -4.683379e-07     -1.376783e-05
5.400000e+01     -3.463229e-06     6.969295e-06     6.285197e-07
5.430000e+01     1.970562e-06     4.636879e-07     5.753318e-06
5.460000e+01     5.008467e-06     4.544464e-06     -9.727734e-06
5.490000e+01     -1.000443e-05     4.136350e-06     -1.697427e-05
5.520000e+01     7.667839e-07     -4.032983e-06     1.806918e-05
5.550000e+01     5.829131e-06     -1.237554e-05     -2.873314e-06
5.580000e+01     -7.242577e-06     1.158238e-05     -3.832544e-06
5.610000e+01     -4.247939e-06     -1.172437e-05     1.065360e-05
5.640000e+01     3.893944e-06     2.848015e-06     9.872359e-06
5.670000e+01     1.760529e-05     -6.442989e-07     3.125621e-06
5.700000e+01     4.322172e-06     -1.438316e-05     3.916495e-06
5.730000e+01     9.947749e-06     -5.589163e-06     7.476834e-06
5.760000e+01     -1.366071e-06     -1.371837e-05     -4.543126e-06
5.790000e+01     -4.729421e-06     1.265889e-05     -1.308115e-05
5.820000e+01     5.975243e-06     5.641471e-06     4.517376e-07
5.850000e+01     4.119936e-06     -1.568861e-05     -5.428807e-06
5.880000e+01     -8.385119e-06     -5.110682e-06     -1.207086e-05
5.910000e+01     -1.649495e-06     8.380636e-06     -3.729191e-06
5.940000e+01     3.725299e-07     1.054870e-05     5.539559e-06
5.970000e+01     1.426186e-06     -5.239345e-06     7.342802e-07
6.000000e+01     5.204236e-06     -3.500427e-06     -1.432793e-05
6.030000e+01     1.150295e-05     9.190199e-06     -1.239173e-05
6.060000e+01     1.522893e-05     8.361478e-07     5.896737e-06
6.090000e+01     4.334094e-06     -7.190103e-07     7.241523e-06
6.120000e+01     -2.975205e-06     1.662091e-06     8.360154e-06
6.150000e+01     1.064930e-05     1.706191e-05     2.058578e-05
6.180000e+01     1.463007e-05     -6.808221e-07     2.002718e-05
6.210000e+01     1.866080e-05     7.224206e-06     8.408068e-06
6.240000e+01     -1.448293e-06     1.689962e-05     -1.135342e-05
6.270000e+01     -9.546852e-06     -1.359202e-05     9.939507e-07
6.300000e+01     -9.852649e-06     -2.619228e-06     2.931147e-06
6.330000e+01     -9.720047e-06     7.481984e-07     -2.444724e-05
6.360000e+01     -8.888231e-06     -6.548248e-06     -3.275381e-05
6.390000e+01     1.075601e-05     3.041525e-06     -7.722208e-07
6.420000e+01     1.989645e-05     -1.018947e-05     -1.241333e-05
6.450000e+01     -8.468500e-06     -6.623470e-06     -1.015887e-05
6.480000e+01     -5.941215e-06     -1.722355e-05     4.806930e-06
6.510000e+01     -1.312247e-06     -1.834478e-05     1.957786e-05
6.540000e+01     -1.526955e-07     1.270963e-05     1.425142e-05
6.570000e+01     1.979602e-05     6.550872e-06     2.490875e-05
6.600000e+01     1.548986e-05     -2.496599e-06     6.611692e-06
6.630000e+01     -6.216866e-06     1.173591e-05     4.723455e-06
6.660000e+01     1.653018e-05     2.937943e-05     -1.096046e-05
6.690000e+01     -2.415270e-05     -9.198933e-06     2.360136e-05
6.720000e+01     9.705690e-06     -1.717879e-05     -1.999690e-05
6.750000e+01     1.542718e-05     1.627537e-07     1.816546e-05
6.780000e+01     -1.916331e-05     -2.760762e-05     1.438099e-05
6.810000e+01     -5.685496e-05     -2.422962e-05     1.611148e-07
6.840000e+01     -1.013712e-05     -9.275601e-06     -2.962183e-05
6.870000e+01     -1.695440e-06     9.398247e-07     1.425784e-05
6.900000e+01     -2.376374e-05     -9.935411e-06     2.404828e-05
6.930000e+01     -7.000243e-07     2.706977e-05     -2.358217e-05
6.960000e+01     4.316441e-05     6.189014e-05     -3.243342e-05
6.990000e+01     1.955008e-05     4.123274e-05     -2.188785e-05
7.020000e+01     -1.617150e-06     -5.238495e-05     -5.807283e-06
7.050000e+01     2.050102e-06     -6.836508e-05     -3.769744e-05
7.080000e+01     -4.712812e-05     -5.917250e-05     3.914094e-05
7.110000e+01     -2.456681e-06     -3.113425e-05     3.865386e-05
7.140000e+01     -8.467738e-06     -5.764312e-05     5.340796e-05
7.170000e+01     6.540222e-06     -5.963090e-05     -8.168042e-06
7.200000e+01     -4.414330e-05     -1.793272e-05     2.839245e-05
7.230000e+01     -6.755068e-05     5.828838e-05     4.693455e-05
7.260000e+01     4.511551e-05     6.592060e-05     3.946960e-05
7.290000e+01     2.902878e-05     9.530978e-05     -1.398210e-05
7.320000e+01     -2.636861e-06     5.312930e-05     -6.942714e-05
7.350000e+01     -1.545403e-05     -2.561059e-06     -5.305043e-05
7.380000e+01     -6.643985e-06     1.106893e-05     -1.786261e-05
7.410000e+01     8.578922e-05     3.806454e-05     -1.722155e-06
7.440000e+01     1.273122e-04     1.826104e-05     -3.520789e-06
7.470000e+01     9.214151e-06     -5.921456e-05     -3.334739e-05
7.500000e+01     -3.033733e-05     3.637390e-06     2.232756e-06
7.530000e+01     7.600060e-06     1.092032e-05     2.870142e-05
7.560000e+01     3.287714e-06     -1.441542e-05     6.661883e-05
7.590000e+01     4.104122e-06     7.396957e-06     -6.860336e-06
7.620000e+01     -1.094580e-05     4.162716e-05     -1.702729e-05
7.650000e+01     -1.023387e-05     -1.548674e-05     -1.015508e-05
7.680000e+01     -3.066400e-05     -8.058502e-05     -2.008634e-05
7.710000e+01     -2.071714e-05     1.346873e-06     9.051666e-06
7.740000e+01     -1.792728e-05     -5.473680e-06     1.837882e-05
7.770000e+01     -2.895296e-05     -4.098860e-05     3.632503e-06
7.800000e+01     -2.812713e-05     -1.759467e-05     -1.125255e-05
7.830000e+01     1.156329e-05     2.213068e-05     -1.454479e-05
7.860000e+01     1.347734e-05     2.809550e-05     4.900017e-06
7.890000e+01     1.948789e-05     -1.312420e-06     -5.036472e-06
7.920000e+01     7.726962e-06     -2.510885e-05     -7.670877e-06
7.950000e+01     3.046698e-05     4.470506e-05     1.297182e-05
7.980000e+01     5.396422e-05     2.694068e-05     -7.633588e-06
8.010000e+01     -1.037152e-05     -1.240637e-05     1.998303e-05
8.040000e+01     -3.182075e-05     3.274896e-07     -7.330908e-06
8.070000e+01     -1.157347e-05     -9.768582e-06     1.092401e-05
8.100000e+01     6.878824e-06     -2.033923e-05     1.887113e-05
8.130000e+01     -3.242436e-06     -1.660833e-05     -3.554921e-07
8.160000e+01     -3.211574e-05     -1.529247e-05     2.069270e-05
8.190000e+01     -5.859048e-06     8.198088e-06     2.159217e-05
8.220000e+01     2.510984e-06     5.768302e-06     1.373819e-05
8.250000e+01     -2.240658e-05     -8.805889e-08     8.612657e-07
8.280000e+01     -5.824436e-05     -9.568215e-06     -2.878616e-05
8.310000e+01     -4.911400e-05     1.483025e-05     -2.291746e-05
8.340000e+01     2.126928e-05     5.595555e-06     -4.669830e-05
8.370000e+01     1.188422e-05     3.492290e-05     -5.017674e-05
8.400000e+01     -6.975902e-06     1.401268e-05     -3.191064e-05
8.430000e+01     4.909264e-05     -2.283898e-05     -3.378682e-05
8.460000e+01     6.176176e-05     -1.511036e-05     -2.215963e-05
8.490000e+01     2.233258e-05     -2.070048e-05     -1.357338e-05
8.520000e+01     3.733692e-05     1.059364e-05     -2.030364e-06
8.550000e+01     3.966404e-05     -3.404244e-05     4.021393e-05
8.580000e+01     2.010037e-05     -1.916153e-05     4.717600e-05
8.610000e+01     1.120409e-05     9.519049e-07     3.611184e-05
8.640000e+01     -8.200452e-06     -3.171875e-06     3.737778e-05
8.670000e+01     -2.546508e-05     7.809016e-06     1.953362e-05
8.700000e+01     -2.987516e-05     -4.777769e-06     -7.175150e-07
8.730000e+01     -3.036942e-05     1.921289e-05     1.809425e-05
8.760000e+01     -2.671220e-05     5.357603e-06     1.795446e-05
8.790000e+01     1.046702e-05     3.029054e-06     2.676780e-06
8.820000e+01     -1.187270e-05     -2.072894e-05     -3.245407e-05
8.850000e+01     -1.937244e-05     -2.070953e-05     -8.498648e-06
8.880000e+01     3.198119e-05     -1.361879e-06     1.508821e-05
8.910000e+01     4.353567e-05     -7.159455e-07     -5.927663e-06
8.940000e+01     2.096860e-05     -1.003989e-05     -1.581959e-05
8.970000e+01     7.779615e-06     1.354985e-05     -3.853242e-06
9.000000e+01     6.322282e-06     8.286219e-06     1.956559e-05
9.030000e+01     -6.476148e-06     -9.930228e-06     1.602288e-05
9.060000e+01     -2.684160e-05     3.369600e-05     1.828711e-05
9.090000e+01     -1.093204e-05     3.347074e-05     2.451512e-06
9.120000e+01     -1.012253e-05     1.284581e-05     -1.436076e-06
9.150000e+01     -3.426226e-05     -1.298032e-05     -1.206863e-05
9.180000e+01     -4.388386e-05     -5.455671e-06     -2.577950e-05
9.210000e+01     -3.120647e-05     1.322551e-05     -1.063115e-05
9.240000e+01     -8.133998e-06     -4.151677e-05     -2.442060e-05
9.270000e+01     2.809993e-05     -2.079195e-05     -3.843277e-05
9.300000e+01     3.271295e-05     -6.440581e-06     -1.753310e-05
9.330000e+01     3.402481e-05     -3.670481e-05     4.883084e-06
9.360000e+01     8.524501e-06     -7.870758e-06     2.139197e-05
9.390000e+01     2.124440e-05     -1.210787e-06     2.948141e-05
9.420000e+01     7.941734e-06     -2.730312e-06     3.769126e-05
9.450000e+01     -1.617595e-05     1.773811e-05     1.603019e-05
9.480000e+01     7.152461e-06     1.774026e-05     9.958460e-07
9.510000e+01     2.127640e-05     1.745807e-05     -4.435812e-06
9.540000e+01     6.078628e-06     2.132624e-05     -1.276287e-05
9.570000e+01     -3.080635e-06     1.614895e-05     -2.407746e-05
9.600000e+01     -1.565991e-06     -4.548048e-06     -1.998942e-05
9.630000e+01     -1.268365e-06     -8.943801e-06     -1.155622e-06
9.660000e+01     7.216849e-06     -1.664242e-05     -4.833784e-06
9.690000e+01     -2.721736e-05     -4.856315e-06     2.047806e-05
9.720000e+01     -2.551708e-05     -2.745791e-06     2.268385e-05
9.750000e+01     -8.188303e-06     -2.654844e-07     2.096916e-05
9.780000e+01     2.108172e-06     -1.477282e-05     -2.888970e-06
9.810000e+01     1.962697e-05     -4.686540e-06     -1.342252e-05
9.840000e+01     1.843535e-05     1.411973e-05     -1.186978e-05
9.870000e+01     3.251717e-06     1.173988e-05     -2.713532e-05
9.900000e+01     2.436852e-06     -1.524600e-05     -1.431664e-05
9.930000e+01     4.375111e-06     -2.904451e-05     -1.322647e-05
9.960000e+01     1.124687e-05     -1.995382e-05     -5.852321e-06
9.990000e+01     1.284919e-05     -2.287669e-05     2.906223e-05
1.002000e+02     -1.705948e-05     -2.030212e-05     4.837372e-05
1.005000e+02     -3.243080e-05     4.813405e-06     2.890216e-05
1.008000e+02     -1.178937e-05     2.396804e-05     1.302352e-05
1.011000e+02     2.200894e-06     2.250064e-05     8.799080e-06
1.014000e+02     -5.738736e-06     2.580938e-05     -1.508954e-06
1.017000e+02     -3.958564e-06     2.971474e-05     -2.070529e-05
1.020000e+02     1.484766e-05     3.295433e-06     -2.353761e-05
1.023000e+02     2.151402e-05     1.893688e-06     -3.073295e-05
1.026000e+02     9.003064e-06     1.224648e-05     -2.846971e-05
1.029000e+02     -3.401259e-06     7.061371e-06     -3.631489e-05
1.032000e+02     1.740643e-05     -1.105470e-05     -1.539987e-05
1.035000e+02     2.054315e-05     -2.889076e-05     1.237870e-05
1.038000e+02     1.595959e-05     -2.890678e-05     1.097852e-05
1.041000e+02     1.391028e-06     -2.893341e-05     2.145863e-05
1.044000e+02     -2.736876e-06     -1.441756e-05     2.830474e-05
1.047000e+02     -9.957780e-06     -6.042112e-06     2.243446e-05
1.050000e+02     -1.008810e-05     2.530637e-06     2.241295e-05
1.053000e+02     -1.645621e-05     -3.385233e-06     1.395037e-05
1.056000e+02     -1.138326e-05     -1.059040e-06     4.975251e-06
1.059000e+02     -1.159315e-05     4.890698e-07     -1.842758e-06
1.062000e+02     -1.543490e-05     -1.997460e-06     -1.314459e-06
1.065000e+02     7.827397e-10     6.130591e-06     -5.283338e-06
1.068000e+02     -1.490414e-05     1.394349e-05     -1.297950e-05
1.071000e+02     8.265042e-06     1.228160e-05     -1.660535e-05
1.074000e+02     2.283325e-05     3.525529e-06     -1.223038e-05
1.077000e+02     2.608321e-06     1.013382e-05     -1.092527e-05
1.080000e+02     2.301761e-06     1.820433e-06     -1.873930e-05
1.083000e+02     1.298753e-05     -3.326618e-06     -5.501670e-06
1.086000e+02     1.358206e-05     -9.228022e-06     1.352770e-05
1.089000e+02     4.442639e-06     -1.539928e-05     1.482275e-05
1.092000e+02     -6.617746e-06     -6.490162e-06     8.119406e-06
1.095000e+02     -4.742683e-06     7.297318e-06     1.569326e-05
1.098000e+02     -4.833491e-06     1.335647e-05     8.434831e-06
1.101000e+02     4.066568e-06     -1.482779e-05     -6.819020e-06
1.104000e+02     -3.159719e-07     -1.196573e-05     -9.455231e-06
1.107000e+02     -9.020650e-06     -3.329578e-07     -1.342618e-06
1.110000e+02     -2.806924e-06     -1.513409e-06     4.416737e-06
1.113000e+02     4.459323e-06     -8.537186e-06     -6.663560e-06
1.116000e+02     1.057541e-05     -5.716027e-06     -2.824978e-07
1.119000e+02     6.348868e-06     6.236983e-06     -4.148054e-06
1.122000e+02     1.474663e-06     1.320208e-05     -1.010269e-05
1.125000e+02     3.873575e-06     1.107408e-05     -8.670121e-06
1.128000e+02     2.759778e-06     -2.000011e-06     -7.858148e-06
1.131000e+02     9.842969e-06     -4.864833e-06     -4.026457e-06
1.134000e+02     9.619917e-06     -1.697927e-05     7.931296e-06
1.137000e+02     -2.263390e-06     -1.768170e-05     2.241219e-05
1.140000e+02     -9.072387e-06     -5.697163e-06     2.597035e-05
1.143000e+02     -7.377873e-06     2.397959e-06     2.506220e-06
1.146000e+02     -7.440725e-06     3.037497e-06     -2.289431e-06
1.149000e+02     -1.164202e-05     -6.141799e-06     2.390909e-06
1.152000e+02     -1.200543e-05     3.417644e-06     -2.867752e-06
1.155000e+02     2.325423e-06     1.195293e-05     -4.971795e-06
1.158000e+02     1.803830e-06     1.258754e-05     -7.284798e-06
1.161000e+02     -3.238417e-06     2.547441e-06     -8.739726e-06
1.164000e+02     1.108999e-05     1.601945e-06     -9.220997e-06
1.167000e+02     2.559355e-05     1.195762e-05     1.624033e-06
1.170000e+02     8.083089e-06     -3.765904e-06     1.987863e-06
1.173000e+02     -7.425119e-07     -1.420943e-05     -2.720440e-06
1.176000e+02     6.474312e-06     -1.140556e-05     1.724108e-06
1.179000e+02     3.552628e-06     -1.025050e-05     5.724402e-06
1.182000e+02     -1.089936e-05     -8.741300e-06     -5.513675e-07
1.185000e+02     -5.395724e-06     -4.857551e-06     6.708829e-06
1.188000e+02     4.022376e-06     -1.694245e-06     1.189919e-05
1.191000e+02     1.036585e-06     1.602581e-08     8.237407e-06
1.194000e+02     4.046039e-06     -2.462198e-06     3.218333e-07
1.197000e+02     1.882569e-06     8.704585e-06     5.547446e-07
1.200000e+02     1.004344e-06     6.598485e-06     1.235075e-06
1.203000e+02     3.204348e-06     3.054314e-06     -4.143949e-06
1.206000e+02     9.863829e-07     -5.070955e-06     -9.078885e-06
1.209000e+02     -1.441567e-05     -9.376008e-06     -5.542111e-06
1.212000e+02     -1.670066e-05     -1.001194e-05     -1.914113e-06
1.215000e+02     -3.205204e-06     -6.482357e-06     -2.551170e-06
1.218000e+02     -1.060408e-06     -3.157556e-06     -1.135884e-08
1.221000e+02     3.174033e-06     -4.428619e-06     -2.038442e-06
1.224000e+02     1.177879e-05     1.319872e-05     -4.896022e-06
1.227000e+02     1.713051e-05     4.628163e-06     -6.022759e-06
1.230000e+02     1.237845e-05     -6.065794e-06     1.992627e-06
1.233000e+02     1.082038e-05     3.338119e-06     -1.331128e-07
1.236000e+02     8.750520e-06     -2.426158e-06     1.645199e-06
1.239000e+02     1.164457e-06     -9.707138e-06     7.324649e-06
1.242000e+02     -5.177277e-06     -1.506549e-05     4.722252e-06
1.245000e+02     -5.443757e-06     2.446665e-07     3.147070e-06
1.248000e+02     -1.777237e-06     8.099445e-07     -2.402923e-06
1.251000e+02     -3.075571e-06     -1.091071e-05     5.017383e-06
1.254000e+02     -1.099372e-05     -3.492251e-06     1.384296e-05
1.257000e+02     -1.298530e-05     2.129485e-06     1.174687e-05
1.260000e+02     -9.608076e-06     3.123021e-06     4.948551e-06
1.263000e+02     -8.118377e-06     6.934171e-06     5.243544e-07
1.266000e+02     -1.021762e-05     1.209556e-05     -5.272871e-06
1.269000e+02     2.929537e-06     1.039138e-05     -9.851820e-06
1.272000e+02     1.367207e-05     -1.849516e-08     -8.818725e-06
1.275000e+02     -1.249056e-06     2.867236e-06     -8.002593e-06
1.278000e+02     -5.092644e-07     6.097001e-06     -5.599974e-06
1.281000e+02     3.321690e-06     -2.299165e-06     -6.676487e-06
1.284000e+02     3.809211e-06     -7.142729e-06     1.951804e-06
1.287000e+02     1.475064e-05     -8.843086e-06     2.725169e-06
1.290000e+02     1.589000e-05     2.438434e-06     1.015263e-06
1.293000e+02     9.183694e-06     3.983686e-06     5.040792e-06
1.296000e+02     2.213318e-06     -1.389323e-07     4.933624e-06
1.299000e+02     -6.745708e-07     -6.746199e-06     3.917412e-07
1.302000e+02     -4.527273e-06     -1.120518e-05     2.220969e-06
1.305000e+02     -7.191985e-06     -9.366137e-06     -1.061790e-06
1.308000e+02     -3.832113e-06     -1.355203e-05     -7.445350e-06
1.311000e+02     1.414872e-06     -1.601220e-05     -5.208458e-06
1.314000e+02     3.749523e-06     -9.731727e-06     -2.902220e-06
1.317000e+02     3.482493e-07     -8.937944e-06     2.450661e-06
1.320000e+02     4.736827e-07     3.953939e-06     7.454161e-06
1.323000e+02     2.967787e-06     6.150501e-06     5.860583e-06
1.326000e+02     -1.170253e-07     1.168386e-05     -5.677909e-07
1.329000e+02     -6.696875e-06     1.409770e-05     -3.767440e-07
1.332000e+02     -2.912768e-06     8.544904e-06     1.470470e-06
1.335000e+02     2.914350e-06     1.778561e-06     3.344984e-06
1.338000e+02     4.610066e-06     -4.105311e-08     8.808148e-06
1.341000e+02     7.224147e-06     -3.931212e-06     5.595575e-06
1.344000e+02     6.094285e-06     -8.071794e-06     -2.370396e-06
1.347000e+02     2.860707e-06     -2.550366e-06     -4.257950e-06
1.350000e+02     2.146707e-06     -5.212556e-06     -5.439754e-06
1.353000e+02     2.461709e-06     -6.358280e-06     -3.998696e-06
1.356000e+02     1.870840e-06     -3.632920e-06     -6.123735e-06
1.359000e+02     -6.516088e-06     -6.744256e-07     -2.888815e-06
1.362000e+02     -4.426364e-06     -2.447880e-06     -1.923684e-06
1.365000e+02     -2.231633e-06     -2.612664e-06     2.604087e-06
1.368000e+02     -5.076810e-06     -2.076922e-06     7.191490e-06
1.371000e+02     -7.783328e-06     -2.408436e-06     7.609876e-06
1.374000e+02     -5.392117e-06     1.051350e-06     6.312070e-06
1.377000e+02     -9.759805e-07     -5.782100e-07     7.328768e-06
1.380000e+02     -9.972478e-07     -1.043471e-06     4.707599e-06
1.383000e+02     1.364280e-06     -5.012667e-06     -1.322995e-06
1.386000e+02     3.743318e-06     -5.134166e-06     -6.893767e-06
1.389000e+02     2.872360e-06     -8.629344e-06     -4.930397e-06
1.392000e+02     6.432618e-06     -4.221348e-06     -2.505806e-06
1.395000e+02     9.668702e-06     3.668235e-06     6.667732e-07
1.398000e+02     9.814269e-06     3.094190e-06     -4.843609e-07
1.401000e+02     5.593074e-06     7.513160e-07     9.705434e-07
1.404000e+02     4.477445e-06     4.610692e-06     8.562142e-07
1.407000e+02     7.579264e-09     9.461309e-06     -1.237048e-07
1.410000e+02     -2.364570e-06     5.114114e-06     4.003376e-06
1.413000e+02     -4.233181e-06     -1.815532e-06     -1.022497e-06
1.416000e+02     -9.358247e-06     -3.617181e-06     -5.403838e-07
1.419000e+02     -9.597313e-06     -5.614551e-06     1.332143e-06
1.422000e+02     -9.107800e-06     -5.559791e-06     -2.765943e-06
1.425000e+02     -3.163538e-06     -7.247352e-06     -3.246364e-06
1.428000e+02     2.577775e-06     -9.276818e-06     -5.148984e-06
1.431000e+02     8.044394e-06     -4.895517e-06     -7.877147e-06
1.434000e+02     1.150510e-05     2.919354e-06     -8.258624e-06
1.437000e+02     1.435470e-05     2.006833e-06     -7.306009e-06
1.440000e+02     1.019918e-05     -5.622673e-06     -5.381369e-06
1.443000e+02     5.098227e-06     -1.006395e-05     -1.040960e-06
1.446000e+02     -2.030016e-06     -6.316836e-06     9.169532e-06
1.449000e+02     -2.752853e-06     -4.723732e-06     1.590729e-05
1.452000e+02     -1.485392e-07     -6.733886e-06     1.556059e-05
1.455000e+02     7.188786e-07     -3.383598e-06     1.469741e-05
1.458000e+02     -9.766828e-07     4.207624e-06     1.610288e-05
1.461000e+02     -6.166359e-09     5.394275e-06     7.704713e-06
1.464000e+02     1.548940e-07     9.822016e-06     -1.041762e-06
1.467000e+02     -2.285180e-06     1.577423e-05     -7.086578e-06
1.470000e+02     6.627133e-07     8.958561e-06     -8.605654e-06
1.473000e+02     1.576662e-06     3.052302e-06     -6.209934e-06
1.476000e+02     5.137532e-07     2.529393e-07     -4.723936e-06
1.479000e+02     -4.928475e-06     -6.122729e-06     -5.809232e-06
1.482000e+02     -8.689960e-06     -1.070435e-05     -5.649481e-06
1.485000e+02     -1.139665e-05     -8.884943e-06     -5.079665e-06
1.488000e+02     -8.356986e-06     -8.745237e-06     -3.554942e-06
1.491000e+02     -2.587383e-06     -1.161816e-05     -2.640050e-06
1.494000e+02     -1.487597e-06     -1.214395e-05     -6.208389e-07
1.497000e+02     5.450441e-07     -8.369542e-06     2.993476e-06
1.500000e+02     5.641328e-06     -6.665099e-06     1.809487e-06
1.503000e+02     5.047431e-06     -1.045067e-05     3.452215e-06
1.506000e+02     3.954291e-06     -9.878593e-06     4.995365e-06
1.509000e+02     5.004002e-06     -1.019138e-06     4.943173e-06
1.512000e+02     4.608795e-06     8.766348e-06     6.189874e-06
1.515000e+02     1.117579e-06     9.165563e-06     7.238265e-06
1.518000e+02     3.262651e-06     6.889508e-06     3.316485e-06
1.521000e+02     5.700000e-06     7.525749e-06     -2.907099e-06
1.524000e+02     6.609832e-06     9.579801e-06     -4.306873e-06
1.527000e+02     6.915934e-06     7.484243e-06     -3.796249e-06
1.530000e+02     1.113500e-06     3.138882e-06     -3.006211e-06
1.533000e+02     -3.422428e-06     -1.229158e-06     -2.503259e-06
1.536000e+02     -3.627306e-06     -8.504117e-06     -3.169253e-07
1.539000e+02     -1.678682e-06     -1.296322e-05     5.084540e-07
1.542000e+02     -8.893927e-07     -1.124196e-05     -1.358151e-06
1.545000e+02     1.568426e-07     -4.738156e-06     -2.691902e-06
1.548000e+02     4.056140e-06     -2.955798e-06     -2.010185e-06
1.551000e+02     6.626249e-06     -1.890559e-06     1.939631e-06
1.554000e+02     2.436496e-06     3.462549e-07     1.602497e-06
1.557000e+02     3.775990e-06     4.165766e-06     1.007253e-06
1.560000e+02     6.152631e-06     4.281279e-06     -2.413445e-07
1.563000e+02     3.720610e-06     -3.620144e-06     2.721181e-07
1.566000e+02     -4.319018e-06     -8.313824e-06     5.384587e-06
1.569000e+02     -9.534674e-06     -6.919573e-06     9.234649e-06
1.572000e+02     -1.168034e-05     -3.932338e-06     7.827789e-06
1.575000e+02     -1.098270e-05     -1.245827e-06     6.746993e-06
1.578000e+02     -7.166225e-06     -1.273398e-06     8.130945e-06
1.581000e+02     -3.463396e-06     -2.015424e-07     2.960502e-06
1.584000e+02     1.453502e-06     5.863029e-06     -4.898701e-06
1.587000e+02     9.715470e-06     4.062722e-06     -8.449187e-06
1.590000e+02     1.002576e-05     2.262561e-06     -8.311031e-06
1.593000e+02     1.030875e-05     -4.781406e-07     -5.465253e-06
1.596000e+02     8.601095e-06     -5.838491e-06     -2.274699e-06
1.599000e+02     3.331059e-06     -2.528607e-06     -1.599071e-06
1.602000e+02     -3.807555e-07     -2.708849e-06     -2.268337e-06
1.605000e+02     -1.257001e-07     -4.764146e-06     -6.685297e-07
1.608000e+02     1.050913e-06     -4.624519e-06     1.614386e-06
1.611000e+02     5.947332e-07     -4.744888e-06     1.992301e-06
1.614000e+02     -4.418893e-06     -6.373909e-06     5.353664e-06
1.617000e+02     -6.517777e-06     -4.478476e-06     8.408650e-06
1.620000e+02     -4.655885e-06     -1.288149e-06     6.165280e-06
1.623000e+02     -4.516148e-06     -1.553671e-06     3.491681e-06
1.626000e+02     -5.467549e-06     -4.760514e-06     1.026675e-06
1.629000e+02     -5.648902e-06     -7.384409e-06     -4.000866e-06
1.632000e+02     -3.865496e-06     -5.149326e-06     -8.272055e-06
1.635000e+02     -3.474469e-06     -4.305484e-06     -8.686339e-06
1.638000e+02     2.810706e-07     -3.411242e-06     -6.718971e-06
1.641000e+02     2.662559e-06     -2.141462e-06     -1.912650e-06
1.644000e+02     4.247144e-06     3.804166e-06     1.654257e-06
1.647000e+02     7.557213e-06     1.050847e-05     3.116437e-06
1.650000e+02     1.327669e-05     1.068254e-05     2.643246e-06
1.653000e+02     1.066512e-05     5.338327e-06     4.499818e-06
1.656000e+02     3.082099e-06     3.471753e-07     4.484464e-06
1.659000e+02     8.903504e-07     -3.563370e-06     3.285002e-06
1.662000e+02     -1.779822e-06     -4.817257e-06     3.491241e-06
1.665000e+02     -3.529208e-06     -5.303958e-06     2.532234e-06
1.668000e+02     -2.110602e-06     -8.319299e-06     3.062168e-07
1.671000e+02     1.714821e-06     -1.020173e-05     -8.935404e-07
1.674000e+02     4.839212e-06     -8.023815e-06     -1.316856e-06
1.677000e+02     7.070623e-06     -1.455651e-06     -1.974715e-06
1.680000e+02     2.001774e-06     4.569257e-06     1.072726e-07
1.683000e+02     -2.511944e-06     4.326186e-06     -4.032722e-07
1.686000e+02     -5.609544e-06     1.021567e-07     -3.012529e-06
1.689000e+02     -6.963386e-06     -5.232462e-06     -2.754898e-06
1.692000e+02     -3.496053e-06     -9.033215e-06     1.421777e-06
1.695000e+02     -2.471222e-06     -8.037573e-06     5.110010e-06
1.698000e+02     -2.744134e-06     -4.217479e-06     5.691827e-06
1.701000e+02     -4.783195e-06     2.434996e-06     4.790596e-06
1.704000e+02     -5.495291e-06     6.787060e-06     4.320169e-06
1.707000e+02     -2.811935e-06     5.988445e-06     2.985199e-06
1.710000e+02     -1.166317e-06     4.055751e-06     6.233064e-07
1.713000e+02     -1.894480e-07     1.083265e-06     -1.991904e-06
1.716000e+02     5.732375e-06     1.089229e-07     -5.171344e-07
1.719000e+02     1.052660e-05     2.006008e-06     4.541122e-07
1.722000e+02     1.069684e-05     1.280417e-06     1.341494e-07
1.725000e+02     9.160397e-06     -3.147259e-06     -2.393537e-06
1.728000e+02     3.573371e-06     -5.971911e-06     -5.920892e-06
1.731000e+02     -4.012064e-07     -7.731513e-06     -5.698145e-06
1.734000e+02     -3.024898e-06     -1.046652e-05     -3.393335e-06
1.737000e+02     -9.597544e-07     -8.697070e-06     -1.521686e-07
1.740000e+02     1.211934e-06     -2.970055e-06     3.688042e-06
1.743000e+02     -3.638076e-07     2.362452e-06     4.867459e-06
1.746000e+02     -2.534026e-06     -9.737354e-07     5.402669e-06
1.749000e+02     -3.862591e-06     -4.099914e-06     5.743208e-06
1.752000e+02     -3.755306e-06     -2.631215e-06     3.576566e-06
1.755000e+02     -4.407295e-06     -2.875967e-07     8.394484e-07
1.758000e+02     -7.480748e-06     -5.518230e-07     -2.279749e-06
1.761000e+02     -8.997435e-06     -2.880219e-06     -3.730674e-06
1.764000e+02     -5.366945e-06     -1.629533e-07     -3.195391e-06
1.767000e+02     -8.373296e-07     2.302113e-06     -6.578069e-07
1.770000e+02     4.762087e-06     1.517868e-06     2.108606e-06
1.773000e+02     7.415672e-06     1.860910e-06     3.140903e-06
1.776000e+02     6.891721e-06     1.035369e-06     1.059204e-06
1.779000e+02     4.770115e-06     -2.137426e-06     -1.280898e-06
1.782000e+02     1.240760e-06     -5.723191e-06     -1.440966e-06
1.785000e+02     9.595888e-07     -8.052997e-06     -4.468134e-07
1.788000e+02     3.200566e-06     -7.096368e-06     -8.501607e-07
1.791000e+02     3.450438e-06     -2.156128e-06     -3.494170e-06
1.794000e+02     2.017657e-06     -7.739523e-08     -4.853954e-06
1.797000e+02     7.552784e-07     1.231311e-06     -4.750332e-06
1.800000e+02     -1.105252e-06     1.785467e-06     -2.971151e-06
1.803000e+02     -3.972191e-06     1.283935e-06     1.166928e-06
1.806000e+02     -5.292053e-06     9.436762e-07     6.134389e-06
1.809000e+02     -5.611119e-06     1.160856e-06     7.448123e-06
1.812000e+02     -4.525478e-06     3.792834e-06     6.670107e-06
1.815000e+02     -2.203729e-06     2.922843e-06     7.155408e-06
1.818000e+02     -9.094624e-07     -9.027022e-08     7.294800e-06
1.821000e+02     7.268805e-07     -1.984664e-06     3.297307e-06
1.824000e+02     2.535635e-06     -5.579662e-06     -9.850310e-07
1.827000e+02     1.835869e-06     -6.524960e-06     -4.010215e-06
1.830000e+02     1.684010e-06     -5.723401e-06     -5.563571e-06
1.833000e+02     2.859285e-06     -3.613688e-06     -4.137973e-06
1.836000e+02     1.195539e-06     -2.439407e-06     -2.638551e-06
1.839000e+02     -2.579208e-06     -7.252098e-07     -1.380316e-06
1.842000e+02     -3.631812e-06     5.644307e-07     4.434459e-07
1.845000e+02     -1.578212e-06     2.564250e-06     6.905001e-07
1.848000e+02     1.041192e-07     6.113099e-06     -2.436114e-06
1.851000e+02     1.662037e-06     7.465067e-06     -4.561231e-06
1.854000e+02     2.613327e-06     4.318780e-06     -3.305838e-06
1.857000e+02     2.439088e-06     -5.787385e-07     3.284018e-07
1.860000e+02     2.331043e-06     -1.896444e-06     3.040874e-06
1.863000e+02     1.314421e-06     -2.707950e-06     3.773280e-06
1.866000e+02     1.663471e-06     -3.788659e-06     3.501269e-06
1.869000e+02     2.181949e-06     -5.955537e-06     4.276151e-06
1.872000e+02     -5.538235e-07     -9.017589e-06     4.324407e-06
1.875000e+02     -1.489290e-06     -8.579370e-06     2.570429e-06
1.878000e+02     -1.503263e-06     -7.158985e-06     4.496795e-07
1.881000e+02     -2.791947e-06     -4.994290e-06     -1.419798e-06
1.884000e+02     -5.075985e-06     -4.417842e-07     -2.660709e-06
1.887000e+02     -4.591717e-06     2.076994e-06     -3.265130e-06
1.890000e+02     -2.031683e-06     2.284704e-06     -2.377932e-06
1.893000e+02     2.378335e-06     3.635046e-06     -1.592934e-06
1.896000e+02     4.116267e-06     5.352281e-06     -5.903350e-08
1.899000e+02     2.305306e-06     6.358238e-06     1.008777e-06
1.902000e+02     2.181641e-06     5.154993e-06     1.569919e-06
1.905000e+02     9.291622e-07     1.724246e-06     3.312210e-06
1.908000e+02     -2.201211e-06     -1.850461e-06     3.231853e-06
1.911000e+02     -2.475944e-06     -4.067514e-06     1.671988e-06
1.914000e+02     -8.345064e-07     -4.280127e-06     6.370535e-07
1.917000e+02     -4.647357e-07     -5.324914e-06     9.008858e-07
1.920000e+02     -2.040101e-06     -6.967774e-06     4.425420e-07
1.923000e+02     -2.927240e-06     -6.587126e-06     -2.868413e-06
1.926000e+02     -2.704736e-06     -4.014002e-06     -4.977792e-06
1.929000e+02     -7.859087e-07     -3.732368e-08     -5.798997e-06
1.932000e+02     5.213632e-07     4.660569e-06     -4.836503e-06
1.935000e+02     3.052056e-06     7.654866e-06     -3.251732e-06
1.938000e+02     4.888858e-06     6.959127e-06     -6.996671e-07
1.941000e+02     3.279015e-06     5.068214e-06     2.121927e-06
1.944000e+02     -2.085025e-07     4.076509e-06     3.484869e-06
1.947000e+02     -1.031476e-06     1.882452e-06     3.330809e-06
1.950000e+02     7.136849e-07     -7.261982e-07     2.696010e-06
1.953000e+02     1.210770e-06     -4.075827e-06     2.678132e-06
1.956000e+02     4.449378e-07     -7.082015e-06     3.150823e-06
1.959000e+02     1.235380e-06     -8.378312e-06     3.639088e-06
1.962000e+02     1.100228e-06     -8.317241e-06     3.510915e-06
1.965000e+02     1.973927e-07     -6.920101e-06     1.394100e-06
1.968000e+02     -2.288748e-06     -5.388620e-06     -3.078956e-07
1.971000e+02     -5.938108e-06     -4.071061e-06     -5.835412e-07
1.974000e+02     -6.987268e-06     -9.717337e-07     1.231909e-07
1.977000e+02     -6.533464e-06     5.295666e-06     -1.316455e-07
1.980000e+02     -5.008181e-06     1.003365e-05     -8.187306e-07
1.983000e+02     -2.819336e-06     1.227801e-05     -1.681054e-06
1.986000e+02     1.551130e-08     1.105220e-05     -2.097394e-06
1.989000e+02     1.076797e-06     5.670317e-06     -2.651120e-06
1.992000e+02     -4.174310e-07     -7.686143e-07     -4.424888e-06
1.995000e+02     -2.744855e-07     -5.768236e-06     -5.487865e-06
1.998000e+02     -6.032817e-07     -8.069750e-06     -5.305665e-06
2.001000e+02     1.288292e-07     -8.335931e-06     -4.116607e-06
2.004000e+02     2.333729e-06     -7.946553e-06     -1.675623e-06
2.007000e+02     2.967327e-06     -7.165857e-06     1.000091e-06
2.010000e+02     2.656165e-06     -3.824388e-06     3.285042e-06
2.013000e+02     3.938787e-06     -1.278858e-06     3.625295e-06
2.016000e+02     4.105259e-06     1.153636e-06     2.890178e-06
2.019000e+02     3.352277e-06     3.361748e-06     1.240009e-06
2.022000e+02     1.544699e-06     3.147818e-06     1.401821e-06
2.025000e+02     -6.214275e-07     9.654983e-07     9.029194e-07
2.028000e+02     -9.576732e-07     -6.579997e-07     5.644477e-07
2.031000e+02     -5.705240e-07     -5.488293e-07     2.428840e-06
2.034000e+02     -1.274692e-06     -2.676622e-07     4.217865e-06
2.037000e+02     -2.025411e-06     -1.513505e-06     2.968891e-06
2.040000e+02     -2.618589e-06     -1.949819e-06     2.507420e-06
2.043000e+02     -3.469993e-06     -8.255607e-07     3.018731e-06
2.046000e+02     -4.184034e-06     1.800665e-06     3.273231e-06
2.049000e+02     -3.636273e-06     5.696692e-06     2.014694e-06
2.052000e+02     -2.744428e-06     7.792104e-06     -2.229146e-07
2.055000e+02     -2.384850e-06     6.303192e-06     -3.493261e-06
2.058000e+02     -1.745499e-06     3.510402e-06     -7.425003e-06
2.061000e+02     1.410036e-06     1.638278e-07     -9.666509e-06
2.064000e+02     3.443701e-06     -2.082898e-06     -7.154335e-06
2.067000e+02     3.874447e-06     -3.916106e-06     -2.894805e-06
2.070000e+02     4.586260e-06     -4.467151e-06     3.805770e-07
2.073000e+02     4.411365e-06     -5.292574e-06     1.582125e-06
2.076000e+02     2.661678e-06     -4.886607e-06     1.925671e-06
2.079000e+02     2.052593e-07     -2.343602e-06     2.068320e-06
2.082000e+02     -3.189285e-06     6.522197e-07     1.768204e-06
2.085000e+02     -5.611330e-06     2.946982e-06     1.511142e-06
2.088000e+02     -7.107164e-06     5.121889e-06     4.576218e-07
2.091000e+02     -6.975279e-06     5.289814e-06     -1.192490e-06
2.094000e+02     -5.557290e-06     2.308220e-06     -2.612869e-06
2.097000e+02     -4.013439e-06     -1.523354e-06     -2.898076e-06
2.100000e+02     -2.416489e-06     -4.977610e-06     -5.067677e-07
2.103000e+02     -2.598555e-07     -6.393318e-06     2.494265e-06
2.106000e+02     1.887852e-06     -6.563093e-06     4.738677e-06
2.109000e+02     2.768999e-06     -5.387588e-06     5.342338e-06
2.112000e+02     6.476497e-07     -1.255630e-06     5.162191e-06
2.115000e+02     -8.569248e-07     2.356017e-06     4.093186e-06
2.118000e+02     2.258963e-07     4.526963e-06     2.537297e-06
2.121000e+02     1.476774e-06     6.571043e-06     -2.264701e-07
2.124000e+02     1.940530e-06     8.225809e-06     -3.287367e-06
2.127000e+02     2.837539e-06     7.108860e-06     -5.604119e-06
2.130000e+02     3.839716e-06     4.643787e-06     -7.693304e-06
2.133000e+02     4.024669e-06     2.879709e-06     -9.006476e-06
2.136000e+02     3.422701e-06     1.021895e-06     -8.499271e-06
2.139000e+02     3.055951e-06     -1.078862e-06     -6.239066e-06
2.142000e+02     1.503144e-06     -3.526027e-06     -3.204173e-06
2.145000e+02     -6.259348e-07     -5.750843e-06     -5.256327e-07
2.148000e+02     -3.847598e-06     -6.504012e-06     1.743654e-06
2.151000e+02     -6.567819e-06     -6.257755e-06     4.068310e-06
2.154000e+02     -7.453761e-06     -5.376298e-06     6.330896e-06
2.157000e+02     -7.581334e-06     -3.607127e-06     7.034515e-06
2.160000e+02     -6.802477e-06     -7.817496e-07     7.912818e-06
2.163000e+02     -4.368806e-06     1.861555e-06     7.786075e-06
2.166000e+02     -7.237255e-07     4.166787e-06     5.078723e-06
2.169000e+02     2.743207e-06     4.972656e-06     2.039763e-06
2.172000e+02     3.712140e-06     3.698757e-06     -2.257287e-08
2.175000e+02     2.950599e-06     1.123040e-06     -2.781712e-06
2.178000e+02     1.675448e-06     -1.150435e-06     -5.963976e-06
2.181000e+02     1.512189e-06     -1.617966e-06     -8.047147e-06
2.184000e+02     2.274727e-06     -2.045624e-06     -9.112030e-06
2.187000e+02     2.974262e-06     -3.067235e-06     -9.080729e-06
2.190000e+02     1.552724e-06     -3.084284e-06     -6.351394e-06
2.193000e+02     -1.130952e-07     -3.128242e-06     -1.687113e-06
2.196000e+02     -1.679343e-06     -2.067839e-06     2.920870e-06
2.199000e+02     -3.679468e-06     -1.620927e-07     6.002868e-06
2.202000e+02     -4.377988e-06     1.540931e-06     7.673884e-06
2.205000e+02     -4.247084e-06     3.144624e-06     6.771640e-06
2.208000e+02     -3.506396e-06     5.103151e-06     5.077986e-06
2.211000e+02     -2.788370e-06     5.502634e-06     3.209128e-06
2.214000e+02     -9.981905e-07     5.727701e-06     9.758104e-07
2.217000e+02     5.046391e-07     5.483110e-06     -1.506530e-06
2.220000e+02     1.859582e-07     3.767935e-06     -3.378996e-06
2.223000e+02     -8.563715e-08     1.062389e-06     -4.271389e-06
2.226000e+02     2.750316e-07     -2.083600e-06     -4.196013e-06
2.229000e+02     1.382494e-06     -4.601788e-06     -3.745631e-06
2.232000e+02     2.430837e-06     -5.723589e-06     -2.147851e-06
2.235000e+02     2.088696e-06     -5.243310e-06     -8.186234e-07
2.238000e+02     -3.630325e-07     -3.273367e-06     -2.883258e-07
2.241000e+02     -2.559276e-06     -1.633494e-06     -1.051176e-06
2.244000e+02     -2.874282e-06     3.161655e-08     -1.689931e-06
2.247000e+02     -2.892512e-06     6.172066e-07     -1.619065e-06
2.250000e+02     -2.539512e-06     2.100084e-06     -9.540381e-07
2.253000e+02     -2.093503e-06     4.411847e-06     -3.397802e-07
2.256000e+02     -6.082826e-07     5.843115e-06     5.910475e-07
2.259000e+02     9.875927e-07     5.743198e-06     1.274398e-06
2.262000e+02     2.285353e-06     2.772873e-06     8.383321e-07
2.265000e+02     3.109487e-06     -2.339320e-06     -3.140296e-07
2.268000e+02     2.718051e-06     -6.667270e-06     -1.603213e-06
2.271000e+02     1.531113e-06     -8.303092e-06     -1.694955e-06
2.274000e+02     5.387172e-07     -7.630558e-06     -1.007044e-06
2.277000e+02     6.604797e-07     -4.325224e-06     -2.285469e-07
2.280000e+02     -9.817172e-07     9.433378e-08     1.734137e-06
2.283000e+02     -2.923836e-06     2.801680e-06     3.793769e-06
2.286000e+02     -4.575789e-06     4.125537e-06     5.314329e-06
2.289000e+02     -5.719411e-06     4.279738e-06     4.753715e-06
2.292000e+02     -5.057981e-06     3.742254e-06     2.664566e-06
2.295000e+02     -4.076983e-06     2.407035e-06     2.196055e-07
2.298000e+02     -2.780621e-06     1.261445e-06     -2.357557e-06
2.301000e+02     -1.757860e-06     9.818317e-07     -5.046654e-06
2.304000e+02     -1.749191e-07     7.066580e-07     -7.118655e-06
2.307000e+02     1.426716e-06     -2.024150e-07     -7.688933e-06
2.310000e+02     2.285454e-06     -2.045557e-07     -5.693514e-06
2.313000e+02     3.332586e-06     1.077976e-06     -2.219268e-06
2.316000e+02     4.642662e-06     2.682372e-06     3.185299e-07
2.319000e+02     4.856127e-06     3.294730e-06     1.708668e-06
2.322000e+02     3.097653e-06     3.084485e-06     3.034671e-06
2.325000e+02     -1.893102e-07     2.309273e-06     4.250814e-06
2.328000e+02     -3.561632e-06     1.644979e-06     5.429044e-06
2.331000e+02     -6.156443e-06     3.287846e-07     5.053871e-06
2.334000e+02     -7.908782e-06     -1.920790e-06     3.879159e-06
2.337000e+02     -8.154352e-06     -3.880815e-06     1.138816e-06
2.340000e+02     -6.687523e-06     -5.201356e-06     -1.181966e-06
2.343000e+02     -4.223902e-06     -5.403719e-06     -2.100513e-06
2.346000e+02     -5.124617e-07     -4.107261e-06     -2.990134e-06
2.349000e+02     3.588250e-06     -2.026730e-06     -3.718725e-06
2.352000e+02     6.817681e-06     4.939705e-08     -4.175480e-06
2.355000e+02     8.885422e-06     1.319693e-06     -4.403713e-06
2.358000e+02     9.149249e-06     2.023330e-06     -3.923939e-06
2.361000e+02     7.879851e-06     2.376552e-06     -2.729130e-06
2.364000e+02     4.411775e-06     3.090361e-06     -1.081463e-06
2.367000e+02     7.897964e-07     2.396004e-06     -5.530276e-07
2.370000e+02     -2.284445e-06     1.041863e-06     -6.057257e-07
2.373000e+02     -5.263612e-06     -8.432368e-07     -5.793922e-07
2.376000e+02     -7.517928e-06     -2.422452e-06     5.570692e-07
2.379000e+02     -9.066408e-06     -2.999791e-06     7.176550e-07
2.382000e+02     -8.915186e-06     -2.574961e-06     2.995663e-07
2.385000e+02     -6.714898e-06     -2.006784e-06     1.666861e-07
2.388000e+02     -3.235047e-06     -1.872404e-06     4.296359e-07
2.391000e+02     -3.077514e-07     -1.258507e-06     7.128761e-07
2.394000e+02     2.156802e-06     6.355938e-07     1.003104e-06
2.397000e+02     3.294447e-06     2.876347e-06     9.774198e-07
2.400000e+02     2.892856e-06     4.012834e-06     4.561352e-07
2.403000e+02     2.244375e-06     3.543468e-06     -3.738509e-07
2.406000e+02     1.316631e-06     2.425408e-06     -1.322257e-06
2.409000e+02     5.048539e-07     2.336535e-08     -2.160395e-06
2.412000e+02     -8.367756e-07     -1.965291e-06     -1.614569e-06
2.415000e+02     -2.095798e-06     -2.959156e-06     -9.910357e-07
2.418000e+02     -2.365539e-06     -1.813709e-06     -7.277493e-07
2.421000e+02     -2.215258e-06     7.657781e-07     -1.539615e-06
2.424000e+02     -1.763921e-06     3.032434e-06     -1.569431e-06
2.427000e+02     -2.260924e-06     3.838999e-06     -1.411864e-06
2.430000e+02     -2.943075e-06     3.646016e-06     -1.268575e-06
2.433000e+02     -3.391904e-06     2.093747e-06     -8.071654e-07
2.436000e+02     -3.379546e-06     5.834411e-08     6.867746e-07
2.439000e+02     -2.381180e-06     -8.685812e-07     2.048486e-06
2.442000e+02     -1.307036e-06     -3.511310e-07     1.908105e-06
2.445000e+02     1.884700e-07     -1.878059e-07     1.134114e-06
2.448000e+02     1.604359e-06     -1.673816e-07     6.197734e-07
2.451000e+02     2.264185e-06     -1.803752e-07     8.240741e-07
2.454000e+02     1.936820e-06     -6.584144e-07     1.154800e-06
2.457000e+02     2.072022e-06     -3.210014e-07     6.152370e-07
2.460000e+02     2.154568e-06     -1.090644e-07     -6.201117e-08
2.463000e+02     1.381734e-06     -9.363494e-08     -8.974488e-07
2.466000e+02     3.752743e-07     6.509328e-07     -2.199865e-06
2.469000e+02     -5.652100e-07     1.166081e-06     -4.040774e-06
2.472000e+02     -1.444038e-06     3.560163e-07     -5.281481e-06
2.475000e+02     -2.115536e-06     1.522000e-07     -5.103934e-06
2.478000e+02     -1.094359e-06     1.456448e-07     -3.558392e-06
2.481000e+02     8.952380e-07     -4.735387e-07     -1.261965e-06
2.484000e+02     2.175383e-06     -8.482160e-07     7.864774e-07
2.487000e+02     1.379943e-06     -1.530383e-06     2.233957e-06
2.490000e+02     -1.137008e-06     -2.269153e-06     2.940455e-06
2.493000e+02     -3.445460e-06     -3.262615e-06     3.288967e-06
2.496000e+02     -5.465645e-06     -4.038829e-06     3.196468e-06
2.499000e+02     -6.735299e-06     -4.084102e-06     1.863588e-06
2.502000e+02     -7.359232e-06     -3.020285e-06     8.565687e-08
2.505000e+02     -5.977448e-06     -2.385630e-06     -1.811496e-06
2.508000e+02     -3.264778e-06     -1.335419e-06     -2.537724e-06
2.511000e+02     -1.278231e-06     6.802582e-07     -2.404694e-06
2.514000e+02     4.218861e-07     3.077779e-06     -1.817557e-06
2.517000e+02     1.767134e-06     4.396581e-06     -1.393553e-06
2.520000e+02     2.860158e-06     4.674814e-06     -1.016611e-06
2.523000e+02     3.065657e-06     4.637481e-06     -1.037560e-06
2.526000e+02     2.949428e-06     4.372195e-06     -1.227360e-06
2.529000e+02     2.562430e-06     3.275881e-06     -1.223776e-06
2.532000e+02     1.516555e-06     2.041615e-06     -1.629185e-06
2.535000e+02     4.940992e-07     1.001679e-06     -1.677046e-06
2.538000e+02     -1.078113e-06     1.328246e-06     -1.754477e-06
2.541000e+02     -1.895534e-06     2.062980e-06     -2.343145e-06
2.544000e+02     -1.770232e-06     2.320865e-06     -2.571377e-06
2.547000e+02     -1.597993e-06     1.555590e-06     -2.394873e-06
2.550000e+02     -2.298674e-06     1.361628e-07     -1.528650e-06
2.553000e+02     -3.540134e-06     -2.129749e-06     -2.803541e-07
2.556000e+02     -4.538301e-06     -4.138736e-06     1.507673e-06
2.559000e+02     -5.226295e-06     -5.361386e-06     3.025865e-06
2.562000e+02     -4.644305e-06     -5.482684e-06     4.226624e-06
2.565000e+02     -3.503726e-06     -4.372380e-06     4.794436e-06
2.568000e+02     -1.935967e-06     -2.330517e-06     4.120527e-06
2.571000e+02     -4.349312e-07     3.979750e-07     2.527270e-06
2.574000e+02     7.577700e-07     3.025225e-06     -3.137463e-08
2.577000e+02     2.017534e-06     4.809507e-06     -2.913816e-06
2.580000e+02     2.255219e-06     5.660382e-06     -5.477977e-06
2.583000e+02     2.702618e-06     5.320339e-06     -6.482267e-06
2.586000e+02     2.261307e-06     4.145960e-06     -5.913800e-06
2.589000e+02     1.478787e-06     2.277422e-06     -4.811885e-06
2.592000e+02     4.399802e-07     1.701210e-07     -3.619315e-06
2.595000e+02     -1.150939e-06     -1.763710e-06     -2.232776e-06
2.598000e+02     -2.906064e-06     -3.218044e-06     -1.059721e-06
2.601000e+02     -4.497348e-06     -3.583498e-06     -1.398293e-06
2.604000e+02     -4.113559e-06     -2.908880e-06     -1.973335e-06
2.607000e+02     -2.771725e-06     -1.912646e-06     -2.301820e-06
2.610000e+02     -7.144461e-07     -8.606737e-07     -2.266529e-06
2.613000e+02     1.114398e-06     2.046143e-07     -8.644151e-07
2.616000e+02     2.257891e-06     1.135134e-06     9.654572e-07
2.619000e+02     2.752567e-06     1.000384e-06     2.935396e-06
2.622000e+02     2.280857e-06     5.266084e-07     4.587051e-06
2.625000e+02     1.335553e-06     4.229724e-07     6.128951e-06
2.628000e+02     -5.501273e-07     8.942434e-07     6.540940e-06
2.631000e+02     -2.949698e-06     1.223445e-06     5.945257e-06
2.634000e+02     -5.267792e-06     1.965347e-06     4.243523e-06
2.637000e+02     -5.675890e-06     2.510775e-06     1.307850e-06
2.640000e+02     -5.062767e-06     2.902068e-06     -1.489306e-06
2.643000e+02     -4.623140e-06     2.445532e-06     -3.758628e-06
2.646000e+02     -3.496220e-06     1.059458e-06     -5.162209e-06
2.649000e+02     -2.855394e-06     -5.638735e-07     -6.361328e-06
2.652000e+02     -1.955260e-06     -2.385262e-06     -6.448319e-06
2.655000e+02     -5.015459e-07     -3.103273e-06     -5.578964e-06
2.658000e+02     7.054567e-07     -2.340890e-06     -3.984618e-06
2.661000e+02     2.050727e-06     -9.989049e-07     -1.727558e-06
2.664000e+02     3.200731e-06     4.955055e-07     2.137975e-07
2.667000e+02     3.930896e-06     1.521084e-06     1.797055e-06
2.670000e+02     3.639829e-06     2.182369e-06     2.086244e-06
2.673000e+02     3.000716e-06     2.410436e-06     1.424892e-06
2.676000e+02     1.802285e-06     1.460162e-06     4.690071e-08
2.679000e+02     4.839824e-07     -1.585731e-07     -1.077600e-06
2.682000e+02     -1.361680e-06     -1.464938e-06     -1.848959e-06
2.685000e+02     -3.945152e-06     -2.428135e-06     -2.180044e-06
2.688000e+02     -5.446540e-06     -2.642301e-06     -2.363124e-06
2.691000e+02     -5.785399e-06     -2.002339e-06     -2.203185e-06
2.694000e+02     -4.908833e-06     -4.403479e-07     -1.583018e-06
2.697000e+02     -3.571049e-06     1.669681e-06     -6.153370e-07
2.700000e+02     -2.564073e-06     3.686698e-06     6.626512e-07
2.703000e+02     -2.577972e-06     4.544052e-06     2.052936e-06
2.706000e+02     -3.169650e-06     5.530776e-06     2.938103e-06
2.709000e+02     -2.774433e-06     6.097385e-06     3.359899e-06
2.712000e+02     -2.065320e-06     5.724893e-06     2.064839e-06
2.715000e+02     -2.985250e-07     4.564365e-06     -3.219803e-07
2.718000e+02     1.171581e-06     3.112181e-06     -2.181453e-06
2.721000e+02     2.102779e-06     1.884979e-06     -2.973564e-06
2.724000e+02     1.939781e-06     6.076694e-07     -3.288242e-06
2.727000e+02     1.750299e-06     -5.123794e-07     -3.963431e-06
2.730000e+02     1.820889e-06     -2.137846e-06     -4.280476e-06
2.733000e+02     1.533773e-06     -4.672504e-06     -4.643645e-06
2.736000e+02     4.059062e-07     -7.468926e-06     -3.903832e-06
2.739000e+02     -2.014696e-06     -8.980717e-06     -2.169376e-06
2.742000e+02     -3.610701e-06     -8.640075e-06     -2.316429e-07
2.745000e+02     -4.188171e-06     -6.578263e-06     1.572406e-06
2.748000e+02     -4.097576e-06     -2.886216e-06     2.481405e-06
2.751000e+02     -3.559380e-06     1.345309e-06     2.547146e-06
2.754000e+02     -2.760872e-06     5.183063e-06     1.650715e-06
2.757000e+02     -1.460148e-06     7.313237e-06     5.748551e-07
2.760000e+02     -2.046866e-07     7.592138e-06     -8.376218e-07
2.763000e+02     1.556281e-06     6.429603e-06     -1.723139e-06
2.766000e+02     2.929095e-06     4.454981e-06     -1.916000e-06
2.769000e+02     3.253290e-06     2.374061e-06     -1.231351e-06
2.772000e+02     2.225556e-06     7.186909e-07     7.864437e-08
2.775000e+02     1.796555e-07     -3.742520e-08     1.021105e-06
2.778000e+02     -1.504782e-06     -4.150430e-07     1.679453e-06
2.781000e+02     -2.560367e-06     -1.752633e-07     1.437269e-06
2.784000e+02     -2.610697e-06     6.506808e-07     3.105744e-07
2.787000e+02     -2.414138e-06     1.310925e-06     -9.744866e-07
2.790000e+02     -2.330027e-06     1.447522e-06     -2.379159e-06
2.793000e+02     -2.287044e-06     1.105900e-06     -3.369596e-06
2.796000e+02     -2.233007e-06     4.330534e-07     -3.512179e-06
2.799000e+02     -2.254919e-06     -9.253708e-08     -2.186345e-06
2.802000e+02     -2.693065e-06     -1.639737e-06     -3.833441e-07
2.805000e+02     -2.026076e-06     -3.378878e-06     1.268488e-06
2.808000e+02     -1.296082e-06     -3.436466e-06     1.578806e-06
2.811000e+02     -3.423737e-07     -1.915300e-06     4.986861e-07
2.814000e+02     4.906433e-07     5.958925e-08     -1.235998e-06
2.817000e+02     2.568619e-07     1.444672e-06     -2.652458e-06
2.820000e+02     -1.599186e-07     1.512780e-06     -3.054295e-06
2.823000e+02     -1.581824e-06     8.793921e-07     -2.907001e-06
2.826000e+02     -2.949449e-06     1.079452e-07     -2.246806e-06
2.829000e+02     -3.804193e-06     4.844813e-08     -1.592665e-06
2.832000e+02     -3.816960e-06     7.133655e-07     -1.036375e-06
2.835000e+02     -2.805434e-06     9.758915e-07     -2.086624e-08
2.838000e+02     -2.001888e-06     1.243058e-06     7.238053e-07
2.841000e+02     -1.104065e-06     1.696229e-06     9.055487e-07
2.844000e+02     -6.517779e-08     2.143989e-06     2.089043e-07
2.847000e+02     1.285139e-06     2.365277e-06     -4.709133e-07
2.850000e+02     1.969781e-06     2.336375e-06     -1.316371e-06
2.853000e+02     2.195593e-06     2.114208e-06     -1.854488e-06
2.856000e+02     1.852232e-06     1.457204e-06     -1.876813e-06
2.859000e+02     8.932863e-07     7.402201e-07     -1.587590e-06
2.862000e+02     -4.987126e-07     -4.889288e-07     -9.382279e-07
2.865000e+02     -1.706840e-06     -1.848296e-06     -1.127522e-07
2.868000e+02     -1.408961e-06     -2.552985e-06     6.158974e-07
2.871000e+02     -1.077349e-06     -1.836292e-06     1.324095e-06
2.874000e+02     -8.167158e-07     -2.950767e-07     1.400070e-06
2.877000e+02     -1.288594e-06     1.832593e-06     7.519261e-07
2.880000e+02     -2.319841e-06     3.646148e-06     -4.445950e-07
2.883000e+02     -2.873834e-06     4.185457e-06     -1.332231e-06
2.886000e+02     -3.254220e-06     3.530455e-06     -2.018054e-06
2.889000e+02     -2.537830e-06     2.111515e-06     -1.842206e-06
2.892000e+02     -1.894997e-06     7.520207e-07     -1.505192e-06
2.895000e+02     -1.341259e-06     -2.518693e-07     -8.949319e-07
2.898000e+02     -7.144144e-07     -9.947570e-07     -5.411924e-07
2.901000e+02     -3.079007e-07     -7.012139e-07     -8.744321e-07
2.904000e+02     9.460768e-08     1.279922e-07     -1.128823e-06
2.907000e+02     3.419587e-07     1.209298e-06     -1.584763e-06
2.910000e+02     5.011761e-07     1.817278e-06     -2.210933e-06
2.913000e+02     5.202739e-07     2.075811e-06     -2.082091e-06
2.916000e+02     3.514647e-07     1.319019e-06     -1.063595e-06
2.919000e+02     -4.653576e-07     4.027837e-07     8.053866e-08
2.922000e+02     -1.575579e-06     -1.201093e-07     7.736446e-07
2.925000e+02     -2.621041e-06     -6.082238e-07     1.387723e-06
2.928000e+02     -3.330901e-06     -8.808446e-07     1.144432e-06
2.931000e+02     -3.598230e-06     -1.000645e-06     5.892895e-07
2.934000e+02     -4.096906e-06     -8.919965e-07     -1.240008e-07
2.937000e+02     -4.129583e-06     -6.713209e-07     -4.542698e-07
2.940000e+02     -3.767678e-06     -2.066289e-07     -3.275000e-07
2.943000e+02     -3.127714e-06     7.674239e-07     -7.593593e-08
2.946000e+02     -2.243753e-06     2.221173e-06     -5.705934e-08
2.949000e+02     -1.499901e-06     3.500170e-06     -7.272550e-07
2.952000e+02     -2.895180e-07     3.851328e-06     -1.649349e-06
2.955000e+02     1.002629e-06     3.233649e-06     -2.884277e-06
2.958000e+02     2.064247e-06     1.557785e-06     -3.546325e-06
2.961000e+02     2.374344e-06     -2.975030e-07     -3.562501e-06
2.964000e+02     2.031150e-06     -1.953344e-06     -3.168407e-06
2.967000e+02     1.069241e-06     -2.686759e-06     -2.166542e-06
2.970000e+02     -4.407501e-07     -2.422210e-06     -1.261632e-06
2.973000e+02     -1.736954e-06     -1.101250e-06     -4.096458e-07
2.976000e+02     -2.527073e-06     2.457168e-07     -3.645530e-07
2.979000e+02     -2.345843e-06     9.260448e-07     -3.399120e-07
2.982000e+02     -2.037592e-06     1.126856e-06     -4.883852e-07
2.985000e+02     -1.028775e-06     1.160548e-06     -8.628118e-07
2.988000e+02     -9.985215e-08     4.291216e-07     -1.055328e-06
2.991000e+02     2.520524e-07     -3.919216e-07     -9.839651e-07
2.994000e+02     3.037710e-07     -1.057922e-06     -2.323056e-07
2.997000e+02     5.876440e-09     -8.106989e-07     7.113426e-07
3.000000e+02     -3.076675e-07     -3.087487e-08     1.792980e-06
3.003000e+02     -9.251190e-07     1.105846e-06     2.299661e-06
3.006000e+02     -1.460737e-06     2.343059e-06     1.901087e-06
3.009000e+02     -1.930019e-06     3.308696e-06     7.815574e-07
3.012000e+02     -2.586805e-06     4.031529e-06     -9.880876e-07
3.015000e+02     -3.296323e-06     4.299623e-06     -2.223358e-06
3.018000e+02     -4.096840e-06     3.785774e-06     -3.227087e-06
3.021000e+02     -4.406850e-06     2.952615e-06     -3.490781e-06
3.024000e+02     -4.305622e-06     1.762835e-06     -3.385240e-06
3.027000e+02     -3.278758e-06     4.640326e-07     -2.966397e-06
3.030000e+02     -2.115561e-06     -9.143510e-07     -1.880050e-06
3.033000e+02     -8.854652e-07     -1.694501e-06     -7.017784e-07
3.036000e+02     1.908409e-07     -2.266299e-06     5.612749e-07
3.039000e+02     5.430073e-07     -2.380208e-06     1.181173e-06
3.042000e+02     8.141045e-07     -2.305934e-06     1.344027e-06
3.045000e+02     2.089803e-07     -1.940096e-06     5.471637e-07
3.048000e+02     -4.414844e-07     -1.048225e-06     -3.971953e-07
3.051000e+02     -3.780625e-07     3.400273e-07     -1.021026e-06
3.054000e+02     2.886514e-07     1.916888e-06     -1.601388e-06
3.057000e+02     1.085259e-06     2.987928e-06     -1.521269e-06
3.060000e+02     8.780080e-07     3.700260e-06     -1.373964e-06
3.063000e+02     1.465306e-07     3.629316e-06     -7.983013e-07
3.066000e+02     -1.193450e-06     3.107201e-06     -3.134895e-07
3.069000e+02     -2.396322e-06     2.564274e-06     8.783233e-08
