  0.00000E+00 -0.99950E-19  0.00000E+00  0.00000E+00
  0.30000E+00 -0.20058E-17 -0.97578E-18 -0.10300E-17
  0.60000E+00 -0.40000E-13  0.36910E-13  0.12577E-12
  0.90000E+00 -0.31279E-12  0.28860E-12  0.98372E-12
  0.12000E+01 -0.12551E-11  0.11562E-11  0.39484E-11
  0.15000E+01 -0.35380E-11  0.32600E-11  0.11130E-10
  0.18000E+01 -0.80062E-11  0.73790E-11  0.25191E-10
  0.21000E+01 -0.15626E-10  0.14388E-10  0.49161E-10
  0.24000E+01 -0.27415E-10  0.25253E-10  0.86252E-10
  0.27000E+01 -0.44396E-10  0.40940E-10  0.13967E-09
  0.30000E+01 -0.67539E-10  0.62180E-10  0.21248E-09
  0.33000E+01 -0.97709E-10  0.90050E-10  0.30742E-09
  0.36000E+01 -0.13562E-09  0.12498E-09  0.42669E-09
  0.39000E+01 -0.18182E-09  0.16748E-09  0.57204E-09
  0.42000E+01 -0.23659E-09  0.21791E-09  0.74432E-09
  0.45000E+01 -0.30000E-09  0.27640E-09  0.94383E-09
  0.48000E+01 -0.37189E-09  0.34250E-09  0.11700E-08
  0.51000E+01 -0.45169E-09  0.41590E-09  0.14210E-08
  0.54000E+01 -0.53862E-09  0.49620E-09  0.16948E-08
  0.57000E+01 -0.63166E-09  0.58180E-09  0.19878E-08
  0.60000E+01 -0.72948E-09  0.67200E-09  0.22959E-08
  0.63000E+01 -0.83044E-09  0.76510E-09  0.26146E-08
  0.66000E+01 -0.93269E-09  0.85990E-09  0.29372E-08
  0.69000E+01 -0.10343E-08  0.95370E-09  0.32577E-08
  0.72000E+01 -0.11331E-08  0.10451E-08  0.35698E-08
  0.75000E+01 -0.12266E-08  0.11318E-08  0.38661E-08
  0.78000E+01 -0.13125E-08  0.12115E-08  0.41379E-08
  0.81000E+01 -0.13882E-08  0.12830E-08  0.43783E-08
  0.84000E+01 -0.14514E-08  0.13370E-08  0.45793E-08
  0.87000E+01 -0.14996E-08  0.13820E-08  0.47338E-08
  0.90000E+01 -0.15308E-08  0.14100E-08  0.48338E-08
  0.93000E+01 -0.15414E-08  0.14300E-08  0.48722E-08
  0.96000E+01 -0.15312E-08  0.14200E-08  0.48429E-08
  0.99000E+01 -0.14982E-08  0.13880E-08  0.47416E-08
  0.10200E+02 -0.14399E-08  0.13360E-08  0.45611E-08
  0.10500E+02 -0.13557E-08  0.12590E-08  0.42997E-08
  0.10800E+02 -0.12452E-08  0.11530E-08  0.39536E-08
  0.11100E+02 -0.11064E-08  0.10340E-08  0.35220E-08
  0.11400E+02 -0.94110E-09  0.87400E-09  0.30033E-08
  0.11700E+02 -0.74860E-09  0.70399E-09  0.24000E-08
  0.12000E+02 -0.53060E-09  0.49900E-09  0.17137E-08
  0.12300E+02 -0.28650E-09  0.27600E-09  0.94750E-09
  0.12600E+02 -0.19099E-10  0.26006E-10  0.10700E-09
  0.12900E+02  0.26980E-09 -0.23201E-09 -0.80260E-09
  0.13200E+02  0.57770E-09 -0.52100E-09 -0.17730E-08
  0.13500E+02  0.90210E-09 -0.81799E-09 -0.27968E-08
  0.13800E+02  0.12403E-08 -0.11300E-08 -0.38630E-08
  0.14100E+02  0.15886E-08 -0.14550E-08 -0.49613E-08
  0.14400E+02  0.19427E-08 -0.17780E-08 -0.60806E-08
  0.14700E+02  0.22998E-08 -0.21102E-08 -0.72083E-08
  0.15000E+02  0.26546E-08 -0.24382E-08 -0.83321E-08
  0.15300E+02  0.30040E-08 -0.27620E-08 -0.94380E-08
  0.15600E+02  0.33427E-08 -0.30760E-08 -0.10514E-07
  0.15900E+02  0.36681E-08 -0.33777E-08 -0.11544E-07
  0.16200E+02  0.39746E-08 -0.36611E-08 -0.12517E-07
  0.16500E+02  0.42574E-08 -0.39248E-08 -0.13418E-07
  0.16800E+02  0.45143E-08 -0.41600E-08 -0.14236E-07
  0.17100E+02  0.47396E-08 -0.43700E-08 -0.14956E-07
  0.17400E+02  0.49307E-08 -0.45530E-08 -0.15568E-07
  0.17700E+02  0.50839E-08 -0.46930E-08 -0.16061E-07
  0.18000E+02  0.51962E-08 -0.47980E-08 -0.16427E-07
  0.18300E+02  0.52652E-08 -0.48660E-08 -0.16654E-07
  0.18600E+02  0.52883E-08 -0.48960E-08 -0.16734E-07
  0.18900E+02  0.52640E-08 -0.48770E-08 -0.16677E-07
  0.19200E+02  0.51912E-08 -0.48090E-08 -0.16448E-07
  0.19500E+02  0.50677E-08 -0.46940E-08 -0.16077E-07
  0.19800E+02  0.48957E-08 -0.45430E-08 -0.15539E-07
  0.20100E+02  0.46735E-08 -0.43420E-08 -0.14847E-07
  0.20400E+02  0.44020E-08 -0.40880E-08 -0.14000E-07
  0.20700E+02  0.40834E-08 -0.38010E-08 -0.13010E-07
  0.21000E+02  0.37191E-08 -0.34600E-08 -0.11866E-07
  0.21300E+02  0.33116E-08 -0.30950E-08 -0.10587E-07
  0.21600E+02  0.28627E-08 -0.26810E-08 -0.91740E-08
  0.21900E+02  0.23777E-08 -0.22320E-08 -0.76470E-08
  0.22200E+02  0.18579E-08 -0.17530E-08 -0.60090E-08
  0.22500E+02  0.13092E-08 -0.12480E-08 -0.42840E-08
  0.22800E+02  0.73470E-09 -0.71901E-09 -0.24700E-08
  0.23100E+02  0.14090E-09 -0.16502E-09 -0.59600E-09
  0.23400E+02 -0.46860E-09  0.39302E-09  0.13330E-08
  0.23700E+02 -0.10892E-08  0.96401E-09  0.32980E-08
  0.24000E+02 -0.17135E-08  0.15450E-08  0.52750E-08
  0.24300E+02 -0.23370E-08  0.21161E-08  0.72430E-08
  0.24600E+02 -0.29545E-08  0.26949E-08  0.92010E-08
  0.24900E+02 -0.35602E-08  0.32530E-08  0.11123E-07
  0.25200E+02 -0.41488E-08  0.38040E-08  0.12993E-07
  0.25500E+02 -0.47149E-08  0.43200E-08  0.14794E-07
  0.25800E+02 -0.52537E-08  0.48250E-08  0.16500E-07
  0.26100E+02 -0.57601E-08  0.52990E-08  0.18113E-07
  0.26400E+02 -0.62283E-08  0.57310E-08  0.19614E-07
  0.26700E+02 -0.66557E-08  0.61270E-08  0.20974E-07
  0.27000E+02 -0.70384E-08  0.64867E-08  0.22196E-07
  0.27300E+02 -0.73717E-08  0.67983E-08  0.23264E-07
  0.27600E+02 -0.76525E-08  0.70622E-08  0.24170E-07
  0.27900E+02 -0.78792E-08  0.72757E-08  0.24902E-07
  0.28200E+02 -0.80498E-08  0.74330E-08  0.25456E-07
  0.28500E+02 -0.81612E-08  0.75490E-08  0.25826E-07
  0.28800E+02 -0.82137E-08  0.75960E-08  0.26010E-07
  0.29100E+02 -0.82064E-08  0.75900E-08  0.26002E-07
  0.29400E+02 -0.81395E-08  0.75360E-08  0.25806E-07
  0.29700E+02 -0.80128E-08  0.74290E-08  0.25424E-07
  0.30000E+02 -0.78278E-08  0.72540E-08  0.24857E-07
  0.30300E+02 -0.75862E-08  0.70410E-08  0.24105E-07
  0.30600E+02 -0.72894E-08  0.67660E-08  0.23184E-07
  0.30900E+02 -0.69415E-08  0.64500E-08  0.22091E-07
  0.31200E+02 -0.65434E-08  0.60860E-08  0.20844E-07
  0.31500E+02 -0.61003E-08  0.56800E-08  0.19456E-07
  0.31800E+02 -0.56140E-08  0.52350E-08  0.17929E-07
  0.32100E+02 -0.50904E-08  0.47520E-08  0.16283E-07
  0.32400E+02 -0.45330E-08  0.42350E-08  0.14525E-07
  0.32700E+02 -0.39468E-08  0.36960E-08  0.12677E-07
  0.33000E+02 -0.33358E-08  0.31330E-08  0.10754E-07
  0.33300E+02 -0.27052E-08  0.25530E-08  0.87630E-08
  0.33600E+02 -0.20618E-08  0.19580E-08  0.67240E-08
  0.33900E+02 -0.14080E-08  0.13510E-08  0.46530E-08
  0.34200E+02 -0.74900E-09  0.75096E-09  0.25690E-08
  0.34500E+02 -0.90999E-10  0.13699E-09  0.49499E-09
  0.34800E+02  0.55700E-09 -0.46504E-09 -0.15740E-08
  0.35100E+02  0.11950E-08 -0.10530E-08 -0.36050E-08
  0.35400E+02  0.18220E-08 -0.16370E-08 -0.55810E-08
  0.35700E+02  0.24290E-08 -0.22010E-08 -0.75040E-08
  0.36000E+02  0.30161E-08 -0.27400E-08 -0.93310E-08
  0.36300E+02  0.36007E-08 -0.32910E-08 -0.11004E-07
  0.36600E+02  0.42214E-08 -0.38790E-08 -0.12441E-07
  0.36900E+02  0.49429E-08 -0.45980E-08 -0.13517E-07
  0.37200E+02  0.58507E-08 -0.55170E-08 -0.14121E-07
  0.37500E+02  0.70419E-08 -0.67680E-08 -0.14146E-07
  0.37800E+02  0.86139E-08 -0.84480E-08 -0.13483E-07
  0.38100E+02  0.10658E-07 -0.10667E-07 -0.12063E-07
  0.38400E+02  0.13254E-07 -0.13518E-07 -0.98460E-08
  0.38700E+02  0.16465E-07 -0.17078E-07 -0.68080E-08
  0.39000E+02  0.20336E-07 -0.21400E-07 -0.29466E-08
  0.39300E+02  0.24887E-07 -0.26524E-07  0.16641E-08
  0.39600E+02  0.30096E-07 -0.32416E-07  0.68972E-08
  0.39900E+02  0.35892E-07 -0.39020E-07  0.12582E-07
  0.40200E+02  0.42163E-07 -0.46217E-07  0.18534E-07
  0.40500E+02  0.48771E-07 -0.53861E-07  0.24574E-07
  0.40800E+02  0.55574E-07 -0.61806E-07  0.30562E-07
  0.41100E+02  0.62454E-07 -0.69910E-07  0.36416E-07
  0.41400E+02  0.69376E-07 -0.78164E-07  0.42191E-07
  0.41700E+02  0.76453E-07 -0.86667E-07  0.48128E-07
  0.42000E+02  0.83909E-07 -0.95685E-07  0.54443E-07
  0.42300E+02  0.91949E-07 -0.10545E-06  0.61102E-07
  0.42600E+02  0.10065E-06 -0.11605E-06  0.67878E-07
  0.42900E+02  0.10993E-06 -0.12742E-06  0.74525E-07
  0.43200E+02  0.11969E-06 -0.13944E-06  0.80885E-07
  0.43500E+02  0.12977E-06 -0.15197E-06  0.86833E-07
  0.43800E+02  0.14005E-06 -0.16485E-06  0.92129E-07
  0.44100E+02  0.15028E-06 -0.17785E-06  0.96389E-07
  0.44400E+02  0.16013E-06 -0.19058E-06  0.99173E-07
  0.44700E+02  0.16921E-06 -0.20263E-06  0.10011E-06
  0.45000E+02  0.17711E-06 -0.21353E-06  0.98884E-07
  0.45300E+02  0.18342E-06 -0.22283E-06  0.95230E-07
  0.45600E+02  0.18777E-06 -0.23009E-06  0.88879E-07
  0.45900E+02  0.18976E-06 -0.23485E-06  0.79549E-07
  0.46200E+02  0.18897E-06 -0.23663E-06  0.66964E-07
  0.46500E+02  0.18500E-06 -0.23495E-06  0.50957E-07
  0.46800E+02  0.17745E-06 -0.22934E-06  0.31342E-07
  0.47100E+02  0.16594E-06 -0.21933E-06  0.80090E-08
  0.47400E+02  0.15010E-06 -0.20446E-06 -0.19153E-07
  0.47700E+02  0.12956E-06 -0.18428E-06 -0.50166E-07
  0.48000E+02  0.10393E-06 -0.15833E-06 -0.84960E-07
  0.48300E+02  0.72949E-07 -0.12620E-06 -0.12342E-06
  0.48600E+02  0.36364E-07 -0.87576E-07 -0.16534E-06
  0.48900E+02 -0.59760E-08 -0.42238E-07 -0.21042E-06
  0.49200E+02 -0.54100E-07  0.99550E-08 -0.25827E-06
  0.49500E+02 -0.10799E-06  0.69027E-07 -0.30832E-06
  0.49800E+02 -0.16746E-06  0.13485E-06 -0.35989E-06
  0.50100E+02 -0.23213E-06  0.20711E-06 -0.41210E-06
  0.50400E+02 -0.30149E-06  0.28529E-06 -0.46405E-06
  0.50700E+02 -0.37483E-06  0.36866E-06 -0.51473E-06
  0.51000E+02 -0.45125E-06  0.45634E-06 -0.56305E-06
  0.51300E+02 -0.52972E-06  0.54720E-06 -0.60790E-06
  0.51600E+02 -0.60906E-06  0.64000E-06 -0.64813E-06
  0.51900E+02 -0.68797E-06  0.73334E-06 -0.68266E-06
  0.52200E+02 -0.76507E-06  0.82570E-06 -0.71044E-06
  0.52500E+02 -0.83895E-06  0.91551E-06 -0.73047E-06
  0.52800E+02 -0.90812E-06  0.10011E-05 -0.74185E-06
  0.53100E+02 -0.97111E-06  0.10809E-05 -0.74376E-06
  0.53400E+02 -0.10265E-05  0.11532E-05 -0.73550E-06
  0.53700E+02 -0.10727E-05  0.12163E-05 -0.71651E-06
  0.54000E+02 -0.11085E-05  0.12686E-05 -0.68639E-06
  0.54300E+02 -0.11326E-05  0.13086E-05 -0.64492E-06
  0.54600E+02 -0.11438E-05  0.13350E-05 -0.59199E-06
  0.54900E+02 -0.11412E-05  0.13464E-05 -0.52770E-06
  0.55200E+02 -0.11239E-05  0.13420E-05 -0.45231E-06
  0.55500E+02 -0.10912E-05  0.13206E-05 -0.36623E-06
  0.55800E+02 -0.10427E-05  0.12817E-05 -0.27005E-06
  0.56100E+02 -0.97817E-06  0.12248E-05 -0.16454E-06
  0.56400E+02 -0.89751E-06  0.11496E-05 -0.50643E-07
  0.56700E+02 -0.80091E-06  0.10561E-05  0.70532E-07
  0.57000E+02 -0.68876E-06  0.94459E-06  0.19767E-06
  0.57300E+02 -0.56170E-06  0.81557E-06  0.32935E-06
  0.57600E+02 -0.42057E-06  0.66976E-06  0.46399E-06
  0.57900E+02 -0.26650E-06  0.50819E-06  0.59996E-06
  0.58200E+02 -0.10077E-06  0.33217E-06  0.73553E-06
  0.58500E+02  0.75020E-07  0.14324E-06  0.86893E-06
  0.58800E+02  0.25910E-06 -0.56850E-07  0.99840E-06
  0.59100E+02  0.44968E-06 -0.26610E-06  0.11222E-05
  0.59400E+02  0.64451E-06 -0.48225E-06  0.12384E-05
  0.59700E+02  0.84154E-06 -0.70312E-06  0.13455E-05
  0.60000E+02  0.10383E-05 -0.92619E-06  0.14418E-05
  0.60300E+02  0.12326E-05 -0.11487E-05  0.15257E-05
  0.60600E+02  0.14218E-05 -0.13683E-05  0.15960E-05
  0.60900E+02  0.16036E-05 -0.15819E-05  0.16513E-05
  0.61200E+02  0.17755E-05 -0.17871E-05  0.16905E-05
  0.61500E+02  0.19353E-05 -0.19811E-05  0.17128E-05
  0.61800E+02  0.20808E-05 -0.21616E-05  0.17176E-05
  0.62100E+02  0.22098E-05 -0.23260E-05  0.17043E-05
  0.62400E+02  0.23207E-05 -0.24722E-05  0.16727E-05
  0.62700E+02  0.24119E-05 -0.25983E-05  0.16229E-05
  0.63000E+02  0.24821E-05 -0.27025E-05  0.15554E-05
  0.63300E+02  0.25301E-05 -0.27832E-05  0.14707E-05
  0.63600E+02  0.25552E-05 -0.28389E-05  0.13700E-05
  0.63900E+02  0.25569E-05 -0.28684E-05  0.12545E-05
  0.64200E+02  0.25349E-05 -0.28710E-05  0.11259E-05
  0.64500E+02  0.24892E-05 -0.28461E-05  0.98560E-06
  0.64800E+02  0.24203E-05 -0.27937E-05  0.83550E-06
  0.65100E+02  0.23288E-05 -0.27138E-05  0.67732E-06
  0.65400E+02  0.22152E-05 -0.26069E-05  0.51281E-06
  0.65700E+02  0.20806E-05 -0.24734E-05  0.34368E-06
  0.66000E+02  0.19259E-05 -0.23143E-05  0.17163E-06
  0.66300E+02  0.17522E-05 -0.21304E-05 -0.16410E-08
  0.66600E+02  0.15608E-05 -0.19231E-05 -0.17441E-06
  0.66900E+02  0.13533E-05 -0.16940E-05 -0.34503E-06
  0.67200E+02  0.11315E-05 -0.14449E-05 -0.51191E-06
  0.67500E+02  0.89714E-06 -0.11778E-05 -0.67362E-06
  0.67800E+02  0.65255E-06 -0.89512E-06 -0.82893E-06
  0.68100E+02  0.40020E-06 -0.59948E-06 -0.97681E-06
  0.68400E+02  0.14226E-06 -0.29355E-06 -0.11164E-05
  0.68700E+02 -0.11893E-06  0.20030E-07 -0.12471E-05
  0.69000E+02 -0.38113E-06  0.33861E-06 -0.13682E-05
  0.69300E+02 -0.64188E-06  0.65910E-06 -0.14791E-05
  0.69600E+02 -0.89899E-06  0.97864E-06 -0.15789E-05
  0.69900E+02 -0.11499E-05  0.12940E-05 -0.16670E-05
  0.70200E+02 -0.13922E-05  0.16023E-05 -0.17423E-05
  0.70500E+02 -0.16233E-05  0.19005E-05 -0.18040E-05
  0.70800E+02 -0.18409E-05  0.21859E-05 -0.18513E-05
  0.71100E+02 -0.20426E-05  0.24562E-05 -0.18834E-05
  0.71400E+02 -0.22267E-05  0.27088E-05 -0.18997E-05
  0.71700E+02 -0.23919E-05  0.29415E-05 -0.19001E-05
  0.72000E+02 -0.25375E-05  0.31516E-05 -0.18843E-05
  0.72300E+02 -0.26633E-05  0.33371E-05 -0.18526E-05
  0.72600E+02 -0.27690E-05  0.34958E-05 -0.18051E-05
  0.72900E+02 -0.28544E-05  0.36264E-05 -0.17424E-05
  0.73200E+02 -0.29198E-05  0.37272E-05 -0.16648E-05
  0.73500E+02 -0.29653E-05  0.37970E-05 -0.15733E-05
  0.73800E+02 -0.29916E-05  0.38346E-05 -0.14688E-05
  0.74100E+02 -0.29995E-05  0.38390E-05 -0.13524E-05
  0.74400E+02 -0.29900E-05  0.38094E-05 -0.12255E-05
  0.74700E+02 -0.29644E-05  0.37456E-05 -0.10897E-05
  0.75000E+02 -0.29243E-05  0.36472E-05 -0.94626E-06
  0.75300E+02 -0.28714E-05  0.35143E-05 -0.79673E-06
  0.75600E+02 -0.28071E-05  0.33473E-05 -0.64254E-06
  0.75900E+02 -0.27331E-05  0.31467E-05 -0.48495E-06
  0.76200E+02 -0.26513E-05  0.29133E-05 -0.32536E-06
  0.76500E+02 -0.25630E-05  0.26488E-05 -0.16528E-06
  0.76800E+02 -0.24703E-05  0.23548E-05 -0.60500E-08
  0.77100E+02 -0.23744E-05  0.20336E-05  0.15110E-06
  0.77400E+02 -0.22765E-05  0.16878E-05  0.30449E-06
  0.77700E+02 -0.21780E-05  0.13203E-05  0.45300E-06
  0.78000E+02 -0.20797E-05  0.93427E-06  0.59532E-06
  0.78300E+02 -0.19822E-05  0.53335E-06  0.73004E-06
  0.78600E+02 -0.18858E-05  0.12179E-06  0.85602E-06
  0.78900E+02 -0.17905E-05 -0.29603E-06  0.97213E-06
  0.79200E+02 -0.16958E-05 -0.71549E-06  0.10774E-05
  0.79500E+02 -0.16010E-05 -0.11316E-05  0.11705E-05
  0.79800E+02 -0.15048E-05 -0.15392E-05  0.12505E-05
  0.80100E+02 -0.14057E-05 -0.19329E-05  0.13165E-05
  0.80400E+02 -0.13022E-05 -0.23072E-05  0.13673E-05
  0.80700E+02 -0.11917E-05 -0.26567E-05  0.14022E-05
  0.81000E+02 -0.10723E-05 -0.29761E-05  0.14206E-05
  0.81300E+02 -0.94144E-06 -0.32602E-05  0.14217E-05
  0.81600E+02 -0.79678E-06 -0.35042E-05  0.14052E-05
  0.81900E+02 -0.63596E-06 -0.37039E-05  0.13706E-05
  0.82200E+02 -0.45691E-06 -0.38556E-05  0.13178E-05
  0.82500E+02 -0.25795E-06 -0.39563E-05  0.12467E-05
  0.82800E+02 -0.37590E-07 -0.40041E-05  0.11574E-05
  0.83100E+02  0.20527E-06 -0.39980E-05  0.10506E-05
  0.83400E+02  0.47093E-06 -0.39378E-05  0.92679E-06
  0.83700E+02  0.75931E-06 -0.38245E-05  0.78691E-06
  0.84000E+02  0.10697E-05 -0.36600E-05  0.63219E-06
  0.84300E+02  0.14007E-05 -0.34475E-05  0.46429E-06
  0.84600E+02  0.17506E-05 -0.31905E-05  0.28514E-06
  0.84900E+02  0.21166E-05 -0.28938E-05  0.97090E-07
  0.85200E+02  0.24956E-05 -0.25627E-05 -0.97210E-07
  0.85500E+02  0.28845E-05 -0.22031E-05 -0.29451E-06
  0.85800E+02  0.32791E-05 -0.18211E-05 -0.49173E-06
  0.86100E+02  0.36749E-05 -0.14233E-05 -0.68528E-06
  0.86400E+02  0.40676E-05 -0.10156E-05 -0.87141E-06
  0.86700E+02  0.44523E-05 -0.60443E-06 -0.10465E-05
  0.87000E+02  0.48236E-05 -0.19545E-06 -0.12070E-05
  0.87300E+02  0.51765E-05  0.20599E-06 -0.13493E-05
  0.87600E+02  0.55057E-05  0.59509E-06 -0.14702E-05
  0.87900E+02  0.58062E-05  0.96723E-06 -0.15669E-05
  0.88200E+02  0.60727E-05  0.13188E-05 -0.16373E-05
  0.88500E+02  0.63006E-05  0.16464E-05 -0.16797E-05
  0.88800E+02  0.64852E-05  0.19469E-05 -0.16931E-05
  0.89100E+02  0.66224E-05  0.22179E-05 -0.16772E-05
  0.89400E+02  0.67085E-05  0.24570E-05 -0.16323E-05
  0.89700E+02  0.67403E-05  0.26619E-05 -0.15594E-05
  0.90000E+02  0.67155E-05  0.28309E-05 -0.14598E-05
  0.90300E+02  0.66321E-05  0.29619E-05 -0.13354E-05
  0.90600E+02  0.64890E-05  0.30534E-05 -0.11883E-05
  0.90900E+02  0.62860E-05  0.31039E-05 -0.10208E-05
  0.91200E+02  0.60234E-05  0.31123E-05 -0.83517E-06
  0.91500E+02  0.57023E-05  0.30779E-05 -0.63392E-06
  0.91800E+02  0.53245E-05  0.30007E-05 -0.41939E-06
  0.92100E+02  0.48925E-05  0.28808E-05 -0.19390E-06
  0.92400E+02  0.44094E-05  0.27198E-05  0.40287E-07
  0.92700E+02  0.38790E-05  0.25193E-05  0.28093E-06
  0.93000E+02  0.33053E-05  0.22821E-05  0.52575E-06
  0.93300E+02  0.26932E-05  0.20114E-05  0.77237E-06
  0.93600E+02  0.20477E-05  0.17110E-05  0.10183E-05
  0.93900E+02  0.13744E-05  0.13853E-05  0.12609E-05
  0.94200E+02  0.67927E-06  0.10391E-05  0.14975E-05
  0.94500E+02 -0.31680E-07  0.67708E-06  0.17255E-05
  0.94800E+02 -0.75199E-06  0.30413E-06  0.19421E-05
  0.95100E+02 -0.14750E-05 -0.74750E-07  0.21448E-05
  0.95400E+02 -0.21942E-05 -0.45475E-06  0.23311E-05
  0.95700E+02 -0.29030E-05 -0.83142E-06  0.24989E-05
  0.96000E+02 -0.35950E-05 -0.12002E-05  0.26462E-05
  0.96300E+02 -0.42639E-05 -0.15567E-05  0.27714E-05
  0.96600E+02 -0.49040E-05 -0.18967E-05  0.28732E-05
  0.96900E+02 -0.55095E-05 -0.22162E-05  0.29506E-05
  0.97200E+02 -0.60751E-05 -0.25113E-05  0.30028E-05
  0.97500E+02 -0.65961E-05 -0.27783E-05  0.30289E-05
  0.97800E+02 -0.70680E-05 -0.30138E-05  0.30285E-05
  0.98100E+02 -0.74866E-05 -0.32148E-05  0.30015E-05
  0.98400E+02 -0.78483E-05 -0.33784E-05  0.29477E-05
  0.98700E+02 -0.81499E-05 -0.35026E-05  0.28673E-05
  0.99000E+02 -0.83888E-05 -0.35856E-05  0.27606E-05
  0.99300E+02 -0.85628E-05 -0.36263E-05  0.26283E-05
  0.99600E+02 -0.86705E-05 -0.36240E-05  0.24713E-05
  0.99900E+02 -0.87112E-05 -0.35788E-05  0.22910E-05
  0.10020E+03 -0.86848E-05 -0.34911E-05  0.20887E-05
  0.10050E+03 -0.85918E-05 -0.33619E-05  0.18662E-05
  0.10080E+03 -0.84337E-05 -0.31929E-05  0.16254E-05
  0.10110E+03 -0.82125E-05 -0.29859E-05  0.13681E-05
  0.10140E+03 -0.79308E-05 -0.27434E-05  0.10966E-05
  0.10170E+03 -0.75914E-05 -0.24682E-05  0.81298E-06
  0.10200E+03 -0.71981E-05 -0.21634E-05  0.51960E-06
  0.10230E+03 -0.67545E-05 -0.18326E-05  0.21882E-06
  0.10260E+03 -0.62649E-05 -0.14796E-05 -0.86985E-07
  0.10290E+03 -0.57338E-05 -0.11080E-05 -0.39527E-06
  0.10320E+03 -0.51659E-05 -0.72228E-06 -0.70345E-06
  0.10350E+03 -0.45664E-05 -0.32634E-06 -0.10090E-05
  0.10380E+03 -0.39403E-05  0.75380E-07 -0.13092E-05
  0.10410E+03 -0.32933E-05  0.47852E-06 -0.16018E-05
  0.10440E+03 -0.26309E-05  0.87887E-06 -0.18842E-05
  0.10470E+03 -0.19589E-05  0.12722E-05 -0.21542E-05
  0.10500E+03 -0.12829E-05  0.16540E-05 -0.24096E-05
  0.10530E+03 -0.60872E-06  0.20204E-05 -0.26485E-05
  0.10560E+03  0.58180E-07  0.23674E-05 -0.28689E-05
  0.10590E+03  0.71244E-06  0.26912E-05 -0.30691E-05
  0.10620E+03  0.13490E-05  0.29886E-05 -0.32477E-05
  0.10650E+03  0.19631E-05  0.32563E-05 -0.34031E-05
  0.10680E+03  0.25502E-05  0.34919E-05 -0.35341E-05
  0.10710E+03  0.31062E-05  0.36933E-05 -0.36399E-05
  0.10740E+03  0.36273E-05  0.38584E-05 -0.37197E-05
  0.10770E+03  0.41104E-05  0.39861E-05 -0.37729E-05
  0.10800E+03  0.45524E-05  0.40754E-05 -0.37993E-05
  0.10830E+03  0.49509E-05  0.41256E-05 -0.37989E-05
  0.10860E+03  0.53039E-05  0.41368E-05 -0.37718E-05
  0.10890E+03  0.56096E-05  0.41088E-05 -0.37184E-05
  0.10920E+03  0.58670E-05  0.40426E-05 -0.36392E-05
  0.10950E+03  0.60753E-05  0.39390E-05 -0.35352E-05
  0.10980E+03  0.62341E-05  0.37995E-05 -0.34072E-05
  0.11010E+03  0.63437E-05  0.36258E-05 -0.32564E-05
  0.11040E+03  0.64047E-05  0.34200E-05 -0.30842E-05
  0.11070E+03  0.64180E-05  0.31846E-05 -0.28920E-05
  0.11100E+03  0.63853E-05  0.29225E-05 -0.26817E-05
  0.11130E+03  0.63081E-05  0.26364E-05 -0.24548E-05
  0.11160E+03  0.61890E-05  0.23297E-05 -0.22135E-05
  0.11190E+03  0.60301E-05  0.20057E-05 -0.19595E-05
  0.11220E+03  0.58346E-05  0.16678E-05 -0.16950E-05
  0.11250E+03  0.56050E-05  0.13197E-05 -0.14222E-05
  0.11280E+03  0.53446E-05  0.96486E-06 -0.11430E-05
  0.11310E+03  0.50567E-05  0.60677E-06 -0.85963E-06
  0.11340E+03  0.47445E-05  0.24915E-06 -0.57435E-06
  0.11370E+03  0.44117E-05 -0.10478E-06 -0.28926E-06
  0.11400E+03  0.40615E-05 -0.45159E-06 -0.64610E-08
  0.11430E+03  0.36978E-05 -0.78810E-06  0.27200E-06
  0.11460E+03  0.33239E-05 -0.11113E-05  0.54421E-06
  0.11490E+03  0.29434E-05 -0.14181E-05  0.80817E-06
  0.11520E+03  0.25599E-05 -0.17062E-05  0.10623E-05
  0.11550E+03  0.21764E-05 -0.19728E-05  0.13047E-05
  0.11580E+03  0.17961E-05 -0.22162E-05  0.15340E-05
  0.11610E+03  0.14221E-05 -0.24342E-05  0.17489E-05
  0.11640E+03  0.10570E-05 -0.26256E-05  0.19480E-05
  0.11670E+03  0.70336E-06 -0.27893E-05  0.21302E-05
  0.11700E+03  0.36349E-06 -0.29241E-05  0.22946E-05
  0.11730E+03  0.39380E-07 -0.30297E-05  0.24406E-05
  0.11760E+03 -0.26716E-06 -0.31059E-05  0.25674E-05
  0.11790E+03 -0.55460E-06 -0.31527E-05  0.26746E-05
  0.11820E+03 -0.82165E-06 -0.31706E-05  0.27621E-05
  0.11850E+03 -0.10673E-05 -0.31601E-05  0.28297E-05
  0.11880E+03 -0.12907E-05 -0.31220E-05  0.28773E-05
  0.11910E+03 -0.14915E-05 -0.30578E-05  0.29054E-05
  0.11940E+03 -0.16693E-05 -0.29686E-05  0.29143E-05
  0.11970E+03 -0.18241E-05 -0.28563E-05  0.29043E-05
  0.12000E+03 -0.19564E-05 -0.27226E-05  0.28764E-05
  0.12030E+03 -0.20664E-05 -0.25696E-05  0.28312E-05
  0.12060E+03 -0.21548E-05 -0.23994E-05  0.27695E-05
  0.12090E+03 -0.22225E-05 -0.22143E-05  0.26925E-05
  0.12120E+03 -0.22706E-05 -0.20166E-05  0.26011E-05
  0.12150E+03 -0.23000E-05 -0.18089E-05  0.24965E-05
  0.12180E+03 -0.23123E-05 -0.15933E-05  0.23799E-05
  0.12210E+03 -0.23085E-05 -0.13724E-05  0.22526E-05
  0.12240E+03 -0.22902E-05 -0.11486E-05  0.21159E-05
  0.12270E+03 -0.22589E-05 -0.92412E-06  0.19712E-05
  0.12300E+03 -0.22161E-05 -0.70127E-06  0.18197E-05
  0.12330E+03 -0.21634E-05 -0.48222E-06  0.16630E-05
  0.12360E+03 -0.21024E-05 -0.26919E-06  0.15021E-05
  0.12390E+03 -0.20345E-05 -0.63880E-07  0.13386E-05
  0.12420E+03 -0.19613E-05  0.13185E-06  0.11735E-05
  0.12450E+03 -0.18842E-05  0.31632E-06  0.10083E-05
  0.12480E+03 -0.18046E-05  0.48827E-06  0.84408E-06
  0.12510E+03 -0.17237E-05  0.64639E-06  0.68191E-06
  0.12540E+03 -0.16427E-05  0.78973E-06  0.52286E-06
  0.12570E+03 -0.15627E-05  0.91750E-06  0.36791E-06
  0.12600E+03 -0.14847E-05  0.10290E-05  0.21793E-06
  0.12630E+03 -0.14094E-05  0.11239E-05  0.73742E-07
  0.12660E+03 -0.13376E-05  0.12020E-05 -0.63966E-07
  0.12690E+03 -0.12699E-05  0.12633E-05 -0.19455E-06
  0.12720E+03 -0.12067E-05  0.13079E-05 -0.31750E-06
  0.12750E+03 -0.11484E-05  0.13362E-05 -0.43238E-06
  0.12780E+03 -0.10952E-05  0.13488E-05 -0.53886E-06
  0.12810E+03 -0.10471E-05  0.13464E-05 -0.63667E-06
  0.12840E+03 -0.10041E-05  0.13297E-05 -0.72568E-06
  0.12870E+03 -0.96601E-06  0.12999E-05 -0.80580E-06
  0.12900E+03 -0.93265E-06  0.12579E-05 -0.87705E-06
  0.12930E+03 -0.90364E-06  0.12050E-05 -0.93951E-06
  0.12960E+03 -0.87858E-06  0.11425E-05 -0.99334E-06
  0.12990E+03 -0.85695E-06  0.10715E-05 -0.10388E-05
  0.13020E+03 -0.83822E-06  0.99364E-06 -0.10761E-05
  0.13050E+03 -0.82179E-06  0.91011E-06 -0.11056E-05
  0.13080E+03 -0.80703E-06  0.82241E-06 -0.11278E-05
  0.13110E+03 -0.79326E-06  0.73190E-06 -0.11430E-05
  0.13140E+03 -0.77981E-06  0.63984E-06 -0.11517E-05
  0.13170E+03 -0.76601E-06  0.54774E-06 -0.11543E-05
  0.13200E+03 -0.75120E-06  0.45679E-06 -0.11515E-05
  0.13230E+03 -0.73473E-06  0.36814E-06 -0.11436E-05
  0.13260E+03 -0.71602E-06  0.28286E-06 -0.11313E-05
  0.13290E+03 -0.69448E-06  0.20209E-06 -0.11149E-05
  0.13320E+03 -0.66962E-06  0.12664E-06 -0.10952E-05
  0.13350E+03 -0.64098E-06  0.57348E-07 -0.10724E-05
  0.13380E+03 -0.60816E-06 -0.51030E-08 -0.10472E-05
  0.13410E+03 -0.57085E-06 -0.60152E-07 -0.10199E-05
  0.13440E+03 -0.52880E-06 -0.10736E-06 -0.99110E-06
  0.13470E+03 -0.48184E-06 -0.14639E-06 -0.96105E-06
  0.13500E+03 -0.42990E-06 -0.17708E-06 -0.93017E-06
  0.13530E+03 -0.37295E-06 -0.19935E-06 -0.89879E-06
  0.13560E+03 -0.31109E-06 -0.21326E-06 -0.86720E-06
  0.13590E+03 -0.24446E-06 -0.21895E-06 -0.83566E-06
  0.13620E+03 -0.17332E-06 -0.21675E-06 -0.80437E-06
  0.13650E+03 -0.97964E-07 -0.20694E-06 -0.77352E-06
  0.13680E+03 -0.18774E-07 -0.19016E-06 -0.74325E-06
  0.13710E+03  0.63803E-07 -0.16689E-06 -0.71364E-06
  0.13740E+03  0.14927E-06 -0.13764E-06 -0.68477E-06
  0.13770E+03  0.23706E-06 -0.10318E-06 -0.65666E-06
  0.13800E+03  0.32657E-06 -0.64370E-07 -0.62931E-06
  0.13830E+03  0.41716E-06 -0.21880E-07 -0.60268E-06
  0.13860E+03  0.50816E-06  0.23360E-07 -0.57673E-06
  0.13890E+03  0.59887E-06  0.70620E-07 -0.55135E-06
  0.13920E+03  0.68859E-06  0.11899E-06 -0.52644E-06
  0.13950E+03  0.77659E-06  0.16776E-06 -0.50190E-06
  0.13980E+03  0.86219E-06  0.21582E-06 -0.47758E-06
  0.14010E+03  0.94466E-06  0.26268E-06 -0.45335E-06
  0.14040E+03  0.10233E-05  0.30737E-06 -0.42905E-06
  0.14070E+03  0.10976E-05  0.34914E-06 -0.40454E-06
  0.14100E+03  0.11668E-05  0.38748E-06 -0.37967E-06
  0.14130E+03  0.12303E-05  0.42166E-06 -0.35430E-06
  0.14160E+03  0.12878E-05  0.45117E-06 -0.32828E-06
  0.14190E+03  0.13385E-05  0.47553E-06 -0.30151E-06
  0.14220E+03  0.13822E-05  0.49433E-06 -0.27386E-06
  0.14250E+03  0.14185E-05  0.50727E-06 -0.24525E-06
  0.14280E+03  0.14471E-05  0.51411E-06 -0.21561E-06
  0.14310E+03  0.14678E-05  0.51468E-06 -0.18486E-06
  0.14340E+03  0.14805E-05  0.50892E-06 -0.15299E-06
  0.14370E+03  0.14850E-05  0.49686E-06 -0.11997E-06
  0.14400E+03  0.14813E-05  0.47856E-06 -0.85833E-07
  0.14430E+03  0.14695E-05  0.45423E-06 -0.50602E-07
  0.14460E+03  0.14497E-05  0.42407E-06 -0.14337E-07
  0.14490E+03  0.14222E-05  0.38845E-06  0.22878E-07
  0.14520E+03  0.13871E-05  0.34769E-06  0.60934E-07
  0.14550E+03  0.13448E-05  0.30226E-06  0.99723E-07
  0.14580E+03  0.12957E-05  0.25270E-06  0.13907E-06
  0.14610E+03  0.12401E-05  0.19948E-06  0.17883E-06
  0.14640E+03  0.11786E-05  0.14319E-06  0.21881E-06
  0.14670E+03  0.11116E-05  0.84380E-07  0.25881E-06
  0.14700E+03  0.10398E-05  0.23770E-07  0.29864E-06
  0.14730E+03  0.96364E-06 -0.37980E-07  0.33805E-06
  0.14760E+03  0.88375E-06 -0.10026E-06  0.37683E-06
  0.14790E+03  0.80076E-06 -0.16255E-06  0.41476E-06
  0.14820E+03  0.71529E-06 -0.22394E-06  0.45156E-06
  0.14850E+03  0.62796E-06 -0.28407E-06  0.48704E-06
  0.14880E+03  0.53941E-06 -0.34214E-06  0.52095E-06
  0.14910E+03  0.45026E-06 -0.39775E-06  0.55305E-06
  0.14940E+03  0.36111E-06 -0.45020E-06  0.58314E-06
  0.14970E+03  0.27256E-06 -0.49910E-06  0.61100E-06
  0.15000E+03  0.18516E-06 -0.54395E-06  0.63643E-06
  0.15030E+03  0.99453E-07 -0.58437E-06  0.65925E-06
  0.15060E+03  0.15952E-07 -0.62002E-06  0.67931E-06
  0.15090E+03 -0.64879E-07 -0.65058E-06  0.69643E-06
  0.15120E+03 -0.14260E-06 -0.67583E-06  0.71052E-06
  0.15150E+03 -0.21685E-06 -0.69560E-06  0.72145E-06
  0.15180E+03 -0.28725E-06 -0.70978E-06  0.72914E-06
  0.15210E+03 -0.35353E-06 -0.71830E-06  0.73354E-06
  0.15240E+03 -0.41542E-06 -0.72119E-06  0.73460E-06
  0.15270E+03 -0.47273E-06 -0.71848E-06  0.73232E-06
  0.15300E+03 -0.52528E-06 -0.71031E-06  0.72671E-06
  0.15330E+03 -0.57298E-06 -0.69685E-06  0.71780E-06
  0.15360E+03 -0.61576E-06 -0.67833E-06  0.70564E-06
  0.15390E+03 -0.65359E-06 -0.65501E-06  0.69035E-06
  0.15420E+03 -0.68651E-06 -0.62721E-06  0.67199E-06
  0.15450E+03 -0.71456E-06 -0.59527E-06  0.65071E-06
  0.15480E+03 -0.73785E-06 -0.55957E-06  0.62666E-06
  0.15510E+03 -0.75650E-06 -0.52053E-06  0.59997E-06
  0.15540E+03 -0.77070E-06 -0.47857E-06  0.57086E-06
  0.15570E+03 -0.78062E-06 -0.43416E-06  0.53949E-06
  0.15600E+03 -0.78649E-06 -0.38775E-06  0.50609E-06
  0.15630E+03 -0.78856E-06 -0.33980E-06  0.47086E-06
  0.15660E+03 -0.78705E-06 -0.29080E-06  0.43405E-06
  0.15690E+03 -0.78226E-06 -0.24119E-06  0.39586E-06
  0.15720E+03 -0.77445E-06 -0.19147E-06  0.35655E-06
  0.15750E+03 -0.76391E-06 -0.14204E-06  0.31636E-06
  0.15780E+03 -0.75094E-06 -0.93353E-07  0.27552E-06
  0.15810E+03 -0.73580E-06 -0.45801E-07  0.23428E-06
  0.15840E+03 -0.71880E-06  0.22402E-09  0.19286E-06
  0.15870E+03 -0.70018E-06  0.44385E-07  0.15151E-06
  0.15900E+03 -0.68022E-06  0.86369E-07  0.11045E-06
  0.15930E+03 -0.65918E-06  0.12587E-06  0.69883E-07
  0.15960E+03 -0.63728E-06  0.16266E-06  0.30015E-07
  0.15990E+03 -0.61474E-06  0.19651E-06 -0.89410E-08
  0.16020E+03 -0.59177E-06  0.22727E-06 -0.46828E-07
  0.16050E+03 -0.56854E-06  0.25480E-06 -0.83463E-07
  0.16080E+03 -0.54522E-06  0.27901E-06 -0.11870E-06
  0.16110E+03 -0.52192E-06  0.29983E-06 -0.15240E-06
  0.16140E+03 -0.49879E-06  0.31726E-06 -0.18444E-06
  0.16170E+03 -0.47591E-06  0.33131E-06 -0.21471E-06
  0.16200E+03 -0.45336E-06  0.34205E-06 -0.24313E-06
  0.16230E+03 -0.43118E-06  0.34955E-06 -0.26962E-06
  0.16260E+03 -0.40941E-06  0.35393E-06 -0.29412E-06
  0.16290E+03 -0.38805E-06  0.35535E-06 -0.31659E-06
  0.16320E+03 -0.36712E-06  0.35397E-06 -0.33701E-06
  0.16350E+03 -0.34658E-06  0.35000E-06 -0.35537E-06
  0.16380E+03 -0.32642E-06  0.34364E-06 -0.37166E-06
  0.16410E+03 -0.30656E-06  0.33511E-06 -0.38591E-06
  0.16440E+03 -0.28697E-06  0.32468E-06 -0.39813E-06
  0.16470E+03 -0.26757E-06  0.31256E-06 -0.40837E-06
  0.16500E+03 -0.24828E-06  0.29905E-06 -0.41669E-06
  0.16530E+03 -0.22906E-06  0.28438E-06 -0.42313E-06
  0.16560E+03 -0.20980E-06  0.26881E-06 -0.42778E-06
  0.16590E+03 -0.19043E-06  0.25259E-06 -0.43069E-06
  0.16620E+03 -0.17088E-06  0.23597E-06 -0.43195E-06
  0.16650E+03 -0.15108E-06  0.21919E-06 -0.43165E-06
  0.16680E+03 -0.13096E-06  0.20247E-06 -0.42987E-06
  0.16710E+03 -0.11045E-06  0.18601E-06 -0.42671E-06
  0.16740E+03 -0.89517E-07  0.17002E-06 -0.42225E-06
  0.16770E+03 -0.68118E-07  0.15466E-06 -0.41659E-06
  0.16800E+03 -0.46209E-07  0.14009E-06 -0.40982E-06
  0.16830E+03 -0.23797E-07  0.12643E-06 -0.40203E-06
  0.16860E+03 -0.86500E-09  0.11380E-06 -0.39332E-06
  0.16890E+03  0.22569E-07  0.10229E-06 -0.38375E-06
  0.16920E+03  0.46487E-07  0.91967E-07 -0.37342E-06
  0.16950E+03  0.70848E-07  0.82870E-07 -0.36240E-06
  0.16980E+03  0.95600E-07  0.75023E-07 -0.35077E-06
  0.17010E+03  0.12067E-06  0.68425E-07 -0.33859E-06
  0.17040E+03  0.14600E-06  0.63054E-07 -0.32593E-06
  0.17070E+03  0.17148E-06  0.58872E-07 -0.31283E-06
  0.17100E+03  0.19702E-06  0.55819E-07 -0.29937E-06
  0.17130E+03  0.22250E-06  0.53822E-07 -0.28557E-06
  0.17160E+03  0.24779E-06  0.52789E-07 -0.27149E-06
  0.17190E+03  0.27278E-06  0.52618E-07 -0.25718E-06
  0.17220E+03  0.29731E-06  0.53196E-07 -0.24263E-06
  0.17250E+03  0.32127E-06  0.54399E-07 -0.22790E-06
  0.17280E+03  0.34449E-06  0.56098E-07 -0.21301E-06
  0.17310E+03  0.36683E-06  0.58158E-07 -0.19798E-06
  0.17340E+03  0.38815E-06  0.60443E-07 -0.18282E-06
  0.17370E+03  0.40830E-06  0.62812E-07 -0.16755E-06
  0.17400E+03  0.42714E-06  0.65132E-07 -0.15218E-06
  0.17430E+03  0.44453E-06  0.67268E-07 -0.13673E-06
  0.17460E+03  0.46036E-06  0.69092E-07 -0.12120E-06
  0.17490E+03  0.47447E-06  0.70485E-07 -0.10560E-06
  0.17520E+03  0.48679E-06  0.71335E-07 -0.89954E-07
  0.17550E+03  0.49718E-06  0.71539E-07 -0.74257E-07
  0.17580E+03  0.50558E-06  0.71008E-07 -0.58526E-07
  0.17610E+03  0.51189E-06  0.69663E-07 -0.42767E-07
  0.17640E+03  0.51606E-06  0.67442E-07 -0.27007E-07
  0.17670E+03  0.51803E-06  0.64292E-07 -0.11264E-07
  0.17700E+03  0.51778E-06  0.60176E-07  0.44640E-08
  0.17730E+03  0.51527E-06  0.55088E-07  0.20131E-07
  0.17760E+03  0.51051E-06  0.49000E-07  0.35726E-07
  0.17790E+03  0.50352E-06  0.41936E-07  0.51221E-07
  0.17820E+03  0.49431E-06  0.33923E-07  0.66582E-07
  0.17850E+03  0.48293E-06  0.24991E-07  0.81778E-07
  0.17880E+03  0.46945E-06  0.15197E-07  0.96773E-07
  0.17910E+03  0.45393E-06  0.46010E-08  0.11153E-06
  0.17940E+03  0.43646E-06 -0.67100E-08  0.12600E-06
  0.17970E+03  0.41715E-06 -0.18651E-07  0.14015E-06
  0.18000E+03  0.39610E-06 -0.31130E-07  0.15393E-06
  0.18030E+03  0.37344E-06 -0.44037E-07  0.16728E-06
  0.18060E+03  0.34930E-06 -0.57268E-07  0.18018E-06
  0.18090E+03  0.32383E-06 -0.70680E-07  0.19256E-06
  0.18120E+03  0.29718E-06 -0.84174E-07  0.20437E-06
  0.18150E+03  0.26951E-06 -0.97626E-07  0.21556E-06
  0.18180E+03  0.24096E-06 -0.11089E-06  0.22609E-06
  0.18210E+03  0.21172E-06 -0.12386E-06  0.23590E-06
  0.18240E+03  0.18195E-06 -0.13641E-06  0.24496E-06
  0.18270E+03  0.15182E-06 -0.14840E-06  0.25320E-06
  0.18300E+03  0.12150E-06 -0.15974E-06  0.26060E-06
  0.18330E+03  0.91136E-07 -0.17031E-06  0.26710E-06
  0.18360E+03  0.60918E-07 -0.18001E-06  0.27267E-06
  0.18390E+03  0.30992E-07 -0.18875E-06  0.27729E-06
  0.18420E+03  0.15124E-08 -0.19645E-06  0.28091E-06
  0.18450E+03 -0.27375E-07 -0.20302E-06  0.28352E-06
  0.18480E+03 -0.55530E-07 -0.20840E-06  0.28510E-06
  0.18510E+03 -0.82823E-07 -0.21255E-06  0.28563E-06
  0.18540E+03 -0.10913E-06 -0.21543E-06  0.28511E-06
  0.18570E+03 -0.13435E-06 -0.21700E-06  0.28352E-06
  0.18600E+03 -0.15837E-06 -0.21725E-06  0.28087E-06
  0.18630E+03 -0.18110E-06 -0.21619E-06  0.27717E-06
  0.18660E+03 -0.20247E-06 -0.21380E-06  0.27244E-06
  0.18690E+03 -0.22242E-06 -0.21014E-06  0.26668E-06
  0.18720E+03 -0.24087E-06 -0.20521E-06  0.25994E-06
  0.18750E+03 -0.25779E-06 -0.19908E-06  0.25223E-06
  0.18780E+03 -0.27314E-06 -0.19179E-06  0.24359E-06
  0.18810E+03 -0.28691E-06 -0.18339E-06  0.23406E-06
  0.18840E+03 -0.29909E-06 -0.17398E-06  0.22369E-06
  0.18870E+03 -0.30966E-06 -0.16363E-06  0.21253E-06
  0.18900E+03 -0.31866E-06 -0.15242E-06  0.20064E-06
  0.18930E+03 -0.32608E-06 -0.14046E-06  0.18806E-06
  0.18960E+03 -0.33196E-06 -0.12784E-06  0.17488E-06
  0.18990E+03 -0.33633E-06 -0.11466E-06  0.16114E-06
  0.19020E+03 -0.33924E-06 -0.10103E-06  0.14692E-06
  0.19050E+03 -0.34075E-06 -0.87054E-07  0.13228E-06
  0.19080E+03 -0.34089E-06 -0.72842E-07  0.11731E-06
  0.19110E+03 -0.33974E-06 -0.58502E-07  0.10206E-06
  0.19140E+03 -0.33736E-06 -0.44139E-07  0.86607E-07
  0.19170E+03 -0.33381E-06 -0.29855E-07  0.71040E-07
  0.19200E+03 -0.32918E-06 -0.15751E-07  0.55409E-07
  0.19230E+03 -0.32352E-06 -0.19214E-08  0.39810E-07
  0.19260E+03 -0.31692E-06  0.11542E-07  0.24293E-07
  0.19290E+03 -0.30946E-06  0.24557E-07  0.89380E-08
  0.19320E+03 -0.30119E-06  0.37045E-07 -0.61890E-08
  0.19350E+03 -0.29220E-06  0.48935E-07 -0.21028E-07
  0.19380E+03 -0.28256E-06  0.60163E-07 -0.35517E-07
  0.19410E+03 -0.27234E-06  0.70681E-07 -0.49599E-07
  0.19440E+03 -0.26160E-06  0.80427E-07 -0.63217E-07
  0.19470E+03 -0.25042E-06  0.89369E-07 -0.76326E-07
  0.19500E+03 -0.23885E-06  0.97487E-07 -0.88869E-07
  0.19530E+03 -0.22695E-06  0.10475E-06 -0.10081E-06
  0.19560E+03 -0.21476E-06  0.11114E-06 -0.11212E-06
  0.19590E+03 -0.20236E-06  0.11666E-06 -0.12274E-06
  0.19620E+03 -0.18978E-06  0.12132E-06 -0.13266E-06
  0.19650E+03 -0.17706E-06  0.12511E-06 -0.14187E-06
  0.19680E+03 -0.16424E-06  0.12805E-06 -0.15031E-06
  0.19710E+03 -0.15136E-06  0.13017E-06 -0.15800E-06
  0.19740E+03 -0.13846E-06  0.13151E-06 -0.16492E-06
  0.19770E+03 -0.12555E-06  0.13209E-06 -0.17105E-06
  0.19800E+03 -0.11266E-06  0.13195E-06 -0.17640E-06
  0.19830E+03 -0.99824E-07  0.13113E-06 -0.18097E-06
  0.19860E+03 -0.87059E-07  0.12970E-06 -0.18475E-06
  0.19890E+03 -0.74366E-07  0.12769E-06 -0.18777E-06
  0.19920E+03 -0.61781E-07  0.12515E-06 -0.19003E-06
  0.19950E+03 -0.49298E-07  0.12215E-06 -0.19155E-06
  0.19980E+03 -0.36938E-07  0.11873E-06 -0.19234E-06
  0.20010E+03 -0.24720E-07  0.11496E-06 -0.19243E-06
  0.20040E+03 -0.12646E-07  0.11087E-06 -0.19184E-06
  0.20070E+03 -0.71400E-09  0.10654E-06 -0.19059E-06
  0.20100E+03  0.11038E-07  0.10201E-06 -0.18872E-06
  0.20130E+03  0.22621E-07  0.97333E-07 -0.18624E-06
  0.20160E+03  0.34018E-07  0.92548E-07 -0.18319E-06
  0.20190E+03  0.45219E-07  0.87704E-07 -0.17961E-06
  0.20220E+03  0.56215E-07  0.82835E-07 -0.17551E-06
  0.20250E+03  0.66980E-07  0.77997E-07 -0.17093E-06
  0.20280E+03  0.77521E-07  0.73203E-07 -0.16591E-06
  0.20310E+03  0.87806E-07  0.68492E-07 -0.16047E-06
  0.20340E+03  0.97820E-07  0.63888E-07 -0.15466E-06
  0.20370E+03  0.10755E-06  0.59404E-07 -0.14849E-06
  0.20400E+03  0.11697E-06  0.55076E-07 -0.14201E-06
  0.20430E+03  0.12607E-06  0.50895E-07 -0.13523E-06
  0.20460E+03  0.13482E-06  0.46882E-07 -0.12821E-06
  0.20490E+03  0.14318E-06  0.43034E-07 -0.12095E-06
  0.20520E+03  0.15117E-06  0.39360E-07 -0.11349E-06
  0.20550E+03  0.15872E-06  0.35853E-07 -0.10587E-06
  0.20580E+03  0.16584E-06  0.32509E-07 -0.98096E-07
  0.20610E+03  0.17248E-06  0.29320E-07 -0.90203E-07
  0.20640E+03  0.17862E-06  0.26274E-07 -0.82211E-07
  0.20670E+03  0.18426E-06  0.23358E-07 -0.74160E-07
  0.20700E+03  0.18933E-06  0.20559E-07 -0.66050E-07
  0.20730E+03  0.19384E-06  0.17859E-07 -0.57913E-07
  0.20760E+03  0.19775E-06  0.15243E-07 -0.49780E-07
  0.20790E+03  0.20105E-06  0.12692E-07 -0.41646E-07
  0.20820E+03  0.20371E-06  0.10188E-07 -0.33557E-07
  0.20850E+03  0.20572E-06  0.77157E-08 -0.25514E-07
  0.20880E+03  0.20706E-06  0.52590E-08 -0.17532E-07
  0.20910E+03  0.20773E-06  0.27980E-08 -0.96430E-08
  0.20940E+03  0.20769E-06  0.31000E-09 -0.18630E-08
  0.20970E+03  0.20695E-06 -0.22020E-08  0.58090E-08
  0.21000E+03  0.20552E-06 -0.47560E-08  0.13354E-07
  0.21030E+03  0.20338E-06 -0.73590E-08  0.20738E-07
  0.21060E+03  0.20053E-06 -0.10031E-07  0.27972E-07
  0.21090E+03  0.19698E-06 -0.12761E-07  0.35026E-07
  0.21120E+03  0.19275E-06 -0.15560E-07  0.41893E-07
  0.21150E+03  0.18784E-06 -0.18432E-07  0.48547E-07
  0.21180E+03  0.18227E-06 -0.21372E-07  0.54991E-07
  0.21210E+03  0.17605E-06 -0.24381E-07  0.61205E-07
  0.21240E+03  0.16923E-06 -0.27434E-07  0.67177E-07
  0.21270E+03  0.16180E-06 -0.30543E-07  0.72893E-07
  0.21300E+03  0.15382E-06 -0.33684E-07  0.78342E-07
  0.21330E+03  0.14531E-06 -0.36841E-07  0.83510E-07
  0.21360E+03  0.13631E-06 -0.40011E-07  0.88388E-07
  0.21390E+03  0.12685E-06 -0.43173E-07  0.92967E-07
  0.21420E+03  0.11699E-06 -0.46295E-07  0.97225E-07
  0.21450E+03  0.10675E-06 -0.49370E-07  0.10116E-06
  0.21480E+03  0.96193E-07 -0.52382E-07  0.10477E-06
  0.21510E+03  0.85363E-07 -0.55293E-07  0.10803E-06
  0.21540E+03  0.74295E-07 -0.58085E-07  0.11093E-06
  0.21570E+03  0.63061E-07 -0.60743E-07  0.11348E-06
  0.21600E+03  0.51694E-07 -0.63231E-07  0.11566E-06
  0.21630E+03  0.40253E-07 -0.65542E-07  0.11747E-06
  0.21660E+03  0.28781E-07 -0.67648E-07  0.11890E-06
  0.21690E+03  0.17339E-07 -0.69523E-07  0.11994E-06
  0.21720E+03  0.59690E-08 -0.71159E-07  0.12059E-06
  0.21750E+03 -0.52750E-08 -0.72524E-07  0.12086E-06
  0.21780E+03 -0.16355E-07 -0.73617E-07  0.12074E-06
  0.21810E+03 -0.27212E-07 -0.74411E-07  0.12023E-06
  0.21840E+03 -0.37802E-07 -0.74898E-07  0.11933E-06
  0.21870E+03 -0.48094E-07 -0.75058E-07  0.11804E-06
  0.21900E+03 -0.58038E-07 -0.74903E-07  0.11638E-06
  0.21930E+03 -0.67604E-07 -0.74412E-07  0.11434E-06
  0.21960E+03 -0.76749E-07 -0.73587E-07  0.11194E-06
  0.21990E+03 -0.85441E-07 -0.72426E-07  0.10918E-06
  0.22020E+03 -0.93654E-07 -0.70932E-07  0.10607E-06
  0.22050E+03 -0.10136E-06 -0.69113E-07  0.10262E-06
  0.22080E+03 -0.10853E-06 -0.66969E-07  0.98855E-07
  0.22110E+03 -0.11516E-06 -0.64513E-07  0.94780E-07
  0.22140E+03 -0.12122E-06 -0.61754E-07  0.90417E-07
  0.22170E+03 -0.12670E-06 -0.58716E-07  0.85773E-07
  0.22200E+03 -0.13158E-06 -0.55405E-07  0.80876E-07
  0.22230E+03 -0.13587E-06 -0.51851E-07  0.75737E-07
  0.22260E+03 -0.13956E-06 -0.48066E-07  0.70380E-07
  0.22290E+03 -0.14264E-06 -0.44071E-07  0.64838E-07
  0.22320E+03 -0.14512E-06 -0.39886E-07  0.59115E-07
  0.22350E+03 -0.14700E-06 -0.35550E-07  0.53239E-07
  0.22380E+03 -0.14831E-06 -0.31076E-07  0.47238E-07
  0.22410E+03 -0.14903E-06 -0.26501E-07  0.41137E-07
  0.22440E+03 -0.14918E-06 -0.21837E-07  0.34952E-07
  0.22470E+03 -0.14878E-06 -0.17128E-07  0.28710E-07
  0.22500E+03 -0.14785E-06 -0.12400E-07  0.22451E-07
  0.22530E+03 -0.14641E-06 -0.76630E-08  0.16176E-07
  0.22560E+03 -0.14447E-06 -0.29560E-08  0.99192E-08
  0.22590E+03 -0.14207E-06  0.16940E-08  0.37087E-08
  0.22620E+03 -0.13920E-06  0.62570E-08 -0.24354E-08
  0.22650E+03 -0.13592E-06  0.10721E-07 -0.84902E-08
  0.22680E+03 -0.13224E-06  0.15062E-07 -0.14432E-07
  0.22710E+03 -0.12818E-06  0.19245E-07 -0.20240E-07
  0.22740E+03 -0.12377E-06  0.23259E-07 -0.25891E-07
  0.22770E+03 -0.11905E-06  0.27086E-07 -0.31368E-07
  0.22800E+03 -0.11403E-06  0.30709E-07 -0.36650E-07
  0.22830E+03 -0.10874E-06  0.34107E-07 -0.41725E-07
  0.22860E+03 -0.10322E-06  0.37270E-07 -0.46567E-07
  0.22890E+03 -0.97477E-07  0.40199E-07 -0.51161E-07
  0.22920E+03 -0.91550E-07  0.42859E-07 -0.55499E-07
  0.22950E+03 -0.85460E-07  0.45262E-07 -0.59566E-07
  0.22980E+03 -0.79235E-07  0.47404E-07 -0.63356E-07
  0.23010E+03 -0.72897E-07  0.49272E-07 -0.66856E-07
  0.23040E+03 -0.66470E-07  0.50868E-07 -0.70051E-07
  0.23070E+03 -0.59978E-07  0.52196E-07 -0.72935E-07
  0.23100E+03 -0.53441E-07  0.53247E-07 -0.75520E-07
  0.23130E+03 -0.46881E-07  0.54041E-07 -0.77774E-07
  0.23160E+03 -0.40320E-07  0.54576E-07 -0.79717E-07
  0.23190E+03 -0.33774E-07  0.54861E-07 -0.81342E-07
  0.23220E+03 -0.27264E-07  0.54904E-07 -0.82645E-07
  0.23250E+03 -0.20806E-07  0.54709E-07 -0.83627E-07
  0.23280E+03 -0.14418E-07  0.54290E-07 -0.84296E-07
  0.23310E+03 -0.81138E-08  0.53659E-07 -0.84653E-07
  0.23340E+03 -0.19104E-08  0.52832E-07 -0.84708E-07
  0.23370E+03  0.41796E-08  0.51815E-07 -0.84464E-07
  0.23400E+03  0.10143E-07  0.50635E-07 -0.83926E-07
  0.23430E+03  0.15966E-07  0.49283E-07 -0.83112E-07
  0.23460E+03  0.21639E-07  0.47803E-07 -0.82014E-07
  0.23490E+03  0.27148E-07  0.46178E-07 -0.80657E-07
  0.23520E+03  0.32486E-07  0.44447E-07 -0.79047E-07
  0.23550E+03  0.37640E-07  0.42606E-07 -0.77195E-07
  0.23580E+03  0.42603E-07  0.40676E-07 -0.75115E-07
  0.23610E+03  0.47364E-07  0.38682E-07 -0.72818E-07
  0.23640E+03  0.51916E-07  0.36611E-07 -0.70318E-07
  0.23670E+03  0.56251E-07  0.34498E-07 -0.67629E-07
  0.23700E+03  0.60361E-07  0.32347E-07 -0.64763E-07
  0.23730E+03  0.64241E-07  0.30163E-07 -0.61737E-07
  0.23760E+03  0.67881E-07  0.27962E-07 -0.58561E-07
  0.23790E+03  0.71278E-07  0.25759E-07 -0.55253E-07
  0.23820E+03  0.74426E-07  0.23546E-07 -0.51825E-07
  0.23850E+03  0.77318E-07  0.21352E-07 -0.48292E-07
  0.23880E+03  0.79950E-07  0.19167E-07 -0.44668E-07
  0.23910E+03  0.82318E-07  0.17005E-07 -0.40969E-07
  0.23940E+03  0.84417E-07  0.14874E-07 -0.37199E-07
  0.23970E+03  0.86244E-07  0.12772E-07 -0.33388E-07
  0.24000E+03  0.87795E-07  0.10697E-07 -0.29540E-07
  0.24030E+03  0.89071E-07  0.86710E-08 -0.25666E-07
  0.24060E+03  0.90065E-07  0.66840E-08 -0.21783E-07
  0.24090E+03  0.90780E-07  0.47362E-08 -0.17900E-07
  0.24120E+03  0.91211E-07  0.28361E-08 -0.14033E-07
  0.24150E+03  0.91362E-07  0.98250E-09 -0.10185E-07
  0.24180E+03  0.91232E-07 -0.82200E-09 -0.63810E-08
  0.24210E+03  0.90821E-07 -0.25840E-08 -0.26140E-08
  0.24240E+03  0.90133E-07 -0.42930E-08  0.10830E-08
  0.24270E+03  0.89169E-07 -0.59550E-08  0.47240E-08
  0.24300E+03  0.87934E-07 -0.75770E-08  0.82740E-08
  0.24330E+03  0.86432E-07 -0.91410E-08  0.11754E-07
  0.24360E+03  0.84669E-07 -0.10662E-07  0.15131E-07
  0.24390E+03  0.82650E-07 -0.12134E-07  0.18406E-07
  0.24420E+03  0.80382E-07 -0.13557E-07  0.21561E-07
  0.24450E+03  0.77874E-07 -0.14943E-07  0.24612E-07
  0.24480E+03  0.75137E-07 -0.16273E-07  0.27533E-07
  0.24510E+03  0.72171E-07 -0.17553E-07  0.30329E-07
  0.24540E+03  0.68996E-07 -0.18787E-07  0.32983E-07
  0.24570E+03  0.65620E-07 -0.19972E-07  0.35489E-07
  0.24600E+03  0.62058E-07 -0.21100E-07  0.37856E-07
  0.24630E+03  0.58316E-07 -0.22180E-07  0.40068E-07
  0.24660E+03  0.54414E-07 -0.23207E-07  0.42121E-07
  0.24690E+03  0.50359E-07 -0.24177E-07  0.44021E-07
  0.24720E+03  0.46176E-07 -0.25086E-07  0.45757E-07
  0.24750E+03  0.41874E-07 -0.25940E-07  0.47319E-07
  0.24780E+03  0.37468E-07 -0.26724E-07  0.48720E-07
  0.24810E+03  0.32977E-07 -0.27444E-07  0.49955E-07
  0.24840E+03  0.28417E-07 -0.28089E-07  0.51008E-07
  0.24870E+03  0.23804E-07 -0.28671E-07  0.51888E-07
  0.24900E+03  0.19155E-07 -0.29170E-07  0.52604E-07
  0.24930E+03  0.14488E-07 -0.29594E-07  0.53141E-07
  0.24960E+03  0.98210E-08 -0.29943E-07  0.53505E-07
  0.24990E+03  0.51698E-08 -0.30203E-07  0.53696E-07
  0.25020E+03  0.55100E-09 -0.30374E-07  0.53715E-07
  0.25050E+03 -0.40130E-08 -0.30459E-07  0.53564E-07
  0.25080E+03 -0.85130E-08 -0.30452E-07  0.53246E-07
  0.25110E+03 -0.12929E-07 -0.30351E-07  0.52762E-07
  0.25140E+03 -0.17245E-07 -0.30154E-07  0.52117E-07
  0.25170E+03 -0.21453E-07 -0.29867E-07  0.51314E-07
  0.25200E+03 -0.25525E-07 -0.29474E-07  0.50354E-07
  0.25230E+03 -0.29448E-07 -0.28989E-07  0.49238E-07
  0.25260E+03 -0.33224E-07 -0.28414E-07  0.47981E-07
  0.25290E+03 -0.36830E-07 -0.27734E-07  0.46586E-07
  0.25320E+03 -0.40254E-07 -0.26956E-07  0.45061E-07
  0.25350E+03 -0.43482E-07 -0.26090E-07  0.43395E-07
  0.25380E+03 -0.46513E-07 -0.25134E-07  0.41616E-07
  0.25410E+03 -0.49331E-07 -0.24093E-07  0.39713E-07
  0.25440E+03 -0.51934E-07 -0.22962E-07  0.37710E-07
  0.25470E+03 -0.54306E-07 -0.21742E-07  0.35605E-07
  0.25500E+03 -0.56453E-07 -0.20457E-07  0.33402E-07
  0.25530E+03 -0.58367E-07 -0.19094E-07  0.31111E-07
  0.25560E+03 -0.60040E-07 -0.17663E-07  0.28750E-07
  0.25590E+03 -0.61471E-07 -0.16169E-07  0.26317E-07
  0.25620E+03 -0.62659E-07 -0.14621E-07  0.23827E-07
  0.25650E+03 -0.63604E-07 -0.13033E-07  0.21285E-07
  0.25680E+03 -0.64305E-07 -0.11396E-07  0.18711E-07
  0.25710E+03 -0.64767E-07 -0.97260E-08  0.16095E-07
  0.25740E+03 -0.64989E-07 -0.80240E-08  0.13453E-07
  0.25770E+03 -0.64977E-07 -0.63100E-08  0.10808E-07
  0.25800E+03 -0.64735E-07 -0.45820E-08  0.81520E-08
  0.25830E+03 -0.64269E-07 -0.28416E-08  0.54990E-08
  0.25860E+03 -0.63584E-07 -0.11101E-08  0.28710E-08
  0.25890E+03 -0.62682E-07  0.60980E-09  0.25599E-09
  0.25920E+03 -0.61574E-07  0.23123E-08 -0.23240E-08
  0.25950E+03 -0.60278E-07  0.39869E-08 -0.48666E-08
  0.25980E+03 -0.58792E-07  0.56280E-08 -0.73573E-08
  0.26010E+03 -0.57122E-07  0.72290E-08 -0.97896E-08
  0.26040E+03 -0.55289E-07  0.87840E-08 -0.12157E-07
  0.26070E+03 -0.53286E-07  0.10282E-07 -0.14452E-07
  0.26100E+03 -0.51149E-07  0.11724E-07 -0.16665E-07
  0.26130E+03 -0.48866E-07  0.13096E-07 -0.18796E-07
  0.26160E+03 -0.46464E-07  0.14398E-07 -0.20823E-07
  0.26190E+03 -0.43943E-07  0.15617E-07 -0.22760E-07
  0.26220E+03 -0.41324E-07  0.16768E-07 -0.24589E-07
  0.26250E+03 -0.38608E-07  0.17825E-07 -0.26301E-07
  0.26280E+03 -0.35812E-07  0.18797E-07 -0.27905E-07
  0.26310E+03 -0.32945E-07  0.19669E-07 -0.29388E-07
  0.26340E+03 -0.30031E-07  0.20459E-07 -0.30739E-07
  0.26370E+03 -0.27061E-07  0.21156E-07 -0.31971E-07
  0.26400E+03 -0.24053E-07  0.21742E-07 -0.33080E-07
  0.26430E+03 -0.21031E-07  0.22248E-07 -0.34053E-07
  0.26460E+03 -0.17990E-07  0.22644E-07 -0.34887E-07
  0.26490E+03 -0.14947E-07  0.22953E-07 -0.35592E-07
  0.26520E+03 -0.11911E-07  0.23159E-07 -0.36171E-07
  0.26550E+03 -0.88913E-08  0.23273E-07 -0.36611E-07
  0.26580E+03 -0.58986E-08  0.23292E-07 -0.36915E-07
  0.26610E+03 -0.29415E-08  0.23222E-07 -0.37083E-07
  0.26640E+03 -0.27903E-10  0.23064E-07 -0.37125E-07
  0.26670E+03  0.28322E-08  0.22821E-07 -0.37043E-07
  0.26700E+03  0.56317E-08  0.22495E-07 -0.36825E-07
  0.26730E+03  0.83629E-08  0.22093E-07 -0.36490E-07
  0.26760E+03  0.11019E-07  0.21614E-07 -0.36033E-07
  0.26790E+03  0.13593E-07  0.21070E-07 -0.35459E-07
  0.26820E+03  0.16079E-07  0.20449E-07 -0.34767E-07
  0.26850E+03  0.18470E-07  0.19776E-07 -0.33976E-07
  0.26880E+03  0.20761E-07  0.19043E-07 -0.33076E-07
  0.26910E+03  0.22946E-07  0.18262E-07 -0.32080E-07
  0.26940E+03  0.25023E-07  0.17430E-07 -0.30990E-07
  0.26970E+03  0.26987E-07  0.16555E-07 -0.29813E-07
  0.27000E+03  0.28832E-07  0.15644E-07 -0.28554E-07
  0.27030E+03  0.30556E-07  0.14694E-07 -0.27220E-07
  0.27060E+03  0.32155E-07  0.13718E-07 -0.25811E-07
  0.27090E+03  0.33629E-07  0.12725E-07 -0.24347E-07
  0.27120E+03  0.34974E-07  0.11707E-07 -0.22814E-07
  0.27150E+03  0.36187E-07  0.10675E-07 -0.21241E-07
  0.27180E+03  0.37269E-07  0.96323E-08 -0.19618E-07
  0.27210E+03  0.38217E-07  0.85824E-08 -0.17955E-07
  0.27240E+03  0.39031E-07  0.75302E-08 -0.16261E-07
  0.27270E+03  0.39711E-07  0.64781E-08 -0.14536E-07
  0.27300E+03  0.40256E-07  0.54306E-08 -0.12800E-07
  0.27330E+03  0.40668E-07  0.43911E-08 -0.11049E-07
  0.27360E+03  0.40945E-07  0.33660E-08 -0.92890E-08
  0.27390E+03  0.41089E-07  0.23460E-08 -0.75240E-08
  0.27420E+03  0.41104E-07  0.13530E-08 -0.57710E-08
  0.27450E+03  0.40988E-07  0.36999E-09 -0.40260E-08
  0.27480E+03  0.40745E-07 -0.58300E-09 -0.22900E-08
  0.27510E+03  0.40377E-07 -0.15190E-08 -0.58000E-09
  0.27540E+03  0.39887E-07 -0.24340E-08  0.10960E-08
  0.27570E+03  0.39281E-07 -0.33130E-08  0.27540E-08
  0.27600E+03  0.38550E-07 -0.41600E-08  0.43690E-08
  0.27630E+03  0.37704E-07 -0.49820E-08  0.59370E-08
  0.27660E+03  0.36758E-07 -0.57730E-08  0.74680E-08
  0.27690E+03  0.35703E-07 -0.65290E-08  0.89500E-08
  0.27720E+03  0.34555E-07 -0.72530E-08  0.10376E-07
  0.27750E+03  0.33297E-07 -0.79440E-08  0.11744E-07
  0.27780E+03  0.31962E-07 -0.85990E-08  0.13053E-07
  0.27810E+03  0.30530E-07 -0.92100E-08  0.14298E-07
  0.27840E+03  0.29019E-07 -0.97887E-08  0.15477E-07
  0.27870E+03  0.27443E-07 -0.10329E-07  0.16586E-07
  0.27900E+03  0.25781E-07 -0.10832E-07  0.17630E-07
  0.27930E+03  0.24065E-07 -0.11295E-07  0.18588E-07
  0.27960E+03  0.22296E-07 -0.11720E-07  0.19482E-07
  0.27990E+03  0.20464E-07 -0.12104E-07  0.20300E-07
  0.28020E+03  0.18597E-07 -0.12450E-07  0.21031E-07
  0.28050E+03  0.16693E-07 -0.12756E-07  0.21684E-07
  0.28080E+03  0.14745E-07 -0.13021E-07  0.22265E-07
  0.28110E+03  0.12782E-07 -0.13246E-07  0.22765E-07
  0.28140E+03  0.10798E-07 -0.13431E-07  0.23178E-07
  0.28170E+03  0.88010E-08 -0.13576E-07  0.23514E-07
  0.28200E+03  0.68070E-08 -0.13680E-07  0.23761E-07
  0.28230E+03  0.47980E-08 -0.13743E-07  0.23940E-07
  0.28260E+03  0.28071E-08 -0.13770E-07  0.24027E-07
  0.28290E+03  0.83580E-09 -0.13756E-07  0.24040E-07
  0.28320E+03 -0.11177E-08 -0.13699E-07  0.23978E-07
  0.28350E+03 -0.30444E-08 -0.13602E-07  0.23835E-07
  0.28380E+03 -0.49364E-08 -0.13472E-07  0.23624E-07
  0.28410E+03 -0.67885E-08 -0.13303E-07  0.23338E-07
  0.28440E+03 -0.85941E-08 -0.13095E-07  0.22981E-07
  0.28470E+03 -0.10347E-07 -0.12847E-07  0.22551E-07
  0.28500E+03 -0.12044E-07 -0.12565E-07  0.22051E-07
  0.28530E+03 -0.13676E-07 -0.12247E-07  0.21493E-07
  0.28560E+03 -0.15242E-07 -0.11894E-07  0.20872E-07
  0.28590E+03 -0.16742E-07 -0.11504E-07  0.20186E-07
  0.28620E+03 -0.18154E-07 -0.11086E-07  0.19452E-07
  0.28650E+03 -0.19492E-07 -0.10635E-07  0.18663E-07
  0.28680E+03 -0.20747E-07 -0.10156E-07  0.17823E-07
  0.28710E+03 -0.21911E-07 -0.96489E-08  0.16936E-07
  0.28740E+03 -0.22982E-07 -0.91140E-08  0.16006E-07
  0.28770E+03 -0.23966E-07 -0.85543E-08  0.15034E-07
  0.28800E+03 -0.24852E-07 -0.79718E-08  0.14035E-07
  0.28830E+03 -0.25641E-07 -0.73679E-08  0.12992E-07
  0.28860E+03 -0.26332E-07 -0.67452E-08  0.11927E-07
  0.28890E+03 -0.26921E-07 -0.61049E-08  0.10840E-07
  0.28920E+03 -0.27414E-07 -0.54487E-08  0.97200E-08
  0.28950E+03 -0.27801E-07 -0.47808E-08  0.85910E-08
  0.28980E+03 -0.28085E-07 -0.41021E-08  0.74570E-08
  0.29010E+03 -0.28270E-07 -0.34158E-08  0.63060E-08
  0.29040E+03 -0.28356E-07 -0.27233E-08  0.51430E-08
  0.29070E+03 -0.28344E-07 -0.20281E-08  0.39830E-08
  0.29100E+03 -0.28231E-07 -0.13318E-08  0.28340E-08
  0.29130E+03 -0.28023E-07 -0.63740E-09  0.16780E-08
  0.29160E+03 -0.27725E-07  0.52797E-10  0.53700E-09
  0.29190E+03 -0.27340E-07  0.73660E-09 -0.58299E-09
  0.29220E+03 -0.26860E-07  0.14110E-08 -0.17010E-08
  0.29250E+03 -0.26298E-07  0.20732E-08 -0.27840E-08
  0.29280E+03 -0.25658E-07  0.27216E-08 -0.38510E-08
  0.29310E+03 -0.24937E-07  0.33543E-08 -0.48910E-08
  0.29340E+03 -0.24140E-07  0.39672E-08 -0.58980E-08
  0.29370E+03 -0.23275E-07  0.45600E-08 -0.68650E-08
  0.29400E+03 -0.22343E-07  0.51301E-08 -0.78100E-08
  0.29430E+03 -0.21349E-07  0.56790E-08 -0.87080E-08
  0.29460E+03 -0.20299E-07  0.61980E-08 -0.95590E-08
  0.29490E+03 -0.19196E-07  0.66850E-08 -0.10373E-07
  0.29520E+03 -0.18045E-07  0.71410E-08 -0.11146E-07
  0.29550E+03 -0.16852E-07  0.75760E-08 -0.11862E-07
  0.29580E+03 -0.15620E-07  0.79670E-08 -0.12531E-07
  0.29610E+03 -0.14356E-07  0.83330E-08 -0.13149E-07
  0.29640E+03 -0.13063E-07  0.86580E-08 -0.13714E-07
  0.29670E+03 -0.11748E-07  0.89500E-08 -0.14225E-07
  0.29700E+03 -0.10414E-07  0.92040E-08 -0.14680E-07
  0.29730E+03 -0.90662E-08  0.94180E-08 -0.15080E-07
  0.29760E+03 -0.77115E-08  0.95950E-08 -0.15423E-07
  0.29790E+03 -0.63517E-08  0.97340E-08 -0.15704E-07
  0.29820E+03 -0.49942E-08  0.98470E-08 -0.15935E-07
  0.29850E+03 -0.36422E-08  0.99110E-08 -0.16109E-07
  0.29880E+03 -0.23002E-08  0.99410E-08 -0.16219E-07
  0.29910E+03 -0.97290E-09  0.99320E-08 -0.16279E-07
  0.29940E+03  0.34100E-09  0.98860E-08 -0.16280E-07
  0.29970E+03  0.16200E-08  0.98080E-08 -0.16234E-07
  0.30000E+03  0.28800E-08  0.96960E-08 -0.16126E-07
  0.30030E+03  0.41140E-08  0.95500E-08 -0.15958E-07
  0.30060E+03  0.53010E-08  0.93743E-08 -0.15753E-07
  0.30090E+03  0.64660E-08  0.91653E-08 -0.15490E-07
  0.30120E+03  0.75770E-08  0.89269E-08 -0.15174E-07
  0.30150E+03  0.86520E-08  0.86604E-08 -0.14814E-07
  0.30180E+03  0.96760E-08  0.83678E-08 -0.14415E-07
  0.30210E+03  0.10662E-07  0.80470E-08 -0.13965E-07
  0.30240E+03  0.11588E-07  0.77100E-08 -0.13482E-07
  0.30270E+03  0.12463E-07  0.73460E-08 -0.12964E-07
  0.30300E+03  0.13275E-07  0.69700E-08 -0.12405E-07
  0.30330E+03  0.14044E-07  0.65700E-08 -0.11811E-07
  0.30360E+03  0.14746E-07  0.61530E-08 -0.11181E-07
  0.30390E+03  0.15385E-07  0.57210E-08 -0.10533E-07
  0.30420E+03  0.15974E-07  0.52820E-08 -0.98530E-08
  0.30450E+03  0.16496E-07  0.48350E-08 -0.91510E-08
  0.30480E+03  0.16955E-07  0.43670E-08 -0.84330E-08
  0.30510E+03  0.17352E-07  0.39060E-08 -0.76920E-08
  0.30540E+03  0.17687E-07  0.34300E-08 -0.69490E-08
  0.30570E+03  0.17959E-07  0.29650E-08 -0.61770E-08
  0.30600E+03  0.18168E-07  0.24870E-08 -0.54110E-08
  0.30630E+03  0.18316E-07  0.20080E-08 -0.46330E-08
  0.30660E+03  0.18401E-07  0.15350E-08 -0.38530E-08
  0.30690E+03  0.18426E-07  0.10660E-08 -0.30710E-08
