  0.00000E+00  0.25181E-12 -0.18699E-12  0.41484E-13
  0.30000E+00  0.26195E-11 -0.18754E-11  0.42778E-12
  0.60000E+00  0.10368E-10 -0.74448E-11  0.13837E-11
  0.90000E+00  0.22801E-10 -0.16534E-10  0.10521E-11
  0.12000E+01  0.31006E-10 -0.21552E-10 -0.72582E-11
  0.15000E+01  0.20887E-10 -0.64203E-11 -0.37447E-10
  0.18000E+01 -0.20389E-10  0.52573E-10 -0.11297E-09
  0.21000E+01 -0.97715E-10  0.18467E-09 -0.26889E-09
  0.24000E+01 -0.20096E-09  0.42085E-09 -0.55237E-09
  0.27000E+01 -0.29859E-09  0.78902E-09 -0.10211E-08
  0.30000E+01 -0.33350E-09  0.13091E-08 -0.17390E-08
  0.33000E+01 -0.22169E-09  0.19890E-08 -0.27712E-08
  0.36000E+01  0.14691E-09  0.28224E-08 -0.41786E-08
  0.39000E+01  0.90653E-09  0.37870E-08 -0.60136E-08
  0.42000E+01  0.22130E-08  0.48454E-08 -0.83190E-08
  0.45000E+01  0.42404E-08  0.59478E-08 -0.11129E-07
  0.48000E+01  0.71774E-08  0.70346E-08 -0.14470E-07
  0.51000E+01  0.11223E-07  0.80412E-08 -0.18363E-07
  0.54000E+01  0.16581E-07  0.89003E-08 -0.22825E-07
  0.57000E+01  0.23454E-07  0.95440E-08 -0.27865E-07
  0.60000E+01  0.32035E-07  0.99042E-08 -0.33478E-07
  0.63000E+01  0.42498E-07  0.99126E-08 -0.39647E-07
  0.66000E+01  0.54995E-07  0.95012E-08 -0.46333E-07
  0.69000E+01  0.69647E-07  0.86039E-08 -0.53480E-07
  0.72000E+01  0.86538E-07  0.71591E-08 -0.61017E-07
  0.75000E+01  0.10571E-06  0.51126E-08 -0.68857E-07
  0.78000E+01  0.12717E-06  0.24185E-08 -0.76901E-07
  0.81000E+01  0.15083E-06 -0.96991E-09 -0.85018E-07
  0.84000E+01  0.17655E-06 -0.50974E-08 -0.93085E-07
  0.87000E+01  0.20422E-06 -0.99269E-08 -0.10115E-06
  0.90000E+01  0.23382E-06 -0.15234E-07 -0.10948E-06
  0.93000E+01  0.26538E-06 -0.20649E-07 -0.11825E-06
  0.96000E+01  0.29874E-06 -0.25850E-07 -0.12725E-06
  0.99000E+01  0.33341E-06 -0.30726E-07 -0.13598E-06
  0.10200E+02  0.36856E-06 -0.35421E-07 -0.14388E-06
  0.10500E+02  0.40304E-06 -0.40316E-07 -0.15039E-06
  0.10800E+02  0.43549E-06 -0.46016E-07 -0.15489E-06
  0.11100E+02  0.46437E-06 -0.53338E-07 -0.15674E-06
  0.11400E+02  0.48805E-06 -0.63292E-07 -0.15537E-06
  0.11700E+02  0.50493E-06 -0.77018E-07 -0.15037E-06
  0.12000E+02  0.51358E-06 -0.95702E-07 -0.14163E-06
  0.12300E+02  0.51292E-06 -0.12048E-06 -0.12937E-06
  0.12600E+02  0.50230E-06 -0.15239E-06 -0.11420E-06
  0.12900E+02  0.48156E-06 -0.19226E-06 -0.96999E-07
  0.13200E+02  0.45096E-06 -0.24067E-06 -0.78888E-07
  0.13500E+02  0.41113E-06 -0.29780E-06 -0.61132E-07
  0.13800E+02  0.36273E-06 -0.36327E-06 -0.44975E-07
  0.14100E+02  0.30613E-06 -0.43620E-06 -0.31429E-07
  0.14400E+02  0.24133E-06 -0.51546E-06 -0.21106E-07
  0.14700E+02  0.16903E-06 -0.60034E-06 -0.13959E-07
  0.15000E+02  0.91056E-07 -0.69075E-06 -0.89340E-08
  0.15300E+02  0.93214E-08 -0.78658E-06 -0.38791E-08
  0.15600E+02 -0.75216E-07 -0.88687E-06  0.41009E-08
  0.15900E+02 -0.16234E-06 -0.98917E-06  0.18145E-07
  0.16200E+02 -0.25166E-06 -0.10891E-05  0.41285E-07
  0.16500E+02 -0.34190E-06 -0.11802E-05  0.76230E-07
  0.16800E+02 -0.43095E-06 -0.12543E-05  0.12517E-06
  0.17100E+02 -0.51636E-06 -0.13013E-05  0.18947E-06
  0.17400E+02 -0.59590E-06 -0.13101E-05  0.26929E-06
  0.17700E+02 -0.66778E-06 -0.12693E-05  0.36296E-06
  0.18000E+02 -0.73076E-06 -0.11686E-05  0.46675E-06
  0.18300E+02 -0.78431E-06 -0.99966E-06  0.57493E-06
  0.18600E+02 -0.82874E-06 -0.75671E-06  0.68045E-06
  0.18900E+02 -0.86519E-06 -0.43762E-06  0.77574E-06
  0.19200E+02 -0.89540E-06 -0.44445E-07  0.85362E-06
  0.19500E+02 -0.92145E-06  0.41629E-06  0.90793E-06
  0.19800E+02 -0.94548E-06  0.93385E-06  0.93421E-06
  0.20100E+02 -0.96926E-06  0.14942E-05  0.92993E-06
  0.20400E+02 -0.99368E-06  0.20808E-05  0.89461E-06
  0.20700E+02 -0.10184E-05  0.26761E-05  0.82960E-06
  0.21000E+02 -0.10416E-05  0.32619E-05  0.73769E-06
  0.21300E+02 -0.10607E-05  0.38205E-05  0.62269E-06
  0.21600E+02 -0.10725E-05  0.43353E-05  0.48889E-06
  0.21900E+02 -0.10744E-05  0.47913E-05  0.34060E-06
  0.22200E+02 -0.10644E-05  0.51749E-05  0.18175E-06
  0.22500E+02 -0.10417E-05  0.54744E-05  0.15817E-07
  0.22800E+02 -0.10068E-05  0.56796E-05 -0.15403E-06
  0.23100E+02 -0.96052E-06  0.57821E-05 -0.32453E-06
  0.23400E+02 -0.90440E-06  0.57760E-05 -0.49210E-06
  0.23700E+02 -0.83970E-06  0.56578E-05 -0.65269E-06
  0.24000E+02 -0.76729E-06  0.54268E-05 -0.80196E-06
  0.24300E+02 -0.68761E-06  0.50854E-05 -0.93546E-06
  0.24600E+02 -0.60075E-06  0.46384E-05 -0.10490E-05
  0.24900E+02 -0.50660E-06  0.40928E-05 -0.11389E-05
  0.25200E+02 -0.40499E-06  0.34579E-05 -0.12023E-05
  0.25500E+02 -0.29585E-06  0.27442E-05 -0.12376E-05
  0.25800E+02 -0.17934E-06  0.19635E-05 -0.12445E-05
  0.26100E+02 -0.55845E-07  0.11278E-05 -0.12236E-05
  0.26400E+02  0.74016E-07  0.24978E-06 -0.11767E-05
  0.26700E+02  0.20951E-06 -0.65826E-06 -0.11061E-05
  0.27000E+02  0.34993E-06 -0.15838E-05 -0.10143E-05
  0.27300E+02  0.49468E-06 -0.25147E-05 -0.90434E-06
  0.27600E+02  0.64315E-06 -0.34386E-05 -0.77924E-06
  0.27900E+02  0.79452E-06 -0.43437E-05 -0.64211E-06
  0.28200E+02  0.94748E-06 -0.52183E-05 -0.49578E-06
  0.28500E+02  0.11002E-05 -0.60510E-05 -0.34285E-06
  0.28800E+02  0.12504E-05 -0.68308E-05 -0.18584E-06
  0.29100E+02  0.13955E-05 -0.75467E-05 -0.27320E-07
  0.29400E+02  0.15333E-05 -0.81879E-05  0.13001E-06
  0.29700E+02  0.16616E-05 -0.87443E-05  0.28341E-06
  0.30000E+02  0.17785E-05 -0.92068E-05  0.43034E-06
  0.30300E+02  0.18821E-05 -0.95675E-05  0.56855E-06
  0.30600E+02  0.19703E-05 -0.98200E-05  0.69614E-06
  0.30900E+02  0.20412E-05 -0.99592E-05  0.81157E-06
  0.31200E+02  0.20924E-05 -0.99810E-05  0.91348E-06
  0.31500E+02  0.21222E-05 -0.98827E-05  0.10007E-05
  0.31800E+02  0.21288E-05 -0.96630E-05  0.10720E-05
  0.32100E+02  0.21109E-05 -0.93221E-05  0.11265E-05
  0.32400E+02  0.20676E-05 -0.88618E-05  0.11632E-05
  0.32700E+02  0.19983E-05 -0.82860E-05  0.11814E-05
  0.33000E+02  0.19029E-05 -0.76005E-05  0.11805E-05
  0.33300E+02  0.17812E-05 -0.68130E-05  0.11604E-05
  0.33600E+02  0.16336E-05 -0.59336E-05  0.11215E-05
  0.33900E+02  0.14602E-05 -0.49739E-05  0.10643E-05
  0.34200E+02  0.12615E-05 -0.39469E-05  0.99022E-06
  0.34500E+02  0.10388E-05 -0.28664E-05  0.90084E-06
  0.34800E+02  0.79403E-06 -0.17462E-05  0.79818E-06
  0.35100E+02  0.52989E-06 -0.59963E-06  0.68442E-06
  0.35400E+02  0.24965E-06  0.56049E-06  0.56178E-06
  0.35700E+02 -0.43179E-07  0.17221E-05  0.43242E-06
  0.36000E+02 -0.34508E-06  0.28735E-05  0.29844E-06
  0.36300E+02 -0.65257E-06  0.40033E-05  0.16182E-06
  0.36600E+02 -0.96217E-06  0.50999E-05  0.24442E-07
  0.36900E+02 -0.12704E-05  0.61518E-05 -0.11186E-06
  0.37200E+02 -0.15737E-05  0.71476E-05 -0.24526E-06
  0.37500E+02 -0.18686E-05  0.80763E-05 -0.37392E-06
  0.37800E+02 -0.21518E-05  0.89272E-05 -0.49598E-06
  0.38100E+02 -0.24199E-05  0.96902E-05 -0.60969E-06
  0.38400E+02 -0.26697E-05  0.10356E-04 -0.71350E-06
  0.38700E+02 -0.28980E-05  0.10917E-04 -0.80613E-06
  0.39000E+02 -0.31014E-05  0.11365E-04 -0.88649E-06
  0.39300E+02 -0.32768E-05  0.11694E-04 -0.95368E-06
  0.39600E+02 -0.34212E-05  0.11901E-04 -0.10070E-05
  0.39900E+02 -0.35316E-05  0.11982E-04 -0.10457E-05
  0.40200E+02 -0.36054E-05  0.11937E-04 -0.10694E-05
  0.40500E+02 -0.36406E-05  0.11768E-04 -0.10779E-05
  0.40800E+02 -0.36355E-05  0.11478E-04 -0.10708E-05
  0.41100E+02 -0.35894E-05  0.11072E-04 -0.10482E-05
  0.41400E+02 -0.35022E-05  0.10556E-04 -0.10104E-05
  0.41700E+02 -0.33744E-05  0.99379E-05 -0.95770E-06
  0.42000E+02 -0.32072E-05  0.92247E-05 -0.89100E-06
  0.42300E+02 -0.30024E-05  0.84249E-05 -0.81132E-06
  0.42600E+02 -0.27617E-05  0.75473E-05 -0.71998E-06
  0.42900E+02 -0.24872E-05  0.66014E-05 -0.61856E-06
  0.43200E+02 -0.21812E-05  0.55973E-05 -0.50895E-06
  0.43500E+02 -0.18465E-05  0.45460E-05 -0.39323E-06
  0.43800E+02 -0.14860E-05  0.34589E-05 -0.27363E-06
  0.44100E+02 -0.11034E-05  0.23483E-05 -0.15251E-06
  0.44400E+02 -0.70304E-06  0.12267E-05 -0.32177E-07
  0.44700E+02 -0.28947E-06  0.10638E-06  0.85224E-07
  0.45000E+02  0.13230E-06 -0.10005E-05  0.19787E-06
  0.45300E+02  0.55728E-06 -0.20827E-05  0.30434E-06
  0.45600E+02  0.98065E-06 -0.31296E-05  0.40359E-06
  0.45900E+02  0.13979E-05 -0.41313E-05  0.49491E-06
  0.46200E+02  0.18049E-05 -0.50789E-05  0.57773E-06
  0.46500E+02  0.21976E-05 -0.59642E-05  0.65158E-06
  0.46800E+02  0.25722E-05 -0.67794E-05  0.71595E-06
  0.47100E+02  0.29250E-05 -0.75176E-05  0.77025E-06
  0.47400E+02  0.32526E-05 -0.81727E-05  0.81371E-06
  0.47700E+02  0.35519E-05 -0.87392E-05  0.84544E-06
  0.48000E+02  0.38200E-05 -0.92126E-05  0.86456E-06
  0.48300E+02  0.40539E-05 -0.95895E-05  0.87037E-06
  0.48600E+02  0.42510E-05 -0.98677E-05  0.86255E-06
  0.48900E+02  0.44090E-05 -0.10046E-04  0.84126E-06
  0.49200E+02  0.45259E-05 -0.10125E-04  0.80708E-06
  0.49500E+02  0.46001E-05 -0.10104E-04  0.76104E-06
  0.49800E+02  0.46307E-05 -0.99878E-05  0.70448E-06
  0.50100E+02  0.46173E-05 -0.97784E-05  0.63899E-06
  0.50400E+02  0.45600E-05 -0.94810E-05  0.56628E-06
  0.50700E+02  0.44595E-05 -0.91009E-05  0.48812E-06
  0.51000E+02  0.43169E-05 -0.86446E-05  0.40622E-06
  0.51300E+02  0.41340E-05 -0.81187E-05  0.32210E-06
  0.51600E+02  0.39129E-05 -0.75303E-05  0.23706E-06
  0.51900E+02  0.36563E-05 -0.68867E-05  0.15214E-06
  0.52200E+02  0.33672E-05 -0.61955E-05  0.68232E-07
  0.52500E+02  0.30490E-05 -0.54644E-05 -0.13851E-07
  0.52800E+02  0.27053E-05 -0.47016E-05 -0.93301E-07
  0.53100E+02  0.23399E-05 -0.39155E-05 -0.16929E-06
  0.53400E+02  0.19567E-05 -0.31149E-05 -0.24099E-06
  0.53700E+02  0.15598E-05 -0.23085E-05 -0.30764E-06
  0.54000E+02  0.11537E-05 -0.15049E-05 -0.36858E-06
  0.54300E+02  0.74302E-06 -0.71273E-06 -0.42326E-06
  0.54600E+02  0.33243E-06  0.59931E-07 -0.47128E-06
  0.54900E+02 -0.73429E-07  0.80536E-06 -0.51228E-06
  0.55200E+02 -0.47008E-06  0.15164E-05 -0.54600E-06
  0.55500E+02 -0.85328E-06  0.21866E-05 -0.57220E-06
  0.55800E+02 -0.12190E-05  0.28101E-05 -0.59072E-06
  0.56100E+02 -0.15636E-05  0.33819E-05 -0.60140E-06
  0.56400E+02 -0.18837E-05  0.38977E-05 -0.60410E-06
  0.56700E+02 -0.21764E-05  0.43536E-05 -0.59870E-06
  0.57000E+02 -0.24393E-05  0.47465E-05 -0.58519E-06
  0.57300E+02 -0.26707E-05  0.50741E-05 -0.56359E-06
  0.57600E+02 -0.28698E-05  0.53349E-05 -0.53410E-06
  0.57900E+02 -0.30361E-05  0.55284E-05 -0.49707E-06
  0.58200E+02 -0.31697E-05  0.56554E-05 -0.45306E-06
  0.58500E+02 -0.32710E-05  0.57175E-05 -0.40290E-06
  0.58800E+02 -0.33405E-05  0.57172E-05 -0.34768E-06
  0.59100E+02 -0.33789E-05  0.56580E-05 -0.28867E-06
  0.59400E+02 -0.33867E-05  0.55437E-05 -0.22728E-06
  0.59700E+02 -0.33646E-05  0.53789E-05 -0.16491E-06
  0.60000E+02 -0.33134E-05  0.51683E-05 -0.10291E-06
  0.60300E+02 -0.32343E-05  0.49170E-05 -0.42449E-07
  0.60600E+02 -0.31288E-05  0.46302E-05  0.15463E-07
  0.60900E+02 -0.29988E-05  0.43129E-05  0.70046E-07
  0.61200E+02 -0.28466E-05  0.39701E-05  0.12074E-06
  0.61500E+02 -0.26748E-05  0.36065E-05  0.16720E-06
  0.61800E+02 -0.24859E-05  0.32270E-05  0.20930E-06
  0.62100E+02 -0.22827E-05  0.28363E-05  0.24703E-06
  0.62400E+02 -0.20678E-05  0.24392E-05  0.28043E-06
  0.62700E+02 -0.18437E-05  0.20406E-05  0.30946E-06
  0.63000E+02 -0.16134E-05  0.16454E-05  0.33393E-06
  0.63300E+02 -0.13798E-05  0.12585E-05  0.35344E-06
  0.63600E+02 -0.11462E-05  0.88473E-06  0.36736E-06
  0.63900E+02 -0.91606E-06  0.52855E-06  0.37495E-06
  0.64200E+02 -0.69280E-06  0.19429E-06  0.37545E-06
  0.64500E+02 -0.47993E-06 -0.11429E-06  0.36816E-06
  0.64800E+02 -0.28062E-06 -0.39413E-06  0.35267E-06
  0.65100E+02 -0.97611E-07 -0.64313E-06  0.32893E-06
  0.65400E+02  0.66975E-07 -0.86016E-06  0.29739E-06
  0.65700E+02  0.21161E-06 -0.10449E-05  0.25898E-06
  0.66000E+02  0.33538E-06 -0.11977E-05  0.21499E-06
  0.66300E+02  0.43792E-06 -0.13194E-05  0.16694E-06
  0.66600E+02  0.51938E-06 -0.14107E-05  0.11633E-06
  0.66900E+02  0.58036E-06 -0.14729E-05  0.64535E-07
  0.67200E+02  0.62184E-06 -0.15070E-05  0.12697E-07
  0.67500E+02  0.64496E-06 -0.15144E-05 -0.38307E-07
  0.67800E+02  0.65093E-06 -0.14962E-05 -0.87855E-07
  0.68100E+02  0.64097E-06 -0.14537E-05 -0.13554E-06
  0.68400E+02  0.61633E-06 -0.13886E-05 -0.18106E-06
  0.68700E+02  0.57842E-06 -0.13027E-05 -0.22415E-06
  0.69000E+02  0.52888E-06 -0.11980E-05 -0.26445E-06
  0.69300E+02  0.46960E-06 -0.10770E-05 -0.30152E-06
  0.69600E+02  0.40275E-06 -0.94217E-06 -0.33481E-06
  0.69900E+02  0.33069E-06 -0.79626E-06 -0.36371E-06
  0.70200E+02  0.25589E-06 -0.64201E-06 -0.38763E-06
  0.70500E+02  0.18084E-06 -0.48216E-06 -0.40605E-06
  0.70800E+02  0.10797E-06 -0.31947E-06 -0.41855E-06
  0.71100E+02  0.39577E-07 -0.15668E-06 -0.42486E-06
  0.71400E+02 -0.22330E-07  0.34969E-08 -0.42496E-06
  0.71700E+02 -0.76093E-07  0.15839E-06 -0.41903E-06
  0.72000E+02 -0.12046E-06  0.30539E-06 -0.40746E-06
  0.72300E+02 -0.15458E-06  0.44200E-06 -0.39076E-06
  0.72600E+02 -0.17785E-06  0.56590E-06 -0.36949E-06
  0.72900E+02 -0.18989E-06  0.67504E-06 -0.34413E-06
  0.73200E+02 -0.19033E-06  0.76773E-06 -0.31509E-06
  0.73500E+02 -0.17879E-06  0.84267E-06 -0.28262E-06
  0.73800E+02 -0.15487E-06  0.89890E-06 -0.24685E-06
  0.74100E+02 -0.11815E-06  0.93576E-06 -0.20782E-06
  0.74400E+02 -0.68403E-07  0.95272E-06 -0.16551E-06
  0.74700E+02 -0.57077E-08  0.94941E-06 -0.11988E-06
  0.75000E+02  0.69379E-07  0.92565E-06 -0.70928E-07
  0.75300E+02  0.15577E-06  0.88154E-06 -0.18682E-07
  0.75600E+02  0.25192E-06  0.81750E-06  0.36681E-07
  0.75900E+02  0.35591E-06  0.73432E-06  0.94741E-07
  0.76200E+02  0.46571E-06  0.63307E-06  0.15478E-06
  0.76500E+02  0.57929E-06  0.51509E-06  0.21578E-06
  0.76800E+02  0.69479E-06  0.38192E-06  0.27654E-06
  0.77100E+02  0.81058E-06  0.23535E-06  0.33576E-06
  0.77400E+02  0.92522E-06  0.77424E-07  0.39218E-06
  0.77700E+02  0.10374E-05 -0.89554E-07  0.44473E-06
  0.78000E+02  0.11460E-05 -0.26302E-06  0.49261E-06
  0.78300E+02  0.12499E-05 -0.44025E-06  0.53532E-06
  0.78600E+02  0.13476E-05 -0.61858E-06  0.57265E-06
  0.78900E+02  0.14380E-05 -0.79547E-06  0.60464E-06
  0.79200E+02  0.15196E-05 -0.96865E-06  0.63146E-06
  0.79500E+02  0.15910E-05 -0.11361E-05  0.65337E-06
  0.79800E+02  0.16506E-05 -0.12962E-05  0.67060E-06
  0.80100E+02  0.16974E-05 -0.14475E-05  0.68325E-06
  0.80400E+02  0.17303E-05 -0.15889E-05  0.69125E-06
  0.80700E+02  0.17484E-05 -0.17194E-05  0.69433E-06
  0.81000E+02  0.17512E-05 -0.18380E-05  0.69210E-06
  0.81300E+02  0.17384E-05 -0.19436E-05  0.68412E-06
  0.81600E+02  0.17098E-05 -0.20352E-05  0.66997E-06
  0.81900E+02  0.16652E-05 -0.21113E-05  0.64930E-06
  0.82200E+02  0.16048E-05 -0.21706E-05  0.62192E-06
  0.82500E+02  0.15290E-05 -0.22115E-05  0.58779E-06
  0.82800E+02  0.14384E-05 -0.22325E-05  0.54705E-06
  0.83100E+02  0.13338E-05 -0.22321E-05  0.50006E-06
  0.83400E+02  0.12160E-05 -0.22088E-05  0.44728E-06
  0.83700E+02  0.10860E-05 -0.21612E-05  0.38928E-06
  0.84000E+02  0.94483E-06 -0.20884E-05  0.32668E-06
  0.84300E+02  0.79375E-06 -0.19899E-05  0.26013E-06
  0.84600E+02  0.63417E-06 -0.18659E-05  0.19033E-06
  0.84900E+02  0.46773E-06 -0.17171E-05  0.11800E-06
  0.85200E+02  0.29623E-06 -0.15452E-05  0.43850E-07
  0.85500E+02  0.12163E-06 -0.13526E-05 -0.31449E-07
  0.85800E+02 -0.53973E-07 -0.11423E-05 -0.10721E-06
  0.86100E+02 -0.22834E-06 -0.91810E-06 -0.18274E-06
  0.86400E+02 -0.39914E-06 -0.68374E-06 -0.25726E-06
  0.86700E+02 -0.56397E-06 -0.44315E-06 -0.32999E-06
  0.87000E+02 -0.72046E-06 -0.20002E-06 -0.40014E-06
  0.87300E+02 -0.86631E-06  0.42355E-07 -0.46702E-06
  0.87600E+02 -0.99938E-06  0.28114E-06 -0.53003E-06
  0.87900E+02 -0.11178E-05  0.51392E-06 -0.58871E-06
  0.88200E+02 -0.12199E-05  0.73868E-06 -0.64275E-06
  0.88500E+02 -0.13047E-05  0.95369E-06 -0.69191E-06
  0.88800E+02 -0.13715E-05  0.11574E-05 -0.73600E-06
  0.89100E+02 -0.14202E-05  0.13482E-05 -0.77487E-06
  0.89400E+02 -0.14511E-05  0.15246E-05 -0.80833E-06
  0.89700E+02 -0.14647E-05  0.16849E-05 -0.83611E-06
  0.90000E+02 -0.14619E-05  0.18275E-05 -0.85790E-06
  0.90300E+02 -0.14436E-05  0.19504E-05 -0.87330E-06
  0.90600E+02 -0.14109E-05  0.20517E-05 -0.88190E-06
  0.90900E+02 -0.13648E-05  0.21297E-05 -0.88329E-06
  0.91200E+02 -0.13066E-05  0.21830E-05 -0.87719E-06
  0.91500E+02 -0.12372E-05  0.22104E-05 -0.86346E-06
  0.91800E+02 -0.11580E-05  0.22116E-05 -0.84207E-06
  0.92100E+02 -0.10699E-05  0.21868E-05 -0.81317E-06
  0.92400E+02 -0.97443E-06  0.21366E-05 -0.77698E-06
  0.92700E+02 -0.87301E-06  0.20619E-05 -0.73386E-06
  0.93000E+02 -0.76738E-06  0.19643E-05 -0.68422E-06
  0.93300E+02 -0.65944E-06  0.18450E-05 -0.62850E-06
  0.93600E+02 -0.55109E-06  0.17058E-05 -0.56716E-06
  0.93900E+02 -0.44417E-06  0.15484E-05 -0.50067E-06
  0.94200E+02 -0.34028E-06  0.13746E-05 -0.42952E-06
  0.94500E+02 -0.24079E-06  0.11865E-05 -0.35422E-06
  0.94800E+02 -0.14679E-06  0.98606E-06 -0.27531E-06
  0.95100E+02 -0.59188E-07  0.77531E-06 -0.19337E-06
  0.95400E+02  0.21227E-07  0.55650E-06 -0.10903E-06
  0.95700E+02  0.93764E-07  0.33197E-06 -0.23048E-07
  0.96000E+02  0.15781E-06  0.10435E-06  0.63745E-07
  0.96300E+02  0.21283E-06 -0.12351E-06  0.15043E-06
  0.96600E+02  0.25838E-06 -0.34850E-06  0.23608E-06
  0.96900E+02  0.29412E-06 -0.56730E-06  0.31979E-06
  0.97200E+02  0.31980E-06 -0.77661E-06  0.40076E-06
  0.97500E+02  0.33529E-06 -0.97321E-06  0.47825E-06
  0.97800E+02  0.34055E-06 -0.11542E-05  0.55162E-06
  0.98100E+02  0.33574E-06 -0.13169E-05  0.62030E-06
  0.98400E+02  0.32123E-06 -0.14594E-05  0.68377E-06
  0.98700E+02  0.29767E-06 -0.15798E-05  0.74154E-06
  0.99000E+02  0.26592E-06 -0.16768E-05  0.79314E-06
  0.99300E+02  0.22711E-06 -0.17496E-05  0.83812E-06
  0.99600E+02  0.18256E-06 -0.17975E-05  0.87604E-06
  0.99900E+02  0.13376E-06 -0.18203E-05  0.90641E-06
  0.10020E+03  0.82345E-07 -0.18181E-05  0.92869E-06
  0.10050E+03  0.29980E-07 -0.17911E-05  0.94232E-06
  0.10080E+03 -0.21713E-07 -0.17400E-05  0.94678E-06
  0.10110E+03 -0.71273E-07 -0.16657E-05  0.94155E-06
  0.10140E+03 -0.11751E-06 -0.15694E-05  0.92627E-06
  0.10170E+03 -0.15962E-06 -0.14526E-05  0.90070E-06
  0.10200E+03 -0.19718E-06 -0.13170E-05  0.86484E-06
  0.10230E+03 -0.23018E-06 -0.11646E-05  0.81897E-06
  0.10260E+03 -0.25885E-06 -0.99739E-06  0.76366E-06
  0.10290E+03 -0.28355E-06 -0.81767E-06  0.69975E-06
  0.10320E+03 -0.30460E-06 -0.62783E-06  0.62834E-06
  0.10350E+03 -0.32220E-06 -0.43040E-06  0.55068E-06
  0.10380E+03 -0.33631E-06 -0.22801E-06  0.46813E-06
  0.10410E+03 -0.34670E-06 -0.23311E-07  0.38204E-06
  0.10440E+03 -0.35303E-06  0.18106E-06  0.29369E-06
  0.10470E+03 -0.35494E-06  0.38250E-06  0.20426E-06
  0.10500E+03 -0.35218E-06  0.57850E-06  0.11475E-06
  0.10530E+03 -0.34468E-06  0.76671E-06  0.26060E-07
  0.10560E+03 -0.33262E-06  0.94499E-06 -0.61057E-07
  0.10590E+03 -0.31641E-06  0.11115E-05 -0.14590E-06
  0.10620E+03 -0.29665E-06  0.12646E-05 -0.22778E-06
  0.10650E+03 -0.27400E-06  0.14030E-05 -0.30605E-06
  0.10680E+03 -0.24905E-06  0.15256E-05 -0.38002E-06
  0.10710E+03 -0.22224E-06  0.16313E-05 -0.44895E-06
  0.10740E+03 -0.19382E-06  0.17195E-05 -0.51206E-06
  0.10770E+03 -0.16385E-06  0.17892E-05 -0.56854E-06
  0.10800E+03 -0.13224E-06  0.18399E-05 -0.61767E-06
  0.10830E+03 -0.98851E-07  0.18711E-05 -0.65889E-06
  0.10860E+03 -0.63558E-07  0.18825E-05 -0.69189E-06
  0.10890E+03 -0.26290E-07  0.18741E-05 -0.71665E-06
  0.10920E+03  0.12966E-07  0.18460E-05 -0.73337E-06
  0.10950E+03  0.54177E-07  0.17986E-05 -0.74241E-06
  0.10980E+03  0.97278E-07  0.17326E-05 -0.74423E-06
  0.11010E+03  0.14218E-06  0.16488E-05 -0.73928E-06
  0.11040E+03  0.18873E-06  0.15482E-05 -0.72797E-06
  0.11070E+03  0.23676E-06  0.14318E-05 -0.71060E-06
  0.11100E+03  0.28603E-06  0.13009E-05 -0.68729E-06
  0.11130E+03  0.33624E-06  0.11566E-05 -0.65808E-06
  0.11160E+03  0.38708E-06  0.10000E-05 -0.62290E-06
  0.11190E+03  0.43822E-06  0.83229E-06 -0.58175E-06
  0.11220E+03  0.48935E-06  0.65459E-06 -0.53471E-06
  0.11250E+03  0.54015E-06  0.46821E-06 -0.48200E-06
  0.11280E+03  0.59026E-06  0.27472E-06 -0.42397E-06
  0.11310E+03  0.63928E-06  0.75992E-07 -0.36113E-06
  0.11340E+03  0.68670E-06 -0.12572E-06 -0.29406E-06
  0.11370E+03  0.73189E-06 -0.32793E-06 -0.22350E-06
  0.11400E+03  0.77414E-06 -0.52799E-06 -0.15027E-06
  0.11430E+03  0.81266E-06 -0.72335E-06 -0.75400E-07
  0.11460E+03  0.84660E-06 -0.91160E-06 -0.41581E-10
  0.11490E+03  0.87507E-06 -0.10906E-05  0.74530E-07
  0.11520E+03  0.89714E-06 -0.12583E-05  0.14699E-06
  0.11550E+03  0.91195E-06 -0.14130E-05  0.21605E-06
  0.11580E+03  0.91874E-06 -0.15528E-05  0.28053E-06
  0.11610E+03  0.91698E-06 -0.16762E-05  0.33943E-06
  0.11640E+03  0.90645E-06 -0.17815E-05  0.39205E-06
  0.11670E+03  0.88725E-06 -0.18675E-05  0.43796E-06
  0.11700E+03  0.85975E-06 -0.19330E-05  0.47698E-06
  0.11730E+03  0.82456E-06 -0.19773E-05  0.50914E-06
  0.11760E+03  0.78240E-06 -0.20001E-05  0.53461E-06
  0.11790E+03  0.73401E-06 -0.20016E-05  0.55362E-06
  0.11820E+03  0.68012E-06 -0.19824E-05  0.56645E-06
  0.11850E+03  0.62137E-06 -0.19437E-05  0.57337E-06
  0.11880E+03  0.55832E-06 -0.18869E-05  0.57464E-06
  0.11910E+03  0.49147E-06 -0.18137E-05  0.57051E-06
  0.11940E+03  0.42133E-06 -0.17257E-05  0.56124E-06
  0.11970E+03  0.34845E-06 -0.16245E-05  0.54703E-06
  0.12000E+03  0.27344E-06 -0.15117E-05  0.52801E-06
  0.12030E+03  0.19694E-06 -0.13887E-05  0.50426E-06
  0.12060E+03  0.11965E-06 -0.12569E-05  0.47582E-06
  0.12090E+03  0.42212E-07 -0.11174E-05  0.44276E-06
  0.12120E+03 -0.34726E-07 -0.97133E-06  0.40522E-06
  0.12150E+03 -0.11059E-06 -0.81992E-06  0.36341E-06
  0.12180E+03 -0.18486E-06 -0.66423E-06  0.31764E-06
  0.12210E+03 -0.25710E-06 -0.50542E-06  0.26826E-06
  0.12240E+03 -0.32693E-06 -0.34479E-06  0.21573E-06
  0.12270E+03 -0.39403E-06 -0.18378E-06  0.16059E-06
  0.12300E+03 -0.45816E-06 -0.24047E-07  0.10353E-06
  0.12330E+03 -0.51910E-06  0.13263E-06  0.45368E-07
  0.12360E+03 -0.57660E-06  0.28438E-06 -0.12966E-07
  0.12390E+03 -0.63030E-06  0.42942E-06 -0.70501E-07
  0.12420E+03 -0.67973E-06  0.56612E-06 -0.12632E-06
  0.12450E+03 -0.72430E-06  0.69316E-06 -0.17962E-06
  0.12480E+03 -0.76335E-06  0.80955E-06 -0.22978E-06
  0.12510E+03 -0.79629E-06  0.91467E-06 -0.27635E-06
  0.12540E+03 -0.82259E-06  0.10082E-05 -0.31897E-06
  0.12570E+03 -0.84184E-06  0.10898E-05 -0.35738E-06
  0.12600E+03 -0.85372E-06  0.11597E-05 -0.39128E-06
  0.12630E+03 -0.85807E-06  0.12176E-05 -0.42038E-06
  0.12660E+03 -0.85486E-06  0.12636E-05 -0.44433E-06
  0.12690E+03 -0.84434E-06  0.12976E-05 -0.46282E-06
  0.12720E+03 -0.82694E-06  0.13194E-05 -0.47555E-06
  0.12750E+03 -0.80337E-06  0.13290E-05 -0.48237E-06
  0.12780E+03 -0.77447E-06  0.13263E-05 -0.48322E-06
  0.12810E+03 -0.74119E-06  0.13116E-05 -0.47821E-06
  0.12840E+03 -0.70449E-06  0.12852E-05 -0.46763E-06
  0.12870E+03 -0.66526E-06  0.12476E-05 -0.45189E-06
  0.12900E+03 -0.62429E-06  0.11998E-05 -0.43152E-06
  0.12930E+03 -0.58232E-06  0.11427E-05 -0.40716E-06
  0.12960E+03 -0.53999E-06  0.10775E-05 -0.37948E-06
  0.12990E+03 -0.49790E-06  0.10056E-05 -0.34921E-06
  0.13020E+03 -0.45652E-06  0.92846E-06 -0.31704E-06
  0.13050E+03 -0.41626E-06  0.84732E-06 -0.28360E-06
  0.13080E+03 -0.37739E-06  0.76344E-06 -0.24940E-06
  0.13110E+03 -0.34000E-06  0.67796E-06 -0.21478E-06
  0.13140E+03 -0.30407E-06  0.59183E-06 -0.17997E-06
  0.13170E+03 -0.26942E-06  0.50594E-06 -0.14508E-06
  0.13200E+03 -0.23581E-06  0.42114E-06 -0.11017E-06
  0.13230E+03 -0.20302E-06  0.33828E-06 -0.75350E-07
  0.13260E+03 -0.17088E-06  0.25827E-06 -0.40759E-07
  0.13290E+03 -0.13935E-06  0.18203E-06 -0.66557E-08
  0.13320E+03 -0.10849E-06  0.11050E-06  0.26590E-07
  0.13350E+03 -0.78485E-07  0.44624E-07  0.58509E-07
  0.13380E+03 -0.49579E-07 -0.14686E-07  0.88583E-07
  0.13410E+03 -0.22095E-07 -0.66618E-07  0.11631E-06
  0.13440E+03  0.35921E-08 -0.11050E-06  0.14127E-06
  0.13470E+03  0.27072E-07 -0.14584E-06  0.16315E-06
  0.13500E+03  0.47948E-07 -0.17235E-06  0.18178E-06
  0.13530E+03  0.65889E-07 -0.18994E-06  0.19713E-06
  0.13560E+03  0.80681E-07 -0.19870E-06  0.20925E-06
  0.13590E+03  0.92248E-07 -0.19894E-06  0.21829E-06
  0.13620E+03  0.10065E-06 -0.19114E-06  0.22445E-06
  0.13650E+03  0.10603E-06 -0.17598E-06  0.22797E-06
  0.13680E+03  0.10863E-06 -0.15437E-06  0.22909E-06
  0.13710E+03  0.10875E-06 -0.12740E-06  0.22801E-06
  0.13740E+03  0.10679E-06 -0.96348E-07  0.22492E-06
  0.13770E+03  0.10330E-06 -0.62561E-07  0.21995E-06
  0.13800E+03  0.98905E-07 -0.27425E-07  0.21322E-06
  0.13830E+03  0.94305E-07  0.77260E-08  0.20481E-06
  0.13860E+03  0.90162E-07  0.41660E-07  0.19484E-06
  0.13890E+03  0.87022E-07  0.73280E-07  0.18345E-06
  0.13920E+03  0.85265E-07  0.10164E-06  0.17085E-06
  0.13950E+03  0.85082E-07  0.12595E-06  0.15733E-06
  0.13980E+03  0.86501E-07  0.14557E-06  0.14325E-06
  0.14010E+03  0.89425E-07  0.16001E-06  0.12906E-06
  0.14040E+03  0.93702E-07  0.16889E-06  0.11519E-06
  0.14070E+03  0.99196E-07  0.17193E-06  0.10209E-06
  0.14100E+03  0.10585E-06  0.16894E-06  0.90150E-07
  0.14130E+03  0.11375E-06  0.15982E-06  0.79666E-07
  0.14160E+03  0.12311E-06  0.14460E-06  0.70850E-07
  0.14190E+03  0.13427E-06  0.12349E-06  0.63803E-07
  0.14220E+03  0.14768E-06  0.96827E-07  0.58540E-07
  0.14250E+03  0.16380E-06  0.65087E-07  0.55024E-07
  0.14280E+03  0.18301E-06  0.28792E-07  0.53209E-07
  0.14310E+03  0.20553E-06 -0.11529E-07  0.53065E-07
  0.14340E+03  0.23138E-06 -0.55357E-07  0.54587E-07
  0.14370E+03  0.26034E-06 -0.10218E-06  0.57761E-07
  0.14400E+03  0.29205E-06 -0.15151E-06  0.62525E-07
  0.14430E+03  0.32595E-06 -0.20282E-06  0.68737E-07
  0.14460E+03  0.36139E-06 -0.25560E-06  0.76163E-07
  0.14490E+03  0.39764E-06 -0.30930E-06  0.84497E-07
  0.14520E+03  0.43399E-06 -0.36335E-06  0.93396E-07
  0.14550E+03  0.46981E-06 -0.41715E-06  0.10252E-06
  0.14580E+03  0.50458E-06 -0.47007E-06  0.11158E-06
  0.14610E+03  0.53795E-06 -0.52151E-06  0.12034E-06
  0.14640E+03  0.56961E-06 -0.57086E-06  0.12867E-06
  0.14670E+03  0.59925E-06 -0.61754E-06  0.13646E-06
  0.14700E+03  0.62646E-06 -0.66095E-06  0.14368E-06
  0.14730E+03  0.65065E-06 -0.70051E-06  0.15028E-06
  0.14760E+03  0.67112E-06 -0.73567E-06  0.15622E-06
  0.14790E+03  0.68709E-06 -0.76592E-06  0.16141E-06
  0.14820E+03  0.69770E-06 -0.79080E-06  0.16575E-06
  0.14850E+03  0.70210E-06 -0.80991E-06  0.16901E-06
  0.14880E+03  0.69950E-06 -0.82291E-06  0.17091E-06
  0.14910E+03  0.68919E-06 -0.82952E-06  0.17108E-06
  0.14940E+03  0.67061E-06 -0.82950E-06  0.16909E-06
  0.14970E+03  0.64343E-06 -0.82266E-06  0.16450E-06
  0.15000E+03  0.60759E-06 -0.80885E-06  0.15689E-06
  0.15030E+03  0.56332E-06 -0.78799E-06  0.14587E-06
  0.15060E+03  0.51113E-06 -0.76002E-06  0.13120E-06
  0.15090E+03  0.45175E-06 -0.72499E-06  0.11275E-06
  0.15120E+03  0.38604E-06 -0.68300E-06  0.90555E-07
  0.15150E+03  0.31492E-06 -0.63426E-06  0.64843E-07
  0.15180E+03  0.23928E-06 -0.57913E-06  0.35998E-07
  0.15210E+03  0.16002E-06 -0.51805E-06  0.45273E-08
  0.15240E+03  0.77956E-07 -0.45163E-06 -0.29010E-07
  0.15270E+03 -0.61313E-08 -0.38058E-06 -0.64066E-07
  0.15300E+03 -0.91507E-07 -0.30575E-06 -0.10016E-06
  0.15330E+03 -0.17746E-06 -0.22805E-06 -0.13690E-06
  0.15360E+03 -0.26325E-06 -0.14851E-06 -0.17396E-06
  0.15390E+03 -0.34811E-06 -0.68180E-07 -0.21108E-06
  0.15420E+03 -0.43115E-06  0.11841E-07 -0.24797E-06
  0.15450E+03 -0.51140E-06  0.90444E-07 -0.28431E-06
  0.15480E+03 -0.58770E-06  0.16654E-06 -0.31968E-06
  0.15510E+03 -0.65883E-06  0.23911E-06 -0.35366E-06
  0.15540E+03 -0.72351E-06  0.30726E-06 -0.38574E-06
  0.15570E+03 -0.78050E-06  0.37033E-06 -0.41548E-06
  0.15600E+03 -0.82874E-06  0.42784E-06 -0.44242E-06
  0.15630E+03 -0.86736E-06  0.47955E-06 -0.46619E-06
  0.15660E+03 -0.89578E-06  0.52543E-06 -0.48648E-06
  0.15690E+03 -0.91366E-06  0.56556E-06 -0.50299E-06
  0.15720E+03 -0.92092E-06  0.60006E-06 -0.51546E-06
  0.15750E+03 -0.91770E-06  0.62907E-06 -0.52360E-06
  0.15780E+03 -0.90433E-06  0.65266E-06 -0.52708E-06
  0.15810E+03 -0.88125E-06  0.67083E-06 -0.52559E-06
  0.15840E+03 -0.84898E-06  0.68350E-06 -0.51884E-06
  0.15870E+03 -0.80809E-06  0.69060E-06 -0.50664E-06
  0.15900E+03 -0.75918E-06  0.69205E-06 -0.48889E-06
  0.15930E+03 -0.70288E-06  0.68791E-06 -0.46568E-06
  0.15960E+03 -0.63987E-06  0.67837E-06 -0.43719E-06
  0.15990E+03 -0.57091E-06  0.66375E-06 -0.40374E-06
  0.16020E+03 -0.49685E-06  0.64453E-06 -0.36574E-06
  0.16050E+03 -0.41867E-06  0.62128E-06 -0.32366E-06
  0.16080E+03 -0.33745E-06  0.59459E-06 -0.27803E-06
  0.16110E+03 -0.25436E-06  0.56502E-06 -0.22942E-06
  0.16140E+03 -0.17060E-06  0.53309E-06 -0.17837E-06
  0.16170E+03 -0.87410E-07  0.49921E-06 -0.12539E-06
  0.16200E+03 -0.59984E-08  0.46374E-06 -0.70919E-07
  0.16230E+03  0.72493E-07  0.42694E-06 -0.15332E-07
  0.16260E+03  0.14704E-06  0.38906E-06  0.41059E-07
  0.16290E+03  0.21675E-06  0.35030E-06  0.97964E-07
  0.16320E+03  0.28092E-06  0.31087E-06  0.15508E-06
  0.16350E+03  0.33896E-06  0.27100E-06  0.21203E-06
  0.16380E+03  0.39041E-06  0.23095E-06  0.26837E-06
  0.16410E+03  0.43485E-06  0.19103E-06  0.32350E-06
  0.16440E+03  0.47191E-06  0.15158E-06  0.37677E-06
  0.16470E+03  0.50125E-06  0.11302E-06  0.42742E-06
  0.16500E+03  0.52258E-06  0.75801E-07  0.47467E-06
  0.16530E+03  0.53571E-06  0.40456E-07  0.51777E-06
  0.16560E+03  0.54056E-06  0.75603E-08  0.55600E-06
  0.16590E+03  0.53721E-06 -0.22291E-07  0.58877E-06
  0.16620E+03  0.52590E-06 -0.48523E-07  0.61559E-06
  0.16650E+03  0.50705E-06 -0.70616E-07  0.63613E-06
  0.16680E+03  0.48125E-06 -0.88149E-07  0.65016E-06
  0.16710E+03  0.44918E-06 -0.10083E-06  0.65763E-06
  0.16740E+03  0.41166E-06 -0.10852E-06  0.65858E-06
  0.16770E+03  0.36952E-06 -0.11124E-06  0.65321E-06
  0.16800E+03  0.32360E-06 -0.10919E-06  0.64178E-06
  0.16830E+03  0.27472E-06 -0.10265E-06  0.62464E-06
  0.16860E+03  0.22363E-06 -0.91993E-07  0.60216E-06
  0.16890E+03  0.17099E-06 -0.77614E-07  0.57472E-06
  0.16920E+03  0.11738E-06 -0.59912E-07  0.54268E-06
  0.16950E+03  0.63318E-07 -0.39249E-07  0.50636E-06
  0.16980E+03  0.93104E-08 -0.15936E-07  0.46602E-06
  0.17010E+03 -0.44140E-07  0.97696E-08  0.42188E-06
  0.17040E+03 -0.96491E-07  0.37641E-07  0.37411E-06
  0.17070E+03 -0.14716E-06  0.67437E-07  0.32286E-06
  0.17100E+03 -0.19553E-06  0.98849E-07  0.26836E-06
  0.17130E+03 -0.24099E-06  0.13144E-06  0.21093E-06
  0.17160E+03 -0.28294E-06  0.16462E-06  0.15101E-06
  0.17190E+03 -0.32082E-06  0.19757E-06  0.89212E-07
  0.17220E+03 -0.35416E-06  0.22932E-06  0.26279E-07
  0.17250E+03 -0.38254E-06  0.25873E-06 -0.36908E-07
  0.17280E+03 -0.40562E-06  0.28462E-06 -0.99376E-07
  0.17310E+03 -0.42314E-06  0.30580E-06 -0.16012E-06
  0.17340E+03 -0.43483E-06  0.32115E-06 -0.21817E-06
  0.17370E+03 -0.44050E-06  0.32973E-06 -0.27265E-06
  0.17400E+03 -0.43993E-06  0.33075E-06 -0.32284E-06
  0.17430E+03 -0.43296E-06  0.32361E-06 -0.36823E-06
  0.17460E+03 -0.41948E-06  0.30789E-06 -0.40853E-06
  0.17490E+03 -0.39944E-06  0.28333E-06 -0.44362E-06
  0.17520E+03 -0.37292E-06  0.24981E-06 -0.47358E-06
  0.17550E+03 -0.34003E-06  0.20732E-06 -0.49858E-06
  0.17580E+03 -0.30101E-06  0.15594E-06 -0.51887E-06
  0.17610E+03 -0.25612E-06  0.95890E-07 -0.53470E-06
  0.17640E+03 -0.20568E-06  0.27477E-07 -0.54633E-06
  0.17670E+03 -0.15005E-06 -0.48834E-07 -0.55394E-06
  0.17700E+03 -0.89618E-07 -0.13239E-06 -0.55770E-06
  0.17730E+03 -0.24808E-07 -0.22232E-06 -0.55768E-06
  0.17760E+03  0.43904E-07 -0.31755E-06 -0.55392E-06
  0.17790E+03  0.11598E-06 -0.41679E-06 -0.54642E-06
  0.17820E+03  0.19077E-06 -0.51863E-06 -0.53514E-06
  0.17850E+03  0.26754E-06 -0.62157E-06 -0.51999E-06
  0.17880E+03  0.34541E-06 -0.72407E-06 -0.50092E-06
  0.17910E+03  0.42344E-06 -0.82463E-06 -0.47785E-06
  0.17940E+03  0.50063E-06 -0.92178E-06 -0.45077E-06
  0.17970E+03  0.57599E-06 -0.10141E-05 -0.41976E-06
  0.18000E+03  0.64858E-06 -0.11002E-05 -0.38497E-06
  0.18030E+03  0.71751E-06 -0.11789E-05 -0.34670E-06
  0.18060E+03  0.78190E-06 -0.12486E-05 -0.30531E-06
  0.18090E+03  0.84083E-06 -0.13083E-05 -0.26130E-06
  0.18120E+03  0.89336E-06 -0.13566E-05 -0.21522E-06
  0.18150E+03  0.93844E-06 -0.13923E-05 -0.16764E-06
  0.18180E+03  0.97491E-06 -0.14144E-05 -0.11912E-06
  0.18210E+03  0.10016E-05 -0.14221E-05 -0.70184E-07
  0.18240E+03  0.10174E-05 -0.14148E-05 -0.21240E-07
  0.18270E+03  0.10212E-05 -0.13921E-05  0.27364E-07
  0.18300E+03  0.10123E-05 -0.13537E-05  0.75349E-07
  0.18330E+03  0.99040E-06 -0.12996E-05  0.12247E-06
  0.18360E+03  0.95556E-06 -0.12301E-05  0.16846E-06
  0.18390E+03  0.90828E-06 -0.11454E-05  0.21304E-06
  0.18420E+03  0.84941E-06 -0.10460E-05  0.25585E-06
  0.18450E+03  0.78007E-06 -0.93267E-06  0.29648E-06
  0.18480E+03  0.70153E-06 -0.80644E-06  0.33446E-06
  0.18510E+03  0.61511E-06 -0.66855E-06  0.36933E-06
  0.18540E+03  0.52207E-06 -0.52049E-06  0.40062E-06
  0.18570E+03  0.42356E-06 -0.36398E-06  0.42797E-06
  0.18600E+03  0.32055E-06 -0.20087E-06  0.45106E-06
  0.18630E+03  0.21390E-06 -0.33064E-07  0.46971E-06
  0.18660E+03  0.10433E-06  0.13754E-06  0.48382E-06
  0.18690E+03 -0.74859E-08  0.30910E-06  0.49339E-06
  0.18720E+03 -0.12085E-06  0.47982E-06  0.49848E-06
  0.18750E+03 -0.23501E-06  0.64799E-06  0.49923E-06
  0.18780E+03 -0.34907E-06  0.81195E-06  0.49582E-06
  0.18810E+03 -0.46206E-06  0.97013E-06  0.48851E-06
  0.18840E+03 -0.57287E-06  0.11210E-05  0.47762E-06
  0.18870E+03 -0.68035E-06  0.12632E-05  0.46343E-06
  0.18900E+03 -0.78328E-06  0.13952E-05  0.44622E-06
  0.18930E+03 -0.88051E-06  0.15158E-05  0.42622E-06
  0.18960E+03 -0.97094E-06  0.16235E-05  0.40356E-06
  0.18990E+03 -0.10536E-05  0.17171E-05  0.37835E-06
  0.19020E+03 -0.11275E-05  0.17954E-05  0.35065E-06
  0.19050E+03 -0.11920E-05  0.18572E-05  0.32053E-06
  0.19080E+03 -0.12464E-05  0.19016E-05  0.28808E-06
  0.19110E+03 -0.12904E-05  0.19277E-05  0.25342E-06
  0.19140E+03 -0.13235E-05  0.19351E-05  0.21672E-06
  0.19170E+03 -0.13455E-05  0.19236E-05  0.17817E-06
  0.19200E+03 -0.13562E-05  0.18933E-05  0.13803E-06
  0.19230E+03 -0.13555E-05  0.18446E-05  0.96575E-07
  0.19260E+03 -0.13432E-05  0.17780E-05  0.54103E-07
  0.19290E+03 -0.13194E-05  0.16945E-05  0.10934E-07
  0.19320E+03 -0.12839E-05  0.15951E-05 -0.32605E-07
  0.19350E+03 -0.12368E-05  0.14809E-05 -0.76175E-07
  0.19380E+03 -0.11783E-05  0.13534E-05 -0.11941E-06
  0.19410E+03 -0.11089E-05  0.12140E-05 -0.16194E-06
  0.19440E+03 -0.10292E-05  0.10642E-05 -0.20331E-06
  0.19470E+03 -0.94014E-06  0.90557E-06 -0.24310E-06
  0.19500E+03 -0.84278E-06  0.73982E-06 -0.28081E-06
  0.19530E+03 -0.73840E-06  0.56856E-06 -0.31599E-06
  0.19560E+03 -0.62833E-06  0.39347E-06 -0.34817E-06
  0.19590E+03 -0.51387E-06  0.21621E-06 -0.37693E-06
  0.19620E+03 -0.39628E-06  0.38480E-07 -0.40187E-06
  0.19650E+03 -0.27680E-06 -0.13801E-06 -0.42267E-06
  0.19680E+03 -0.15658E-06 -0.31155E-06 -0.43910E-06
  0.19710E+03 -0.36728E-07 -0.48040E-06 -0.45100E-06
  0.19740E+03  0.81697E-07 -0.64288E-06 -0.45827E-06
  0.19770E+03  0.19766E-06 -0.79733E-06 -0.46091E-06
  0.19800E+03  0.31018E-06 -0.94217E-06 -0.45895E-06
  0.19830E+03  0.41828E-06 -0.10759E-05 -0.45246E-06
  0.19860E+03  0.52109E-06 -0.11973E-05 -0.44154E-06
  0.19890E+03  0.61775E-06 -0.13051E-05 -0.42635E-06
  0.19920E+03  0.70749E-06 -0.13983E-05 -0.40713E-06
  0.19950E+03  0.78959E-06 -0.14764E-05 -0.38419E-06
  0.19980E+03  0.86342E-06 -0.15386E-05 -0.35794E-06
  0.20010E+03  0.92839E-06 -0.15849E-05 -0.32881E-06
  0.20040E+03  0.98404E-06 -0.16151E-05 -0.29731E-06
  0.20070E+03  0.10300E-05 -0.16294E-05 -0.26391E-06
  0.20100E+03  0.10659E-05 -0.16280E-05 -0.22905E-06
  0.20130E+03  0.10916E-05 -0.16114E-05 -0.19314E-06
  0.20160E+03  0.11072E-05 -0.15801E-05 -0.15653E-06
  0.20190E+03  0.11128E-05 -0.15348E-05 -0.11956E-06
  0.20220E+03  0.11087E-05 -0.14763E-05 -0.82575E-07
  0.20250E+03  0.10955E-05 -0.14055E-05 -0.45934E-07
  0.20280E+03  0.10736E-05 -0.13233E-05 -0.10032E-07
  0.20310E+03  0.10438E-05 -0.12310E-05  0.24706E-07
  0.20340E+03  0.10069E-05 -0.11297E-05  0.57846E-07
  0.20370E+03  0.96356E-06 -0.10207E-05  0.88976E-07
  0.20400E+03  0.91472E-06 -0.90548E-06  0.11774E-06
  0.20430E+03  0.86116E-06 -0.78538E-06  0.14387E-06
  0.20460E+03  0.80360E-06 -0.66180E-06  0.16718E-06
  0.20490E+03  0.74274E-06 -0.53614E-06  0.18754E-06
  0.20520E+03  0.67915E-06 -0.40981E-06  0.20489E-06
  0.20550E+03  0.61336E-06 -0.28422E-06  0.21918E-06
  0.20580E+03  0.54586E-06 -0.16073E-06  0.23038E-06
  0.20610E+03  0.47710E-06 -0.40683E-07  0.23849E-06
  0.20640E+03  0.40758E-06  0.74644E-07  0.24353E-06
  0.20670E+03  0.33778E-06  0.18409E-06  0.24556E-06
  0.20700E+03  0.26821E-06  0.28664E-06  0.24475E-06
  0.20730E+03  0.19945E-06  0.38144E-06  0.24128E-06
  0.20760E+03  0.13206E-06  0.46783E-06  0.23544E-06
  0.20790E+03  0.66665E-07  0.54533E-06  0.22749E-06
  0.20820E+03  0.38636E-08  0.61368E-06  0.21771E-06
  0.20850E+03 -0.55756E-07  0.67273E-06  0.20638E-06
  0.20880E+03 -0.11167E-06  0.72250E-06  0.19373E-06
  0.20910E+03 -0.16344E-06  0.76307E-06  0.18000E-06
  0.20940E+03 -0.21075E-06  0.79465E-06  0.16539E-06
  0.20970E+03 -0.25335E-06  0.81747E-06  0.15016E-06
  0.21000E+03 -0.29112E-06  0.83187E-06  0.13458E-06
  0.21030E+03 -0.32399E-06  0.83823E-06  0.11894E-06
  0.21060E+03 -0.35195E-06  0.83701E-06  0.10359E-06
  0.21090E+03 -0.37504E-06  0.82874E-06  0.88856E-07
  0.21120E+03 -0.39335E-06  0.81401E-06  0.75066E-07
  0.21150E+03 -0.40706E-06  0.79347E-06  0.62509E-07
  0.21180E+03 -0.41635E-06  0.76774E-06  0.51431E-07
  0.21210E+03 -0.42149E-06  0.73747E-06  0.42040E-07
  0.21240E+03 -0.42279E-06  0.70327E-06  0.34504E-07
  0.21270E+03 -0.42060E-06  0.66572E-06  0.28946E-07
  0.21300E+03 -0.41531E-06  0.62540E-06  0.25441E-07
  0.21330E+03 -0.40731E-06  0.58282E-06  0.24000E-07
  0.21360E+03 -0.39699E-06  0.53846E-06  0.24575E-07
  0.21390E+03 -0.38475E-06  0.49275E-06  0.27052E-07
  0.21420E+03 -0.37095E-06  0.44604E-06  0.31260E-07
  0.21450E+03 -0.35597E-06  0.39858E-06  0.36981E-07
  0.21480E+03 -0.34016E-06  0.35051E-06  0.43965E-07
  0.21510E+03 -0.32384E-06  0.30190E-06  0.51939E-07
  0.21540E+03 -0.30733E-06  0.25272E-06  0.60620E-07
  0.21570E+03 -0.29093E-06  0.20290E-06  0.69724E-07
  0.21600E+03 -0.27492E-06  0.15239E-06  0.78967E-07
  0.21630E+03 -0.25956E-06  0.10117E-06  0.88072E-07
  0.21660E+03 -0.24507E-06  0.49318E-07  0.96768E-07
  0.21690E+03 -0.23168E-06 -0.29937E-08  0.10479E-06
  0.21720E+03 -0.21959E-06 -0.55492E-07  0.11187E-06
  0.21750E+03 -0.20898E-06 -0.10781E-06  0.11775E-06
  0.21780E+03 -0.20001E-06 -0.15950E-06  0.12214E-06
  0.21810E+03 -0.19275E-06 -0.21006E-06  0.12479E-06
  0.21840E+03 -0.18722E-06 -0.25898E-06  0.12543E-06
  0.21870E+03 -0.18335E-06 -0.30570E-06  0.12385E-06
  0.21900E+03 -0.18099E-06 -0.34970E-06  0.11990E-06
  0.21930E+03 -0.17992E-06 -0.39045E-06  0.11345E-06
  0.21960E+03 -0.17988E-06 -0.42744E-06  0.10447E-06
  0.21990E+03 -0.18061E-06 -0.46015E-06  0.92968E-07
  0.22020E+03 -0.18185E-06 -0.48806E-06  0.78990E-07
  0.22050E+03 -0.18337E-06 -0.51061E-06  0.62636E-07
  0.22080E+03 -0.18502E-06 -0.52728E-06  0.44043E-07
  0.22110E+03 -0.18669E-06 -0.53754E-06  0.23395E-07
  0.22140E+03 -0.18832E-06 -0.54094E-06  0.93026E-09
  0.22170E+03 -0.18990E-06 -0.53713E-06 -0.23048E-07
  0.22200E+03 -0.19136E-06 -0.52586E-06 -0.48165E-07
  0.22230E+03 -0.19265E-06 -0.50701E-06 -0.73985E-07
  0.22260E+03 -0.19367E-06 -0.48058E-06 -0.10003E-06
  0.22290E+03 -0.19434E-06 -0.44667E-06 -0.12584E-06
  0.22320E+03 -0.19459E-06 -0.40551E-06 -0.15099E-06
  0.22350E+03 -0.19439E-06 -0.35740E-06 -0.17512E-06
  0.22380E+03 -0.19376E-06 -0.30277E-06 -0.19796E-06
  0.22410E+03 -0.19281E-06 -0.24220E-06 -0.21932E-06
  0.22440E+03 -0.19166E-06 -0.17638E-06 -0.23907E-06
  0.22470E+03 -0.19044E-06 -0.10614E-06 -0.25711E-06
  0.22500E+03 -0.18927E-06 -0.32457E-07 -0.27337E-06
  0.22530E+03 -0.18818E-06  0.43610E-07 -0.28775E-06
  0.22560E+03 -0.18715E-06  0.12090E-06 -0.30016E-06
  0.22590E+03 -0.18598E-06  0.19818E-06 -0.31046E-06
  0.22620E+03 -0.18439E-06  0.27421E-06 -0.31851E-06
  0.22650E+03 -0.18196E-06  0.34778E-06 -0.32415E-06
  0.22680E+03 -0.17821E-06  0.41773E-06 -0.32720E-06
  0.22710E+03 -0.17260E-06  0.48304E-06 -0.32757E-06
  0.22740E+03 -0.16458E-06  0.54281E-06 -0.32516E-06
  0.22770E+03 -0.15362E-06  0.59624E-06 -0.31998E-06
  0.22800E+03 -0.13925E-06  0.64268E-06 -0.31206E-06
  0.22830E+03 -0.12110E-06  0.68150E-06 -0.30149E-06
  0.22860E+03 -0.98870E-07  0.71215E-06 -0.28835E-06
  0.22890E+03 -0.72413E-07  0.73411E-06 -0.27271E-06
  0.22920E+03 -0.41692E-07  0.74688E-06 -0.25466E-06
  0.22950E+03 -0.68089E-08  0.74999E-06 -0.23424E-06
  0.22980E+03  0.31999E-07  0.74303E-06 -0.21153E-06
  0.23010E+03  0.74369E-07  0.72565E-06 -0.18658E-06
  0.23040E+03  0.11983E-06  0.69763E-06 -0.15951E-06
  0.23070E+03  0.16784E-06  0.65888E-06 -0.13048E-06
  0.23100E+03  0.21778E-06  0.60950E-06 -0.99692E-07
  0.23130E+03  0.26904E-06  0.54981E-06 -0.67406E-07
  0.23160E+03  0.32099E-06  0.48036E-06 -0.33926E-07
  0.23190E+03  0.37302E-06  0.40192E-06  0.42131E-09
  0.23220E+03  0.42460E-06  0.31545E-06  0.35297E-07
  0.23250E+03  0.47521E-06  0.22206E-06  0.70361E-07
  0.23280E+03  0.52438E-06  0.12294E-06  0.10527E-06
  0.23310E+03  0.57170E-06  0.19337E-07  0.13970E-06
  0.23340E+03  0.61676E-06 -0.87521E-07  0.17332E-06
  0.23370E+03  0.65918E-06 -0.19642E-06  0.20579E-06
  0.23400E+03  0.69854E-06 -0.30617E-06  0.23679E-06
  0.23430E+03  0.73445E-06 -0.41562E-06  0.26601E-06
  0.23460E+03  0.76650E-06 -0.52363E-06  0.29311E-06
  0.23490E+03  0.79429E-06 -0.62906E-06  0.31776E-06
  0.23520E+03  0.81742E-06 -0.73076E-06  0.33960E-06
  0.23550E+03  0.83551E-06 -0.82757E-06  0.35824E-06
  0.23580E+03  0.84821E-06 -0.91829E-06  0.37330E-06
  0.23610E+03  0.85521E-06 -0.10017E-05  0.38440E-06
  0.23640E+03  0.85620E-06 -0.10768E-05  0.39124E-06
  0.23670E+03  0.85092E-06 -0.11424E-05  0.39359E-06
  0.23700E+03  0.83914E-06 -0.11976E-05  0.39136E-06
  0.23730E+03  0.82068E-06 -0.12417E-05  0.38453E-06
  0.23760E+03  0.79543E-06 -0.12740E-05  0.37322E-06
  0.23790E+03  0.76334E-06 -0.12939E-05  0.35762E-06
  0.23820E+03  0.72445E-06 -0.13012E-05  0.33798E-06
  0.23850E+03  0.67889E-06 -0.12957E-05  0.31462E-06
  0.23880E+03  0.62692E-06 -0.12773E-05  0.28792E-06
  0.23910E+03  0.56893E-06 -0.12461E-05  0.25828E-06
  0.23940E+03  0.50542E-06 -0.12026E-05  0.22615E-06
  0.23970E+03  0.43709E-06 -0.11472E-05  0.19200E-06
  0.24000E+03  0.36470E-06 -0.10806E-05  0.15630E-06
  0.24030E+03  0.28914E-06 -0.10038E-05  0.11952E-06
  0.24060E+03  0.21131E-06 -0.91773E-06  0.82152E-07
  0.24090E+03  0.13213E-06 -0.82362E-06  0.44654E-07
  0.24120E+03  0.52492E-07 -0.72265E-06  0.74994E-08
  0.24150E+03 -0.26781E-07 -0.61603E-06 -0.28854E-07
  0.24180E+03 -0.10494E-06 -0.50493E-06 -0.63962E-07
  0.24210E+03 -0.18132E-06 -0.39044E-06 -0.97397E-07
  0.24240E+03 -0.25538E-06 -0.27360E-06 -0.12876E-06
  0.24270E+03 -0.32668E-06 -0.15534E-06 -0.15768E-06
  0.24300E+03 -0.39491E-06 -0.36524E-07 -0.18381E-06
  0.24330E+03 -0.45988E-06  0.82050E-07 -0.20685E-06
  0.24360E+03 -0.52151E-06  0.19966E-06 -0.22655E-06
  0.24390E+03 -0.57985E-06  0.31566E-06 -0.24270E-06
  0.24420E+03 -0.63502E-06  0.42946E-06 -0.25516E-06
  0.24450E+03 -0.68721E-06  0.54054E-06 -0.26386E-06
  0.24480E+03 -0.73661E-06  0.64844E-06 -0.26879E-06
  0.24510E+03 -0.78340E-06  0.75275E-06 -0.27000E-06
  0.24540E+03 -0.82773E-06  0.85308E-06 -0.26758E-06
  0.24570E+03 -0.86965E-06  0.94906E-06 -0.26170E-06
  0.24600E+03 -0.90916E-06  0.10403E-05 -0.25254E-06
  0.24630E+03 -0.94615E-06  0.11263E-05 -0.24035E-06
  0.24660E+03 -0.98047E-06  0.12067E-05 -0.22542E-06
  0.24690E+03 -0.10119E-05  0.12808E-05 -0.20805E-06
  0.24720E+03 -0.10402E-05  0.13483E-05 -0.18856E-06
  0.24750E+03 -0.10650E-05  0.14085E-05 -0.16729E-06
  0.24780E+03 -0.10861E-05  0.14611E-05 -0.14456E-06
  0.24810E+03 -0.11032E-05  0.15057E-05 -0.12067E-06
  0.24840E+03 -0.11161E-05  0.15419E-05 -0.95924E-07
  0.24870E+03 -0.11245E-05  0.15695E-05 -0.70621E-07
  0.24900E+03 -0.11282E-05  0.15883E-05 -0.45049E-07
  0.24930E+03 -0.11271E-05  0.15979E-05 -0.19493E-07
  0.24960E+03 -0.11211E-05  0.15984E-05  0.57635E-08
  0.24990E+03 -0.11099E-05  0.15893E-05  0.30432E-07
  0.25020E+03 -0.10937E-05  0.15708E-05  0.54218E-07
  0.25050E+03 -0.10721E-05  0.15428E-05  0.76818E-07
  0.25080E+03 -0.10450E-05  0.15052E-05  0.97922E-07
  0.25110E+03 -0.10124E-05  0.14584E-05  0.11722E-06
  0.25140E+03 -0.97393E-06  0.14027E-05  0.13441E-06
  0.25170E+03 -0.92947E-06  0.13383E-05  0.14919E-06
  0.25200E+03 -0.87882E-06  0.12659E-05  0.16130E-06
  0.25230E+03 -0.82185E-06  0.11861E-05  0.17049E-06
  0.25260E+03 -0.75847E-06  0.10995E-05  0.17658E-06
  0.25290E+03 -0.68869E-06  0.10067E-05  0.17944E-06
  0.25320E+03 -0.61258E-06  0.90861E-06  0.17899E-06
  0.25350E+03 -0.53032E-06  0.80580E-06  0.17529E-06
  0.25380E+03 -0.44220E-06  0.69901E-06  0.16845E-06
  0.25410E+03 -0.34865E-06  0.58896E-06  0.15867E-06
  0.25440E+03 -0.25021E-06  0.47635E-06  0.14619E-06
  0.25470E+03 -0.14756E-06  0.36193E-06  0.13133E-06
  0.25500E+03 -0.41547E-07  0.24643E-06  0.11442E-06
  0.25530E+03  0.66914E-07  0.13056E-06  0.95825E-07
  0.25560E+03  0.17680E-06  0.15027E-07  0.75916E-07
  0.25590E+03  0.28706E-06 -0.99525E-07  0.55082E-07
  0.25620E+03  0.39663E-06 -0.21251E-06  0.33710E-07
  0.25650E+03  0.50449E-06 -0.32340E-06  0.12170E-07
  0.25680E+03  0.60971E-06 -0.43171E-06 -0.91857E-08
  0.25710E+03  0.71148E-06 -0.53702E-06 -0.30032E-07
  0.25740E+03  0.80909E-06 -0.63892E-06 -0.50075E-07
  0.25770E+03  0.90199E-06 -0.73699E-06 -0.69053E-07
  0.25800E+03  0.98969E-06 -0.83081E-06 -0.86740E-07
  0.25830E+03  0.10718E-05 -0.91990E-06 -0.10295E-06
  0.25860E+03  0.11478E-05 -0.10037E-05 -0.11751E-06
  0.25890E+03  0.12175E-05 -0.10817E-05 -0.13033E-06
  0.25920E+03  0.12803E-05 -0.11533E-05 -0.14132E-06
  0.25950E+03  0.13359E-05 -0.12177E-05 -0.15044E-06
  0.25980E+03  0.13837E-05 -0.12744E-05 -0.15769E-06
  0.26010E+03  0.14234E-05 -0.13228E-05 -0.16307E-06
  0.26040E+03  0.14543E-05 -0.13623E-05 -0.16662E-06
  0.26070E+03  0.14762E-05 -0.13926E-05 -0.16836E-06
  0.26100E+03  0.14885E-05 -0.14134E-05 -0.16833E-06
  0.26130E+03  0.14910E-05 -0.14247E-05 -0.16655E-06
  0.26160E+03  0.14834E-05 -0.14264E-05 -0.16302E-06
  0.26190E+03  0.14655E-05 -0.14190E-05 -0.15778E-06
  0.26220E+03  0.14375E-05 -0.14028E-05 -0.15086E-06
  0.26250E+03  0.13994E-05 -0.13782E-05 -0.14233E-06
  0.26280E+03  0.13516E-05 -0.13458E-05 -0.13226E-06
  0.26310E+03  0.12946E-05 -0.13062E-05 -0.12078E-06
  0.26340E+03  0.12289E-05 -0.12600E-05 -0.10804E-06
  0.26370E+03  0.11554E-05 -0.12079E-05 -0.94176E-07
  0.26400E+03  0.10749E-05 -0.11505E-05 -0.79373E-07
  0.26430E+03  0.98825E-06 -0.10887E-05 -0.63802E-07
  0.26460E+03  0.89654E-06 -0.10232E-05 -0.47643E-07
  0.26490E+03  0.80072E-06 -0.95474E-06 -0.31085E-07
  0.26520E+03  0.70176E-06 -0.88429E-06 -0.14322E-07
  0.26550E+03  0.60058E-06 -0.81266E-06  0.24454E-08
  0.26580E+03  0.49807E-06 -0.74068E-06  0.19008E-07
  0.26610E+03  0.39505E-06 -0.66910E-06  0.35148E-07
  0.26640E+03  0.29228E-06 -0.59854E-06  0.50646E-07
  0.26670E+03  0.19043E-06 -0.52954E-06  0.65274E-07
  0.26700E+03  0.90128E-07 -0.46249E-06  0.78806E-07
  0.26730E+03 -0.80829E-08 -0.39766E-06  0.91023E-07
  0.26760E+03 -0.10373E-06 -0.33527E-06  0.10171E-06
  0.26790E+03 -0.19641E-06 -0.27546E-06  0.11068E-06
  0.26820E+03 -0.28575E-06 -0.21837E-06  0.11777E-06
  0.26850E+03 -0.37139E-06 -0.16411E-06  0.12286E-06
  0.26880E+03 -0.45298E-06 -0.11280E-06  0.12587E-06
  0.26910E+03 -0.53014E-06 -0.64587E-07  0.12680E-06
  0.26940E+03 -0.60245E-06 -0.19575E-07  0.12571E-06
  0.26970E+03 -0.66948E-06  0.22130E-07  0.12274E-06
  0.27000E+03 -0.73075E-06  0.60449E-07  0.11805E-06
  0.27030E+03 -0.78580E-06  0.95348E-07  0.11186E-06
  0.27060E+03 -0.83422E-06  0.12684E-06  0.10442E-06
  0.27090E+03 -0.87568E-06  0.15503E-06  0.96001E-07
  0.27120E+03 -0.90992E-06  0.18009E-06  0.86862E-07
  0.27150E+03 -0.93683E-06  0.20228E-06  0.77275E-07
  0.27180E+03 -0.95646E-06  0.22196E-06  0.67503E-07
  0.27210E+03 -0.96895E-06  0.23954E-06  0.57789E-07
  0.27240E+03 -0.97458E-06  0.25548E-06  0.48363E-07
  0.27270E+03 -0.97370E-06  0.27029E-06  0.39434E-07
  0.27300E+03 -0.96674E-06  0.28444E-06  0.31193E-07
  0.27330E+03 -0.95414E-06  0.29837E-06  0.23819E-07
  0.27360E+03 -0.93634E-06  0.31250E-06  0.17486E-07
  0.27390E+03 -0.91378E-06  0.32717E-06  0.12363E-07
  0.27420E+03 -0.88690E-06  0.34268E-06  0.86108E-08
  0.27450E+03 -0.85611E-06  0.35927E-06  0.63622E-08
  0.27480E+03 -0.82180E-06  0.37713E-06  0.57075E-08
  0.27510E+03 -0.78436E-06  0.39643E-06  0.66768E-08
  0.27540E+03 -0.74415E-06  0.41724E-06  0.92324E-08
  0.27570E+03 -0.70153E-06  0.43960E-06  0.13271E-07
  0.27600E+03 -0.65685E-06  0.46346E-06  0.18633E-07
  0.27630E+03 -0.61048E-06  0.48868E-06  0.25113E-07
  0.27660E+03 -0.56276E-06  0.51508E-06  0.32474E-07
  0.27690E+03 -0.51408E-06  0.54245E-06  0.40461E-07
  0.27720E+03 -0.46485E-06  0.57053E-06  0.48809E-07
  0.27750E+03 -0.41548E-06  0.59902E-06  0.57254E-07
  0.27780E+03 -0.36643E-06  0.62765E-06  0.65549E-07
  0.27810E+03 -0.31811E-06  0.65607E-06  0.73473E-07
  0.27840E+03 -0.27090E-06  0.68393E-06  0.80841E-07
  0.27870E+03 -0.22514E-06  0.71085E-06  0.87508E-07
  0.27900E+03 -0.18109E-06  0.73643E-06  0.93365E-07
  0.27930E+03 -0.13893E-06  0.76024E-06  0.98340E-07
  0.27960E+03 -0.98791E-07  0.78188E-06  0.10238E-06
  0.27990E+03 -0.60754E-07  0.80095E-06  0.10546E-06
  0.28020E+03 -0.24877E-07  0.81709E-06  0.10754E-06
  0.28050E+03  0.87823E-08  0.82993E-06  0.10862E-06
  0.28080E+03  0.40153E-07  0.83912E-06  0.10865E-06
  0.28110E+03  0.69147E-07  0.84434E-06  0.10757E-06
  0.28140E+03  0.95659E-07  0.84524E-06  0.10533E-06
  0.28170E+03  0.11958E-06  0.84149E-06  0.10180E-06
  0.28200E+03  0.14081E-06  0.83276E-06  0.96854E-07
  0.28230E+03  0.15929E-06  0.81876E-06  0.90342E-07
  0.28260E+03  0.17500E-06  0.79920E-06  0.82091E-07
  0.28290E+03  0.18798E-06  0.77386E-06  0.71937E-07
  0.28320E+03  0.19836E-06  0.74259E-06  0.59742E-07
  0.28350E+03  0.20633E-06  0.70531E-06  0.45418E-07
  0.28380E+03  0.21214E-06  0.66205E-06  0.28957E-07
  0.28410E+03  0.21611E-06  0.61297E-06  0.10443E-07
  0.28440E+03  0.21858E-06  0.55831E-06 -0.99408E-08
  0.28470E+03  0.21989E-06  0.49845E-06 -0.31928E-07
  0.28500E+03  0.22042E-06  0.43387E-06 -0.55191E-07
  0.28530E+03  0.22048E-06  0.36513E-06 -0.79368E-07
  0.28560E+03  0.22039E-06  0.29287E-06 -0.10409E-06
  0.28590E+03  0.22037E-06  0.21779E-06 -0.12897E-06
  0.28620E+03  0.22062E-06  0.14061E-06 -0.15367E-06
  0.28650E+03  0.22122E-06  0.62065E-07 -0.17780E-06
  0.28680E+03  0.22220E-06 -0.17087E-07 -0.20101E-06
  0.28710E+03  0.22354E-06 -0.96071E-07 -0.22292E-06
  0.28740E+03  0.22516E-06 -0.17410E-06 -0.24317E-06
  0.28770E+03  0.22701E-06 -0.25036E-06 -0.26140E-06
  0.28800E+03  0.22901E-06 -0.32405E-06 -0.27728E-06
  0.28830E+03  0.23117E-06 -0.39438E-06 -0.29049E-06
  0.28860E+03  0.23347E-06 -0.46060E-06 -0.30077E-06
  0.28890E+03  0.23596E-06 -0.52199E-06 -0.30790E-06
  0.28920E+03  0.23863E-06 -0.57793E-06 -0.31172E-06
  0.28950E+03  0.24150E-06 -0.62784E-06 -0.31211E-06
  0.28980E+03  0.24451E-06 -0.67120E-06 -0.30903E-06
  0.29010E+03  0.24757E-06 -0.70757E-06 -0.30250E-06
  0.29040E+03  0.25052E-06 -0.73655E-06 -0.29261E-06
  0.29070E+03  0.25319E-06 -0.75781E-06 -0.27947E-06
  0.29100E+03  0.25537E-06 -0.77104E-06 -0.26326E-06
  0.29130E+03  0.25685E-06 -0.77602E-06 -0.24419E-06
  0.29160E+03  0.25741E-06 -0.77261E-06 -0.22251E-06
  0.29190E+03  0.25688E-06 -0.76076E-06 -0.19847E-06
  0.29220E+03  0.25506E-06 -0.74054E-06 -0.17236E-06
  0.29250E+03  0.25181E-06 -0.71216E-06 -0.14449E-06
  0.29280E+03  0.24701E-06 -0.67597E-06 -0.11515E-06
  0.29310E+03  0.24056E-06 -0.63244E-06 -0.84677E-07
  0.29340E+03  0.23241E-06 -0.58216E-06 -0.53394E-07
  0.29370E+03  0.22253E-06 -0.52584E-06 -0.21636E-07
  0.29400E+03  0.21092E-06 -0.46427E-06  0.10258E-07
  0.29430E+03  0.19759E-06 -0.39829E-06  0.41957E-07
  0.29460E+03  0.18260E-06 -0.32880E-06  0.73142E-07
  0.29490E+03  0.16601E-06 -0.25668E-06  0.10351E-06
  0.29520E+03  0.14793E-06 -0.18283E-06  0.13276E-06
  0.29550E+03  0.12848E-06 -0.10813E-06  0.16064E-06
  0.29580E+03  0.10780E-06 -0.33448E-07  0.18688E-06
  0.29610E+03  0.86075E-07  0.40336E-07  0.21121E-06
  0.29640E+03  0.63477E-07  0.11234E-06  0.23339E-06
  0.29670E+03  0.40193E-07  0.18165E-06  0.25317E-06
  0.29700E+03  0.16411E-07  0.24733E-06  0.27033E-06
  0.29730E+03 -0.76838E-08  0.30845E-06  0.28465E-06
  0.29760E+03 -0.31914E-07  0.36408E-06  0.29597E-06
  0.29790E+03 -0.56106E-07  0.41331E-06  0.30416E-06
  0.29820E+03 -0.80091E-07  0.45535E-06  0.30916E-06
  0.29850E+03 -0.10370E-06  0.48945E-06  0.31094E-06
  0.29880E+03 -0.12674E-06  0.51501E-06  0.30954E-06
  0.29910E+03 -0.14903E-06  0.53158E-06  0.30503E-06
  0.29940E+03 -0.17036E-06  0.53884E-06  0.29750E-06
  0.29970E+03 -0.19048E-06  0.53665E-06  0.28709E-06
  0.30000E+03 -0.20917E-06  0.52504E-06  0.27391E-06
  0.30030E+03 -0.22615E-06  0.50418E-06  0.25811E-06
  0.30060E+03 -0.24116E-06  0.47440E-06  0.23981E-06
  0.30090E+03 -0.25395E-06  0.43616E-06  0.21919E-06
  0.30120E+03 -0.26429E-06  0.39002E-06  0.19642E-06
  0.30150E+03 -0.27195E-06  0.33664E-06  0.17173E-06
  0.30180E+03 -0.27676E-06  0.27671E-06  0.14538E-06
  0.30210E+03 -0.27854E-06  0.21100E-06  0.11768E-06
  0.30240E+03 -0.27717E-06  0.14031E-06  0.88965E-07
  0.30270E+03 -0.27249E-06  0.65484E-07  0.59632E-07
  0.30300E+03 -0.26443E-06 -0.12597E-07  0.30096E-07
  0.30330E+03 -0.25289E-06 -0.92999E-07  0.79837E-09
  0.30360E+03 -0.23787E-06 -0.17474E-06 -0.27814E-07
  0.30390E+03 -0.21940E-06 -0.25680E-06 -0.55302E-07
  0.30420E+03 -0.19762E-06 -0.33812E-06 -0.81248E-07
  0.30450E+03 -0.17271E-06 -0.41764E-06 -0.10527E-06
  0.30480E+03 -0.14496E-06 -0.49433E-06 -0.12706E-06
  0.30510E+03 -0.11470E-06 -0.56720E-06 -0.14633E-06
  0.30540E+03 -0.82300E-07 -0.63530E-06 -0.16290E-06
  0.30570E+03 -0.48188E-07 -0.69780E-06 -0.17663E-06
  0.30600E+03 -0.12804E-07 -0.75390E-06 -0.18742E-06
  0.30630E+03  0.23383E-07 -0.80291E-06 -0.19523E-06
  0.30660E+03  0.59876E-07 -0.84423E-06 -0.20001E-06
  0.30690E+03  0.96157E-07 -0.87735E-06 -0.20176E-06
