  0.00000E+00 -0.12686E-12 -0.49236E-13  0.11982E-13
  0.30000E+00 -0.12660E-11 -0.54010E-12  0.17721E-12
  0.60000E+00 -0.62928E-11 -0.29534E-11  0.93895E-12
  0.90000E+00 -0.21338E-10 -0.10828E-10  0.29490E-11
  0.12000E+01 -0.56689E-10 -0.30238E-10  0.68615E-11
  0.15000E+01 -0.12742E-09 -0.69195E-10  0.13612E-10
  0.18000E+01 -0.25373E-09 -0.13598E-09  0.24977E-10
  0.21000E+01 -0.46037E-09 -0.23684E-09  0.43348E-10
  0.24000E+01 -0.77524E-09 -0.37363E-09  0.70102E-10
  0.27000E+01 -0.12276E-08 -0.54212E-09  0.10326E-09
  0.30000E+01 -0.18475E-08 -0.73098E-09  0.13586E-09
  0.33000E+01 -0.26669E-08 -0.92157E-09  0.15613E-09
  0.36000E+01 -0.37220E-08 -0.10883E-08  0.14891E-09
  0.39000E+01 -0.50554E-08 -0.12006E-08  0.97651E-10
  0.42000E+01 -0.67173E-08 -0.12258E-08 -0.13598E-10
  0.45000E+01 -0.87648E-08 -0.11329E-08 -0.19842E-09
  0.48000E+01 -0.11258E-07 -0.89539E-09 -0.46736E-09
  0.51000E+01 -0.14252E-07 -0.49152E-09 -0.82901E-09
  0.54000E+01 -0.17792E-07  0.97173E-10 -0.12921E-08
  0.57000E+01 -0.21906E-07  0.88922E-09 -0.18675E-08
  0.60000E+01 -0.26603E-07  0.19057E-08 -0.25688E-08
  0.63000E+01 -0.31881E-07  0.31699E-08 -0.34103E-08
  0.66000E+01 -0.37726E-07  0.47052E-08 -0.44046E-08
  0.69000E+01 -0.44121E-07  0.65314E-08 -0.55586E-08
  0.72000E+01 -0.51040E-07  0.86613E-08 -0.68716E-08
  0.75000E+01 -0.58449E-07  0.11099E-07 -0.83354E-08
  0.78000E+01 -0.66306E-07  0.13836E-07 -0.99371E-08
  0.81000E+01 -0.74551E-07  0.16856E-07 -0.11661E-07
  0.84000E+01 -0.83107E-07  0.20133E-07 -0.13493E-07
  0.87000E+01 -0.91879E-07  0.23638E-07 -0.15415E-07
  0.90000E+01 -0.10075E-06  0.27339E-07 -0.17411E-07
  0.93000E+01 -0.10959E-06  0.31200E-07 -0.19462E-07
  0.96000E+01 -0.11825E-06  0.35186E-07 -0.21544E-07
  0.99000E+01 -0.12659E-06  0.39254E-07 -0.23630E-07
  0.10200E+02 -0.13444E-06  0.43355E-07 -0.25688E-07
  0.10500E+02 -0.14166E-06  0.47429E-07 -0.27678E-07
  0.10800E+02 -0.14809E-06  0.51406E-07 -0.29562E-07
  0.11100E+02 -0.15356E-06  0.55206E-07 -0.31298E-07
  0.11400E+02 -0.15792E-06  0.58741E-07 -0.32848E-07
  0.11700E+02 -0.16102E-06  0.61922E-07 -0.34173E-07
  0.12000E+02 -0.16270E-06  0.64661E-07 -0.35239E-07
  0.12300E+02 -0.16282E-06  0.66874E-07 -0.36012E-07
  0.12600E+02 -0.16124E-06  0.68484E-07 -0.36463E-07
  0.12900E+02 -0.15784E-06  0.69418E-07 -0.36562E-07
  0.13200E+02 -0.15249E-06  0.69606E-07 -0.36282E-07
  0.13500E+02 -0.14511E-06  0.68982E-07 -0.35597E-07
  0.13800E+02 -0.13562E-06  0.67482E-07 -0.34485E-07
  0.14100E+02 -0.12398E-06  0.65050E-07 -0.32920E-07
  0.14400E+02 -0.11015E-06  0.61635E-07 -0.30879E-07
  0.14700E+02 -0.94159E-07  0.57199E-07 -0.28341E-07
  0.15000E+02 -0.76023E-07  0.51717E-07 -0.25291E-07
  0.15300E+02 -0.55801E-07  0.45179E-07 -0.21721E-07
  0.15600E+02 -0.33572E-07  0.37591E-07 -0.17636E-07
  0.15900E+02 -0.94384E-08  0.28978E-07 -0.13051E-07
  0.16200E+02  0.16476E-07  0.19381E-07 -0.79904E-08
  0.16500E+02  0.44022E-07  0.88524E-08 -0.24871E-08
  0.16800E+02  0.73020E-07 -0.25417E-08  0.34190E-08
  0.17100E+02  0.10326E-06 -0.14728E-07  0.96825E-08
  0.17400E+02  0.13451E-06 -0.27624E-07  0.16254E-07
  0.17700E+02  0.16651E-06 -0.41139E-07  0.23081E-07
  0.18000E+02  0.19898E-06 -0.55168E-07  0.30107E-07
  0.18300E+02  0.23163E-06 -0.69592E-07  0.37272E-07
  0.18600E+02  0.26418E-06 -0.84280E-07  0.44511E-07
  0.18900E+02  0.29632E-06 -0.99088E-07  0.51752E-07
  0.19200E+02  0.32776E-06 -0.11387E-06  0.58919E-07
  0.19500E+02  0.35818E-06 -0.12845E-06  0.65933E-07
  0.19800E+02  0.38729E-06 -0.14269E-06  0.72716E-07
  0.20100E+02  0.41476E-06 -0.15642E-06  0.79196E-07
  0.20400E+02  0.44029E-06 -0.16949E-06  0.85305E-07
  0.20700E+02  0.46357E-06 -0.18173E-06  0.90983E-07
  0.21000E+02  0.48434E-06 -0.19298E-06  0.96178E-07
  0.21300E+02  0.50232E-06 -0.20311E-06  0.10084E-06
  0.21600E+02  0.51727E-06 -0.21196E-06  0.10490E-06
  0.21900E+02  0.52896E-06 -0.21939E-06  0.10832E-06
  0.22200E+02  0.53721E-06 -0.22525E-06  0.11103E-06
  0.22500E+02  0.54185E-06 -0.22944E-06  0.11298E-06
  0.22800E+02  0.54273E-06 -0.23184E-06  0.11412E-06
  0.23100E+02  0.53973E-06 -0.23236E-06  0.11440E-06
  0.23400E+02  0.53278E-06 -0.23093E-06  0.11381E-06
  0.23700E+02  0.52183E-06 -0.22751E-06  0.11232E-06
  0.24000E+02  0.50686E-06 -0.22207E-06  0.10993E-06
  0.24300E+02  0.48790E-06 -0.21460E-06  0.10664E-06
  0.24600E+02  0.46501E-06 -0.20512E-06  0.10247E-06
  0.24900E+02  0.43827E-06 -0.19366E-06  0.97439E-07
  0.25200E+02  0.40782E-06 -0.18025E-06  0.91561E-07
  0.25500E+02  0.37381E-06 -0.16498E-06  0.84871E-07
  0.25800E+02  0.33644E-06 -0.14792E-06  0.77414E-07
  0.26100E+02  0.29593E-06 -0.12921E-06  0.69243E-07
  0.26400E+02  0.25256E-06 -0.10897E-06  0.60421E-07
  0.26700E+02  0.20660E-06 -0.87369E-07  0.51018E-07
  0.27000E+02  0.15839E-06 -0.64563E-07  0.41112E-07
  0.27300E+02  0.10824E-06 -0.40728E-07  0.30779E-07
  0.27600E+02  0.56496E-07 -0.16044E-07  0.20103E-07
  0.27900E+02  0.35222E-08  0.92950E-08  0.91637E-08
  0.28200E+02 -0.50320E-07  0.35085E-07 -0.19549E-08
  0.28500E+02 -0.10465E-06  0.61110E-07 -0.13171E-07
  0.28800E+02 -0.15908E-06  0.87151E-07 -0.24401E-07
  0.29100E+02 -0.21322E-06  0.11299E-06 -0.35564E-07
  0.29400E+02 -0.26665E-06  0.13841E-06 -0.46577E-07
  0.29700E+02 -0.31897E-06  0.16320E-06 -0.57358E-07
  0.30000E+02 -0.36981E-06  0.18715E-06 -0.67824E-07
  0.30300E+02 -0.41878E-06  0.21008E-06 -0.77895E-07
  0.30600E+02 -0.46551E-06  0.23178E-06 -0.87495E-07
  0.30900E+02 -0.50968E-06  0.25208E-06 -0.96555E-07
  0.31200E+02 -0.55094E-06  0.27081E-06 -0.10502E-06
  0.31500E+02 -0.58902E-06  0.28779E-06 -0.11283E-06
  0.31800E+02 -0.62362E-06  0.30291E-06 -0.11996E-06
  0.32100E+02 -0.65450E-06  0.31602E-06 -0.12637E-06
  0.32400E+02 -0.68141E-06  0.32703E-06 -0.13207E-06
  0.32700E+02 -0.70414E-06  0.33587E-06 -0.13707E-06
  0.33000E+02 -0.72249E-06  0.34252E-06 -0.14138E-06
  0.33300E+02 -0.73631E-06  0.34696E-06 -0.14501E-06
  0.33600E+02 -0.74549E-06  0.34918E-06 -0.14794E-06
  0.33900E+02 -0.74997E-06  0.34920E-06 -0.15013E-06
  0.34200E+02 -0.74975E-06  0.34702E-06 -0.15156E-06
  0.34500E+02 -0.74488E-06  0.34264E-06 -0.15218E-06
  0.34800E+02 -0.73547E-06  0.33606E-06 -0.15192E-06
  0.35100E+02 -0.72170E-06  0.32725E-06 -0.15064E-06
  0.35400E+02 -0.70384E-06  0.31615E-06 -0.14822E-06
  0.35700E+02 -0.68220E-06  0.30269E-06 -0.14453E-06
  0.36000E+02 -0.65713E-06  0.28681E-06 -0.13948E-06
  0.36300E+02 -0.62895E-06  0.26850E-06 -0.13302E-06
  0.36600E+02 -0.59795E-06  0.24779E-06 -0.12521E-06
  0.36900E+02 -0.56436E-06  0.22484E-06 -0.11620E-06
  0.37200E+02 -0.52834E-06  0.19984E-06 -0.10613E-06
  0.37500E+02 -0.49006E-06  0.17305E-06 -0.95102E-07
  0.37800E+02 -0.44972E-06  0.14467E-06 -0.83179E-07
  0.38100E+02 -0.40752E-06  0.11493E-06 -0.70479E-07
  0.38400E+02 -0.36368E-06  0.84102E-07 -0.57165E-07
  0.38700E+02 -0.31839E-06  0.52469E-07 -0.43401E-07
  0.39000E+02 -0.27181E-06  0.20349E-07 -0.29327E-07
  0.39300E+02 -0.22415E-06 -0.11948E-07 -0.15085E-07
  0.39600E+02 -0.17558E-06 -0.44114E-07 -0.83013E-09
  0.39900E+02 -0.12628E-06 -0.75842E-07  0.13261E-07
  0.40200E+02 -0.76440E-07 -0.10682E-06  0.26998E-07
  0.40500E+02 -0.26222E-07 -0.13676E-06  0.40189E-07
  0.40800E+02  0.24193E-07 -0.16536E-06  0.52635E-07
  0.41100E+02  0.74622E-07 -0.19233E-06  0.64137E-07
  0.41400E+02  0.12488E-06 -0.21740E-06  0.74498E-07
  0.41700E+02  0.17476E-06 -0.24030E-06  0.83549E-07
  0.42000E+02  0.22407E-06 -0.26078E-06  0.91144E-07
  0.42300E+02  0.27256E-06 -0.27864E-06  0.97150E-07
  0.42600E+02  0.32000E-06 -0.29370E-06  0.10145E-06
  0.42900E+02  0.36613E-06 -0.30583E-06  0.10396E-06
  0.43200E+02  0.41068E-06 -0.31495E-06  0.10462E-06
  0.43500E+02  0.45336E-06 -0.32101E-06  0.10343E-06
  0.43800E+02  0.49390E-06 -0.32402E-06  0.10041E-06
  0.44100E+02  0.53199E-06 -0.32405E-06  0.95627E-07
  0.44400E+02  0.56731E-06 -0.32117E-06  0.89180E-07
  0.44700E+02  0.59953E-06 -0.31551E-06  0.81207E-07
  0.45000E+02  0.62833E-06 -0.30726E-06  0.71873E-07
  0.45300E+02  0.65337E-06 -0.29663E-06  0.61368E-07
  0.45600E+02  0.67435E-06 -0.28387E-06  0.49908E-07
  0.45900E+02  0.69100E-06 -0.26927E-06  0.37730E-07
  0.46200E+02  0.70309E-06 -0.25311E-06  0.25085E-07
  0.46500E+02  0.71041E-06 -0.23571E-06  0.12233E-07
  0.46800E+02  0.71281E-06 -0.21739E-06 -0.56228E-09
  0.47100E+02  0.71013E-06 -0.19848E-06 -0.13042E-07
  0.47400E+02  0.70227E-06 -0.17931E-06 -0.24940E-07
  0.47700E+02  0.68916E-06 -0.16024E-06 -0.35989E-07
  0.48000E+02  0.67077E-06 -0.14160E-06 -0.45922E-07
  0.48300E+02  0.64714E-06 -0.12371E-06 -0.54489E-07
  0.48600E+02  0.61833E-06 -0.10685E-06 -0.61471E-07
  0.48900E+02  0.58453E-06 -0.91280E-07 -0.66691E-07
  0.49200E+02  0.54598E-06 -0.77171E-07 -0.70017E-07
  0.49500E+02  0.50303E-06 -0.64636E-07 -0.71368E-07
  0.49800E+02  0.45612E-06 -0.53717E-07 -0.70712E-07
  0.50100E+02  0.40574E-06 -0.44376E-07 -0.68069E-07
  0.50400E+02  0.35251E-06 -0.36505E-07 -0.63510E-07
  0.50700E+02  0.29704E-06 -0.29920E-07 -0.57157E-07
  0.51000E+02  0.24006E-06 -0.24380E-07 -0.49177E-07
  0.51300E+02  0.18228E-06 -0.19584E-07 -0.39764E-07
  0.51600E+02  0.12447E-06 -0.15203E-07 -0.29127E-07
  0.51900E+02  0.67368E-07 -0.10894E-07 -0.17475E-07
  0.52200E+02  0.11673E-07 -0.63249E-08 -0.50036E-08
  0.52500E+02 -0.41977E-07 -0.11939E-08  0.81069E-08
  0.52800E+02 -0.93048E-07  0.47482E-08  0.21698E-07
  0.53100E+02 -0.14112E-06  0.11690E-07  0.35634E-07
  0.53400E+02 -0.18591E-06  0.19762E-07  0.49807E-07
  0.53700E+02 -0.22724E-06  0.29047E-07  0.64148E-07
  0.54000E+02 -0.26504E-06  0.39586E-07  0.78640E-07
  0.54300E+02 -0.29935E-06  0.51376E-07  0.93345E-07
  0.54600E+02 -0.33025E-06  0.64366E-07  0.10841E-06
  0.54900E+02 -0.35793E-06  0.78449E-07  0.12407E-06
  0.55200E+02 -0.38257E-06  0.93471E-07  0.14058E-06
  0.55500E+02 -0.40434E-06  0.10922E-06  0.15822E-06
  0.55800E+02 -0.42338E-06  0.12544E-06  0.17720E-06
  0.56100E+02 -0.43971E-06  0.14182E-06  0.19765E-06
  0.56400E+02 -0.45332E-06  0.15802E-06  0.21954E-06
  0.56700E+02 -0.46414E-06  0.17379E-06  0.24267E-06
  0.57000E+02 -0.47205E-06  0.18892E-06  0.26663E-06
  0.57300E+02 -0.47691E-06  0.20338E-06  0.29082E-06
  0.57600E+02 -0.47850E-06  0.21718E-06  0.31450E-06
  0.57900E+02 -0.47655E-06  0.23044E-06  0.33680E-06
  0.58200E+02 -0.47073E-06  0.24329E-06  0.35687E-06
  0.58500E+02 -0.46074E-06  0.25585E-06  0.37387E-06
  0.58800E+02 -0.44629E-06  0.26815E-06  0.38708E-06
  0.59100E+02 -0.42711E-06  0.28012E-06  0.39592E-06
  0.59400E+02 -0.40309E-06  0.29163E-06  0.39994E-06
  0.59700E+02 -0.37442E-06  0.30251E-06  0.39883E-06
  0.60000E+02 -0.34157E-06  0.31254E-06  0.39239E-06
  0.60300E+02 -0.30527E-06  0.32144E-06  0.38049E-06
  0.60600E+02 -0.26641E-06  0.32884E-06  0.36305E-06
  0.60900E+02 -0.22602E-06  0.33429E-06  0.34004E-06
  0.61200E+02 -0.18504E-06  0.33718E-06  0.31155E-06
  0.61500E+02 -0.14426E-06  0.33678E-06  0.27774E-06
  0.61800E+02 -0.10422E-06  0.33226E-06  0.23891E-06
  0.62100E+02 -0.65013E-07  0.32273E-06  0.19538E-06
  0.62400E+02 -0.26285E-07  0.30715E-06  0.14744E-06
  0.62700E+02  0.12565E-07  0.28462E-06  0.95311E-07
  0.63000E+02  0.52122E-07  0.25466E-06  0.39101E-07
  0.63300E+02  0.92831E-07  0.21733E-06 -0.21113E-07
  0.63600E+02  0.13500E-06  0.17306E-06 -0.85188E-07
  0.63900E+02  0.17888E-06  0.12245E-06 -0.15283E-06
  0.64200E+02  0.22466E-06  0.66108E-07 -0.22358E-06
  0.64500E+02  0.27251E-06  0.47084E-08 -0.29678E-06
  0.64800E+02  0.32247E-06 -0.60949E-07 -0.37160E-06
  0.65100E+02  0.37446E-06 -0.13000E-06 -0.44706E-06
  0.65400E+02  0.42830E-06 -0.20167E-06 -0.52204E-06
  0.65700E+02  0.48387E-06 -0.27545E-06 -0.59539E-06
  0.66000E+02  0.54106E-06 -0.35094E-06 -0.66596E-06
  0.66300E+02  0.59958E-06 -0.42776E-06 -0.73259E-06
  0.66600E+02  0.65891E-06 -0.50532E-06 -0.79417E-06
  0.66900E+02  0.71830E-06 -0.58283E-06 -0.84961E-06
  0.67200E+02  0.77686E-06 -0.65933E-06 -0.89799E-06
  0.67500E+02  0.83346E-06 -0.73376E-06 -0.93852E-06
  0.67800E+02  0.88670E-06 -0.80489E-06 -0.97063E-06
  0.68100E+02  0.93502E-06 -0.87133E-06 -0.99386E-06
  0.68400E+02  0.97679E-06 -0.93148E-06 -0.10079E-05
  0.68700E+02  0.10103E-05 -0.98350E-06 -0.10126E-05
  0.69000E+02  0.10336E-05 -0.10254E-05 -0.10078E-05
  0.69300E+02  0.10447E-05 -0.10550E-05 -0.99333E-06
  0.69600E+02  0.10414E-05 -0.10700E-05 -0.96926E-06
  0.69900E+02  0.10217E-05 -0.10683E-05 -0.93567E-06
  0.70200E+02  0.98380E-06 -0.10480E-05 -0.89275E-06
  0.70500E+02  0.92620E-06 -0.10077E-05 -0.84079E-06
  0.70800E+02  0.84787E-06 -0.94643E-06 -0.78017E-06
  0.71100E+02  0.74817E-06 -0.86376E-06 -0.71135E-06
  0.71400E+02  0.62687E-06 -0.75982E-06 -0.63490E-06
  0.71700E+02  0.48410E-06 -0.63521E-06 -0.55155E-06
  0.72000E+02  0.32039E-06 -0.49097E-06 -0.46220E-06
  0.72300E+02  0.13668E-06 -0.32856E-06 -0.36787E-06
  0.72600E+02 -0.65525E-07 -0.14989E-06 -0.26970E-06
  0.72900E+02 -0.28419E-06  0.42688E-07 -0.16886E-06
  0.73200E+02 -0.51677E-06  0.24628E-06 -0.66483E-07
  0.73500E+02 -0.76020E-06  0.45749E-06  0.36379E-07
  0.73800E+02 -0.10109E-05  0.67246E-06  0.13884E-06
  0.74100E+02 -0.12650E-05  0.88699E-06  0.24019E-06
  0.74400E+02 -0.15183E-05  0.10967E-05  0.33992E-06
  0.74700E+02 -0.17665E-05  0.12971E-05  0.43776E-06
  0.75000E+02 -0.20051E-05  0.14837E-05  0.53361E-06
  0.75300E+02 -0.22298E-05  0.16518E-05  0.62753E-06
  0.75600E+02 -0.24363E-05  0.17974E-05  0.71968E-06
  0.75900E+02 -0.26204E-05  0.19165E-05  0.81020E-06
  0.76200E+02 -0.27778E-05  0.20058E-05  0.89921E-06
  0.76500E+02 -0.29044E-05  0.20626E-05  0.98677E-06
  0.76800E+02 -0.29962E-05  0.20852E-05  0.10729E-05
  0.77100E+02 -0.30497E-05  0.20728E-05  0.11574E-05
  0.77400E+02 -0.30616E-05  0.20255E-05  0.12399E-05
  0.77700E+02 -0.30294E-05  0.19447E-05  0.13199E-05
  0.78000E+02 -0.29514E-05  0.18323E-05  0.13964E-05
  0.78300E+02 -0.28264E-05  0.16914E-05  0.14683E-05
  0.78600E+02 -0.26544E-05  0.15255E-05  0.15341E-05
  0.78900E+02 -0.24362E-05  0.13390E-05  0.15919E-05
  0.79200E+02 -0.21736E-05  0.11361E-05  0.16396E-05
  0.79500E+02 -0.18698E-05  0.92157E-06  0.16748E-05
  0.79800E+02 -0.15288E-05  0.69971E-06  0.16950E-05
  0.80100E+02 -0.11555E-05  0.47467E-06  0.16979E-05
  0.80400E+02 -0.75578E-06  0.25009E-06  0.16814E-05
  0.80700E+02 -0.33598E-06  0.29015E-07  0.16435E-05
  0.81000E+02  0.97101E-07 -0.18614E-06  0.15830E-05
  0.81300E+02  0.53645E-06 -0.39362E-06  0.14990E-05
  0.81600E+02  0.97501E-06 -0.59226E-06  0.13915E-05
  0.81900E+02  0.14059E-05 -0.78135E-06  0.12613E-05
  0.82200E+02  0.18225E-05 -0.96056E-06  0.11099E-05
  0.82500E+02  0.22188E-05 -0.11298E-05  0.93945E-06
  0.82800E+02  0.25892E-05 -0.12893E-05  0.75279E-06
  0.83100E+02  0.29290E-05 -0.14388E-05  0.55312E-06
  0.83400E+02  0.32339E-05 -0.15781E-05  0.34397E-06
  0.83700E+02  0.35004E-05 -0.17066E-05  0.12904E-06
  0.84000E+02  0.37257E-05 -0.18235E-05 -0.87948E-07
  0.84300E+02  0.39074E-05 -0.19273E-05 -0.30338E-06
  0.84600E+02  0.40436E-05 -0.20167E-05 -0.51391E-06
  0.84900E+02  0.41329E-05 -0.20899E-05 -0.71648E-06
  0.85200E+02  0.41742E-05 -0.21451E-05 -0.90843E-06
  0.85500E+02  0.41666E-05 -0.21805E-05 -0.10875E-05
  0.85800E+02  0.41101E-05 -0.21942E-05 -0.12518E-05
  0.86100E+02  0.40047E-05 -0.21846E-05 -0.13997E-05
  0.86400E+02  0.38516E-05 -0.21504E-05 -0.15300E-05
  0.86700E+02  0.36523E-05 -0.20906E-05 -0.16414E-05
  0.87000E+02  0.34091E-05 -0.20050E-05 -0.17329E-05
  0.87300E+02  0.31252E-05 -0.18935E-05 -0.18039E-05
  0.87600E+02  0.28043E-05 -0.17570E-05 -0.18534E-05
  0.87900E+02  0.24508E-05 -0.15966E-05 -0.18813E-05
  0.88200E+02  0.20697E-05 -0.14140E-05 -0.18873E-05
  0.88500E+02  0.16665E-05 -0.12113E-05 -0.18717E-05
  0.88800E+02  0.12472E-05 -0.99100E-06 -0.18352E-05
  0.89100E+02  0.81780E-06 -0.75566E-06 -0.17789E-05
  0.89400E+02  0.38469E-06 -0.50820E-06 -0.17042E-05
  0.89700E+02 -0.46069E-07 -0.25170E-06 -0.16130E-05
  0.90000E+02 -0.46868E-06  0.10673E-07 -0.15073E-05
  0.90300E+02 -0.87772E-06  0.27563E-06 -0.13894E-05
  0.90600E+02 -0.12683E-05  0.53983E-06 -0.12617E-05
  0.90900E+02 -0.16362E-05  0.79987E-06 -0.11267E-05
  0.91200E+02 -0.19775E-05  0.10523E-05 -0.98689E-06
  0.91500E+02 -0.22893E-05  0.12936E-05 -0.84446E-06
  0.91800E+02 -0.25689E-05  0.15203E-05 -0.70153E-06
  0.92100E+02 -0.28145E-05  0.17291E-05 -0.55993E-06
  0.92400E+02 -0.30246E-05  0.19170E-05 -0.42126E-06
  0.92700E+02 -0.31983E-05  0.20811E-05 -0.28691E-06
  0.93000E+02 -0.33351E-05  0.22189E-05 -0.15812E-06
  0.93300E+02 -0.34346E-05  0.23284E-05 -0.35957E-07
  0.93600E+02 -0.34969E-05  0.24081E-05  0.78576E-07
  0.93900E+02 -0.35222E-05  0.24569E-05  0.18458E-06
  0.94200E+02 -0.35109E-05  0.24745E-05  0.28124E-06
  0.94500E+02 -0.34637E-05  0.24608E-05  0.36784E-06
  0.94800E+02 -0.33816E-05  0.24164E-05  0.44376E-06
  0.95100E+02 -0.32658E-05  0.23420E-05  0.50852E-06
  0.95400E+02 -0.31179E-05  0.22389E-05  0.56179E-06
  0.95700E+02 -0.29399E-05  0.21087E-05  0.60348E-06
  0.96000E+02 -0.27340E-05  0.19533E-05  0.63379E-06
  0.96300E+02 -0.25031E-05  0.17746E-05  0.65320E-06
  0.96600E+02 -0.22502E-05  0.15751E-05  0.66247E-06
  0.96900E+02 -0.19788E-05  0.13573E-05  0.66254E-06
  0.97200E+02 -0.16927E-05  0.11240E-05  0.65455E-06
  0.97500E+02 -0.13956E-05  0.87815E-06  0.63974E-06
  0.97800E+02 -0.10913E-05  0.62302E-06  0.61942E-06
  0.98100E+02 -0.78361E-06  0.36189E-06  0.59493E-06
  0.98400E+02 -0.47612E-06  0.98141E-07  0.56761E-06
  0.98700E+02 -0.17227E-06 -0.16484E-06  0.53871E-06
  0.99000E+02  0.12473E-06 -0.42375E-06  0.50942E-06
  0.99300E+02  0.41201E-06 -0.67536E-06  0.48076E-06
  0.99600E+02  0.68697E-06 -0.91660E-06  0.45354E-06
  0.99900E+02  0.94728E-06 -0.11446E-05  0.42838E-06
  0.10020E+03  0.11908E-05 -0.13566E-05  0.40569E-06
  0.10050E+03  0.14155E-05 -0.15501E-05  0.38567E-06
  0.10080E+03  0.16197E-05 -0.17230E-05  0.36837E-06
  0.10110E+03  0.18016E-05 -0.18736E-05  0.35371E-06
  0.10140E+03  0.19597E-05 -0.20003E-05  0.34156E-06
  0.10170E+03  0.20929E-05 -0.21022E-05  0.33174E-06
  0.10200E+03  0.22002E-05 -0.21787E-05  0.32412E-06
  0.10230E+03  0.22808E-05 -0.22295E-05  0.31866E-06
  0.10260E+03  0.23342E-05 -0.22545E-05  0.31540E-06
  0.10290E+03  0.23601E-05 -0.22543E-05  0.31445E-06
  0.10320E+03  0.23587E-05 -0.22292E-05  0.31600E-06
  0.10350E+03  0.23303E-05 -0.21803E-05  0.32022E-06
  0.10380E+03  0.22756E-05 -0.21084E-05  0.32725E-06
  0.10410E+03  0.21959E-05 -0.20148E-05  0.33712E-06
  0.10440E+03  0.20925E-05 -0.19008E-05  0.34971E-06
  0.10470E+03  0.19675E-05 -0.17677E-05  0.36477E-06
  0.10500E+03  0.18230E-05 -0.16169E-05  0.38184E-06
  0.10530E+03  0.16615E-05 -0.14499E-05  0.40034E-06
  0.10560E+03  0.14857E-05 -0.12681E-05  0.41957E-06
  0.10590E+03  0.12985E-05 -0.10732E-05  0.43878E-06
  0.10620E+03  0.11027E-05 -0.86695E-06  0.45721E-06
  0.10650E+03  0.90151E-06 -0.65148E-06  0.47408E-06
  0.10680E+03  0.69789E-06 -0.42928E-06  0.48871E-06
  0.10710E+03  0.49480E-06 -0.20311E-06  0.50045E-06
  0.10740E+03  0.29505E-06  0.23960E-07  0.50872E-06
  0.10770E+03  0.10122E-06  0.24873E-06  0.51302E-06
  0.10800E+03 -0.84451E-07  0.46801E-06  0.51294E-06
  0.10830E+03 -0.26007E-06  0.67873E-06  0.50820E-06
  0.10860E+03 -0.42414E-06  0.87816E-06  0.49860E-06
  0.10890E+03 -0.57552E-06  0.10640E-05  0.48404E-06
  0.10920E+03 -0.71340E-06  0.12342E-05  0.46455E-06
  0.10950E+03 -0.83726E-06  0.13875E-05  0.44025E-06
  0.10980E+03 -0.94675E-06  0.15229E-05  0.41133E-06
  0.11010E+03 -0.10417E-05  0.16397E-05  0.37803E-06
  0.11040E+03 -0.11220E-05  0.17376E-05  0.34062E-06
  0.11070E+03 -0.11876E-05  0.18165E-05  0.29939E-06
  0.11100E+03 -0.12386E-05  0.18766E-05  0.25460E-06
  0.11130E+03 -0.12752E-05  0.19179E-05  0.20649E-06
  0.11160E+03 -0.12975E-05  0.19408E-05  0.15527E-06
  0.11190E+03 -0.13059E-05  0.19454E-05  0.10114E-06
  0.11220E+03 -0.13007E-05  0.19320E-05  0.44266E-07
  0.11250E+03 -0.12823E-05  0.19008E-05 -0.15193E-07
  0.11280E+03 -0.12513E-05  0.18523E-05 -0.77066E-07
  0.11310E+03 -0.12084E-05  0.17869E-05 -0.14116E-06
  0.11340E+03 -0.11542E-05  0.17053E-05 -0.20724E-06
  0.11370E+03 -0.10894E-05  0.16086E-05 -0.27503E-06
  0.11400E+03 -0.10151E-05  0.14979E-05 -0.34424E-06
  0.11430E+03 -0.93205E-06  0.13744E-05 -0.41452E-06
  0.11460E+03 -0.84137E-06  0.12398E-05 -0.48548E-06
  0.11490E+03 -0.74405E-06  0.10954E-05 -0.55667E-06
  0.11520E+03 -0.64113E-06  0.94276E-06 -0.62757E-06
  0.11550E+03 -0.53372E-06  0.78343E-06 -0.69756E-06
  0.11580E+03 -0.42290E-06  0.61880E-06 -0.76598E-06
  0.11610E+03 -0.30979E-06  0.45026E-06 -0.83205E-06
  0.11640E+03 -0.19554E-06  0.27919E-06 -0.89494E-06
  0.11670E+03 -0.81295E-07  0.10706E-06 -0.95375E-06
  0.11700E+03  0.31759E-07 -0.64589E-07 -0.10076E-05
  0.11730E+03  0.14241E-06 -0.23411E-06 -0.10555E-05
  0.11760E+03  0.24943E-06 -0.39975E-06 -0.10967E-05
  0.11790E+03  0.35155E-06 -0.55974E-06 -0.11304E-05
  0.11820E+03  0.44752E-06 -0.71231E-06 -0.11561E-05
  0.11850E+03  0.53614E-06 -0.85573E-06 -0.11733E-05
  0.11880E+03  0.61629E-06 -0.98844E-06 -0.11817E-05
  0.11910E+03  0.68701E-06 -0.11090E-05 -0.11812E-05
  0.11940E+03  0.74755E-06 -0.12162E-05 -0.11715E-05
  0.11970E+03  0.79736E-06 -0.13090E-05 -0.11526E-05
  0.12000E+03  0.83615E-06 -0.13866E-05 -0.11244E-05
  0.12030E+03  0.86384E-06 -0.14485E-05 -0.10870E-05
  0.12060E+03  0.88057E-06 -0.14943E-05 -0.10403E-05
  0.12090E+03  0.88660E-06 -0.15236E-05 -0.98445E-06
  0.12120E+03  0.88231E-06 -0.15365E-05 -0.91959E-06
  0.12150E+03  0.86808E-06 -0.15329E-05 -0.84604E-06
  0.12180E+03  0.84433E-06 -0.15131E-05 -0.76423E-06
  0.12210E+03  0.81143E-06 -0.14773E-05 -0.67472E-06
  0.12240E+03  0.76977E-06 -0.14262E-05 -0.57818E-06
  0.12270E+03  0.71973E-06 -0.13604E-05 -0.47535E-06
  0.12300E+03  0.66172E-06 -0.12808E-05 -0.36710E-06
  0.12330E+03  0.59620E-06 -0.11884E-05 -0.25436E-06
  0.12360E+03  0.52371E-06 -0.10847E-05 -0.13814E-06
  0.12390E+03  0.44489E-06 -0.97105E-06 -0.19496E-07
  0.12420E+03  0.36042E-06 -0.84914E-06  0.10050E-06
  0.12450E+03  0.27106E-06 -0.72063E-06  0.22076E-06
  0.12480E+03  0.17766E-06 -0.58726E-06  0.34023E-06
  0.12510E+03  0.81155E-07 -0.45079E-06  0.45789E-06
  0.12540E+03 -0.17383E-07 -0.31299E-06  0.57272E-06
  0.12570E+03 -0.11675E-06 -0.17554E-06  0.68372E-06
  0.12600E+03 -0.21558E-06 -0.40011E-07  0.78990E-06
  0.12630E+03 -0.31243E-06  0.92091E-07  0.89029E-06
  0.12660E+03 -0.40576E-06  0.21937E-06  0.98390E-06
  0.12690E+03 -0.49409E-06  0.34050E-06  0.10698E-05
  0.12720E+03 -0.57598E-06  0.45421E-06  0.11471E-05
  0.12750E+03 -0.65018E-06  0.55930E-06  0.12151E-05
  0.12780E+03 -0.71557E-06  0.65464E-06  0.12729E-05
  0.12810E+03 -0.77127E-06  0.73919E-06  0.13201E-05
  0.12840E+03 -0.81657E-06  0.81202E-06  0.13562E-05
  0.12870E+03 -0.85099E-06  0.87235E-06  0.13808E-05
  0.12900E+03 -0.87417E-06  0.91960E-06  0.13940E-05
  0.12930E+03 -0.88591E-06  0.95340E-06  0.13956E-05
  0.12960E+03 -0.88607E-06  0.97361E-06  0.13858E-05
  0.12990E+03 -0.87462E-06  0.98033E-06  0.13646E-05
  0.13020E+03 -0.85156E-06  0.97385E-06  0.13325E-05
  0.13050E+03 -0.81700E-06  0.95465E-06  0.12895E-05
  0.13080E+03 -0.77114E-06  0.92337E-06  0.12361E-05
  0.13110E+03 -0.71433E-06  0.88078E-06  0.11727E-05
  0.13140E+03 -0.64714E-06  0.82777E-06  0.10998E-05
  0.13170E+03 -0.57038E-06  0.76531E-06  0.10180E-05
  0.13200E+03 -0.48510E-06  0.69443E-06  0.92831E-06
  0.13230E+03 -0.39257E-06  0.61621E-06  0.83160E-06
  0.13260E+03 -0.29423E-06  0.53174E-06  0.72907E-06
  0.13290E+03 -0.19160E-06  0.44212E-06  0.62198E-06
  0.13320E+03 -0.86262E-07  0.34848E-06  0.51161E-06
  0.13350E+03  0.20170E-07  0.25194E-06  0.39927E-06
  0.13380E+03  0.12615E-06  0.15367E-06  0.28617E-06
  0.13410E+03  0.23024E-06  0.54886E-07  0.17344E-06
  0.13440E+03  0.33116E-06 -0.43133E-07  0.62045E-07
  0.13470E+03  0.42780E-06 -0.13907E-06 -0.47142E-07
  0.13500E+03  0.51921E-06 -0.23158E-06 -0.15339E-06
  0.13530E+03  0.60461E-06 -0.31936E-06 -0.25604E-06
  0.13560E+03  0.68329E-06 -0.40111E-06 -0.35452E-06
  0.13590E+03  0.75460E-06 -0.47567E-06 -0.44827E-06
  0.13620E+03  0.81794E-06 -0.54203E-06 -0.53674E-06
  0.13650E+03  0.87270E-06 -0.59937E-06 -0.61936E-06
  0.13680E+03  0.91832E-06 -0.64710E-06 -0.69560E-06
  0.13710E+03  0.95430E-06 -0.68487E-06 -0.76496E-06
  0.13740E+03  0.98023E-06 -0.71253E-06 -0.82701E-06
  0.13770E+03  0.99580E-06 -0.73010E-06 -0.88137E-06
  0.13800E+03  0.10009E-05 -0.73768E-06 -0.92774E-06
  0.13830E+03  0.99540E-06 -0.73547E-06 -0.96592E-06
  0.13860E+03  0.97956E-06 -0.72369E-06 -0.99576E-06
  0.13890E+03  0.95357E-06 -0.70262E-06 -0.10172E-05
  0.13920E+03  0.91777E-06 -0.67262E-06 -0.10303E-05
  0.13950E+03  0.87258E-06 -0.63412E-06 -0.10353E-05
  0.13980E+03  0.81848E-06 -0.58774E-06 -0.10322E-05
  0.14010E+03  0.75602E-06 -0.53422E-06 -0.10215E-05
  0.14040E+03  0.68579E-06 -0.47444E-06 -0.10035E-05
  0.14070E+03  0.60845E-06 -0.40940E-06 -0.97849E-06
  0.14100E+03  0.52467E-06 -0.34017E-06 -0.94695E-06
  0.14130E+03  0.43521E-06 -0.26788E-06 -0.90916E-06
  0.14160E+03  0.34088E-06 -0.19365E-06 -0.86541E-06
  0.14190E+03  0.24260E-06 -0.11853E-06 -0.81600E-06
  0.14220E+03  0.14137E-06 -0.43448E-07 -0.76127E-06
  0.14250E+03  0.38296E-07  0.30797E-07 -0.70163E-06
  0.14280E+03 -0.65410E-07  0.10359E-06 -0.63759E-06
  0.14310E+03 -0.16849E-06  0.17445E-06 -0.56977E-06
  0.14340E+03 -0.26968E-06  0.24301E-06 -0.49892E-06
  0.14370E+03 -0.36773E-06  0.30896E-06 -0.42584E-06
  0.14400E+03 -0.46150E-06  0.37206E-06 -0.35142E-06
  0.14430E+03 -0.55000E-06  0.43201E-06 -0.27656E-06
  0.14460E+03 -0.63243E-06  0.48852E-06 -0.20211E-06
  0.14490E+03 -0.70817E-06  0.54123E-06 -0.12887E-06
  0.14520E+03 -0.77677E-06  0.58970E-06 -0.57512E-07
  0.14550E+03 -0.83795E-06  0.63348E-06  0.11435E-07
  0.14580E+03 -0.89155E-06  0.67211E-06  0.77580E-07
  0.14610E+03 -0.93747E-06  0.70509E-06  0.14066E-06
  0.14640E+03 -0.97567E-06  0.73195E-06  0.20052E-06
  0.14670E+03 -0.10060E-05  0.75224E-06  0.25702E-06
  0.14700E+03 -0.10284E-05  0.76556E-06  0.31004E-06
  0.14730E+03 -0.10426E-05  0.77159E-06  0.35941E-06
  0.14760E+03 -0.10482E-05  0.77013E-06  0.40491E-06
  0.14790E+03 -0.10450E-05  0.76109E-06  0.44623E-06
  0.14820E+03 -0.10326E-05  0.74446E-06  0.48300E-06
  0.14850E+03 -0.10107E-05  0.72035E-06  0.51477E-06
  0.14880E+03 -0.97903E-06  0.68893E-06  0.54106E-06
  0.14910E+03 -0.93771E-06  0.65041E-06  0.56141E-06
  0.14940E+03 -0.88697E-06  0.60505E-06  0.57541E-06
  0.14970E+03 -0.82735E-06  0.55314E-06  0.58276E-06
  0.15000E+03 -0.75961E-06  0.49505E-06  0.58335E-06
  0.15030E+03 -0.68477E-06  0.43124E-06  0.57722E-06
  0.15060E+03 -0.60394E-06  0.36228E-06  0.56465E-06
  0.15090E+03 -0.51836E-06  0.28889E-06  0.54608E-06
  0.15120E+03 -0.42926E-06  0.21192E-06  0.52219E-06
  0.15150E+03 -0.33778E-06  0.13238E-06  0.49377E-06
  0.15180E+03 -0.24498E-06  0.51378E-07  0.46174E-06
  0.15210E+03 -0.15175E-06 -0.29867E-07  0.42705E-06
  0.15240E+03 -0.58803E-07 -0.11010E-06  0.39062E-06
  0.15270E+03  0.33236E-07 -0.18808E-06  0.35335E-06
  0.15300E+03  0.12384E-06 -0.26260E-06  0.31603E-06
  0.15330E+03  0.21248E-06 -0.33261E-06  0.27935E-06
  0.15360E+03  0.29864E-06 -0.39719E-06  0.24384E-06
  0.15390E+03  0.38170E-06 -0.45564E-06  0.20992E-06
  0.15420E+03  0.46097E-06 -0.50742E-06  0.17787E-06
  0.15450E+03  0.53568E-06 -0.55220E-06  0.14785E-06
  0.15480E+03  0.60502E-06 -0.58980E-06  0.11995E-06
  0.15510E+03  0.66814E-06 -0.62017E-06  0.94203E-07
  0.15540E+03  0.72431E-06 -0.64339E-06  0.70627E-07
  0.15570E+03  0.77288E-06 -0.65960E-06  0.49223E-07
  0.15600E+03  0.81338E-06 -0.66904E-06  0.29982E-07
  0.15630E+03  0.84547E-06 -0.67198E-06  0.12891E-07
  0.15660E+03  0.86901E-06 -0.66877E-06 -0.20778E-08
  0.15690E+03  0.88393E-06 -0.65977E-06 -0.14964E-07
  0.15720E+03  0.89033E-06 -0.64538E-06 -0.25820E-07
  0.15750E+03  0.88836E-06 -0.62601E-06 -0.34710E-07
  0.15780E+03  0.87828E-06 -0.60211E-06 -0.41712E-07
  0.15810E+03  0.86043E-06 -0.57412E-06 -0.46918E-07
  0.15840E+03  0.83518E-06 -0.54249E-06 -0.50442E-07
  0.15870E+03  0.80298E-06 -0.50759E-06 -0.52424E-07
  0.15900E+03  0.76430E-06 -0.46975E-06 -0.53045E-07
  0.15930E+03  0.71968E-06 -0.42923E-06 -0.52542E-07
  0.15960E+03  0.66970E-06 -0.38623E-06 -0.51205E-07
  0.15990E+03  0.61500E-06 -0.34091E-06 -0.49372E-07
  0.16020E+03  0.55631E-06 -0.29343E-06 -0.47406E-07
  0.16050E+03  0.49439E-06 -0.24399E-06 -0.45658E-07
  0.16080E+03  0.43008E-06 -0.19287E-06 -0.44446E-07
  0.16110E+03  0.36428E-06 -0.14047E-06 -0.44034E-07
  0.16140E+03  0.29788E-06 -0.87318E-07 -0.44620E-07
  0.16170E+03  0.23176E-06 -0.34066E-07 -0.46338E-07
  0.16200E+03  0.16672E-06  0.18526E-07 -0.49264E-07
  0.16230E+03  0.10350E-06  0.69623E-07 -0.53425E-07
  0.16260E+03  0.42694E-07  0.11836E-06 -0.58806E-07
  0.16290E+03 -0.15205E-07  0.16386E-06 -0.65352E-07
  0.16320E+03 -0.69847E-07  0.20532E-06 -0.72966E-07
  0.16350E+03 -0.12101E-06  0.24201E-06 -0.81507E-07
  0.16380E+03 -0.16861E-06  0.27333E-06 -0.90789E-07
  0.16410E+03 -0.21265E-06  0.29884E-06 -0.10058E-06
  0.16440E+03 -0.25319E-06  0.31829E-06 -0.11065E-06
  0.16470E+03 -0.29032E-06  0.33162E-06 -0.12075E-06
  0.16500E+03 -0.32409E-06  0.33896E-06 -0.13068E-06
  0.16530E+03 -0.35449E-06  0.34063E-06 -0.14027E-06
  0.16560E+03 -0.38148E-06  0.33704E-06 -0.14942E-06
  0.16590E+03 -0.40495E-06  0.32872E-06 -0.15804E-06
  0.16620E+03 -0.42472E-06  0.31621E-06 -0.16607E-06
  0.16650E+03 -0.44059E-06  0.30007E-06 -0.17346E-06
  0.16680E+03 -0.45233E-06  0.28082E-06 -0.18017E-06
  0.16710E+03 -0.45972E-06  0.25893E-06 -0.18616E-06
  0.16740E+03 -0.46254E-06  0.23478E-06 -0.19139E-06
  0.16770E+03 -0.46066E-06  0.20870E-06 -0.19579E-06
  0.16800E+03 -0.45401E-06  0.18094E-06 -0.19930E-06
  0.16830E+03 -0.44266E-06  0.15175E-06 -0.20186E-06
  0.16860E+03 -0.42677E-06  0.12137E-06 -0.20344E-06
  0.16890E+03 -0.40666E-06  0.90114E-07 -0.20402E-06
  0.16920E+03 -0.38277E-06  0.58370E-07 -0.20359E-06
  0.16950E+03 -0.35564E-06  0.26611E-07 -0.20213E-06
  0.16980E+03 -0.32590E-06 -0.45964E-08 -0.19965E-06
  0.17010E+03 -0.29422E-06 -0.34614E-07 -0.19609E-06
  0.17040E+03 -0.26134E-06 -0.62766E-07 -0.19143E-06
  0.17070E+03 -0.22800E-06 -0.88385E-07 -0.18556E-06
  0.17100E+03 -0.19491E-06 -0.11085E-06 -0.17838E-06
  0.17130E+03 -0.16273E-06 -0.12965E-06 -0.16971E-06
  0.17160E+03 -0.13203E-06 -0.14436E-06 -0.15938E-06
  0.17190E+03 -0.10327E-06 -0.15475E-06 -0.14717E-06
  0.17220E+03 -0.76797E-07 -0.16068E-06 -0.13287E-06
  0.17250E+03 -0.52869E-07 -0.16216E-06 -0.11628E-06
  0.17280E+03 -0.31638E-07 -0.15929E-06 -0.97221E-07
  0.17310E+03 -0.13197E-07 -0.15226E-06 -0.75580E-07
  0.17340E+03  0.23990E-08 -0.14125E-06 -0.51345E-07
  0.17370E+03  0.15106E-07 -0.12647E-06 -0.24611E-07
  0.17400E+03  0.24878E-07 -0.10812E-06  0.44004E-08
  0.17430E+03  0.31660E-07 -0.86379E-07  0.35338E-07
  0.17460E+03  0.35394E-07 -0.61430E-07  0.67724E-07
  0.17490E+03  0.36035E-07 -0.33485E-07  0.10097E-06
  0.17520E+03  0.33561E-07 -0.28113E-08  0.13444E-06
  0.17550E+03  0.27993E-07  0.30229E-07  0.16745E-06
  0.17580E+03  0.19399E-07  0.65160E-07  0.19935E-06
  0.17610E+03  0.79170E-08  0.10138E-06  0.22954E-06
  0.17640E+03 -0.62229E-08  0.13817E-06  0.25754E-06
  0.17670E+03 -0.22681E-07  0.17473E-06  0.28291E-06
  0.17700E+03 -0.40992E-07  0.21020E-06  0.30536E-06
  0.17730E+03 -0.60574E-07  0.24374E-06  0.32464E-06
  0.17760E+03 -0.80747E-07  0.27450E-06  0.34057E-06
  0.17790E+03 -0.10078E-06  0.30173E-06  0.35302E-06
  0.17820E+03 -0.11994E-06  0.32475E-06  0.36188E-06
  0.17850E+03 -0.13753E-06  0.34300E-06  0.36706E-06
  0.17880E+03 -0.15292E-06  0.35605E-06  0.36851E-06
  0.17910E+03 -0.16556E-06  0.36360E-06  0.36616E-06
  0.17940E+03 -0.17501E-06  0.36550E-06  0.36001E-06
  0.17970E+03 -0.18096E-06  0.36173E-06  0.35007E-06
  0.18000E+03 -0.18321E-06  0.35236E-06  0.33640E-06
  0.18030E+03 -0.18165E-06  0.33761E-06  0.31911E-06
  0.18060E+03 -0.17626E-06  0.31774E-06  0.29833E-06
  0.18090E+03 -0.16705E-06  0.29309E-06  0.27425E-06
  0.18120E+03 -0.15410E-06  0.26404E-06  0.24706E-06
  0.18150E+03 -0.13748E-06  0.23101E-06  0.21698E-06
  0.18180E+03 -0.11729E-06  0.19443E-06  0.18422E-06
  0.18210E+03 -0.93652E-07  0.15481E-06  0.14904E-06
  0.18240E+03 -0.66713E-07  0.11273E-06  0.11169E-06
  0.18270E+03 -0.36660E-07  0.68856E-07  0.72457E-07
  0.18300E+03 -0.37545E-08  0.23933E-07  0.31668E-07
  0.18330E+03  0.31647E-07 -0.21218E-07 -0.10280E-07
  0.18360E+03  0.69075E-07 -0.65735E-07 -0.52914E-07
  0.18390E+03  0.10796E-06 -0.10875E-06 -0.95675E-07
  0.18420E+03  0.14764E-06 -0.14943E-06 -0.13792E-06
  0.18450E+03  0.18744E-06 -0.18707E-06 -0.17896E-06
  0.18480E+03  0.22667E-06 -0.22107E-06 -0.21806E-06
  0.18510E+03  0.26468E-06 -0.25104E-06 -0.25450E-06
  0.18540E+03  0.30091E-06 -0.27677E-06 -0.28765E-06
  0.18570E+03  0.33487E-06 -0.29823E-06 -0.31692E-06
  0.18600E+03  0.36614E-06 -0.31552E-06 -0.34188E-06
  0.18630E+03  0.39439E-06 -0.32888E-06 -0.36219E-06
  0.18660E+03  0.41936E-06 -0.33859E-06 -0.37767E-06
  0.18690E+03  0.44082E-06 -0.34496E-06 -0.38825E-06
  0.18720E+03  0.45862E-06 -0.34826E-06 -0.39396E-06
  0.18750E+03  0.47264E-06 -0.34867E-06 -0.39497E-06
  0.18780E+03  0.48280E-06 -0.34631E-06 -0.39151E-06
  0.18810E+03  0.48904E-06 -0.34123E-06 -0.38389E-06
  0.18840E+03  0.49133E-06 -0.33345E-06 -0.37244E-06
  0.18870E+03  0.48966E-06 -0.32299E-06 -0.35751E-06
  0.18900E+03  0.48400E-06 -0.30987E-06 -0.33945E-06
  0.18930E+03  0.47435E-06 -0.29419E-06 -0.31857E-06
  0.18960E+03  0.46074E-06 -0.27603E-06 -0.29518E-06
  0.18990E+03  0.44317E-06 -0.25552E-06 -0.26953E-06
  0.19020E+03  0.42165E-06 -0.23276E-06 -0.24183E-06
  0.19050E+03  0.39616E-06 -0.20788E-06 -0.21230E-06
  0.19080E+03  0.36665E-06 -0.18103E-06 -0.18115E-06
  0.19110E+03  0.33306E-06 -0.15241E-06 -0.14859E-06
  0.19140E+03  0.29537E-06 -0.12224E-06 -0.11489E-06
  0.19170E+03  0.25358E-06 -0.90854E-07 -0.80340E-07
  0.19200E+03  0.20781E-06 -0.58613E-07 -0.45316E-07
  0.19230E+03  0.15834E-06 -0.25965E-07 -0.10240E-07
  0.19260E+03  0.10559E-06  0.66013E-08  0.24413E-07
  0.19290E+03  0.50156E-07  0.38582E-07  0.58134E-07
  0.19320E+03 -0.71710E-08  0.69484E-07  0.90411E-07
  0.19350E+03 -0.65489E-07  0.98857E-07  0.12076E-06
  0.19380E+03 -0.12381E-06  0.12631E-06  0.14874E-06
  0.19410E+03 -0.18110E-06  0.15155E-06  0.17399E-06
  0.19440E+03 -0.23639E-06  0.17434E-06  0.19624E-06
  0.19470E+03 -0.28872E-06  0.19452E-06  0.21528E-06
  0.19500E+03 -0.33730E-06  0.21195E-06  0.23101E-06
  0.19530E+03 -0.38143E-06  0.22651E-06  0.24339E-06
  0.19560E+03 -0.42058E-06  0.23810E-06  0.25250E-06
  0.19590E+03 -0.45437E-06  0.24659E-06  0.25849E-06
  0.19620E+03 -0.48252E-06  0.25187E-06  0.26157E-06
  0.19650E+03 -0.50490E-06  0.25384E-06  0.26205E-06
  0.19680E+03 -0.52142E-06  0.25241E-06  0.26027E-06
  0.19710E+03 -0.53205E-06  0.24756E-06  0.25660E-06
  0.19740E+03 -0.53679E-06  0.23930E-06  0.25138E-06
  0.19770E+03 -0.53562E-06  0.22772E-06  0.24496E-06
  0.19800E+03 -0.52851E-06  0.21300E-06  0.23760E-06
  0.19830E+03 -0.51544E-06  0.19539E-06  0.22953E-06
  0.19860E+03 -0.49638E-06  0.17519E-06  0.22089E-06
  0.19890E+03 -0.47134E-06  0.15277E-06  0.21177E-06
  0.19920E+03 -0.44042E-06  0.12853E-06  0.20221E-06
  0.19950E+03 -0.40379E-06  0.10290E-06  0.19225E-06
  0.19980E+03 -0.36177E-06  0.76290E-07  0.18193E-06
  0.20010E+03 -0.31481E-06  0.49128E-07  0.17134E-06
  0.20040E+03 -0.26351E-06  0.21801E-07  0.16061E-06
  0.20070E+03 -0.20864E-06 -0.53476E-08  0.14993E-06
  0.20100E+03 -0.15110E-06 -0.32023E-07  0.13954E-06
  0.20130E+03 -0.91918E-07 -0.57978E-07  0.12967E-06
  0.20160E+03 -0.32180E-07 -0.83005E-07  0.12057E-06
  0.20190E+03  0.27010E-07 -0.10693E-06  0.11245E-06
  0.20220E+03  0.84583E-07 -0.12959E-06  0.10542E-06
  0.20250E+03  0.13955E-06 -0.15084E-06  0.99558E-07
  0.20280E+03  0.19102E-06 -0.17051E-06  0.94828E-07
  0.20310E+03  0.23822E-06 -0.18845E-06  0.91129E-07
  0.20340E+03  0.28048E-06 -0.20449E-06  0.88289E-07
  0.20370E+03  0.31724E-06 -0.21850E-06  0.86091E-07
  0.20400E+03  0.34801E-06 -0.23041E-06  0.84286E-07
  0.20430E+03  0.37238E-06 -0.24017E-06  0.82624E-07
  0.20460E+03  0.39001E-06 -0.24779E-06  0.80862E-07
  0.20490E+03  0.40063E-06 -0.25332E-06  0.78775E-07
  0.20520E+03  0.40404E-06 -0.25685E-06  0.76144E-07
  0.20550E+03  0.40016E-06 -0.25844E-06  0.72752E-07
  0.20580E+03  0.38901E-06 -0.25815E-06  0.68371E-07
  0.20610E+03  0.37075E-06 -0.25599E-06  0.62755E-07
  0.20640E+03  0.34565E-06 -0.25191E-06  0.55647E-07
  0.20670E+03  0.31411E-06 -0.24580E-06  0.46775E-07
  0.20700E+03  0.27661E-06 -0.23754E-06  0.35866E-07
  0.20730E+03  0.23376E-06 -0.22694E-06  0.22655E-07
  0.20760E+03  0.18623E-06 -0.21385E-06  0.68946E-08
  0.20790E+03  0.13478E-06 -0.19812E-06 -0.11620E-07
  0.20820E+03  0.80246E-07 -0.17963E-06 -0.33037E-07
  0.20850E+03  0.23496E-07 -0.15834E-06 -0.57415E-07
  0.20880E+03 -0.34566E-07 -0.13426E-06 -0.84704E-07
  0.20910E+03 -0.93028E-07 -0.10750E-06 -0.11472E-06
  0.20940E+03 -0.15099E-06 -0.78283E-07 -0.14714E-06
  0.20970E+03 -0.20756E-06 -0.46905E-07 -0.18149E-06
  0.21000E+03 -0.26186E-06 -0.13761E-07 -0.21718E-06
  0.21030E+03 -0.31305E-06  0.20703E-07 -0.25352E-06
  0.21060E+03 -0.36028E-06  0.56015E-07 -0.28977E-06
  0.21090E+03 -0.40278E-06  0.91704E-07 -0.32515E-06
  0.21120E+03 -0.43981E-06  0.12733E-06 -0.35893E-06
  0.21150E+03 -0.47076E-06  0.16247E-06 -0.39040E-06
  0.21180E+03 -0.49510E-06  0.19674E-06 -0.41892E-06
  0.21210E+03 -0.51244E-06  0.22979E-06 -0.44390E-06
  0.21240E+03 -0.52254E-06  0.26123E-06 -0.46488E-06
  0.21270E+03 -0.52529E-06  0.29070E-06 -0.48143E-06
  0.21300E+03 -0.52074E-06  0.31781E-06 -0.49328E-06
  0.21330E+03 -0.50904E-06  0.34213E-06 -0.50022E-06
  0.21360E+03 -0.49047E-06  0.36328E-06 -0.50216E-06
  0.21390E+03 -0.46536E-06  0.38085E-06 -0.49912E-06
  0.21420E+03 -0.43410E-06  0.39454E-06 -0.49124E-06
  0.21450E+03 -0.39709E-06  0.40406E-06 -0.47871E-06
  0.21480E+03 -0.35477E-06  0.40925E-06 -0.46185E-06
  0.21510E+03 -0.30758E-06  0.40999E-06 -0.44102E-06
  0.21540E+03 -0.25599E-06  0.40626E-06 -0.41663E-06
  0.21570E+03 -0.20048E-06  0.39810E-06 -0.38911E-06
  0.21600E+03 -0.14158E-06  0.38562E-06 -0.35888E-06
  0.21630E+03 -0.79865E-07  0.36897E-06 -0.32635E-06
  0.21660E+03 -0.15950E-07  0.34838E-06 -0.29188E-06
  0.21690E+03  0.49482E-07  0.32409E-06 -0.25576E-06
  0.21720E+03  0.11570E-06  0.29642E-06 -0.21827E-06
  0.21750E+03  0.18196E-06  0.26572E-06 -0.17958E-06
  0.21780E+03  0.24752E-06  0.23238E-06 -0.13987E-06
  0.21810E+03  0.31166E-06  0.19685E-06 -0.99272E-07
  0.21840E+03  0.37374E-06  0.15960E-06 -0.57916E-07
  0.21870E+03  0.43318E-06  0.12115E-06 -0.15939E-07
  0.21900E+03  0.48948E-06  0.82045E-07  0.26509E-07
  0.21930E+03  0.54220E-06  0.42837E-07  0.69257E-07
  0.21960E+03  0.59092E-06  0.40851E-08  0.11212E-06
  0.21990E+03  0.63527E-06 -0.33653E-07  0.15491E-06
  0.22020E+03  0.67488E-06 -0.69828E-07  0.19742E-06
  0.22050E+03  0.70932E-06 -0.10391E-06  0.23946E-06
  0.22080E+03  0.73816E-06 -0.13540E-06  0.28081E-06
  0.22110E+03  0.76093E-06 -0.16383E-06  0.32126E-06
  0.22140E+03  0.77713E-06 -0.18880E-06  0.36055E-06
  0.22170E+03  0.78629E-06 -0.20997E-06  0.39842E-06
  0.22200E+03  0.78803E-06 -0.22709E-06  0.43455E-06
  0.22230E+03  0.78203E-06 -0.23997E-06  0.46859E-06
  0.22260E+03  0.76813E-06 -0.24850E-06  0.50018E-06
  0.22290E+03  0.74635E-06 -0.25263E-06  0.52890E-06
  0.22320E+03  0.71684E-06 -0.25236E-06  0.55433E-06
  0.22350E+03  0.67990E-06 -0.24772E-06  0.57607E-06
  0.22380E+03  0.63596E-06 -0.23879E-06  0.59374E-06
  0.22410E+03  0.58557E-06 -0.22564E-06  0.60702E-06
  0.22440E+03  0.52932E-06 -0.20842E-06  0.61567E-06
  0.22470E+03  0.46789E-06 -0.18729E-06  0.61954E-06
  0.22500E+03  0.40198E-06 -0.16251E-06  0.61857E-06
  0.22530E+03  0.33237E-06 -0.13439E-06  0.61279E-06
  0.22560E+03  0.25983E-06 -0.10341E-06  0.60230E-06
  0.22590E+03  0.18518E-06 -0.70138E-07  0.58728E-06
  0.22620E+03  0.10924E-06 -0.35312E-07  0.56798E-06
  0.22650E+03  0.32828E-07  0.20253E-09  0.54467E-06
  0.22680E+03 -0.43259E-07  0.35426E-07  0.51768E-06
  0.22710E+03 -0.11825E-06  0.69312E-07  0.48734E-06
  0.22740E+03 -0.19138E-06  0.10082E-06  0.45401E-06
  0.22770E+03 -0.26197E-06  0.12895E-06  0.41804E-06
  0.22800E+03 -0.32932E-06  0.15288E-06  0.37977E-06
  0.22830E+03 -0.39283E-06  0.17191E-06  0.33956E-06
  0.22860E+03 -0.45193E-06  0.18559E-06  0.29775E-06
  0.22890E+03 -0.50614E-06  0.19367E-06  0.25472E-06
  0.22920E+03 -0.55502E-06  0.19609E-06  0.21082E-06
  0.22950E+03 -0.59825E-06  0.19294E-06  0.16642E-06
  0.22980E+03 -0.63556E-06  0.18442E-06  0.12190E-06
  0.23010E+03 -0.66678E-06  0.17080E-06  0.77621E-07
  0.23040E+03 -0.69181E-06  0.15235E-06  0.33933E-07
  0.23070E+03 -0.71059E-06  0.12932E-06 -0.88504E-08
  0.23100E+03 -0.72312E-06  0.10195E-06 -0.50455E-07
  0.23130E+03 -0.72941E-06  0.70467E-07 -0.90656E-07
  0.23160E+03 -0.72952E-06  0.35098E-07 -0.12927E-06
  0.23190E+03 -0.72352E-06 -0.38921E-08 -0.16617E-06
  0.23220E+03 -0.71157E-06 -0.46178E-07 -0.20122E-06
  0.23250E+03 -0.69386E-06 -0.91345E-07 -0.23432E-06
  0.23280E+03 -0.67072E-06 -0.13887E-06 -0.26534E-06
  0.23310E+03 -0.64252E-06 -0.18813E-06 -0.29417E-06
  0.23340E+03 -0.60976E-06 -0.23836E-06 -0.32066E-06
  0.23370E+03 -0.57296E-06 -0.28876E-06 -0.34469E-06
  0.23400E+03 -0.53272E-06 -0.33843E-06 -0.36613E-06
  0.23430E+03 -0.48961E-06 -0.38648E-06 -0.38489E-06
  0.23460E+03 -0.44421E-06 -0.43202E-06 -0.40089E-06
  0.23490E+03 -0.39703E-06 -0.47418E-06 -0.41410E-06
  0.23520E+03 -0.34857E-06 -0.51219E-06 -0.42449E-06
  0.23550E+03 -0.29925E-06 -0.54532E-06 -0.43210E-06
  0.23580E+03 -0.24949E-06 -0.57293E-06 -0.43699E-06
  0.23610E+03 -0.19970E-06 -0.59447E-06 -0.43925E-06
  0.23640E+03 -0.15030E-06 -0.60944E-06 -0.43903E-06
  0.23670E+03 -0.10168E-06 -0.61744E-06 -0.43650E-06
  0.23700E+03 -0.54253E-07 -0.61813E-06 -0.43188E-06
  0.23730E+03 -0.83727E-08 -0.61128E-06 -0.42541E-06
  0.23760E+03  0.35634E-07 -0.59674E-06 -0.41733E-06
  0.23790E+03  0.77497E-07 -0.57449E-06 -0.40793E-06
  0.23820E+03  0.11701E-06 -0.54462E-06 -0.39744E-06
  0.23850E+03  0.15401E-06 -0.50734E-06 -0.38613E-06
  0.23880E+03  0.18842E-06 -0.46298E-06 -0.37419E-06
  0.23910E+03  0.22017E-06 -0.41197E-06 -0.36179E-06
  0.23940E+03  0.24924E-06 -0.35485E-06 -0.34902E-06
  0.23970E+03  0.27563E-06 -0.29225E-06 -0.33592E-06
  0.24000E+03  0.29935E-06 -0.22488E-06 -0.32246E-06
  0.24030E+03  0.32042E-06 -0.15353E-06 -0.30853E-06
  0.24060E+03  0.33886E-06 -0.79029E-07 -0.29403E-06
  0.24090E+03  0.35470E-06 -0.22296E-08 -0.27880E-06
  0.24120E+03  0.36796E-06  0.75978E-07 -0.26272E-06
  0.24150E+03  0.37865E-06  0.15470E-06 -0.24572E-06
  0.24180E+03  0.38683E-06  0.23303E-06 -0.22777E-06
  0.24210E+03  0.39255E-06  0.31008E-06 -0.20891E-06
  0.24240E+03  0.39591E-06  0.38498E-06 -0.18924E-06
  0.24270E+03  0.39704E-06  0.45686E-06 -0.16890E-06
  0.24300E+03  0.39612E-06  0.52493E-06 -0.14804E-06
  0.24330E+03  0.39334E-06  0.58840E-06 -0.12680E-06
  0.24360E+03  0.38888E-06  0.64655E-06 -0.10529E-06
  0.24390E+03  0.38293E-06  0.69873E-06 -0.83620E-07
  0.24420E+03  0.37564E-06  0.74438E-06 -0.61831E-07
  0.24450E+03  0.36716E-06  0.78298E-06 -0.39960E-07
  0.24480E+03  0.35759E-06  0.81416E-06 -0.18028E-07
  0.24510E+03  0.34700E-06  0.83759E-06  0.39456E-08
  0.24540E+03  0.33546E-06  0.85305E-06  0.25938E-07
  0.24570E+03  0.32302E-06  0.86040E-06  0.47917E-07
  0.24600E+03  0.30974E-06  0.85959E-06  0.69839E-07
  0.24630E+03  0.29566E-06  0.85064E-06  0.91655E-07
  0.24660E+03  0.28082E-06  0.83366E-06  0.11331E-06
  0.24690E+03  0.26523E-06  0.80884E-06  0.13474E-06
  0.24720E+03  0.24887E-06  0.77646E-06  0.15589E-06
  0.24750E+03  0.23172E-06  0.73689E-06  0.17669E-06
  0.24780E+03  0.21371E-06  0.69057E-06  0.19706E-06
  0.24810E+03  0.19478E-06  0.63801E-06  0.21689E-06
  0.24840E+03  0.17486E-06  0.57978E-06  0.23606E-06
  0.24870E+03  0.15387E-06  0.51650E-06  0.25442E-06
  0.24900E+03  0.13177E-06  0.44885E-06  0.27181E-06
  0.24930E+03  0.10848E-06  0.37752E-06  0.28804E-06
  0.24960E+03  0.83985E-07  0.30325E-06  0.30292E-06
  0.24990E+03  0.58252E-07  0.22679E-06  0.31628E-06
  0.25020E+03  0.31306E-07  0.14889E-06  0.32796E-06
  0.25050E+03  0.32222E-08  0.70315E-07  0.33783E-06
  0.25080E+03 -0.25858E-07 -0.81882E-08  0.34575E-06
  0.25110E+03 -0.55719E-07 -0.85891E-07  0.35164E-06
  0.25140E+03 -0.86081E-07 -0.16209E-06  0.35540E-06
  0.25170E+03 -0.11662E-06 -0.23612E-06  0.35696E-06
  0.25200E+03 -0.14700E-06 -0.30737E-06  0.35627E-06
  0.25230E+03 -0.17690E-06 -0.37528E-06  0.35326E-06
  0.25260E+03 -0.20606E-06 -0.43935E-06  0.34791E-06
  0.25290E+03 -0.23426E-06 -0.49917E-06  0.34020E-06
  0.25320E+03 -0.26137E-06 -0.55441E-06  0.33015E-06
  0.25350E+03 -0.28728E-06 -0.60480E-06  0.31778E-06
  0.25380E+03 -0.31189E-06 -0.65014E-06  0.30318E-06
  0.25410E+03 -0.33512E-06 -0.69026E-06  0.28643E-06
  0.25440E+03 -0.35687E-06 -0.72501E-06  0.26766E-06
  0.25470E+03 -0.37697E-06 -0.75423E-06  0.24702E-06
  0.25500E+03 -0.39524E-06 -0.77774E-06  0.22467E-06
  0.25530E+03 -0.41141E-06 -0.79532E-06  0.20078E-06
  0.25560E+03 -0.42516E-06 -0.80675E-06  0.17551E-06
  0.25590E+03 -0.43613E-06 -0.81180E-06  0.14899E-06
  0.25620E+03 -0.44395E-06 -0.81028E-06  0.12134E-06
  0.25650E+03 -0.44828E-06 -0.80208E-06  0.92653E-07
  0.25680E+03 -0.44881E-06 -0.78719E-06  0.63031E-07
  0.25710E+03 -0.44532E-06 -0.76569E-06  0.32577E-07
  0.25740E+03 -0.43766E-06 -0.73783E-06  0.14408E-08
  0.25770E+03 -0.42577E-06 -0.70395E-06 -0.30152E-07
  0.25800E+03 -0.40967E-06 -0.66450E-06 -0.61881E-07
  0.25830E+03 -0.38942E-06 -0.62002E-06 -0.93317E-07
  0.25860E+03 -0.36516E-06 -0.57109E-06 -0.12394E-06
  0.25890E+03 -0.33703E-06 -0.51830E-06 -0.15315E-06
  0.25920E+03 -0.30519E-06 -0.46221E-06 -0.18036E-06
  0.25950E+03 -0.26984E-06 -0.40336E-06 -0.20496E-06
  0.25980E+03 -0.23118E-06 -0.34219E-06 -0.22646E-06
  0.26010E+03 -0.18948E-06 -0.27913E-06 -0.24443E-06
  0.26040E+03 -0.14507E-06 -0.21458E-06 -0.25860E-06
  0.26070E+03 -0.98348E-07 -0.14892E-06 -0.26881E-06
  0.26100E+03 -0.49837E-07 -0.82596E-07 -0.27501E-06
  0.26130E+03 -0.13752E-09 -0.16085E-07 -0.27729E-06
  0.26160E+03  0.50064E-07  0.50057E-07 -0.27579E-06
  0.26190E+03  0.10002E-06  0.11522E-06 -0.27072E-06
  0.26220E+03  0.14896E-06  0.17874E-06 -0.26232E-06
  0.26250E+03  0.19611E-06  0.23994E-06 -0.25088E-06
  0.26280E+03  0.24077E-06  0.29817E-06 -0.23667E-06
  0.26310E+03  0.28231E-06  0.35281E-06 -0.21997E-06
  0.26340E+03  0.32023E-06  0.40336E-06 -0.20107E-06
  0.26370E+03  0.35412E-06  0.44938E-06 -0.18029E-06
  0.26400E+03  0.38371E-06  0.49058E-06 -0.15792E-06
  0.26430E+03  0.40879E-06  0.52675E-06 -0.13427E-06
  0.26460E+03  0.42921E-06  0.55779E-06 -0.10967E-06
  0.26490E+03  0.44489E-06  0.58364E-06 -0.84396E-07
  0.26520E+03  0.45573E-06  0.60435E-06 -0.58734E-07
  0.26550E+03  0.46166E-06  0.61997E-06 -0.32910E-07
  0.26580E+03  0.46261E-06  0.63057E-06 -0.71085E-08
  0.26610E+03  0.45850E-06  0.63627E-06  0.18530E-07
  0.26640E+03  0.44927E-06  0.63717E-06  0.43904E-07
  0.26670E+03  0.43492E-06  0.63338E-06  0.68928E-07
  0.26700E+03  0.41550E-06  0.62502E-06  0.93515E-07
  0.26730E+03  0.39118E-06  0.61224E-06  0.11755E-06
  0.26760E+03  0.36227E-06  0.59519E-06  0.14085E-06
  0.26790E+03  0.32920E-06  0.57407E-06  0.16319E-06
  0.26820E+03  0.29255E-06  0.54908E-06  0.18425E-06
  0.26850E+03  0.25297E-06  0.52046E-06  0.20367E-06
  0.26880E+03  0.21121E-06  0.48851E-06  0.22102E-06
  0.26910E+03  0.16804E-06  0.45352E-06  0.23591E-06
  0.26940E+03  0.12419E-06  0.41585E-06  0.24796E-06
  0.26970E+03  0.80380E-07  0.37588E-06  0.25686E-06
  0.27000E+03  0.37265E-07  0.33407E-06  0.26238E-06
  0.27030E+03 -0.45698E-08  0.29088E-06  0.26441E-06
  0.27060E+03 -0.44605E-07  0.24687E-06  0.26294E-06
  0.27090E+03 -0.82382E-07  0.20261E-06  0.25805E-06
  0.27120E+03 -0.11750E-06  0.15872E-06  0.24991E-06
  0.27150E+03 -0.14958E-06  0.11583E-06  0.23873E-06
  0.27180E+03 -0.17828E-06  0.74576E-07  0.22475E-06
  0.27210E+03 -0.20330E-06  0.35552E-07  0.20820E-06
  0.27240E+03 -0.22435E-06 -0.67991E-09  0.18927E-06
  0.27270E+03 -0.24115E-06 -0.33628E-07  0.16812E-06
  0.27300E+03 -0.25350E-06 -0.62890E-07  0.14486E-06
  0.27330E+03 -0.26122E-06 -0.88164E-07  0.11957E-06
  0.27360E+03 -0.26421E-06 -0.10927E-06  0.92327E-07
  0.27390E+03 -0.26245E-06 -0.12614E-06  0.63194E-07
  0.27420E+03 -0.25604E-06 -0.13886E-06  0.32291E-07
  0.27450E+03 -0.24518E-06 -0.14760E-06 -0.21261E-09
  0.27480E+03 -0.23020E-06 -0.15268E-06 -0.34069E-07
  0.27510E+03 -0.21153E-06 -0.15448E-06 -0.68945E-07
  0.27540E+03 -0.18970E-06 -0.15348E-06 -0.10443E-06
  0.27570E+03 -0.16530E-06 -0.15017E-06 -0.14002E-06
  0.27600E+03 -0.13896E-06 -0.14509E-06 -0.17519E-06
  0.27630E+03 -0.11129E-06 -0.13881E-06 -0.20936E-06
  0.27660E+03 -0.82864E-07 -0.13184E-06 -0.24197E-06
  0.27690E+03 -0.54225E-07 -0.12469E-06 -0.27246E-06
  0.27720E+03 -0.25847E-07 -0.11781E-06 -0.30037E-06
  0.27750E+03  0.18470E-08 -0.11160E-06 -0.32529E-06
  0.27780E+03  0.28484E-07 -0.10638E-06 -0.34687E-06
  0.27810E+03  0.53727E-07 -0.10242E-06 -0.36488E-06
  0.27840E+03  0.77265E-07 -0.99932E-07 -0.37912E-06
  0.27870E+03  0.98809E-07 -0.99062E-07 -0.38948E-06
  0.27900E+03  0.11808E-06 -0.99923E-07 -0.39587E-06
  0.27930E+03  0.13482E-06 -0.10257E-06 -0.39826E-06
  0.27960E+03  0.14877E-06 -0.10700E-06 -0.39665E-06
  0.27990E+03  0.15972E-06 -0.11315E-06 -0.39108E-06
  0.28020E+03  0.16745E-06 -0.12091E-06 -0.38165E-06
  0.28050E+03  0.17179E-06 -0.13008E-06 -0.36850E-06
  0.28080E+03  0.17261E-06 -0.14047E-06 -0.35182E-06
  0.28110E+03  0.16980E-06 -0.15182E-06 -0.33188E-06
  0.28140E+03  0.16335E-06 -0.16389E-06 -0.30899E-06
  0.28170E+03  0.15331E-06 -0.17644E-06 -0.28353E-06
  0.28200E+03  0.13981E-06 -0.18925E-06 -0.25593E-06
  0.28230E+03  0.12311E-06 -0.20211E-06 -0.22667E-06
  0.28260E+03  0.10353E-06 -0.21481E-06 -0.19626E-06
  0.28290E+03  0.81496E-07 -0.22715E-06 -0.16520E-06
  0.28320E+03  0.57457E-07 -0.23897E-06 -0.13399E-06
  0.28350E+03  0.31903E-07 -0.25010E-06 -0.10306E-06
  0.28380E+03  0.53123E-08 -0.26041E-06 -0.72811E-07
  0.28410E+03 -0.21869E-07 -0.26978E-06 -0.43581E-07
  0.28440E+03 -0.49243E-07 -0.27815E-06 -0.15656E-07
  0.28470E+03 -0.76472E-07 -0.28543E-06  0.10731E-07
  0.28500E+03 -0.10328E-06 -0.29157E-06  0.35394E-07
  0.28530E+03 -0.12945E-06 -0.29650E-06  0.58194E-07
  0.28560E+03 -0.15481E-06 -0.30014E-06  0.79027E-07
  0.28590E+03 -0.17923E-06 -0.30240E-06  0.97830E-07
  0.28620E+03 -0.20260E-06 -0.30316E-06  0.11457E-06
  0.28650E+03 -0.22481E-06 -0.30230E-06  0.12927E-06
  0.28680E+03 -0.24576E-06 -0.29965E-06  0.14198E-06
  0.28710E+03 -0.26531E-06 -0.29504E-06  0.15279E-06
  0.28740E+03 -0.28332E-06 -0.28827E-06  0.16186E-06
  0.28770E+03 -0.29958E-06 -0.27914E-06  0.16936E-06
  0.28800E+03 -0.31386E-06 -0.26746E-06  0.17549E-06
  0.28830E+03 -0.32591E-06 -0.25309E-06  0.18048E-06
  0.28860E+03 -0.33543E-06 -0.23593E-06  0.18454E-06
  0.28890E+03 -0.34215E-06 -0.21597E-06  0.18784E-06
  0.28920E+03 -0.34578E-06 -0.19329E-06  0.19054E-06
  0.28950E+03 -0.34606E-06 -0.16808E-06  0.19274E-06
  0.28980E+03 -0.34278E-06 -0.14064E-06  0.19452E-06
  0.29010E+03 -0.33581E-06 -0.11137E-06  0.19591E-06
  0.29040E+03 -0.32507E-06 -0.80731E-07  0.19698E-06
  0.29070E+03 -0.31056E-06 -0.49240E-07  0.19776E-06
  0.29100E+03 -0.29236E-06 -0.17399E-07  0.19832E-06
  0.29130E+03 -0.27064E-06  0.14328E-07  0.19877E-06
  0.29160E+03 -0.24565E-06  0.45547E-07  0.19921E-06
  0.29190E+03 -0.21767E-06  0.75947E-07  0.19976E-06
  0.29220E+03 -0.18706E-06  0.10531E-06  0.20054E-06
  0.29250E+03 -0.15420E-06  0.13349E-06  0.20162E-06
  0.29280E+03 -0.11950E-06  0.16041E-06  0.20303E-06
  0.29310E+03 -0.83379E-07  0.18605E-06  0.20474E-06
  0.29340E+03 -0.46240E-07  0.21040E-06  0.20667E-06
  0.29370E+03 -0.84731E-08  0.23345E-06  0.20867E-06
  0.29400E+03  0.29555E-07  0.25517E-06  0.21058E-06
  0.29430E+03  0.67506E-07  0.27550E-06  0.21224E-06
  0.29460E+03  0.10507E-06  0.29433E-06  0.21348E-06
  0.29490E+03  0.14196E-06  0.31152E-06  0.21418E-06
  0.29520E+03  0.17793E-06  0.32684E-06  0.21425E-06
  0.29550E+03  0.21275E-06  0.34006E-06  0.21360E-06
  0.29580E+03  0.24622E-06  0.35086E-06  0.21220E-06
  0.29610E+03  0.27814E-06  0.35896E-06  0.20999E-06
  0.29640E+03  0.30830E-06  0.36405E-06  0.20695E-06
  0.29670E+03  0.33652E-06  0.36587E-06  0.20304E-06
  0.29700E+03  0.36256E-06  0.36423E-06  0.19822E-06
  0.29730E+03  0.38619E-06  0.35901E-06  0.19243E-06
  0.29760E+03  0.40715E-06  0.35018E-06  0.18563E-06
  0.29790E+03  0.42522E-06  0.33782E-06  0.17775E-06
  0.29820E+03  0.44016E-06  0.32210E-06  0.16872E-06
  0.29850E+03  0.45176E-06  0.30327E-06  0.15848E-06
  0.29880E+03  0.45985E-06  0.28165E-06  0.14692E-06
  0.29910E+03  0.46425E-06  0.25761E-06  0.13397E-06
  0.29940E+03  0.46482E-06  0.23156E-06  0.11955E-06
  0.29970E+03  0.46146E-06  0.20393E-06  0.10361E-06
  0.30000E+03  0.45409E-06  0.17515E-06  0.86091E-07
  0.30030E+03  0.44269E-06  0.14565E-06  0.67005E-07
  0.30060E+03  0.42730E-06  0.11586E-06  0.46380E-07
  0.30090E+03  0.40804E-06  0.86158E-07  0.24284E-07
  0.30120E+03  0.38513E-06  0.56915E-07  0.82496E-09
  0.30150E+03  0.35887E-06  0.28463E-07 -0.23849E-07
  0.30180E+03  0.32964E-06  0.10887E-08 -0.49550E-07
  0.30210E+03  0.29788E-06 -0.24962E-07 -0.76048E-07
  0.30240E+03  0.26405E-06 -0.49494E-07 -0.10307E-06
  0.30270E+03  0.22860E-06 -0.72359E-07 -0.13029E-06
  0.30300E+03  0.19198E-06 -0.93446E-07 -0.15736E-06
  0.30330E+03  0.15459E-06 -0.11267E-06 -0.18388E-06
  0.30360E+03  0.11678E-06 -0.12996E-06 -0.20944E-06
  0.30390E+03  0.78901E-07 -0.14524E-06 -0.23362E-06
  0.30420E+03  0.41264E-07 -0.15843E-06 -0.25601E-06
  0.30450E+03  0.41878E-08 -0.16941E-06 -0.27626E-06
  0.30480E+03 -0.31997E-07 -0.17805E-06 -0.29401E-06
  0.30510E+03 -0.66948E-07 -0.18420E-06 -0.30899E-06
  0.30540E+03 -0.10031E-06 -0.18772E-06 -0.32100E-06
  0.30570E+03 -0.13172E-06 -0.18848E-06 -0.32988E-06
  0.30600E+03 -0.16086E-06 -0.18636E-06 -0.33556E-06
  0.30630E+03 -0.18744E-06 -0.18134E-06 -0.33803E-06
  0.30660E+03 -0.21124E-06 -0.17343E-06 -0.33733E-06
  0.30690E+03 -0.23210E-06 -0.16274E-06 -0.33358E-06
