0.000000e+00     -7.116345e-07     -2.762000e-07     6.721455e-08
3.000000e-01     -8.204187e-07     -5.917226e-07     4.007590e-07
6.000000e-01     -4.892932e-07     -3.524318e-07     -1.717210e-07
9.000000e-01     -6.129723e-07     -7.272731e-08     1.876552e-08
1.200000e+00     -5.794132e-07     4.914435e-07     6.275880e-07
1.500000e+00     -6.323301e-07     6.908197e-07     1.177743e-07
1.800000e+00     1.120346e-07     9.664089e-07     -5.568232e-07
2.100000e+00     3.539136e-07     7.779867e-07     -1.214188e-06
2.400000e+00     -2.344763e-07     5.799238e-07     -9.753217e-07
2.700000e+00     -1.167565e-06     4.700693e-07     -2.297677e-07
3.000000e+00     -1.748228e-06     5.147867e-07     4.501600e-07
3.300000e+00     -1.769833e-06     2.921311e-07     3.133950e-07
3.600000e+00     -2.077721e-06     -7.902909e-07     2.733376e-07
3.900000e+00     -1.469238e-06     -1.041569e-06     6.977315e-07
4.200000e+00     -3.009227e-07     -6.083116e-07     2.924107e-07
4.500000e+00     1.071426e-06     -2.589609e-07     -4.952797e-07
4.800000e+00     1.804582e-06     8.876884e-07     -1.234033e-06
5.100000e+00     1.394280e-06     1.948746e-06     -1.181665e-06
5.400000e+00     -5.715126e-07     1.817940e-06     -6.437647e-07
5.700000e+00     -2.484471e-06     6.317334e-07     -3.694535e-08
6.000000e+00     -2.759712e-06     -4.290750e-07     8.369861e-07
6.300000e+00     -2.105620e-06     -6.757330e-07     1.181193e-06
6.600000e+00     -1.255614e-06     -5.329612e-07     8.754696e-07
6.900000e+00     -4.537861e-07     -4.298754e-07     4.806549e-08
7.200000e+00     7.949487e-08     -6.984687e-07     -1.217197e-06
7.500000e+00     3.567190e-07     3.219937e-07     -1.411684e-06
7.800000e+00     8.435427e-07     1.276185e-06     -7.512580e-07
8.100000e+00     3.533651e-07     1.369900e-06     -4.613814e-08
8.400000e+00     -2.423972e-07     1.176542e-06     1.544075e-07
8.700000e+00     -1.044251e-06     6.625995e-07     -5.187136e-08
9.000000e+00     -1.709440e-06     1.402869e-08     3.564551e-07
9.300000e+00     -1.396926e-06     -3.421181e-07     6.735345e-07
9.600000e+00     -1.703074e-06     -9.616314e-07     3.470622e-07
9.900000e+00     -9.843477e-07     -1.353689e-06     -2.182263e-07
1.020000e+01     7.022850e-08     -5.700078e-07     -5.830070e-07
1.050000e+01     4.302122e-07     2.270525e-07     -6.506928e-07
1.080000e+01     2.034393e-07     5.833599e-07     -5.335676e-07
1.110000e+01     -6.761886e-07     9.110470e-07     -4.718974e-07
1.140000e+01     -8.965102e-07     1.120900e-06     -1.511079e-07
1.170000e+01     -1.559913e-07     1.075323e-06     4.335102e-07
1.200000e+01     3.042104e-07     2.736842e-07     3.216363e-08
1.230000e+01     -7.202423e-08     -7.350152e-07     -1.779779e-07
1.260000e+01     -8.761255e-07     -8.802355e-07     1.022281e-09
1.290000e+01     -1.538979e-06     -8.250942e-07     2.635817e-07
1.320000e+01     -1.320000e-06     -2.092932e-07     4.712293e-07
1.350000e+01     -5.223595e-07     2.702194e-07     5.049653e-07
1.380000e+01     -3.937303e-07     3.223620e-07     3.279373e-07
1.410000e+01     -3.851722e-07     3.913249e-07     -2.044073e-07
1.440000e+01     -7.777288e-09     8.850096e-07     -9.775868e-07
1.470000e+01     -6.778726e-08     6.854290e-07     -1.417174e-06
1.500000e+01     4.514467e-07     1.223247e-07     -6.219308e-07
1.530000e+01     7.410235e-07     4.125973e-07     -3.476661e-07
1.560000e+01     -3.471742e-07     7.519498e-08     1.134306e-07
1.590000e+01     -1.827405e-06     -8.883527e-07     6.152297e-07
1.620000e+01     -2.220841e-06     -9.341362e-07     2.472910e-07
1.650000e+01     -1.420846e-06     -1.166266e-06     7.700351e-09
1.680000e+01     -4.898646e-07     -3.440229e-07     2.136714e-07
1.710000e+01     3.309347e-07     1.160461e-06     3.608678e-07
1.740000e+01     8.583527e-07     1.336614e-06     5.422944e-08
1.770000e+01     1.491108e-06     7.463179e-07     -6.886827e-07
1.800000e+01     5.998123e-07     2.473572e-07     -1.160200e-06
1.830000e+01     -6.750923e-07     2.391815e-07     -6.543522e-07
1.860000e+01     -1.399251e-06     -2.069542e-07     -1.104734e-08
1.890000e+01     -1.591956e-06     -7.774153e-07     4.100226e-07
1.920000e+01     -1.408569e-06     -4.698588e-07     6.269299e-07
1.950000e+01     -7.330804e-07     -2.943317e-08     9.357146e-07
1.980000e+01     3.798780e-07     1.436304e-07     9.159973e-07
2.010000e+01     2.902633e-07     3.984259e-07     3.632666e-07
2.040000e+01     4.791888e-07     6.680971e-07     -7.181561e-07
2.070000e+01     4.548902e-07     6.776175e-07     -1.800442e-06
2.100000e+01     -4.388521e-07     4.819189e-07     -1.873708e-06
2.130000e+01     -8.800778e-07     4.673882e-07     -8.842196e-07
2.160000e+01     -7.667745e-07     2.253456e-07     -2.082500e-08
2.190000e+01     -5.867913e-07     -4.546957e-07     4.530821e-07
2.220000e+01     -4.870879e-07     -4.934423e-07     1.017149e-06
2.250000e+01     -5.701389e-07     -5.663140e-07     1.354264e-06
2.280000e+01     -3.179615e-08     -5.789230e-07     8.960288e-07
2.310000e+01     1.373871e-07     -1.278315e-07     -2.749234e-07
2.340000e+01     4.818271e-08     2.022391e-07     -8.227730e-07
2.370000e+01     -3.107957e-07     1.233557e-06     -7.358933e-07
2.400000e+01     -6.608737e-07     1.624195e-06     -7.958654e-07
2.430000e+01     -4.826123e-07     7.566159e-07     -6.769594e-07
2.460000e+01     -5.769881e-07     -5.957359e-07     1.112570e-07
2.490000e+01     -1.388373e-07     -1.331883e-06     7.438423e-07
2.520000e+01     6.774798e-07     -1.499795e-06     1.063487e-06
2.550000e+01     9.938254e-07     -5.418072e-07     5.480418e-07
2.580000e+01     -9.937229e-08     7.921262e-07     -4.896373e-07
2.610000e+01     -9.122608e-07     1.374195e-06     -7.105139e-07
2.640000e+01     -1.474690e-06     2.225296e-06     -5.784800e-07
2.670000e+01     -1.807715e-06     1.313624e-06     -2.860017e-07
2.700000e+01     -9.926926e-07     -9.700426e-07     -2.245433e-07
2.730000e+01     -1.232001e-08     -1.882905e-06     -2.423516e-07
2.760000e+01     8.451484e-07     -1.528405e-06     -6.223570e-08
2.790000e+01     1.408886e-06     3.458109e-08     -1.135054e-07
2.820000e+01     9.566505e-07     1.551249e-06     -9.083834e-08
2.850000e+01     4.434745e-07     1.834338e-06     3.210033e-07
2.880000e+01     -8.433204e-07     8.685935e-07     3.233468e-07
2.910000e+01     -1.415976e-06     -1.989989e-07     1.667551e-07
2.940000e+01     -8.791646e-07     -7.870452e-07     2.269916e-07
2.970000e+01     -4.837973e-07     -5.577098e-07     -3.812053e-08
3.000000e+01     -5.163920e-07     -2.059109e-07     -6.431378e-07
3.030000e+01     5.469802e-07     6.339773e-07     -1.887583e-06
3.060000e+01     -5.395474e-08     4.010494e-07     9.672363e-08
3.090000e+01     2.187748e-07     -2.650120e-09     -1.440852e-06
3.120000e+01     6.975253e-07     3.731752e-07     7.870906e-07
3.150000e+01     3.701115e-07     -2.140675e-07     1.473178e-06
3.180000e+01     -6.327464e-07     -4.424434e-07     2.405521e-06
3.210000e+01     -2.315156e-06     -1.022362e-06     7.343965e-07
3.240000e+01     -1.159725e-06     6.298411e-07     1.471155e-06
3.270000e+01     -3.649123e-06     -2.893382e-06     5.634347e-06
3.300000e+01     -2.215312e-06     -1.688304e-06     -3.056047e-06
3.330000e+01     -1.318879e-07     -9.780700e-07     -3.128048e-07
3.360000e+01     5.721716e-07     -2.292926e-06     8.289373e-07
3.390000e+01     -1.309202e-06     -2.287435e-06     -1.996585e-06
3.420000e+01     -2.188514e-06     8.428007e-08     -2.917427e-06
3.450000e+01     8.566695e-07     3.313157e-06     8.879145e-07
3.480000e+01     1.086406e-06     5.255679e-07     6.587162e-07
3.510000e+01     1.553908e-07     7.294507e-09     -1.358809e-06
3.540000e+01     5.477271e-06     1.627911e-06     -2.739783e-06
3.570000e+01     1.368034e-06     -9.664421e-08     6.744391e-06
3.600000e+01     -3.773811e-07     -2.053508e-06     -3.614356e-06
3.630000e+01     2.056476e-06     3.353356e-06     -1.033638e-05
3.660000e+01     5.973392e-06     8.890476e-07     8.586554e-07
3.690000e+01     4.058032e-08     1.798421e-06     1.748707e-06
3.720000e+01     -2.705419e-06     -1.646668e-06     -4.644267e-07
3.750000e+01     1.830141e-06     3.137952e-06     1.625981e-06
3.780000e+01     5.247495e-07     1.377282e-06     4.249124e-06
3.810000e+01     -2.153874e-07     -3.511765e-07     -3.347894e-06
3.840000e+01     2.255706e-06     -6.851818e-07     -7.803215e-07
3.870000e+01     2.244449e-06     -2.478054e-07     -1.482337e-06
3.900000e+01     2.339244e-06     1.602975e-06     -4.322876e-07
3.930000e+01     2.430351e-06     1.970322e-06     -4.853684e-06
3.960000e+01     2.918947e-06     3.559659e-06     -5.786739e-06
3.990000e+01     2.349491e-06     5.585968e-07     4.538071e-06
4.020000e+01     -8.477235e-07     2.163242e-06     8.346982e-07
4.050000e+01     8.921475e-07     5.518634e-07     -2.764600e-06
4.080000e+01     -2.609772e-06     3.461742e-06     3.698816e-06
4.110000e+01     1.299645e-06     -2.040434e-06     -9.309148e-07
4.140000e+01     1.118512e-08     6.285177e-07     -1.677372e-06
4.170000e+01     5.780686e-07     -1.334979e-06     1.830833e-06
4.200000e+01     3.363129e-07     -3.037596e-07     -5.669093e-07
4.230000e+01     -1.866571e-06     -2.908870e-06     1.018962e-06
4.260000e+01     2.953679e-06     3.650811e-06     2.722745e-06
4.290000e+01     -5.238881e-06     -5.978624e-06     4.682905e-06
4.320000e+01     1.953475e-07     -3.799559e-06     -3.170086e-06
4.350000e+01     -1.931385e-06     3.646478e-06     -3.943551e-07
4.380000e+01     -5.940031e-06     4.234402e-07     2.865557e-06
4.410000e+01     -1.503954e-06     -1.671951e-06     -3.252733e-06
4.440000e+01     6.170169e-07     -2.829346e-06     9.020755e-06
4.470000e+01     2.636442e-06     -5.695931e-06     -5.050973e-06
4.500000e+01     -2.080495e-06     3.932107e-06     2.544546e-06
4.530000e+01     6.031560e-06     -3.416029e-06     -2.313676e-06
4.560000e+01     -3.869597e-07     4.995208e-08     2.341314e-06
4.590000e+01     -9.722730e-06     1.219415e-06     -7.233620e-06
4.620000e+01     4.639887e-06     1.396398e-06     3.053934e-06
4.650000e+01     -2.591573e-06     -4.270934e-06     -4.432964e-07
4.680000e+01     8.703916e-07     7.656388e-07     1.126711e-06
4.710000e+01     2.099634e-07     -5.418418e-06     8.106410e-06
4.740000e+01     -1.440886e-06     8.556800e-06     -2.440543e-06
4.770000e+01     -1.216828e-06     -1.019679e-05     -5.357760e-07
4.800000e+01     5.360222e-07     4.645099e-06     -6.861640e-06
4.830000e+01     1.455138e-05     6.284476e-06     -4.401409e-06
4.860000e+01     -3.968572e-06     -2.451027e-07     4.639915e-06
4.890000e+01     -2.406666e-06     2.771010e-06     -3.593849e-06
4.920000e+01     6.153380e-06     -2.806683e-06     4.442665e-07
4.950000e+01     2.338021e-06     5.420537e-06     -3.735429e-06
4.980000e+01     5.030315e-06     7.424179e-06     5.961839e-08
5.010000e+01     -4.436814e-06     1.853110e-07     -6.857864e-07
5.040000e+01     5.508851e-06     6.113463e-07     -6.463352e-06
5.070000e+01     3.502816e-06     4.328190e-06     6.253709e-06
5.100000e+01     -5.638187e-07     -1.643367e-06     -1.483326e-06
5.130000e+01     -9.514822e-06     -7.515306e-06     5.950209e-06
5.160000e+01     1.618517e-06     -1.678499e-06     1.229943e-06
5.190000e+01     -6.475773e-06     3.055674e-06     3.105144e-06
5.220000e+01     -1.972924e-05     -1.840816e-05     1.515274e-06
5.250000e+01     5.223756e-06     9.330623e-06     1.773413e-06
5.280000e+01     -4.086059e-06     -2.615806e-06     5.250683e-06
5.310000e+01     -1.068424e-05     2.030179e-06     -2.036679e-07
5.340000e+01     2.874646e-06     8.818202e-06     8.376420e-06
5.370000e+01     2.213256e-06     -7.833133e-06     2.072796e-05
5.400000e+01     1.324647e-05     -2.678003e-06     7.376703e-06
5.430000e+01     -2.926436e-05     -3.288667e-06     1.807649e-06
5.460000e+01     1.784302e-05     2.413016e-06     1.289581e-06
5.490000e+01     2.059527e-05     -1.838743e-06     -1.200040e-05
5.520000e+01     -1.043040e-05     4.503233e-06     -8.189191e-06
5.550000e+01     -5.447633e-06     2.245538e-05     -1.124771e-05
5.580000e+01     3.382466e-06     -2.016264e-06     -1.420765e-05
5.610000e+01     -9.833788e-06     2.130071e-05     -1.400323e-05
5.640000e+01     1.117998e-06     1.297888e-05     -2.007322e-05
5.670000e+01     -1.554608e-06     1.009821e-05     -7.306051e-06
5.700000e+01     2.484387e-05     -2.587742e-06     7.245780e-07
5.730000e+01     4.683687e-06     -1.312935e-05     1.315591e-05
5.760000e+01     5.584985e-06     6.844477e-06     1.127224e-05
5.790000e+01     -3.040105e-05     -9.889626e-06     1.490690e-05
5.820000e+01     1.017068e-05     -3.003494e-05     1.869952e-05
5.850000e+01     8.764907e-06     8.058500e-06     1.315963e-05
5.880000e+01     -2.114536e-05     -6.508166e-06     -2.526915e-06
5.910000e+01     -5.992097e-05     -1.716309e-05     -1.506235e-06
5.940000e+01     1.583767e-05     -6.683666e-07     6.782585e-06
5.970000e+01     -4.225528e-06     -2.360412e-05     -2.755154e-05
6.000000e+01     -3.039326e-07     1.084703e-05     -1.486299e-05
6.030000e+01     -2.829875e-05     2.130865e-06     -1.173619e-05
6.060000e+01     3.648873e-05     1.189000e-05     2.830787e-05
6.090000e+01     2.499028e-05     -3.115729e-05     2.720904e-06
6.120000e+01     6.169076e-06     3.225093e-05     -1.211128e-06
6.150000e+01     2.407228e-05     1.380203e-05     -5.862781e-06
6.180000e+01     3.047544e-05     -4.444406e-06     -1.002824e-05
6.210000e+01     2.842935e-05     -1.862163e-05     -1.404647e-05
6.240000e+01     3.073745e-05     5.961036e-06     -1.593697e-05
6.270000e+01     -4.491091e-05     8.988179e-06     -1.192210e-05
6.300000e+01     -1.031694e-05     -5.599943e-08     1.383082e-05
6.330000e+01     5.466780e-06     2.626696e-05     3.312969e-05
6.360000e+01     1.561557e-05     -8.769801e-06     2.317232e-05
6.390000e+01     -3.893142e-05     -5.500721e-05     4.355204e-06
6.420000e+01     1.751511e-05     -3.218033e-05     1.103989e-05
6.450000e+01     2.002988e-05     7.151546e-06     6.383426e-06
6.480000e+01     3.283804e-05     -7.503496e-05     -1.959773e-06
6.510000e+01     8.301280e-05     -7.550501e-05     -2.781813e-05
6.540000e+01     5.171095e-05     1.813045e-05     1.075696e-05
6.570000e+01     -1.093801e-04     6.702161e-05     -2.631637e-05
6.600000e+01     -1.033756e-04     3.559254e-05     1.498661e-05
6.630000e+01     1.260342e-04     2.541345e-05     2.716987e-06
6.660000e+01     2.387393e-05     -3.624362e-05     -3.252439e-05
6.690000e+01     -5.758553e-05     -4.972874e-05     -1.405052e-05
6.720000e+01     -5.387590e-05     3.944101e-05     8.384945e-06
6.750000e+01     4.278183e-05     9.379264e-05     2.347763e-05
6.780000e+01     2.291714e-05     4.490587e-06     -1.379975e-05
6.810000e+01     -4.874258e-05     1.955615e-07     2.567108e-06
6.840000e+01     -3.397133e-05     7.548531e-05     1.860555e-05
6.870000e+01     -1.155286e-04     3.976006e-05     1.763527e-05
6.900000e+01     -2.756906e-05     1.825456e-05     -2.471559e-05
6.930000e+01     8.682129e-05     -3.219799e-05     9.832431e-06
6.960000e+01     6.751274e-05     -7.016555e-05     6.666239e-06
6.990000e+01     -6.072783e-05     1.391456e-05     -3.046124e-05
7.020000e+01     -3.783499e-05     2.218803e-06     1.790063e-05
7.050000e+01     3.667198e-05     -2.829134e-05     5.744175e-06
7.080000e+01     5.729722e-06     3.060840e-05     2.437082e-06
7.110000e+01     -6.564865e-05     7.905313e-06     -3.264304e-05
7.140000e+01     -3.767340e-05     -1.257325e-05     -1.448160e-05
7.170000e+01     7.639012e-05     1.620422e-05     2.152898e-06
7.200000e+01     6.260324e-05     -1.259657e-05     1.382895e-05
7.230000e+01     7.546818e-06     -5.627093e-05     8.648076e-07
7.260000e+01     7.085892e-06     -5.474455e-05     1.876645e-05
7.290000e+01     4.800734e-05     -4.548076e-05     4.029522e-05
7.320000e+01     5.532486e-05     -9.003900e-06     1.538202e-05
7.350000e+01     -2.347243e-05     2.567915e-06     9.818673e-06
7.380000e+01     -8.407281e-07     -7.431239e-06     -7.060210e-06
7.410000e+01     2.621366e-05     7.382634e-06     3.055605e-05
7.440000e+01     -1.091429e-05     -4.087143e-05     -1.693159e-06
7.470000e+01     -1.416444e-05     -5.271912e-06     3.431286e-06
7.500000e+01     1.723587e-05     4.201795e-05     -2.865356e-05
7.530000e+01     4.670652e-05     2.625664e-05     -1.823719e-05
7.560000e+01     8.543528e-06     3.695221e-05     -2.512968e-05
7.590000e+01     1.484957e-05     4.577465e-05     -2.900461e-06
7.620000e+01     9.679909e-06     3.736883e-05     9.176913e-06
7.650000e+01     -1.635656e-05     8.753303e-05     -2.476335e-05
7.680000e+01     -5.925431e-05     2.240832e-05     -2.147049e-05
7.710000e+01     -5.565335e-05     -1.289292e-05     -1.783276e-05
7.740000e+01     7.086829e-06     1.674707e-05     -7.895056e-06
7.770000e+01     3.300433e-06     -6.536876e-07     -3.557869e-05
7.800000e+01     -6.640367e-06     -1.559764e-05     -2.383086e-05
7.830000e+01     -5.989028e-05     -2.680965e-05     -2.518234e-05
7.860000e+01     -1.622645e-05     -3.605315e-05     3.501067e-06
7.890000e+01     -2.765501e-05     -6.370070e-05     2.101000e-05
7.920000e+01     -7.376262e-06     -6.579368e-05     2.523644e-06
7.950000e+01     1.465912e-05     -1.822949e-05     2.763932e-05
7.980000e+01     2.290378e-05     -5.734452e-05     -4.232794e-06
8.010000e+01     3.427107e-05     -3.306024e-05     3.042033e-05
8.040000e+01     1.425222e-05     -2.708553e-05     4.289671e-05
8.070000e+01     7.700681e-07     -1.404935e-05     3.487649e-05
8.100000e+01     2.263180e-05     1.792987e-05     3.727252e-05
8.130000e+01     8.131020e-06     3.048331e-05     3.209061e-05
8.160000e+01     2.885192e-05     1.631308e-05     1.354989e-05
8.190000e+01     2.517136e-05     -8.311647e-06     -4.304095e-06
8.220000e+01     -5.063028e-06     4.675928e-05     -2.606715e-06
8.250000e+01     -1.040115e-05     6.761466e-05     -1.512045e-05
8.280000e+01     -7.838643e-06     5.082370e-05     -1.482767e-05
8.310000e+01     4.471971e-05     3.428194e-05     -7.220937e-06
8.340000e+01     3.520144e-06     3.413889e-07     -1.673312e-05
8.370000e+01     -5.487527e-05     -8.770875e-06     -3.351660e-05
8.400000e+01     -4.964780e-05     2.397968e-06     -2.384997e-05
8.430000e+01     -3.770619e-06     4.406381e-06     -1.750742e-05
8.460000e+01     7.470741e-06     4.437450e-06     -3.935778e-06
8.490000e+01     -1.231833e-05     -9.343883e-06     -3.113396e-05
8.520000e+01     -9.127336e-06     -2.036988e-05     1.260774e-05
8.550000e+01     3.013049e-05     1.156599e-06     2.715841e-05
8.580000e+01     3.338534e-05     -1.687533e-05     2.564966e-05
8.610000e+01     2.598284e-05     -4.479272e-05     2.274222e-05
8.640000e+01     -5.456372e-06     -1.538142e-05     2.494869e-05
8.670000e+01     1.298269e-06     -1.907944e-06     1.002264e-05
8.700000e+01     2.102192e-05     -2.553464e-06     -1.713858e-06
8.730000e+01     1.539222e-05     8.855585e-06     -1.332295e-05
8.760000e+01     1.852688e-05     -8.472033e-07     -1.903248e-05
8.790000e+01     3.535228e-05     -2.613139e-06     -2.801371e-05
8.820000e+01     1.523110e-05     1.172608e-05     -2.387255e-05
8.850000e+01     -1.365943e-05     1.592941e-05     -1.935802e-05
8.880000e+01     -2.866641e-05     -1.770730e-05     -2.309422e-06
8.910000e+01     -2.716882e-05     -8.033843e-06     -4.494079e-06
8.940000e+01     -6.655746e-06     9.193315e-07     4.913654e-06
8.970000e+01     -3.533731e-05     1.723503e-07     4.641621e-06
9.000000e+01     -2.905334e-05     1.344263e-07     1.118625e-05
9.030000e+01     -7.139142e-06     -1.505021e-05     1.081371e-05
9.060000e+01     1.546853e-05     -2.091887e-05     1.879780e-05
9.090000e+01     -1.711227e-05     -5.012222e-06     1.410786e-05
9.120000e+01     -2.319935e-05     1.659565e-05     2.319325e-05
9.150000e+01     8.008028e-06     8.193355e-06     1.578133e-05
9.180000e+01     2.933535e-05     -1.196924e-05     -1.310399e-05
9.210000e+01     3.680628e-05     -1.166118e-05     -1.090250e-05
9.240000e+01     7.851837e-06     3.560365e-05     -1.510743e-05
9.270000e+01     1.854811e-05     1.243624e-05     -1.102585e-05
9.300000e+01     4.942457e-05     6.553436e-06     -1.570449e-05
9.330000e+01     2.177289e-05     -1.676018e-05     -1.070350e-05
9.360000e+01     -9.561448e-07     5.673438e-06     1.353370e-06
9.390000e+01     -1.815527e-06     5.197116e-06     -3.689848e-06
9.420000e+01     -1.365908e-05     -2.229425e-06     -3.295969e-06
9.450000e+01     -8.536775e-06     -1.223821e-05     -7.376335e-06
9.480000e+01     -9.854926e-06     -4.751257e-06     1.187764e-05
9.510000e+01     -2.720997e-05     -9.777273e-06     3.074360e-05
9.540000e+01     -2.173556e-05     -1.298272e-05     2.601651e-05
9.570000e+01     -1.487649e-05     6.865308e-06     1.420511e-05
9.600000e+01     -1.320936e-05     6.779578e-08     -5.359684e-06
9.630000e+01     4.545409e-06     8.560091e-07     -3.287353e-06
9.660000e+01     1.939419e-05     1.090943e-05     -5.888991e-06
9.690000e+01     2.714226e-05     -2.783059e-06     -7.161193e-06
9.720000e+01     2.767963e-05     6.018003e-06     -3.327574e-06
9.750000e+01     1.496593e-05     5.333709e-06     1.233905e-06
9.780000e+01     -3.186638e-06     -6.507452e-06     -6.732950e-06
9.810000e+01     -6.796654e-06     -1.283887e-05     -6.528196e-06
9.840000e+01     3.384872e-05     -1.700644e-06     -7.197078e-06
9.870000e+01     2.369434e-05     6.792909e-07     -9.042771e-06
9.900000e+01     -1.598489e-05     3.663481e-06     -1.897982e-05
9.930000e+01     -2.300202e-05     1.379637e-05     -1.341893e-05
9.960000e+01     -1.377322e-05     1.443803e-06     4.243139e-06
9.990000e+01     -1.442218e-05     -2.007011e-05     6.311482e-07
1.002000e+02     -1.482014e-05     -2.102195e-05     1.086900e-08
1.005000e+02     7.909691e-06     -1.302417e-05     1.041647e-05
1.008000e+02     5.657143e-06     -2.127578e-06     9.956957e-06
1.011000e+02     1.129201e-05     -4.594250e-06     1.596482e-05
1.014000e+02     7.008062e-06     -1.134738e-05     2.100187e-05
1.017000e+02     -1.960800e-05     1.299185e-06     1.812291e-05
1.020000e+02     -9.404669e-06     2.198932e-05     1.055901e-05
1.023000e+02     7.468720e-06     2.182513e-05     2.424637e-06
1.026000e+02     6.573981e-06     -4.732750e-06     -1.959637e-06
1.029000e+02     1.119665e-05     -7.871728e-06     -1.191245e-05
1.032000e+02     2.659706e-05     -7.284722e-06     -1.544031e-05
1.035000e+02     2.486386e-05     2.183320e-05     -1.160451e-05
1.038000e+02     1.029969e-05     2.559622e-05     -1.503131e-05
1.041000e+02     1.557157e-06     6.036809e-06     -1.646148e-05
1.044000e+02     2.186241e-06     -3.819051e-06     -7.161104e-06
1.047000e+02     3.076061e-06     8.179433e-06     2.023549e-06
1.050000e+02     1.079609e-05     1.437280e-05     6.528605e-06
1.053000e+02     -8.315793e-06     -2.811500e-05     9.000452e-06
1.056000e+02     2.797784e-06     -4.813387e-05     9.263753e-06
1.059000e+02     3.025257e-06     -3.965693e-05     7.167209e-06
1.062000e+02     -3.583930e-06     -2.417292e-05     5.817295e-06
1.065000e+02     3.182323e-06     -2.625587e-05     2.778406e-06
1.068000e+02     -1.174685e-05     -1.201296e-05     -4.592640e-06
1.071000e+02     -1.863319e-05     1.395019e-05     2.721704e-06
1.074000e+02     -2.037846e-05     2.360731e-05     6.792215e-06
1.077000e+02     -9.644132e-06     3.734331e-05     3.136566e-06
1.080000e+02     -1.385874e-05     3.823378e-05     -2.300520e-06
1.083000e+02     3.080982e-06     3.160680e-05     7.603723e-06
1.086000e+02     1.059912e-05     2.022411e-05     2.506328e-06
1.089000e+02     1.457841e-05     3.360090e-06     -2.015614e-06
1.092000e+02     1.467217e-05     -1.072617e-05     -3.110692e-06
1.095000e+02     2.683968e-05     -1.024815e-05     -6.064384e-06
1.098000e+02     1.113548e-05     -7.692278e-06     -5.753279e-06
1.101000e+02     5.202861e-06     -1.836729e-05     -7.813766e-06
1.104000e+02     1.242858e-05     -2.790519e-05     -3.980065e-06
1.107000e+02     4.621108e-06     -1.932301e-05     -8.626220e-06
1.110000e+02     -7.152649e-06     -3.213802e-05     1.542369e-06
1.113000e+02     -4.103027e-07     -1.411463e-05     -5.556702e-06
1.116000e+02     4.583190e-06     3.590461e-06     -1.251803e-06
1.119000e+02     1.987255e-06     8.418385e-06     5.287713e-07
1.122000e+02     -6.452667e-07     6.846608e-06     3.068855e-06
1.125000e+02     1.191977e-05     1.619901e-05     4.879296e-06
1.128000e+02     -5.762150e-06     1.483793e-05     4.492508e-06
1.131000e+02     -5.152936e-06     1.762420e-05     -3.769378e-06
1.134000e+02     -6.226175e-06     4.472073e-06     -6.049456e-06
1.137000e+02     1.101232e-05     -1.135986e-05     -7.751721e-07
1.140000e+02     2.040707e-05     -1.054083e-05     5.764987e-06
1.143000e+02     5.662811e-06     -1.966025e-05     6.725998e-06
1.146000e+02     -8.605958e-06     -2.252132e-05     2.055000e-06
1.149000e+02     -7.175144e-06     -1.328389e-05     6.845148e-06
1.152000e+02     1.215766e-05     -7.507550e-06     1.320237e-06
1.155000e+02     7.135076e-06     7.480727e-06     6.221987e-06
1.158000e+02     -9.155702e-06     1.144072e-05     6.526349e-06
1.161000e+02     -1.219881e-06     1.660051e-05     5.955057e-06
1.164000e+02     -1.572722e-06     2.656573e-05     -8.533792e-06
1.167000e+02     -6.332886e-06     1.323591e-05     -7.994092e-06
1.170000e+02     -2.399235e-06     -4.325621e-06     -1.040720e-05
1.173000e+02     -7.137205e-06     -6.827854e-06     -1.358885e-05
1.176000e+02     -3.844038e-06     -3.311650e-07     -7.826684e-06
1.179000e+02     1.339588e-05     -7.962890e-06     -6.464514e-06
1.182000e+02     1.600730e-05     -1.767746e-05     4.289739e-06
1.185000e+02     1.257367e-05     -1.399623e-05     1.048933e-05
1.188000e+02     1.345743e-05     -6.961151e-06     1.337130e-05
1.191000e+02     1.908991e-05     -2.732968e-06     1.004171e-05
1.194000e+02     1.320662e-05     1.075748e-06     6.561795e-06
1.197000e+02     -1.581434e-06     -9.356857e-08     5.535484e-06
1.200000e+02     -4.162343e-07     1.220625e-05     2.996369e-06
1.203000e+02     -1.184232e-05     8.592959e-06     -5.083042e-06
1.206000e+02     -1.147134e-05     6.401304e-06     -1.410086e-05
1.209000e+02     -1.308713e-05     -5.782588e-06     -1.028358e-05
1.212000e+02     -1.795176e-05     -5.266313e-06     -3.382647e-06
1.215000e+02     -4.410600e-06     1.407318e-05     4.377468e-06
1.218000e+02     9.423996e-06     -4.656158e-06     7.806065e-06
1.221000e+02     -3.078454e-06     -1.983203e-05     -4.657757e-06
1.224000e+02     4.973953e-06     -1.159075e-05     -2.637666e-06
1.227000e+02     1.616110e-05     -1.101677e-05     -6.085901e-07
1.230000e+02     8.771947e-06     -1.326742e-05     2.016843e-06
1.233000e+02     2.700619e-06     8.780111e-06     1.642694e-06
1.236000e+02     -3.202372e-06     1.283222e-05     6.103063e-06
1.239000e+02     -2.520489e-06     5.474243e-08     6.439906e-06
1.242000e+02     8.599707e-06     -7.150084e-06     1.995183e-06
1.245000e+02     1.519002e-05     1.131601e-06     2.955932e-06
1.248000e+02     1.652571e-05     9.126282e-06     -4.319629e-06
1.251000e+02     1.762008e-05     7.010103e-06     -7.971203e-06
1.254000e+02     1.278112e-05     8.288127e-06     -7.884479e-06
1.257000e+02     9.833175e-06     2.859058e-07     -2.289115e-06
1.260000e+02     -8.340752e-06     -1.578626e-05     -1.034001e-06
1.263000e+02     -1.279968e-05     -1.413242e-05     -3.087704e-06
1.266000e+02     -1.247679e-05     -9.917211e-06     2.258492e-07
1.269000e+02     -1.384088e-05     -2.617375e-06     8.970256e-06
1.272000e+02     5.495312e-07     -5.617360e-06     8.823051e-06
1.275000e+02     -4.370580e-06     -5.403169e-06     1.976319e-06
1.278000e+02     -3.437203e-06     -4.217551e-06     4.003154e-08
1.281000e+02     6.064587e-06     1.057774e-05     3.584629e-06
1.284000e+02     1.463545e-05     1.388861e-05     4.384389e-06
1.287000e+02     1.808500e-05     6.689329e-06     -1.804878e-06
1.290000e+02     1.538401e-05     1.955797e-06     -9.774096e-06
1.293000e+02     1.239480e-05     1.768135e-06     -1.299728e-05
1.296000e+02     7.067952e-06     -4.273926e-06     -6.014384e-06
1.299000e+02     8.996474e-07     -7.461858e-06     -4.935091e-06
1.302000e+02     3.943640e-06     -6.875229e-06     -6.627021e-07
1.305000e+02     -1.100528e-05     -4.705457e-07     6.494587e-06
1.308000e+02     -2.569772e-05     -1.350177e-06     1.173593e-05
1.311000e+02     -2.478649e-05     -1.379300e-05     1.529265e-05
1.314000e+02     -1.939316e-06     -4.697584e-06     1.759662e-05
1.317000e+02     8.592660e-06     1.074529e-06     9.384786e-06
1.320000e+02     8.042293e-06     -5.962168e-06     -1.609332e-06
1.323000e+02     9.695653e-06     -8.839714e-06     -6.749841e-06
1.326000e+02     9.527776e-06     -1.969213e-06     -1.024457e-05
1.329000e+02     4.397189e-06     9.568376e-06     -1.222718e-05
1.332000e+02     1.258399e-05     1.028672e-05     -1.376170e-05
1.335000e+02     2.534764e-05     1.055269e-05     -1.372455e-05
1.338000e+02     1.597629e-05     8.325311e-06     -7.596144e-06
1.341000e+02     1.010030e-05     2.219109e-07     -5.481835e-07
1.344000e+02     2.898863e-06     1.065834e-06     1.833996e-06
1.347000e+02     -1.066961e-05     -3.040136e-06     5.217925e-06
1.350000e+02     -9.720301e-06     -4.533014e-06     1.098498e-05
1.353000e+02     -1.022190e-05     -8.738519e-06     1.483740e-05
1.356000e+02     -1.332842e-05     -1.964856e-05     9.404749e-06
1.359000e+02     -1.009318e-05     -1.646809e-05     4.895196e-06
1.362000e+02     5.560724e-06     -9.572323e-06     -4.067976e-06
1.365000e+02     1.594507e-05     -8.151947e-06     -6.376927e-06
1.368000e+02     3.068223e-06     2.295363e-06     -4.384985e-06
1.371000e+02     7.862171e-06     1.336484e-05     -3.166730e-06
1.374000e+02     1.421890e-05     1.508230e-05     7.831981e-07
1.377000e+02     9.833109e-06     1.317946e-05     -1.844288e-06
1.380000e+02     -2.758870e-06     7.980407e-06     -6.244802e-07
1.383000e+02     -7.615477e-06     2.937408e-06     4.919295e-07
1.386000e+02     -3.584683e-06     -1.536522e-05     -4.401438e-06
1.389000e+02     -4.197807e-08     -1.600384e-05     -4.583900e-06
1.392000e+02     4.381412e-06     -1.784486e-05     -2.567927e-08
1.395000e+02     -2.050038e-06     -9.200220e-06     -1.102834e-06
1.398000e+02     -5.288618e-06     -1.115655e-06     5.647947e-06
1.401000e+02     4.573331e-07     -3.390799e-06     1.369426e-05
1.404000e+02     8.207888e-06     -1.473560e-06     1.168463e-05
1.407000e+02     5.913080e-06     4.475652e-06     1.256190e-05
1.410000e+02     5.014018e-06     1.132810e-05     2.342093e-06
1.413000e+02     1.121266e-05     1.177656e-05     -9.532699e-06
1.416000e+02     1.731067e-05     1.507581e-05     -1.533447e-05
1.419000e+02     1.085927e-05     1.678881e-05     -1.207457e-05
1.422000e+02     2.332210e-06     8.052648e-06     -9.978624e-06
1.425000e+02     3.510369e-06     -6.674609e-06     -8.012056e-06
1.428000e+02     -4.671509e-06     -1.210491e-05     -5.631312e-06
1.431000e+02     -6.937522e-06     -5.743160e-06     -1.257476e-06
1.434000e+02     -1.205108e-05     -9.869345e-06     4.035487e-06
1.437000e+02     -2.292527e-05     -1.280205e-05     9.526618e-06
1.440000e+02     -9.742601e-06     -1.725277e-05     9.301036e-06
1.443000e+02     6.512022e-06     -1.357379e-05     1.322411e-05
1.446000e+02     -4.801528e-07     4.292533e-06     1.363948e-05
1.449000e+02     -1.217585e-06     -2.826935e-07     1.217389e-05
1.452000e+02     1.028195e-05     -3.597909e-06     6.338282e-06
1.455000e+02     1.352693e-05     1.894757e-06     -7.676303e-07
1.458000e+02     2.043386e-05     -1.672936e-06     -9.007359e-06
1.461000e+02     2.240920e-05     -4.597396e-06     -1.422745e-05
1.464000e+02     1.854951e-05     4.760788e-06     -1.410348e-05
1.467000e+02     9.860763e-06     1.075594e-05     -1.202503e-05
1.470000e+02     8.830232e-06     6.307147e-06     -1.046664e-05
1.473000e+02     3.266980e-06     -8.198246e-07     -9.757022e-06
1.476000e+02     1.073063e-06     -7.326102e-06     -6.601816e-06
1.479000e+02     -8.281551e-06     -1.673556e-06     -5.601840e-06
1.482000e+02     -2.116183e-05     -7.124306e-06     1.306330e-06
1.485000e+02     -2.352613e-05     -1.623875e-05     8.041493e-06
1.488000e+02     -1.830155e-05     -6.437775e-06     1.575981e-05
1.491000e+02     -1.277420e-05     1.370534e-06     1.482818e-05
1.494000e+02     -3.112954e-06     3.306307e-06     1.208935e-05
1.497000e+02     8.799409e-06     9.039173e-06     1.205974e-05
1.500000e+02     1.185255e-05     1.186446e-05     1.120992e-05
1.503000e+02     1.294299e-05     1.006267e-05     8.947318e-06
1.506000e+02     1.904577e-05     6.960199e-06     4.935945e-06
1.509000e+02     2.611997e-05     5.729851e-06     -7.466052e-07
1.512000e+02     2.132387e-05     1.838896e-06     -1.046540e-05
1.515000e+02     1.373254e-05     2.701076e-07     -1.311553e-05
1.518000e+02     8.326692e-06     -4.304775e-06     -8.715900e-06
1.521000e+02     -4.601400e-06     -9.310613e-06     -8.455356e-06
1.524000e+02     -1.272716e-05     -1.349142e-05     -7.350171e-06
1.527000e+02     -1.402103e-05     -1.675201e-05     -6.719986e-06
1.530000e+02     -1.353045e-05     -1.370167e-05     -7.252940e-06
1.533000e+02     -1.638310e-05     -8.601910e-06     -5.129574e-06
1.536000e+02     -1.088922e-05     -3.271153e-06     -7.036055e-07
1.539000e+02     -3.410600e-06     -2.055784e-06     5.631444e-06
1.542000e+02     5.445052e-07     1.054861e-06     8.613837e-06
1.545000e+02     1.052201e-05     8.404972e-06     8.781827e-06
1.548000e+02     2.503433e-05     3.825708e-06     6.690624e-06
1.551000e+02     2.046101e-05     3.403820e-06     4.916834e-06
1.554000e+02     9.901538e-06     1.652739e-06     1.027486e-06
1.557000e+02     4.455564e-06     -2.624862e-06     -1.284285e-06
1.560000e+02     -1.913658e-07     1.839719e-07     -6.521878e-07
1.563000e+02     -4.354442e-06     3.235706e-06     -6.236526e-07
1.566000e+02     -2.263648e-06     2.125259e-06     -1.390472e-07
1.569000e+02     -8.250266e-07     -3.929447e-06     2.053328e-06
1.572000e+02     1.344794e-06     -5.433729e-06     3.245208e-08
1.575000e+02     -1.007511e-07     -4.017079e-07     -2.352487e-06
1.578000e+02     -2.606207e-06     8.394277e-06     -6.409005e-07
1.581000e+02     -1.038377e-06     1.008236e-05     -1.408668e-06
1.584000e+02     2.540448e-06     1.129687e-05     -7.096510e-06
1.587000e+02     6.954958e-06     4.576338e-06     -9.262917e-06
1.590000e+02     6.166809e-06     -3.785002e-06     -5.161075e-06
1.593000e+02     4.935647e-06     -2.682273e-06     -1.210153e-06
1.596000e+02     7.450533e-06     -7.235771e-06     4.117946e-06
1.599000e+02     1.146343e-05     -1.458332e-05     8.346833e-06
1.602000e+02     5.368760e-06     -1.490047e-05     7.557008e-06
1.605000e+02     2.335878e-06     -1.655664e-05     5.848472e-06
1.608000e+02     2.077328e-06     -1.380518e-05     2.656150e-06
1.611000e+02     -8.571754e-06     -6.808693e-06     -3.050330e-07
1.614000e+02     -1.114376e-05     -6.727230e-07     -1.208471e-06
1.617000e+02     -5.004801e-06     2.472040e-06     -2.345962e-06
1.620000e+02     4.253748e-07     8.421290e-07     -2.876645e-06
1.623000e+02     -2.613106e-06     4.032767e-06     6.411217e-08
1.626000e+02     -7.287486e-06     7.161246e-06     2.310631e-06
1.629000e+02     -3.183922e-06     8.141977e-06     4.152963e-06
1.632000e+02     2.545636e-06     9.620974e-06     3.512833e-06
1.635000e+02     4.721199e-06     5.004570e-06     1.322673e-06
1.638000e+02     8.477332e-06     1.085229e-05     -3.305403e-06
1.641000e+02     1.629392e-05     8.684576e-06     -1.006746e-05
1.644000e+02     1.823930e-05     2.654855e-06     -8.616337e-06
1.647000e+02     1.201619e-05     -5.008268e-07     -4.251144e-06
1.650000e+02     3.689120e-06     -9.891298e-06     -8.309189e-07
1.653000e+02     2.513551e-06     -1.359509e-05     3.593754e-06
1.656000e+02     6.972891e-06     -1.085861e-05     3.033352e-06
1.659000e+02     5.350179e-06     -8.207209e-06     1.277134e-06
1.662000e+02     -1.410846e-06     -8.252187e-06     2.168955e-06
1.665000e+02     -1.845684e-06     -1.085849e-05     1.420691e-06
1.668000e+02     -1.288596e-06     -1.064272e-05     3.538624e-06
1.671000e+02     -3.153437e-06     -6.447521e-06     2.907982e-06
1.674000e+02     -8.182602e-06     3.570972e-06     -2.061856e-06
1.677000e+02     -1.035739e-05     8.136325e-06     -6.279617e-06
1.680000e+02     -4.535360e-06     1.270936e-05     -5.746616e-06
1.683000e+02     -6.081847e-07     1.423943e-05     9.662210e-07
1.686000e+02     -2.015423e-06     7.923880e-06     3.848886e-06
1.689000e+02     7.102785e-07     7.278213e-06     3.008219e-06
1.692000e+02     5.490768e-06     8.882646e-06     5.119464e-07
1.695000e+02     4.075580e-06     2.186371e-06     1.447058e-06
1.698000e+02     -7.602725e-07     -8.635316e-06     6.026366e-06
1.701000e+02     4.341893e-06     -1.095963e-05     6.855460e-06
1.704000e+02     1.108654e-05     -7.683267e-06     5.615262e-06
1.707000e+02     1.064454e-05     -1.014896e-05     1.274512e-06
1.710000e+02     8.943755e-06     -1.590162e-05     3.207173e-08
1.713000e+02     7.760405e-06     -8.426037e-06     1.963354e-06
1.716000e+02     4.107094e-06     1.843506e-06     4.097544e-06
1.719000e+02     2.345104e-06     2.301725e-06     -8.231332e-08
1.722000e+02     -1.370247e-06     1.965288e-06     -7.316133e-06
1.725000e+02     -5.304979e-06     7.427520e-06     -8.855409e-06
1.728000e+02     -9.040123e-06     1.321001e-05     -7.784218e-06
1.731000e+02     -7.583095e-06     1.142864e-05     -6.632626e-06
1.734000e+02     -4.968495e-06     4.164341e-06     -7.616518e-06
1.737000e+02     -1.994459e-06     2.518066e-07     -7.445306e-06
1.740000e+02     -4.406229e-08     -7.869385e-07     -4.876941e-06
1.743000e+02     4.011423e-06     -6.641136e-06     -6.235537e-07
1.746000e+02     5.801187e-06     -1.161691e-05     6.131088e-06
1.749000e+02     4.394535e-06     -1.514706e-05     9.791755e-06
1.752000e+02     1.233578e-06     -1.512404e-05     1.254059e-05
1.755000e+02     6.667226e-06     -9.898976e-06     9.576454e-06
1.758000e+02     1.276110e-05     -3.885225e-06     7.599186e-06
1.761000e+02     1.222634e-05     7.980953e-07     3.903873e-06
1.764000e+02     1.063344e-05     2.887520e-06     -1.716880e-07
1.767000e+02     1.094503e-05     5.466725e-06     -3.243674e-06
1.770000e+02     9.537037e-07     7.817017e-06     -6.213366e-06
1.773000e+02     -8.942220e-06     4.813743e-06     -7.036310e-06
1.776000e+02     -8.015065e-06     2.542823e-06     -4.413187e-06
1.779000e+02     -7.422616e-06     3.997547e-06     -3.015371e-06
1.782000e+02     -3.881794e-06     4.057966e-06     -1.611078e-06
1.785000e+02     -1.729444e-06     1.942686e-06     5.035048e-07
1.788000e+02     -4.983482e-06     -1.422931e-07     4.189584e-07
1.791000e+02     -5.081154e-06     -2.483431e-07     1.995027e-06
1.794000e+02     2.717411e-07     -2.986446e-06     2.942497e-06
1.797000e+02     8.055662e-06     -3.535314e-06     1.396718e-06
1.800000e+02     1.022729e-05     -4.782777e-06     -5.311649e-07
1.803000e+02     6.961436e-06     -6.254956e-06     -3.445520e-06
1.806000e+02     6.604068e-06     -7.914636e-06     -4.651016e-06
1.809000e+02     6.809643e-06     -4.564100e-06     -3.882176e-06
1.812000e+02     6.013795e-06     3.270246e-06     -6.090551e-07
1.815000e+02     1.645131e-06     1.041483e-05     4.265648e-07
1.818000e+02     3.567013e-07     9.749797e-06     6.500803e-07
1.821000e+02     -2.501925e-06     7.824230e-06     1.599259e-06
1.824000e+02     -8.552354e-06     7.200707e-06     5.021488e-06
1.827000e+02     -1.284521e-05     2.616700e-06     1.008001e-05
1.830000e+02     -9.766747e-06     -1.346444e-06     1.011571e-05
1.833000e+02     -1.085463e-06     -5.118933e-06     8.035279e-06
1.836000e+02     3.130865e-06     -1.032549e-05     4.440125e-06
1.839000e+02     8.621521e-06     -1.640173e-05     6.675735e-07
1.842000e+02     1.386150e-05     -1.787537e-05     -3.697525e-06
1.845000e+02     1.159704e-05     -1.436440e-05     -9.066109e-06
1.848000e+02     8.756347e-06     -5.808916e-06     -1.055272e-05
1.851000e+02     4.132571e-06     -8.565308e-07     -8.637530e-06
1.854000e+02     7.753114e-08     9.902220e-07     -6.753814e-06
1.857000e+02     9.023533e-08     3.310950e-06     -3.954920e-06
1.860000e+02     -1.690841e-06     1.061579e-05     -1.497666e-06
1.863000e+02     -2.247443e-06     1.624110e-05     -6.872268e-07
1.866000e+02     9.174585e-08     1.521060e-05     -1.241248e-06
1.869000e+02     2.388921e-06     1.240664e-05     -1.122692e-06
1.872000e+02     -7.101212e-07     5.656046e-06     3.021654e-06
1.875000e+02     -3.471710e-06     -2.984075e-06     5.785833e-06
1.878000e+02     -3.274224e-06     -7.961421e-06     5.711419e-06
1.881000e+02     -1.662632e-06     -1.147918e-05     4.983463e-06
1.884000e+02     -4.203594e-08     -9.292116e-06     4.604294e-06
1.887000e+02     2.656695e-06     -4.236632e-06     5.056517e-06
1.890000e+02     5.381260e-07     4.443042e-06     5.033668e-06
1.893000e+02     -4.298458e-06     9.241270e-06     2.665662e-06
1.896000e+02     -8.194556e-06     3.292919e-06     -3.554717e-07
1.899000e+02     -8.115777e-06     -2.617782e-06     -3.299347e-06
1.902000e+02     -6.107791e-06     -5.052317e-06     -4.487871e-06
1.905000e+02     4.366503e-07     -4.961977e-06     -5.537556e-06
1.908000e+02     6.927271e-06     -5.490752e-06     -5.961773e-06
1.911000e+02     1.067436e-05     -7.881433e-06     -6.796823e-06
1.914000e+02     1.413140e-05     -6.514429e-06     -7.366790e-06
1.917000e+02     1.477964e-05     -2.448733e-06     -5.790804e-06
1.920000e+02     1.595837e-05     1.450335e-06     -1.614143e-06
1.923000e+02     1.309165e-05     5.576575e-06     1.547193e-06
1.926000e+02     5.777192e-06     6.504185e-06     5.053799e-06
1.929000e+02     -1.533368e-06     7.171612e-06     6.942273e-06
1.932000e+02     -7.813776e-06     7.746105e-06     6.499814e-06
1.935000e+02     -9.437342e-06     6.147960e-06     6.024861e-06
1.938000e+02     -7.791904e-06     1.227583e-06     2.514587e-06
1.941000e+02     -9.356616e-06     -5.910593e-06     -2.828028e-07
1.944000e+02     -1.163622e-05     -1.030738e-05     5.211418e-07
1.947000e+02     -6.311740e-06     -8.649535e-06     2.569938e-06
1.950000e+02     -1.922109e-06     -4.466795e-06     3.503151e-06
1.953000e+02     -1.234635e-06     -2.950259e-06     3.413701e-06
1.956000e+02     3.409748e-06     -1.956158e-06     1.705119e-06
1.959000e+02     7.665621e-06     8.203347e-07     6.694949e-07
1.962000e+02     9.113425e-06     2.685502e-06     -2.492971e-06
1.965000e+02     9.975463e-06     4.808185e-06     -4.610509e-06
1.968000e+02     1.329196e-05     4.254201e-06     -4.893116e-06
1.971000e+02     1.103483e-05     4.769328e-06     -7.577601e-06
1.974000e+02     5.885128e-06     5.589862e-06     -7.708106e-06
1.977000e+02     4.586884e-06     2.232453e-06     -4.000689e-06
1.980000e+02     7.946046e-07     -1.676454e-06     -1.887198e-06
1.983000e+02     -5.103803e-06     -3.087806e-06     -2.817534e-07
1.986000e+02     -8.451011e-06     -2.541295e-06     3.709505e-06
1.989000e+02     -8.598833e-06     -1.233993e-06     7.928968e-06
1.992000e+02     -7.821875e-06     -1.112824e-06     1.055441e-05
1.995000e+02     -7.694928e-06     -4.818522e-06     1.033633e-05
1.998000e+02     -7.983570e-06     -6.243998e-06     8.240846e-06
2.001000e+02     -8.604287e-06     -5.419518e-06     4.399077e-06
2.004000e+02     -5.636162e-06     -2.306283e-06     1.458900e-07
2.007000e+02     8.656421e-07     2.463675e-07     -3.949920e-06
2.010000e+02     8.461273e-06     8.724578e-07     -6.044205e-06
2.013000e+02     1.192586e-05     1.960232e-06     -7.759511e-06
2.016000e+02     1.028555e-05     2.717709e-06     -8.164449e-06
2.019000e+02     9.700976e-06     5.699247e-06     -6.084402e-06
2.022000e+02     6.767108e-06     5.901389e-06     -2.247282e-06
2.025000e+02     8.596153e-07     1.513034e-07     -3.894495e-07
2.028000e+02     -2.994523e-06     -5.282172e-06     5.208893e-07
2.031000e+02     -5.262245e-06     -5.612200e-06     2.951302e-06
2.034000e+02     -6.097101e-06     -6.032358e-06     5.056265e-06
2.037000e+02     -7.157107e-06     -6.574486e-06     6.405158e-06
2.040000e+02     -5.704601e-06     -2.782700e-06     4.975148e-06
2.043000e+02     -1.502121e-06     2.046527e-06     1.062812e-06
2.046000e+02     2.221662e-06     4.071333e-06     -3.314506e-06
2.049000e+02     5.400632e-06     5.314971e-06     -6.185851e-06
2.052000e+02     5.539403e-06     7.546228e-06     -6.362326e-06
2.055000e+02     4.448997e-06     8.961558e-06     -3.916049e-06
2.058000e+02     2.058533e-06     7.617553e-06     -2.535640e-06
2.061000e+02     -2.259166e-06     3.264170e-06     -3.302117e-06
2.064000e+02     -2.468513e-06     -1.119723e-06     -2.041025e-06
2.067000e+02     1.260916e-06     -3.266060e-06     -1.972494e-07
2.070000e+02     1.820645e-06     -4.455269e-06     -1.306310e-08
2.073000e+02     2.257753e-06     -2.264558e-06     1.159801e-06
2.076000e+02     9.201242e-08     -2.599446e-06     4.172438e-06
2.079000e+02     -1.646567e-06     -5.762483e-06     7.287674e-06
2.082000e+02     -1.631371e-06     -5.948922e-06     9.107636e-06
2.085000e+02     -3.728764e-06     -6.013379e-06     9.063761e-06
2.088000e+02     -2.424994e-06     -7.111338e-06     8.546729e-06
2.091000e+02     2.519378e-06     -3.709223e-06     6.466939e-06
2.094000e+02     5.033054e-06     2.045055e-06     1.580578e-06
2.097000e+02     5.957788e-06     4.535026e-06     -3.863686e-06
2.100000e+02     2.215714e-06     6.790384e-06     -6.831202e-06
2.103000e+02     -2.312051e-06     8.937862e-06     -7.378683e-06
2.106000e+02     -3.371589e-06     7.220247e-06     -6.060811e-06
2.109000e+02     -3.790143e-06     1.704993e-06     -3.713394e-06
2.112000e+02     -6.193175e-06     -3.040648e-06     -2.561758e-06
2.115000e+02     -6.319154e-06     -5.327812e-06     -2.111803e-06
2.118000e+02     -3.916626e-06     -5.684782e-06     -1.121238e-06
2.121000e+02     -3.527788e-06     -6.850200e-06     -6.813850e-07
2.124000e+02     -2.136093e-06     -7.754688e-06     -1.770871e-06
2.127000e+02     2.248923e-06     -3.576392e-06     -3.455480e-06
2.130000e+02     6.312803e-06     1.994531e-06     -3.158632e-06
2.133000e+02     6.387252e-06     5.619951e-06     -2.364463e-06
2.136000e+02     6.218116e-06     6.385994e-06     -1.184311e-06
2.139000e+02     5.728686e-06     5.046703e-06     -1.416968e-06
2.142000e+02     4.101136e-06     2.388846e-06     -7.390022e-07
2.145000e+02     3.949756e-07     -2.552804e-07     2.137824e-06
2.148000e+02     -2.123855e-06     -1.187445e-06     3.656162e-06
2.151000e+02     -2.684551e-06     -1.360047e-06     4.230268e-06
2.154000e+02     -4.371964e-06     -2.296406e-06     4.526654e-06
2.157000e+02     -5.161471e-06     -2.730193e-06     5.229146e-06
2.160000e+02     -5.964374e-06     2.752264e-07     5.964328e-06
2.163000e+02     -5.912921e-06     1.026643e-06     5.616955e-06
2.166000e+02     -2.375365e-06     -4.264414e-07     2.849717e-06
2.169000e+02     3.547102e-06     6.733261e-07     -8.162544e-07
2.172000e+02     7.687684e-06     2.433767e-06     -2.204706e-06
2.175000e+02     9.659023e-06     2.373170e-06     -2.710099e-06
2.178000e+02     7.319562e-06     2.600730e-06     -4.202712e-06
2.181000e+02     2.662791e-06     1.437227e-06     -3.965407e-06
2.184000e+02     -7.177674e-07     -3.500679e-07     -2.658619e-06
2.187000e+02     -2.886783e-06     -8.984638e-07     -5.147410e-07
2.190000e+02     -4.223374e-06     5.356363e-07     1.374035e-06
2.193000e+02     -6.995161e-06     2.102805e-06     2.223383e-06
2.196000e+02     -1.194676e-05     2.169301e-06     3.035949e-06
2.199000e+02     -1.323310e-05     6.700629e-07     1.571617e-06
2.202000e+02     -9.322604e-06     3.875995e-07     -1.185179e-06
2.205000e+02     -5.016040e-06     -9.592617e-07     -3.989872e-06
2.208000e+02     -6.731357e-07     -2.402592e-06     -4.044669e-06
2.211000e+02     4.621403e-06     -2.586973e-06     -2.784298e-06
2.214000e+02     8.919905e-06     -1.480043e-06     -2.081485e-06
2.217000e+02     1.088825e-05     5.682608e-07     -3.597471e-06
2.220000e+02     1.052185e-05     3.129031e-06     -4.888797e-06
2.223000e+02     8.214157e-06     4.892843e-06     -2.320842e-06
2.226000e+02     2.488804e-06     5.416388e-06     6.368261e-07
2.229000e+02     -3.157109e-06     4.861958e-06     3.561535e-06
2.232000e+02     -5.264672e-06     5.097209e-06     6.073623e-06
2.235000e+02     -5.276793e-06     4.692813e-06     6.922432e-06
2.238000e+02     -4.543691e-06     1.290672e-06     5.758349e-06
2.241000e+02     -3.848011e-06     -3.708303e-06     3.140556e-06
2.244000e+02     -2.166786e-06     -6.575327e-06     1.093077e-06
2.247000e+02     6.224127e-07     -8.210444e-06     7.589329e-07
2.250000e+02     1.802652e-06     -1.031335e-05     2.422409e-07
2.253000e+02     4.840458e-07     -1.148424e-05     -1.547277e-06
2.256000e+02     -2.817859e-06     -1.117522e-05     -2.142608e-06
2.259000e+02     -3.383965e-06     -8.944263e-06     -1.156187e-06
2.262000e+02     -1.699715e-06     -3.045746e-06     -1.827316e-06
2.265000e+02     -5.825997e-07     5.100305e-06     -2.883416e-06
2.268000e+02     7.176651e-07     1.232988e-05     -2.821411e-06
2.271000e+02     1.097536e-06     1.704242e-05     -2.088322e-06
2.274000e+02     -1.016664e-06     1.728020e-05     -3.465295e-07
2.277000e+02     -1.989451e-06     1.523242e-05     1.672883e-06
2.280000e+02     -1.525785e-06     1.189271e-05     2.819050e-06
2.283000e+02     -1.975584e-06     5.917196e-06     2.371453e-06
2.286000e+02     -2.662261e-06     -1.431275e-06     1.632138e-06
2.289000e+02     -2.792952e-06     -7.554791e-06     1.320887e-06
2.292000e+02     -2.217695e-06     -1.234485e-05     5.382349e-07
2.295000e+02     -1.463155e-06     -1.572390e-05     -8.210064e-07
2.298000e+02     7.418910e-07     -1.476126e-05     -2.339667e-06
2.301000e+02     4.365723e-06     -9.570587e-06     -3.604439e-06
2.304000e+02     6.644984e-06     -4.612829e-06     -4.502334e-06
2.307000e+02     4.390719e-06     6.572624e-07     -3.222881e-06
2.310000e+02     2.637072e-07     5.297686e-06     -9.139280e-07
2.313000e+02     -3.933179e-06     7.282549e-06     2.336633e-06
2.316000e+02     -7.465929e-06     8.705173e-06     5.173036e-06
2.319000e+02     -8.868253e-06     1.109187e-05     5.812252e-06
2.322000e+02     -7.853504e-06     1.128833e-05     4.370117e-06
2.325000e+02     -4.913251e-06     8.639733e-06     2.319713e-06
2.328000e+02     -3.329570e-06     3.783216e-06     5.774066e-07
2.331000e+02     -6.563031e-07     -1.535362e-06     -1.047676e-06
2.334000e+02     4.773821e-06     -3.367555e-06     -2.523344e-06
2.337000e+02     7.377329e-06     -2.749616e-06     -3.141671e-06
2.340000e+02     7.021298e-06     -3.398804e-06     -1.539467e-06
2.343000e+02     5.319411e-06     -4.576031e-06     -8.721536e-07
2.346000e+02     1.980359e-06     -4.442259e-06     -6.372814e-07
2.349000e+02     -4.025024e-06     -8.504080e-07     -6.227051e-07
2.352000e+02     -8.831045e-06     3.541174e-06     -1.474355e-06
2.355000e+02     -8.488223e-06     5.363015e-06     -2.106138e-06
2.358000e+02     -4.769923e-06     4.947259e-06     -2.280091e-06
2.361000e+02     -1.838568e-06     3.789236e-06     -2.216767e-06
2.364000e+02     9.144719e-07     2.064886e-06     -1.242325e-06
2.367000e+02     3.191534e-06     -2.598104e-07     4.420853e-07
2.370000e+02     3.524914e-06     -2.014844e-06     1.052148e-06
2.373000e+02     3.166227e-06     -1.704816e-06     6.868449e-07
2.376000e+02     2.068644e-06     -1.400059e-06     8.457291e-07
2.379000e+02     1.070663e-07     2.144393e-07     2.293737e-06
2.382000e+02     -1.582268e-06     1.156822e-06     4.534110e-06
2.385000e+02     -2.944239e-06     5.212903e-07     6.016347e-06
2.388000e+02     -4.134637e-06     1.257919e-07     5.587468e-06
2.391000e+02     -3.256724e-06     5.297532e-07     3.971140e-06
2.394000e+02     -1.806849e-06     1.924012e-06     2.751140e-06
2.397000e+02     -1.939779e-06     3.419475e-06     7.217786e-07
2.400000e+02     -3.538545e-06     2.891452e-06     -2.555812e-06
2.403000e+02     -2.939018e-06     1.948009e-06     -5.841461e-06
2.406000e+02     -2.107073e-07     1.605633e-06     -8.165568e-06
2.409000e+02     8.110366e-07     1.327581e-06     -8.690853e-06
2.412000e+02     1.535500e-06     7.868635e-07     -7.400799e-06
2.415000e+02     3.663809e-06     3.785190e-08     -3.550259e-06
2.418000e+02     4.627314e-06     5.715536e-07     1.021655e-06
2.421000e+02     2.797439e-06     5.492251e-07     4.411595e-06
2.424000e+02     -8.468955e-08     8.485189e-07     6.039530e-06
2.427000e+02     -3.309536e-06     1.287732e-06     6.393771e-06
2.430000e+02     -4.683657e-06     9.367912e-07     6.506213e-06
2.433000e+02     -4.532462e-06     1.612907e-06     4.668204e-06
2.436000e+02     -4.510042e-06     3.356354e-06     8.078754e-07
2.439000e+02     -3.425311e-06     3.505641e-06     -2.591409e-06
2.442000e+02     -1.551334e-06     1.643578e-06     -2.801473e-06
2.445000e+02     7.319859e-07     -7.797362e-07     -1.777463e-06
2.448000e+02     2.127715e-06     -9.594726e-07     -1.612328e-06
2.451000e+02     2.400538e-06     -1.318010e-07     -9.604037e-07
2.454000e+02     7.943290e-07     6.356867e-08     -5.131223e-07
2.457000e+02     -2.152933e-06     1.008039e-06     9.764899e-07
2.460000e+02     -3.940389e-06     2.015686e-06     2.402944e-06
2.463000e+02     -4.874800e-06     2.248066e-06     1.602270e-06
2.466000e+02     -3.556519e-06     2.572988e-06     1.821655e-07
2.469000e+02     -1.972523e-06     2.297328e-06     -1.068958e-06
2.472000e+02     -1.570246e-06     1.605776e-06     -1.901898e-06
2.475000e+02     -9.230586e-07     6.835251e-07     -2.373625e-06
2.478000e+02     -1.946495e-08     -7.379032e-07     -2.588757e-06
2.481000e+02     -5.059028e-08     1.833911e-07     -2.090018e-06
2.484000e+02     -1.335039e-06     1.995075e-06     -4.992386e-07
2.487000e+02     -2.380664e-06     1.858665e-06     1.414289e-06
2.490000e+02     -2.051643e-06     9.726651e-07     2.682598e-06
2.493000e+02     2.003519e-08     3.391769e-07     2.689860e-06
2.496000e+02     2.719465e-06     3.388668e-07     1.639138e-06
2.499000e+02     5.725674e-06     6.914294e-07     9.323476e-07
2.502000e+02     6.419494e-06     9.565043e-07     1.689645e-07
2.505000e+02     3.592455e-06     3.771570e-07     -1.374318e-06
2.508000e+02     -3.176147e-07     3.754247e-07     -2.133860e-06
2.511000e+02     -4.554607e-06     1.787989e-07     -2.317717e-06
2.514000e+02     -9.185696e-06     -1.444471e-06     -1.286606e-06
2.517000e+02     -1.214326e-05     -2.295564e-06     1.700184e-07
2.520000e+02     -1.248136e-05     -2.341880e-06     8.001006e-07
2.523000e+02     -8.168943e-06     -2.198998e-06     6.067796e-07
2.526000e+02     -1.508722e-06     -1.333017e-06     4.338373e-07
2.529000e+02     3.429058e-06     8.323768e-07     7.457728e-07
2.532000e+02     4.915164e-06     2.815788e-06     1.019902e-06
2.535000e+02     4.576034e-06     5.937134e-06     7.529009e-07
2.538000e+02     4.783081e-06     9.883222e-06     9.136472e-08
2.541000e+02     5.195161e-06     1.119753e-05     -1.360961e-06
2.544000e+02     6.969319e-06     9.878716e-06     -2.736621e-06
2.547000e+02     6.689781e-06     6.113830e-06     -3.929807e-06
2.550000e+02     2.156964e-06     1.818227e-06     -5.124052e-06
2.553000e+02     -2.166131e-06     -3.007510e-06     -4.852983e-06
2.556000e+02     -6.059248e-06     -7.020750e-06     -3.345298e-06
2.559000e+02     -7.863836e-06     -8.212863e-06     -1.742047e-06
2.562000e+02     -8.111156e-06     -8.262953e-06     6.841399e-07
2.565000e+02     -7.394455e-06     -7.055768e-06     4.790560e-06
2.568000e+02     -4.799738e-06     -4.684966e-06     9.546781e-06
2.571000e+02     -1.908725e-06     -1.901392e-06     1.298976e-05
2.574000e+02     1.164552e-06     1.591429e-06     1.264478e-05
2.577000e+02     4.590901e-06     5.407023e-06     9.171336e-06
2.580000e+02     5.582533e-06     8.614667e-06     3.510760e-06
2.583000e+02     4.921991e-06     1.038344e-05     -3.253114e-06
2.586000e+02     3.137065e-06     1.131354e-05     -8.248601e-06
2.589000e+02     1.189744e-06     1.070695e-05     -1.137084e-05
2.592000e+02     -2.143759e-06     6.180366e-06     -1.240472e-05
2.595000e+02     -6.841123e-06     -2.746142e-07     -1.052624e-05
2.598000e+02     -9.942843e-06     -5.559207e-06     -6.494289e-06
2.601000e+02     -1.018566e-05     -8.546277e-06     -3.000787e-06
2.604000e+02     -8.927631e-06     -9.916623e-06     -8.387319e-08
2.607000e+02     -5.602003e-06     -9.446168e-06     2.180818e-06
2.610000e+02     -2.726130e-06     -6.423841e-06     4.143772e-06
2.613000e+02     -1.410284e-06     -3.364853e-06     5.657912e-06
2.616000e+02     2.815725e-06     6.228666e-07     5.530812e-06
2.619000e+02     7.602194e-06     5.212305e-06     4.221157e-06
2.622000e+02     1.039462e-05     8.818473e-06     2.009230e-06
2.625000e+02     9.449918e-06     1.076066e-05     1.237958e-07
2.628000e+02     5.543993e-06     9.310837e-06     -9.282661e-07
2.631000e+02     1.352720e-06     7.063829e-06     -1.796094e-06
2.634000e+02     -2.383199e-06     4.200669e-06     -1.832751e-06
2.637000e+02     -6.424352e-06     9.237121e-07     -8.080554e-07
2.640000e+02     -8.793632e-06     -1.479266e-06     1.091468e-06
2.643000e+02     -1.015160e-05     -3.009095e-06     3.488372e-06
2.646000e+02     -8.961905e-06     -3.711023e-06     5.261634e-06
2.649000e+02     -6.726400e-06     -4.182081e-06     5.247641e-06
2.652000e+02     -6.008064e-06     -3.853378e-06     4.185360e-06
2.655000e+02     -3.649649e-06     -2.563313e-06     2.304650e-06
2.658000e+02     -5.381758e-07     -1.163848e-06     -8.120804e-08
2.661000e+02     4.091537e-06     -7.463224e-07     -3.210176e-06
2.664000e+02     9.249451e-06     1.277709e-06     -6.626895e-06
2.667000e+02     1.187722e-05     2.688951e-06     -8.788695e-06
2.670000e+02     1.072586e-05     2.359031e-06     -9.274907e-06
2.673000e+02     7.268544e-06     1.256344e-06     -8.303423e-06
2.676000e+02     1.492602e-06     1.317256e-06     -6.191028e-06
2.679000e+02     -3.813878e-06     1.584900e-06     -1.845481e-06
2.682000e+02     -7.325237e-06     1.799152e-06     3.516336e-06
2.685000e+02     -9.570029e-06     2.799857e-06     7.459083e-06
2.688000e+02     -9.240779e-06     2.708325e-06     9.693937e-06
2.691000e+02     -6.758486e-06     3.239357e-06     9.321594e-06
2.694000e+02     -4.831168e-06     5.271175e-06     7.536737e-06
2.697000e+02     -2.587950e-06     6.513906e-06     5.660117e-06
2.700000e+02     -7.018968e-07     5.146997e-06     3.458765e-06
2.703000e+02     1.942349e-06     3.574627e-06     8.397929e-07
2.706000e+02     4.320400e-06     2.086833e-06     -2.650314e-06
2.709000e+02     4.859730e-06     1.254461e-06     -6.268035e-06
2.712000e+02     4.296968e-06     -3.905769e-08     -8.600886e-06
2.715000e+02     3.002732e-06     -1.543060e-06     -9.829065e-06
2.718000e+02     1.623400e-06     -2.179733e-06     -8.938006e-06
2.721000e+02     5.024551e-07     -2.374493e-06     -5.858385e-06
2.724000e+02     -7.587107e-07     -3.601593e-06     -2.025771e-06
2.727000e+02     -2.816443e-06     -4.015654e-06     7.420088e-07
2.730000e+02     -5.232055e-06     -3.220345e-06     2.941279e-06
2.733000e+02     -6.398708e-06     -2.818132e-06     5.312365e-06
2.736000e+02     -6.954844e-06     -3.350558e-06     7.542407e-06
2.739000e+02     -8.014419e-06     -2.476590e-06     8.721988e-06
2.742000e+02     -7.478339e-06     4.040170e-07     7.728270e-06
2.745000e+02     -4.085088e-06     3.268461e-06     6.018355e-06
2.748000e+02     1.122991e-06     4.265206e-06     3.843192e-06
2.751000e+02     4.794513e-06     2.813958e-06     1.486917e-06
2.754000e+02     6.779902e-06     1.866442e-06     -9.640736e-07
2.757000e+02     6.835434e-06     2.739170e-06     -3.408749e-06
2.760000e+02     5.580794e-06     4.141840e-06     -5.465009e-06
2.763000e+02     3.521356e-06     4.845829e-06     -6.741689e-06
2.766000e+02     1.633221e-06     5.192602e-06     -6.292593e-06
2.769000e+02     -1.163060e-06     3.654062e-06     -4.660350e-06
2.772000e+02     -3.862722e-06     1.186492e-06     -2.388247e-06
2.775000e+02     -5.368476e-06     -6.254377e-07     8.446045e-07
2.778000e+02     -4.764225e-06     -1.584064e-06     3.691266e-06
2.781000e+02     -4.301442e-06     -1.552217e-06     4.452465e-06
2.784000e+02     -3.880022e-06     1.223865e-07     3.818787e-06
2.787000e+02     -2.877532e-06     2.045188e-06     2.404812e-06
2.790000e+02     -1.762964e-06     3.285747e-06     5.200261e-07
2.793000e+02     -1.463433e-06     4.678723e-06     -1.418295e-06
2.796000e+02     -1.197850e-06     3.557606e-06     -1.796566e-06
2.799000e+02     -1.344900e-06     1.294000e-06     -1.714363e-06
2.802000e+02     -8.934904e-07     -1.226406e-06     -1.914575e-06
2.805000e+02     1.056883e-06     -3.824667e-06     -2.831386e-06
2.808000e+02     3.788837e-06     -4.095196e-06     -3.812203e-06
2.811000e+02     6.332054e-06     -2.205042e-06     -4.099905e-06
2.814000e+02     6.246617e-06     1.916206e-07     -3.242577e-06
2.817000e+02     4.549305e-06     1.612103e-06     -7.060572e-07
2.820000e+02     1.444979e-06     2.496475e-06     2.554315e-06
2.823000e+02     -2.040360e-06     1.720892e-06     5.219202e-06
2.826000e+02     -5.057067e-06     -2.476655e-07     5.614319e-06
2.829000e+02     -7.149850e-06     -1.321143e-06     4.181176e-06
2.832000e+02     -7.701116e-06     -1.282831e-06     1.933652e-06
2.835000e+02     -7.685489e-06     -5.419362e-07     9.000511e-08
2.838000e+02     -6.899890e-06     7.523821e-07     -4.817358e-07
2.841000e+02     -4.691701e-06     2.418803e-06     -6.190696e-07
2.844000e+02     -2.593554e-06     4.110189e-06     -1.179002e-06
2.847000e+02     -1.248976e-06     4.344175e-06     -1.775617e-06
2.850000e+02     5.151086e-08     3.745750e-06     -1.543654e-06
2.853000e+02     1.267943e-06     3.568789e-06     -4.779397e-07
2.856000e+02     2.305654e-06     3.402748e-06     6.594346e-07
2.859000e+02     2.777702e-06     3.159671e-06     1.419823e-06
2.862000e+02     3.193241e-06     4.088030e-06     2.203581e-06
2.865000e+02     3.404118e-06     4.085615e-06     2.955750e-06
2.868000e+02     3.530791e-06     3.060434e-06     2.599092e-06
2.871000e+02     3.441053e-06     9.735824e-07     8.105031e-07
2.874000e+02     2.728453e-06     -1.848298e-06     -1.537094e-06
2.877000e+02     6.202892e-07     -4.294282e-06     -3.233699e-06
2.880000e+02     -1.299165e-06     -5.724255e-06     -4.499244e-06
2.883000e+02     -1.861070e-06     -6.131829e-06     -5.442557e-06
2.886000e+02     -2.775886e-06     -6.158951e-06     -4.569241e-06
2.889000e+02     -4.419028e-06     -5.643750e-06     -2.065180e-06
2.892000e+02     -5.090251e-06     -4.352039e-06     1.057180e-06
2.895000e+02     -4.573266e-06     -1.705120e-06     3.732050e-06
2.898000e+02     -4.503952e-06     2.523575e-06     5.358803e-06
2.901000e+02     -3.957850e-06     8.245854e-06     5.956805e-06
2.904000e+02     -2.728386e-06     1.226666e-05     5.141282e-06
2.907000e+02     -1.624864e-06     1.220989e-05     3.082377e-06
2.910000e+02     -7.236391e-07     9.491019e-06     9.850590e-07
2.913000e+02     -4.404912e-07     6.971941e-06     -1.265113e-06
2.916000e+02     -9.444533e-08     4.634185e-06     -4.476146e-06
2.919000e+02     1.015186e-06     1.360384e-06     -6.936287e-06
2.922000e+02     2.404383e-06     -1.704458e-06     -7.284417e-06
2.925000e+02     2.712130e-06     -3.825965e-06     -5.515899e-06
2.928000e+02     1.928631e-06     -4.491201e-06     -2.020994e-06
2.931000e+02     1.326011e-06     -4.316862e-06     1.473241e-06
2.934000e+02     7.085082e-07     -4.655371e-06     4.662872e-06
2.937000e+02     2.987524e-07     -4.823650e-06     6.286218e-06
2.940000e+02     -1.176553e-07     -4.160849e-06     6.003944e-06
2.943000e+02     -4.477350e-07     -3.733155e-06     4.213408e-06
2.946000e+02     -4.401257e-07     -3.311054e-06     1.882128e-06
2.949000e+02     -9.007158e-07     -1.888857e-06     -3.167137e-07
2.952000e+02     -1.679455e-06     6.197524e-08     -2.281795e-06
2.955000e+02     -3.304737e-06     2.310840e-06     -3.185674e-06
2.958000e+02     -5.097796e-06     5.491918e-06     -2.749581e-06
2.961000e+02     -5.442659e-06     7.000642e-06     -1.753261e-06
2.964000e+02     -4.956547e-06     7.605926e-06     -9.416197e-07
2.967000e+02     -3.077651e-06     7.109270e-06     -8.194254e-07
2.970000e+02     -3.288147e-09     5.204432e-06     -8.948924e-07
2.973000e+02     1.851154e-06     3.444329e-06     -1.658284e-06
2.976000e+02     1.316618e-06     1.668185e-06     -2.156633e-06
2.979000e+02     -5.950160e-07     1.892051e-07     -2.019940e-06
2.982000e+02     -2.080932e-06     -1.087468e-06     -1.210936e-06
2.985000e+02     -3.236124e-06     -1.159083e-06     7.121412e-08
2.988000e+02     -3.165600e-06     -1.974321e-06     9.789509e-07
2.991000e+02     -1.343368e-06     -2.286008e-06     1.415066e-06
2.994000e+02     6.833642e-07     -1.218724e-06     1.379275e-06
2.997000e+02     2.794102e-06     -7.288906e-07     1.251693e-06
3.000000e+02     4.509197e-06     -5.352984e-07     9.835176e-07
3.003000e+02     5.442127e-06     -5.183346e-07     6.571508e-07
3.006000e+02     4.890598e-06     -6.889555e-07     3.453324e-07
3.009000e+02     2.678401e-06     -1.719027e-07     4.301247e-07
3.012000e+02     -6.146688e-07     -6.704035e-07     9.774455e-07
3.015000e+02     -4.446557e-06     -1.826052e-06     1.988805e-06
3.018000e+02     -7.499787e-06     -1.585318e-06     2.760033e-06
3.021000e+02     -8.710031e-06     -4.722986e-08     2.949592e-06
3.024000e+02     -7.913905e-06     2.217945e-06     2.313705e-06
3.027000e+02     -5.059190e-06     4.199146e-06     1.015499e-06
3.030000e+02     -9.666267e-07     5.275959e-06     -6.931208e-07
3.033000e+02     2.417708e-06     5.545015e-06     -2.216538e-06
3.036000e+02     4.496933e-06     5.868935e-06     -2.734467e-06
3.039000e+02     4.987118e-06     5.435842e-06     -3.013866e-06
3.042000e+02     5.108314e-06     3.793161e-06     -2.859188e-06
3.045000e+02     3.680456e-06     1.642288e-06     -2.743397e-06
3.048000e+02     9.872474e-07     -8.082066e-07     -2.405724e-06
3.051000e+02     -1.984601e-06     -2.773735e-06     -1.752295e-06
3.054000e+02     -5.782647e-06     -4.522450e-06     -1.097367e-06
3.057000e+02     -8.096956e-06     -5.511301e-06     -2.502036e-07
3.060000e+02     -7.167346e-06     -4.904555e-06     5.965039e-07
3.063000e+02     -4.775042e-06     -2.946749e-06     9.386933e-07
3.066000e+02     -1.926778e-06     -9.335908e-07     1.484433e-06
3.069000e+02     1.846461e-06     3.084821e-07     2.131799e-06
