  0.00000E+00  0.20058E-17 -0.30154E-18 -0.99950E-19
  0.30000E+00 -0.49982E-16  0.19516E-17 -0.39980E-17
  0.60000E+00 -0.66150E-13  0.26340E-13  0.13149E-12
  0.90000E+00 -0.51760E-12  0.20620E-12  0.10279E-11
  0.12000E+01 -0.20764E-11  0.82930E-12  0.41245E-11
  0.15000E+01 -0.58590E-11  0.23394E-11  0.11625E-10
  0.18000E+01 -0.13245E-10  0.52970E-11  0.26309E-10
  0.21000E+01 -0.25860E-10  0.10346E-10  0.51338E-10
  0.24000E+01 -0.45367E-10  0.18145E-10  0.90066E-10
  0.27000E+01 -0.73450E-10  0.29387E-10  0.14584E-09
  0.30000E+01 -0.11172E-09  0.44701E-10  0.22186E-09
  0.33000E+01 -0.16167E-09  0.64678E-10  0.32095E-09
  0.36000E+01 -0.22441E-09  0.89736E-10  0.44548E-09
  0.39000E+01 -0.30078E-09  0.12032E-09  0.59718E-09
  0.42000E+01 -0.39136E-09  0.15658E-09  0.77708E-09
  0.45000E+01 -0.49629E-09  0.19852E-09  0.98538E-09
  0.48000E+01 -0.61500E-09  0.24609E-09  0.12214E-08
  0.51000E+01 -0.74740E-09  0.29889E-09  0.14835E-08
  0.54000E+01 -0.89130E-09  0.35643E-09  0.17693E-08
  0.57000E+01 -0.10445E-08  0.41802E-09  0.20751E-08
  0.60000E+01 -0.12064E-08  0.48273E-09  0.23969E-08
  0.63000E+01 -0.13733E-08  0.54964E-09  0.27291E-08
  0.66000E+01 -0.15433E-08  0.61746E-09  0.30660E-08
  0.69000E+01 -0.17113E-08  0.68480E-09  0.34008E-08
  0.72000E+01 -0.18744E-08  0.75034E-09  0.37265E-08
  0.75000E+01 -0.20298E-08  0.81200E-09  0.40352E-08
  0.78000E+01 -0.21716E-08  0.86940E-09  0.43192E-08
  0.81000E+01 -0.22970E-08  0.91980E-09  0.45698E-08
  0.84000E+01 -0.24023E-08  0.96240E-09  0.47804E-08
  0.87000E+01 -0.24821E-08  0.99460E-09  0.49410E-08
  0.90000E+01 -0.25340E-08  0.10147E-08  0.50450E-08
  0.93000E+01 -0.25520E-08  0.10230E-08  0.50856E-08
  0.96000E+01 -0.25390E-08  0.10163E-08  0.50551E-08
  0.99000E+01 -0.24810E-08  0.99470E-09  0.49484E-08
  0.10200E+02 -0.23910E-08  0.95680E-09  0.47615E-08
  0.10500E+02 -0.22500E-08  0.90210E-09  0.44879E-08
  0.10800E+02 -0.20610E-08  0.82920E-09  0.41269E-08
  0.11100E+02 -0.18350E-08  0.73750E-09  0.36756E-08
  0.11400E+02 -0.15650E-08  0.62820E-09  0.31353E-08
  0.11700E+02 -0.12460E-08  0.50110E-09  0.25052E-08
  0.12000E+02 -0.88599E-09  0.35670E-09  0.17887E-08
  0.12300E+02 -0.48300E-09  0.19610E-09  0.98830E-09
  0.12600E+02 -0.40998E-10  0.19504E-10  0.11100E-09
  0.12900E+02  0.44301E-09 -0.17190E-09 -0.83790E-09
  0.13200E+02  0.94900E-09 -0.37591E-09 -0.18509E-08
  0.13500E+02  0.14870E-08 -0.59130E-09 -0.29198E-08
  0.13800E+02  0.20460E-08 -0.81490E-09 -0.40322E-08
  0.14100E+02  0.26260E-08 -0.10460E-08 -0.51788E-08
  0.14400E+02  0.32050E-08 -0.12807E-08 -0.63472E-08
  0.14700E+02  0.37992E-08 -0.15172E-08 -0.75246E-08
  0.15000E+02  0.43879E-08 -0.17532E-08 -0.86973E-08
  0.15300E+02  0.49669E-08 -0.19858E-08 -0.98525E-08
  0.15600E+02  0.55291E-08 -0.22111E-08 -0.10975E-07
  0.15900E+02  0.60682E-08 -0.24271E-08 -0.12051E-07
  0.16200E+02  0.65767E-08 -0.26317E-08 -0.13066E-07
  0.16500E+02  0.70469E-08 -0.28204E-08 -0.14007E-07
  0.16800E+02  0.74726E-08 -0.29915E-08 -0.14860E-07
  0.17100E+02  0.78490E-08 -0.31423E-08 -0.15612E-07
  0.17400E+02  0.81660E-08 -0.32709E-08 -0.16251E-07
  0.17700E+02  0.84180E-08 -0.33737E-08 -0.16766E-07
  0.18000E+02  0.86040E-08 -0.34492E-08 -0.17147E-07
  0.18300E+02  0.87240E-08 -0.34963E-08 -0.17385E-07
  0.18600E+02  0.87620E-08 -0.35131E-08 -0.17472E-07
  0.18900E+02  0.87260E-08 -0.34990E-08 -0.17403E-07
  0.19200E+02  0.86040E-08 -0.34470E-08 -0.17174E-07
  0.19500E+02  0.84090E-08 -0.33760E-08 -0.16781E-07
  0.19800E+02  0.81180E-08 -0.32620E-08 -0.16223E-07
  0.20100E+02  0.77520E-08 -0.31170E-08 -0.15501E-07
  0.20400E+02  0.73040E-08 -0.29320E-08 -0.14618E-07
  0.20700E+02  0.67870E-08 -0.27200E-08 -0.13576E-07
  0.21000E+02  0.61820E-08 -0.24890E-08 -0.12384E-07
  0.21300E+02  0.55060E-08 -0.22160E-08 -0.11052E-07
  0.21600E+02  0.47620E-08 -0.19180E-08 -0.95734E-08
  0.21900E+02  0.39650E-08 -0.15920E-08 -0.79790E-08
  0.22200E+02  0.31060E-08 -0.12560E-08 -0.62690E-08
  0.22500E+02  0.21920E-08 -0.89099E-09 -0.44630E-08
  0.22800E+02  0.12380E-08 -0.50899E-09 -0.25750E-08
  0.23100E+02  0.25796E-09 -0.11600E-09 -0.61200E-09
  0.23400E+02 -0.75102E-09  0.28700E-09  0.13940E-08
  0.23700E+02 -0.17790E-08  0.70000E-09  0.34390E-08
  0.24000E+02 -0.28110E-08  0.11170E-08  0.55020E-08
  0.24300E+02 -0.38450E-08  0.15290E-08  0.75690E-08
  0.24600E+02 -0.48730E-08  0.19400E-08  0.96140E-08
  0.24900E+02 -0.58750E-08  0.23490E-08  0.11615E-07
  0.25200E+02 -0.68560E-08  0.27350E-08  0.13565E-07
  0.25500E+02 -0.77960E-08  0.31180E-08  0.15443E-07
  0.25800E+02 -0.86930E-08  0.34710E-08  0.17230E-07
  0.26100E+02 -0.95290E-08  0.38130E-08  0.18912E-07
  0.26400E+02 -0.10312E-07  0.41220E-08  0.20472E-07
  0.26700E+02 -0.11016E-07  0.44106E-08  0.21897E-07
  0.27000E+02 -0.11659E-07  0.46661E-08  0.23172E-07
  0.27300E+02 -0.12214E-07  0.48897E-08  0.24288E-07
  0.27600E+02 -0.12678E-07  0.50781E-08  0.25231E-07
  0.27900E+02 -0.13057E-07  0.52311E-08  0.25996E-07
  0.28200E+02 -0.13342E-07  0.53462E-08  0.26574E-07
  0.28500E+02 -0.13533E-07  0.54233E-08  0.26961E-07
  0.28800E+02 -0.13625E-07  0.54604E-08  0.27151E-07
  0.29100E+02 -0.13607E-07  0.54560E-08  0.27143E-07
  0.29400E+02 -0.13499E-07  0.54110E-08  0.26938E-07
  0.29700E+02 -0.13300E-07  0.53290E-08  0.26536E-07
  0.30000E+02 -0.12992E-07  0.52150E-08  0.25941E-07
  0.30300E+02 -0.12591E-07  0.50530E-08  0.25159E-07
  0.30600E+02 -0.12108E-07  0.48630E-08  0.24195E-07
  0.30900E+02 -0.11526E-07  0.46320E-08  0.23058E-07
  0.31200E+02 -0.10879E-07  0.43620E-08  0.21762E-07
  0.31500E+02 -0.10141E-07  0.40780E-08  0.20306E-07
  0.31800E+02 -0.93430E-08  0.37470E-08  0.18718E-07
  0.32100E+02 -0.84790E-08  0.33950E-08  0.17008E-07
  0.32400E+02 -0.75840E-08  0.29980E-08  0.15240E-07
  0.32700E+02 -0.66890E-08  0.25310E-08  0.13481E-07
  0.33000E+02 -0.58560E-08  0.19290E-08  0.11810E-07
  0.33300E+02 -0.51460E-08  0.11380E-08  0.10315E-07
  0.33600E+02 -0.46300E-08  0.10101E-09  0.90650E-08
  0.33900E+02 -0.43780E-08 -0.12630E-08  0.81120E-08
  0.34200E+02 -0.44470E-08 -0.30110E-08  0.75250E-08
  0.34500E+02 -0.48880E-08 -0.51960E-08  0.73320E-08
  0.34800E+02 -0.57330E-08 -0.78590E-08  0.75260E-08
  0.35100E+02 -0.69770E-08 -0.10995E-07  0.80120E-08
  0.35400E+02 -0.85530E-08 -0.14541E-07  0.86920E-08
  0.35700E+02 -0.10370E-07 -0.18397E-07  0.94350E-08
  0.36000E+02 -0.12300E-07 -0.22437E-07  0.10127E-07
  0.36300E+02 -0.14243E-07 -0.26552E-07  0.10673E-07
  0.36600E+02 -0.16117E-07 -0.30638E-07  0.11058E-07
  0.36900E+02 -0.17886E-07 -0.34682E-07  0.11320E-07
  0.37200E+02 -0.19561E-07 -0.38662E-07  0.11449E-07
  0.37500E+02 -0.21120E-07 -0.42586E-07  0.11364E-07
  0.37800E+02 -0.22495E-07 -0.46363E-07  0.10920E-07
  0.38100E+02 -0.23603E-07 -0.49897E-07  0.10018E-07
  0.38400E+02 -0.24331E-07 -0.53100E-07  0.85967E-08
  0.38700E+02 -0.24588E-07 -0.55868E-07  0.65959E-08
  0.39000E+02 -0.24308E-07 -0.58112E-07  0.39328E-08
  0.39300E+02 -0.23364E-07 -0.59726E-07  0.52830E-09
  0.39600E+02 -0.21667E-07 -0.60590E-07 -0.36820E-08
  0.39900E+02 -0.19109E-07 -0.60581E-07 -0.87419E-08
  0.40200E+02 -0.15571E-07 -0.59577E-07 -0.14682E-07
  0.40500E+02 -0.10959E-07 -0.57435E-07 -0.21521E-07
  0.40800E+02 -0.51739E-08 -0.54036E-07 -0.29256E-07
  0.41100E+02  0.18707E-08 -0.49260E-07 -0.37854E-07
  0.41400E+02  0.10233E-07 -0.42996E-07 -0.47255E-07
  0.41700E+02  0.19958E-07 -0.35161E-07 -0.57386E-07
  0.42000E+02  0.31036E-07 -0.25701E-07 -0.68157E-07
  0.42300E+02  0.43474E-07 -0.14566E-07 -0.79444E-07
  0.42600E+02  0.57210E-07 -0.17490E-08 -0.91093E-07
  0.42900E+02  0.72167E-07  0.12729E-07 -0.10293E-06
  0.43200E+02  0.88228E-07  0.28821E-07 -0.11474E-06
  0.43500E+02  0.10524E-06  0.46421E-07 -0.12632E-06
  0.43800E+02  0.12299E-06  0.65389E-07 -0.13742E-06
  0.44100E+02  0.14123E-06  0.85561E-07 -0.14780E-06
  0.44400E+02  0.15968E-06  0.10669E-06 -0.15719E-06
  0.44700E+02  0.17802E-06  0.12849E-06 -0.16535E-06
  0.45000E+02  0.19590E-06  0.15069E-06 -0.17201E-06
  0.45300E+02  0.21294E-06  0.17294E-06 -0.17689E-06
  0.45600E+02  0.22875E-06  0.19487E-06 -0.17976E-06
  0.45900E+02  0.24293E-06  0.21609E-06 -0.18036E-06
  0.46200E+02  0.25504E-06  0.23617E-06 -0.17850E-06
  0.46500E+02  0.26468E-06  0.25469E-06 -0.17400E-06
  0.46800E+02  0.27144E-06  0.27123E-06 -0.16673E-06
  0.47100E+02  0.27497E-06  0.28539E-06 -0.15660E-06
  0.47400E+02  0.27493E-06  0.29676E-06 -0.14355E-06
  0.47700E+02  0.27104E-06  0.30502E-06 -0.12760E-06
  0.48000E+02  0.26309E-06  0.30983E-06 -0.10878E-06
  0.48300E+02  0.25087E-06  0.31092E-06 -0.87195E-07
  0.48600E+02  0.23431E-06  0.30804E-06 -0.62980E-07
  0.48900E+02  0.21331E-06  0.30102E-06 -0.36322E-07
  0.49200E+02  0.18789E-06  0.28970E-06 -0.74489E-08
  0.49500E+02  0.15811E-06  0.27398E-06  0.23372E-07
  0.49800E+02  0.12405E-06  0.25380E-06  0.55836E-07
  0.50100E+02  0.85929E-07  0.22917E-06  0.89605E-07
  0.50400E+02  0.43948E-07  0.20015E-06  0.12431E-06
  0.50700E+02 -0.15440E-08  0.16686E-06  0.15955E-06
  0.51000E+02 -0.50199E-07  0.12951E-06  0.19491E-06
  0.51300E+02 -0.10155E-06  0.88359E-07  0.22993E-06
  0.51600E+02 -0.15510E-06  0.43739E-07  0.26416E-06
  0.51900E+02 -0.21029E-06 -0.39539E-08  0.29711E-06
  0.52200E+02 -0.26651E-06 -0.54263E-07  0.32828E-06
  0.52500E+02 -0.32309E-06 -0.10668E-06  0.35720E-06
  0.52800E+02 -0.37934E-06 -0.16062E-06  0.38339E-06
  0.53100E+02 -0.43453E-06 -0.21549E-06  0.40640E-06
  0.53400E+02 -0.48792E-06 -0.27062E-06  0.42582E-06
  0.53700E+02 -0.53875E-06 -0.32532E-06  0.44129E-06
  0.54000E+02 -0.58629E-06 -0.37891E-06  0.45247E-06
  0.54300E+02 -0.62979E-06 -0.43069E-06  0.45909E-06
  0.54600E+02 -0.66858E-06 -0.47996E-06  0.46093E-06
  0.54900E+02 -0.70200E-06 -0.52604E-06  0.45783E-06
  0.55200E+02 -0.72945E-06 -0.56828E-06  0.44970E-06
  0.55500E+02 -0.75044E-06 -0.60606E-06  0.43648E-06
  0.55800E+02 -0.76457E-06 -0.63875E-06  0.41823E-06
  0.56100E+02 -0.77161E-06 -0.66570E-06  0.39502E-06
  0.56400E+02 -0.77146E-06 -0.68624E-06  0.36705E-06
  0.56700E+02 -0.76415E-06 -0.69979E-06  0.33457E-06
  0.57000E+02 -0.74985E-06 -0.70577E-06  0.29789E-06
  0.57300E+02 -0.72881E-06 -0.70376E-06  0.25737E-06
  0.57600E+02 -0.70138E-06 -0.69340E-06  0.21342E-06
  0.57900E+02 -0.66799E-06 -0.67448E-06  0.16652E-06
  0.58200E+02 -0.62914E-06 -0.64689E-06  0.11712E-06
  0.58500E+02 -0.58535E-06 -0.61064E-06  0.65744E-07
  0.58800E+02 -0.53718E-06 -0.56584E-06  0.12896E-07
  0.59100E+02 -0.48527E-06 -0.51271E-06 -0.40905E-07
  0.59400E+02 -0.43021E-06 -0.45162E-06 -0.95120E-07
  0.59700E+02 -0.37247E-06 -0.38314E-06 -0.14921E-06
  0.60000E+02 -0.31244E-06 -0.30803E-06 -0.20263E-06
  0.60300E+02 -0.25042E-06 -0.22722E-06 -0.25485E-06
  0.60600E+02 -0.18668E-06 -0.14177E-06 -0.30535E-06
  0.60900E+02 -0.12149E-06 -0.52796E-07 -0.35365E-06
  0.61200E+02 -0.55232E-07  0.38630E-07 -0.39936E-06
  0.61500E+02  0.11624E-07  0.13147E-06 -0.44207E-06
  0.61800E+02  0.78468E-07  0.22480E-06 -0.48151E-06
  0.62100E+02  0.14444E-06  0.31778E-06 -0.51734E-06
  0.62400E+02  0.20849E-06  0.40983E-06 -0.54925E-06
  0.62700E+02  0.26965E-06  0.50030E-06 -0.57687E-06
  0.63000E+02  0.32725E-06  0.58826E-06 -0.59978E-06
  0.63300E+02  0.38098E-06  0.67241E-06 -0.61761E-06
  0.63600E+02  0.43082E-06  0.75126E-06 -0.63009E-06
  0.63900E+02  0.47691E-06  0.82343E-06 -0.63702E-06
  0.64200E+02  0.51950E-06  0.88771E-06 -0.63828E-06
  0.64500E+02  0.55888E-06  0.94296E-06 -0.63384E-06
  0.64800E+02  0.59542E-06  0.98800E-06 -0.62370E-06
  0.65100E+02  0.62965E-06  0.10216E-05 -0.60790E-06
  0.65400E+02  0.66231E-06  0.10425E-05 -0.58657E-06
  0.65700E+02  0.69422E-06  0.10496E-05 -0.55984E-06
  0.66000E+02  0.72632E-06  0.10419E-05 -0.52791E-06
  0.66300E+02  0.75965E-06  0.10186E-05 -0.49105E-06
  0.66600E+02  0.79525E-06  0.97898E-06 -0.44960E-06
  0.66900E+02  0.83418E-06  0.92239E-06 -0.40398E-06
  0.67200E+02  0.87743E-06  0.84845E-06 -0.35463E-06
  0.67500E+02  0.92596E-06  0.75700E-06 -0.30208E-06
  0.67800E+02  0.98062E-06  0.64812E-06 -0.24680E-06
  0.68100E+02  0.10420E-05  0.52224E-06 -0.18935E-06
  0.68400E+02  0.11106E-05  0.38019E-06 -0.13025E-06
  0.68700E+02  0.11864E-05  0.22314E-06 -0.70000E-07
  0.69000E+02  0.12691E-05  0.52755E-07 -0.92200E-08
  0.69300E+02  0.13580E-05 -0.12888E-06  0.51419E-07
  0.69600E+02  0.14519E-05 -0.31929E-06  0.11140E-06
  0.69900E+02  0.15493E-05 -0.51551E-06  0.17015E-06
  0.70200E+02  0.16480E-05 -0.71433E-06  0.22712E-06
  0.70500E+02  0.17459E-05 -0.91212E-06  0.28177E-06
  0.70800E+02  0.18400E-05 -0.11051E-05  0.33360E-06
  0.71100E+02  0.19274E-05 -0.12892E-05  0.38211E-06
  0.71400E+02  0.20048E-05 -0.14604E-05  0.42686E-06
  0.71700E+02  0.20688E-05 -0.16145E-05  0.46749E-06
  0.72000E+02  0.21160E-05 -0.17476E-05  0.50369E-06
  0.72300E+02  0.21430E-05 -0.18560E-05  0.53519E-06
  0.72600E+02  0.21466E-05 -0.19364E-05  0.56179E-06
  0.72900E+02  0.21241E-05 -0.19857E-05  0.58336E-06
  0.73200E+02  0.20730E-05 -0.20017E-05  0.59982E-06
  0.73500E+02  0.19915E-05 -0.19825E-05  0.61115E-06
  0.73800E+02  0.18781E-05 -0.19271E-05  0.61743E-06
  0.74100E+02  0.17323E-05 -0.18349E-05  0.61874E-06
  0.74400E+02  0.15542E-05 -0.17063E-05  0.61523E-06
  0.74700E+02  0.13444E-05 -0.15423E-05  0.60703E-06
  0.75000E+02  0.11044E-05 -0.13446E-05  0.59428E-06
  0.75300E+02  0.83616E-06 -0.11151E-05  0.57714E-06
  0.75600E+02  0.54238E-06 -0.85709E-06  0.55571E-06
  0.75900E+02  0.22622E-06 -0.57363E-06  0.53010E-06
  0.76200E+02 -0.10891E-06 -0.26847E-06  0.50034E-06
  0.76500E+02 -0.45920E-06  0.54420E-07  0.46641E-06
  0.76800E+02 -0.82073E-06  0.39069E-06  0.42819E-06
  0.77100E+02 -0.11893E-05  0.73586E-06  0.38561E-06
  0.77400E+02 -0.15609E-05  0.10855E-05  0.33856E-06
  0.77700E+02 -0.19315E-05  0.14346E-05  0.28684E-06
  0.78000E+02 -0.22971E-05  0.17788E-05  0.23053E-06
  0.78300E+02 -0.26541E-05  0.21130E-05  0.16952E-06
  0.78600E+02 -0.29987E-05  0.24327E-05  0.10388E-06
  0.78900E+02 -0.33274E-05  0.27331E-05  0.33860E-07
  0.79200E+02 -0.36370E-05  0.30097E-05 -0.40240E-07
  0.79500E+02 -0.39241E-05  0.32579E-05 -0.11778E-06
  0.79800E+02 -0.41855E-05  0.34736E-05 -0.19795E-06
  0.80100E+02 -0.44184E-05  0.36529E-05 -0.27988E-06
  0.80400E+02 -0.46198E-05  0.37921E-05 -0.36260E-06
  0.80700E+02 -0.47870E-05  0.38882E-05 -0.44478E-06
  0.81000E+02 -0.49176E-05  0.39385E-05 -0.52530E-06
  0.81300E+02 -0.50093E-05  0.39410E-05 -0.60272E-06
  0.81600E+02 -0.50602E-05  0.38943E-05 -0.67571E-06
  0.81900E+02 -0.50688E-05  0.37979E-05 -0.74302E-06
  0.82200E+02 -0.50340E-05  0.36517E-05 -0.80340E-06
  0.82500E+02 -0.49555E-05  0.34566E-05 -0.85563E-06
  0.82800E+02 -0.48330E-05  0.32142E-05 -0.89868E-06
  0.83100E+02 -0.46672E-05  0.29266E-05 -0.93158E-06
  0.83400E+02 -0.44592E-05  0.25967E-05 -0.95347E-06
  0.83700E+02 -0.42106E-05  0.22279E-05 -0.96362E-06
  0.84000E+02 -0.39232E-05  0.18244E-05 -0.96143E-06
  0.84300E+02 -0.35995E-05  0.13904E-05 -0.94646E-06
  0.84600E+02 -0.32420E-05  0.93070E-06 -0.91837E-06
  0.84900E+02 -0.28539E-05  0.45047E-06 -0.87703E-06
  0.85200E+02 -0.24382E-05 -0.44980E-07 -0.82247E-06
  0.85500E+02 -0.19981E-05 -0.55007E-06 -0.75491E-06
  0.85800E+02 -0.15374E-05 -0.10593E-05 -0.67479E-06
  0.86100E+02 -0.10596E-05 -0.15669E-05 -0.58279E-06
  0.86400E+02 -0.56886E-06 -0.20672E-05 -0.47962E-06
  0.86700E+02 -0.68980E-07 -0.25546E-05 -0.36646E-06
  0.87000E+02  0.43588E-06 -0.30235E-05 -0.24449E-06
  0.87300E+02  0.94129E-06 -0.34687E-05 -0.11482E-06
  0.87600E+02  0.14429E-05 -0.38849E-05  0.20770E-07
  0.87900E+02  0.19364E-05 -0.42673E-05  0.16102E-06
  0.88200E+02  0.24172E-05 -0.46112E-05  0.30410E-06
  0.88500E+02  0.28813E-05 -0.49127E-05  0.44835E-06
  0.88800E+02  0.33244E-05 -0.51679E-05  0.59203E-06
  0.89100E+02  0.37428E-05 -0.53738E-05  0.73339E-06
  0.89400E+02  0.41329E-05 -0.55280E-05  0.87054E-06
  0.89700E+02  0.44913E-05 -0.56286E-05  0.10018E-05
  0.90000E+02  0.48153E-05 -0.56744E-05  0.11253E-05
  0.90300E+02  0.51021E-05 -0.56647E-05  0.12394E-05
  0.90600E+02  0.53497E-05 -0.55998E-05  0.13425E-05
  0.90900E+02  0.55561E-05 -0.54803E-05  0.14331E-05
  0.91200E+02  0.57199E-05 -0.53075E-05  0.15100E-05
  0.91500E+02  0.58400E-05 -0.50833E-05  0.15719E-05
  0.91800E+02  0.59156E-05 -0.48099E-05  0.16179E-05
  0.92100E+02  0.59464E-05 -0.44901E-05  0.16470E-05
  0.92400E+02  0.59322E-05 -0.41274E-05  0.16588E-05
  0.92700E+02  0.58735E-05 -0.37254E-05  0.16526E-05
  0.93000E+02  0.57712E-05 -0.32882E-05  0.16284E-05
  0.93300E+02  0.56262E-05 -0.28203E-05  0.15861E-05
  0.93600E+02  0.54401E-05 -0.23265E-05  0.15258E-05
  0.93900E+02  0.52150E-05 -0.18119E-05  0.14480E-05
  0.94200E+02  0.49529E-05 -0.12818E-05  0.13533E-05
  0.94500E+02  0.46566E-05 -0.74157E-06  0.12425E-05
  0.94800E+02  0.43290E-05 -0.19692E-06  0.11167E-05
  0.95100E+02  0.39731E-05  0.34691E-06  0.97704E-06
  0.95400E+02  0.35923E-05  0.88448E-06  0.82488E-06
  0.95700E+02  0.31900E-05  0.14105E-05  0.66174E-06
  0.96000E+02  0.27697E-05  0.19199E-05  0.48924E-06
  0.96300E+02  0.23352E-05  0.24080E-05  0.30915E-06
  0.96600E+02  0.18899E-05  0.28702E-05  0.12330E-06
  0.96900E+02  0.14378E-05  0.33025E-05 -0.66366E-07
  0.97200E+02  0.98243E-06  0.37010E-05 -0.25789E-06
  0.97500E+02  0.52756E-06  0.40623E-05 -0.44928E-06
  0.97800E+02  0.76770E-07  0.43833E-05 -0.63854E-06
  0.98100E+02 -0.36630E-06  0.46616E-05 -0.82369E-06
  0.98400E+02 -0.79827E-06  0.48951E-05 -0.10028E-05
  0.98700E+02 -0.12159E-05  0.50820E-05 -0.11740E-05
  0.99000E+02 -0.16160E-05  0.52215E-05 -0.13355E-05
  0.99300E+02 -0.19958E-05  0.53127E-05 -0.14857E-05
  0.99600E+02 -0.23528E-05  0.53558E-05 -0.16229E-05
  0.99900E+02 -0.26847E-05  0.53511E-05 -0.17458E-05
  0.10020E+03 -0.29893E-05  0.52997E-05 -0.18532E-05
  0.10050E+03 -0.32651E-05  0.52028E-05 -0.19439E-05
  0.10080E+03 -0.35107E-05  0.50624E-05 -0.20170E-05
  0.10110E+03 -0.37247E-05  0.48808E-05 -0.20718E-05
  0.10140E+03 -0.39064E-05  0.46604E-05 -0.21078E-05
  0.10170E+03 -0.40554E-05  0.44042E-05 -0.21247E-05
  0.10200E+03 -0.41712E-05  0.41154E-05 -0.21223E-05
  0.10230E+03 -0.42540E-05  0.37976E-05 -0.21008E-05
  0.10260E+03 -0.43040E-05  0.34542E-05 -0.20604E-05
  0.10290E+03 -0.43217E-05  0.30893E-05 -0.20015E-05
  0.10320E+03 -0.43083E-05  0.27067E-05 -0.19249E-05
  0.10350E+03 -0.42648E-05  0.23108E-05 -0.18314E-05
  0.10380E+03 -0.41924E-05  0.19054E-05 -0.17220E-05
  0.10410E+03 -0.40931E-05  0.14949E-05 -0.15978E-05
  0.10440E+03 -0.39681E-05  0.10831E-05 -0.14602E-05
  0.10470E+03 -0.38199E-05  0.67418E-06 -0.13105E-05
  0.10500E+03 -0.36501E-05  0.27181E-06 -0.11503E-05
  0.10530E+03 -0.34612E-05 -0.12027E-06 -0.98119E-06
  0.10560E+03 -0.32552E-05 -0.49873E-06 -0.80489E-06
  0.10590E+03 -0.30346E-05 -0.86031E-06 -0.62312E-06
  0.10620E+03 -0.28016E-05 -0.12021E-05 -0.43767E-06
  0.10650E+03 -0.25586E-05 -0.15216E-05 -0.25030E-06
  0.10680E+03 -0.23082E-05 -0.18164E-05 -0.62807E-07
  0.10710E+03 -0.20525E-05 -0.20844E-05  0.12305E-06
  0.10740E+03 -0.17940E-05 -0.23240E-05  0.30555E-06
  0.10770E+03 -0.15348E-05 -0.25339E-05  0.48307E-06
  0.10800E+03 -0.12772E-05 -0.27131E-05  0.65401E-06
  0.10830E+03 -0.10231E-05 -0.28609E-05  0.81688E-06
  0.10860E+03 -0.77447E-06 -0.29773E-05  0.97029E-06
  0.10890E+03 -0.53302E-06 -0.30622E-05  0.11130E-05
  0.10920E+03 -0.30037E-06 -0.31160E-05  0.12439E-05
  0.10950E+03 -0.77967E-07 -0.31395E-05  0.13619E-05
  0.10980E+03  0.13289E-06 -0.31337E-05  0.14663E-05
  0.11010E+03  0.33111E-06 -0.30998E-05  0.15563E-05
  0.11040E+03  0.51572E-06 -0.30395E-05  0.16313E-05
  0.11070E+03  0.68592E-06 -0.29544E-05  0.16911E-05
  0.11100E+03  0.84116E-06 -0.28465E-05  0.17353E-05
  0.11130E+03  0.98111E-06 -0.27179E-05  0.17640E-05
  0.11160E+03  0.11055E-05 -0.25709E-05  0.17772E-05
  0.11190E+03  0.12142E-05 -0.24079E-05  0.17752E-05
  0.11220E+03  0.13075E-05 -0.22314E-05  0.17583E-05
  0.11250E+03  0.13854E-05 -0.20438E-05  0.17270E-05
  0.11280E+03  0.14484E-05 -0.18478E-05  0.16822E-05
  0.11310E+03  0.14971E-05 -0.16457E-05  0.16244E-05
  0.11340E+03  0.15321E-05 -0.14401E-05  0.15546E-05
  0.11370E+03  0.15540E-05 -0.12335E-05  0.14738E-05
  0.11400E+03  0.15638E-05 -0.10281E-05  0.13831E-05
  0.11430E+03  0.15622E-05 -0.82597E-06  0.12835E-05
  0.11460E+03  0.15504E-05 -0.62952E-06  0.11762E-05
  0.11490E+03  0.15294E-05 -0.44040E-06  0.10626E-05
  0.11520E+03  0.15000E-05 -0.26040E-06  0.94382E-06
  0.11550E+03  0.14636E-05 -0.91171E-07  0.82114E-06
  0.11580E+03  0.14210E-05  0.65973E-07  0.69587E-06
  0.11610E+03  0.13734E-05  0.20987E-06  0.56924E-06
  0.11640E+03  0.13218E-05  0.33960E-06  0.44250E-06
  0.11670E+03  0.12672E-05  0.45440E-06  0.31683E-06
  0.11700E+03  0.12106E-05  0.55378E-06  0.19343E-06
  0.11730E+03  0.11529E-05  0.63744E-06  0.73287E-07
  0.11760E+03  0.10949E-05  0.70526E-06 -0.42500E-07
  0.11790E+03  0.10375E-05  0.75738E-06 -0.15308E-06
  0.11820E+03  0.98129E-06  0.79408E-06 -0.25751E-06
  0.11850E+03  0.92696E-06  0.81585E-06 -0.35509E-06
  0.11880E+03  0.87503E-06  0.82337E-06 -0.44517E-06
  0.11910E+03  0.82598E-06  0.81742E-06 -0.52709E-06
  0.11940E+03  0.78014E-06  0.79898E-06 -0.60056E-06
  0.11970E+03  0.73780E-06  0.76907E-06 -0.66515E-06
  0.12000E+03  0.69916E-06  0.72885E-06 -0.72069E-06
  0.12030E+03  0.66432E-06  0.67967E-06 -0.76691E-06
  0.12060E+03  0.63330E-06  0.62287E-06 -0.80390E-06
  0.12090E+03  0.60604E-06  0.55964E-06 -0.83166E-06
  0.12120E+03  0.58241E-06  0.49161E-06 -0.85040E-06
  0.12150E+03  0.56222E-06  0.42003E-06 -0.86035E-06
  0.12180E+03  0.54519E-06  0.34639E-06 -0.86186E-06
  0.12210E+03  0.53103E-06  0.27192E-06 -0.85534E-06
  0.12240E+03  0.51936E-06  0.19814E-06 -0.84126E-06
  0.12270E+03  0.50979E-06  0.12624E-06 -0.82020E-06
  0.12300E+03  0.50189E-06  0.57410E-07 -0.79273E-06
  0.12330E+03  0.49519E-06 -0.73500E-08 -0.75952E-06
  0.12360E+03  0.48925E-06 -0.66850E-07 -0.72123E-06
  0.12390E+03  0.48356E-06 -0.12034E-06 -0.67858E-06
  0.12420E+03  0.47767E-06 -0.16694E-06 -0.63230E-06
  0.12450E+03  0.47111E-06 -0.20604E-06 -0.58310E-06
  0.12480E+03  0.46342E-06 -0.23711E-06 -0.53172E-06
  0.12510E+03  0.45419E-06 -0.25977E-06 -0.47890E-06
  0.12540E+03  0.44302E-06 -0.27372E-06 -0.42533E-06
  0.12570E+03  0.42956E-06 -0.27885E-06 -0.37169E-06
  0.12600E+03  0.41347E-06 -0.27518E-06 -0.31862E-06
  0.12630E+03  0.39450E-06 -0.26283E-06 -0.26676E-06
  0.12660E+03  0.37240E-06 -0.24204E-06 -0.21664E-06
  0.12690E+03  0.34702E-06 -0.21320E-06 -0.16879E-06
  0.12720E+03  0.31822E-06 -0.17678E-06 -0.12367E-06
  0.12750E+03  0.28596E-06 -0.13335E-06 -0.81780E-07
  0.12780E+03  0.25021E-06 -0.83575E-07 -0.43280E-07
  0.12810E+03  0.21104E-06 -0.28206E-07 -0.86100E-08
  0.12840E+03  0.16853E-06  0.31951E-07  0.22060E-07
  0.12870E+03  0.12285E-06  0.96030E-07  0.48700E-07
  0.12900E+03  0.74201E-07  0.16312E-06  0.70950E-07
  0.12930E+03  0.22843E-07  0.23228E-06  0.88960E-07
  0.12960E+03 -0.30938E-07  0.30256E-06  0.10267E-06
  0.12990E+03 -0.86782E-07  0.37300E-06  0.11231E-06
  0.13020E+03 -0.14433E-06  0.44265E-06  0.11774E-06
  0.13050E+03 -0.20317E-06  0.51056E-06  0.11945E-06
  0.13080E+03 -0.26286E-06  0.57585E-06  0.11748E-06
  0.13110E+03 -0.32296E-06  0.63765E-06  0.11213E-06
  0.13140E+03 -0.38299E-06  0.69514E-06  0.10373E-06
  0.13170E+03 -0.44247E-06  0.74759E-06  0.92680E-07
  0.13200E+03 -0.50094E-06  0.79431E-06  0.79190E-07
  0.13230E+03 -0.55790E-06  0.83469E-06  0.63774E-07
  0.13260E+03 -0.61287E-06  0.86822E-06  0.46788E-07
  0.13290E+03 -0.66542E-06  0.89447E-06  0.28630E-07
  0.13320E+03 -0.71509E-06  0.91308E-06  0.97300E-08
  0.13350E+03 -0.76146E-06  0.92380E-06 -0.95320E-08
  0.13380E+03 -0.80415E-06  0.92647E-06 -0.28747E-07
  0.13410E+03 -0.84279E-06  0.92104E-06 -0.47545E-07
  0.13440E+03 -0.87707E-06  0.90753E-06 -0.65538E-07
  0.13470E+03 -0.90671E-06  0.88606E-06 -0.82399E-07
  0.13500E+03 -0.93144E-06  0.85684E-06 -0.97803E-07
  0.13530E+03 -0.95109E-06  0.82018E-06 -0.11148E-06
  0.13560E+03 -0.96549E-06  0.77644E-06 -0.12315E-06
  0.13590E+03 -0.97453E-06  0.72606E-06 -0.13261E-06
  0.13620E+03 -0.97817E-06  0.66957E-06 -0.13965E-06
  0.13650E+03 -0.97638E-06  0.60754E-06 -0.14417E-06
  0.13680E+03 -0.96919E-06  0.54059E-06 -0.14603E-06
  0.13710E+03 -0.95670E-06  0.46939E-06 -0.14519E-06
  0.13740E+03 -0.93903E-06  0.39466E-06 -0.14160E-06
  0.13770E+03 -0.91633E-06  0.31712E-06 -0.13529E-06
  0.13800E+03 -0.88885E-06  0.23752E-06 -0.12631E-06
  0.13830E+03 -0.85673E-06  0.15663E-06 -0.11473E-06
  0.13860E+03 -0.82036E-06  0.75195E-07 -0.10070E-06
  0.13890E+03 -0.78000E-06 -0.60210E-08 -0.84390E-07
  0.13920E+03 -0.73601E-06 -0.86270E-07 -0.65950E-07
  0.13950E+03 -0.68874E-06 -0.16487E-06 -0.45510E-07
  0.13980E+03 -0.63856E-06 -0.24111E-06 -0.23520E-07
  0.14010E+03 -0.58588E-06 -0.31436E-06 -0.50022E-10
  0.14040E+03 -0.53110E-06 -0.38402E-06  0.24579E-07
  0.14070E+03 -0.47465E-06 -0.44952E-06  0.49991E-07
  0.14100E+03 -0.41693E-06 -0.51040E-06  0.76014E-07
  0.14130E+03 -0.35838E-06 -0.56619E-06  0.10230E-06
  0.14160E+03 -0.29938E-06 -0.61653E-06  0.12855E-06
  0.14190E+03 -0.24037E-06 -0.66110E-06  0.15447E-06
  0.14220E+03 -0.18172E-06 -0.69966E-06  0.17977E-06
  0.14250E+03 -0.12380E-06 -0.73203E-06  0.20416E-06
  0.14280E+03 -0.66996E-07 -0.75809E-06  0.22737E-06
  0.14310E+03 -0.11629E-07 -0.77779E-06  0.24914E-06
  0.14340E+03  0.41996E-07 -0.79117E-06  0.26924E-06
  0.14370E+03  0.93581E-07 -0.79828E-06  0.28746E-06
  0.14400E+03  0.14287E-06 -0.79929E-06  0.30359E-06
  0.14430E+03  0.18962E-06 -0.79438E-06  0.31748E-06
  0.14460E+03  0.23366E-06 -0.78380E-06  0.32898E-06
  0.14490E+03  0.27480E-06 -0.76786E-06  0.33797E-06
  0.14520E+03  0.31290E-06 -0.74689E-06  0.34438E-06
  0.14550E+03  0.34787E-06 -0.72126E-06  0.34814E-06
  0.14580E+03  0.37962E-06 -0.69141E-06  0.34923E-06
  0.14610E+03  0.40811E-06 -0.65777E-06  0.34765E-06
  0.14640E+03  0.43334E-06 -0.62079E-06  0.34341E-06
  0.14670E+03  0.45525E-06 -0.58096E-06  0.33659E-06
  0.14700E+03  0.47400E-06 -0.53877E-06  0.32726E-06
  0.14730E+03  0.48961E-06 -0.49470E-06  0.31554E-06
  0.14760E+03  0.50206E-06 -0.44925E-06  0.30154E-06
  0.14790E+03  0.51160E-06 -0.40291E-06  0.28543E-06
  0.14820E+03  0.51833E-06 -0.35613E-06  0.26736E-06
  0.14850E+03  0.52238E-06 -0.30938E-06  0.24754E-06
  0.14880E+03  0.52383E-06 -0.26310E-06  0.22616E-06
  0.14910E+03  0.52294E-06 -0.21769E-06  0.20342E-06
  0.14940E+03  0.51986E-06 -0.17353E-06  0.17955E-06
  0.14970E+03  0.51478E-06 -0.13096E-06  0.15479E-06
  0.15000E+03  0.50786E-06 -0.90308E-07  0.12935E-06
  0.15030E+03  0.49933E-06 -0.51843E-07  0.10349E-06
  0.15060E+03  0.48935E-06 -0.15799E-07  0.77410E-07
  0.15090E+03  0.47812E-06  0.17622E-07  0.51372E-07
  0.15120E+03  0.46582E-06  0.48272E-07  0.25571E-07
  0.15150E+03  0.45260E-06  0.76026E-07  0.24096E-09
  0.15180E+03  0.43866E-06  0.10082E-06 -0.24428E-07
  0.15210E+03  0.42415E-06  0.12260E-06 -0.48247E-07
  0.15240E+03  0.40919E-06  0.14138E-06 -0.71020E-07
  0.15270E+03  0.39393E-06  0.15720E-06 -0.92604E-07
  0.15300E+03  0.37849E-06  0.17012E-06 -0.11285E-06
  0.15330E+03  0.36298E-06  0.18025E-06 -0.13163E-06
  0.15360E+03  0.34748E-06  0.18773E-06 -0.14882E-06
  0.15390E+03  0.33207E-06  0.19271E-06 -0.16434E-06
  0.15420E+03  0.31681E-06  0.19538E-06 -0.17814E-06
  0.15450E+03  0.30177E-06  0.19594E-06 -0.19014E-06
  0.15480E+03  0.28695E-06  0.19461E-06 -0.20033E-06
  0.15510E+03  0.27241E-06  0.19161E-06 -0.20868E-06
  0.15540E+03  0.25812E-06  0.18720E-06 -0.21521E-06
  0.15570E+03  0.24411E-06  0.18160E-06 -0.21994E-06
  0.15600E+03  0.23035E-06  0.17508E-06 -0.22291E-06
  0.15630E+03  0.21683E-06  0.16786E-06 -0.22419E-06
  0.15660E+03  0.20350E-06  0.16021E-06 -0.22383E-06
  0.15690E+03  0.19036E-06  0.15233E-06 -0.22193E-06
  0.15720E+03  0.17732E-06  0.14447E-06 -0.21859E-06
  0.15750E+03  0.16438E-06  0.13682E-06 -0.21391E-06
  0.15780E+03  0.15146E-06  0.12957E-06 -0.20801E-06
  0.15810E+03  0.13851E-06  0.12291E-06 -0.20102E-06
  0.15840E+03  0.12551E-06  0.11699E-06 -0.19305E-06
  0.15870E+03  0.11237E-06  0.11192E-06 -0.18425E-06
  0.15900E+03  0.99070E-07  0.10783E-06 -0.17475E-06
  0.15930E+03  0.85554E-07  0.10481E-06 -0.16469E-06
  0.15960E+03  0.71793E-07  0.10292E-06 -0.15419E-06
  0.15990E+03  0.57758E-07  0.10219E-06 -0.14339E-06
  0.16020E+03  0.43407E-07  0.10264E-06 -0.13241E-06
  0.16050E+03  0.28739E-07  0.10427E-06 -0.12139E-06
  0.16080E+03  0.13744E-07  0.10704E-06 -0.11042E-06
  0.16110E+03 -0.15950E-08  0.11090E-06 -0.99628E-07
  0.16140E+03 -0.17258E-07  0.11578E-06 -0.89101E-07
  0.16170E+03 -0.33232E-07  0.12160E-06 -0.78930E-07
  0.16200E+03 -0.49479E-07  0.12823E-06 -0.69195E-07
  0.16230E+03 -0.65985E-07  0.13556E-06 -0.59965E-07
  0.16260E+03 -0.82689E-07  0.14346E-06 -0.51295E-07
  0.16290E+03 -0.99546E-07  0.15179E-06 -0.43233E-07
  0.16320E+03 -0.11649E-06  0.16038E-06 -0.35814E-07
  0.16350E+03 -0.13347E-06  0.16907E-06 -0.29062E-07
  0.16380E+03 -0.15038E-06  0.17771E-06 -0.22987E-07
  0.16410E+03 -0.16717E-06  0.18613E-06 -0.17599E-07
  0.16440E+03 -0.18373E-06  0.19416E-06 -0.12875E-07
  0.16470E+03 -0.19998E-06  0.20164E-06 -0.88110E-08
  0.16500E+03 -0.21583E-06  0.20843E-06 -0.53760E-08
  0.16530E+03 -0.23119E-06  0.21436E-06 -0.25450E-08
  0.16560E+03 -0.24595E-06  0.21932E-06 -0.26100E-09
  0.16590E+03 -0.26001E-06  0.22316E-06  0.15190E-08
  0.16620E+03 -0.27329E-06  0.22578E-06  0.28470E-08
  0.16650E+03 -0.28570E-06  0.22707E-06  0.37760E-08
  0.16680E+03 -0.29713E-06  0.22695E-06  0.43680E-08
  0.16710E+03 -0.30750E-06  0.22535E-06  0.46870E-08
  0.16740E+03 -0.31674E-06  0.22223E-06  0.48060E-08
  0.16770E+03 -0.32477E-06  0.21754E-06  0.47800E-08
  0.16800E+03 -0.33153E-06  0.21129E-06  0.46770E-08
  0.16830E+03 -0.33694E-06  0.20345E-06  0.45540E-08
  0.16860E+03 -0.34097E-06  0.19408E-06  0.44750E-08
  0.16890E+03 -0.34358E-06  0.18319E-06  0.44970E-08
  0.16920E+03 -0.34472E-06  0.17084E-06  0.46720E-08
  0.16950E+03 -0.34439E-06  0.15711E-06  0.50360E-08
  0.16980E+03 -0.34255E-06  0.14209E-06  0.56560E-08
  0.17010E+03 -0.33922E-06  0.12587E-06  0.65370E-08
  0.17040E+03 -0.33442E-06  0.10858E-06  0.77380E-08
  0.17070E+03 -0.32814E-06  0.90327E-07  0.92570E-08
  0.17100E+03 -0.32043E-06  0.71259E-07  0.11134E-07
  0.17130E+03 -0.31132E-06  0.51531E-07  0.13358E-07
  0.17160E+03 -0.30086E-06  0.31269E-07  0.15946E-07
  0.17190E+03 -0.28911E-06  0.10660E-07  0.18881E-07
  0.17220E+03 -0.27615E-06 -0.10160E-07  0.22155E-07
  0.17250E+03 -0.26204E-06 -0.31021E-07  0.25760E-07
  0.17280E+03 -0.24687E-06 -0.51767E-07  0.29666E-07
  0.17310E+03 -0.23072E-06 -0.72218E-07  0.33840E-07
  0.17340E+03 -0.21371E-06 -0.92241E-07  0.38248E-07
  0.17370E+03 -0.19591E-06 -0.11168E-06  0.42853E-07
  0.17400E+03 -0.17744E-06 -0.13038E-06  0.47610E-07
  0.17430E+03 -0.15840E-06 -0.14820E-06  0.52472E-07
  0.17460E+03 -0.13891E-06 -0.16503E-06  0.57387E-07
  0.17490E+03 -0.11908E-06 -0.18075E-06  0.62310E-07
  0.17520E+03 -0.99022E-07 -0.19524E-06  0.67172E-07
  0.17550E+03 -0.78841E-07 -0.20842E-06  0.71929E-07
  0.17580E+03 -0.58650E-07 -0.22021E-06  0.76526E-07
  0.17610E+03 -0.38557E-07 -0.23053E-06  0.80919E-07
  0.17640E+03 -0.18669E-07 -0.23934E-06  0.85029E-07
  0.17670E+03  0.91540E-09 -0.24659E-06  0.88836E-07
  0.17700E+03  0.20097E-07 -0.25226E-06  0.92266E-07
  0.17730E+03  0.38785E-07 -0.25635E-06  0.95286E-07
  0.17760E+03  0.56893E-07 -0.25884E-06  0.97860E-07
  0.17790E+03  0.74339E-07 -0.25977E-06  0.99944E-07
  0.17820E+03  0.91052E-07 -0.25916E-06  0.10151E-06
  0.17850E+03  0.10697E-06 -0.25705E-06  0.10253E-06
  0.17880E+03  0.12202E-06 -0.25349E-06  0.10298E-06
  0.17910E+03  0.13617E-06 -0.24855E-06  0.10285E-06
  0.17940E+03  0.14936E-06 -0.24231E-06  0.10211E-06
  0.17970E+03  0.16155E-06 -0.23486E-06  0.10078E-06
  0.18000E+03  0.17273E-06 -0.22626E-06  0.98854E-07
  0.18030E+03  0.18287E-06 -0.21664E-06  0.96325E-07
  0.18060E+03  0.19195E-06 -0.20609E-06  0.93225E-07
  0.18090E+03  0.19996E-06 -0.19471E-06  0.89558E-07
  0.18120E+03  0.20692E-06 -0.18262E-06  0.85356E-07
  0.18150E+03  0.21282E-06 -0.16994E-06  0.80640E-07
  0.18180E+03  0.21767E-06 -0.15677E-06  0.75457E-07
  0.18210E+03  0.22150E-06 -0.14322E-06  0.69823E-07
  0.18240E+03  0.22433E-06 -0.12942E-06  0.63787E-07
  0.18270E+03  0.22619E-06 -0.11546E-06  0.57393E-07
  0.18300E+03  0.22711E-06 -0.10145E-06  0.50694E-07
  0.18330E+03  0.22713E-06 -0.87496E-07  0.43733E-07
  0.18360E+03  0.22629E-06 -0.73688E-07  0.36563E-07
  0.18390E+03  0.22463E-06 -0.60115E-07  0.29237E-07
  0.18420E+03  0.22221E-06 -0.46867E-07  0.21803E-07
  0.18450E+03  0.21906E-06 -0.34000E-07  0.14327E-07
  0.18480E+03  0.21523E-06 -0.21603E-07  0.68520E-08
  0.18510E+03  0.21078E-06 -0.97270E-08 -0.57798E-09
  0.18540E+03  0.20575E-06  0.15770E-08 -0.78890E-08
  0.18570E+03  0.20018E-06  0.12272E-07 -0.15056E-07
  0.18600E+03  0.19415E-06  0.22310E-07 -0.22014E-07
  0.18630E+03  0.18768E-06  0.31677E-07 -0.28735E-07
  0.18660E+03  0.18083E-06  0.40343E-07 -0.35163E-07
  0.18690E+03  0.17364E-06  0.48305E-07 -0.41258E-07
  0.18720E+03  0.16615E-06  0.55569E-07 -0.47005E-07
  0.18750E+03  0.15840E-06  0.62124E-07 -0.52356E-07
  0.18780E+03  0.15044E-06  0.67988E-07 -0.57295E-07
  0.18810E+03  0.14229E-06  0.73176E-07 -0.61789E-07
  0.18840E+03  0.13401E-06  0.77716E-07 -0.65827E-07
  0.18870E+03  0.12559E-06  0.81640E-07 -0.69396E-07
  0.18900E+03  0.11709E-06  0.84958E-07 -0.72480E-07
  0.18930E+03  0.10853E-06  0.87733E-07 -0.75089E-07
  0.18960E+03  0.99922E-07  0.89982E-07 -0.77200E-07
  0.18990E+03  0.91304E-07  0.91766E-07 -0.78822E-07
  0.19020E+03  0.82685E-07  0.93112E-07 -0.79977E-07
  0.19050E+03  0.74083E-07  0.94067E-07 -0.80661E-07
  0.19080E+03  0.65516E-07  0.94675E-07 -0.80886E-07
  0.19110E+03  0.56998E-07  0.94990E-07 -0.80682E-07
  0.19140E+03  0.48524E-07  0.95031E-07 -0.80054E-07
  0.19170E+03  0.40123E-07  0.94865E-07 -0.79040E-07
  0.19200E+03  0.31808E-07  0.94513E-07 -0.77653E-07
  0.19230E+03  0.23565E-07  0.94015E-07 -0.75921E-07
  0.19260E+03  0.15413E-07  0.93407E-07 -0.73875E-07
  0.19290E+03  0.73690E-08  0.92716E-07 -0.71543E-07
  0.19320E+03 -0.57485E-09  0.91970E-07 -0.68956E-07
  0.19350E+03 -0.84062E-08  0.91191E-07 -0.66148E-07
  0.19380E+03 -0.16116E-07  0.90403E-07 -0.63142E-07
  0.19410E+03 -0.23710E-07  0.89608E-07 -0.59970E-07
  0.19440E+03 -0.31155E-07  0.88827E-07 -0.56674E-07
  0.19470E+03 -0.38473E-07  0.88060E-07 -0.53268E-07
  0.19500E+03 -0.45629E-07  0.87317E-07 -0.49793E-07
  0.19530E+03 -0.52632E-07  0.86600E-07 -0.46261E-07
  0.19560E+03 -0.59465E-07  0.85889E-07 -0.42715E-07
  0.19590E+03 -0.66108E-07  0.85190E-07 -0.39180E-07
  0.19620E+03 -0.72570E-07  0.84488E-07 -0.35659E-07
  0.19650E+03 -0.78814E-07  0.83764E-07 -0.32188E-07
  0.19680E+03 -0.84841E-07  0.83016E-07 -0.28784E-07
  0.19710E+03 -0.90639E-07  0.82210E-07 -0.25467E-07
  0.19740E+03 -0.96180E-07  0.81337E-07 -0.22234E-07
  0.19770E+03 -0.10145E-06  0.80380E-07 -0.19116E-07
  0.19800E+03 -0.10645E-06  0.79308E-07 -0.16106E-07
  0.19830E+03 -0.11114E-06  0.78096E-07 -0.13228E-07
  0.19860E+03 -0.11552E-06  0.76735E-07 -0.10479E-07
  0.19890E+03 -0.11956E-06  0.75200E-07 -0.78660E-08
  0.19920E+03 -0.12325E-06  0.73469E-07 -0.53830E-08
  0.19950E+03 -0.12659E-06  0.71515E-07 -0.30360E-08
  0.19980E+03 -0.12953E-06  0.69339E-07 -0.81801E-09
  0.20010E+03 -0.13208E-06  0.66917E-07  0.12680E-08
  0.20040E+03 -0.13422E-06  0.64236E-07  0.32310E-08
  0.20070E+03 -0.13593E-06  0.61288E-07  0.50790E-08
  0.20100E+03 -0.13721E-06  0.58064E-07  0.68070E-08
  0.20130E+03 -0.13804E-06  0.54562E-07  0.84410E-08
  0.20160E+03 -0.13842E-06  0.50779E-07  0.99790E-08
  0.20190E+03 -0.13833E-06  0.46719E-07  0.11417E-07
  0.20220E+03 -0.13778E-06  0.42384E-07  0.12790E-07
  0.20250E+03 -0.13676E-06  0.37789E-07  0.14086E-07
  0.20280E+03 -0.13528E-06  0.32939E-07  0.15324E-07
  0.20310E+03 -0.13332E-06  0.27860E-07  0.16508E-07
  0.20340E+03 -0.13090E-06  0.22557E-07  0.17649E-07
  0.20370E+03 -0.12802E-06  0.17050E-07  0.18750E-07
  0.20400E+03 -0.12470E-06  0.11382E-07  0.19822E-07
  0.20430E+03 -0.12093E-06  0.55680E-08  0.20868E-07
  0.20460E+03 -0.11674E-06 -0.36698E-09  0.21893E-07
  0.20490E+03 -0.11215E-06 -0.63940E-08  0.22900E-07
  0.20520E+03 -0.10716E-06 -0.12466E-07  0.23895E-07
  0.20550E+03 -0.10180E-06 -0.18565E-07  0.24876E-07
  0.20580E+03 -0.96090E-07 -0.24647E-07  0.25846E-07
  0.20610E+03 -0.90061E-07 -0.30676E-07  0.26803E-07
  0.20640E+03 -0.83731E-07 -0.36620E-07  0.27745E-07
  0.20670E+03 -0.77137E-07 -0.42451E-07  0.28671E-07
  0.20700E+03 -0.70290E-07 -0.48111E-07  0.29577E-07
  0.20730E+03 -0.63240E-07 -0.53589E-07  0.30457E-07
  0.20760E+03 -0.56007E-07 -0.58838E-07  0.31307E-07
  0.20790E+03 -0.48622E-07 -0.63826E-07  0.32120E-07
  0.20820E+03 -0.41128E-07 -0.68534E-07  0.32890E-07
  0.20850E+03 -0.33552E-07 -0.72917E-07  0.33609E-07
  0.20880E+03 -0.25928E-07 -0.76960E-07  0.34269E-07
  0.20910E+03 -0.18290E-07 -0.80639E-07  0.34863E-07
  0.20940E+03 -0.10670E-07 -0.83920E-07  0.35384E-07
  0.20970E+03 -0.31040E-08 -0.86798E-07  0.35819E-07
  0.21000E+03  0.43700E-08 -0.89251E-07  0.36164E-07
  0.21030E+03  0.11738E-07 -0.91267E-07  0.36412E-07
  0.21060E+03  0.18949E-07 -0.92839E-07  0.36559E-07
  0.21090E+03  0.25990E-07 -0.93959E-07  0.36580E-07
  0.21120E+03  0.32813E-07 -0.94630E-07  0.36487E-07
  0.21150E+03  0.39414E-07 -0.94841E-07  0.36269E-07
  0.21180E+03  0.45757E-07 -0.94596E-07  0.35926E-07
  0.21210E+03  0.51816E-07 -0.93920E-07  0.35436E-07
  0.21240E+03  0.57577E-07 -0.92798E-07  0.34823E-07
  0.21270E+03  0.63011E-07 -0.91259E-07  0.34052E-07
  0.21300E+03  0.68109E-07 -0.89322E-07  0.33153E-07
  0.21330E+03  0.72844E-07 -0.86983E-07  0.32112E-07
  0.21360E+03  0.77217E-07 -0.84289E-07  0.30929E-07
  0.21390E+03  0.81213E-07 -0.81234E-07  0.29604E-07
  0.21420E+03  0.84826E-07 -0.77872E-07  0.28160E-07
  0.21450E+03  0.88038E-07 -0.74201E-07  0.26571E-07
  0.21480E+03  0.90853E-07 -0.70272E-07  0.24864E-07
  0.21510E+03  0.93264E-07 -0.66096E-07  0.23039E-07
  0.21540E+03  0.95277E-07 -0.61709E-07  0.21105E-07
  0.21570E+03  0.96884E-07 -0.57139E-07  0.19075E-07
  0.21600E+03  0.98095E-07 -0.52418E-07  0.16951E-07
  0.21630E+03  0.98921E-07 -0.47569E-07  0.14751E-07
  0.21660E+03  0.99359E-07 -0.42639E-07  0.12487E-07
  0.21690E+03  0.99421E-07 -0.37638E-07  0.10151E-07
  0.21720E+03  0.99122E-07 -0.32606E-07  0.77870E-08
  0.21750E+03  0.98465E-07 -0.27572E-07  0.53780E-08
  0.21780E+03  0.97459E-07 -0.22555E-07  0.29560E-08
  0.21810E+03  0.96131E-07 -0.17592E-07  0.52760E-09
  0.21840E+03  0.94489E-07 -0.12696E-07 -0.18929E-08
  0.21870E+03  0.92553E-07 -0.78930E-08 -0.42920E-08
  0.21900E+03  0.90334E-07 -0.32088E-08 -0.66583E-08
  0.21930E+03  0.87841E-07  0.13403E-08 -0.89773E-08
  0.21960E+03  0.85111E-07  0.57366E-08 -0.11236E-07
  0.21990E+03  0.82151E-07  0.99640E-08 -0.13428E-07
  0.22020E+03  0.78969E-07  0.14008E-07 -0.15533E-07
  0.22050E+03  0.75605E-07  0.17857E-07 -0.17550E-07
  0.22080E+03  0.72062E-07  0.21504E-07 -0.19457E-07
  0.22110E+03  0.68351E-07  0.24935E-07 -0.21256E-07
  0.22140E+03  0.64505E-07  0.28148E-07 -0.22928E-07
  0.22170E+03  0.60543E-07  0.31132E-07 -0.24482E-07
  0.22200E+03  0.56461E-07  0.33896E-07 -0.25899E-07
  0.22230E+03  0.52298E-07  0.36430E-07 -0.27168E-07
  0.22260E+03  0.48070E-07  0.38735E-07 -0.28303E-07
  0.22290E+03  0.43773E-07  0.40815E-07 -0.29284E-07
  0.22320E+03  0.39431E-07  0.42675E-07 -0.30111E-07
  0.22350E+03  0.35067E-07  0.44314E-07 -0.30793E-07
  0.22380E+03  0.30695E-07  0.45749E-07 -0.31325E-07
  0.22410E+03  0.26312E-07  0.46965E-07 -0.31705E-07
  0.22440E+03  0.21947E-07  0.47991E-07 -0.31935E-07
  0.22470E+03  0.17604E-07  0.48820E-07 -0.32017E-07
  0.22500E+03  0.13309E-07  0.49478E-07 -0.31956E-07
  0.22530E+03  0.90490E-08  0.49944E-07 -0.31758E-07
  0.22560E+03  0.48530E-08  0.50257E-07 -0.31423E-07
  0.22590E+03  0.72200E-09  0.50405E-07 -0.30955E-07
  0.22620E+03 -0.33310E-08  0.50408E-07 -0.30374E-07
  0.22650E+03 -0.73000E-08  0.50271E-07 -0.29672E-07
  0.22680E+03 -0.11173E-07  0.50003E-07 -0.28867E-07
  0.22710E+03 -0.14938E-07  0.49614E-07 -0.27956E-07
  0.22740E+03 -0.18607E-07  0.49104E-07 -0.26958E-07
  0.22770E+03 -0.22143E-07  0.48501E-07 -0.25879E-07
  0.22800E+03 -0.25569E-07  0.47783E-07 -0.24718E-07
  0.22830E+03 -0.28860E-07  0.46984E-07 -0.23494E-07
  0.22860E+03 -0.32020E-07  0.46097E-07 -0.22202E-07
  0.22890E+03 -0.35030E-07  0.45124E-07 -0.20874E-07
  0.22920E+03 -0.37906E-07  0.44070E-07 -0.19500E-07
  0.22950E+03 -0.40622E-07  0.42947E-07 -0.18088E-07
  0.22980E+03 -0.43189E-07  0.41763E-07 -0.16654E-07
  0.23010E+03 -0.45595E-07  0.40509E-07 -0.15201E-07
  0.23040E+03 -0.47832E-07  0.39190E-07 -0.13740E-07
  0.23070E+03 -0.49909E-07  0.37817E-07 -0.12275E-07
  0.23100E+03 -0.51812E-07  0.36388E-07 -0.10814E-07
  0.23130E+03 -0.53546E-07  0.34901E-07 -0.93620E-08
  0.23160E+03 -0.55094E-07  0.33360E-07 -0.79310E-08
  0.23190E+03 -0.56470E-07  0.31768E-07 -0.65110E-08
  0.23220E+03 -0.57653E-07  0.30123E-07 -0.51230E-08
  0.23250E+03 -0.58668E-07  0.28428E-07 -0.37600E-08
  0.23280E+03 -0.59485E-07  0.26681E-07 -0.24370E-08
  0.23310E+03 -0.60128E-07  0.24895E-07 -0.11420E-08
  0.23340E+03 -0.60572E-07  0.23050E-07  0.10502E-09
  0.23370E+03 -0.60837E-07  0.21172E-07  0.13130E-08
  0.23400E+03 -0.60904E-07  0.19242E-07  0.24720E-08
  0.23430E+03 -0.60793E-07  0.17272E-07  0.35890E-08
  0.23460E+03 -0.60489E-07  0.15266E-07  0.46560E-08
  0.23490E+03 -0.60010E-07  0.13213E-07  0.56850E-08
  0.23520E+03 -0.59336E-07  0.11137E-07  0.66540E-08
  0.23550E+03 -0.58487E-07  0.90270E-08  0.75780E-08
  0.23580E+03 -0.57463E-07  0.68870E-08  0.84560E-08
  0.23610E+03 -0.56268E-07  0.47310E-08  0.92790E-08
  0.23640E+03 -0.54895E-07  0.25500E-08  0.10058E-07
  0.23670E+03 -0.53367E-07  0.36198E-09  0.10786E-07
  0.23700E+03 -0.51670E-07 -0.18360E-08  0.11470E-07
  0.23730E+03 -0.49823E-07 -0.40280E-08  0.12112E-07
  0.23760E+03 -0.47829E-07 -0.62190E-08  0.12697E-07
  0.23790E+03 -0.45695E-07 -0.83950E-08  0.13251E-07
  0.23820E+03 -0.43432E-07 -0.10550E-07  0.13746E-07
  0.23850E+03 -0.41036E-07 -0.12677E-07  0.14211E-07
  0.23880E+03 -0.38534E-07 -0.14764E-07  0.14627E-07
  0.23910E+03 -0.35922E-07 -0.16808E-07  0.15004E-07
  0.23940E+03 -0.33211E-07 -0.18799E-07  0.15335E-07
  0.23970E+03 -0.30414E-07 -0.20732E-07  0.15627E-07
  0.24000E+03 -0.27538E-07 -0.22603E-07  0.15886E-07
  0.24030E+03 -0.24594E-07 -0.24392E-07  0.16092E-07
  0.24060E+03 -0.21591E-07 -0.26091E-07  0.16272E-07
  0.24090E+03 -0.18548E-07 -0.27702E-07  0.16407E-07
  0.24120E+03 -0.15477E-07 -0.29213E-07  0.16499E-07
  0.24150E+03 -0.12374E-07 -0.30620E-07  0.16560E-07
  0.24180E+03 -0.92700E-08 -0.31909E-07  0.16580E-07
  0.24210E+03 -0.61630E-08 -0.33078E-07  0.16557E-07
  0.24240E+03 -0.30680E-08 -0.34127E-07  0.16494E-07
  0.24270E+03  0.10999E-10 -0.35033E-07  0.16395E-07
  0.24300E+03  0.30490E-08 -0.35818E-07  0.16259E-07
  0.24330E+03  0.60330E-08 -0.36461E-07  0.16082E-07
  0.24360E+03  0.89670E-08 -0.36956E-07  0.15855E-07
  0.24390E+03  0.11831E-07 -0.37304E-07  0.15599E-07
  0.24420E+03  0.14628E-07 -0.37519E-07  0.15299E-07
  0.24450E+03  0.17330E-07 -0.37573E-07  0.14958E-07
  0.24480E+03  0.19931E-07 -0.37493E-07  0.14577E-07
  0.24510E+03  0.22431E-07 -0.37262E-07  0.14157E-07
  0.24540E+03  0.24815E-07 -0.36885E-07  0.13697E-07
  0.24570E+03  0.27082E-07 -0.36364E-07  0.13198E-07
  0.24600E+03  0.29219E-07 -0.35709E-07  0.12661E-07
  0.24630E+03  0.31223E-07 -0.34919E-07  0.12087E-07
  0.24660E+03  0.33083E-07 -0.33999E-07  0.11475E-07
  0.24690E+03  0.34794E-07 -0.32950E-07  0.10832E-07
  0.24720E+03  0.36362E-07 -0.31780E-07  0.10153E-07
  0.24750E+03  0.37767E-07 -0.30500E-07  0.94400E-08
  0.24780E+03  0.39021E-07 -0.29118E-07  0.86940E-08
  0.24810E+03  0.40117E-07 -0.27637E-07  0.79260E-08
  0.24840E+03  0.41050E-07 -0.26064E-07  0.71330E-08
  0.24870E+03  0.41830E-07 -0.24404E-07  0.63200E-08
  0.24900E+03  0.42433E-07 -0.22680E-07  0.54790E-08
  0.24930E+03  0.42888E-07 -0.20886E-07  0.46210E-08
  0.24960E+03  0.43171E-07 -0.19040E-07  0.37540E-08
  0.24990E+03  0.43301E-07 -0.17150E-07  0.28750E-08
  0.25020E+03  0.43274E-07 -0.15218E-07  0.19880E-08
  0.25050E+03  0.43093E-07 -0.13261E-07  0.10870E-08
  0.25080E+03  0.42764E-07 -0.11287E-07  0.19699E-09
  0.25110E+03  0.42288E-07 -0.93047E-08 -0.70000E-09
  0.25140E+03  0.41672E-07 -0.73240E-08 -0.15830E-08
  0.25170E+03  0.40919E-07 -0.53540E-08 -0.24540E-08
  0.25200E+03  0.40038E-07 -0.33980E-08 -0.33230E-08
  0.25230E+03  0.39029E-07 -0.14640E-08 -0.41650E-08
  0.25260E+03  0.37907E-07  0.42999E-09 -0.49920E-08
  0.25290E+03  0.36664E-07  0.22790E-08 -0.57930E-08
  0.25320E+03  0.35324E-07  0.40840E-08 -0.65730E-08
  0.25350E+03  0.33891E-07  0.58340E-08 -0.73120E-08
  0.25380E+03  0.32358E-07  0.75270E-08 -0.80290E-08
  0.25410E+03  0.30742E-07  0.91530E-08 -0.87040E-08
  0.25440E+03  0.29058E-07  0.10706E-07 -0.93380E-08
  0.25470E+03  0.27295E-07  0.12182E-07 -0.99290E-08
  0.25500E+03  0.25479E-07  0.13580E-07 -0.10474E-07
  0.25530E+03  0.23613E-07  0.14890E-07 -0.10975E-07
  0.25560E+03  0.21702E-07  0.16120E-07 -0.11434E-07
  0.25590E+03  0.19751E-07  0.17261E-07 -0.11840E-07
  0.25620E+03  0.17767E-07  0.18307E-07 -0.12196E-07
  0.25650E+03  0.15765E-07  0.19262E-07 -0.12495E-07
  0.25680E+03  0.13742E-07  0.20132E-07 -0.12745E-07
  0.25710E+03  0.11715E-07  0.20897E-07 -0.12941E-07
  0.25740E+03  0.96860E-08  0.21578E-07 -0.13085E-07
  0.25770E+03  0.76630E-08  0.22168E-07 -0.13175E-07
  0.25800E+03  0.56560E-08  0.22663E-07 -0.13213E-07
  0.25830E+03  0.36560E-08  0.23068E-07 -0.13198E-07
  0.25860E+03  0.16900E-08  0.23386E-07 -0.13129E-07
  0.25890E+03 -0.24599E-09  0.23617E-07 -0.13019E-07
  0.25920E+03 -0.21510E-08  0.23756E-07 -0.12847E-07
  0.25950E+03 -0.40080E-08  0.23826E-07 -0.12641E-07
  0.25980E+03 -0.58250E-08  0.23805E-07 -0.12379E-07
  0.26010E+03 -0.75890E-08  0.23708E-07 -0.12083E-07
  0.26040E+03 -0.92910E-08  0.23545E-07 -0.11741E-07
  0.26070E+03 -0.10944E-07  0.23303E-07 -0.11358E-07
  0.26100E+03 -0.12529E-07  0.22998E-07 -0.10948E-07
  0.26130E+03 -0.14047E-07  0.22625E-07 -0.10494E-07
  0.26160E+03 -0.15495E-07  0.22191E-07 -0.10009E-07
  0.26190E+03 -0.16868E-07  0.21697E-07 -0.94960E-08
  0.26220E+03 -0.18171E-07  0.21150E-07 -0.89680E-08
  0.26250E+03 -0.19388E-07  0.20553E-07 -0.84070E-08
  0.26280E+03 -0.20529E-07  0.19901E-07 -0.78240E-08
  0.26310E+03 -0.21581E-07  0.19213E-07 -0.72300E-08
  0.26340E+03 -0.22554E-07  0.18473E-07 -0.66280E-08
  0.26370E+03 -0.23431E-07  0.17706E-07 -0.60020E-08
  0.26400E+03 -0.24231E-07  0.16897E-07 -0.53720E-08
  0.26430E+03 -0.24944E-07  0.16056E-07 -0.47430E-08
  0.26460E+03 -0.25558E-07  0.15176E-07 -0.41000E-08
  0.26490E+03 -0.26092E-07  0.14284E-07 -0.34678E-08
  0.26520E+03 -0.26530E-07  0.13356E-07 -0.28325E-08
  0.26550E+03 -0.26877E-07  0.12405E-07 -0.22017E-08
  0.26580E+03 -0.27142E-07  0.11449E-07 -0.15780E-08
  0.26610E+03 -0.27317E-07  0.10468E-07 -0.96270E-09
  0.26640E+03 -0.27399E-07  0.94710E-08 -0.35940E-09
  0.26670E+03 -0.27400E-07  0.84650E-08  0.23169E-09
  0.26700E+03 -0.27311E-07  0.74530E-08  0.80780E-09
  0.26730E+03 -0.27134E-07  0.64300E-08  0.13640E-08
  0.26760E+03 -0.26879E-07  0.54070E-08  0.19110E-08
  0.26790E+03 -0.26540E-07  0.43750E-08  0.24320E-08
  0.26820E+03 -0.26130E-07  0.33490E-08  0.29370E-08
  0.26850E+03 -0.25630E-07  0.23360E-08  0.34120E-08
  0.26880E+03 -0.25057E-07  0.13140E-08  0.38780E-08
  0.26910E+03 -0.24423E-07  0.30801E-09  0.43140E-08
  0.26940E+03 -0.23710E-07 -0.69099E-09  0.47230E-08
  0.26970E+03 -0.22931E-07 -0.16690E-08  0.51040E-08
  0.27000E+03 -0.22090E-07 -0.26470E-08  0.54680E-08
  0.27030E+03 -0.21188E-07 -0.35950E-08  0.58050E-08
  0.27060E+03 -0.20229E-07 -0.45300E-08  0.61150E-08
  0.27090E+03 -0.19218E-07 -0.54390E-08  0.64010E-08
  0.27120E+03 -0.18153E-07 -0.63230E-08  0.66580E-08
  0.27150E+03 -0.17046E-07 -0.71800E-08  0.68920E-08
  0.27180E+03 -0.15905E-07 -0.80150E-08  0.71000E-08
  0.27210E+03 -0.14719E-07 -0.88143E-08  0.72800E-08
  0.27240E+03 -0.13492E-07 -0.95801E-08  0.74390E-08
  0.27270E+03 -0.12248E-07 -0.10311E-07  0.75700E-08
  0.27300E+03 -0.10971E-07 -0.11003E-07  0.76780E-08
  0.27330E+03 -0.96750E-08 -0.11657E-07  0.77610E-08
  0.27360E+03 -0.83630E-08 -0.12267E-07  0.78120E-08
  0.27390E+03 -0.70460E-08 -0.12841E-07  0.78457E-08
  0.27420E+03 -0.57180E-08 -0.13358E-07  0.78540E-08
  0.27450E+03 -0.43860E-08 -0.13839E-07  0.78397E-08
  0.27480E+03 -0.30510E-08 -0.14265E-07  0.78031E-08
  0.27510E+03 -0.17240E-08 -0.14648E-07  0.77439E-08
  0.27540E+03 -0.41000E-09 -0.14969E-07  0.76680E-08
  0.27570E+03  0.88500E-09 -0.15247E-07  0.75610E-08
  0.27600E+03  0.21660E-08 -0.15480E-07  0.74400E-08
  0.27630E+03  0.34270E-08 -0.15642E-07  0.72970E-08
  0.27660E+03  0.46538E-08 -0.15760E-07  0.71430E-08
  0.27690E+03  0.58527E-08 -0.15824E-07  0.69550E-08
  0.27720E+03  0.70161E-08 -0.15838E-07  0.67590E-08
  0.27750E+03  0.81415E-08 -0.15794E-07  0.65530E-08
  0.27780E+03  0.92247E-08 -0.15698E-07  0.63190E-08
  0.27810E+03  0.10262E-07 -0.15548E-07  0.60770E-08
  0.27840E+03  0.11253E-07 -0.15340E-07  0.58120E-08
  0.27870E+03  0.12190E-07 -0.15085E-07  0.55390E-08
  0.27900E+03  0.13075E-07 -0.14780E-07  0.52480E-08
  0.27930E+03  0.13900E-07 -0.14426E-07  0.49480E-08
  0.27960E+03  0.14674E-07 -0.14027E-07  0.46390E-08
  0.27990E+03  0.15378E-07 -0.13585E-07  0.43150E-08
  0.28020E+03  0.16026E-07 -0.13089E-07  0.39840E-08
  0.28050E+03  0.16611E-07 -0.12566E-07  0.36450E-08
  0.28080E+03  0.17125E-07 -0.11990E-07  0.32900E-08
  0.28110E+03  0.17584E-07 -0.11383E-07  0.29340E-08
  0.28140E+03  0.17971E-07 -0.10745E-07  0.25730E-08
  0.28170E+03  0.18284E-07 -0.10079E-07  0.22100E-08
  0.28200E+03  0.18539E-07 -0.93830E-08  0.18410E-08
  0.28230E+03  0.18719E-07 -0.86550E-08  0.14670E-08
  0.28260E+03  0.18838E-07 -0.79060E-08  0.10930E-08
  0.28290E+03  0.18883E-07 -0.71460E-08  0.71401E-09
  0.28320E+03  0.18868E-07 -0.63610E-08  0.34500E-09
  0.28350E+03  0.18787E-07 -0.55670E-08 -0.26994E-10
  0.28380E+03  0.18643E-07 -0.47630E-08 -0.39390E-09
  0.28410E+03  0.18437E-07 -0.39630E-08 -0.75710E-09
  0.28440E+03  0.18170E-07 -0.31470E-08 -0.11148E-08
  0.28470E+03  0.17845E-07 -0.23390E-08 -0.14659E-08
  0.28500E+03  0.17463E-07 -0.15290E-08 -0.18083E-08
  0.28530E+03  0.17028E-07 -0.72501E-09 -0.21428E-08
  0.28560E+03  0.16540E-07  0.67985E-10 -0.24664E-08
  0.28590E+03  0.16004E-07  0.84799E-09 -0.27796E-08
  0.28620E+03  0.15423E-07  0.16080E-08 -0.30760E-08
  0.28650E+03  0.14794E-07  0.23570E-08 -0.33640E-08
  0.28680E+03  0.14128E-07  0.30800E-08 -0.36410E-08
  0.28710E+03  0.13419E-07  0.37850E-08 -0.38950E-08
  0.28740E+03  0.12686E-07  0.44620E-08 -0.41420E-08
  0.28770E+03  0.11917E-07  0.51110E-08 -0.43710E-08
  0.28800E+03  0.11114E-07  0.57260E-08 -0.45740E-08
  0.28830E+03  0.10294E-07  0.63160E-08 -0.47640E-08
  0.28860E+03  0.94410E-08  0.68730E-08 -0.49400E-08
  0.28890E+03  0.85810E-08  0.73970E-08 -0.50890E-08
  0.28920E+03  0.77070E-08  0.78830E-08 -0.52230E-08
  0.28950E+03  0.68160E-08  0.83310E-08 -0.53360E-08
  0.28980E+03  0.59090E-08  0.87400E-08 -0.54350E-08
  0.29010E+03  0.50060E-08  0.91140E-08 -0.55020E-08
  0.29040E+03  0.41050E-08  0.94446E-08 -0.55630E-08
  0.29070E+03  0.32050E-08  0.97386E-08 -0.55980E-08
  0.29100E+03  0.23010E-08  0.99931E-08 -0.56050E-08
  0.29130E+03  0.14030E-08  0.10208E-07 -0.56010E-08
  0.29160E+03  0.52600E-09  0.10383E-07 -0.55740E-08
  0.29190E+03 -0.34500E-09  0.10518E-07 -0.55240E-08
  0.29220E+03 -0.11980E-08  0.10611E-07 -0.54620E-08
  0.29250E+03 -0.20360E-08  0.10669E-07 -0.53780E-08
  0.29280E+03 -0.28550E-08  0.10695E-07 -0.52750E-08
  0.29310E+03 -0.36483E-08  0.10680E-07 -0.51530E-08
  0.29340E+03 -0.44163E-08  0.10626E-07 -0.50220E-08
  0.29370E+03 -0.51570E-08  0.10535E-07 -0.48690E-08
  0.29400E+03 -0.58683E-08  0.10412E-07 -0.46980E-08
  0.29430E+03 -0.65496E-08  0.10258E-07 -0.45200E-08
  0.29460E+03 -0.71995E-08  0.10078E-07 -0.43200E-08
  0.29490E+03 -0.78100E-08  0.98570E-08 -0.41090E-08
  0.29520E+03 -0.83870E-08  0.96200E-08 -0.38960E-08
  0.29550E+03 -0.89260E-08  0.93410E-08 -0.36630E-08
  0.29580E+03 -0.94330E-08  0.90520E-08 -0.34300E-08
  0.29610E+03 -0.99020E-08  0.87280E-08 -0.31770E-08
  0.29640E+03 -0.10319E-07  0.83840E-08 -0.29210E-08
  0.29670E+03 -0.10708E-07  0.80220E-08 -0.26620E-08
  0.29700E+03 -0.11051E-07  0.76350E-08 -0.24010E-08
  0.29730E+03 -0.11356E-07  0.72290E-08 -0.21290E-08
  0.29760E+03 -0.11608E-07  0.68130E-08 -0.18580E-08
  0.29790E+03 -0.11828E-07  0.63830E-08 -0.15820E-08
  0.29820E+03 -0.12005E-07  0.59400E-08 -0.13000E-08
  0.29850E+03 -0.12136E-07  0.54850E-08 -0.10320E-08
  0.29880E+03 -0.12236E-07  0.50190E-08 -0.75300E-09
  0.29910E+03 -0.12288E-07  0.45470E-08 -0.48000E-09
  0.29940E+03 -0.12294E-07  0.40680E-08 -0.20999E-09
  0.29970E+03 -0.12264E-07  0.35820E-08  0.44999E-10
  0.30000E+03 -0.12196E-07  0.30980E-08  0.30900E-09
  0.30030E+03 -0.12092E-07  0.26150E-08  0.56330E-09
  0.30060E+03 -0.11950E-07  0.21210E-08  0.81000E-09
  0.30090E+03 -0.11767E-07  0.16355E-08  0.10495E-08
  0.30120E+03 -0.11550E-07  0.11522E-08  0.12811E-08
  0.30150E+03 -0.11298E-07  0.67120E-09  0.15037E-08
  0.30180E+03 -0.11013E-07  0.19680E-09  0.17172E-08
  0.30210E+03 -0.10700E-07 -0.27140E-09  0.19213E-08
  0.30240E+03 -0.10359E-07 -0.73170E-09  0.21170E-08
  0.30270E+03 -0.99810E-08 -0.11824E-08  0.22960E-08
  0.30300E+03 -0.95800E-08 -0.16230E-08  0.24700E-08
  0.30330E+03 -0.91560E-08 -0.20530E-08  0.26300E-08
  0.30360E+03 -0.87000E-08 -0.24710E-08  0.27800E-08
  0.30390E+03 -0.82297E-08 -0.28760E-08  0.29150E-08
  0.30420E+03 -0.77379E-08 -0.32590E-08  0.30310E-08
  0.30450E+03 -0.72269E-08 -0.36310E-08  0.31520E-08
  0.30480E+03 -0.67002E-08 -0.39890E-08  0.32500E-08
  0.30510E+03 -0.61577E-08 -0.43340E-08  0.33310E-08
  0.30540E+03 -0.56010E-08 -0.46580E-08  0.34090E-08
  0.30570E+03 -0.50420E-08 -0.49540E-08  0.34700E-08
  0.30600E+03 -0.44690E-08 -0.52440E-08  0.35190E-08
  0.30630E+03 -0.38870E-08 -0.55030E-08  0.35570E-08
  0.30660E+03 -0.32970E-08 -0.57470E-08  0.35740E-08
  0.30690E+03 -0.27110E-08 -0.59690E-08  0.35870E-08
