0.000000e+00     0.000000e+00     0.000000e+00     7.562973e-07
3.000000e-01     0.000000e+00     0.000000e+00     1.105406e-06
6.000000e-01     0.000000e+00     0.000000e+00     4.616416e-07
9.000000e-01     0.000000e+00     0.000000e+00     5.438567e-07
1.200000e+00     0.000000e+00     0.000000e+00     6.953537e-07
1.500000e+00     0.000000e+00     0.000000e+00     1.030506e-06
1.800000e+00     0.000000e+00     0.000000e+00     1.166223e-06
2.100000e+00     0.000000e+00     0.000000e+00     1.334095e-06
2.400000e+00     0.000000e+00     0.000000e+00     1.486333e-06
2.700000e+00     0.000000e+00     0.000000e+00     1.440121e-06
3.000000e+00     0.000000e+00     0.000000e+00     1.293998e-06
3.300000e+00     0.000000e+00     0.000000e+00     1.266812e-06
3.600000e+00     0.000000e+00     0.000000e+00     1.210857e-06
3.900000e+00     0.000000e+00     0.000000e+00     1.093102e-06
4.200000e+00     0.000000e+00     0.000000e+00     1.093883e-06
4.500000e+00     0.000000e+00     0.000000e+00     1.183543e-06
4.800000e+00     0.000000e+00     0.000000e+00     1.129192e-06
5.100000e+00     0.000000e+00     0.000000e+00     9.158799e-07
5.400000e+00     0.000000e+00     0.000000e+00     9.770442e-07
5.700000e+00     0.000000e+00     0.000000e+00     1.308413e-06
6.000000e+00     0.000000e+00     0.000000e+00     1.568301e-06
6.300000e+00     0.000000e+00     0.000000e+00     1.515563e-06
6.600000e+00     0.000000e+00     0.000000e+00     1.172300e-06
6.900000e+00     0.000000e+00     0.000000e+00     1.054009e-06
7.200000e+00     0.000000e+00     0.000000e+00     1.171004e-06
7.500000e+00     0.000000e+00     0.000000e+00     1.082716e-06
7.800000e+00     0.000000e+00     0.000000e+00     7.290907e-07
8.100000e+00     0.000000e+00     0.000000e+00     5.868768e-07
8.400000e+00     0.000000e+00     0.000000e+00     7.422993e-07
8.700000e+00     0.000000e+00     0.000000e+00     8.880999e-07
9.000000e+00     0.000000e+00     0.000000e+00     1.126413e-06
9.300000e+00     0.000000e+00     0.000000e+00     1.570741e-06
9.600000e+00     0.000000e+00     0.000000e+00     1.962545e-06
9.900000e+00     0.000000e+00     0.000000e+00     1.831685e-06
1.020000e+01     0.000000e+00     0.000000e+00     1.624976e-06
1.050000e+01     0.000000e+00     0.000000e+00     1.374035e-06
1.080000e+01     0.000000e+00     0.000000e+00     1.135794e-06
1.110000e+01     0.000000e+00     0.000000e+00     6.694655e-07
1.140000e+01     0.000000e+00     0.000000e+00     1.304193e-07
1.170000e+01     0.000000e+00     0.000000e+00     9.684550e-08
1.200000e+01     0.000000e+00     0.000000e+00     6.051173e-07
1.230000e+01     0.000000e+00     0.000000e+00     1.277317e-06
1.260000e+01     0.000000e+00     0.000000e+00     1.808309e-06
1.290000e+01     0.000000e+00     0.000000e+00     2.201455e-06
1.320000e+01     0.000000e+00     0.000000e+00     2.228772e-06
1.350000e+01     0.000000e+00     0.000000e+00     1.684307e-06
1.380000e+01     0.000000e+00     0.000000e+00     8.836712e-07
1.410000e+01     0.000000e+00     0.000000e+00     4.016279e-07
1.440000e+01     0.000000e+00     0.000000e+00     1.957219e-07
1.470000e+01     0.000000e+00     0.000000e+00     1.803962e-07
1.500000e+01     0.000000e+00     0.000000e+00     4.453773e-07
1.530000e+01     0.000000e+00     0.000000e+00     1.028940e-06
1.560000e+01     0.000000e+00     0.000000e+00     1.666777e-06
1.590000e+01     0.000000e+00     0.000000e+00     2.048531e-06
1.620000e+01     0.000000e+00     0.000000e+00     2.152282e-06
1.650000e+01     0.000000e+00     0.000000e+00     1.702568e-06
1.680000e+01     0.000000e+00     0.000000e+00     1.076499e-06
1.710000e+01     0.000000e+00     0.000000e+00     4.752537e-07
1.740000e+01     0.000000e+00     0.000000e+00     2.547123e-07
1.770000e+01     0.000000e+00     0.000000e+00     3.972436e-07
1.800000e+01     0.000000e+00     0.000000e+00     7.632550e-07
1.830000e+01     0.000000e+00     0.000000e+00     1.232380e-06
1.860000e+01     0.000000e+00     0.000000e+00     1.638214e-06
1.890000e+01     0.000000e+00     0.000000e+00     1.798666e-06
1.920000e+01     0.000000e+00     0.000000e+00     1.482688e-06
1.950000e+01     0.000000e+00     0.000000e+00     1.141059e-06
1.980000e+01     0.000000e+00     0.000000e+00     1.003729e-06
2.010000e+01     0.000000e+00     0.000000e+00     1.116456e-06
2.040000e+01     0.000000e+00     0.000000e+00     1.189709e-06
2.070000e+01     0.000000e+00     0.000000e+00     8.899723e-07
2.100000e+01     0.000000e+00     0.000000e+00     3.084656e-07
2.130000e+01     0.000000e+00     0.000000e+00     1.695258e-07
2.160000e+01     0.000000e+00     0.000000e+00     7.239314e-07
2.190000e+01     0.000000e+00     0.000000e+00     1.323844e-06
2.220000e+01     0.000000e+00     0.000000e+00     1.663163e-06
2.250000e+01     0.000000e+00     0.000000e+00     1.613527e-06
2.280000e+01     0.000000e+00     0.000000e+00     1.443133e-06
2.310000e+01     0.000000e+00     0.000000e+00     9.611813e-07
2.340000e+01     0.000000e+00     0.000000e+00     3.458430e-07
2.370000e+01     0.000000e+00     0.000000e+00     3.571860e-07
2.400000e+01     0.000000e+00     0.000000e+00     8.124734e-07
2.430000e+01     0.000000e+00     0.000000e+00     1.089754e-06
2.460000e+01     0.000000e+00     0.000000e+00     9.252173e-07
2.490000e+01     0.000000e+00     0.000000e+00     9.637632e-07
2.520000e+01     0.000000e+00     0.000000e+00     1.339038e-06
2.550000e+01     0.000000e+00     0.000000e+00     1.688241e-06
2.580000e+01     0.000000e+00     0.000000e+00     1.487207e-06
2.610000e+01     0.000000e+00     0.000000e+00     8.427697e-07
2.640000e+01     0.000000e+00     0.000000e+00     3.915292e-07
2.670000e+01     0.000000e+00     0.000000e+00     1.212239e-07
2.700000e+01     0.000000e+00     0.000000e+00     1.081611e-07
2.730000e+01     0.000000e+00     0.000000e+00     4.666690e-07
2.760000e+01     0.000000e+00     0.000000e+00     1.101503e-06
2.790000e+01     0.000000e+00     0.000000e+00     1.606067e-06
2.820000e+01     0.000000e+00     0.000000e+00     1.552231e-06
2.850000e+01     0.000000e+00     0.000000e+00     1.481794e-06
2.880000e+01     0.000000e+00     0.000000e+00     1.329672e-06
2.910000e+01     0.000000e+00     0.000000e+00     9.582015e-07
2.940000e+01     0.000000e+00     0.000000e+00     2.788191e-07
2.970000e+01     0.000000e+00     0.000000e+00     1.081996e-06
3.000000e+01     0.000000e+00     0.000000e+00     7.924760e-07
3.030000e+01     0.000000e+00     0.000000e+00     2.110399e-06
3.060000e+01     0.000000e+00     0.000000e+00     5.848540e-06
3.090000e+01     0.000000e+00     0.000000e+00     4.701665e-06
3.120000e+01     0.000000e+00     0.000000e+00     5.961676e-07
3.150000e+01     0.000000e+00     0.000000e+00     1.745915e-07
3.180000e+01     0.000000e+00     0.000000e+00     2.492591e-06
3.210000e+01     0.000000e+00     0.000000e+00     3.309224e-06
3.240000e+01     0.000000e+00     0.000000e+00     5.664578e-06
3.270000e+01     0.000000e+00     0.000000e+00     4.758680e-06
3.300000e+01     0.000000e+00     0.000000e+00     1.126842e-05
3.330000e+01     0.000000e+00     0.000000e+00     1.428635e-05
3.360000e+01     0.000000e+00     0.000000e+00     1.063289e-06
3.390000e+01     0.000000e+00     0.000000e+00     -1.772414e-05
3.420000e+01     0.000000e+00     0.000000e+00     -3.327680e-06
3.450000e+01     0.000000e+00     0.000000e+00     2.235254e-05
3.480000e+01     0.000000e+00     0.000000e+00     3.881121e-07
3.510000e+01     0.000000e+00     0.000000e+00     -1.286415e-05
3.540000e+01     0.000000e+00     0.000000e+00     9.067201e-06
3.570000e+01     0.000000e+00     0.000000e+00     -1.412553e-05
3.600000e+01     0.000000e+00     0.000000e+00     -3.143738e-06
3.630000e+01     0.000000e+00     0.000000e+00     3.063056e-06
3.660000e+01     0.000000e+00     0.000000e+00     -2.736931e-05
3.690000e+01     0.000000e+00     0.000000e+00     -1.376046e-05
3.720000e+01     0.000000e+00     0.000000e+00     -4.904470e-06
3.750000e+01     0.000000e+00     0.000000e+00     -1.889598e-05
3.780000e+01     0.000000e+00     0.000000e+00     1.249103e-05
3.810000e+01     0.000000e+00     0.000000e+00     1.093869e-05
3.840000e+01     0.000000e+00     0.000000e+00     1.089080e-05
3.870000e+01     0.000000e+00     0.000000e+00     -3.023037e-05
3.900000e+01     0.000000e+00     0.000000e+00     -1.682275e-05
3.930000e+01     0.000000e+00     0.000000e+00     3.323868e-05
3.960000e+01     0.000000e+00     0.000000e+00     -2.093570e-05
3.990000e+01     0.000000e+00     0.000000e+00     5.877289e-06
4.020000e+01     0.000000e+00     0.000000e+00     1.290750e-05
4.050000e+01     0.000000e+00     0.000000e+00     -1.482367e-05
4.080000e+01     0.000000e+00     0.000000e+00     1.308834e-05
4.110000e+01     0.000000e+00     0.000000e+00     1.930481e-05
4.140000e+01     0.000000e+00     0.000000e+00     2.235983e-05
4.170000e+01     0.000000e+00     0.000000e+00     3.406894e-06
4.200000e+01     0.000000e+00     0.000000e+00     -2.887765e-06
4.230000e+01     0.000000e+00     0.000000e+00     -1.166024e-05
4.260000e+01     0.000000e+00     0.000000e+00     1.990629e-06
4.290000e+01     0.000000e+00     0.000000e+00     1.798284e-05
4.320000e+01     0.000000e+00     0.000000e+00     -2.524727e-07
4.350000e+01     0.000000e+00     0.000000e+00     1.993241e-05
4.380000e+01     0.000000e+00     0.000000e+00     -2.478712e-06
4.410000e+01     0.000000e+00     0.000000e+00     -9.102547e-06
4.440000e+01     0.000000e+00     0.000000e+00     -1.073728e-05
4.470000e+01     0.000000e+00     0.000000e+00     -4.484197e-06
4.500000e+01     0.000000e+00     0.000000e+00     1.593046e-05
4.530000e+01     0.000000e+00     0.000000e+00     -7.353980e-06
4.560000e+01     0.000000e+00     0.000000e+00     -2.387315e-05
4.590000e+01     0.000000e+00     0.000000e+00     -3.615905e-07
4.620000e+01     0.000000e+00     0.000000e+00     6.472300e-06
4.650000e+01     0.000000e+00     0.000000e+00     -1.942251e-05
4.680000e+01     0.000000e+00     0.000000e+00     -1.203141e-05
4.710000e+01     0.000000e+00     0.000000e+00     1.313221e-05
4.740000e+01     0.000000e+00     0.000000e+00     -4.692032e-06
4.770000e+01     0.000000e+00     0.000000e+00     1.135432e-06
4.800000e+01     0.000000e+00     0.000000e+00     -9.452490e-06
4.830000e+01     0.000000e+00     0.000000e+00     1.871513e-05
4.860000e+01     0.000000e+00     0.000000e+00     2.521442e-05
4.890000e+01     0.000000e+00     0.000000e+00     7.675187e-06
4.920000e+01     0.000000e+00     0.000000e+00     5.269063e-06
4.950000e+01     0.000000e+00     0.000000e+00     1.275976e-06
4.980000e+01     0.000000e+00     0.000000e+00     8.937875e-06
5.010000e+01     0.000000e+00     0.000000e+00     1.508415e-06
5.040000e+01     0.000000e+00     0.000000e+00     -5.513266e-06
5.070000e+01     0.000000e+00     0.000000e+00     6.067812e-06
5.100000e+01     0.000000e+00     0.000000e+00     -1.627367e-05
5.130000e+01     0.000000e+00     0.000000e+00     -2.754069e-05
5.160000e+01     0.000000e+00     0.000000e+00     3.304913e-06
5.190000e+01     0.000000e+00     0.000000e+00     1.520717e-05
5.220000e+01     0.000000e+00     0.000000e+00     -1.136330e-05
5.250000e+01     0.000000e+00     0.000000e+00     -3.462235e-05
5.280000e+01     0.000000e+00     0.000000e+00     8.610201e-06
5.310000e+01     0.000000e+00     0.000000e+00     5.039016e-05
5.340000e+01     0.000000e+00     0.000000e+00     3.005011e-05
5.370000e+01     0.000000e+00     0.000000e+00     6.892643e-06
5.400000e+01     0.000000e+00     0.000000e+00     -5.482641e-06
5.430000e+01     0.000000e+00     0.000000e+00     -1.199980e-05
5.460000e+01     0.000000e+00     0.000000e+00     -1.902523e-05
5.490000e+01     0.000000e+00     0.000000e+00     -1.039791e-05
5.520000e+01     0.000000e+00     0.000000e+00     -2.167866e-05
5.550000e+01     0.000000e+00     0.000000e+00     -2.157183e-05
5.580000e+01     0.000000e+00     0.000000e+00     -2.817428e-05
5.610000e+01     0.000000e+00     0.000000e+00     1.225144e-05
5.640000e+01     0.000000e+00     0.000000e+00     1.793267e-05
5.670000e+01     0.000000e+00     0.000000e+00     -2.465597e-06
5.700000e+01     0.000000e+00     0.000000e+00     3.596444e-05
5.730000e+01     0.000000e+00     0.000000e+00     8.717410e-05
5.760000e+01     0.000000e+00     0.000000e+00     -3.690865e-05
5.790000e+01     0.000000e+00     0.000000e+00     -2.243780e-05
5.820000e+01     0.000000e+00     0.000000e+00     7.214024e-05
5.850000e+01     0.000000e+00     0.000000e+00     -2.475899e-05
5.880000e+01     0.000000e+00     0.000000e+00     1.309008e-05
5.910000e+01     0.000000e+00     0.000000e+00     8.154859e-05
5.940000e+01     0.000000e+00     0.000000e+00     -1.245375e-05
5.970000e+01     0.000000e+00     0.000000e+00     -7.933337e-05
6.000000e+01     0.000000e+00     0.000000e+00     5.500761e-08
6.030000e+01     0.000000e+00     0.000000e+00     -4.936496e-05
6.060000e+01     0.000000e+00     0.000000e+00     -9.288480e-06
6.090000e+01     0.000000e+00     0.000000e+00     -2.890948e-05
6.120000e+01     0.000000e+00     0.000000e+00     -5.682068e-05
6.150000e+01     0.000000e+00     0.000000e+00     -1.237106e-05
6.180000e+01     0.000000e+00     0.000000e+00     -7.752939e-05
6.210000e+01     0.000000e+00     0.000000e+00     5.743383e-06
6.240000e+01     0.000000e+00     0.000000e+00     2.449378e-04
6.270000e+01     0.000000e+00     0.000000e+00     1.475164e-04
6.300000e+01     0.000000e+00     0.000000e+00     -9.436351e-05
6.330000e+01     0.000000e+00     0.000000e+00     6.742939e-05
6.360000e+01     0.000000e+00     0.000000e+00     1.181228e-04
6.390000e+01     0.000000e+00     0.000000e+00     -8.185665e-05
6.420000e+01     0.000000e+00     0.000000e+00     -5.780721e-05
6.450000e+01     0.000000e+00     0.000000e+00     -6.382428e-05
6.480000e+01     0.000000e+00     0.000000e+00     -7.580481e-05
6.510000e+01     0.000000e+00     0.000000e+00     -1.599700e-05
6.540000e+01     0.000000e+00     0.000000e+00     -9.439308e-06
6.570000e+01     0.000000e+00     0.000000e+00     -6.602496e-05
6.600000e+01     0.000000e+00     0.000000e+00     3.212775e-05
6.630000e+01     0.000000e+00     0.000000e+00     1.038977e-04
6.660000e+01     0.000000e+00     0.000000e+00     -8.515686e-06
6.690000e+01     0.000000e+00     0.000000e+00     -7.157217e-05
6.720000e+01     0.000000e+00     0.000000e+00     -2.578759e-05
6.750000e+01     0.000000e+00     0.000000e+00     2.773706e-06
6.780000e+01     0.000000e+00     0.000000e+00     -6.856269e-05
6.810000e+01     0.000000e+00     0.000000e+00     -1.679200e-05
6.840000e+01     0.000000e+00     0.000000e+00     8.465191e-05
6.870000e+01     0.000000e+00     0.000000e+00     5.842757e-05
6.900000e+01     0.000000e+00     0.000000e+00     6.781301e-05
6.930000e+01     0.000000e+00     0.000000e+00     6.622993e-05
6.960000e+01     0.000000e+00     0.000000e+00     5.272464e-05
6.990000e+01     0.000000e+00     0.000000e+00     4.213035e-05
7.020000e+01     0.000000e+00     0.000000e+00     2.159796e-05
7.050000e+01     0.000000e+00     0.000000e+00     -2.067056e-05
7.080000e+01     0.000000e+00     0.000000e+00     -2.435881e-06
7.110000e+01     0.000000e+00     0.000000e+00     -5.005297e-05
7.140000e+01     0.000000e+00     0.000000e+00     -9.288095e-05
7.170000e+01     0.000000e+00     0.000000e+00     -5.766666e-05
7.200000e+01     0.000000e+00     0.000000e+00     -8.906383e-05
7.230000e+01     0.000000e+00     0.000000e+00     -9.998768e-05
7.260000e+01     0.000000e+00     0.000000e+00     -6.120330e-05
7.290000e+01     0.000000e+00     0.000000e+00     -5.711567e-05
7.320000e+01     0.000000e+00     0.000000e+00     -9.141467e-06
7.350000e+01     0.000000e+00     0.000000e+00     4.903470e-05
7.380000e+01     0.000000e+00     0.000000e+00     5.801145e-05
7.410000e+01     0.000000e+00     0.000000e+00     1.061605e-04
7.440000e+01     0.000000e+00     0.000000e+00     7.595842e-05
7.470000e+01     0.000000e+00     0.000000e+00     7.685761e-05
7.500000e+01     0.000000e+00     0.000000e+00     7.232595e-05
7.530000e+01     0.000000e+00     0.000000e+00     2.451255e-05
7.560000e+01     0.000000e+00     0.000000e+00     1.735428e-05
7.590000e+01     0.000000e+00     0.000000e+00     -3.108376e-05
7.620000e+01     0.000000e+00     0.000000e+00     -6.739181e-05
7.650000e+01     0.000000e+00     0.000000e+00     -7.850762e-05
7.680000e+01     0.000000e+00     0.000000e+00     -7.773390e-05
7.710000e+01     0.000000e+00     0.000000e+00     -2.432806e-05
7.740000e+01     0.000000e+00     0.000000e+00     -7.141978e-06
7.770000e+01     0.000000e+00     0.000000e+00     2.264464e-05
7.800000e+01     0.000000e+00     0.000000e+00     4.783889e-05
7.830000e+01     0.000000e+00     0.000000e+00     5.503694e-05
7.860000e+01     0.000000e+00     0.000000e+00     5.382169e-05
7.890000e+01     0.000000e+00     0.000000e+00     1.238736e-05
7.920000e+01     0.000000e+00     0.000000e+00     -1.094521e-06
7.950000e+01     0.000000e+00     0.000000e+00     -2.151265e-05
7.980000e+01     0.000000e+00     0.000000e+00     -3.876850e-05
8.010000e+01     0.000000e+00     0.000000e+00     -1.695445e-05
8.040000e+01     0.000000e+00     0.000000e+00     -2.191340e-05
8.070000e+01     0.000000e+00     0.000000e+00     -2.868155e-05
8.100000e+01     0.000000e+00     0.000000e+00     7.991800e-06
8.130000e+01     0.000000e+00     0.000000e+00     3.605363e-05
8.160000e+01     0.000000e+00     0.000000e+00     2.387132e-05
8.190000e+01     0.000000e+00     0.000000e+00     -4.537067e-06
8.220000e+01     0.000000e+00     0.000000e+00     1.015208e-06
8.250000e+01     0.000000e+00     0.000000e+00     1.823836e-05
8.280000e+01     0.000000e+00     0.000000e+00     1.830072e-05
8.310000e+01     0.000000e+00     0.000000e+00     -2.668631e-05
8.340000e+01     0.000000e+00     0.000000e+00     -2.179817e-05
8.370000e+01     0.000000e+00     0.000000e+00     -1.001424e-05
8.400000e+01     0.000000e+00     0.000000e+00     -3.399370e-05
8.430000e+01     0.000000e+00     0.000000e+00     -2.384002e-05
8.460000e+01     0.000000e+00     0.000000e+00     -1.701395e-05
8.490000e+01     0.000000e+00     0.000000e+00     1.013080e-06
8.520000e+01     0.000000e+00     0.000000e+00     3.281462e-05
8.550000e+01     0.000000e+00     0.000000e+00     4.259158e-05
8.580000e+01     0.000000e+00     0.000000e+00     1.873354e-05
8.610000e+01     0.000000e+00     0.000000e+00     2.706348e-05
8.640000e+01     0.000000e+00     0.000000e+00     3.449995e-05
8.670000e+01     0.000000e+00     0.000000e+00     2.305433e-05
8.700000e+01     0.000000e+00     0.000000e+00     -1.099949e-05
8.730000e+01     0.000000e+00     0.000000e+00     -2.630770e-05
8.760000e+01     0.000000e+00     0.000000e+00     -3.975110e-05
8.790000e+01     0.000000e+00     0.000000e+00     -5.073992e-05
8.820000e+01     0.000000e+00     0.000000e+00     -4.004247e-05
8.850000e+01     0.000000e+00     0.000000e+00     -1.531441e-05
8.880000e+01     0.000000e+00     0.000000e+00     8.777539e-06
8.910000e+01     0.000000e+00     0.000000e+00     1.993616e-05
8.940000e+01     0.000000e+00     0.000000e+00     2.979249e-05
8.970000e+01     0.000000e+00     0.000000e+00     3.313466e-05
9.000000e+01     0.000000e+00     0.000000e+00     1.133966e-05
9.030000e+01     0.000000e+00     0.000000e+00     1.319404e-05
9.060000e+01     0.000000e+00     0.000000e+00     -1.221034e-05
9.090000e+01     0.000000e+00     0.000000e+00     -3.238433e-05
9.120000e+01     0.000000e+00     0.000000e+00     -2.035128e-05
9.150000e+01     0.000000e+00     0.000000e+00     -2.532068e-05
9.180000e+01     0.000000e+00     0.000000e+00     -1.139506e-05
9.210000e+01     0.000000e+00     0.000000e+00     2.007158e-05
9.240000e+01     0.000000e+00     0.000000e+00     3.179051e-05
9.270000e+01     0.000000e+00     0.000000e+00     3.247481e-05
9.300000e+01     0.000000e+00     0.000000e+00     1.837802e-05
9.330000e+01     0.000000e+00     0.000000e+00     1.030982e-05
9.360000e+01     0.000000e+00     0.000000e+00     -1.136444e-05
9.390000e+01     0.000000e+00     0.000000e+00     -4.945318e-05
9.420000e+01     0.000000e+00     0.000000e+00     -3.094715e-05
9.450000e+01     0.000000e+00     0.000000e+00     -6.371266e-06
9.480000e+01     0.000000e+00     0.000000e+00     -5.917564e-06
9.510000e+01     0.000000e+00     0.000000e+00     6.596024e-06
9.540000e+01     0.000000e+00     0.000000e+00     1.247570e-05
9.570000e+01     0.000000e+00     0.000000e+00     2.332959e-05
9.600000e+01     0.000000e+00     0.000000e+00     1.594897e-05
9.630000e+01     0.000000e+00     0.000000e+00     2.622732e-07
9.660000e+01     0.000000e+00     0.000000e+00     -7.247795e-06
9.690000e+01     0.000000e+00     0.000000e+00     -1.844014e-05
9.720000e+01     0.000000e+00     0.000000e+00     -7.372973e-06
9.750000e+01     0.000000e+00     0.000000e+00     -1.047407e-06
9.780000e+01     0.000000e+00     0.000000e+00     9.463011e-06
9.810000e+01     0.000000e+00     0.000000e+00     4.121685e-06
9.840000e+01     0.000000e+00     0.000000e+00     4.986978e-06
9.870000e+01     0.000000e+00     0.000000e+00     1.889605e-05
9.900000e+01     0.000000e+00     0.000000e+00     8.718273e-07
9.930000e+01     0.000000e+00     0.000000e+00     -9.313962e-06
9.960000e+01     0.000000e+00     0.000000e+00     -8.079330e-06
9.990000e+01     0.000000e+00     0.000000e+00     -1.063992e-05
1.002000e+02     0.000000e+00     0.000000e+00     -1.066548e-05
1.005000e+02     0.000000e+00     0.000000e+00     -7.165983e-06
1.008000e+02     0.000000e+00     0.000000e+00     -1.252341e-06
1.011000e+02     0.000000e+00     0.000000e+00     6.017712e-06
1.014000e+02     0.000000e+00     0.000000e+00     1.764557e-05
1.017000e+02     0.000000e+00     0.000000e+00     6.936976e-06
1.020000e+02     0.000000e+00     0.000000e+00     2.705577e-06
1.023000e+02     0.000000e+00     0.000000e+00     -1.143928e-05
1.026000e+02     0.000000e+00     0.000000e+00     -2.048425e-05
1.029000e+02     0.000000e+00     0.000000e+00     -8.384607e-06
1.032000e+02     0.000000e+00     0.000000e+00     -4.294775e-06
1.035000e+02     0.000000e+00     0.000000e+00     -5.120055e-06
1.038000e+02     0.000000e+00     0.000000e+00     1.166273e-06
1.041000e+02     0.000000e+00     0.000000e+00     5.742421e-06
1.044000e+02     0.000000e+00     0.000000e+00     1.163317e-06
1.047000e+02     0.000000e+00     0.000000e+00     1.022201e-05
1.050000e+02     0.000000e+00     0.000000e+00     1.508505e-05
1.053000e+02     0.000000e+00     0.000000e+00     1.360026e-05
1.056000e+02     0.000000e+00     0.000000e+00     4.313044e-06
1.059000e+02     0.000000e+00     0.000000e+00     -1.335750e-05
1.062000e+02     0.000000e+00     0.000000e+00     -1.754480e-05
1.065000e+02     0.000000e+00     0.000000e+00     -1.382403e-05
1.068000e+02     0.000000e+00     0.000000e+00     -1.278675e-05
1.071000e+02     0.000000e+00     0.000000e+00     -1.270233e-05
1.074000e+02     0.000000e+00     0.000000e+00     -9.525075e-06
1.077000e+02     0.000000e+00     0.000000e+00     5.232228e-06
1.080000e+02     0.000000e+00     0.000000e+00     1.597647e-05
1.083000e+02     0.000000e+00     0.000000e+00     4.494577e-06
1.086000e+02     0.000000e+00     0.000000e+00     6.123418e-06
1.089000e+02     0.000000e+00     0.000000e+00     1.832235e-06
1.092000e+02     0.000000e+00     0.000000e+00     3.110060e-06
1.095000e+02     0.000000e+00     0.000000e+00     7.685806e-06
1.098000e+02     0.000000e+00     0.000000e+00     2.032824e-06
1.101000e+02     0.000000e+00     0.000000e+00     -1.141633e-06
1.104000e+02     0.000000e+00     0.000000e+00     -1.707348e-05
1.107000e+02     0.000000e+00     0.000000e+00     -2.663483e-05
1.110000e+02     0.000000e+00     0.000000e+00     -1.079152e-05
1.113000e+02     0.000000e+00     0.000000e+00     1.913850e-05
1.116000e+02     0.000000e+00     0.000000e+00     2.117967e-05
1.119000e+02     0.000000e+00     0.000000e+00     2.217063e-05
1.122000e+02     0.000000e+00     0.000000e+00     9.833254e-06
1.125000e+02     0.000000e+00     0.000000e+00     -3.561952e-06
1.128000e+02     0.000000e+00     0.000000e+00     -1.015284e-05
1.131000e+02     0.000000e+00     0.000000e+00     -8.148345e-06
1.134000e+02     0.000000e+00     0.000000e+00     -7.135977e-06
1.137000e+02     0.000000e+00     0.000000e+00     -1.301465e-05
1.140000e+02     0.000000e+00     0.000000e+00     -1.838275e-05
1.143000e+02     0.000000e+00     0.000000e+00     -1.753795e-05
1.146000e+02     0.000000e+00     0.000000e+00     -6.611310e-06
1.149000e+02     0.000000e+00     0.000000e+00     2.858165e-06
1.152000e+02     0.000000e+00     0.000000e+00     1.334776e-05
1.155000e+02     0.000000e+00     0.000000e+00     1.374126e-05
1.158000e+02     0.000000e+00     0.000000e+00     1.217991e-05
1.161000e+02     0.000000e+00     0.000000e+00     1.701374e-05
1.164000e+02     0.000000e+00     0.000000e+00     9.036302e-06
1.167000e+02     0.000000e+00     0.000000e+00     -3.873879e-06
1.170000e+02     0.000000e+00     0.000000e+00     -1.489497e-05
1.173000e+02     0.000000e+00     0.000000e+00     -1.491717e-05
1.176000e+02     0.000000e+00     0.000000e+00     -7.664690e-06
1.179000e+02     0.000000e+00     0.000000e+00     -1.254885e-05
1.182000e+02     0.000000e+00     0.000000e+00     -1.703008e-05
1.185000e+02     0.000000e+00     0.000000e+00     -1.255838e-05
1.188000e+02     0.000000e+00     0.000000e+00     2.419730e-06
1.191000e+02     0.000000e+00     0.000000e+00     5.438811e-06
1.194000e+02     0.000000e+00     0.000000e+00     8.347193e-06
1.197000e+02     0.000000e+00     0.000000e+00     1.442514e-05
1.200000e+02     0.000000e+00     0.000000e+00     1.029912e-05
1.203000e+02     0.000000e+00     0.000000e+00     7.104007e-06
1.206000e+02     0.000000e+00     0.000000e+00     -1.921590e-07
1.209000e+02     0.000000e+00     0.000000e+00     -1.138914e-05
1.212000e+02     0.000000e+00     0.000000e+00     -6.852673e-06
1.215000e+02     0.000000e+00     0.000000e+00     -4.296224e-06
1.218000e+02     0.000000e+00     0.000000e+00     -5.499216e-06
1.221000e+02     0.000000e+00     0.000000e+00     4.091467e-06
1.224000e+02     0.000000e+00     0.000000e+00     6.929141e-06
1.227000e+02     0.000000e+00     0.000000e+00     -1.517045e-06
1.230000e+02     0.000000e+00     0.000000e+00     -1.251970e-06
1.233000e+02     0.000000e+00     0.000000e+00     -1.287953e-06
1.236000e+02     0.000000e+00     0.000000e+00     9.980133e-07
1.239000e+02     0.000000e+00     0.000000e+00     -3.479237e-06
1.242000e+02     0.000000e+00     0.000000e+00     -9.755228e-06
1.245000e+02     0.000000e+00     0.000000e+00     -4.258711e-06
1.248000e+02     0.000000e+00     0.000000e+00     -1.883542e-06
1.251000e+02     0.000000e+00     0.000000e+00     -5.096907e-07
1.254000e+02     0.000000e+00     0.000000e+00     4.241661e-06
1.257000e+02     0.000000e+00     0.000000e+00     8.624062e-06
1.260000e+02     0.000000e+00     0.000000e+00     9.272209e-06
1.263000e+02     0.000000e+00     0.000000e+00     -1.091599e-06
1.266000e+02     0.000000e+00     0.000000e+00     -1.346878e-05
1.269000e+02     0.000000e+00     0.000000e+00     -1.216710e-05
1.272000e+02     0.000000e+00     0.000000e+00     -7.499943e-06
1.275000e+02     0.000000e+00     0.000000e+00     -3.199551e-06
1.278000e+02     0.000000e+00     0.000000e+00     4.318464e-06
1.281000e+02     0.000000e+00     0.000000e+00     8.007775e-06
1.284000e+02     0.000000e+00     0.000000e+00     3.495384e-07
1.287000e+02     0.000000e+00     0.000000e+00     -7.357505e-06
1.290000e+02     0.000000e+00     0.000000e+00     -1.548602e-06
1.293000e+02     0.000000e+00     0.000000e+00     1.676974e-06
1.296000e+02     0.000000e+00     0.000000e+00     -4.017120e-06
1.299000e+02     0.000000e+00     0.000000e+00     -6.335210e-06
1.302000e+02     0.000000e+00     0.000000e+00     -2.237038e-06
1.305000e+02     0.000000e+00     0.000000e+00     -7.099113e-07
1.308000e+02     0.000000e+00     0.000000e+00     -1.921612e-07
1.311000e+02     0.000000e+00     0.000000e+00     2.244049e-06
1.314000e+02     0.000000e+00     0.000000e+00     3.123659e-06
1.317000e+02     0.000000e+00     0.000000e+00     6.801848e-06
1.320000e+02     0.000000e+00     0.000000e+00     6.844664e-06
1.323000e+02     0.000000e+00     0.000000e+00     7.906136e-06
1.326000e+02     0.000000e+00     0.000000e+00     7.294747e-06
1.329000e+02     0.000000e+00     0.000000e+00     -2.823005e-06
1.332000e+02     0.000000e+00     0.000000e+00     -1.175429e-05
1.335000e+02     0.000000e+00     0.000000e+00     -1.727900e-05
1.338000e+02     0.000000e+00     0.000000e+00     -2.232775e-05
1.341000e+02     0.000000e+00     0.000000e+00     -1.664525e-05
1.344000e+02     0.000000e+00     0.000000e+00     -7.842070e-06
1.347000e+02     0.000000e+00     0.000000e+00     1.753651e-06
1.350000e+02     0.000000e+00     0.000000e+00     1.332211e-05
1.353000e+02     0.000000e+00     0.000000e+00     1.739419e-05
1.356000e+02     0.000000e+00     0.000000e+00     1.364864e-05
1.359000e+02     0.000000e+00     0.000000e+00     5.197679e-07
1.362000e+02     0.000000e+00     0.000000e+00     -1.037372e-05
1.365000e+02     0.000000e+00     0.000000e+00     -1.174025e-05
1.368000e+02     0.000000e+00     0.000000e+00     -5.249066e-06
1.371000e+02     0.000000e+00     0.000000e+00     8.420472e-07
1.374000e+02     0.000000e+00     0.000000e+00     -2.140291e-06
1.377000e+02     0.000000e+00     0.000000e+00     1.366065e-06
1.380000e+02     0.000000e+00     0.000000e+00     4.872318e-06
1.383000e+02     0.000000e+00     0.000000e+00     5.627369e-06
1.386000e+02     0.000000e+00     0.000000e+00     6.282577e-06
1.389000e+02     0.000000e+00     0.000000e+00     2.232991e-07
1.392000e+02     0.000000e+00     0.000000e+00     -1.504161e-08
1.395000e+02     0.000000e+00     0.000000e+00     -1.271729e-06
1.398000e+02     0.000000e+00     0.000000e+00     -9.217516e-06
1.401000e+02     0.000000e+00     0.000000e+00     -1.949347e-05
1.404000e+02     0.000000e+00     0.000000e+00     -2.155276e-05
1.407000e+02     0.000000e+00     0.000000e+00     -1.567825e-05
1.410000e+02     0.000000e+00     0.000000e+00     -9.313614e-06
1.413000e+02     0.000000e+00     0.000000e+00     2.853733e-06
1.416000e+02     0.000000e+00     0.000000e+00     1.249773e-05
1.419000e+02     0.000000e+00     0.000000e+00     1.455679e-05
1.422000e+02     0.000000e+00     0.000000e+00     1.598285e-05
1.425000e+02     0.000000e+00     0.000000e+00     1.062764e-05
1.428000e+02     0.000000e+00     0.000000e+00     5.979247e-06
1.431000e+02     0.000000e+00     0.000000e+00     4.631514e-06
1.434000e+02     0.000000e+00     0.000000e+00     7.149801e-07
1.437000e+02     0.000000e+00     0.000000e+00     -2.645190e-06
1.440000e+02     0.000000e+00     0.000000e+00     -8.525571e-06
1.443000e+02     0.000000e+00     0.000000e+00     -1.273052e-05
1.446000e+02     0.000000e+00     0.000000e+00     -1.528505e-05
1.449000e+02     0.000000e+00     0.000000e+00     -1.627851e-05
1.452000e+02     0.000000e+00     0.000000e+00     -1.121755e-05
1.455000e+02     0.000000e+00     0.000000e+00     -1.842557e-06
1.458000e+02     0.000000e+00     0.000000e+00     3.254240e-06
1.461000e+02     0.000000e+00     0.000000e+00     4.439634e-06
1.464000e+02     0.000000e+00     0.000000e+00     6.113945e-06
1.467000e+02     0.000000e+00     0.000000e+00     1.041713e-05
1.470000e+02     0.000000e+00     0.000000e+00     6.780858e-06
1.473000e+02     0.000000e+00     0.000000e+00     2.751227e-08
1.476000e+02     0.000000e+00     0.000000e+00     -4.947509e-06
1.479000e+02     0.000000e+00     0.000000e+00     -5.510980e-06
1.482000e+02     0.000000e+00     0.000000e+00     -7.741331e-06
1.485000e+02     0.000000e+00     0.000000e+00     -4.363562e-06
1.488000e+02     0.000000e+00     0.000000e+00     -9.113615e-07
1.491000e+02     0.000000e+00     0.000000e+00     -3.008128e-06
1.494000e+02     0.000000e+00     0.000000e+00     -4.837311e-06
1.497000e+02     0.000000e+00     0.000000e+00     -3.837512e-06
1.500000e+02     0.000000e+00     0.000000e+00     9.754211e-07
1.503000e+02     0.000000e+00     0.000000e+00     3.279611e-06
1.506000e+02     0.000000e+00     0.000000e+00     2.923543e-06
1.509000e+02     0.000000e+00     0.000000e+00     1.968291e-06
1.512000e+02     0.000000e+00     0.000000e+00     1.591201e-06
1.515000e+02     0.000000e+00     0.000000e+00     1.037073e-06
1.518000e+02     0.000000e+00     0.000000e+00     -2.412646e-06
1.521000e+02     0.000000e+00     0.000000e+00     -7.608796e-06
1.524000e+02     0.000000e+00     0.000000e+00     -8.789679e-06
1.527000e+02     0.000000e+00     0.000000e+00     -4.824002e-06
1.530000e+02     0.000000e+00     0.000000e+00     -7.261390e-07
1.533000e+02     0.000000e+00     0.000000e+00     -2.410621e-06
1.536000e+02     0.000000e+00     0.000000e+00     -9.328226e-07
1.539000e+02     0.000000e+00     0.000000e+00     1.241562e-06
1.542000e+02     0.000000e+00     0.000000e+00     -1.483275e-06
1.545000e+02     0.000000e+00     0.000000e+00     9.271447e-07
1.548000e+02     0.000000e+00     0.000000e+00     4.508638e-06
1.551000e+02     0.000000e+00     0.000000e+00     5.079342e-06
1.554000e+02     0.000000e+00     0.000000e+00     2.600156e-06
1.557000e+02     0.000000e+00     0.000000e+00     2.640814e-08
1.560000e+02     0.000000e+00     0.000000e+00     -1.929000e-06
1.563000e+02     0.000000e+00     0.000000e+00     -5.500156e-06
1.566000e+02     0.000000e+00     0.000000e+00     -5.506096e-06
1.569000e+02     0.000000e+00     0.000000e+00     -5.231070e-06
1.572000e+02     0.000000e+00     0.000000e+00     -6.113244e-06
1.575000e+02     0.000000e+00     0.000000e+00     -9.354686e-06
1.578000e+02     0.000000e+00     0.000000e+00     -1.130265e-05
1.581000e+02     0.000000e+00     0.000000e+00     -1.021480e-05
1.584000e+02     0.000000e+00     0.000000e+00     -7.310448e-06
1.587000e+02     0.000000e+00     0.000000e+00     -2.309349e-06
1.590000e+02     0.000000e+00     0.000000e+00     1.070059e-05
1.593000e+02     0.000000e+00     0.000000e+00     1.990949e-05
1.596000e+02     0.000000e+00     0.000000e+00     1.918918e-05
1.599000e+02     0.000000e+00     0.000000e+00     1.041899e-05
1.602000e+02     0.000000e+00     0.000000e+00     -2.671956e-06
1.605000e+02     0.000000e+00     0.000000e+00     -7.524105e-06
1.608000e+02     0.000000e+00     0.000000e+00     -6.852351e-06
1.611000e+02     0.000000e+00     0.000000e+00     -1.199979e-05
1.614000e+02     0.000000e+00     0.000000e+00     -1.497039e-05
1.617000e+02     0.000000e+00     0.000000e+00     -1.230280e-05
1.620000e+02     0.000000e+00     0.000000e+00     -8.190023e-06
1.623000e+02     0.000000e+00     0.000000e+00     -4.976182e-06
1.626000e+02     0.000000e+00     0.000000e+00     9.124131e-07
1.629000e+02     0.000000e+00     0.000000e+00     3.721791e-06
1.632000e+02     0.000000e+00     0.000000e+00     1.607962e-06
1.635000e+02     0.000000e+00     0.000000e+00     -1.276588e-06
1.638000e+02     0.000000e+00     0.000000e+00     -1.095816e-06
1.641000e+02     0.000000e+00     0.000000e+00     1.587417e-06
1.644000e+02     0.000000e+00     0.000000e+00     5.012929e-06
1.647000e+02     0.000000e+00     0.000000e+00     8.743991e-06
1.650000e+02     0.000000e+00     0.000000e+00     1.057052e-05
1.653000e+02     0.000000e+00     0.000000e+00     9.201512e-06
1.656000e+02     0.000000e+00     0.000000e+00     2.026147e-06
1.659000e+02     0.000000e+00     0.000000e+00     -4.449175e-06
1.662000e+02     0.000000e+00     0.000000e+00     -8.786844e-06
1.665000e+02     0.000000e+00     0.000000e+00     -1.188436e-05
1.668000e+02     0.000000e+00     0.000000e+00     -1.268430e-05
1.671000e+02     0.000000e+00     0.000000e+00     -1.094158e-05
1.674000e+02     0.000000e+00     0.000000e+00     -6.834359e-06
1.677000e+02     0.000000e+00     0.000000e+00     -2.452441e-06
1.680000e+02     0.000000e+00     0.000000e+00     -5.836470e-07
1.683000e+02     0.000000e+00     0.000000e+00     1.211611e-06
1.686000e+02     0.000000e+00     0.000000e+00     2.642262e-06
1.689000e+02     0.000000e+00     0.000000e+00     7.685464e-07
1.692000e+02     0.000000e+00     0.000000e+00     -1.133893e-06
1.695000e+02     0.000000e+00     0.000000e+00     -2.298474e-06
1.698000e+02     0.000000e+00     0.000000e+00     4.654575e-07
1.701000e+02     0.000000e+00     0.000000e+00     1.875815e-08
1.704000e+02     0.000000e+00     0.000000e+00     -4.400521e-09
1.707000e+02     0.000000e+00     0.000000e+00     3.969088e-06
1.710000e+02     0.000000e+00     0.000000e+00     4.398554e-06
1.713000e+02     0.000000e+00     0.000000e+00     -3.650145e-07
1.716000e+02     0.000000e+00     0.000000e+00     -3.802386e-06
1.719000e+02     0.000000e+00     0.000000e+00     -3.306928e-06
1.722000e+02     0.000000e+00     0.000000e+00     -4.486545e-06
1.725000e+02     0.000000e+00     0.000000e+00     -3.037346e-06
1.728000e+02     0.000000e+00     0.000000e+00     -1.222029e-06
1.731000e+02     0.000000e+00     0.000000e+00     -9.088822e-07
1.734000e+02     0.000000e+00     0.000000e+00     1.101749e-06
1.737000e+02     0.000000e+00     0.000000e+00     -3.976564e-07
1.740000e+02     0.000000e+00     0.000000e+00     -2.274565e-06
1.743000e+02     0.000000e+00     0.000000e+00     3.833138e-07
1.746000e+02     0.000000e+00     0.000000e+00     9.864856e-07
1.749000e+02     0.000000e+00     0.000000e+00     -1.381696e-06
1.752000e+02     0.000000e+00     0.000000e+00     -3.495072e-06
1.755000e+02     0.000000e+00     0.000000e+00     -6.413210e-06
1.758000e+02     0.000000e+00     0.000000e+00     -8.339259e-06
1.761000e+02     0.000000e+00     0.000000e+00     -5.028903e-06
1.764000e+02     0.000000e+00     0.000000e+00     6.619677e-07
1.767000e+02     0.000000e+00     0.000000e+00     1.432580e-06
1.770000e+02     0.000000e+00     0.000000e+00     -3.923460e-07
1.773000e+02     0.000000e+00     0.000000e+00     6.354977e-07
1.776000e+02     0.000000e+00     0.000000e+00     3.731847e-06
1.779000e+02     0.000000e+00     0.000000e+00     4.285011e-06
1.782000e+02     0.000000e+00     0.000000e+00     2.028477e-07
1.785000e+02     0.000000e+00     0.000000e+00     -5.702571e-06
1.788000e+02     0.000000e+00     0.000000e+00     -8.550864e-06
1.791000e+02     0.000000e+00     0.000000e+00     -7.993891e-06
1.794000e+02     0.000000e+00     0.000000e+00     -5.223248e-06
1.797000e+02     0.000000e+00     0.000000e+00     -2.288477e-07
1.800000e+02     0.000000e+00     0.000000e+00     4.262122e-06
1.803000e+02     0.000000e+00     0.000000e+00     5.401342e-06
1.806000e+02     0.000000e+00     0.000000e+00     4.077351e-06
1.809000e+02     0.000000e+00     0.000000e+00     1.498856e-06
1.812000e+02     0.000000e+00     0.000000e+00     -8.527055e-07
1.815000e+02     0.000000e+00     0.000000e+00     -2.863052e-06
1.818000e+02     0.000000e+00     0.000000e+00     -3.707730e-06
1.821000e+02     0.000000e+00     0.000000e+00     -2.878095e-06
1.824000e+02     0.000000e+00     0.000000e+00     -5.984049e-07
1.827000e+02     0.000000e+00     0.000000e+00     3.138192e-07
1.830000e+02     0.000000e+00     0.000000e+00     1.018026e-06
1.833000e+02     0.000000e+00     0.000000e+00     1.241251e-06
1.836000e+02     0.000000e+00     0.000000e+00     2.231987e-07
1.839000e+02     0.000000e+00     0.000000e+00     -8.745529e-07
1.842000e+02     0.000000e+00     0.000000e+00     -4.804932e-06
1.845000e+02     0.000000e+00     0.000000e+00     -1.003968e-05
1.848000e+02     0.000000e+00     0.000000e+00     -1.202117e-05
1.851000e+02     0.000000e+00     0.000000e+00     -1.089747e-05
1.854000e+02     0.000000e+00     0.000000e+00     -7.728988e-06
1.857000e+02     0.000000e+00     0.000000e+00     -4.833497e-06
1.860000e+02     0.000000e+00     0.000000e+00     -1.230709e-06
1.863000e+02     0.000000e+00     0.000000e+00     3.365143e-06
1.866000e+02     0.000000e+00     0.000000e+00     7.253280e-06
1.869000e+02     0.000000e+00     0.000000e+00     9.307639e-06
1.872000e+02     0.000000e+00     0.000000e+00     9.572132e-06
1.875000e+02     0.000000e+00     0.000000e+00     9.747029e-06
1.878000e+02     0.000000e+00     0.000000e+00     7.584567e-06
1.881000e+02     0.000000e+00     0.000000e+00     4.376070e-06
1.884000e+02     0.000000e+00     0.000000e+00     1.892241e-06
1.887000e+02     0.000000e+00     0.000000e+00     -2.076116e-06
1.890000e+02     0.000000e+00     0.000000e+00     -6.040947e-06
1.893000e+02     0.000000e+00     0.000000e+00     -7.303160e-06
1.896000e+02     0.000000e+00     0.000000e+00     -6.262341e-06
1.899000e+02     0.000000e+00     0.000000e+00     -4.300528e-06
1.902000e+02     0.000000e+00     0.000000e+00     -3.071743e-06
1.905000e+02     0.000000e+00     0.000000e+00     -3.936590e-06
1.908000e+02     0.000000e+00     0.000000e+00     -4.753415e-06
1.911000e+02     0.000000e+00     0.000000e+00     -3.831515e-06
1.914000e+02     0.000000e+00     0.000000e+00     -3.025384e-06
1.917000e+02     0.000000e+00     0.000000e+00     -2.354273e-06
1.920000e+02     0.000000e+00     0.000000e+00     -2.316936e-06
1.923000e+02     0.000000e+00     0.000000e+00     -2.369450e-06
1.926000e+02     0.000000e+00     0.000000e+00     4.719675e-08
1.929000e+02     0.000000e+00     0.000000e+00     1.602896e-06
1.932000e+02     0.000000e+00     0.000000e+00     1.454624e-06
1.935000e+02     0.000000e+00     0.000000e+00     2.651146e-07
1.938000e+02     0.000000e+00     0.000000e+00     2.807875e-07
1.941000e+02     0.000000e+00     0.000000e+00     -2.251256e-07
1.944000e+02     0.000000e+00     0.000000e+00     -9.562622e-07
1.947000e+02     0.000000e+00     0.000000e+00     2.238314e-07
1.950000e+02     0.000000e+00     0.000000e+00     2.683637e-06
1.953000e+02     0.000000e+00     0.000000e+00     4.252292e-06
1.956000e+02     0.000000e+00     0.000000e+00     3.557286e-06
1.959000e+02     0.000000e+00     0.000000e+00     5.270588e-07
1.962000e+02     0.000000e+00     0.000000e+00     -2.501791e-06
1.965000e+02     0.000000e+00     0.000000e+00     -4.053971e-06
1.968000e+02     0.000000e+00     0.000000e+00     -5.186199e-06
1.971000e+02     0.000000e+00     0.000000e+00     -4.880746e-06
1.974000e+02     0.000000e+00     0.000000e+00     -4.043027e-06
1.977000e+02     0.000000e+00     0.000000e+00     -3.692995e-06
1.980000e+02     0.000000e+00     0.000000e+00     -3.231301e-06
1.983000e+02     0.000000e+00     0.000000e+00     -2.908669e-06
1.986000e+02     0.000000e+00     0.000000e+00     -2.939169e-06
1.989000e+02     0.000000e+00     0.000000e+00     -1.200612e-06
1.992000e+02     0.000000e+00     0.000000e+00     -2.227620e-07
1.995000e+02     0.000000e+00     0.000000e+00     -1.273767e-06
1.998000e+02     0.000000e+00     0.000000e+00     -2.102911e-06
2.001000e+02     0.000000e+00     0.000000e+00     -2.108314e-06
2.004000e+02     0.000000e+00     0.000000e+00     -4.990214e-07
2.007000e+02     0.000000e+00     0.000000e+00     3.202569e-06
2.010000e+02     0.000000e+00     0.000000e+00     5.889528e-06
2.013000e+02     0.000000e+00     0.000000e+00     5.666457e-06
2.016000e+02     0.000000e+00     0.000000e+00     4.827521e-06
2.019000e+02     0.000000e+00     0.000000e+00     3.562437e-06
2.022000e+02     0.000000e+00     0.000000e+00     1.834273e-06
2.025000e+02     0.000000e+00     0.000000e+00     -8.562527e-07
2.028000e+02     0.000000e+00     0.000000e+00     -3.661904e-06
2.031000e+02     0.000000e+00     0.000000e+00     -5.088122e-06
2.034000e+02     0.000000e+00     0.000000e+00     -5.930682e-06
2.037000e+02     0.000000e+00     0.000000e+00     -5.894061e-06
2.040000e+02     0.000000e+00     0.000000e+00     -5.375618e-06
2.043000e+02     0.000000e+00     0.000000e+00     -4.370941e-06
2.046000e+02     0.000000e+00     0.000000e+00     -3.002592e-06
2.049000e+02     0.000000e+00     0.000000e+00     -3.054780e-06
2.052000e+02     0.000000e+00     0.000000e+00     -3.858022e-06
2.055000e+02     0.000000e+00     0.000000e+00     -3.161415e-06
2.058000e+02     0.000000e+00     0.000000e+00     -1.034232e-06
2.061000e+02     0.000000e+00     0.000000e+00     8.439408e-07
2.064000e+02     0.000000e+00     0.000000e+00     2.784322e-06
2.067000e+02     0.000000e+00     0.000000e+00     5.115891e-06
2.070000e+02     0.000000e+00     0.000000e+00     6.830089e-06
2.073000e+02     0.000000e+00     0.000000e+00     6.653844e-06
2.076000e+02     0.000000e+00     0.000000e+00     4.430704e-06
2.079000e+02     0.000000e+00     0.000000e+00     2.248701e-06
2.082000e+02     0.000000e+00     0.000000e+00     -8.283610e-07
2.085000e+02     0.000000e+00     0.000000e+00     -4.425664e-06
2.088000e+02     0.000000e+00     0.000000e+00     -6.032954e-06
2.091000e+02     0.000000e+00     0.000000e+00     -6.130272e-06
2.094000e+02     0.000000e+00     0.000000e+00     -5.048532e-06
2.097000e+02     0.000000e+00     0.000000e+00     -3.057496e-06
2.100000e+02     0.000000e+00     0.000000e+00     -2.644094e-06
2.103000e+02     0.000000e+00     0.000000e+00     -4.044351e-06
2.106000e+02     0.000000e+00     0.000000e+00     -4.916757e-06
2.109000e+02     0.000000e+00     0.000000e+00     -4.530968e-06
2.112000e+02     0.000000e+00     0.000000e+00     -2.737400e-06
2.115000e+02     0.000000e+00     0.000000e+00     4.544085e-07
2.118000e+02     0.000000e+00     0.000000e+00     2.748436e-06
2.121000e+02     0.000000e+00     0.000000e+00     3.280791e-06
2.124000e+02     0.000000e+00     0.000000e+00     3.629560e-06
2.127000e+02     0.000000e+00     0.000000e+00     3.252873e-06
2.130000e+02     0.000000e+00     0.000000e+00     2.634552e-06
2.133000e+02     0.000000e+00     0.000000e+00     2.129467e-06
2.136000e+02     0.000000e+00     0.000000e+00     1.599496e-06
2.139000e+02     0.000000e+00     0.000000e+00     -3.547665e-07
2.142000e+02     0.000000e+00     0.000000e+00     -3.475103e-06
2.145000e+02     0.000000e+00     0.000000e+00     -5.503498e-06
2.148000e+02     0.000000e+00     0.000000e+00     -6.299292e-06
2.151000e+02     0.000000e+00     0.000000e+00     -6.442374e-06
2.154000e+02     0.000000e+00     0.000000e+00     -5.643726e-06
2.157000e+02     0.000000e+00     0.000000e+00     -3.524641e-06
2.160000e+02     0.000000e+00     0.000000e+00     -4.134192e-07
2.163000e+02     0.000000e+00     0.000000e+00     1.002933e-06
2.166000e+02     0.000000e+00     0.000000e+00     1.472908e-06
2.169000e+02     0.000000e+00     0.000000e+00     1.244778e-06
2.172000e+02     0.000000e+00     0.000000e+00     1.068391e-07
2.175000e+02     0.000000e+00     0.000000e+00     -1.009803e-07
2.178000e+02     0.000000e+00     0.000000e+00     1.019047e-06
2.181000e+02     0.000000e+00     0.000000e+00     1.918273e-06
2.184000e+02     0.000000e+00     0.000000e+00     3.326310e-06
2.187000e+02     0.000000e+00     0.000000e+00     3.906243e-06
2.190000e+02     0.000000e+00     0.000000e+00     3.917071e-06
2.193000e+02     0.000000e+00     0.000000e+00     2.844211e-06
2.196000e+02     0.000000e+00     0.000000e+00     1.202830e-07
2.199000e+02     0.000000e+00     0.000000e+00     -2.613397e-06
2.202000e+02     0.000000e+00     0.000000e+00     -3.606393e-06
2.205000e+02     0.000000e+00     0.000000e+00     -3.440169e-06
2.208000e+02     0.000000e+00     0.000000e+00     -3.977223e-06
2.211000e+02     0.000000e+00     0.000000e+00     -5.273849e-06
2.214000e+02     0.000000e+00     0.000000e+00     -5.463662e-06
2.217000e+02     0.000000e+00     0.000000e+00     -4.598753e-06
2.220000e+02     0.000000e+00     0.000000e+00     -3.537353e-06
2.223000e+02     0.000000e+00     0.000000e+00     -1.078313e-06
2.226000e+02     0.000000e+00     0.000000e+00     1.032229e-06
2.229000e+02     0.000000e+00     0.000000e+00     1.688665e-06
2.232000e+02     0.000000e+00     0.000000e+00     2.133656e-06
2.235000e+02     0.000000e+00     0.000000e+00     4.113990e-06
2.238000e+02     0.000000e+00     0.000000e+00     5.514187e-06
2.241000e+02     0.000000e+00     0.000000e+00     4.405444e-06
2.244000e+02     0.000000e+00     0.000000e+00     1.783572e-06
2.247000e+02     0.000000e+00     0.000000e+00     -2.980634e-07
2.250000e+02     0.000000e+00     0.000000e+00     -1.863009e-06
2.253000e+02     0.000000e+00     0.000000e+00     -4.023881e-06
2.256000e+02     0.000000e+00     0.000000e+00     -5.203701e-06
2.259000e+02     0.000000e+00     0.000000e+00     -5.002964e-06
2.262000e+02     0.000000e+00     0.000000e+00     -4.641340e-06
2.265000e+02     0.000000e+00     0.000000e+00     -5.258687e-06
2.268000e+02     0.000000e+00     0.000000e+00     -5.262995e-06
2.271000e+02     0.000000e+00     0.000000e+00     -3.881340e-06
2.274000e+02     0.000000e+00     0.000000e+00     -2.049925e-06
2.277000e+02     0.000000e+00     0.000000e+00     -3.782449e-07
2.280000e+02     0.000000e+00     0.000000e+00     1.112599e-06
2.283000e+02     0.000000e+00     0.000000e+00     2.161799e-06
2.286000e+02     0.000000e+00     0.000000e+00     3.469992e-06
2.289000e+02     0.000000e+00     0.000000e+00     5.073293e-06
2.292000e+02     0.000000e+00     0.000000e+00     5.180682e-06
2.295000e+02     0.000000e+00     0.000000e+00     2.960975e-06
2.298000e+02     0.000000e+00     0.000000e+00     -5.095777e-07
2.301000e+02     0.000000e+00     0.000000e+00     -3.573671e-06
2.304000e+02     0.000000e+00     0.000000e+00     -5.269525e-06
2.307000e+02     0.000000e+00     0.000000e+00     -4.611132e-06
2.310000e+02     0.000000e+00     0.000000e+00     -3.224742e-06
2.313000e+02     0.000000e+00     0.000000e+00     -1.327153e-06
2.316000e+02     0.000000e+00     0.000000e+00     1.338624e-06
2.319000e+02     0.000000e+00     0.000000e+00     2.824326e-06
2.322000e+02     0.000000e+00     0.000000e+00     2.575788e-06
2.325000e+02     0.000000e+00     0.000000e+00     2.014545e-06
2.328000e+02     0.000000e+00     0.000000e+00     2.257795e-06
2.331000e+02     0.000000e+00     0.000000e+00     1.870795e-06
2.334000e+02     0.000000e+00     0.000000e+00     -1.420627e-07
2.337000e+02     0.000000e+00     0.000000e+00     -2.113993e-06
2.340000e+02     0.000000e+00     0.000000e+00     -2.798772e-06
2.343000e+02     0.000000e+00     0.000000e+00     -3.848185e-06
2.346000e+02     0.000000e+00     0.000000e+00     -4.852669e-06
2.349000e+02     0.000000e+00     0.000000e+00     -4.673088e-06
2.352000e+02     0.000000e+00     0.000000e+00     -4.944608e-06
2.355000e+02     0.000000e+00     0.000000e+00     -4.525035e-06
2.358000e+02     0.000000e+00     0.000000e+00     -3.308805e-06
2.361000e+02     0.000000e+00     0.000000e+00     -1.145047e-06
2.364000e+02     0.000000e+00     0.000000e+00     1.557152e-06
2.367000e+02     0.000000e+00     0.000000e+00     3.363216e-06
2.370000e+02     0.000000e+00     0.000000e+00     4.713335e-06
2.373000e+02     0.000000e+00     0.000000e+00     5.375203e-06
2.376000e+02     0.000000e+00     0.000000e+00     4.853890e-06
2.379000e+02     0.000000e+00     0.000000e+00     4.105614e-06
2.382000e+02     0.000000e+00     0.000000e+00     3.451565e-06
2.385000e+02     0.000000e+00     0.000000e+00     2.646777e-06
2.388000e+02     0.000000e+00     0.000000e+00     1.339106e-06
2.391000e+02     0.000000e+00     0.000000e+00     -2.814366e-08
2.394000e+02     0.000000e+00     0.000000e+00     -1.430003e-06
2.397000e+02     0.000000e+00     0.000000e+00     -2.448968e-06
2.400000e+02     0.000000e+00     0.000000e+00     -3.998186e-06
2.403000e+02     0.000000e+00     0.000000e+00     -6.504185e-06
2.406000e+02     0.000000e+00     0.000000e+00     -7.616759e-06
2.409000e+02     0.000000e+00     0.000000e+00     -6.773059e-06
2.412000e+02     0.000000e+00     0.000000e+00     -4.123596e-06
2.415000e+02     0.000000e+00     0.000000e+00     -1.256057e-06
2.418000e+02     0.000000e+00     0.000000e+00     4.698767e-08
2.421000e+02     0.000000e+00     0.000000e+00     4.153553e-08
2.424000e+02     0.000000e+00     0.000000e+00     -2.757130e-07
2.427000e+02     0.000000e+00     0.000000e+00     -2.489408e-07
2.430000e+02     0.000000e+00     0.000000e+00     3.064695e-07
2.433000e+02     0.000000e+00     0.000000e+00     1.087562e-06
2.436000e+02     0.000000e+00     0.000000e+00     1.939328e-06
2.439000e+02     0.000000e+00     0.000000e+00     2.951412e-06
2.442000e+02     0.000000e+00     0.000000e+00     3.667290e-06
2.445000e+02     0.000000e+00     0.000000e+00     3.304024e-06
2.448000e+02     0.000000e+00     0.000000e+00     1.740905e-06
2.451000e+02     0.000000e+00     0.000000e+00     7.634391e-07
2.454000e+02     0.000000e+00     0.000000e+00     2.959644e-07
2.457000e+02     0.000000e+00     0.000000e+00     -5.045916e-07
2.460000e+02     0.000000e+00     0.000000e+00     -1.157693e-06
2.463000e+02     0.000000e+00     0.000000e+00     -1.653905e-06
2.466000e+02     0.000000e+00     0.000000e+00     -2.534996e-06
2.469000e+02     0.000000e+00     0.000000e+00     -4.024908e-06
2.472000e+02     0.000000e+00     0.000000e+00     -5.487747e-06
2.475000e+02     0.000000e+00     0.000000e+00     -6.081981e-06
2.478000e+02     0.000000e+00     0.000000e+00     -5.765189e-06
2.481000e+02     0.000000e+00     0.000000e+00     -5.295967e-06
2.484000e+02     0.000000e+00     0.000000e+00     -4.880949e-06
2.487000e+02     0.000000e+00     0.000000e+00     -3.095235e-06
2.490000e+02     0.000000e+00     0.000000e+00     -2.116448e-07
2.493000e+02     0.000000e+00     0.000000e+00     3.365894e-06
2.496000e+02     0.000000e+00     0.000000e+00     6.550659e-06
2.499000e+02     0.000000e+00     0.000000e+00     8.070377e-06
2.502000e+02     0.000000e+00     0.000000e+00     7.466008e-06
2.505000e+02     0.000000e+00     0.000000e+00     5.227085e-06
2.508000e+02     0.000000e+00     0.000000e+00     1.922012e-06
2.511000e+02     0.000000e+00     0.000000e+00     -1.578608e-06
2.514000e+02     0.000000e+00     0.000000e+00     -4.338561e-06
2.517000e+02     0.000000e+00     0.000000e+00     -5.606066e-06
2.520000e+02     0.000000e+00     0.000000e+00     -5.070515e-06
2.523000e+02     0.000000e+00     0.000000e+00     -3.648065e-06
2.526000e+02     0.000000e+00     0.000000e+00     -1.939911e-06
2.529000e+02     0.000000e+00     0.000000e+00     -3.341504e-07
2.532000e+02     0.000000e+00     0.000000e+00     1.136930e-06
2.535000e+02     0.000000e+00     0.000000e+00     2.257679e-06
2.538000e+02     0.000000e+00     0.000000e+00     2.260023e-06
2.541000e+02     0.000000e+00     0.000000e+00     1.128204e-06
2.544000e+02     0.000000e+00     0.000000e+00     -3.711850e-07
2.547000e+02     0.000000e+00     0.000000e+00     -1.367702e-06
2.550000e+02     0.000000e+00     0.000000e+00     -1.666819e-06
2.553000e+02     0.000000e+00     0.000000e+00     -2.034284e-06
2.556000e+02     0.000000e+00     0.000000e+00     -2.445606e-06
2.559000e+02     0.000000e+00     0.000000e+00     -2.981922e-06
2.562000e+02     0.000000e+00     0.000000e+00     -3.976946e-06
2.565000e+02     0.000000e+00     0.000000e+00     -4.176216e-06
2.568000e+02     0.000000e+00     0.000000e+00     -3.218248e-06
2.571000e+02     0.000000e+00     0.000000e+00     -3.173571e-07
2.574000e+02     0.000000e+00     0.000000e+00     2.550880e-06
2.577000e+02     0.000000e+00     0.000000e+00     4.414037e-06
2.580000e+02     0.000000e+00     0.000000e+00     4.769784e-06
2.583000e+02     0.000000e+00     0.000000e+00     4.112511e-06
2.586000e+02     0.000000e+00     0.000000e+00     1.211758e-06
2.589000e+02     0.000000e+00     0.000000e+00     -2.410445e-06
2.592000e+02     0.000000e+00     0.000000e+00     -5.279216e-06
2.595000e+02     0.000000e+00     0.000000e+00     -6.435451e-06
2.598000e+02     0.000000e+00     0.000000e+00     -5.885539e-06
2.601000e+02     0.000000e+00     0.000000e+00     -3.955303e-06
2.604000e+02     0.000000e+00     0.000000e+00     -2.274233e-06
2.607000e+02     0.000000e+00     0.000000e+00     -6.832479e-08
2.610000e+02     0.000000e+00     0.000000e+00     2.403768e-06
2.613000e+02     0.000000e+00     0.000000e+00     4.757809e-06
2.616000e+02     0.000000e+00     0.000000e+00     5.677696e-06
2.619000e+02     0.000000e+00     0.000000e+00     5.715794e-06
2.622000e+02     0.000000e+00     0.000000e+00     4.081014e-06
2.625000e+02     0.000000e+00     0.000000e+00     1.143130e-06
2.628000e+02     0.000000e+00     0.000000e+00     -1.252589e-06
2.631000e+02     0.000000e+00     0.000000e+00     -3.251278e-06
2.634000e+02     0.000000e+00     0.000000e+00     -4.561885e-06
2.637000e+02     0.000000e+00     0.000000e+00     -5.313979e-06
2.640000e+02     0.000000e+00     0.000000e+00     -5.390143e-06
2.643000e+02     0.000000e+00     0.000000e+00     -4.533091e-06
2.646000e+02     0.000000e+00     0.000000e+00     -2.761281e-06
2.649000e+02     0.000000e+00     0.000000e+00     -7.800930e-07
2.652000e+02     0.000000e+00     0.000000e+00     8.695436e-07
2.655000e+02     0.000000e+00     0.000000e+00     1.592139e-06
2.658000e+02     0.000000e+00     0.000000e+00     2.111600e-06
2.661000e+02     0.000000e+00     0.000000e+00     2.331489e-06
2.664000e+02     0.000000e+00     0.000000e+00     1.496279e-06
2.667000e+02     0.000000e+00     0.000000e+00     9.799390e-08
2.670000e+02     0.000000e+00     0.000000e+00     -1.924711e-06
2.673000e+02     0.000000e+00     0.000000e+00     -3.204859e-06
2.676000e+02     0.000000e+00     0.000000e+00     -3.578690e-06
2.679000e+02     0.000000e+00     0.000000e+00     -3.513194e-06
2.682000e+02     0.000000e+00     0.000000e+00     -2.707901e-06
2.685000e+02     0.000000e+00     0.000000e+00     -1.881962e-06
2.688000e+02     0.000000e+00     0.000000e+00     -7.723543e-07
2.691000e+02     0.000000e+00     0.000000e+00     1.014928e-06
2.694000e+02     0.000000e+00     0.000000e+00     2.703799e-06
2.697000e+02     0.000000e+00     0.000000e+00     3.760224e-06
2.700000e+02     0.000000e+00     0.000000e+00     3.857221e-06
2.703000e+02     0.000000e+00     0.000000e+00     3.278699e-06
2.706000e+02     0.000000e+00     0.000000e+00     2.097113e-06
2.709000e+02     0.000000e+00     0.000000e+00     4.029157e-07
2.712000e+02     0.000000e+00     0.000000e+00     -1.280320e-06
2.715000e+02     0.000000e+00     0.000000e+00     -1.886605e-06
2.718000e+02     0.000000e+00     0.000000e+00     -1.844854e-06
2.721000e+02     0.000000e+00     0.000000e+00     -1.810219e-06
2.724000e+02     0.000000e+00     0.000000e+00     -2.313266e-06
2.727000e+02     0.000000e+00     0.000000e+00     -3.198709e-06
2.730000e+02     0.000000e+00     0.000000e+00     -3.634858e-06
2.733000e+02     0.000000e+00     0.000000e+00     -3.583078e-06
2.736000e+02     0.000000e+00     0.000000e+00     -3.016927e-06
2.739000e+02     0.000000e+00     0.000000e+00     -2.225817e-06
2.742000e+02     0.000000e+00     0.000000e+00     -9.638407e-07
2.745000e+02     0.000000e+00     0.000000e+00     5.033743e-07
2.748000e+02     0.000000e+00     0.000000e+00     1.614001e-06
2.751000e+02     0.000000e+00     0.000000e+00     1.755511e-06
2.754000e+02     0.000000e+00     0.000000e+00     1.540724e-06
2.757000e+02     0.000000e+00     0.000000e+00     1.046116e-06
2.760000e+02     0.000000e+00     0.000000e+00     -1.740012e-07
2.763000e+02     0.000000e+00     0.000000e+00     -1.278252e-06
2.766000e+02     0.000000e+00     0.000000e+00     -1.762960e-06
2.769000e+02     0.000000e+00     0.000000e+00     -9.249051e-07
2.772000e+02     0.000000e+00     0.000000e+00     1.551740e-07
2.775000e+02     0.000000e+00     0.000000e+00     1.265868e-06
2.778000e+02     0.000000e+00     0.000000e+00     1.760176e-06
2.781000e+02     0.000000e+00     0.000000e+00     1.708219e-06
2.784000e+02     0.000000e+00     0.000000e+00     3.990188e-07
2.787000e+02     0.000000e+00     0.000000e+00     -9.131376e-07
2.790000e+02     0.000000e+00     0.000000e+00     -1.746826e-06
2.793000e+02     0.000000e+00     0.000000e+00     -1.910848e-06
2.796000e+02     0.000000e+00     0.000000e+00     -1.662233e-06
2.799000e+02     0.000000e+00     0.000000e+00     -1.718479e-06
2.802000e+02     0.000000e+00     0.000000e+00     -1.588468e-06
2.805000e+02     0.000000e+00     0.000000e+00     -1.772122e-06
2.808000e+02     0.000000e+00     0.000000e+00     -2.047780e-06
2.811000e+02     0.000000e+00     0.000000e+00     -2.136856e-06
2.814000e+02     0.000000e+00     0.000000e+00     -2.296364e-06
2.817000e+02     0.000000e+00     0.000000e+00     -2.815880e-06
2.820000e+02     0.000000e+00     0.000000e+00     -3.266293e-06
2.823000e+02     0.000000e+00     0.000000e+00     -3.295747e-06
2.826000e+02     0.000000e+00     0.000000e+00     -2.457155e-06
2.829000e+02     0.000000e+00     0.000000e+00     -6.602955e-07
2.832000e+02     0.000000e+00     0.000000e+00     1.206458e-06
2.835000e+02     0.000000e+00     0.000000e+00     2.706360e-06
2.838000e+02     0.000000e+00     0.000000e+00     3.876563e-06
2.841000e+02     0.000000e+00     0.000000e+00     4.695297e-06
2.844000e+02     0.000000e+00     0.000000e+00     4.378281e-06
2.847000e+02     0.000000e+00     0.000000e+00     2.550725e-06
2.850000e+02     0.000000e+00     0.000000e+00     8.815042e-08
2.853000e+02     0.000000e+00     0.000000e+00     -2.845998e-06
2.856000e+02     0.000000e+00     0.000000e+00     -4.749690e-06
2.859000e+02     0.000000e+00     0.000000e+00     -4.753232e-06
2.862000e+02     0.000000e+00     0.000000e+00     -3.176835e-06
2.865000e+02     0.000000e+00     0.000000e+00     -1.468863e-06
2.868000e+02     0.000000e+00     0.000000e+00     -5.755238e-07
2.871000e+02     0.000000e+00     0.000000e+00     -5.747926e-07
2.874000e+02     0.000000e+00     0.000000e+00     -1.150215e-06
2.877000e+02     0.000000e+00     0.000000e+00     -2.165678e-06
2.880000e+02     0.000000e+00     0.000000e+00     -2.792028e-06
2.883000e+02     0.000000e+00     0.000000e+00     -2.765149e-06
2.886000e+02     0.000000e+00     0.000000e+00     -1.954514e-06
2.889000e+02     0.000000e+00     0.000000e+00     -6.219060e-07
2.892000e+02     0.000000e+00     0.000000e+00     8.169254e-07
2.895000e+02     0.000000e+00     0.000000e+00     1.647754e-06
2.898000e+02     0.000000e+00     0.000000e+00     1.534178e-06
2.901000e+02     0.000000e+00     0.000000e+00     7.410105e-07
2.904000e+02     0.000000e+00     0.000000e+00     -6.139561e-07
2.907000e+02     0.000000e+00     0.000000e+00     -2.654372e-06
2.910000e+02     0.000000e+00     0.000000e+00     -4.871009e-06
2.913000e+02     0.000000e+00     0.000000e+00     -5.740700e-06
2.916000e+02     0.000000e+00     0.000000e+00     -4.323177e-06
2.919000e+02     0.000000e+00     0.000000e+00     -1.422218e-06
2.922000e+02     0.000000e+00     0.000000e+00     9.692530e-07
2.925000e+02     0.000000e+00     0.000000e+00     1.818132e-06
2.928000e+02     0.000000e+00     0.000000e+00     1.562014e-06
2.931000e+02     0.000000e+00     0.000000e+00     1.147475e-06
2.934000e+02     0.000000e+00     0.000000e+00     1.022297e-06
2.937000e+02     0.000000e+00     0.000000e+00     8.833025e-07
2.940000e+02     0.000000e+00     0.000000e+00     6.578432e-07
2.943000e+02     0.000000e+00     0.000000e+00     2.157193e-07
2.946000e+02     0.000000e+00     0.000000e+00     -6.224555e-07
2.949000e+02     0.000000e+00     0.000000e+00     -1.309701e-06
2.952000e+02     0.000000e+00     0.000000e+00     -1.893999e-06
2.955000e+02     0.000000e+00     0.000000e+00     -1.976190e-06
2.958000e+02     0.000000e+00     0.000000e+00     -2.008962e-06
2.961000e+02     0.000000e+00     0.000000e+00     -2.822498e-06
2.964000e+02     0.000000e+00     0.000000e+00     -3.611072e-06
2.967000e+02     0.000000e+00     0.000000e+00     -3.821400e-06
2.970000e+02     0.000000e+00     0.000000e+00     -3.033403e-06
2.973000e+02     0.000000e+00     0.000000e+00     -1.447318e-06
2.976000e+02     0.000000e+00     0.000000e+00     1.935784e-07
2.979000e+02     0.000000e+00     0.000000e+00     1.395982e-06
2.982000e+02     0.000000e+00     0.000000e+00     2.146959e-06
2.985000e+02     0.000000e+00     0.000000e+00     2.082076e-06
2.988000e+02     0.000000e+00     0.000000e+00     1.129059e-06
2.991000e+02     0.000000e+00     0.000000e+00     -1.165051e-07
2.994000e+02     0.000000e+00     0.000000e+00     -1.607600e-06
2.997000e+02     0.000000e+00     0.000000e+00     -2.990147e-06
3.000000e+02     0.000000e+00     0.000000e+00     -3.367477e-06
3.003000e+02     0.000000e+00     0.000000e+00     -2.114880e-06
3.006000e+02     0.000000e+00     0.000000e+00     -3.178858e-07
3.009000e+02     0.000000e+00     0.000000e+00     1.459863e-06
3.012000e+02     0.000000e+00     0.000000e+00     2.777440e-06
3.015000e+02     0.000000e+00     0.000000e+00     2.905012e-06
3.018000e+02     0.000000e+00     0.000000e+00     1.623589e-06
3.021000e+02     0.000000e+00     0.000000e+00     -6.196463e-07
3.024000e+02     0.000000e+00     0.000000e+00     -2.827561e-06
3.027000e+02     0.000000e+00     0.000000e+00     -3.967768e-06
3.030000e+02     0.000000e+00     0.000000e+00     -3.478569e-06
3.033000e+02     0.000000e+00     0.000000e+00     -2.024285e-06
3.036000e+02     0.000000e+00     0.000000e+00     -6.473821e-07
3.039000e+02     0.000000e+00     0.000000e+00     -1.229247e-07
3.042000e+02     0.000000e+00     0.000000e+00     -6.503523e-07
3.045000e+02     0.000000e+00     0.000000e+00     -1.791524e-06
3.048000e+02     0.000000e+00     0.000000e+00     -2.494118e-06
3.051000e+02     0.000000e+00     0.000000e+00     -2.749462e-06
3.054000e+02     0.000000e+00     0.000000e+00     -2.107212e-06
3.057000e+02     0.000000e+00     0.000000e+00     -3.972869e-07
3.060000e+02     0.000000e+00     0.000000e+00     1.313781e-06
3.063000e+02     0.000000e+00     0.000000e+00     2.096400e-06
3.066000e+02     0.000000e+00     0.000000e+00     2.206012e-06
3.069000e+02     0.000000e+00     0.000000e+00     2.120236e-06
