0.000000e+00     -2.368827e-06     -3.400930e-06     6.099895e-07
3.000000e-01     -3.926080e-06     -7.042638e-06     6.163768e-07
6.000000e-01     -4.138541e-06     -4.379659e-06     -2.387581e-08
9.000000e-01     -4.509133e-06     -6.870146e-06     4.333020e-07
1.200000e+00     -1.427494e-06     -7.114974e-06     1.252030e-06
1.500000e+00     -2.628495e-06     -2.962628e-06     3.715972e-07
1.800000e+00     -5.467853e-06     -1.495208e-06     -1.287499e-07
2.100000e+00     -4.523924e-06     -2.715426e-06     -1.441193e-07
2.400000e+00     -4.531937e-06     -5.616376e-06     -2.510715e-07
2.700000e+00     -7.054970e-06     -7.938843e-06     -8.926071e-07
3.000000e+00     -6.183250e-06     -3.394326e-06     -3.515212e-07
3.300000e+00     -1.272879e-06     -2.429949e-06     2.668630e-07
3.600000e+00     -1.755228e-06     -4.668000e-06     7.801158e-07
3.900000e+00     -3.266636e-06     -2.407252e-06     1.306663e-07
4.200000e+00     -1.027993e-06     -1.731051e-06     1.024649e-07
4.500000e+00     -1.425853e-06     -4.774654e-06     1.056268e-06
4.800000e+00     -6.014705e-06     -4.365033e-06     2.260589e-07
5.100000e+00     -8.612170e-06     -1.364111e-06     -6.979288e-07
5.400000e+00     -1.053124e-05     2.123528e-07     -1.339283e-07
5.700000e+00     -7.552874e-06     -3.138764e-06     6.707299e-07
6.000000e+00     -6.890733e-06     -2.806766e-06     6.700915e-07
6.300000e+00     -5.780230e-06     -4.135623e-07     -4.322901e-07
6.600000e+00     -4.618586e-06     -1.701561e-06     -4.214152e-07
6.900000e+00     -6.153549e-06     1.445470e-07     1.959466e-07
7.200000e+00     -1.015491e-05     -1.055230e-07     9.106878e-07
7.500000e+00     -8.070484e-06     6.346529e-08     1.000798e-06
7.800000e+00     -7.837793e-06     1.385882e-06     7.474872e-07
8.100000e+00     -9.434977e-06     4.927414e-07     4.539430e-07
8.400000e+00     -9.708125e-06     1.996806e-06     -8.127492e-07
8.700000e+00     -1.308257e-05     4.319589e-06     -9.100052e-07
9.000000e+00     -1.387139e-05     3.391472e-06     -7.181998e-07
9.300000e+00     -1.212112e-05     1.019970e-06     -1.375562e-07
9.600000e+00     -8.085505e-06     2.252484e-06     1.798813e-07
9.900000e+00     -8.683320e-06     3.609070e-06     1.204109e-06
1.020000e+01     -1.153617e-05     5.224730e-06     2.201530e-06
1.050000e+01     -1.016078e-05     3.920194e-06     1.294031e-06
1.080000e+01     -1.670041e-05     6.066837e-06     1.749108e-07
1.110000e+01     -2.098214e-05     9.700562e-06     -1.304562e-06
1.140000e+01     -1.671374e-05     8.256423e-06     -3.807380e-07
1.170000e+01     -1.296366e-05     2.397821e-06     4.018119e-07
1.200000e+01     -1.260953e-05     2.952506e-06     -1.570397e-07
1.230000e+01     -1.429891e-05     6.432217e-06     -7.130858e-07
1.260000e+01     -1.802308e-05     7.327164e-06     -9.942706e-07
1.290000e+01     -1.688719e-05     6.361502e-06     -3.030818e-07
1.320000e+01     -1.341877e-05     5.110921e-06     1.310576e-06
1.350000e+01     -1.246204e-05     5.956769e-06     1.375201e-06
1.380000e+01     -1.740275e-05     5.888351e-06     9.503151e-07
1.410000e+01     -1.783200e-05     7.624533e-06     -2.104112e-07
1.440000e+01     -1.752840e-05     6.473753e-06     -7.637705e-07
1.470000e+01     -1.858180e-05     7.295692e-06     -8.798497e-07
1.500000e+01     -1.721025e-05     6.093431e-06     -5.298930e-07
1.530000e+01     -1.290755e-05     4.733066e-06     1.380214e-07
1.560000e+01     -1.235098e-05     4.486800e-06     2.532182e-07
1.590000e+01     -1.497593e-05     1.874211e-06     2.822733e-07
1.620000e+01     -1.460314e-05     2.966868e-06     1.078893e-07
1.650000e+01     -1.467812e-05     8.161529e-06     6.463850e-07
1.680000e+01     -1.623892e-05     9.578595e-06     1.085296e-06
1.710000e+01     -1.790684e-05     8.355315e-06     -3.172408e-07
1.740000e+01     -1.581837e-05     6.790123e-06     -1.331966e-06
1.770000e+01     -1.399614e-05     6.051128e-06     -1.261436e-06
1.800000e+01     -1.674643e-05     4.228298e-06     9.851041e-10
1.830000e+01     -1.647548e-05     5.169220e-06     7.031966e-07
1.860000e+01     -1.401712e-05     5.766399e-06     5.428790e-07
1.890000e+01     -1.646429e-05     7.919410e-06     1.173619e-06
1.920000e+01     -1.967559e-05     1.006853e-05     2.517788e-07
1.950000e+01     -2.039403e-05     9.420975e-06     -5.963204e-07
1.980000e+01     -1.457873e-05     6.403921e-06     -2.021947e-07
2.010000e+01     -1.479982e-05     4.198665e-06     5.747324e-07
2.040000e+01     -1.880238e-05     6.535176e-06     6.878928e-08
2.070000e+01     -2.079675e-05     9.203072e-06     2.270936e-08
2.100000e+01     -2.107457e-05     1.106507e-05     5.876549e-08
2.130000e+01     -1.687894e-05     1.076145e-05     4.143998e-07
2.160000e+01     -1.645855e-05     4.075558e-06     2.925140e-07
2.190000e+01     -1.761280e-05     2.294110e-06     -6.399585e-07
2.220000e+01     -1.899147e-05     1.179538e-06     -3.874647e-06
2.250000e+01     -1.973215e-05     2.176398e-06     -6.742171e-06
2.280000e+01     -2.145308e-05     1.252030e-06     -4.832631e-06
2.310000e+01     -1.991320e-05     9.010631e-06     -4.037783e-08
2.340000e+01     -1.317530e-05     1.775506e-05     -6.806696e-07
2.370000e+01     -1.075691e-05     1.144326e-05     3.394855e-06
2.400000e+01     -1.677071e-05     -5.159698e-06     3.593003e-06
2.430000e+01     -1.270727e-05     5.728465e-06     1.272320e-05
2.460000e+01     -2.469822e-05     2.472362e-05     2.609249e-05
2.490000e+01     -2.295926e-05     8.464899e-05     1.136984e-05
2.520000e+01     -1.531041e-05     6.378478e-05     1.045614e-05
2.550000e+01     -4.277120e-05     -9.421793e-06     1.866969e-05
2.580000e+01     -6.935981e-06     -1.607892e-05     5.980661e-06
2.610000e+01     4.078754e-06     3.813114e-05     -2.786417e-05
2.640000e+01     -5.003778e-05     4.673562e-06     -2.578142e-05
2.670000e+01     -6.057414e-05     -9.005148e-05     2.083532e-05
2.700000e+01     3.595151e-06     -1.510120e-05     -2.910283e-06
2.730000e+01     2.440766e-05     6.012164e-05     -4.415045e-05
2.760000e+01     -6.845713e-05     -1.851183e-05     -5.626278e-06
2.790000e+01     -2.675662e-05     -2.156031e-05     4.859329e-06
2.820000e+01     5.017293e-05     4.411221e-05     -2.834920e-05
2.850000e+01     -4.207239e-05     2.744671e-05     4.010382e-06
2.880000e+01     -1.109926e-04     -1.230274e-05     8.383610e-06
2.910000e+01     4.352943e-05     3.516775e-06     -4.790308e-05
2.940000e+01     1.693065e-05     -2.400797e-05     -7.178928e-06
2.970000e+01     -3.950307e-05     -6.139431e-05     2.405161e-05
3.000000e+01     -1.235345e-05     5.267173e-05     -3.979517e-05
3.030000e+01     2.585935e-05     4.331114e-05     8.406705e-06
3.060000e+01     -6.483922e-05     -5.699575e-05     4.445007e-05
3.090000e+01     -1.088757e-05     -1.346722e-05     -9.036954e-06
3.120000e+01     6.708318e-05     7.775454e-05     -2.341341e-05
3.150000e+01     -5.903583e-05     6.821290e-05     3.183435e-05
3.180000e+01     -8.327257e-05     -6.260622e-05     -9.486979e-06
3.210000e+01     5.368148e-05     -1.930607e-05     5.433836e-06
3.240000e+01     -1.347883e-05     9.271373e-06     3.383014e-05
3.270000e+01     -1.794113e-04     7.297674e-05     3.510749e-06
3.300000e+01     4.675235e-05     2.702285e-05     -2.760270e-05
3.330000e+01     6.440495e-05     -1.338290e-05     2.701910e-05
3.360000e+01     -1.275017e-04     3.123002e-05     2.611022e-05
3.390000e+01     -8.120693e-05     -1.126879e-06     -5.507783e-06
3.420000e+01     8.055176e-05     1.566516e-05     -5.763990e-06
3.450000e+01     3.312353e-05     3.173247e-05     1.283095e-05
3.480000e+01     -1.937364e-04     1.676160e-05     1.017267e-05
3.510000e+01     2.241087e-05     5.480136e-05     7.012774e-07
3.540000e+01     9.411712e-05     -2.872418e-05     9.239946e-07
3.570000e+01     -1.575650e-04     -6.103781e-05     -2.608301e-05
3.600000e+01     6.087792e-05     5.791295e-05     1.072974e-05
3.630000e+01     -4.193944e-05     -3.218816e-06     -3.517282e-06
3.660000e+01     -3.006307e-05     8.041514e-05     -3.168276e-05
3.690000e+01     5.444938e-05     3.716307e-05     3.384132e-06
3.720000e+01     2.046822e-05     -1.335388e-04     -2.248508e-05
3.750000e+01     -1.342383e-05     5.987924e-05     -1.919725e-05
3.780000e+01     -1.035416e-04     2.840538e-05     -4.890291e-06
3.810000e+01     -4.064834e-05     -3.823248e-05     6.828011e-07
3.840000e+01     8.009112e-05     1.476790e-05     -2.315157e-05
3.870000e+01     -3.955541e-05     2.106153e-06     -1.096034e-05
3.900000e+01     -1.049807e-04     -4.924759e-05     -2.867809e-05
3.930000e+01     -3.960919e-05     -2.337154e-05     3.934966e-05
3.960000e+01     -6.362115e-06     4.199408e-05     2.844231e-05
3.990000e+01     -2.144406e-04     1.106697e-04     2.657592e-05
4.020000e+01     1.050359e-04     -5.647431e-05     1.214897e-04
4.050000e+01     1.783413e-05     -1.065642e-04     5.348955e-05
4.080000e+01     1.131908e-04     9.496139e-05     -1.837359e-05
4.110000e+01     -3.032862e-04     1.510431e-04     -3.535183e-05
4.140000e+01     -2.048576e-04     3.770929e-05     1.405885e-05
4.170000e+01     1.819760e-04     -1.017904e-05     -2.558716e-05
4.200000e+01     2.793700e-05     -2.601739e-04     1.581619e-05
4.230000e+01     3.233985e-05     2.282015e-06     -3.268881e-05
4.260000e+01     3.231017e-05     7.105913e-05     -5.393982e-05
4.290000e+01     -1.845156e-04     1.155530e-04     -8.094414e-05
4.320000e+01     2.273174e-04     1.762853e-04     -2.123513e-05
4.350000e+01     6.119892e-05     -5.088316e-06     -1.093799e-04
4.380000e+01     -3.031629e-05     -9.156464e-05     -1.855269e-05
4.410000e+01     -4.857651e-05     2.744797e-05     1.093840e-04
4.440000e+01     -1.172549e-04     -1.245400e-04     1.684875e-04
4.470000e+01     2.501498e-04     -3.574013e-05     8.619697e-05
4.500000e+01     9.556881e-05     2.373397e-04     6.769137e-05
4.530000e+01     -4.749088e-04     1.202866e-04     7.875522e-05
4.560000e+01     9.939762e-05     -1.519621e-04     3.293641e-05
4.590000e+01     1.799428e-04     -6.575073e-05     -1.360195e-04
4.620000e+01     -2.198717e-04     8.547000e-05     -2.267196e-05
4.650000e+01     2.672104e-04     1.822461e-04     -8.664777e-07
4.680000e+01     4.230641e-04     -1.695566e-04     -6.388455e-05
4.710000e+01     1.601268e-04     -1.725940e-04     -8.890579e-05
4.740000e+01     -4.489107e-05     1.550455e-04     -1.181504e-04
4.770000e+01     -2.477587e-04     9.252851e-05     6.275720e-07
4.800000e+01     -3.119509e-05     -3.447703e-04     6.431552e-05
4.830000e+01     5.153602e-05     -1.573077e-04     4.375188e-05
4.860000e+01     2.427302e-05     1.003765e-04     4.238552e-05
4.890000e+01     -3.897144e-04     2.089872e-04     9.270180e-05
4.920000e+01     -6.943244e-05     -3.038911e-05     -1.797781e-05
4.950000e+01     1.367740e-04     -6.343615e-05     -9.875679e-06
4.980000e+01     -3.556165e-04     -1.862658e-04     -1.012593e-04
5.010000e+01     -5.386683e-04     -6.269264e-07     -6.619035e-05
5.040000e+01     9.145572e-05     1.100255e-04     -6.565498e-05
5.070000e+01     -2.642880e-04     2.142270e-04     -1.094051e-04
5.100000e+01     5.925047e-04     2.353103e-04     -6.887400e-05
5.130000e+01     8.444628e-06     2.599565e-04     7.613740e-06
5.160000e+01     -3.479139e-05     4.572754e-05     3.288530e-05
5.190000e+01     8.699576e-05     -2.181038e-04     -3.556435e-06
5.220000e+01     -4.374213e-05     -3.673124e-04     -1.811168e-05
5.250000e+01     -7.135821e-05     1.143646e-04     -4.749029e-06
5.280000e+01     2.701416e-05     -2.367772e-05     1.296646e-04
5.310000e+01     5.041561e-05     2.717935e-04     1.499277e-04
5.340000e+01     3.130890e-04     -1.583160e-04     5.815042e-05
5.370000e+01     -2.278465e-04     -3.277056e-04     3.288633e-05
5.400000e+01     1.691790e-04     1.945243e-04     2.686988e-05
5.430000e+01     -5.403494e-05     9.735781e-05     7.411846e-05
5.460000e+01     -1.531979e-04     -2.756775e-04     6.540616e-05
5.490000e+01     7.232614e-05     7.206438e-05     -1.436009e-05
5.520000e+01     -7.989882e-05     3.339385e-04     -8.719524e-05
5.550000e+01     -1.776375e-05     -2.002485e-04     -4.169961e-05
5.580000e+01     -2.094041e-04     -1.156772e-04     -2.102577e-05
5.610000e+01     5.509375e-05     3.926040e-04     -8.803253e-06
5.640000e+01     -8.746552e-05     -5.440054e-05     -8.726054e-05
5.670000e+01     3.037935e-04     -1.165116e-04     -2.810012e-06
5.700000e+01     8.008028e-05     2.849437e-05     2.694293e-05
5.730000e+01     -5.335017e-04     3.834145e-04     -3.953480e-06
5.760000e+01     1.868445e-04     -1.140029e-04     3.444355e-05
5.790000e+01     5.263635e-05     -2.465166e-04     5.691737e-05
5.820000e+01     -6.736502e-05     -1.887407e-04     -4.263796e-05
5.850000e+01     -1.135146e-04     1.397470e-04     7.054656e-06
5.880000e+01     -1.407626e-04     6.613296e-05     5.817097e-05
5.910000e+01     4.383633e-04     -1.543632e-04     1.786497e-05
5.940000e+01     -1.305567e-04     -5.634884e-05     -8.212975e-05
5.970000e+01     -6.035879e-05     3.087893e-04     -8.146169e-05
6.000000e+01     -6.559358e-05     3.731341e-05     -3.491489e-05
6.030000e+01     2.117009e-05     -1.752309e-04     -6.915798e-05
6.060000e+01     2.102615e-04     -5.623296e-05     1.406188e-05
6.090000e+01     -5.036766e-05     1.590440e-04     3.352568e-05
6.120000e+01     3.217043e-05     8.149484e-05     -3.654680e-05
6.150000e+01     1.201809e-04     6.071871e-05     1.537044e-06
6.180000e+01     -8.592094e-05     1.098964e-04     -1.134257e-06
6.210000e+01     -3.421389e-04     -1.193031e-04     3.665273e-05
6.240000e+01     3.492597e-05     -7.464495e-05     3.640535e-05
6.270000e+01     -1.831642e-04     1.152000e-04     6.572648e-05
6.300000e+01     -1.454398e-04     -9.448376e-05     3.961885e-05
6.330000e+01     3.549569e-04     -1.598113e-04     9.780448e-05
6.360000e+01     -2.818115e-04     1.813406e-04     1.850582e-05
6.390000e+01     1.329067e-05     1.117505e-04     -1.674765e-05
6.420000e+01     2.111376e-04     -2.245764e-04     -5.628146e-05
6.450000e+01     -9.066913e-05     -8.031623e-05     -5.382850e-05
6.480000e+01     1.664537e-04     2.837733e-04     -4.492499e-05
6.510000e+01     1.373707e-05     1.069706e-04     -4.810254e-06
6.540000e+01     -1.433346e-05     8.765305e-05     -4.174508e-05
6.570000e+01     1.054931e-04     -7.780911e-05     -3.302396e-05
6.600000e+01     -1.206452e-04     -1.581224e-04     7.646783e-06
6.630000e+01     -9.892944e-05     4.896889e-05     2.232278e-05
6.660000e+01     2.664290e-05     3.095638e-05     5.251519e-05
6.690000e+01     9.266473e-06     -6.661982e-05     2.829932e-06
6.720000e+01     -1.117554e-04     -1.225598e-04     -9.656402e-06
6.750000e+01     -1.567372e-04     1.765286e-04     -2.505918e-07
6.780000e+01     1.697448e-05     -3.168911e-05     -4.656534e-05
6.810000e+01     1.853329e-04     1.660260e-05     -4.229377e-05
6.840000e+01     -2.587655e-04     2.326489e-04     8.597965e-06
6.870000e+01     3.007789e-04     -2.159786e-04     -4.971011e-06
6.900000e+01     -9.521350e-05     -1.172539e-04     1.756052e-05
6.930000e+01     -2.697957e-04     2.685979e-04     -4.337734e-05
6.960000e+01     -1.600980e-04     7.485234e-05     3.503256e-05
6.990000e+01     1.936457e-04     -8.296046e-05     6.485013e-05
7.020000e+01     1.380100e-04     -4.480170e-05     3.475983e-05
7.050000e+01     -1.544622e-04     -7.951718e-06     3.027752e-05
7.080000e+01     2.703839e-04     2.532349e-05     2.259775e-05
7.110000e+01     -4.131072e-05     -4.660221e-05     -5.705647e-06
7.140000e+01     -1.900799e-04     5.808682e-05     -1.035357e-05
7.170000e+01     1.248958e-04     1.767069e-04     -2.575172e-05
7.200000e+01     -4.139657e-05     -1.827894e-04     9.397653e-06
7.230000e+01     8.613544e-05     -1.280377e-05     -4.712143e-05
7.260000e+01     -5.459975e-05     1.952387e-05     -2.102112e-05
7.290000e+01     -9.165225e-05     -1.383444e-04     -3.944136e-05
7.320000e+01     -8.560256e-06     -1.425471e-05     -3.345738e-05
7.350000e+01     -8.554910e-05     1.836027e-04     2.452404e-05
7.380000e+01     2.234910e-05     1.033866e-04     1.453529e-05
7.410000e+01     -1.391474e-04     5.749755e-05     -6.258105e-06
7.440000e+01     4.295781e-05     4.650033e-05     1.530880e-05
7.470000e+01     1.613381e-04     -3.286510e-06     2.963122e-05
7.500000e+01     -1.797778e-04     1.001135e-04     3.659065e-05
7.530000e+01     1.468329e-05     -8.983545e-05     3.723036e-05
7.560000e+01     1.036017e-04     1.583435e-05     2.141526e-05
7.590000e+01     -3.852489e-05     -5.461381e-05     5.685889e-05
7.620000e+01     -1.109209e-04     -4.308301e-05     2.061122e-05
7.650000e+01     2.176848e-07     7.873547e-05     -3.383667e-05
7.680000e+01     5.000653e-05     3.290020e-05     -8.104143e-06
7.710000e+01     -5.371434e-05     -1.531484e-04     -3.576653e-05
7.740000e+01     -4.221077e-05     4.225985e-05     -1.869743e-05
7.770000e+01     6.395291e-05     -4.704999e-05     -2.831304e-08
7.800000e+01     1.151057e-04     -9.091328e-05     -5.161976e-05
7.830000e+01     4.543773e-05     1.640445e-04     -3.680864e-05
7.860000e+01     -8.409163e-05     1.934104e-04     -5.086110e-05
7.890000e+01     -3.508872e-05     -8.015267e-05     -5.009156e-05
7.920000e+01     -1.345878e-04     1.240982e-04     -9.246120e-06
7.950000e+01     -5.857217e-05     1.767547e-05     2.138000e-05
7.980000e+01     6.159575e-05     -1.575009e-04     2.860989e-05
8.010000e+01     -4.428863e-05     6.376954e-05     5.219808e-05
8.040000e+01     8.404036e-05     1.215859e-04     5.165635e-05
8.070000e+01     2.640107e-05     -5.008736e-05     4.774298e-05
8.100000e+01     3.647824e-05     -1.883844e-04     4.145511e-05
8.130000e+01     -1.748600e-04     -4.100986e-05     2.945225e-06
8.160000e+01     5.861856e-07     5.659420e-05     -1.693449e-05
8.190000e+01     1.551266e-04     7.489034e-05     -2.388204e-05
8.220000e+01     -2.947030e-06     -2.184749e-05     -2.845252e-05
8.250000e+01     -1.304400e-04     1.410548e-04     -1.999431e-05
8.280000e+01     -3.585621e-06     1.212317e-04     -2.041583e-05
8.310000e+01     5.406438e-06     -7.768985e-05     -4.243332e-05
8.340000e+01     -1.338803e-04     2.998772e-05     -3.710768e-05
8.370000e+01     -3.838415e-05     8.146979e-06     -3.086857e-06
8.400000e+01     1.146165e-04     -1.306943e-04     2.839949e-05
8.430000e+01     4.724323e-05     5.074820e-05     4.089532e-05
8.460000e+01     1.154871e-04     -2.775698e-05     3.637732e-05
8.490000e+01     -1.029101e-04     -1.801129e-05     3.679444e-05
8.520000e+01     9.507451e-05     1.281604e-04     4.885078e-05
8.550000e+01     2.955879e-05     -3.433748e-05     9.827550e-06
8.580000e+01     -1.938553e-04     -7.504668e-05     -1.201762e-05
8.610000e+01     8.615434e-05     1.192672e-04     -2.427854e-05
8.640000e+01     6.060629e-05     -6.788702e-06     -1.883461e-05
8.670000e+01     -4.503358e-06     6.550505e-05     -5.111680e-05
8.700000e+01     -3.544966e-05     4.986900e-05     -5.285265e-05
8.730000e+01     -1.129451e-04     -3.624949e-05     -5.261881e-05
8.760000e+01     1.630483e-05     -3.737323e-05     -5.194450e-05
8.790000e+01     -4.147257e-05     -3.088207e-05     -1.515604e-05
8.820000e+01     -5.152376e-05     3.269947e-05     3.222501e-05
8.850000e+01     1.375523e-04     1.660994e-05     5.657906e-05
8.880000e+01     5.366988e-05     -1.239680e-04     2.414404e-05
8.910000e+01     -1.214365e-04     6.387643e-07     2.852000e-05
8.940000e+01     -1.618049e-04     1.458723e-04     4.003728e-05
8.970000e+01     4.863114e-05     3.964961e-06     2.593253e-05
9.000000e+01     1.713492e-04     -4.431927e-05     3.381289e-05
9.030000e+01     2.786569e-06     1.235385e-04     2.857994e-05
9.060000e+01     -1.308821e-04     1.181550e-04     -1.142523e-05
9.090000e+01     6.584727e-06     -3.536199e-05     -1.450274e-05
9.120000e+01     1.437777e-04     -2.434809e-05     -3.922748e-05
9.150000e+01     -1.491115e-04     2.222011e-05     -5.229445e-05
9.180000e+01     -7.341548e-05     -1.667583e-05     -4.149412e-06
9.210000e+01     1.211917e-04     -2.759570e-05     2.184204e-05
9.240000e+01     5.334575e-05     -8.489079e-05     5.655162e-06
9.270000e+01     -7.874643e-05     -5.230588e-05     1.164523e-05
9.300000e+01     1.884037e-05     6.392659e-05     1.714478e-05
9.330000e+01     -1.145047e-05     1.692084e-05     4.298376e-05
9.360000e+01     7.884750e-06     -8.490400e-05     3.347264e-05
9.390000e+01     3.572898e-05     1.371955e-05     -6.948682e-06
9.420000e+01     1.667420e-04     5.258781e-05     -2.959185e-05
9.450000e+01     6.291923e-05     7.817522e-06     -1.246016e-05
9.480000e+01     -6.392131e-05     6.010624e-05     -3.950247e-05
9.510000e+01     -1.009091e-04     1.035993e-04     -6.286946e-05
9.540000e+01     2.486562e-05     -2.794004e-06     -4.213010e-05
9.570000e+01     -9.008657e-05     2.283805e-05     -2.227129e-05
9.600000e+01     -4.381153e-05     3.130015e-05     2.349271e-05
9.630000e+01     1.184434e-04     -2.345625e-06     4.326513e-05
9.660000e+01     -4.001518e-05     -3.820047e-05     3.057533e-05
9.690000e+01     -1.642157e-04     -2.029675e-05     2.548743e-05
9.720000e+01     2.214543e-05     -2.100458e-05     2.621856e-05
9.750000e+01     1.132216e-04     -1.461646e-04     2.226168e-05
9.780000e+01     -8.775339e-05     -2.372098e-05     1.161115e-05
9.810000e+01     -1.909689e-05     1.128992e-04     -6.074840e-06
9.840000e+01     9.181555e-05     1.591133e-05     -2.068987e-05
9.870000e+01     3.331097e-05     1.211334e-05     -3.523117e-05
9.900000e+01     2.563459e-05     7.633329e-05     -1.629356e-05
9.930000e+01     -2.303732e-05     5.244304e-05     -1.724279e-05
9.960000e+01     2.827664e-05     -4.251916e-05     4.098963e-06
9.990000e+01     1.078862e-04     1.508863e-05     7.053682e-06
1.002000e+02     6.525942e-05     5.852498e-05     4.789155e-06
1.005000e+02     -7.543418e-05     2.216407e-05     2.050690e-05
1.008000e+02     1.480276e-05     -9.122582e-05     2.494127e-05
1.011000e+02     -3.079131e-05     -8.315618e-05     2.308570e-05
1.014000e+02     -5.431538e-05     -4.702688e-05     -1.560469e-05
1.017000e+02     -7.548528e-05     7.575129e-06     -2.577662e-05
1.020000e+02     -4.321656e-05     5.563373e-05     -1.608742e-05
1.023000e+02     -4.499897e-06     1.296310e-05     -1.707240e-05
1.026000e+02     1.115711e-04     1.105511e-05     -7.292546e-06
1.029000e+02     1.405543e-04     3.637474e-06     9.464556e-06
1.032000e+02     -8.891101e-06     5.038004e-05     -6.238847e-06
1.035000e+02     -5.192976e-05     1.142698e-04     -6.274552e-06
1.038000e+02     -7.673336e-05     3.577397e-05     1.164636e-05
1.041000e+02     6.756331e-05     -1.063797e-04     1.257249e-05
1.044000e+02     5.321790e-05     -1.687294e-04     2.057508e-06
1.047000e+02     -2.818715e-05     -2.671761e-05     7.271323e-06
1.050000e+02     -6.242221e-05     9.328198e-05     5.623776e-06
1.053000e+02     -3.338832e-05     7.474339e-05     -6.444040e-06
1.056000e+02     5.719134e-06     -1.447184e-05     -7.859738e-06
1.059000e+02     2.569957e-05     9.956613e-05     -1.673929e-05
1.062000e+02     1.183817e-05     9.476835e-05     4.875557e-06
1.065000e+02     -1.856856e-06     -1.065155e-05     2.134776e-05
1.068000e+02     8.939707e-05     -6.223411e-05     1.657475e-05
1.071000e+02     3.224113e-05     -5.013628e-05     -1.954499e-06
1.074000e+02     -6.125265e-05     -3.122914e-05     1.828556e-07
1.077000e+02     -5.997003e-06     -3.343597e-05     -1.045985e-05
1.080000e+02     4.546247e-05     -4.756348e-05     -6.546584e-06
1.083000e+02     3.231771e-05     5.825980e-06     6.640225e-06
1.086000e+02     1.438013e-05     3.804554e-06     1.154348e-05
1.089000e+02     -2.470500e-05     5.689507e-06     7.468908e-06
1.092000e+02     -3.060343e-05     -1.715187e-05     -2.169568e-07
1.095000e+02     -4.430289e-05     3.557379e-05     4.249297e-06
1.098000e+02     -4.693804e-05     5.861936e-05     3.300802e-06
1.101000e+02     5.834680e-05     2.345834e-05     1.319874e-05
1.104000e+02     2.381583e-05     -6.913627e-05     2.733054e-06
1.107000e+02     -1.625946e-05     -1.738179e-05     -9.930933e-06
1.110000e+02     3.552170e-05     8.601622e-05     -7.363182e-06
1.113000e+02     2.539798e-06     3.145145e-05     -2.173492e-05
1.116000e+02     -2.061144e-05     1.290110e-05     -3.386815e-05
1.119000e+02     1.252589e-04     -5.320715e-07     -1.762096e-05
1.122000e+02     1.420576e-05     3.097237e-05     -1.433404e-05
1.125000e+02     -5.668141e-05     5.338422e-05     1.587967e-05
1.128000e+02     6.021019e-06     2.047038e-05     2.229726e-05
1.131000e+02     -9.932142e-06     9.462987e-06     1.972238e-05
1.134000e+02     1.033487e-05     -7.142263e-05     2.736665e-05
1.137000e+02     1.208251e-05     -1.067808e-04     3.855402e-05
1.140000e+02     9.404088e-06     -7.082842e-05     2.156682e-05
1.143000e+02     -1.173143e-05     3.970700e-06     -2.330063e-06
1.146000e+02     -1.242944e-04     4.201675e-05     -1.835892e-05
1.149000e+02     -1.067413e-05     5.247851e-06     -3.355583e-05
1.152000e+02     6.426617e-05     2.119042e-05     -2.982886e-05
1.155000e+02     2.539414e-05     1.864194e-06     -4.382469e-06
1.158000e+02     7.457304e-05     -5.964555e-05     5.509599e-06
1.161000e+02     1.088560e-04     -4.284262e-05     7.089194e-06
1.164000e+02     2.396027e-05     2.014077e-05     4.097829e-06
1.167000e+02     -2.449277e-05     4.802173e-05     2.335563e-07
1.170000e+02     -5.985007e-05     5.940354e-05     -1.144517e-05
1.173000e+02     -4.817289e-05     2.595288e-05     -4.796677e-06
1.176000e+02     1.358853e-05     2.368663e-05     -1.621518e-06
1.179000e+02     -1.266766e-05     1.734674e-05     -3.829721e-06
1.182000e+02     -2.360901e-05     -1.121540e-06     -9.952603e-07
1.185000e+02     1.283596e-05     1.048951e-05     -4.137929e-06
1.188000e+02     1.587900e-05     -1.094597e-05     -7.632963e-06
1.191000e+02     4.864032e-05     -3.673085e-05     8.202578e-06
1.194000e+02     6.089164e-05     -4.138922e-05     1.226429e-05
1.197000e+02     3.553455e-06     2.306992e-05     1.987445e-06
1.200000e+02     6.258382e-06     3.337903e-05     -1.449763e-05
1.203000e+02     -9.167275e-06     1.734423e-05     -1.226291e-06
1.206000e+02     2.284999e-05     4.489205e-05     5.518735e-07
1.209000e+02     5.667277e-05     -1.751655e-05     7.053382e-06
1.212000e+02     -4.628973e-06     -6.566311e-05     2.826195e-05
1.215000e+02     -1.707913e-05     -5.359727e-05     2.824285e-05
1.218000e+02     -1.997611e-05     -3.339895e-05     1.761225e-05
1.221000e+02     -5.884898e-05     -1.900753e-05     -1.224138e-06
1.224000e+02     -7.699710e-05     -2.134234e-05     -7.574804e-06
1.227000e+02     -3.468003e-05     1.235294e-05     -3.171344e-06
1.230000e+02     4.498341e-05     2.928405e-05     -2.256097e-06
1.233000e+02     1.301937e-04     5.290459e-06     -3.997001e-06
1.236000e+02     1.028742e-04     7.918094e-06     -1.441090e-05
1.239000e+02     1.035820e-05     6.423706e-05     -2.533728e-05
1.242000e+02     -2.122240e-05     1.499676e-05     -3.563884e-05
1.245000e+02     -5.145375e-05     -3.117261e-05     -2.862999e-05
1.248000e+02     -4.088644e-06     1.191648e-05     -7.943665e-06
1.251000e+02     3.929783e-05     3.031773e-05     8.796064e-06
1.254000e+02     2.442947e-05     -1.876557e-05     1.661967e-05
1.257000e+02     3.614231e-05     -2.055185e-05     2.158092e-05
1.260000e+02     8.875160e-06     3.869155e-05     1.943487e-05
1.263000e+02     -3.600660e-06     2.109868e-05     1.052851e-05
1.266000e+02     -9.706072e-06     -4.787486e-06     8.881732e-06
1.269000e+02     -2.495542e-05     -9.119975e-06     -1.223606e-06
1.272000e+02     -2.847387e-05     -4.769808e-05     -6.535020e-06
1.275000e+02     -2.116176e-05     -7.692345e-05     -1.308781e-06
1.278000e+02     2.725195e-05     -1.293484e-05     -3.620064e-06
1.281000e+02     4.229015e-05     2.209843e-05     3.349623e-06
1.284000e+02     1.103599e-06     1.464606e-05     1.142668e-05
1.287000e+02     1.344343e-05     2.221494e-05     1.614958e-05
1.290000e+02     3.753062e-05     7.707325e-06     1.002443e-05
1.293000e+02     3.902258e-05     -3.668344e-05     8.076330e-06
1.296000e+02     2.339043e-05     -5.872481e-07     -1.100650e-06
1.299000e+02     6.589973e-06     8.003576e-06     -1.386020e-05
1.302000e+02     3.108219e-05     -3.174998e-05     -2.084683e-05
1.305000e+02     5.054518e-06     3.192239e-05     -1.299094e-05
1.308000e+02     -5.300309e-05     6.545492e-05     -7.310828e-06
1.311000e+02     -5.839734e-05     2.452573e-05     -1.394194e-05
1.314000e+02     3.645325e-06     -1.958360e-05     -6.522526e-06
1.317000e+02     3.298363e-05     -4.313014e-05     1.115798e-05
1.320000e+02     4.229028e-05     -3.850232e-05     1.925353e-05
1.323000e+02     3.319914e-05     -4.747794e-05     1.105005e-05
1.326000e+02     8.215558e-05     -5.492617e-05     5.177721e-06
1.329000e+02     7.135216e-05     -4.720901e-05     -5.086175e-07
1.332000e+02     -4.470756e-07     -3.797890e-05     -1.152768e-06
1.335000e+02     -2.238524e-05     2.411215e-05     -1.347019e-05
1.338000e+02     -4.148167e-05     5.050653e-05     -1.907375e-05
1.341000e+02     3.345309e-06     3.027486e-05     -1.059328e-05
1.344000e+02     -2.184185e-05     3.276662e-05     -7.157608e-06
1.347000e+02     -2.936633e-05     4.320508e-05     -8.231387e-06
1.350000e+02     2.362072e-05     2.416994e-05     -7.024758e-06
1.353000e+02     4.889198e-05     -1.254535e-05     5.789139e-06
1.356000e+02     3.575997e-05     -2.408963e-05     2.503400e-05
1.359000e+02     2.877393e-05     -6.585678e-05     3.183819e-05
1.362000e+02     3.492981e-05     -8.608295e-05     3.279884e-05
1.365000e+02     2.379222e-05     -7.928768e-05     2.406717e-05
1.368000e+02     1.017628e-06     -1.024446e-05     7.630099e-06
1.371000e+02     1.640040e-05     9.130332e-06     -5.044677e-06
1.374000e+02     1.669440e-05     1.882566e-05     -2.154452e-05
1.377000e+02     2.903851e-05     1.644608e-05     -2.590969e-05
1.380000e+02     -1.646256e-05     4.133266e-05     -2.841697e-05
1.383000e+02     -3.693089e-06     3.229460e-05     -2.790105e-05
1.386000e+02     1.184179e-05     2.613319e-05     -2.158011e-05
1.389000e+02     3.605006e-05     2.598160e-05     -1.131274e-05
1.392000e+02     6.894175e-05     -1.704295e-05     7.494232e-06
1.395000e+02     6.152793e-05     -6.163487e-05     1.780319e-05
1.398000e+02     -7.018965e-08     -7.354184e-05     1.754273e-05
1.401000e+02     -2.559402e-05     -6.048202e-05     9.374467e-06
1.404000e+02     -8.781611e-06     -7.022717e-05     1.359807e-05
1.407000e+02     1.659428e-05     -5.535693e-05     2.103554e-05
1.410000e+02     -1.244176e-05     7.396459e-06     1.277634e-05
1.413000e+02     -1.830608e-05     4.895254e-05     2.692993e-07
1.416000e+02     -1.070555e-05     3.420805e-05     -1.187606e-05
1.419000e+02     8.698031e-06     1.580991e-05     -1.688603e-05
1.422000e+02     5.554197e-05     4.022106e-05     -4.932301e-06
1.425000e+02     1.132944e-04     2.183973e-05     4.944907e-07
1.428000e+02     8.294991e-05     7.380337e-06     6.829300e-07
1.431000e+02     2.679167e-05     -1.325161e-05     -2.958796e-06
1.434000e+02     1.852410e-05     -5.232318e-05     -4.511763e-06
1.437000e+02     1.984936e-05     -7.145278e-05     1.627675e-06
1.440000e+02     -6.984294e-06     -3.758522e-05     7.656199e-06
1.443000e+02     -2.561442e-05     -4.243732e-05     1.461783e-05
1.446000e+02     -9.894439e-06     -2.951035e-05     9.160715e-06
1.449000e+02     3.346065e-05     -1.850569e-05     7.325099e-06
1.452000e+02     2.150241e-05     3.793402e-06     5.984837e-06
1.455000e+02     3.487211e-05     1.954589e-05     3.727829e-06
1.458000e+02     2.875683e-05     2.745136e-05     -7.849859e-06
1.461000e+02     2.844945e-05     1.935357e-05     -1.456801e-05
1.464000e+02     2.611327e-05     1.382011e-06     -1.687419e-05
1.467000e+02     3.740633e-05     -2.809943e-05     -2.026455e-05
1.470000e+02     3.355731e-05     -4.741698e-05     -1.126963e-05
1.473000e+02     2.163463e-05     -4.584922e-05     -5.007887e-07
1.476000e+02     -4.335735e-06     -5.351326e-05     -5.771423e-08
1.479000e+02     -1.746325e-05     -3.752896e-05     -8.947119e-07
1.482000e+02     9.043780e-06     -9.820660e-06     1.345228e-05
1.485000e+02     2.440584e-05     -1.973460e-06     1.645509e-05
1.488000e+02     7.037438e-05     2.898162e-05     8.285469e-06
1.491000e+02     7.923740e-05     2.658027e-05     9.712375e-06
1.494000e+02     5.752373e-05     5.641737e-06     1.135384e-05
1.497000e+02     4.337971e-05     -2.196672e-06     1.603637e-05
1.500000e+02     2.283078e-05     -2.933052e-05     1.264341e-05
1.503000e+02     7.207584e-06     -4.768870e-05     8.759890e-07
1.506000e+02     2.423792e-05     -4.604833e-05     -7.541153e-06
1.509000e+02     3.446884e-05     -2.391922e-05     -1.001840e-05
1.512000e+02     5.243894e-05     -2.105210e-05     -8.889925e-06
1.515000e+02     2.828311e-05     -3.633711e-05     -1.447043e-05
1.518000e+02     -8.438683e-06     -4.466784e-05     -2.592408e-05
1.521000e+02     7.446075e-06     -2.471460e-05     -2.496783e-05
1.524000e+02     3.340510e-06     -8.784923e-06     -1.393287e-05
1.527000e+02     -3.659103e-06     -1.132141e-05     -4.565161e-06
1.530000e+02     -2.581971e-06     6.621376e-07     5.959893e-06
1.533000e+02     1.438554e-06     -1.872666e-06     1.588356e-05
1.536000e+02     1.074353e-05     -4.133633e-05     1.868566e-05
1.539000e+02     3.360487e-05     -8.556944e-06     1.595880e-05
1.542000e+02     6.109466e-05     3.741844e-05     1.010569e-05
1.545000e+02     5.764573e-05     3.411246e-05     2.932538e-06
1.548000e+02     5.346452e-05     2.857036e-06     3.957872e-06
1.551000e+02     8.649749e-05     -3.618157e-05     8.332254e-06
1.554000e+02     1.016985e-04     -3.204799e-05     4.940031e-06
1.557000e+02     7.996583e-05     -1.647433e-07     3.284489e-06
1.560000e+02     5.324679e-05     -1.613672e-06     -2.940343e-07
1.563000e+02     1.907627e-05     -1.387657e-05     1.821359e-06
1.566000e+02     -1.307553e-05     -1.716072e-05     -5.906332e-07
1.569000e+02     -4.561014e-05     -5.212613e-05     -3.197768e-06
1.572000e+02     -3.652768e-05     -6.607586e-05     -1.251329e-05
1.575000e+02     -3.296857e-05     -4.159491e-05     -2.069038e-05
1.578000e+02     -4.268336e-05     -2.115261e-05     -1.629611e-05
1.581000e+02     1.300088e-05     -2.696029e-05     -8.984349e-06
1.584000e+02     5.450211e-05     -2.476718e-05     -4.122070e-06
1.587000e+02     5.865000e-05     4.654076e-06     8.776694e-07
1.590000e+02     7.666152e-05     1.035644e-05     2.906830e-06
1.593000e+02     8.380566e-05     5.086803e-07     6.172130e-06
1.596000e+02     6.716225e-05     3.009795e-06     1.261760e-05
1.599000e+02     4.767887e-05     2.752084e-05     1.692203e-05
1.602000e+02     3.283042e-05     4.684762e-05     1.127703e-05
1.605000e+02     1.821434e-05     2.676348e-05     3.759628e-06
1.608000e+02     -1.867209e-05     -3.379129e-06     1.005682e-06
1.611000e+02     -1.408459e-05     -2.586418e-05     4.921324e-06
1.614000e+02     8.451439e-06     -4.771977e-05     3.999509e-06
1.617000e+02     2.331769e-05     -8.251298e-05     -1.766474e-06
1.620000e+02     5.211824e-05     -8.194484e-05     1.322409e-06
1.623000e+02     5.081424e-05     -5.002583e-05     5.974201e-06
1.626000e+02     1.817593e-05     -1.864045e-05     -7.340020e-07
1.629000e+02     2.243423e-05     -1.387622e-05     -1.146612e-05
1.632000e+02     5.340593e-05     1.807226e-06     -1.541908e-05
1.635000e+02     6.013133e-05     2.915590e-05     -1.677266e-05
1.638000e+02     4.542927e-05     4.937179e-05     -7.849095e-06
1.641000e+02     4.360463e-05     4.294130e-05     5.880189e-07
1.644000e+02     4.420066e-05     -8.744588e-06     5.118689e-06
1.647000e+02     3.221148e-06     -4.392658e-05     5.520282e-06
1.650000e+02     -2.724781e-05     -4.062971e-05     3.928694e-06
1.653000e+02     -1.493337e-05     -3.993363e-05     7.454347e-06
1.656000e+02     7.595168e-06     -5.761102e-05     1.380553e-05
1.659000e+02     3.760390e-05     -5.583045e-05     1.085737e-05
1.662000e+02     6.081837e-05     -1.673650e-05     6.386372e-06
1.665000e+02     7.826991e-05     -2.318401e-06     6.338521e-06
1.668000e+02     7.974796e-05     -2.431651e-05     6.289196e-06
1.671000e+02     6.426182e-05     -1.475092e-06     3.133736e-06
1.674000e+02     2.117639e-05     2.005834e-05     -4.004172e-06
1.677000e+02     -2.333921e-06     -1.124493e-06     -1.168123e-05
1.680000e+02     1.343197e-05     -2.111988e-05     -1.469735e-05
1.683000e+02     2.005364e-05     -1.022676e-05     -1.128284e-05
1.686000e+02     2.498183e-05     -7.717399e-06     -7.665026e-06
1.689000e+02     6.313587e-05     -2.230770e-05     -8.939578e-06
1.692000e+02     8.347739e-05     -3.024611e-05     -5.898798e-06
1.695000e+02     5.076433e-05     -2.491523e-05     1.029099e-06
1.698000e+02     3.074875e-05     -3.291992e-05     8.996162e-06
1.701000e+02     4.032386e-05     -4.552758e-05     1.510982e-05
1.704000e+02     3.662901e-05     -4.448993e-05     9.780888e-06
1.707000e+02     2.845992e-06     -2.457747e-05     1.647787e-07
1.710000e+02     -1.238389e-05     5.373804e-06     -7.149602e-06
1.713000e+02     -2.100970e-05     2.238303e-05     -9.864982e-06
1.716000e+02     -2.058550e-07     3.373529e-05     -7.777763e-06
1.719000e+02     4.522626e-05     3.140040e-05     -4.903887e-06
1.722000e+02     6.061255e-05     6.735219e-06     7.624328e-07
1.725000e+02     7.090078e-05     -2.393127e-05     9.083358e-06
1.728000e+02     6.247604e-05     -3.262846e-05     1.083474e-05
1.731000e+02     3.698372e-05     -1.957072e-05     3.929276e-06
1.734000e+02     3.764631e-05     -4.594856e-05     -5.061437e-08
1.737000e+02     4.139238e-05     -7.380699e-05     1.631657e-06
1.740000e+02     3.690366e-05     -6.132307e-05     8.802214e-07
1.743000e+02     2.681695e-05     -2.299857e-05     -8.897501e-07
1.746000e+02     2.103047e-05     -1.951591e-05     -6.637173e-07
1.749000e+02     2.504376e-05     -1.444047e-05     -6.490500e-06
1.752000e+02     1.521773e-07     1.728137e-05     -9.636173e-06
1.755000e+02     4.289523e-06     1.328713e-05     -4.484739e-06
1.758000e+02     2.901434e-05     1.117624e-06     2.496258e-06
1.761000e+02     3.272342e-05     -2.523710e-06     6.937164e-06
1.764000e+02     2.725511e-05     -5.605569e-06     8.616838e-06
1.767000e+02     3.424786e-05     6.284190e-06     9.817388e-06
1.770000e+02     5.019198e-05     -1.187810e-05     6.874567e-06
1.773000e+02     4.155176e-05     -3.799024e-05     -1.301941e-06
1.776000e+02     4.572124e-05     -4.458047e-05     -6.024355e-06
1.779000e+02     6.512261e-05     -3.371476e-05     -3.949397e-06
1.782000e+02     5.884276e-05     -1.865012e-05     -1.690322e-06
1.785000e+02     3.554019e-05     -5.861010e-06     -3.913395e-06
1.788000e+02     2.834028e-05     -2.094356e-06     -6.262434e-06
1.791000e+02     2.117559e-05     -9.768039e-06     -6.696882e-06
1.794000e+02     2.107906e-05     -1.466561e-05     -1.857211e-06
1.797000e+02     2.927322e-05     -1.195169e-05     7.328968e-06
1.800000e+02     3.128456e-05     -1.059766e-05     9.182513e-06
1.803000e+02     1.514105e-05     -1.266659e-05     5.573650e-06
1.806000e+02     -1.358446e-05     2.710309e-06     4.638100e-07
1.809000e+02     -1.207720e-05     -6.396816e-06     -8.477649e-07
1.812000e+02     1.479467e-05     -3.660081e-05     9.559193e-07
1.815000e+02     3.665023e-05     -5.796526e-05     -9.463052e-07
1.818000e+02     4.920817e-05     -2.730461e-05     -6.404391e-06
1.821000e+02     5.907944e-05     1.471435e-05     -7.912278e-06
1.824000e+02     7.320644e-05     2.608842e-06     -2.506877e-06
1.827000e+02     7.247855e-05     -2.190978e-05     7.928509e-06
1.830000e+02     5.289778e-05     -1.400008e-05     1.362042e-05
1.833000e+02     2.204017e-05     -1.126488e-05     9.580998e-06
1.836000e+02     1.341887e-05     -2.025315e-05     1.701793e-06
1.839000e+02     2.149925e-05     -1.928895e-05     -4.461382e-06
1.842000e+02     3.138147e-05     -1.960477e-05     -5.700067e-06
1.845000e+02     4.005027e-05     -2.239000e-05     -4.847915e-06
1.848000e+02     2.616357e-05     -9.809161e-06     -3.538622e-06
1.851000e+02     1.087677e-05     1.630338e-06     -4.229441e-06
1.854000e+02     4.828610e-06     -3.121279e-07     -5.447440e-06
1.857000e+02     1.668854e-05     -4.124683e-06     -3.439844e-06
1.860000e+02     3.406869e-05     -1.325053e-05     -2.155484e-06
1.863000e+02     4.847930e-05     -2.574476e-05     5.610364e-07
1.866000e+02     5.281837e-05     -3.146196e-05     3.538061e-06
1.869000e+02     5.178676e-05     -1.870228e-05     4.790126e-06
1.872000e+02     3.665573e-05     -5.149623e-06     3.204863e-06
1.875000e+02     3.739490e-05     -2.812190e-06     3.545542e-07
1.878000e+02     4.536496e-05     -1.222754e-05     -9.380351e-07
1.881000e+02     2.003194e-05     -2.223511e-05     6.641634e-07
1.884000e+02     1.846074e-06     -2.746801e-05     5.102261e-06
1.887000e+02     7.219425e-06     -3.971537e-05     8.168618e-06
1.890000e+02     1.790634e-05     -3.451176e-05     5.993712e-06
1.893000e+02     2.956221e-05     -1.764086e-05     -2.967723e-07
1.896000e+02     3.167257e-05     -6.815535e-06     -4.028209e-06
1.899000e+02     3.288229e-05     -1.277588e-06     -2.601953e-06
1.902000e+02     4.995939e-05     8.177472e-07     7.923002e-07
1.905000e+02     6.457063e-05     -3.457209e-06     -7.182562e-07
1.908000e+02     5.180001e-05     -4.227608e-06     -6.544156e-06
1.911000e+02     3.285524e-05     2.502138e-06     -1.002465e-05
1.914000e+02     1.572276e-05     1.152871e-05     -1.070054e-05
1.917000e+02     8.345668e-06     7.703809e-06     -7.727116e-06
1.920000e+02     1.778367e-05     -2.262166e-05     -1.299800e-06
1.923000e+02     2.147073e-05     -4.237025e-05     8.068371e-06
1.926000e+02     1.862052e-05     -3.810933e-05     9.415064e-06
1.929000e+02     2.214788e-05     -3.209078e-05     6.294463e-06
1.932000e+02     2.948458e-05     -3.321249e-05     3.035783e-06
1.935000e+02     3.947933e-05     -3.429799e-05     -1.198464e-06
1.938000e+02     4.101892e-05     -2.794237e-05     -4.903530e-06
1.941000e+02     4.665515e-05     -1.317546e-05     -2.493810e-06
1.944000e+02     4.983943e-05     1.028556e-05     4.887632e-07
1.947000e+02     3.808144e-05     2.000697e-05     2.352359e-06
1.950000e+02     2.739376e-05     1.417862e-05     2.217524e-06
1.953000e+02     2.390299e-05     -2.027281e-06     3.003038e-06
1.956000e+02     1.443901e-05     -2.581952e-05     5.404552e-06
1.959000e+02     1.979462e-05     -3.110904e-05     6.156568e-06
1.962000e+02     2.269861e-05     -2.488537e-05     6.026532e-06
1.965000e+02     1.613299e-05     -1.389318e-05     4.596074e-06
1.968000e+02     9.968523e-06     7.150581e-06     4.775194e-07
1.971000e+02     2.331398e-05     1.384363e-05     -2.068592e-06
1.974000e+02     4.161697e-05     -5.680986e-06     -3.511527e-06
1.977000e+02     4.379050e-05     -3.071690e-05     -2.115845e-06
1.980000e+02     5.114533e-05     -4.378394e-05     4.477662e-07
1.983000e+02     3.458356e-05     -3.891995e-05     -8.027401e-07
1.986000e+02     2.571439e-05     -2.003730e-05     -6.694865e-06
1.989000e+02     2.712898e-05     -5.734317e-06     -8.959012e-06
1.992000e+02     2.513408e-05     -2.572335e-06     -5.586018e-06
1.995000e+02     1.845534e-05     -1.108829e-06     -1.768938e-06
1.998000e+02     1.404972e-05     -2.904349e-06     -2.200918e-06
2.001000e+02     1.612892e-06     -4.835386e-06     -3.820477e-06
2.004000e+02     5.435287e-07     -8.490791e-06     -2.477399e-06
2.007000e+02     2.352605e-05     -2.224734e-05     1.765712e-06
2.010000e+02     4.538564e-05     -2.841778e-05     3.348761e-06
2.013000e+02     5.405171e-05     -1.855610e-05     5.114564e-06
2.016000e+02     3.983473e-05     -8.161831e-06     5.135967e-06
2.019000e+02     2.576591e-05     2.829449e-06     1.715275e-06
2.022000e+02     1.076964e-05     1.533626e-06     -1.790849e-06
2.025000e+02     -1.347141e-06     -1.973166e-05     -2.123862e-06
2.028000e+02     1.433994e-05     -2.558871e-05     -6.335139e-07
2.031000e+02     4.152287e-05     -1.736569e-05     3.430016e-06
2.034000e+02     5.405574e-05     -3.475785e-06     6.837375e-06
2.037000e+02     5.429331e-05     -4.945343e-06     7.438658e-06
2.040000e+02     3.790213e-05     -8.721432e-06     3.096735e-06
2.043000e+02     2.910152e-05     -1.496296e-05     -6.594714e-08
2.046000e+02     1.600732e-05     -1.466366e-05     -1.003969e-06
2.049000e+02     3.817705e-06     -6.771278e-06     -2.748599e-06
2.052000e+02     7.259091e-06     -8.490488e-06     -5.317766e-06
2.055000e+02     2.336279e-05     -1.169453e-05     -9.214868e-06
2.058000e+02     2.304586e-05     -1.407361e-05     -1.237514e-05
2.061000e+02     7.029878e-06     -1.719234e-05     -1.153955e-05
2.064000e+02     1.119175e-05     -1.330408e-05     -8.192639e-06
2.067000e+02     2.838520e-05     -1.745686e-05     -3.315621e-06
2.070000e+02     3.801095e-05     -2.648104e-05     2.812899e-06
2.073000e+02     2.804929e-05     -2.013870e-05     8.715868e-06
2.076000e+02     1.917342e-05     -9.336812e-06     1.328291e-05
2.079000e+02     3.516871e-05     -7.412753e-06     1.335823e-05
2.082000e+02     4.365456e-05     -1.082618e-05     1.381449e-05
2.085000e+02     3.137297e-05     -5.267070e-06     1.256581e-05
2.088000e+02     2.157981e-05     -3.266911e-06     1.024797e-05
2.091000e+02     1.672362e-05     -1.049413e-05     4.955332e-06
2.094000e+02     2.355275e-05     -1.589292e-05     -4.471584e-06
2.097000e+02     2.262613e-05     -1.144276e-05     -1.146061e-05
2.100000e+02     1.440773e-05     -7.777092e-07     -1.545749e-05
2.103000e+02     1.092644e-05     -1.099977e-05     -1.661034e-05
2.106000e+02     1.157508e-05     -2.227912e-05     -1.585794e-05
2.109000e+02     1.212378e-05     -1.239059e-05     -1.512281e-05
2.112000e+02     8.127571e-06     7.233246e-06     -1.204390e-05
2.115000e+02     7.766229e-06     2.156052e-05     -7.689875e-06
2.118000e+02     2.257715e-05     1.072535e-05     -3.671000e-06
2.121000e+02     3.120656e-05     -3.574007e-06     2.034355e-06
2.124000e+02     2.542966e-05     -5.262581e-06     8.396738e-06
2.127000e+02     2.202758e-05     -1.138340e-05     1.374300e-05
2.130000e+02     2.044883e-05     -2.719328e-05     1.946532e-05
2.133000e+02     2.205458e-05     -3.704761e-05     2.351846e-05
2.136000e+02     2.386459e-05     -3.540949e-05     2.063731e-05
2.139000e+02     1.707286e-05     -3.345882e-05     1.271176e-05
2.142000e+02     5.404193e-06     -2.550644e-05     5.021855e-06
2.145000e+02     4.884189e-06     -8.603206e-06     -2.956753e-06
2.148000e+02     1.491399e-05     -5.822081e-06     -1.102339e-05
2.151000e+02     3.005049e-05     -1.397585e-05     -1.684785e-05
2.154000e+02     3.914276e-05     -1.822677e-06     -1.899547e-05
2.157000e+02     3.228838e-05     9.912347e-06     -1.569182e-05
2.160000e+02     2.481976e-05     1.490998e-05     -1.106602e-05
2.163000e+02     1.145312e-05     1.978521e-05     -7.356321e-06
2.166000e+02     1.403113e-05     1.707612e-05     -2.748652e-06
2.169000e+02     1.601629e-05     5.993250e-06     4.455220e-06
2.172000e+02     1.034881e-05     -1.522711e-06     1.005165e-05
2.175000e+02     6.463997e-06     -3.416831e-06     1.180547e-05
2.178000e+02     4.275803e-06     -2.117500e-05     1.090008e-05
2.181000e+02     1.927477e-06     -3.665020e-05     7.041259e-06
2.184000e+02     7.998385e-06     -4.198995e-05     3.313476e-06
2.187000e+02     1.432236e-05     -4.324652e-05     1.437194e-06
2.190000e+02     2.110658e-05     -3.278872e-05     1.292389e-06
2.193000e+02     2.861945e-05     -1.383628e-05     1.747089e-06
2.196000e+02     1.863691e-05     1.923989e-06     -7.564242e-07
2.199000e+02     1.623247e-05     9.901794e-06     -5.709707e-06
2.202000e+02     1.772748e-05     8.358102e-06     -8.336611e-06
2.205000e+02     3.963016e-06     2.405259e-06     -7.269357e-06
2.208000e+02     5.055757e-06     1.299763e-06     -3.977327e-06
2.211000e+02     1.664676e-05     -5.148442e-06     7.762358e-07
2.214000e+02     1.902787e-05     -1.028033e-05     2.959754e-06
2.217000e+02     1.387371e-05     7.372754e-07     2.379270e-06
2.220000e+02     1.387628e-05     1.743639e-05     -1.063851e-06
2.223000e+02     1.434054e-05     1.870422e-05     -5.919165e-06
2.226000e+02     1.112990e-05     7.919818e-06     -8.259910e-06
2.229000e+02     1.550752e-05     -4.217212e-06     -7.455765e-06
2.232000e+02     2.106224e-05     -1.971758e-05     -3.519770e-06
2.235000e+02     4.431470e-06     -3.049014e-05     1.118109e-06
2.238000e+02     -7.591029e-06     -2.462231e-05     4.018471e-06
2.241000e+02     -1.941905e-06     -1.477190e-05     5.026971e-06
2.244000e+02     7.526945e-06     -1.092932e-05     3.440021e-06
2.247000e+02     1.082042e-05     1.786925e-07     1.883886e-06
2.250000e+02     1.389115e-05     1.606673e-05     7.959213e-07
2.253000e+02     1.129411e-05     1.654124e-05     -6.560001e-08
2.256000e+02     1.358818e-05     5.511900e-06     6.992303e-07
2.259000e+02     1.674389e-05     -1.110912e-05     1.064139e-06
2.262000e+02     1.310696e-05     -2.508095e-05     -4.600221e-07
2.265000e+02     1.969188e-05     -2.855151e-05     -1.460299e-06
2.268000e+02     2.145875e-05     -2.670346e-05     5.640552e-08
2.271000e+02     1.098552e-05     -1.688546e-05     7.700187e-07
2.274000e+02     5.766250e-06     -2.125741e-06     -2.435811e-06
2.277000e+02     3.056564e-06     8.978852e-06     -5.838942e-06
2.280000e+02     1.769644e-07     1.716935e-05     -8.555654e-06
2.283000e+02     5.909348e-06     2.089938e-05     -7.852030e-06
2.286000e+02     9.679043e-06     2.103443e-05     -4.938887e-06
2.289000e+02     1.038696e-05     1.100889e-05     -2.176021e-06
2.292000e+02     1.007465e-05     8.560299e-07     -1.503922e-06
2.295000e+02     7.660942e-06     -2.297005e-06     6.561427e-07
2.298000e+02     3.247796e-06     -1.004982e-05     5.300164e-06
2.301000e+02     3.815948e-06     -2.467846e-05     7.959517e-06
2.304000e+02     9.125050e-06     -2.780579e-05     8.557210e-06
2.307000e+02     8.257571e-06     -1.801424e-05     7.721250e-06
2.310000e+02     1.255421e-05     -4.341746e-06     4.833798e-06
2.313000e+02     1.587368e-05     6.800312e-06     9.202998e-07
2.316000e+02     6.593670e-06     1.467332e-05     6.141753e-07
2.319000e+02     1.343539e-07     6.241890e-06     1.509772e-06
2.322000e+02     1.400580e-06     -1.422301e-05     -1.738299e-06
2.325000e+02     4.306958e-06     -1.727238e-05     -5.319477e-06
2.328000e+02     -7.020423e-07     7.533127e-07     -6.481052e-06
2.331000e+02     -2.786979e-06     1.809608e-05     -6.658987e-06
2.334000e+02     5.932860e-06     1.600595e-05     -7.302768e-06
2.337000e+02     8.191417e-06     1.232604e-05     -1.023152e-05
2.340000e+02     4.038902e-06     5.476329e-06     -1.026831e-05
2.343000e+02     1.126569e-07     -4.099859e-06     -4.942764e-06
2.346000e+02     8.252088e-06     -1.236636e-05     5.258625e-06
2.349000e+02     1.810567e-05     -1.619995e-05     1.331095e-05
2.352000e+02     2.562991e-05     -2.129646e-05     1.595580e-05
2.355000e+02     2.293364e-05     -2.236517e-05     1.496396e-05
2.358000e+02     1.088857e-05     -1.586365e-05     9.909532e-06
2.361000e+02     6.754815e-06     -3.610676e-06     2.847843e-06
2.364000e+02     1.269480e-05     4.028975e-06     -2.309578e-06
2.367000e+02     1.241622e-05     1.306597e-05     -7.443299e-06
2.370000e+02     -6.216218e-06     2.322875e-05     -1.240774e-05
2.373000e+02     -2.276708e-05     2.479025e-05     -1.487781e-05
2.376000e+02     -2.653672e-05     1.561134e-05     -1.366444e-05
2.379000e+02     -1.920968e-05     1.268591e-06     -1.040344e-05
2.382000e+02     -9.182990e-06     -1.081214e-05     -4.860254e-06
2.385000e+02     3.649992e-06     -1.236469e-05     1.905699e-06
2.388000e+02     9.080797e-06     -6.181528e-06     5.925231e-06
2.391000e+02     1.098333e-05     -2.376597e-06     6.435681e-06
2.394000e+02     1.255505e-05     -3.505750e-06     3.958339e-06
2.397000e+02     1.717314e-05     -5.632454e-06     2.917429e-06
2.400000e+02     1.578258e-05     -4.624885e-06     2.329845e-06
2.403000e+02     1.253831e-05     4.702272e-06     1.267855e-06
2.406000e+02     7.875821e-06     1.578925e-05     9.777808e-07
2.409000e+02     7.649852e-06     2.291778e-05     2.533003e-06
2.412000e+02     1.631226e-05     1.665226e-05     4.694956e-06
2.415000e+02     1.505019e-05     -1.529976e-07     5.052023e-06
2.418000e+02     8.774290e-06     -1.344395e-05     3.632677e-07
2.421000e+02     2.904025e-06     -1.969523e-05     -3.466588e-06
2.424000e+02     -4.516901e-06     -2.189015e-05     -4.655077e-06
2.427000e+02     -6.757369e-06     -1.564964e-05     -4.055176e-06
2.430000e+02     -6.478294e-06     -1.262127e-05     -5.087067e-06
2.433000e+02     -9.091130e-06     -1.303426e-05     -5.904568e-06
2.436000e+02     -5.613839e-06     -4.032209e-06     -7.170344e-06
2.439000e+02     -5.210426e-06     1.054327e-05     -6.490338e-06
2.442000e+02     -5.658561e-06     1.975549e-05     -4.077715e-06
2.445000e+02     2.926588e-06     1.817743e-05     1.251242e-06
2.448000e+02     1.468350e-05     1.216133e-05     4.180473e-06
2.451000e+02     1.303301e-05     8.721753e-06     5.570657e-06
2.454000e+02     3.593757e-06     1.155205e-05     6.202683e-06
2.457000e+02     9.859815e-07     1.003502e-05     6.168359e-06
2.460000e+02     1.983230e-06     1.747432e-06     3.737877e-06
2.463000e+02     1.850648e-06     1.922103e-06     1.492269e-06
2.466000e+02     1.155314e-05     -1.911569e-06     -1.395160e-06
2.469000e+02     1.115223e-05     -2.250961e-06     -5.066413e-06
2.472000e+02     -2.065140e-06     5.244074e-07     -7.413665e-06
2.475000e+02     -1.091280e-05     -1.843556e-06     -7.268611e-06
2.478000e+02     -1.750182e-05     -6.958971e-06     -4.477087e-06
2.481000e+02     -1.957068e-05     -8.047218e-06     -2.341995e-06
2.484000e+02     -1.566800e-05     -9.020491e-06     -9.817489e-07
2.487000e+02     1.928659e-06     -1.293499e-05     -1.047611e-06
2.490000e+02     1.422888e-05     -9.548587e-06     9.894133e-07
2.493000e+02     1.397215e-05     4.351198e-06     1.873891e-06
2.496000e+02     1.242295e-05     1.398062e-05     4.775469e-06
2.499000e+02     3.013062e-06     1.367895e-05     7.289000e-06
2.502000e+02     -5.863610e-06     1.172639e-05     7.399402e-06
2.505000e+02     -9.100514e-06     1.198777e-05     3.629539e-06
2.508000e+02     -8.019580e-06     1.293758e-05     -2.382031e-07
2.511000e+02     -8.896218e-06     5.291443e-06     -3.537522e-06
2.514000e+02     -5.241717e-06     2.363974e-06     -5.408608e-06
2.517000e+02     1.176042e-05     -2.520811e-06     -6.657929e-06
2.520000e+02     1.424111e-05     -1.098770e-05     -8.105105e-06
2.523000e+02     6.194653e-06     -1.025545e-05     -7.970875e-06
2.526000e+02     9.912649e-08     -4.810572e-06     -7.219967e-06
2.529000e+02     -4.024342e-06     -8.122425e-06     -3.552404e-06
2.532000e+02     -4.053156e-07     -6.218099e-06     -9.521644e-07
2.535000e+02     -3.522818e-06     6.530524e-07     4.268707e-06
2.538000e+02     2.847328e-07     4.676997e-06     7.725760e-06
2.541000e+02     2.849841e-06     2.481296e-06     1.109107e-05
2.544000e+02     -3.144526e-06     8.601033e-06     9.678794e-06
2.547000e+02     -6.015518e-06     1.275520e-05     3.397201e-06
2.550000e+02     -9.184122e-06     8.792576e-06     -1.437716e-06
2.553000e+02     -2.166460e-06     5.850957e-06     -3.298868e-06
2.556000e+02     -7.303677e-07     3.570063e-06     -2.384539e-06
2.559000e+02     -7.754667e-06     1.288462e-06     -4.351047e-06
2.562000e+02     -1.328232e-05     2.472176e-06     -5.220195e-06
2.565000e+02     -7.281310e-06     -2.414277e-06     -5.313337e-06
2.568000e+02     4.261690e-06     -9.664260e-06     -4.252674e-06
2.571000e+02     1.289462e-05     -1.523149e-05     -3.088542e-06
2.574000e+02     1.319095e-05     -9.922146e-06     -4.879263e-06
2.577000e+02     6.367373e-06     -6.266193e-06     -4.604369e-06
2.580000e+02     3.998204e-06     -3.880171e-06     -4.238010e-06
2.583000e+02     -6.850867e-06     7.101883e-07     -1.461967e-06
2.586000e+02     -7.348229e-06     5.019219e-06     3.611818e-06
2.589000e+02     5.956424e-06     6.957372e-06     7.711034e-06
2.592000e+02     8.986888e-06     3.603276e-06     8.399275e-06
2.595000e+02     -7.899447e-07     7.186283e-06     6.044903e-06
2.598000e+02     -9.605948e-06     1.446274e-05     1.842948e-06
2.601000e+02     -1.476191e-05     1.513284e-05     -1.720062e-06
2.604000e+02     -1.311487e-05     6.138852e-06     -2.796342e-06
2.607000e+02     -1.194882e-05     -4.998989e-06     -3.235799e-06
2.610000e+02     -7.041602e-06     -1.987937e-05     -1.910861e-06
2.613000e+02     3.844375e-06     -2.743395e-05     -2.107029e-06
2.616000e+02     7.993563e-06     -1.927881e-05     -1.326656e-06
2.619000e+02     2.681976e-06     -2.038499e-06     -1.418298e-07
2.622000e+02     -2.344459e-06     1.135230e-05     1.238589e-06
2.625000e+02     -1.331118e-06     1.668708e-05     1.184672e-06
2.628000e+02     1.055970e-06     1.640252e-05     3.690265e-07
2.631000e+02     9.534396e-07     1.299272e-05     -1.197473e-06
2.634000e+02     -9.748452e-06     1.310122e-05     -2.938105e-06
2.637000e+02     -1.327290e-05     1.673489e-05     -4.666141e-06
2.640000e+02     -1.465014e-05     1.637668e-05     -4.926224e-06
2.643000e+02     -9.484818e-06     1.249768e-05     -3.498102e-06
2.646000e+02     -1.896202e-06     8.547307e-06     -1.360393e-06
2.649000e+02     3.028937e-06     -2.104522e-06     3.684379e-07
2.652000e+02     2.638100e-06     -1.213061e-05     1.035445e-06
2.655000e+02     -6.538235e-06     -1.619162e-05     1.052729e-06
2.658000e+02     -1.354005e-05     -1.403763e-05     6.350355e-07
2.661000e+02     -1.973790e-05     -5.448857e-06     1.000332e-06
2.664000e+02     -1.032280e-05     -1.511702e-06     1.731634e-06
2.667000e+02     -3.382344e-06     2.403976e-06     1.544479e-06
2.670000e+02     -4.831725e-06     1.118919e-05     -6.752662e-07
2.673000e+02     -7.247946e-06     2.302729e-05     -1.523848e-06
2.676000e+02     -1.322141e-05     2.978860e-05     -9.581185e-07
2.679000e+02     -1.059068e-05     2.801306e-05     1.200060e-06
2.682000e+02     -3.787963e-07     2.218104e-05     1.405189e-06
2.685000e+02     1.085582e-06     1.500676e-05     -3.014509e-07
2.688000e+02     -8.308535e-07     1.116361e-05     -2.574511e-06
2.691000e+02     -5.124987e-06     4.618118e-06     -2.790884e-06
2.694000e+02     -1.591978e-05     -6.420860e-06     -6.653793e-07
2.697000e+02     -1.574507e-05     -1.462309e-05     1.441823e-06
2.700000e+02     -1.665572e-05     -1.697402e-05     2.570662e-06
2.703000e+02     -1.692987e-05     -1.547275e-05     2.580811e-06
2.706000e+02     -1.468907e-05     -7.072293e-06     1.903016e-06
2.709000e+02     -1.707475e-05     2.134514e-06     6.216558e-07
2.712000e+02     -1.572874e-05     1.167118e-05     -1.324778e-06
2.715000e+02     -8.622380e-06     1.418363e-05     -1.350811e-06
2.718000e+02     1.474086e-06     1.245623e-05     -5.577776e-07
2.721000e+02     4.606985e-06     1.602080e-05     -2.409695e-06
2.724000e+02     -3.581894e-06     2.150934e-05     -5.042982e-06
2.727000e+02     -1.227358e-05     1.864456e-05     -7.079901e-06
2.730000e+02     -1.294362e-05     1.391781e-05     -6.266335e-06
2.733000e+02     -1.780713e-05     8.376285e-06     -4.799023e-06
2.736000e+02     -2.623599e-05     2.919652e-06     -2.915859e-06
2.739000e+02     -2.718313e-05     -2.455240e-06     8.428413e-07
2.742000e+02     -2.522227e-05     -9.494495e-06     3.427357e-06
2.745000e+02     -1.582675e-05     -8.119907e-06     5.664181e-06
2.748000e+02     -8.616828e-07     -4.575384e-06     8.117812e-06
2.751000e+02     4.405527e-06     1.045659e-06     8.467226e-06
2.754000e+02     4.749888e-06     9.837061e-06     6.840077e-06
2.757000e+02     5.711957e-06     1.794635e-05     3.809649e-06
2.760000e+02     3.529600e-06     2.335704e-05     7.429218e-07
2.763000e+02     -6.051828e-06     3.003396e-05     -3.191036e-06
2.766000e+02     -1.557513e-05     2.631660e-05     -6.698670e-06
2.769000e+02     -2.336393e-05     9.221030e-06     -8.204725e-06
2.772000e+02     -3.101630e-05     -8.410438e-06     -8.081203e-06
2.775000e+02     -3.112747e-05     -1.887463e-05     -7.495252e-06
2.778000e+02     -2.349854e-05     -2.249129e-05     -6.819515e-06
2.781000e+02     -7.547431e-06     -2.136011e-05     -4.439976e-06
2.784000e+02     -4.219843e-07     -1.063216e-05     -7.478926e-07
2.787000e+02     1.582708e-06     6.183478e-07     2.228460e-06
2.790000e+02     3.559026e-06     4.066606e-06     3.050501e-06
2.793000e+02     -4.481619e-07     4.002778e-06     3.890925e-06
2.796000e+02     -3.554038e-06     1.214622e-05     4.447732e-06
2.799000e+02     -8.553507e-06     2.182439e-05     4.953733e-06
2.802000e+02     -4.813993e-06     2.572325e-05     4.664446e-06
2.805000e+02     -6.387536e-06     1.935905e-05     3.237801e-06
2.808000e+02     -1.639979e-05     1.464709e-05     1.021630e-06
2.811000e+02     -1.549795e-05     9.423428e-06     -1.899179e-06
2.814000e+02     -1.457141e-05     3.274133e-06     -4.855352e-06
2.817000e+02     -9.130663e-06     -3.622994e-06     -6.882899e-06
2.820000e+02     -3.102385e-06     -6.135228e-06     -8.117880e-06
2.823000e+02     -8.613116e-06     -6.717243e-06     -8.528797e-06
2.826000e+02     -1.432196e-05     -5.350912e-06     -8.590618e-06
2.829000e+02     -1.819347e-05     -3.148774e-06     -5.458281e-06
2.832000e+02     -2.172559e-05     -1.654266e-07     -8.557900e-08
2.835000e+02     -1.444839e-05     3.897191e-06     4.776587e-06
2.838000e+02     -6.998166e-06     2.620705e-07     8.349653e-06
2.841000e+02     -6.064172e-06     1.343532e-06     9.315934e-06
2.844000e+02     -6.253358e-06     6.772494e-06     8.405253e-06
2.847000e+02     -5.495565e-06     9.937138e-06     6.192388e-06
2.850000e+02     -4.661106e-06     8.710686e-06     3.058973e-06
2.853000e+02     -5.473458e-06     1.063777e-05     4.813298e-07
2.856000e+02     -7.914555e-06     1.421832e-05     -1.695534e-06
2.859000e+02     -5.293151e-06     1.158385e-05     -4.950153e-06
2.862000e+02     -6.518283e-06     1.010336e-05     -7.128648e-06
2.865000e+02     -1.562954e-05     1.054296e-05     -7.519465e-06
2.868000e+02     -2.037529e-05     1.093147e-05     -5.187350e-06
2.871000e+02     -1.952959e-05     1.160122e-05     -3.761601e-06
2.874000e+02     -1.254772e-05     5.971213e-06     -1.175539e-06
2.877000e+02     -2.981109e-06     -6.082471e-07     1.328835e-06
2.880000e+02     -4.074378e-06     -2.552915e-07     2.967759e-06
2.883000e+02     -4.750350e-06     2.075855e-06     3.772958e-06
2.886000e+02     -4.397280e-06     6.137042e-06     3.453684e-06
2.889000e+02     -8.162777e-06     1.059009e-05     2.694925e-06
2.892000e+02     -1.159247e-05     1.509669e-05     1.298838e-06
2.895000e+02     -9.140149e-06     1.194162e-05     8.138852e-07
2.898000e+02     -6.210133e-06     5.489810e-06     2.238281e-07
2.901000e+02     -9.919504e-06     4.321596e-06     -2.230885e-06
2.904000e+02     -2.085414e-05     6.404676e-06     -4.443071e-06
2.907000e+02     -2.724237e-05     5.783762e-06     -6.008979e-06
2.910000e+02     -2.549672e-05     7.006304e-07     -6.163734e-06
2.913000e+02     -1.931564e-05     -1.214256e-06     -4.940429e-06
2.916000e+02     -1.211195e-05     -3.571058e-06     -2.627938e-06
2.919000e+02     -9.144468e-06     -3.309053e-06     -5.845188e-07
2.922000e+02     -1.399180e-05     2.717370e-07     1.856381e-06
2.925000e+02     -1.435041e-05     2.493440e-06     2.986583e-06
2.928000e+02     -1.126489e-05     3.799551e-06     3.530034e-06
2.931000e+02     -1.143138e-05     1.000788e-05     3.368235e-06
2.934000e+02     -1.007377e-05     1.689949e-05     3.106235e-06
2.937000e+02     -7.882450e-06     2.160110e-05     3.698059e-06
2.940000e+02     -4.287346e-06     2.324296e-05     3.002932e-06
2.943000e+02     -2.637402e-06     1.938877e-05     -2.682701e-07
2.946000e+02     -9.172714e-06     1.465249e-05     -5.206377e-06
2.949000e+02     -1.831131e-05     7.118980e-06     -8.104212e-06
2.952000e+02     -1.971347e-05     3.154498e-06     -8.167528e-06
2.955000e+02     -2.205067e-05     -6.372011e-06     -5.487795e-06
2.958000e+02     -1.964102e-05     -1.294560e-05     -1.823514e-06
2.961000e+02     -1.555131e-05     -1.448573e-05     2.372361e-06
2.964000e+02     -1.180887e-05     -9.824437e-06     4.546316e-06
2.967000e+02     -1.059010e-05     -1.912146e-06     6.468389e-06
2.970000e+02     -5.636272e-06     6.765621e-06     5.690169e-06
2.973000e+02     -3.976309e-06     8.589753e-06     4.157971e-06
2.976000e+02     -6.393532e-06     9.142213e-06     1.482333e-06
2.979000e+02     -6.960202e-06     1.474670e-05     -2.435869e-06
2.982000e+02     -1.031535e-05     1.652434e-05     -5.370922e-06
2.985000e+02     -9.587523e-06     1.450102e-05     -7.069773e-06
2.988000e+02     -5.558383e-06     1.005263e-05     -6.834498e-06
2.991000e+02     -8.751160e-06     3.000841e-06     -5.568250e-06
2.994000e+02     -1.507451e-05     -9.472553e-07     -3.597475e-06
2.997000e+02     -1.832930e-05     -2.302352e-06     -1.593515e-06
3.000000e+02     -2.012284e-05     -1.571349e-06     -4.671339e-07
3.003000e+02     -1.995043e-05     1.115131e-06     1.486372e-07
3.006000e+02     -1.570443e-05     3.426429e-06     7.442545e-07
3.009000e+02     -1.185178e-05     7.530156e-07     8.497109e-07
3.012000e+02     -8.880789e-06     -5.945403e-06     1.751383e-06
3.015000e+02     -5.429859e-06     -6.947231e-06     1.414703e-06
3.018000e+02     -3.541050e-06     -1.778932e-06     7.580765e-07
3.021000e+02     -5.509494e-06     1.331804e-05     9.802230e-07
3.024000e+02     -5.994424e-07     2.310958e-05     1.040976e-06
3.027000e+02     -1.096882e-06     2.301027e-05     2.267480e-06
3.030000e+02     -4.899509e-06     1.634117e-05     3.736827e-06
3.033000e+02     -6.033706e-06     3.581710e-06     5.652675e-06
3.036000e+02     -6.567336e-06     -8.984062e-06     5.322399e-06
3.039000e+02     -1.051463e-05     -1.480265e-05     3.216255e-06
3.042000e+02     -1.475985e-05     -1.364714e-05     -7.779031e-07
3.045000e+02     -1.639894e-05     -1.137992e-05     -5.412713e-06
3.048000e+02     -1.938296e-05     -5.460489e-06     -8.173904e-06
3.051000e+02     -1.979780e-05     6.521388e-06     -9.483693e-06
3.054000e+02     -1.667757e-05     9.046631e-06     -9.223754e-06
3.057000e+02     -1.130986e-05     6.520842e-06     -7.704024e-06
3.060000e+02     -7.010265e-06     8.273476e-06     -4.079548e-06
3.063000e+02     -6.122121e-06     8.282472e-06     -3.935920e-08
3.066000e+02     -8.864602e-06     6.469629e-06     3.982582e-06
3.069000e+02     -9.653823e-06     1.063518e-05     6.561361e-06
